1.000000e-02 -5.817409e+03 2.814465e+04 3.628411e+04 7.437857e+04 
1.013939e-02 -5.714207e+03 2.770634e+04 3.634440e+04 7.388079e+04 
1.028073e-02 -5.595355e+03 2.722490e+04 3.634750e+04 7.328165e+04 
1.042404e-02 -5.460601e+03 2.670472e+04 3.629518e+04 7.258923e+04 
1.056935e-02 -5.309808e+03 2.615037e+04 3.618940e+04 7.181156e+04 
1.071668e-02 -5.142962e+03 2.556660e+04 3.603213e+04 7.095666e+04 
1.086606e-02 -4.960172e+03 2.495831e+04 3.582555e+04 7.003237e+04 
1.101753e-02 -4.761674e+03 2.433052e+04 3.557198e+04 6.904657e+04 
1.117111e-02 -4.547825e+03 2.368834e+04 3.527388e+04 6.800691e+04 
1.132683e-02 -4.319106e+03 2.303689e+04 3.493397e+04 6.692095e+04 
1.148472e-02 -4.076113e+03 2.238129e+04 3.455509e+04 6.579613e+04 
1.164481e-02 -3.819547e+03 2.172660e+04 3.414030e+04 6.463972e+04 
1.180713e-02 -3.550214e+03 2.107780e+04 3.369290e+04 6.345876e+04 
1.197171e-02 -3.269008e+03 2.043968e+04 3.321636e+04 6.226012e+04 
1.213859e-02 -2.976902e+03 1.981688e+04 3.271429e+04 6.105043e+04 
1.230780e-02 -2.674941e+03 1.921379e+04 3.219054e+04 5.983598e+04 
1.247936e-02 -2.364226e+03 1.863452e+04 3.164907e+04 5.862276e+04 
1.265332e-02 -2.045906e+03 1.808288e+04 3.109388e+04 5.741640e+04 
1.282970e-02 -1.721161e+03 1.756236e+04 3.052914e+04 5.622202e+04 
1.300854e-02 -1.391196e+03 1.707606e+04 2.995897e+04 5.504433e+04 
1.318987e-02 -1.057221e+03 1.662666e+04 2.938748e+04 5.388742e+04 
1.337373e-02 -7.204494e+02 1.621644e+04 2.881867e+04 5.275483e+04 
1.356015e-02 -3.820798e+02 1.584728e+04 2.825643e+04 5.164950e+04 
1.374917e-02 -4.328969e+01 1.552055e+04 2.770444e+04 5.057369e+04 
1.394083e-02 2.947751e+02 1.523721e+04 2.716615e+04 4.952908e+04 
1.413516e-02 6.310085e+02 1.499778e+04 2.664471e+04 4.851670e+04 
1.433219e-02 9.643520e+02 1.480228e+04 2.614292e+04 4.753694e+04 
1.453198e-02 1.293800e+03 1.465033e+04 2.566328e+04 4.658972e+04 
1.473454e-02 1.618408e+03 1.454111e+04 2.520776e+04 4.567432e+04 
1.493993e-02 1.937292e+03 1.447339e+04 2.477804e+04 4.478972e+04 
1.514819e-02 2.249637e+03 1.444554e+04 2.437530e+04 4.393446e+04 
1.535935e-02 2.554702e+03 1.445558e+04 2.400033e+04 4.310690e+04 
1.557345e-02 2.851814e+03 1.450119e+04 2.365343e+04 4.230519e+04 
1.579053e-02 3.140376e+03 1.457974e+04 2.333458e+04 4.152743e+04 
1.601064e-02 3.419868e+03 1.468835e+04 2.304331e+04 4.077175e+04 
1.623382e-02 3.689841e+03 1.482389e+04 2.277881e+04 4.003634e+04 
1.646012e-02 3.949921e+03 1.498305e+04 2.253994e+04 3.931961e+04 
1.668956e-02 4.199805e+03 1.516235e+04 2.232529e+04 3.862018e+04 
1.692220e-02 4.439261e+03 1.535822e+04 2.213317e+04 3.793698e+04 
1.715809e-02 4.668120e+03 1.556702e+04 2.196177e+04 3.726921e+04 
1.739726e-02 4.886280e+03 1.578509e+04 2.180907e+04 3.661641e+04 
1.763977e-02 5.093694e+03 1.600878e+04 2.167298e+04 3.597840e+04 
1.788566e-02 5.290368e+03 1.623451e+04 2.155133e+04 3.535531e+04 
1.813498e-02 5.476355e+03 1.645880e+04 2.144199e+04 3.474748e+04 
1.838777e-02 5.651754e+03 1.667833e+04 2.134280e+04 3.415549e+04 
1.864409e-02 5.816703e+03 1.688995e+04 2.125174e+04 3.358008e+04 
1.890397e-02 5.971370e+03 1.709074e+04 2.116689e+04 3.302206e+04 
1.916748e-02 6.115954e+03 1.727805e+04 2.108643e+04 3.248227e+04 
1.943467e-02 6.250674e+03 1.744949e+04 2.100874e+04 3.196152e+04 
1.970558e-02 6.375759e+03 1.760295e+04 2.093237e+04 3.146054e+04 
1.998026e-02 6.491453e+03 1.773667e+04 2.085603e+04 3.097990e+04 
2.025878e-02 6.598004e+03 1.784922e+04 2.077867e+04 3.052000e+04 
2.054117e-02 6.695663e+03 1.793946e+04 2.069939e+04 3.008104e+04 
2.082751e-02 6.784679e+03 1.800666e+04 2.061753e+04 2.966300e+04 
2.111783e-02 6.865294e+03 1.805037e+04 2.053256e+04 2.926562e+04 
2.141220e-02 6.937741e+03 1.807044e+04 2.044414e+04 2.888846e+04 
2.171068e-02 7.002239e+03 1.806706e+04 2.035207e+04 2.853081e+04 
2.201331e-02 7.058993e+03 1.804066e+04 2.025625e+04 2.819183e+04 
2.232016e-02 7.108195e+03 1.799194e+04 2.015669e+04 2.787051e+04 
2.263130e-02 7.150026e+03 1.792181e+04 2.005347e+04 2.756573e+04 
2.294676e-02 7.184651e+03 1.783138e+04 1.994676e+04 2.727633e+04 
2.326663e-02 7.212226e+03 1.772192e+04 1.983673e+04 2.700113e+04 
2.359095e-02 7.232896e+03 1.759482e+04 1.972354e+04 2.673893e+04 
2.391980e-02 7.246782e+03 1.745148e+04 1.960733e+04 2.648854e+04 
2.425323e-02 7.254004e+03 1.729341e+04 1.948822e+04 2.624886e+04 
2.459130e-02 7.254672e+03 1.712213e+04 1.936629e+04 2.601887e+04 
2.493409e-02 7.248902e+03 1.693915e+04 1.924153e+04 2.579764e+04 
2.528166e-02 7.236812e+03 1.674594e+04 1.911396e+04 2.558439e+04 
2.563407e-02 7.218526e+03 1.654393e+04 1.898348e+04 2.537845e+04 
2.599140e-02 7.194175e+03 1.633449e+04 1.884998e+04 2.517923e+04 
2.635371e-02 7.163893e+03 1.611885e+04 1.871328e+04 2.498620e+04 
2.672106e-02 7.127821e+03 1.589816e+04 1.857311e+04 2.479892e+04 
2.709354e-02 7.086119e+03 1.567345e+04 1.842926e+04 2.461696e+04 
2.747121e-02 7.038967e+03 1.544571e+04 1.828146e+04 2.443998e+04 
2.785414e-02 6.986561e+03 1.521577e+04 1.812947e+04 2.426762e+04 
2.824241e-02 6.929124e+03 1.498438e+04 1.797307e+04 2.409956e+04 
2.863610e-02 6.866896e+03 1.475223e+04 1.781206e+04 2.393540e+04 
2.903527e-02 6.800116e+03 1.451983e+04 1.764626e+04 2.377468e+04 
2.944000e-02 6.729034e+03 1.428767e+04 1.747550e+04 2.361682e+04 
2.985038e-02 6.653924e+03 1.405612e+04 1.729967e+04 2.346124e+04 
3.026648e-02 6.575074e+03 1.382552e+04 1.711874e+04 2.330725e+04 
3.068838e-02 6.492789e+03 1.359619e+04 1.693272e+04 2.315410e+04 
3.111616e-02 6.407391e+03 1.336838e+04 1.674175e+04 2.300104e+04 
3.154990e-02 6.319215e+03 1.314233e+04 1.654598e+04 2.284724e+04 
3.198969e-02 6.228578e+03 1.291825e+04 1.634556e+04 2.269173e+04 
3.243561e-02 6.135790e+03 1.269622e+04 1.614065e+04 2.253349e+04 
3.288774e-02 6.041167e+03 1.247639e+04 1.593146e+04 2.237147e+04 
3.334618e-02 5.945030e+03 1.225888e+04 1.571825e+04 2.220464e+04 
3.381101e-02 5.847700e+03 1.204382e+04 1.550126e+04 2.203201e+04 
3.428231e-02 5.749505e+03 1.183134e+04 1.528084e+04 2.185267e+04 
3.476019e-02 5.650769e+03 1.162157e+04 1.505727e+04 2.166575e+04 
3.524473e-02 5.551790e+03 1.141464e+04 1.483086e+04 2.147043e+04 
3.573602e-02 5.452842e+03 1.121060e+04 1.460182e+04 2.126590e+04 
3.623416e-02 5.354193e+03 1.100954e+04 1.437041e+04 2.105151e+04 
3.673925e-02 5.256107e+03 1.081153e+04 1.413686e+04 2.082674e+04 
3.725137e-02 5.158843e+03 1.061669e+04 1.390146e+04 2.059128e+04 
3.777064e-02 5.062655e+03 1.042514e+04 1.366451e+04 2.034496e+04 
3.829714e-02 4.967793e+03 1.023701e+04 1.342635e+04 2.008788e+04 
3.883098e-02 4.874457e+03 1.005236e+04 1.318723e+04 1.982014e+04 
3.937226e-02 4.782793e+03 9.871160e+03 1.294728e+04 1.954183e+04 
3.992109e-02 4.692928e+03 9.693390e+03 1.270673e+04 1.925325e+04 
4.047757e-02 4.604984e+03 9.519028e+03 1.246576e+04 1.895486e+04 
4.104181e-02 4.519071e+03 9.348062e+03 1.222466e+04 1.864730e+04 
4.161391e-02 4.435292e+03 9.180493e+03 1.198374e+04 1.833141e+04 
4.219398e-02 4.353741e+03 9.016335e+03 1.174338e+04 1.800816e+04 
4.278214e-02 4.274522e+03 8.855640e+03 1.150404e+04 1.767876e+04 
4.337850e-02 4.197756e+03 8.698536e+03 1.126631e+04 1.734462e+04 
4.398317e-02 4.123569e+03 8.545175e+03 1.103087e+04 1.700734e+04 
4.459628e-02 4.052080e+03 8.395728e+03 1.079841e+04 1.666859e+04 
4.521792e-02 3.983412e+03 8.250390e+03 1.056969e+04 1.633009e+04 
4.584824e-02 3.917684e+03 8.109370e+03 1.034551e+04 1.599364e+04 
4.648734e-02 3.855016e+03 7.972900e+03 1.012668e+04 1.566104e+04 
4.713535e-02 3.795447e+03 7.841054e+03 9.913820e+03 1.533378e+04 
4.779239e-02 3.738897e+03 7.713689e+03 9.707269e+03 1.501285e+04 
4.845859e-02 3.685269e+03 7.590628e+03 9.507311e+03 1.469913e+04 
4.913407e-02 3.634448e+03 7.471679e+03 9.314196e+03 1.439341e+04 
4.981898e-02 3.586307e+03 7.356628e+03 9.128129e+03 1.409634e+04 
5.051342e-02 3.540701e+03 7.245241e+03 8.949254e+03 1.380848e+04 
5.121755e-02 3.497496e+03 7.137313e+03 8.777723e+03 1.353032e+04 
5.193150e-02 3.456623e+03 7.032776e+03 8.613816e+03 1.326253e+04 
5.265540e-02 3.418017e+03 6.931578e+03 8.457786e+03 1.300569e+04 
5.338938e-02 3.381605e+03 6.833658e+03 8.309822e+03 1.276026e+04 
5.413360e-02 3.347311e+03 6.738941e+03 8.170049e+03 1.252658e+04 
5.488820e-02 3.315047e+03 6.647339e+03 8.038522e+03 1.230483e+04 
5.565331e-02 3.284683e+03 6.558687e+03 7.915151e+03 1.209496e+04 
5.642908e-02 3.256030e+03 6.472703e+03 7.799652e+03 1.189665e+04 
5.721568e-02 3.228876e+03 6.389069e+03 7.691648e+03 1.170936e+04 
5.801323e-02 3.202994e+03 6.307439e+03 7.590683e+03 1.153250e+04 
5.882190e-02 3.178136e+03 6.227443e+03 7.496216e+03 1.136529e+04 
5.964185e-02 3.154052e+03 6.148712e+03 7.407665e+03 1.120693e+04 
6.047322e-02 3.130550e+03 6.070993e+03 7.324538e+03 1.105674e+04 
6.131619e-02 3.107442e+03 5.994058e+03 7.246324e+03 1.091405e+04 
6.217090e-02 3.084528e+03 5.917653e+03 7.172450e+03 1.077809e+04 
6.303753e-02 3.061598e+03 5.841512e+03 7.102282e+03 1.064801e+04 
6.391624e-02 3.038431e+03 5.765359e+03 7.035139e+03 1.052289e+04 
6.480720e-02 3.014813e+03 5.688935e+03 6.970333e+03 1.040183e+04 
6.571058e-02 2.990527e+03 5.611974e+03 6.907142e+03 1.028389e+04 
6.662655e-02 2.965336e+03 5.534190e+03 6.844787e+03 1.016804e+04 
6.755528e-02 2.938995e+03 5.455271e+03 6.782447e+03 1.005320e+04 
6.849697e-02 2.911282e+03 5.374950e+03 6.719339e+03 9.938356e+03 
6.945178e-02 2.882021e+03 5.293054e+03 6.654791e+03 9.822652e+03 
7.041990e-02 2.851042e+03 5.209397e+03 6.588112e+03 9.705204e+03 
7.140151e-02 2.818155e+03 5.123772e+03 6.518589e+03 9.585087e+03 
7.239681e-02 2.783188e+03 5.035975e+03 6.445527e+03 9.461395e+03 
7.340598e-02 2.746038e+03 4.945934e+03 6.368414e+03 9.333470e+03 
7.442922e-02 2.706632e+03 4.853604e+03 6.286800e+03 9.200732e+03 
7.546673e-02 2.664891e+03 4.758923e+03 6.200241e+03 9.062588e+03 
7.651869e-02 2.620750e+03 4.661828e+03 6.108340e+03 8.918488e+03 
7.758532e-02 2.574241e+03 4.562425e+03 6.010951e+03 8.768223e+03 
7.866682e-02 2.525454e+03 4.460885e+03 5.908068e+03 8.611767e+03 
7.976339e-02 2.474482e+03 4.357377e+03 5.799737e+03 8.449140e+03 
8.087525e-02 2.421443e+03 4.252088e+03 5.686080e+03 8.280446e+03 
8.200261e-02 2.366521e+03 4.145309e+03 5.567410e+03 8.106047e+03 
8.314568e-02 2.309940e+03 4.037372e+03 5.444153e+03 7.926449e+03 
8.430468e-02 2.251938e+03 3.928626e+03 5.316810e+03 7.742246e+03 
8.547985e-02 2.192784e+03 3.819454e+03 5.185975e+03 7.554155e+03 
8.667139e-02 2.132784e+03 3.710297e+03 5.052362e+03 7.363058e+03 
8.787954e-02 2.072274e+03 3.601630e+03 4.916771e+03 7.169958e+03 
8.910453e-02 2.011608e+03 3.493955e+03 4.780075e+03 6.975959e+03 
9.034660e-02 1.951132e+03 3.387752e+03 4.643130e+03 6.782149e+03 
9.160598e-02 1.891186e+03 3.283493e+03 4.506809e+03 6.589643e+03 
9.288292e-02 1.832141e+03 3.181697e+03 4.372048e+03 6.399658e+03 
9.417766e-02 1.774384e+03 3.082918e+03 4.239836e+03 6.213507e+03 
9.549045e-02 1.718261e+03 2.987634e+03 4.111059e+03 6.032362e+03 
9.682153e-02 1.664071e+03 2.896257e+03 3.986495e+03 5.857255e+03 
9.817117e-02 1.612129e+03 2.809229e+03 3.866953e+03 5.689284e+03 
9.953962e-02 1.562764e+03 2.727021e+03 3.753264e+03 5.529594e+03 
1.009272e-01 1.516206e+03 2.649949e+03 3.646024e+03 5.379000e+03 
1.023340e-01 1.472608e+03 2.578207e+03 3.545642e+03 5.238066e+03 
1.037605e-01 1.432129e+03 2.512000e+03 3.452528e+03 5.107368e+03 
1.052069e-01 1.394910e+03 2.451521e+03 3.367040e+03 4.987418e+03 
1.066734e-01 1.360963e+03 2.396744e+03 3.289236e+03 4.878301e+03 
1.081604e-01 1.330251e+03 2.347570e+03 3.219047e+03 4.779923e+03 
1.096681e-01 1.302725e+03 2.303884e+03 3.156372e+03 4.692153e+03 
1.111968e-01 1.278278e+03 2.265476e+03 3.100967e+03 4.614655e+03 
1.127468e-01 1.256713e+03 2.231991e+03 3.052385e+03 4.546798e+03 
1.143184e-01 1.237809e+03 2.203032e+03 3.010110e+03 4.487856e+03 
1.159120e-01 1.221312e+03 2.178144e+03 2.973548e+03 4.436991e+03 
1.175277e-01 1.206906e+03 2.156771e+03 2.941961e+03 4.393150e+03 
1.191660e-01 1.194235e+03 2.138288e+03 2.914513e+03 4.355144e+03 
1.208271e-01 1.182915e+03 2.122016e+03 2.890299e+03 4.321674e+03 
1.225114e-01 1.172529e+03 2.107226e+03 2.868341e+03 4.291338e+03 
1.242191e-01 1.162636e+03 2.093138e+03 2.847590e+03 4.262624e+03 
1.259506e-01 1.152759e+03 2.078912e+03 2.826924e+03 4.233908e+03 
1.277063e-01 1.142461e+03 2.063776e+03 2.805300e+03 4.203684e+03 
1.294865e-01 1.131317e+03 2.046978e+03 2.781703e+03 4.170474e+03 
1.312915e-01 1.118885e+03 2.027736e+03 2.755078e+03 4.132746e+03 
1.331216e-01 1.104847e+03 2.005484e+03 2.724653e+03 4.089372e+03 
1.349772e-01 1.088945e+03 1.979760e+03 2.689800e+03 4.039439e+03 
1.368587e-01 1.070943e+03 1.950142e+03 2.649933e+03 3.982091e+03 
1.387665e-01 1.050771e+03 1.916503e+03 2.604867e+03 3.917062e+03 
1.407008e-01 1.028427e+03 1.878835e+03 2.554570e+03 3.844312e+03 
1.426621e-01 1.003962e+03 1.837230e+03 2.499146e+03 3.764000e+03 
1.446507e-01 9.775658e+02 1.792022e+03 2.439023e+03 3.676765e+03 
1.466671e-01 9.494695e+02 1.743622e+03 2.374735e+03 3.583401e+03 
1.487115e-01 9.199835e+02 1.692586e+03 2.307006e+03 3.484985e+03 
1.507845e-01 8.895014e+02 1.639615e+03 2.236759e+03 3.382890e+03 
1.528864e-01 8.584600e+02 1.585488e+03 2.165023e+03 3.278638e+03 
1.550175e-01 8.273677e+02 1.531109e+03 2.092991e+03 3.174003e+03 
1.571784e-01 7.967791e+02 1.477462e+03 2.021965e+03 3.070909e+03 
1.593694e-01 7.672183e+02 1.425476e+03 1.953176e+03 2.971176e+03 
1.615909e-01 7.391800e+02 1.376027e+03 1.887783e+03 2.876511e+03 
1.638434e-01 7.131123e+02 1.329908e+03 1.826835e+03 2.788458e+03 
1.661273e-01 6.892904e+02 1.287609e+03 1.770979e+03 2.707963e+03 
1.684430e-01 6.679438e+02 1.249537e+03 1.720754e+03 2.635808e+03 
1.707910e-01 6.491208e+02 1.215785e+03 1.676281e+03 2.572164e+03 
1.731717e-01 6.327881e+02 1.186301e+03 1.637493e+03 2.516920e+03 
1.755856e-01 6.188219e+02 1.160877e+03 1.604113e+03 2.469663e+03 
1.780332e-01 6.070233e+02 1.139177e+03 1.575695e+03 2.429724e+03 
1.805149e-01 5.971374e+02 1.120764e+03 1.551666e+03 2.396255e+03 
1.830312e-01 5.888477e+02 1.105101e+03 1.531311e+03 2.368197e+03 
1.855825e-01 5.817842e+02 1.091560e+03 1.513796e+03 2.344313e+03 
1.881694e-01 5.755127e+02 1.079403e+03 1.498147e+03 2.323145e+03 
1.907924e-01 5.695557e+02 1.067826e+03 1.483288e+03 2.303089e+03 
1.934520e-01 5.633919e+02 1.055951e+03 1.468049e+03 2.282383e+03 
1.961486e-01 5.565339e+02 1.042961e+03 1.451335e+03 2.259373e+03 
1.988828e-01 5.485723e+02 1.028171e+03 1.432227e+03 2.232665e+03 
2.016551e-01 5.392168e+02 1.011102e+03 1.410069e+03 2.201265e+03 
2.044661e-01 5.283371e+02 9.915420e+02 1.384570e+03 2.164719e+03 
2.073162e-01 5.159436e+02 9.695146e+02 1.355750e+03 2.123056e+03 
2.102061e-01 5.021836e+02 9.452720e+02 1.323935e+03 2.076771e+03 
2.131362e-01 4.873041e+02 9.192320e+02 1.289676e+03 2.026703e+03 
2.161073e-01 4.716284e+02 8.919368e+02 1.253689e+03 1.973949e+03 
2.191197e-01 4.555431e+02 8.640328e+02 1.216834e+03 1.919819e+03 
2.221741e-01 4.394732e+02 8.362287e+02 1.180057e+03 1.865751e+03 
2.252711e-01 4.238653e+02 8.092670e+02 1.144347e+03 1.813242e+03 
2.284112e-01 4.091360e+02 7.838383e+02 1.110625e+03 1.763684e+03 
2.315951e-01 3.956442e+02 7.605359e+02 1.079681e+03 1.718261e+03 
2.348235e-01 3.836215e+02 7.397388e+02 1.052021e+03 1.677727e+03 
2.380968e-01 3.731886e+02 7.216402e+02 1.027902e+03 1.642462e+03 
2.414157e-01 3.643229e+02 7.061940e+02 1.007263e+03 1.612370e+03 
2.447809e-01 3.568935e+02 6.931730e+02 9.898006e+02 1.586998e+03 
2.481930e-01 3.506727e+02 6.821901e+02 9.750027e+02 1.565577e+03 
2.516527e-01 3.453486e+02 6.727180e+02 9.621692e+02 1.547065e+03 
2.551606e-01 3.405541e+02 6.641389e+02 9.504805e+02 1.530235e+03 
2.587174e-01 3.358899e+02 6.557831e+02 9.390488e+02 1.513762e+03 
2.623238e-01 3.309759e+02 6.470144e+02 9.270315e+02 1.496381e+03 
2.659804e-01 3.254983e+02 6.373092e+02 9.137370e+02 1.477052e+03 
2.696881e-01 3.192462e+02 6.263158e+02 8.987033e+02 1.455084e+03 
2.734474e-01 3.121526e+02 6.139236e+02 8.817915e+02 1.430269e+03 
2.772591e-01 3.042740e+02 6.002285e+02 8.631369e+02 1.402815e+03 
2.811239e-01 2.957692e+02 5.854957e+02 8.431016e+02 1.373272e+03 
2.850426e-01 2.868802e+02 5.701296e+02 8.222304e+02 1.342467e+03 
2.890160e-01 2.779105e+02 5.546346e+02 8.011996e+02 1.311417e+03 
2.930447e-01 2.691798e+02 5.395432e+02 7.807184e+02 1.281187e+03 
2.971296e-01 2.609866e+02 5.253492e+02 7.614424e+02 1.252754e+03 
3.012714e-01 2.535621e+02 5.124353e+02 7.438762e+02 1.226864e+03 
3.054710e-01 2.470228e+02 5.009923e+02 7.282694e+02 1.203883e+03 
3.097291e-01 2.413626e+02 4.910075e+02 7.146024e+02 1.183775e+03 
3.140465e-01 2.364719e+02 4.822971e+02 7.026304e+02 1.166170e+03 
3.184242e-01 2.321656e+02 4.745529e+02 6.919460e+02 1.150463e+03 
3.228628e-01 2.282123e+02 4.673910e+02 6.820434e+02 1.135901e+03 
3.273634e-01 2.243614e+02 4.603969e+02 6.723777e+02 1.121674e+03 
3.319266e-01 2.203705e+02 4.531715e+02 6.624247e+02 1.107008e+03 
3.365535e-01 2.160533e+02 4.454090e+02 6.517846e+02 1.091308e+03 
3.412449e-01 2.113225e+02 4.369678e+02 6.402728e+02 1.074306e+03 
3.460016e-01 2.062079e+02 4.278997e+02 6.279595e+02 1.056108e+03 
3.508247e-01 2.008350e+02 4.184131e+02 6.151192e+02 1.037126e+03 
3.557150e-01 1.953760e+02 4.087925e+02 6.021250e+02 1.017915e+03 
3.606735e-01 1.900136e+02 3.993389e+02 5.893702e+02 9.990545e+02 
3.657011e-01 1.849206e+02 3.903353e+02 5.772223e+02 9.810865e+02 
3.707988e-01 1.802346e+02 3.820060e+02 5.659711e+02 9.644314e+02 
3.759675e-01 1.760248e+02 3.744621e+02 5.557582e+02 9.492911e+02 
3.812083e-01 1.722611e+02 3.676529e+02 5.465135e+02 9.355578e+02 
3.865221e-01 1.688402e+02 3.614075e+02 5.380121e+02 9.228975e+02 
3.919100e-01 1.656210e+02 3.554953e+02 5.299512e+02 9.108659e+02 
3.973730e-01 1.624593e+02 3.496802e+02 5.220231e+02 8.990123e+02 
4.029122e-01 1.592279e+02 3.437557e+02 5.139586e+02 8.869446e+02 
4.085286e-01 1.558447e+02 3.375896e+02 5.055856e+02 8.744148e+02 
4.142232e-01 1.523039e+02 3.311730e+02 4.968928e+02 8.614090e+02 
4.199973e-01 1.486639e+02 3.246018e+02 4.880044e+02 8.481105e+02 
4.258518e-01 1.450191e+02 3.180294e+02 4.791187e+02 8.348087e+02 
4.317880e-01 1.414702e+02 3.116183e+02 4.704448e+02 8.218060e+02 
4.378069e-01 1.381096e+02 3.055167e+02 4.621731e+02 8.093752e+02 
4.439097e-01 1.349925e+02 2.998123e+02 4.544145e+02 7.976727e+02 
4.500975e-01 1.321102e+02 2.944893e+02 4.471468e+02 7.866627e+02 
4.563716e-01 1.294094e+02 2.894606e+02 4.402565e+02 7.761798e+02 
4.627332e-01 1.268200e+02 2.846127e+02 4.335965e+02 7.660118e+02 
4.691835e-01 1.242661e+02 2.798233e+02 4.270092e+02 7.559335e+02 
4.757236e-01 1.216825e+02 2.749881e+02 4.203611e+02 7.457560e+02 
4.823549e-01 1.190517e+02 2.700796e+02 4.136169e+02 7.354313e+02 
4.890787e-01 1.164015e+02 2.651425e+02 4.068345e+02 7.250429e+02 
4.958962e-01 1.137735e+02 2.602433e+02 4.000991e+02 7.147122e+02 
5.028087e-01 1.112196e+02 2.554643e+02 3.935155e+02 7.045866e+02 
5.098176e-01 1.087800e+02 2.508686e+02 3.871640e+02 6.947771e+02 
5.169242e-01 1.064745e+02 2.464864e+02 3.810818e+02 6.853341e+02 
5.241298e-01 1.042824e+02 2.422847e+02 3.752265e+02 6.761960e+02 
5.314359e-01 1.021688e+02 2.382075e+02 3.695265e+02 6.672618e+02 
5.388438e-01 1.000984e+02 2.341993e+02 3.639115e+02 6.584339e+02 
5.463550e-01 9.804063e+01 2.302123e+02 3.583213e+02 6.496295e+02 
5.539709e-01 9.598596e+01 2.262320e+02 3.527379e+02 6.408247e+02 
5.616930e-01 9.395228e+01 2.222869e+02 3.471975e+02 6.320701e+02 
5.695227e-01 9.195900e+01 2.184073e+02 3.417386e+02 6.234185e+02 
5.774615e-01 9.002895e+01 2.146289e+02 3.364058e+02 6.149302e+02 
5.855110e-01 8.817602e+01 2.109729e+02 3.312255e+02 6.066402e+02 
5.936727e-01 8.639146e+01 2.074258e+02 3.261802e+02 5.985236e+02 
6.019482e-01 8.466100e+01 2.039653e+02 3.212422e+02 5.905426e+02 
6.103390e-01 8.296860e+01 2.005669e+02 3.163809e+02 5.826565e+02 
6.188468e-01 8.129818e+01 1.972063e+02 3.115663e+02 5.748255e+02 
6.274732e-01 7.965194e+01 1.938872e+02 3.068031e+02 5.670571e+02 
6.362198e-01 7.803715e+01 1.906212e+02 3.021059e+02 5.593705e+02 
6.450884e-01 7.646140e+01 1.874198e+02 2.974890e+02 5.517851e+02 
6.540806e-01 7.493706e+01 1.843018e+02 2.929755e+02 5.443308e+02 
6.631981e-01 7.345712e+01 1.812566e+02 2.885523e+02 5.369904e+02 
6.724427e-01 7.201546e+01 1.782751e+02 2.842081e+02 5.297494e+02 
6.818162e-01 7.060633e+01 1.753486e+02 2.799325e+02 5.225946e+02 
6.913204e-01 6.922416e+01 1.724691e+02 2.757157e+02 5.155144e+02 
7.009570e-01 6.786888e+01 1.696365e+02 2.715579e+02 5.085092e+02 
7.107280e-01 6.654316e+01 1.668549e+02 2.674640e+02 5.015862e+02 
7.206351e-01 6.524986e+01 1.641284e+02 2.634393e+02 4.947520e+02 
7.306804e-01 6.399045e+01 1.614593e+02 2.594863e+02 4.880102e+02 
7.408657e-01 6.276281e+01 1.588443e+02 2.556011e+02 4.813560e+02 
7.511929e-01 6.156399e+01 1.562788e+02 2.517786e+02 4.747836e+02 
7.616642e-01 6.039087e+01 1.537585e+02 2.480133e+02 4.682866e+02 
7.722814e-01 5.924216e+01 1.512813e+02 2.443029e+02 4.618630e+02 
7.830465e-01 5.811825e+01 1.488476e+02 2.406482e+02 4.555140e+02 
7.939618e-01 5.701959e+01 1.464581e+02 2.370497e+02 4.492407e+02 
8.050292e-01 5.594641e+01 1.441130e+02 2.335078e+02 4.430435e+02 
8.162509e-01 5.489796e+01 1.418108e+02 2.300210e+02 4.369213e+02 
8.276289e-01 5.387309e+01 1.395498e+02 2.265872e+02 4.308717e+02 
8.391656e-01 5.287053e+01 1.373282e+02 2.232042e+02 4.248924e+02 
8.508632e-01 5.188935e+01 1.351444e+02 2.198701e+02 4.189816e+02 
8.627237e-01 5.092923e+01 1.329977e+02 2.165844e+02 4.131391e+02 
8.747496e-01 4.998990e+01 1.308879e+02 2.133465e+02 4.073639e+02 
8.869432e-01 4.907096e+01 1.288139e+02 2.101554e+02 4.016555e+02 
8.993067e-01 4.817195e+01 1.267751e+02 2.070102e+02 3.960128e+02 
9.118425e-01 4.729231e+01 1.247705e+02 2.039100e+02 3.904346e+02 
9.245531e-01 4.643140e+01 1.227991e+02 2.008534e+02 3.849198e+02 
9.374409e-01 4.558859e+01 1.208599e+02 1.978394e+02 3.794667e+02 
9.505083e-01 4.476347e+01 1.189523e+02 1.948670e+02 3.740751e+02 
9.637579e-01 4.395560e+01 1.170753e+02 1.919354e+02 3.687433e+02 
9.771921e-01 4.316454e+01 1.152286e+02 1.890438e+02 3.634706e+02 
9.908137e-01 4.238980e+01 1.134111e+02 1.861913e+02 3.582558e+02 
1.004625e+00 4.163102e+01 1.116223e+02 1.833771e+02 3.530979e+02 
1.018629e+00 4.088776e+01 1.098615e+02 1.806005e+02 3.479961e+02 
1.032828e+00 4.015956e+01 1.081280e+02 1.778606e+02 3.429493e+02 
1.047225e+00 3.944603e+01 1.064212e+02 1.751565e+02 3.379565e+02 
1.061823e+00 3.874685e+01 1.047406e+02 1.724879e+02 3.330167e+02 
1.076624e+00 3.806159e+01 1.030854e+02 1.698538e+02 3.281291e+02 
1.091632e+00 3.738988e+01 1.014553e+02 1.672537e+02 3.232926e+02 
1.106848e+00 3.673144e+01 9.984966e+01 1.646869e+02 3.185065e+02 
1.122277e+00 3.608595e+01 9.826802e+01 1.621529e+02 3.137700e+02 
1.137921e+00 3.545305e+01 9.670984e+01 1.596509e+02 3.090821e+02 
1.153783e+00 3.483245e+01 9.517465e+01 1.571806e+02 3.044423e+02 
1.169866e+00 3.422386e+01 9.366201e+01 1.547412e+02 2.998496e+02 
1.186174e+00 3.362695e+01 9.217139e+01 1.523323e+02 2.953034e+02 
1.202708e+00 3.304138e+01 9.070232e+01 1.499532e+02 2.908030e+02 
1.219473e+00 3.246690e+01 8.925436e+01 1.476035e+02 2.863476e+02 
1.236472e+00 3.190326e+01 8.782713e+01 1.452828e+02 2.819368e+02 
1.253708e+00 3.135015e+01 8.642015e+01 1.429905e+02 2.775699e+02 
1.271184e+00 3.080732e+01 8.503303e+01 1.407261e+02 2.732466e+02 
1.288904e+00 3.027455e+01 8.366543e+01 1.384894e+02 2.689661e+02 
1.306870e+00 2.975160e+01 8.231696e+01 1.362798e+02 2.647283e+02 
1.325087e+00 2.923822e+01 8.098723e+01 1.340970e+02 2.605327e+02 
1.343558e+00 2.873418e+01 7.967591e+01 1.319404e+02 2.563787e+02 
1.362287e+00 2.823928e+01 7.838264e+01 1.298098e+02 2.522663e+02 
1.381276e+00 2.775325e+01 7.710706e+01 1.277049e+02 2.481951e+02 
1.400531e+00 2.727586e+01 7.584881e+01 1.256253e+02 2.441648e+02 
1.420053e+00 2.680694e+01 7.460763e+01 1.235705e+02 2.401751e+02 
1.439848e+00 2.634630e+01 7.338322e+01 1.213172e+02 2.362260e+02 
1.459919e+00 2.589374e+01 7.217529e+01 1.195347e+02 2.323171e+02 
1.480269e+00 2.544908e+01 7.098355e+01 1.175530e+02 2.284484e+02 
1.500903e+00 2.501214e+01 6.980775e+01 1.155951e+02 2.246197e+02 
1.521825e+00 2.458273e+01 6.864761e+01 1.136607e+02 2.208309e+02 
1.543038e+00 2.416066e+01 6.750287e+01 1.117496e+02 2.170818e+02 
1.564548e+00 2.374577e+01 6.637329e+01 1.098614e+02 2.133724e+02 
1.586357e+00 2.333791e+01 6.525865e+01 1.079960e+02 2.097026e+02 
1.608469e+00 2.293692e+01 6.415872e+01 1.061532e+02 2.060722e+02 
1.630891e+00 2.254265e+01 6.307328e+01 1.043326e+02 2.024813e+02 
1.653624e+00 2.215494e+01 6.200213e+01 1.025342e+02 1.989296e+02 
1.676675e+00 2.177367e+01 6.094508e+01 1.007577e+02 1.954172e+02 
1.700047e+00 2.139867e+01 5.990190e+01 9.900295e+01 1.919441e+02 
1.723745e+00 2.102983e+01 5.887244e+01 9.726965e+01 1.885101e+02 
1.747773e+00 2.066702e+01 5.785651e+01 9.555769e+01 1.851152e+02 
1.772136e+00 2.031010e+01 5.685392e+01 9.386687e+01 1.817592e+02 
1.796838e+00 1.995895e+01 5.586452e+01 9.219702e+01 1.784422e+02 
1.821885e+00 1.961346e+01 5.488814e+01 9.054797e+01 1.751641e+02 
1.847281e+00 1.927351e+01 5.392463e+01 8.891954e+01 1.719248e+02 
1.873032e+00 1.893898e+01 5.297383e+01 8.731159e+01 1.687244e+02 
1.899141e+00 1.860976e+01 5.203559e+01 8.572396e+01 1.655627e+02 
1.925614e+00 1.828577e+01 5.110979e+01 8.415650e+01 1.624396e+02 
1.952456e+00 1.796689e+01 5.019628e+01 8.260908e+01 1.593553e+02 
1.979672e+00 1.765303e+01 4.929493e+01 8.108154e+01 1.563096e+02 
2.007267e+00 1.734408e+01 4.840561e+01 7.957377e+01 1.533023e+02 
2.035248e+00 1.703996e+01 4.752822e+01 7.808563e+01 1.503337e+02 
2.063618e+00 1.674057e+01 4.666262e+01 7.661698e+01 1.474034e+02 
2.092383e+00 1.644582e+01 4.580870e+01 7.516773e+01 1.445116e+02 
2.121550e+00 1.615564e+01 4.496634e+01 7.373775e+01 1.416583e+02 
2.151123e+00 1.586994e+01 4.413546e+01 7.232693e+01 1.388432e+02 
2.181109e+00 1.558865e+01 4.331595e+01 7.093517e+01 1.360664e+02 
2.211512e+00 1.531169e+01 4.250770e+01 6.956235e+01 1.333279e+02 
2.242340e+00 1.503898e+01 4.171062e+01 6.820837e+01 1.306276e+02 
2.273597e+00 1.477046e+01 4.092462e+01 6.687314e+01 1.279654e+02 
2.305289e+00 1.450601e+01 4.014959e+01 6.555654e+01 1.253411e+02 
2.337424e+00 1.424562e+01 3.938545e+01 6.425848e+01 1.227550e+02 
2.370006e+00 1.398920e+01 3.863212e+01 6.297886e+01 1.202067e+02 
2.403043e+00 1.373669e+01 3.788950e+01 6.171759e+01 1.176962e+02 
2.436540e+00 1.348802e+01 3.715749e+01 6.047457e+01 1.152234e+02 
2.470504e+00 1.324314e+01 3.643604e+01 5.924969e+01 1.127883e+02 
2.504942e+00 1.300199e+01 3.572504e+01 5.804285e+01 1.103906e+02 
2.539859e+00 1.276450e+01 3.502440e+01 5.685397e+01 1.080303e+02 
2.575263e+00 1.253062e+01 3.433406e+01 5.568291e+01 1.058463e+02 
2.611161e+00 1.230030e+01 3.365391e+01 5.452960e+01 1.034212e+02 
2.647559e+00 1.207348e+01 3.298387e+01 5.339392e+01 1.011719e+02 
2.684465e+00 1.185009e+01 3.232387e+01 5.227576e+01 9.895950e+01 
2.721885e+00 1.163012e+01 3.167380e+01 5.117501e+01 9.678359e+01 
2.759826e+00 1.141350e+01 3.103361e+01 5.009155e+01 9.464400e+01 
2.798297e+00 1.120018e+01 3.040319e+01 4.902528e+01 9.254055e+01 
2.837304e+00 1.099012e+01 2.978245e+01 4.797606e+01 9.047300e+01 
2.876854e+00 1.078327e+01 2.917132e+01 4.694377e+01 8.844110e+01 
2.916956e+00 1.057957e+01 2.856971e+01 4.592834e+01 8.644463e+01 
2.957617e+00 1.037900e+01 2.797753e+01 4.492956e+01 8.448333e+01 
2.998844e+00 1.018150e+01 2.739469e+01 4.394737e+01 8.255692e+01 
3.040646e+00 9.987049e+00 2.682113e+01 4.298160e+01 8.066512e+01 
3.083031e+00 9.795589e+00 2.625674e+01 4.203213e+01 7.880764e+01 
3.126007e+00 9.607082e+00 2.570143e+01 4.109882e+01 7.698420e+01 
3.169582e+00 9.421495e+00 2.515513e+01 4.018155e+01 7.519446e+01 
3.213764e+00 9.238787e+00 2.461775e+01 3.928016e+01 7.343814e+01 
3.258562e+00 9.058917e+00 2.408921e+01 3.839452e+01 7.171488e+01 
3.303985e+00 8.881851e+00 2.356939e+01 3.752449e+01 7.002436e+01 
3.350041e+00 8.707555e+00 2.305825e+01 3.666992e+01 6.836622e+01 
3.396739e+00 8.535992e+00 2.255570e+01 3.583065e+01 6.674016e+01 
3.444087e+00 8.367129e+00 2.206163e+01 3.500656e+01 6.514575e+01 
3.492096e+00 8.200933e+00 2.157597e+01 3.419749e+01 6.358268e+01 
3.540774e+00 8.037370e+00 2.109864e+01 3.340328e+01 6.205058e+01 
3.590130e+00 7.876408e+00 2.066935e+01 3.262379e+01 6.054906e+01 
3.640175e+00 7.718013e+00 2.016860e+01 3.185885e+01 5.907776e+01 
3.690917e+00 7.562155e+00 1.971574e+01 3.110832e+01 5.763629e+01 
3.742366e+00 7.408802e+00 1.927087e+01 3.037205e+01 5.622426e+01 
3.794533e+00 7.257925e+00 1.883390e+01 2.964987e+01 5.484131e+01 
3.847427e+00 7.109493e+00 1.840476e+01 2.894162e+01 5.348702e+01 
3.901058e+00 6.963478e+00 1.798337e+01 2.824717e+01 5.216100e+01 
3.955436e+00 6.819851e+00 1.756963e+01 2.756629e+01 5.086289e+01 
4.010573e+00 6.678582e+00 1.716347e+01 2.689888e+01 4.959226e+01 
4.066478e+00 6.539644e+00 1.676480e+01 2.624472e+01 4.834872e+01 
4.123163e+00 6.403007e+00 1.637355e+01 2.560377e+01 4.713189e+01 
4.180637e+00 6.268646e+00 1.598961e+01 2.497575e+01 4.594136e+01 
4.238913e+00 6.136532e+00 1.561292e+01 2.436051e+01 4.477673e+01 
4.298001e+00 6.006640e+00 1.524339e+01 2.368621e+01 4.363760e+01 
4.357913e+00 5.878941e+00 1.488095e+01 2.316778e+01 4.252360e+01 
4.418660e+00 5.753411e+00 1.452550e+01 2.258993e+01 4.143429e+01 
4.480254e+00 5.630023e+00 1.417696e+01 2.202421e+01 4.036930e+01 
4.542706e+00 5.508751e+00 1.383525e+01 2.147046e+01 3.932823e+01 
4.606029e+00 5.389571e+00 1.350027e+01 2.092848e+01 3.831068e+01 
4.670234e+00 5.272457e+00 1.317196e+01 2.039813e+01 3.731626e+01 
4.735335e+00 5.157382e+00 1.285023e+01 1.987922e+01 3.634441e+01 
4.801343e+00 5.044325e+00 1.253498e+01 1.937160e+01 3.539547e+01 
4.868271e+00 4.933259e+00 1.222615e+01 1.887507e+01 3.446785e+01 
4.936132e+00 4.824159e+00 1.192363e+01 1.838948e+01 3.356203e+01 
5.004939e+00 4.717002e+00 1.162736e+01 1.791466e+01 3.267740e+01 
5.074705e+00 4.611765e+00 1.133724e+01 1.745042e+01 3.181356e+01 
5.145444e+00 4.508422e+00 1.105319e+01 1.699661e+01 3.097014e+01 
5.217169e+00 4.406951e+00 1.077512e+01 1.655309e+01 3.014675e+01 
5.289893e+00 4.307328e+00 1.050294e+01 1.611957e+01 2.934302e+01 
5.363631e+00 4.209530e+00 1.023660e+01 1.569601e+01 2.855857e+01 
5.438397e+00 4.113534e+00 9.975966e+00 1.528220e+01 2.779305e+01 
5.514206e+00 4.019316e+00 9.720985e+00 1.487797e+01 2.704607e+01 
5.591071e+00 3.926854e+00 9.471563e+00 1.448314e+01 2.631727e+01 
5.669007e+00 3.836125e+00 9.227614e+00 1.409755e+01 2.560630e+01 
5.748030e+00 3.747108e+00 8.989053e+00 1.372104e+01 2.491279e+01 
5.828155e+00 3.659778e+00 8.755798e+00 1.335343e+01 2.423639e+01 
5.909396e+00 3.574114e+00 8.527761e+00 1.299459e+01 2.357676e+01 
5.991770e+00 3.490094e+00 8.304859e+00 1.264432e+01 2.293353e+01 
6.075292e+00 3.407696e+00 8.087008e+00 1.230248e+01 2.230661e+01 
6.159978e+00 3.326898e+00 7.874124e+00 1.196891e+01 2.169497e+01 
6.245845e+00 3.247679e+00 7.666124e+00 1.164343e+01 2.109896e+01 
6.332908e+00 3.170017e+00 7.462923e+00 1.132591e+01 2.051802e+01 
6.421186e+00 3.093889e+00 7.264441e+00 1.101618e+01 1.995183e+01 
6.510694e+00 3.019276e+00 7.070594e+00 1.071409e+01 1.940007e+01 
6.601449e+00 2.946156e+00 6.881298e+00 1.041948e+01 1.886241e+01 
6.693470e+00 2.874507e+00 6.696474e+00 1.013228e+01 1.833856e+01 
6.786773e+00 2.804310e+00 6.516037e+00 9.852054e+00 1.782821e+01 
6.881377e+00 2.735542e+00 6.339910e+00 9.579057e+00 1.733104e+01 
6.977300e+00 2.668183e+00 6.168010e+00 9.312889e+00 1.684676e+01 
7.074559e+00 2.602214e+00 6.000259e+00 9.053467e+00 1.637510e+01 
7.173175e+00 2.537612e+00 5.836575e+00 8.800646e+00 1.591576e+01 
7.273165e+00 2.474358e+00 5.676882e+00 8.554287e+00 1.546845e+01 
7.374549e+00 2.412432e+00 5.521100e+00 8.314249e+00 1.503289e+01 
7.477346e+00 2.351814e+00 5.369158e+00 8.080395e+00 1.460883e+01 
7.581576e+00 2.292484e+00 5.220973e+00 7.852590e+00 1.419550e+01 
7.687260e+00 2.234422e+00 5.076474e+00 7.630703e+00 1.379408e+01 
7.794416e+00 2.177608e+00 4.935586e+00 7.414600e+00 1.340288e+01 
7.903066e+00 2.122023e+00 4.798234e+00 7.204152e+00 1.302211e+01 
8.013230e+00 2.067646e+00 4.664345e+00 6.999232e+00 1.265154e+01 
8.124930e+00 2.014461e+00 4.533849e+00 6.799621e+00 1.229091e+01 
8.238187e+00 1.962445e+00 4.406672e+00 6.605474e+00 1.194000e+01 
8.353023e+00 1.911582e+00 4.282744e+00 6.416392e+00 1.159855e+01 
8.469460e+00 1.861851e+00 4.161995e+00 6.232349e+00 1.126637e+01 
8.587519e+00 1.813234e+00 4.044356e+00 6.053231e+00 1.094315e+01 
8.707225e+00 1.765713e+00 3.929761e+00 5.878906e+00 1.062876e+01 
8.828599e+00 1.719269e+00 3.818153e+00 5.709277e+00 1.032294e+01 
8.951665e+00 1.673884e+00 3.709428e+00 5.544229e+00 1.002548e+01 
9.076446e+00 1.629539e+00 3.603578e+00 5.383653e+00 9.736178e+00 
9.202967e+00 1.586216e+00 3.500504e+00 5.227442e+00 9.454825e+00 
9.331251e+00 1.543899e+00 3.400151e+00 5.075486e+00 9.181223e+00 
9.461324e+00 1.502564e+00 3.302458e+00 4.927695e+00 8.915175e+00 
9.593209e+00 1.462203e+00 3.207363e+00 4.783893e+00 8.656490e+00 
9.726934e+00 1.422791e+00 3.114805e+00 4.644138e+00 8.404980e+00 
9.862522e+00 1.384313e+00 3.024726e+00 4.508056e+00 8.160452e+00 
1.000000e+01 1.346752e+00 2.937067e+00 4.376002e+00 7.922755e+00 
