1.000000e-02 1.410925e+04 2.544316e+04 1.705630e+04 6.640129e+04 
1.013939e-02 1.413006e+04 2.694381e+04 1.963551e+04 6.925665e+04 
1.028073e-02 1.412954e+04 2.835088e+04 2.212281e+04 7.101040e+04 
1.042404e-02 1.410648e+04 2.965120e+04 2.443027e+04 7.164151e+04 
1.056935e-02 1.406116e+04 3.082833e+04 2.646400e+04 7.116705e+04 
1.071668e-02 1.399511e+04 3.186401e+04 2.813784e+04 6.964546e+04 
1.086606e-02 1.391082e+04 3.273995e+04 2.938621e+04 6.717777e+04 
1.101753e-02 1.381136e+04 3.343986e+04 3.017493e+04 6.390732e+04 
1.117111e-02 1.369996e+04 3.395183e+04 3.050818e+04 6.001721e+04 
1.132683e-02 1.357974e+04 3.427090e+04 3.043137e+04 5.572496e+04 
1.148472e-02 1.345341e+04 3.440128e+04 3.002894e+04 5.127374e+04 
1.164481e-02 1.332311e+04 3.435764e+04 2.941731e+04 4.691985e+04 
1.180713e-02 1.319047e+04 3.416471e+04 2.873314e+04 4.291683e+04 
1.197171e-02 1.305655e+04 3.385509e+04 2.811842e+04 3.949736e+04 
1.213859e-02 1.292209e+04 3.346516e+04 2.770426e+04 3.685564e+04 
1.230780e-02 1.278760e+04 3.303003e+04 2.759560e+04 3.513198e+04 
1.247936e-02 1.265355e+04 3.257848e+04 2.785905e+04 3.440211e+04 
1.265332e-02 1.252053e+04 3.212916e+04 2.851633e+04 3.467273e+04 
1.282970e-02 1.238925e+04 3.168882e+04 2.954348e+04 3.588313e+04 
1.300854e-02 1.226060e+04 3.125302e+04 3.087608e+04 3.791305e+04 
1.318987e-02 1.213553e+04 3.080897e+04 3.241870e+04 4.059406e+04 
1.337373e-02 1.201493e+04 3.033947e+04 3.405639e+04 4.372332e+04 
1.356015e-02 1.189948e+04 2.982706e+04 3.566649e+04 4.707739e+04 
1.374917e-02 1.178954e+04 2.925721e+04 3.712824e+04 5.042548e+04 
1.394083e-02 1.168503e+04 2.862016e+04 3.833075e+04 5.354179e+04 
1.413516e-02 1.158540e+04 2.791129e+04 3.917852e+04 5.621762e+04 
1.433219e-02 1.148965e+04 2.713059e+04 3.959603e+04 5.827311e+04 
1.453198e-02 1.139641e+04 2.628179e+04 3.953142e+04 5.956890e+04 
1.473454e-02 1.130408e+04 2.537171e+04 3.895950e+04 6.001580e+04 
1.493993e-02 1.121098e+04 2.441001e+04 3.788410e+04 5.958180e+04 
1.514819e-02 1.111543e+04 2.340928e+04 3.633831e+04 5.829392e+04 
1.535935e-02 1.101596e+04 2.238500e+04 3.438250e+04 5.623476e+04 
1.557345e-02 1.091138e+04 2.135499e+04 3.209958e+04 5.353328e+04 
1.579053e-02 1.080082e+04 2.033810e+04 2.958770e+04 5.035123e+04 
1.601064e-02 1.068375e+04 1.935210e+04 2.695132e+04 4.686742e+04 
1.623382e-02 1.055993e+04 1.841109e+04 2.429227e+04 4.326112e+04 
1.646012e-02 1.042937e+04 1.752330e+04 2.170143e+04 3.969748e+04 
1.668956e-02 1.029214e+04 1.668963e+04 1.925306e+04 3.631563e+04 
1.692220e-02 1.014835e+04 1.590363e+04 1.700161e+04 3.322076e+04 
1.715809e-02 9.998041e+03 1.515306e+04 1.498161e+04 3.048025e+04 
1.739726e-02 9.841128e+03 1.442254e+04 1.321006e+04 2.812402e+04 
1.763977e-02 9.677436e+03 1.369694e+04 1.169015e+04 2.614856e+04 
1.788566e-02 9.506742e+03 1.296465e+04 1.041597e+04 2.452447e+04 
1.813498e-02 9.328852e+03 1.222010e+04 9.376737e+03 2.320601e+04 
1.838777e-02 9.143687e+03 1.146502e+04 8.560424e+03 2.214162e+04 
1.864409e-02 8.951371e+03 1.070850e+04 7.955978e+03 2.128378e+04 
1.890397e-02 8.752292e+03 9.965879e+03 7.554443e+03 2.059656e+04 
1.916748e-02 8.547135e+03 9.256782e+03 7.349010e+03 2.006022e+04 
1.943467e-02 8.336890e+03 8.602957e+03 7.334509e+03 1.967247e+04 
1.970558e-02 8.122821e+03 8.026141e+03 7.506579e+03 1.944692e+04 
1.998026e-02 7.906434e+03 7.546317e+03 7.860931e+03 1.940929e+04 
2.025878e-02 7.689408e+03 7.180435e+03 8.392557e+03 1.959233e+04 
2.054117e-02 7.473525e+03 6.941494e+03 9.094853e+03 2.002970e+04 
2.082751e-02 7.260607e+03 6.837837e+03 9.958347e+03 2.074965e+04 
2.111783e-02 7.052464e+03 6.872475e+03 1.096917e+04 2.176858e+04 
2.141220e-02 6.850839e+03 7.042398e+03 1.210726e+04 2.308535e+04 
2.171068e-02 6.657380e+03 7.337981e+03 1.334487e+04 2.467697e+04 
2.201331e-02 6.473608e+03 7.742679e+03 1.464575e+04 2.649650e+04 
2.232016e-02 6.300887e+03 8.233262e+03 1.596544e+04 2.847382e+04 
2.263130e-02 6.140383e+03 8.780749e+03 1.725295e+04 3.051934e+04 
2.294676e-02 5.993037e+03 9.352097e+03 1.845372e+04 3.253061e+04 
2.326663e-02 5.859537e+03 9.912537e+03 1.951368e+04 3.440060e+04 
2.359095e-02 5.740280e+03 1.042835e+04 2.038398e+04 3.602715e+04 
2.391980e-02 5.635373e+03 1.086974e+04 2.102567e+04 3.732178e+04 
2.425323e-02 5.544631e+03 1.121349e+04 2.141361e+04 3.821693e+04 
2.459130e-02 5.467587e+03 1.144495e+04 2.153918e+04 3.867078e+04 
2.493409e-02 5.403502e+03 1.155895e+04 2.141088e+04 3.866887e+04 
2.528166e-02 5.351372e+03 1.155959e+04 2.105294e+04 3.822268e+04 
2.563407e-02 5.309952e+03 1.145870e+04 2.050183e+04 3.736595e+04 
2.599140e-02 5.277767e+03 1.127334e+04 1.980145e+04 3.614889e+04 
2.635371e-02 5.253141e+03 1.102286e+04 1.899765e+04 3.463183e+04 
2.672106e-02 5.234254e+03 1.072591e+04 1.813316e+04 3.287915e+04 
2.709354e-02 5.219203e+03 1.039823e+04 1.724345e+04 3.095366e+04 
2.747121e-02 5.206080e+03 1.005127e+04 1.635440e+04 2.891268e+04 
2.785414e-02 5.193059e+03 9.691963e+03 1.548193e+04 2.680544e+04 
2.824241e-02 5.178479e+03 9.323453e+03 1.463315e+04 2.467227e+04 
2.863610e-02 5.160916e+03 8.946430e+03 1.380916e+04 2.254526e+04 
2.903527e-02 5.139233e+03 8.560753e+03 1.300823e+04 2.045016e+04 
2.944000e-02 5.112622e+03 8.166977e+03 1.222908e+04 1.840882e+04 
2.985038e-02 5.080602e+03 7.767491e+03 1.147350e+04 1.644191e+04 
3.026648e-02 5.043004e+03 7.367082e+03 1.074770e+04 1.457067e+04 
3.068838e-02 4.999915e+03 6.972894e+03 1.006238e+04 1.281810e+04 
3.111616e-02 4.951619e+03 6.593876e+03 9.431637e+03 1.120880e+04 
3.154990e-02 4.898518e+03 6.239893e+03 8.870897e+03 9.767927e+03 
3.198969e-02 4.841065e+03 5.920695e+03 8.394656e+03 8.519508e+03 
3.243561e-02 4.779709e+03 5.644997e+03 8.014362e+03 7.484504e+03 
3.288774e-02 4.714886e+03 5.419786e+03 7.736970e+03 6.678998e+03 
3.334618e-02 4.646993e+03 5.249897e+03 7.564303e+03 6.112734e+03 
3.381101e-02 4.576413e+03 5.137839e+03 7.493194e+03 5.788210e+03 
3.428231e-02 4.503508e+03 5.083820e+03 7.516202e+03 5.700248e+03 
3.476019e-02 4.428654e+03 5.085852e+03 7.622600e+03 5.836149e+03 
3.524473e-02 4.352231e+03 5.139894e+03 7.799337e+03 6.176141e+03 
3.573602e-02 4.274627e+03 5.240000e+03 8.031839e+03 6.694146e+03 
3.623416e-02 4.196251e+03 5.378514e+03 8.304586e+03 7.358860e+03 
3.673925e-02 4.117507e+03 5.546290e+03 8.601512e+03 8.135070e+03 
3.725137e-02 4.038788e+03 5.733040e+03 8.906349e+03 8.985256e+03 
3.777064e-02 3.960453e+03 5.927783e+03 9.203014e+03 9.871413e+03 
3.829714e-02 3.882817e+03 6.119423e+03 9.476102e+03 1.075690e+04 
3.883098e-02 3.806125e+03 6.297394e+03 9.711458e+03 1.160808e+04 
3.937226e-02 3.730536e+03 6.452321e+03 9.896782e+03 1.239551e+04 
3.992109e-02 3.656163e+03 6.576702e+03 1.002234e+04 1.309496e+04 
4.047757e-02 3.583075e+03 6.665431e+03 1.008149e+04 1.368769e+04 
4.104181e-02 3.511320e+03 6.716081e+03 1.007110e+04 1.416059e+04 
4.161391e-02 3.440929e+03 6.728911e+03 9.991613e+03 1.450595e+04 
4.219398e-02 3.371929e+03 6.706543e+03 9.846933e+03 1.472107e+04 
4.278214e-02 3.304344e+03 6.653391e+03 9.643993e+03 1.480780e+04 
4.337850e-02 3.238219e+03 6.574931e+03 9.392105e+03 1.477190e+04 
4.398317e-02 3.173604e+03 6.476854e+03 9.102031e+03 1.462230e+04 
4.459628e-02 3.110548e+03 6.364366e+03 8.785038e+03 1.437030e+04 
4.521792e-02 3.049104e+03 6.241725e+03 8.452060e+03 1.402905e+04 
4.584824e-02 2.989342e+03 6.112087e+03 8.113088e+03 1.361319e+04 
4.648734e-02 2.931353e+03 5.977620e+03 7.776832e+03 1.313877e+04 
4.713535e-02 2.875251e+03 5.839803e+03 7.450625e+03 1.262313e+04 
4.779239e-02 2.821117e+03 5.699694e+03 7.140382e+03 1.208455e+04 
4.845859e-02 2.769031e+03 5.558330e+03 6.850843e+03 1.154184e+04 
4.913407e-02 2.719088e+03 5.416986e+03 6.585733e+03 1.101361e+04 
4.981898e-02 2.671392e+03 5.277193e+03 6.347697e+03 1.051697e+04 
5.051342e-02 2.626028e+03 5.140592e+03 6.138127e+03 1.006629e+04 
5.121755e-02 2.583046e+03 5.008700e+03 5.956971e+03 9.671842e+03 
5.193150e-02 2.542452e+03 4.882695e+03 5.802671e+03 9.339174e+03 
5.265540e-02 2.504241e+03 4.763362e+03 5.672396e+03 9.069109e+03 
5.338938e-02 2.468366e+03 4.651007e+03 5.562331e+03 8.858099e+03 
5.413360e-02 2.434716e+03 4.545555e+03 5.468202e+03 8.699177e+03 
5.488820e-02 2.403134e+03 4.446755e+03 5.385916e+03 8.583246e+03 
5.565331e-02 2.373427e+03 4.354418e+03 5.312115e+03 8.500397e+03 
5.642908e-02 2.345387e+03 4.268570e+03 5.244506e+03 8.440982e+03 
5.721568e-02 2.318786e+03 4.189462e+03 5.181865e+03 8.396272e+03 
5.801323e-02 2.293396e+03 4.117483e+03 5.123819e+03 8.358763e+03 
5.882190e-02 2.269002e+03 4.052980e+03 5.070467e+03 8.322179e+03 
5.964185e-02 2.245406e+03 3.996033e+03 5.021939e+03 8.281257e+03 
6.047322e-02 2.222427e+03 3.946271e+03 4.978049e+03 8.231522e+03 
6.131619e-02 2.199900e+03 3.902788e+03 4.938140e+03 8.169189e+03 
6.217090e-02 2.177685e+03 3.864215e+03 4.901127e+03 8.091282e+03 
6.303753e-02 2.155656e+03 3.828856e+03 4.865629e+03 7.995766e+03 
6.391624e-02 2.133683e+03 3.794892e+03 4.830154e+03 7.881700e+03 
6.480720e-02 2.111626e+03 3.760625e+03 4.793279e+03 7.749351e+03 
6.571058e-02 2.089339e+03 3.724686e+03 4.753772e+03 7.600134e+03 
6.662655e-02 2.066677e+03 3.686196e+03 4.710673e+03 7.436459e+03 
6.755528e-02 2.043509e+03 3.644818e+03 4.663313e+03 7.261426e+03 
6.849697e-02 2.019705e+03 3.600698e+03 4.611269e+03 7.078445e+03 
6.945178e-02 1.995139e+03 3.554356e+03 4.554370e+03 6.890961e+03 
7.041990e-02 1.969704e+03 3.506535e+03 4.492705e+03 6.702303e+03 
7.140151e-02 1.943328e+03 3.458070e+03 4.426675e+03 6.515676e+03 
7.239681e-02 1.915994e+03 3.409729e+03 4.356971e+03 6.334155e+03 
7.340598e-02 1.887715e+03 3.362044e+03 4.284472e+03 6.160592e+03 
7.442922e-02 1.858537e+03 3.315223e+03 4.210152e+03 5.997558e+03 
7.546673e-02 1.828541e+03 3.269133e+03 4.134984e+03 5.847232e+03 
7.651869e-02 1.797845e+03 3.223351e+03 4.059881e+03 5.711296e+03 
7.758532e-02 1.766598e+03 3.177235e+03 3.985623e+03 5.590764e+03 
7.866682e-02 1.734968e+03 3.130047e+03 3.912829e+03 5.485882e+03 
7.976339e-02 1.703137e+03 3.081072e+03 3.841957e+03 5.396080e+03 
8.087525e-02 1.671281e+03 3.029714e+03 3.773283e+03 5.319986e+03 
8.200261e-02 1.639563e+03 2.975577e+03 3.706927e+03 5.255536e+03 
8.314568e-02 1.608142e+03 2.918539e+03 3.642910e+03 5.200225e+03 
8.430468e-02 1.577170e+03 2.858784e+03 3.581190e+03 5.151381e+03 
8.547985e-02 1.546779e+03 2.796744e+03 3.521674e+03 5.106391e+03 
8.667139e-02 1.517057e+03 2.733056e+03 3.464222e+03 5.062939e+03 
8.787954e-02 1.488079e+03 2.668535e+03 3.408722e+03 5.019272e+03 
8.910453e-02 1.459905e+03 2.604102e+03 3.355096e+03 4.974299e+03 
9.034660e-02 1.432577e+03 2.540691e+03 3.303259e+03 4.927538e+03 
9.160598e-02 1.406114e+03 2.479164e+03 3.253092e+03 4.878969e+03 
9.288292e-02 1.380532e+03 2.420261e+03 3.204445e+03 4.828888e+03 
9.417766e-02 1.355836e+03 2.364552e+03 3.157145e+03 4.777722e+03 
9.549045e-02 1.332024e+03 2.312397e+03 3.110995e+03 4.725843e+03 
9.682153e-02 1.309083e+03 2.263958e+03 3.065822e+03 4.673498e+03 
9.817117e-02 1.287005e+03 2.219227e+03 3.021518e+03 4.620797e+03 
9.953962e-02 1.265767e+03 2.178031e+03 2.978007e+03 4.567665e+03 
1.009272e-01 1.245312e+03 2.140032e+03 2.935165e+03 4.513781e+03 
1.023340e-01 1.225580e+03 2.104801e+03 2.892851e+03 4.458712e+03 
1.037605e-01 1.206505e+03 2.071861e+03 2.850864e+03 4.401968e+03 
1.052069e-01 1.188013e+03 2.040688e+03 2.808901e+03 4.343012e+03 
1.066734e-01 1.169992e+03 2.010691e+03 2.766489e+03 4.281209e+03 
1.081604e-01 1.152315e+03 1.981273e+03 2.723085e+03 4.215974e+03 
1.096681e-01 1.134852e+03 1.951876e+03 2.678155e+03 4.146868e+03 
1.111968e-01 1.117475e+03 1.922025e+03 2.631269e+03 4.073686e+03 
1.127468e-01 1.100091e+03 1.891404e+03 2.582234e+03 3.996578e+03 
1.143184e-01 1.082605e+03 1.859826e+03 2.531064e+03 3.915948e+03 
1.159120e-01 1.064919e+03 1.827237e+03 2.477984e+03 3.832415e+03 
1.175277e-01 1.046968e+03 1.793768e+03 2.423491e+03 3.746889e+03 
1.191660e-01 1.028737e+03 1.759730e+03 2.368333e+03 3.660560e+03 
1.208271e-01 1.010213e+03 1.725495e+03 2.313310e+03 3.574624e+03 
1.225114e-01 9.913835e+02 1.691436e+03 2.259192e+03 3.490197e+03 
1.242191e-01 9.722736e+02 1.657940e+03 2.206707e+03 3.408349e+03 
1.259506e-01 9.529237e+02 1.625321e+03 2.156426e+03 3.329951e+03 
1.277063e-01 9.333748e+02 1.593768e+03 2.108692e+03 3.255569e+03 
1.294865e-01 9.136842e+02 1.563361e+03 2.063640e+03 3.185493e+03 
1.312915e-01 8.939293e+02 1.534080e+03 2.021225e+03 3.119743e+03 
1.331216e-01 8.741911e+02 1.505802e+03 1.981226e+03 3.058045e+03 
1.349772e-01 8.545584e+02 1.478345e+03 1.943312e+03 2.999901e+03 
1.368587e-01 8.351331e+02 1.451526e+03 1.907117e+03 2.944698e+03 
1.387665e-01 8.160226e+02 1.425185e+03 1.872301e+03 2.891782e+03 
1.407008e-01 7.973282e+02 1.399204e+03 1.838574e+03 2.840530e+03 
1.426621e-01 7.791305e+02 1.373508e+03 1.805715e+03 2.790388e+03 
1.446507e-01 7.615087e+02 1.348105e+03 1.773639e+03 2.741022e+03 
1.466671e-01 7.445322e+02 1.323072e+03 1.742380e+03 2.692327e+03 
1.487115e-01 7.282426e+02 1.298512e+03 1.712039e+03 2.644371e+03 
1.507845e-01 7.126790e+02 1.274580e+03 1.682808e+03 2.597459e+03 
1.528864e-01 6.978618e+02 1.251433e+03 1.654894e+03 2.552019e+03 
1.550175e-01 6.837810e+02 1.229188e+03 1.628461e+03 2.508488e+03 
1.571784e-01 6.704224e+02 1.207953e+03 1.603649e+03 2.467326e+03 
1.593694e-01 6.577450e+02 1.187772e+03 1.580500e+03 2.428865e+03 
1.615909e-01 6.456858e+02 1.168628e+03 1.558957e+03 2.393262e+03 
1.638434e-01 6.341698e+02 1.150455e+03 1.538875e+03 2.360493e+03 
1.661273e-01 6.230864e+02 1.133100e+03 1.519974e+03 2.330246e+03 
1.684430e-01 6.123091e+02 1.116357e+03 1.501883e+03 2.301986e+03 
1.707910e-01 6.017181e+02 1.100008e+03 1.484208e+03 2.275052e+03 
1.731717e-01 5.912044e+02 1.083835e+03 1.466557e+03 2.248712e+03 
1.755856e-01 5.806647e+02 1.067610e+03 1.448538e+03 2.222193e+03 
1.780332e-01 5.700436e+02 1.051173e+03 1.429884e+03 2.194894e+03 
1.805149e-01 5.592985e+02 1.034378e+03 1.410382e+03 2.166319e+03 
1.830312e-01 5.484088e+02 1.017118e+03 1.389910e+03 2.136153e+03 
1.855825e-01 5.373720e+02 9.993239e+02 1.368431e+03 2.104273e+03 
1.881694e-01 5.261999e+02 9.809645e+02 1.345985e+03 2.070733e+03 
1.907924e-01 5.149275e+02 9.620714e+02 1.322701e+03 2.035784e+03 
1.934520e-01 5.036038e+02 9.427233e+02 1.298758e+03 1.999794e+03 
1.961486e-01 4.923079e+02 9.230710e+02 1.274421e+03 1.963271e+03 
1.988828e-01 4.811304e+02 9.033030e+02 1.249975e+03 1.926758e+03 
2.016551e-01 4.701678e+02 8.836291e+02 1.225709e+03 1.890767e+03 
2.044661e-01 4.595158e+02 8.642631e+02 1.201894e+03 1.855751e+03 
2.073162e-01 4.492270e+02 8.453438e+02 1.178676e+03 1.821932e+03 
2.102061e-01 4.393322e+02 8.269727e+02 1.156140e+03 1.789392e+03 
2.131362e-01 4.298393e+02 8.092095e+02 1.134298e+03 1.758091e+03 
2.161073e-01 4.207413e+02 7.920894e+02 1.113130e+03 1.727914e+03 
2.191197e-01 4.120125e+02 7.756163e+02 1.092569e+03 1.698687e+03 
2.221741e-01 4.036154e+02 7.597755e+02 1.072531e+03 1.670222e+03 
2.252711e-01 3.955001e+02 7.445330e+02 1.052915e+03 1.642325e+03 
2.284112e-01 3.876074e+02 7.298385e+02 1.033613e+03 1.614816e+03 
2.315951e-01 3.798644e+02 7.156157e+02 1.014499e+03 1.587518e+03 
2.348235e-01 3.722027e+02 7.017887e+02 9.954720e+02 1.560301e+03 
2.380968e-01 3.645795e+02 6.883160e+02 9.764951e+02 1.533160e+03 
2.414157e-01 3.569710e+02 6.751743e+02 9.575788e+02 1.506162e+03 
2.447809e-01 3.493769e+02 6.623632e+02 9.387827e+02 1.479442e+03 
2.481930e-01 3.418054e+02 6.498798e+02 9.201743e+02 1.453135e+03 
2.516527e-01 3.342710e+02 6.377157e+02 9.018227e+02 1.427356e+03 
2.551606e-01 3.267936e+02 6.258575e+02 8.837957e+02 1.402191e+03 
2.587174e-01 3.194074e+02 6.143073e+02 8.661840e+02 1.377739e+03 
2.623238e-01 3.121709e+02 6.031046e+02 8.491275e+02 1.354157e+03 
2.659804e-01 3.051374e+02 5.922793e+02 8.327469e+02 1.331557e+03 
2.696881e-01 2.983462e+02 5.818387e+02 8.171213e+02 1.309982e+03 
2.734474e-01 2.918023e+02 5.717367e+02 8.022429e+02 1.289336e+03 
2.772591e-01 2.854877e+02 5.618940e+02 7.880426e+02 1.269441e+03 
2.811239e-01 2.793687e+02 5.522138e+02 7.744081e+02 1.250072e+03 
2.850426e-01 2.734183e+02 5.426232e+02 7.612405e+02 1.231048e+03 
2.890160e-01 2.676178e+02 5.330755e+02 7.484585e+02 1.212251e+03 
2.930447e-01 2.619505e+02 5.235407e+02 7.359892e+02 1.193601e+03 
2.971296e-01 2.563840e+02 5.139704e+02 7.237240e+02 1.174995e+03 
3.012714e-01 2.508860e+02 5.043241e+02 7.115595e+02 1.156349e+03 
3.054710e-01 2.454369e+02 4.945879e+02 6.994254e+02 1.137647e+03 
3.097291e-01 2.400404e+02 4.847907e+02 6.873115e+02 1.118965e+03 
3.140465e-01 2.347215e+02 4.749976e+02 6.752587e+02 1.100448e+03 
3.184242e-01 2.295030e+02 4.652683e+02 6.633054e+02 1.082220e+03 
3.228628e-01 2.243964e+02 4.556388e+02 6.514628e+02 1.064336e+03 
3.273634e-01 2.194118e+02 4.461423e+02 6.397431e+02 1.046829e+03 
3.319266e-01 2.145552e+02 4.368027e+02 6.281520e+02 1.029696e+03 
3.365535e-01 2.098379e+02 4.276556e+02 6.167161e+02 1.012952e+03 
3.412449e-01 2.052688e+02 4.187318e+02 6.054622e+02 9.965956e+02 
3.460016e-01 2.008333e+02 4.100234e+02 5.943689e+02 9.805466e+02 
3.508247e-01 1.965094e+02 4.015107e+02 5.834044e+02 9.647070e+02 
3.557150e-01 1.922781e+02 3.931789e+02 5.725482e+02 9.490051e+02 
3.606735e-01 1.881345e+02 3.850374e+02 5.618175e+02 9.334379e+02 
3.657011e-01 1.840792e+02 3.771031e+02 5.512442e+02 9.180372e+02 
3.707988e-01 1.801081e+02 3.693811e+02 5.408469e+02 9.028232e+02 
3.759675e-01 1.762171e+02 3.618728e+02 5.306433e+02 8.878231e+02 
3.812083e-01 1.724095e+02 3.545876e+02 5.206660e+02 8.730913e+02 
3.865221e-01 1.686939e+02 3.475396e+02 5.109568e+02 8.586993e+02 
3.919100e-01 1.650783e+02 3.407373e+02 5.015524e+02 8.447106e+02 
3.973730e-01 1.615565e+02 3.341622e+02 4.924531e+02 8.311300e+02 
4.029122e-01 1.581237e+02 3.277957e+02 4.836578e+02 8.179611e+02 
4.085286e-01 1.547780e+02 3.216237e+02 4.751680e+02 8.052118e+02 
4.142232e-01 1.515176e+02 3.156330e+02 4.669811e+02 7.928848e+02 
4.199973e-01 1.483316e+02 3.097961e+02 4.590674e+02 7.809431e+02 
4.258518e-01 1.452121e+02 3.040926e+02 4.513992e+02 7.693535e+02 
4.317880e-01 1.421603e+02 2.985199e+02 4.439658e+02 7.581107e+02 
4.378069e-01 1.391789e+02 2.930799e+02 4.367567e+02 7.472085e+02 
4.439097e-01 1.362650e+02 2.877661e+02 4.297457e+02 7.366132e+02 
4.500975e-01 1.334171e+02 2.825757e+02 4.229107e+02 7.262942e+02 
4.563716e-01 1.306372e+02 2.775121e+02 4.162389e+02 7.162305e+02 
4.627332e-01 1.279255e+02 2.725753e+02 4.097155e+02 7.063946e+02 
4.691835e-01 1.252786e+02 2.677585e+02 4.033201e+02 6.967464e+02 
4.757236e-01 1.226905e+02 2.630508e+02 3.970307e+02 6.872410e+02 
4.823549e-01 1.201628e+02 2.584530e+02 3.908452e+02 6.778628e+02 
4.890787e-01 1.176938e+02 2.539603e+02 3.847563e+02 6.685880e+02 
4.958962e-01 1.152791e+02 2.495625e+02 3.787514e+02 6.593854e+02 
5.028087e-01 1.129180e+02 2.452566e+02 3.728282e+02 6.502421e+02 
5.098176e-01 1.106138e+02 2.410462e+02 3.669932e+02 6.411612e+02 
5.169242e-01 1.083642e+02 2.369257e+02 3.612410e+02 6.321310e+02 
5.241298e-01 1.061641e+02 2.328858e+02 3.555604e+02 6.231349e+02 
5.314359e-01 1.040166e+02 2.289305e+02 3.499587e+02 6.141874e+02 
5.388438e-01 1.019215e+02 2.250592e+02 3.444372e+02 6.052968e+02 
5.463550e-01 9.987196e+01 2.212609e+02 3.389839e+02 5.964533e+02 
5.539709e-01 9.787018e+01 2.175390e+02 3.336069e+02 5.876778e+02 
5.616930e-01 9.591570e+01 2.138929e+02 3.283099e+02 5.789852e+02 
5.695227e-01 9.400520e+01 2.103171e+02 3.230905e+02 5.703810e+02 
5.774615e-01 9.213757e+01 2.068099e+02 3.179513e+02 5.618792e+02 
5.855110e-01 9.031521e+01 2.033748e+02 3.129030e+02 5.535052e+02 
5.936727e-01 8.853278e+01 2.000028e+02 3.079387e+02 5.452611e+02 
6.019482e-01 8.679217e+01 1.966965e+02 3.030674e+02 5.371727e+02 
6.103390e-01 8.509204e+01 1.934536e+02 2.982907e+02 5.292569e+02 
6.188468e-01 8.342882e+01 1.902687e+02 2.936057e+02 5.215238e+02 
6.274732e-01 8.180466e+01 1.871460e+02 2.890214e+02 5.140002e+02 
6.362198e-01 8.021830e+01 1.840850e+02 2.845396e+02 5.066997e+02 
6.450884e-01 7.866693e+01 1.810830e+02 2.801582e+02 4.996262e+02 
6.540806e-01 7.715069e+01 1.781427e+02 2.758803e+02 4.927864e+02 
6.631981e-01 7.566940e+01 1.752658e+02 2.717072e+02 4.861781e+02 
6.724427e-01 7.422147e+01 1.724521e+02 2.676356e+02 4.797874e+02 
6.818162e-01 7.280614e+01 1.697018e+02 2.636622e+02 4.735958e+02 
6.913204e-01 7.142285e+01 1.670151e+02 2.597828e+02 4.675800e+02 
7.009570e-01 7.007087e+01 1.643910e+02 2.559920e+02 4.617134e+02 
7.107280e-01 6.874948e+01 1.618280e+02 2.522835e+02 4.559689e+02 
7.206351e-01 6.745788e+01 1.593233e+02 2.486512e+02 4.503211e+02 
7.306804e-01 6.619515e+01 1.568741e+02 2.450889e+02 4.447474e+02 
7.408657e-01 6.496033e+01 1.544765e+02 2.415909e+02 4.392299e+02 
7.511929e-01 6.375285e+01 1.521269e+02 2.381528e+02 4.337558e+02 
7.616642e-01 6.257213e+01 1.498221e+02 2.347710e+02 4.283169e+02 
7.722814e-01 6.141752e+01 1.475583e+02 2.314420e+02 4.229084e+02 
7.830465e-01 6.028833e+01 1.453322e+02 2.281625e+02 4.175282e+02 
7.939618e-01 5.918396e+01 1.431409e+02 2.249303e+02 4.121767e+02 
8.050292e-01 5.810371e+01 1.409819e+02 2.217429e+02 4.068559e+02 
8.162509e-01 5.704680e+01 1.388537e+02 2.185988e+02 4.015686e+02 
8.276289e-01 5.601260e+01 1.367551e+02 2.154970e+02 3.963195e+02 
8.391656e-01 5.500058e+01 1.346858e+02 2.124373e+02 3.911133e+02 
8.508632e-01 5.401011e+01 1.326458e+02 2.094198e+02 3.859554e+02 
8.627237e-01 5.304055e+01 1.306352e+02 2.064447e+02 3.808505e+02 
8.747496e-01 5.209139e+01 1.286546e+02 2.035125e+02 3.758032e+02 
8.869432e-01 5.116212e+01 1.267042e+02 2.006231e+02 3.708165e+02 
8.993067e-01 5.025211e+01 1.247843e+02 1.977762e+02 3.658923e+02 
9.118425e-01 4.936089e+01 1.228950e+02 1.949708e+02 3.610309e+02 
9.245531e-01 4.848803e+01 1.210363e+02 1.922054e+02 3.562308e+02 
9.374409e-01 4.763309e+01 1.192078e+02 1.894782e+02 3.514893e+02 
9.505083e-01 4.679559e+01 1.174089e+02 1.867867e+02 3.468026e+02 
9.637579e-01 4.597512e+01 1.156389e+02 1.841290e+02 3.421667e+02 
9.771921e-01 4.517128e+01 1.138970e+02 1.815030e+02 3.375782e+02 
9.908137e-01 4.438360e+01 1.121823e+02 1.789075e+02 3.330341e+02 
1.004625e+00 4.361164e+01 1.104938e+02 1.763417e+02 3.285327e+02 
1.018629e+00 4.285514e+01 1.088306e+02 1.738055e+02 3.240735e+02 
1.032828e+00 4.211375e+01 1.071922e+02 1.712993e+02 3.196564e+02 
1.047225e+00 4.138710e+01 1.055777e+02 1.688233e+02 3.152814e+02 
1.061823e+00 4.067485e+01 1.039865e+02 1.663776e+02 3.109485e+02 
1.076624e+00 3.997669e+01 1.024182e+02 1.639623e+02 3.066572e+02 
1.091632e+00 3.929224e+01 1.008721e+02 1.615767e+02 3.024063e+02 
1.106848e+00 3.862110e+01 9.934766e+01 1.592203e+02 2.981945e+02 
1.122277e+00 3.796301e+01 9.784448e+01 1.568920e+02 2.940207e+02 
1.137921e+00 3.731768e+01 9.636217e+01 1.545914e+02 2.898839e+02 
1.153783e+00 3.668479e+01 9.490031e+01 1.523176e+02 2.857837e+02 
1.169866e+00 3.606402e+01 9.345847e+01 1.500703e+02 2.817197e+02 
1.186174e+00 3.545508e+01 9.203628e+01 1.478493e+02 2.776925e+02 
1.202708e+00 3.485762e+01 9.063334e+01 1.456541e+02 2.737020e+02 
1.219473e+00 3.427128e+01 8.924919e+01 1.434848e+02 2.697480e+02 
1.236472e+00 3.369582e+01 8.788353e+01 1.413409e+02 2.658302e+02 
1.253708e+00 3.313105e+01 8.653606e+01 1.392222e+02 2.619475e+02 
1.271184e+00 3.257669e+01 8.520644e+01 1.371281e+02 2.580985e+02 
1.288904e+00 3.203249e+01 8.389430e+01 1.350579e+02 2.542814e+02 
1.306870e+00 3.149825e+01 8.259931e+01 1.330108e+02 2.504946e+02 
1.325087e+00 3.097366e+01 8.132109e+01 1.309859e+02 2.467365e+02 
1.343558e+00 3.045848e+01 8.005927e+01 1.289824e+02 2.430062e+02 
1.362287e+00 2.995244e+01 7.881356e+01 1.269999e+02 2.393035e+02 
1.381276e+00 2.945536e+01 7.758377e+01 1.250380e+02 2.356286e+02 
1.400531e+00 2.896699e+01 7.636969e+01 1.230965e+02 2.319826e+02 
1.420053e+00 2.848710e+01 7.517124e+01 1.211755e+02 2.283671e+02 
1.439848e+00 2.801550e+01 7.398838e+01 1.192754e+02 2.247838e+02 
1.459919e+00 2.755199e+01 7.282111e+01 1.173966e+02 2.212349e+02 
1.480269e+00 2.709632e+01 7.166942e+01 1.155399e+02 2.177222e+02 
1.500903e+00 2.664831e+01 7.053329e+01 1.137057e+02 2.142475e+02 
1.521825e+00 2.620778e+01 6.941266e+01 1.118946e+02 2.108119e+02 
1.543038e+00 2.577454e+01 6.830743e+01 1.101069e+02 2.074162e+02 
1.564548e+00 2.534840e+01 6.721730e+01 1.083429e+02 2.040604e+02 
1.586357e+00 2.492918e+01 6.614198e+01 1.066022e+02 2.007438e+02 
1.608469e+00 2.451671e+01 6.508106e+01 1.048843e+02 1.974654e+02 
1.630891e+00 2.411081e+01 6.403405e+01 1.031884e+02 1.942237e+02 
1.653624e+00 2.371129e+01 6.300048e+01 1.015136e+02 1.910167e+02 
1.676675e+00 2.331804e+01 6.197987e+01 9.985858e+01 1.878427e+02 
1.700047e+00 2.293093e+01 6.097181e+01 9.822229e+01 1.846994e+02 
1.723745e+00 2.254979e+01 5.997586e+01 9.660370e+01 1.815849e+02 
1.747773e+00 2.217453e+01 5.899171e+01 9.500180e+01 1.784976e+02 
1.772136e+00 2.180501e+01 5.801909e+01 9.341583e+01 1.754361e+02 
1.796838e+00 2.144112e+01 5.705782e+01 9.184527e+01 1.723998e+02 
1.821885e+00 2.108275e+01 5.610776e+01 9.028984e+01 1.693881e+02 
1.847281e+00 2.072980e+01 5.516890e+01 8.874948e+01 1.664014e+02 
1.873032e+00 2.038219e+01 5.424127e+01 8.722433e+01 1.634405e+02 
1.899141e+00 2.003983e+01 5.332489e+01 8.571466e+01 1.605062e+02 
1.925614e+00 1.970262e+01 5.241979e+01 8.422079e+01 1.575999e+02 
1.952456e+00 1.937047e+01 5.152600e+01 8.274310e+01 1.547232e+02 
1.979672e+00 1.904329e+01 5.064347e+01 8.128192e+01 1.518773e+02 
2.007267e+00 1.872099e+01 4.977212e+01 7.983757e+01 1.490634e+02 
2.035248e+00 1.840347e+01 4.891182e+01 7.841029e+01 1.462824e+02 
2.063618e+00 1.809066e+01 4.806242e+01 7.700024e+01 1.435351e+02 
2.092383e+00 1.778247e+01 4.722374e+01 7.560755e+01 1.408219e+02 
2.121550e+00 1.747882e+01 4.639559e+01 7.423220e+01 1.381430e+02 
2.151123e+00 1.717963e+01 4.557776e+01 7.287413e+01 1.354983e+02 
2.181109e+00 1.688482e+01 4.477010e+01 7.153322e+01 1.328879e+02 
2.211512e+00 1.659431e+01 4.397243e+01 7.020927e+01 1.303111e+02 
2.242340e+00 1.630805e+01 4.318460e+01 6.890206e+01 1.277677e+02 
2.273597e+00 1.602594e+01 4.240648e+01 6.761138e+01 1.252573e+02 
2.305289e+00 1.574792e+01 4.163796e+01 6.633702e+01 1.227795e+02 
2.337424e+00 1.547394e+01 4.087893e+01 6.507878e+01 1.203337e+02 
2.370006e+00 1.520392e+01 4.012932e+01 6.383652e+01 1.179199e+02 
2.403043e+00 1.493780e+01 3.938907e+01 6.261011e+01 1.155378e+02 
2.436540e+00 1.467553e+01 3.865812e+01 6.139946e+01 1.131872e+02 
2.470504e+00 1.441704e+01 3.793648e+01 6.020453e+01 1.108683e+02 
2.504942e+00 1.416227e+01 3.722411e+01 5.902529e+01 1.085810e+02 
2.539859e+00 1.391119e+01 3.652105e+01 5.786175e+01 1.063256e+02 
2.575263e+00 1.366371e+01 3.582728e+01 5.671392e+01 1.041021e+02 
2.611161e+00 1.341982e+01 3.514285e+01 5.558182e+01 1.019109e+02 
2.647559e+00 1.317943e+01 3.446772e+01 5.446545e+01 9.975204e+01 
2.684465e+00 1.294251e+01 3.380190e+01 5.336482e+01 9.762561e+01 
2.721885e+00 1.270900e+01 3.314536e+01 5.227989e+01 9.553168e+01 
2.759826e+00 1.247886e+01 3.249805e+01 5.121059e+01 9.347024e+01 
2.798297e+00 1.225205e+01 3.185990e+01 5.015686e+01 9.144124e+01 
2.837304e+00 1.202851e+01 3.123087e+01 4.911860e+01 8.944455e+01 
2.876854e+00 1.180821e+01 3.061087e+01 4.809571e+01 8.748007e+01 
2.916956e+00 1.159112e+01 2.999984e+01 4.708813e+01 8.554768e+01 
2.957617e+00 1.137718e+01 2.939771e+01 4.609575e+01 8.364728e+01 
2.998844e+00 1.116635e+01 2.880443e+01 4.511851e+01 8.177874e+01 
3.040646e+00 1.095861e+01 2.821994e+01 4.415634e+01 7.994197e+01 
3.083031e+00 1.075390e+01 2.764419e+01 4.320917e+01 7.813685e+01 
3.126007e+00 1.055219e+01 2.707711e+01 4.227696e+01 7.636323e+01 
3.169582e+00 1.035345e+01 2.651866e+01 4.135964e+01 7.462097e+01 
3.213764e+00 1.015764e+01 2.596875e+01 4.045712e+01 7.290986e+01 
3.258562e+00 9.964723e+00 2.542734e+01 3.956935e+01 7.122972e+01 
3.303985e+00 9.774663e+00 2.489434e+01 3.869625e+01 6.958030e+01 
3.350041e+00 9.587428e+00 2.436969e+01 3.783771e+01 6.796133e+01 
3.396739e+00 9.402986e+00 2.385329e+01 3.699361e+01 6.637251e+01 
3.444087e+00 9.221303e+00 2.334506e+01 3.616385e+01 6.481351e+01 
3.492096e+00 9.042346e+00 2.284491e+01 3.534828e+01 6.328394e+01 
3.540774e+00 8.866084e+00 2.235275e+01 3.454675e+01 6.178338e+01 
3.590130e+00 8.692487e+00 2.186849e+01 3.375908e+01 6.031143e+01 
3.640175e+00 8.521524e+00 2.139204e+01 3.298512e+01 5.886762e+01 
3.690917e+00 8.353165e+00 2.092332e+01 3.222468e+01 5.745155e+01 
3.742366e+00 8.187384e+00 2.046224e+01 3.147762e+01 5.606284e+01 
3.794533e+00 8.024154e+00 2.000876e+01 3.074382e+01 5.470116e+01 
3.847427e+00 7.863446e+00 1.956279e+01 3.002315e+01 5.336622e+01 
3.901058e+00 7.705235e+00 1.912430e+01 2.931553e+01 5.205777e+01 
3.955436e+00 7.549496e+00 1.869324e+01 2.862090e+01 5.077563e+01 
4.010573e+00 7.396201e+00 1.826956e+01 2.793921e+01 4.951960e+01 
4.066478e+00 7.245325e+00 1.785323e+01 2.727040e+01 4.828951e+01 
4.123163e+00 7.096844e+00 1.744421e+01 2.661442e+01 4.708516e+01 
4.180637e+00 6.950733e+00 1.704245e+01 2.597120e+01 4.590632e+01 
4.238913e+00 6.806966e+00 1.664791e+01 2.534068e+01 4.475274e+01 
4.298001e+00 6.665519e+00 1.626056e+01 2.472275e+01 4.362415e+01 
4.357913e+00 6.526367e+00 1.588032e+01 2.411733e+01 4.252021e+01 
4.418660e+00 6.389485e+00 1.550717e+01 2.352426e+01 4.144058e+01 
4.480254e+00 6.254848e+00 1.514104e+01 2.294340e+01 4.038489e+01 
4.542706e+00 6.122433e+00 1.478188e+01 2.237461e+01 3.935274e+01 
4.606029e+00 5.992215e+00 1.442961e+01 2.181772e+01 3.834376e+01 
4.670234e+00 5.864168e+00 1.408416e+01 2.127256e+01 3.735750e+01 
4.735335e+00 5.738270e+00 1.374546e+01 2.073896e+01 3.639360e+01 
4.801343e+00 5.614499e+00 1.341344e+01 2.021673e+01 3.545164e+01 
4.868271e+00 5.492826e+00 1.308801e+01 1.970570e+01 3.453120e+01 
4.936132e+00 5.373233e+00 1.276908e+01 1.920568e+01 3.363188e+01 
5.004939e+00 5.255692e+00 1.245657e+01 1.871649e+01 3.275328e+01 
5.074705e+00 5.140184e+00 1.215037e+01 1.823794e+01 3.189500e+01 
5.145444e+00 5.026684e+00 1.185042e+01 1.776985e+01 3.105661e+01 
5.217169e+00 4.915168e+00 1.155660e+01 1.731204e+01 3.023774e+01 
5.289893e+00 4.805616e+00 1.126885e+01 1.686434e+01 2.943801e+01 
5.363631e+00 4.698004e+00 1.098709e+01 1.642659e+01 2.865705e+01 
5.438397e+00 4.592311e+00 1.071122e+01 1.599860e+01 2.789453e+01 
5.514206e+00 4.488512e+00 1.044117e+01 1.558026e+01 2.715010e+01 
5.591071e+00 4.386588e+00 1.017686e+01 1.517138e+01 2.642348e+01 
5.669007e+00 4.286515e+00 9.918213e+00 1.477184e+01 2.571434e+01 
5.748030e+00 4.188273e+00 9.665141e+00 1.438150e+01 2.502238e+01 
5.828155e+00 4.091838e+00 9.417564e+00 1.400019e+01 2.434732e+01 
5.909396e+00 3.997191e+00 9.175400e+00 1.362779e+01 2.368883e+01 
5.991770e+00 3.904308e+00 8.938564e+00 1.326414e+01 2.304662e+01 
6.075292e+00 3.813169e+00 8.706973e+00 1.290910e+01 2.242035e+01 
6.159978e+00 3.723753e+00 8.480545e+00 1.256251e+01 2.180973e+01 
6.245845e+00 3.636038e+00 8.259196e+00 1.222423e+01 2.121443e+01 
6.332908e+00 3.550002e+00 8.042846e+00 1.189410e+01 2.063412e+01 
6.421186e+00 3.465625e+00 7.831414e+00 1.157197e+01 2.006849e+01 
6.510694e+00 3.382887e+00 7.624819e+00 1.125769e+01 1.951720e+01 
6.601449e+00 3.301764e+00 7.422985e+00 1.095111e+01 1.897994e+01 
6.693470e+00 3.222239e+00 7.225833e+00 1.065207e+01 1.845640e+01 
6.786773e+00 3.144287e+00 7.033282e+00 1.036042e+01 1.794627e+01 
6.881377e+00 3.067890e+00 6.845255e+00 1.007601e+01 1.744924e+01 
6.977300e+00 2.993026e+00 6.661672e+00 9.798694e+00 1.696502e+01 
7.074559e+00 2.919676e+00 6.482451e+00 9.528317e+00 1.649331e+01 
7.173175e+00 2.847816e+00 6.307515e+00 9.264736e+00 1.603383e+01 
7.273165e+00 2.777427e+00 6.136782e+00 9.007812e+00 1.558630e+01 
7.374549e+00 2.708489e+00 5.970170e+00 8.757402e+00 1.515045e+01 
7.477346e+00 2.640981e+00 5.807600e+00 8.513370e+00 1.472600e+01 
7.581576e+00 2.574883e+00 5.648994e+00 8.275580e+00 1.431270e+01 
7.687260e+00 2.510173e+00 5.494270e+00 8.043900e+00 1.391028e+01 
7.794416e+00 2.446831e+00 5.343352e+00 7.818196e+00 1.351850e+01 
7.903066e+00 2.384838e+00 5.196163e+00 7.598341e+00 1.313711e+01 
8.013230e+00 2.324172e+00 5.052626e+00 7.384202e+00 1.276585e+01 
8.124930e+00 2.264814e+00 4.912665e+00 7.175652e+00 1.240449e+01 
8.238187e+00 2.206743e+00 4.776209e+00 6.972563e+00 1.205281e+01 
8.353023e+00 2.149942e+00 4.643185e+00 6.774810e+00 1.171054e+01 
8.469460e+00 2.094388e+00 4.513520e+00 6.582265e+00 1.137748e+01 
8.587519e+00 2.040062e+00 4.387147e+00 6.394809e+00 1.105341e+01 
8.707225e+00 1.986945e+00 4.263996e+00 6.212321e+00 1.073808e+01 
8.828599e+00 1.935017e+00 4.143999e+00 6.034682e+00 1.043129e+01 
8.951665e+00 1.884260e+00 4.027090e+00 5.861778e+00 1.013282e+01 
9.076446e+00 1.834652e+00 3.913205e+00 5.693498e+00 9.842490e+00 
9.202967e+00 1.786175e+00 3.802276e+00 5.529732e+00 9.560069e+00 
9.331251e+00 1.738812e+00 3.694241e+00 5.370376e+00 9.285365e+00 
9.461324e+00 1.692542e+00 3.589036e+00 5.215322e+00 9.018186e+00 
9.593209e+00 1.647346e+00 3.486599e+00 5.064470e+00 8.758341e+00 
9.726934e+00 1.603206e+00 3.386868e+00 4.917722e+00 8.505644e+00 
9.862522e+00 1.560102e+00 3.289782e+00 4.774978e+00 8.259914e+00 
1.000000e+01 1.518018e+00 3.195281e+00 4.636144e+00 8.020976e+00 
