1.000000e-02 4.449989e+04 8.343639e+04 2.358723e+05 3.570540e+05 
1.013939e-02 3.853535e+04 7.612323e+04 2.289941e+05 3.469094e+05 
1.028073e-02 3.294850e+04 6.961191e+04 2.223995e+05 3.370195e+05 
1.042404e-02 2.777591e+04 6.387968e+04 2.160747e+05 3.273795e+05 
1.056935e-02 2.304972e+04 5.890551e+04 2.100035e+05 3.179494e+05 
1.071668e-02 1.879952e+04 5.467289e+04 2.041681e+05 3.086666e+05 
1.086606e-02 1.505363e+04 5.117067e+04 1.985504e+05 2.994602e+05 
1.101753e-02 1.183973e+04 4.839212e+04 1.931339e+05 2.902663e+05 
1.117111e-02 9.184439e+03 4.633220e+04 1.879040e+05 2.810397e+05 
1.132683e-02 7.111622e+03 4.498364e+04 1.828493e+05 2.717644e+05 
1.148472e-02 5.639957e+03 4.433229e+04 1.779621e+05 2.624597e+05 
1.164481e-02 4.779813e+03 4.435279e+04 1.732377e+05 2.531818e+05 
1.180713e-02 4.530160e+03 4.500500e+04 1.686748e+05 2.440221e+05 
1.197171e-02 4.876070e+03 4.623216e+04 1.642744e+05 2.351011e+05 
1.213859e-02 5.787257e+03 4.796066e+04 1.600387e+05 2.265590e+05 
1.230780e-02 7.218069e+03 5.010177e+04 1.559704e+05 2.185434e+05 
1.247936e-02 9.108915e+03 5.255507e+04 1.520714e+05 2.111962e+05 
1.265332e-02 1.138906e+04 5.521294e+04 1.483423e+05 2.046401e+05 
1.282970e-02 1.398029e+04 5.796603e+04 1.447811e+05 1.989680e+05 
1.300854e-02 1.680105e+04 6.070859e+04 1.413830e+05 1.942356e+05 
1.318987e-02 1.977051e+04 6.334392e+04 1.381406e+05 1.904580e+05 
1.337373e-02 2.281236e+04 6.578884e+04 1.350437e+05 1.876123e+05 
1.356015e-02 2.585758e+04 6.797741e+04 1.320800e+05 1.856432e+05 
1.374917e-02 2.884671e+04 6.986305e+04 1.292358e+05 1.844723e+05 
1.394083e-02 3.173071e+04 7.141960e+04 1.264968e+05 1.840077e+05 
1.413516e-02 3.447101e+04 7.264013e+04 1.238493e+05 1.841522e+05 
1.433219e-02 3.703845e+04 7.353467e+04 1.212809e+05 1.848098e+05 
1.453198e-02 3.941143e+04 7.412621e+04 1.187815e+05 1.858879e+05 
1.473454e-02 4.157333e+04 7.444582e+04 1.163434e+05 1.872968e+05 
1.493993e-02 4.351004e+04 7.452735e+04 1.139624e+05 1.889465e+05 
1.514819e-02 4.520750e+04 7.440291e+04 1.116366e+05 1.907425e+05 
1.535935e-02 4.665009e+04 7.409890e+04 1.093669e+05 1.925820e+05 
1.557345e-02 4.782021e+04 7.363426e+04 1.071560e+05 1.943519e+05 
1.579053e-02 4.869904e+04 7.302019e+04 1.050074e+05 1.959297e+05 
1.601064e-02 4.926825e+04 7.226184e+04 1.029249e+05 1.971867e+05 
1.623382e-02 4.951270e+04 7.136132e+04 1.009119e+05 1.979940e+05 
1.646012e-02 4.942332e+04 7.032128e+04 9.897040e+04 1.982300e+05 
1.668956e-02 4.899965e+04 6.914846e+04 9.710072e+04 1.977882e+05 
1.692220e-02 4.825169e+04 6.785655e+04 9.530146e+04 1.965838e+05 
1.715809e-02 4.720084e+04 6.646781e+04 9.356925e+04 1.945600e+05 
1.739726e-02 4.587948e+04 6.501296e+04 9.189903e+04 1.916909e+05 
1.763977e-02 4.432987e+04 6.353002e+04 9.028454e+04 1.879832e+05 
1.788566e-02 4.260185e+04 6.206134e+04 8.871865e+04 1.834757e+05 
1.813498e-02 4.075025e+04 6.065013e+04 8.719376e+04 1.782372e+05 
1.838777e-02 3.883190e+04 5.933676e+04 8.570256e+04 1.723637e+05 
1.864409e-02 3.690289e+04 5.815491e+04 8.423806e+04 1.659742e+05 
1.890397e-02 3.501589e+04 5.712925e+04 8.279419e+04 1.592066e+05 
1.916748e-02 3.321816e+04 5.627369e+04 8.136593e+04 1.522130e+05 
1.943467e-02 3.154984e+04 5.559149e+04 7.994934e+04 1.451543e+05 
1.970558e-02 3.004285e+04 5.507608e+04 7.854184e+04 1.381944e+05 
1.998026e-02 2.872025e+04 5.471323e+04 7.714189e+04 1.314928e+05 
2.025878e-02 2.759598e+04 5.448317e+04 7.574902e+04 1.251977e+05 
2.054117e-02 2.667481e+04 5.436287e+04 7.436351e+04 1.194380e+05 
2.082751e-02 2.595280e+04 5.432790e+04 7.298610e+04 1.143160e+05 
2.111783e-02 2.541780e+04 5.435335e+04 7.161773e+04 1.099016e+05 
2.141220e-02 2.505043e+04 5.441457e+04 7.025924e+04 1.062285e+05 
2.171068e-02 2.482534e+04 5.448717e+04 6.891106e+04 1.032932e+05 
2.201331e-02 2.471287e+04 5.454686e+04 6.757310e+04 1.010564e+05 
2.232016e-02 2.468089e+04 5.456971e+04 6.624447e+04 9.944770e+04 
2.263130e-02 2.469690e+04 5.453218e+04 6.492360e+04 9.837216e+04 
2.294676e-02 2.473010e+04 5.441209e+04 6.360794e+04 9.771847e+04 
2.326663e-02 2.475323e+04 5.418923e+04 6.229432e+04 9.736725e+04 
2.359095e-02 2.474390e+04 5.384682e+04 6.097898e+04 9.719934e+04 
2.391980e-02 2.468555e+04 5.337213e+04 5.965787e+04 9.710274e+04 
2.425323e-02 2.456746e+04 5.275740e+04 5.832698e+04 9.697784e+04 
2.459130e-02 2.438435e+04 5.199988e+04 5.698258e+04 9.674105e+04 
2.493409e-02 2.413539e+04 5.110152e+04 5.562158e+04 9.632623e+04 
2.528166e-02 2.382295e+04 5.006827e+04 5.424168e+04 9.568480e+04 
2.563407e-02 2.345126e+04 4.890896e+04 5.284151e+04 9.478418e+04 
2.599140e-02 2.302529e+04 4.763444e+04 5.142072e+04 9.360608e+04 
2.635371e-02 2.254995e+04 4.625667e+04 4.998007e+04 9.214418e+04 
2.672106e-02 2.202959e+04 4.478838e+04 4.852141e+04 9.040202e+04 
2.709354e-02 2.146791e+04 4.324252e+04 4.704751e+04 8.839084e+04 
2.747121e-02 2.086802e+04 4.163251e+04 4.556198e+04 8.612830e+04 
2.785414e-02 2.023275e+04 3.997228e+04 4.406906e+04 8.363705e+04 
2.824241e-02 1.956494e+04 3.827627e+04 4.257344e+04 8.094377e+04 
2.863610e-02 1.886772e+04 3.655961e+04 4.108007e+04 7.807820e+04 
2.903527e-02 1.814487e+04 3.483798e+04 3.959416e+04 7.507264e+04 
2.944000e-02 1.740102e+04 3.312743e+04 3.812100e+04 7.196104e+04 
2.985038e-02 1.664181e+04 3.144394e+04 3.666591e+04 6.877806e+04 
3.026648e-02 1.587391e+04 2.980313e+04 3.523406e+04 6.555802e+04 
3.068838e-02 1.510501e+04 2.821958e+04 3.383040e+04 6.233395e+04 
3.111616e-02 1.434365e+04 2.670654e+04 3.245951e+04 5.913650e+04 
3.154990e-02 1.359889e+04 2.527523e+04 3.112531e+04 5.599308e+04 
3.198969e-02 1.287996e+04 2.393473e+04 2.983132e+04 5.292757e+04 
3.243561e-02 1.219580e+04 2.269161e+04 2.858050e+04 4.995996e+04 
3.288774e-02 1.155440e+04 2.154968e+04 2.737531e+04 4.710621e+04 
3.334618e-02 1.096227e+04 2.050980e+04 2.621769e+04 4.437829e+04 
3.381101e-02 1.042392e+04 1.957001e+04 2.510907e+04 4.178435e+04 
3.428231e-02 9.941506e+03 1.872559e+04 2.405031e+04 3.932911e+04 
3.476019e-02 9.514630e+03 1.796937e+04 2.304162e+04 3.701413e+04 
3.524473e-02 9.140518e+03 1.729243e+04 2.208264e+04 3.483872e+04 
3.573602e-02 8.814376e+03 1.668481e+04 2.117257e+04 3.280072e+04 
3.623416e-02 8.529881e+03 1.613616e+04 2.031015e+04 3.089713e+04 
3.673925e-02 8.279813e+03 1.563647e+04 1.949371e+04 2.912474e+04 
3.725137e-02 8.056681e+03 1.517651e+04 1.872124e+04 2.748060e+04 
3.777064e-02 7.853299e+03 1.474830e+04 1.799044e+04 2.596224e+04 
3.829714e-02 7.663135e+03 1.434507e+04 1.729857e+04 2.456733e+04 
3.883098e-02 7.480687e+03 1.396135e+04 1.664276e+04 2.329394e+04 
3.937226e-02 7.301667e+03 1.359300e+04 1.602011e+04 2.214025e+04 
3.992109e-02 7.123008e+03 1.323697e+04 1.542795e+04 2.110421e+04 
4.047757e-02 6.942745e+03 1.289105e+04 1.486380e+04 2.018302e+04 
4.104181e-02 6.759840e+03 1.255361e+04 1.432548e+04 1.937274e+04 
4.161391e-02 6.573961e+03 1.222334e+04 1.381118e+04 1.866796e+04 
4.219398e-02 6.385283e+03 1.189913e+04 1.331944e+04 1.806166e+04 
4.278214e-02 6.194314e+03 1.157990e+04 1.284916e+04 1.754519e+04 
4.337850e-02 6.001768e+03 1.126461e+04 1.239959e+04 1.710846e+04 
4.398317e-02 5.808484e+03 1.095222e+04 1.197024e+04 1.674023e+04 
4.459628e-02 5.615385e+03 1.064175e+04 1.156093e+04 1.642855e+04 
4.521792e-02 5.423460e+03 1.033236e+04 1.117166e+04 1.616123e+04 
4.584824e-02 5.233746e+03 1.002340e+04 1.080256e+04 1.592636e+04 
4.648734e-02 5.047188e+03 9.714249e+03 1.045357e+04 1.571242e+04 
4.713535e-02 4.864668e+03 9.404451e+03 1.012451e+04 1.550895e+04 
4.779239e-02 4.687059e+03 9.093955e+03 9.815151e+03 1.530715e+04 
4.845859e-02 4.515186e+03 8.783149e+03 9.525199e+03 1.510025e+04 
4.913407e-02 4.349799e+03 8.472901e+03 9.254250e+03 1.488369e+04 
4.981898e-02 4.191537e+03 8.164575e+03 9.001764e+03 1.465519e+04 
5.051342e-02 4.040954e+03 7.860045e+03 8.767091e+03 1.441468e+04 
5.121755e-02 3.898516e+03 7.561647e+03 8.549481e+03 1.416416e+04 
5.193150e-02 3.764608e+03 7.272037e+03 8.348047e+03 1.390711e+04 
5.265540e-02 3.639542e+03 6.994022e+03 8.161784e+03 1.364817e+04 
5.338938e-02 3.523581e+03 6.730381e+03 7.989598e+03 1.339248e+04 
5.413360e-02 3.416937e+03 6.483647e+03 7.830343e+03 1.314516e+04 
5.488820e-02 3.319761e+03 6.255875e+03 7.682821e+03 1.291075e+04 
5.565331e-02 3.232126e+03 6.048468e+03 7.545834e+03 1.269274e+04 
5.642908e-02 3.154027e+03 5.862076e+03 7.418228e+03 1.249327e+04 
5.721568e-02 3.085358e+03 5.696543e+03 7.298920e+03 1.231296e+04 
5.801323e-02 3.025923e+03 5.550946e+03 7.186911e+03 1.215090e+04 
5.882190e-02 2.975446e+03 5.423730e+03 7.081323e+03 1.200488e+04 
5.964185e-02 2.933611e+03 5.312903e+03 6.981428e+03 1.187171e+04 
6.047322e-02 2.900050e+03 5.216211e+03 6.886587e+03 1.174758e+04 
6.131619e-02 2.874360e+03 5.131344e+03 6.796230e+03 1.162845e+04 
6.217090e-02 2.856097e+03 5.056131e+03 6.709837e+03 1.151048e+04 
6.303753e-02 2.844787e+03 4.988705e+03 6.626966e+03 1.139041e+04 
6.391624e-02 2.839901e+03 4.927619e+03 6.547274e+03 1.126581e+04 
6.480720e-02 2.840799e+03 4.871788e+03 6.470421e+03 1.113504e+04 
6.571058e-02 2.846677e+03 4.820447e+03 6.396054e+03 1.099716e+04 
6.662655e-02 2.856537e+03 4.773050e+03 6.323793e+03 1.085176e+04 
6.755528e-02 2.869215e+03 4.729212e+03 6.253266e+03 1.069883e+04 
6.849697e-02 2.883371e+03 4.688584e+03 6.184098e+03 1.053853e+04 
6.945178e-02 2.897520e+03 4.650747e+03 6.115859e+03 1.037092e+04 
7.041990e-02 2.910091e+03 4.615153e+03 6.048060e+03 1.019588e+04 
7.140151e-02 2.919522e+03 4.581159e+03 5.980220e+03 1.001312e+04 
7.239681e-02 2.924381e+03 4.548099e+03 5.911931e+03 9.822426e+03 
7.340598e-02 2.923380e+03 4.515225e+03 5.842736e+03 9.623454e+03 
7.442922e-02 2.915412e+03 4.481729e+03 5.772104e+03 9.415893e+03 
7.546673e-02 2.899646e+03 4.446853e+03 5.699513e+03 9.199695e+03 
7.651869e-02 2.875636e+03 4.410046e+03 5.624616e+03 8.975433e+03 
7.758532e-02 2.843211e+03 4.370799e+03 5.547019e+03 8.743986e+03 
7.866682e-02 2.802431e+03 4.328590e+03 5.466228e+03 8.506430e+03 
7.976339e-02 2.753627e+03 4.282964e+03 5.381783e+03 8.264180e+03 
8.087525e-02 2.697464e+03 4.233641e+03 5.293426e+03 8.019131e+03 
8.200261e-02 2.634747e+03 4.180289e+03 5.200863e+03 7.773143e+03 
8.314568e-02 2.566370e+03 4.122471e+03 5.103736e+03 7.527867e+03 
8.430468e-02 2.493360e+03 4.059814e+03 5.001836e+03 7.284939e+03 
8.547985e-02 2.416840e+03 3.992026e+03 4.895137e+03 7.045908e+03 
8.667139e-02 2.337877e+03 3.918786e+03 4.783634e+03 6.811906e+03 
8.787954e-02 2.257455e+03 3.839794e+03 4.667392e+03 6.583677e+03 
8.910453e-02 2.176506e+03 3.754938e+03 4.546703e+03 6.361768e+03 
9.034660e-02 2.095826e+03 3.664233e+03 4.421991e+03 6.146401e+03 
9.160598e-02 2.016031e+03 3.567831e+03 4.293782e+03 5.937483e+03 
9.288292e-02 1.937574e+03 3.466047e+03 4.162711e+03 5.734697e+03 
9.417766e-02 1.860746e+03 3.359361e+03 4.029513e+03 5.537595e+03 
9.549045e-02 1.785725e+03 3.248451e+03 3.895034e+03 5.345751e+03 
9.682153e-02 1.712637e+03 3.134216e+03 3.760261e+03 5.158909e+03 
9.817117e-02 1.641591e+03 3.017730e+03 3.626278e+03 4.977047e+03 
9.953962e-02 1.572621e+03 2.900051e+03 3.494035e+03 4.800160e+03 
1.009272e-01 1.505804e+03 2.782330e+03 3.364511e+03 4.628521e+03 
1.023340e-01 1.441348e+03 2.665875e+03 3.238810e+03 4.462836e+03 
1.037605e-01 1.379522e+03 2.551996e+03 3.118001e+03 4.304016e+03 
1.052069e-01 1.320531e+03 2.441742e+03 3.002854e+03 4.152779e+03 
1.066734e-01 1.264654e+03 2.336153e+03 2.894147e+03 4.010021e+03 
1.081604e-01 1.212245e+03 2.236264e+03 2.792712e+03 3.876821e+03 
1.096681e-01 1.163565e+03 2.142844e+03 2.699137e+03 3.753987e+03 
1.111968e-01 1.118782e+03 2.056415e+03 2.613799e+03 3.642067e+03 
1.127468e-01 1.078059e+03 1.977432e+03 2.537080e+03 3.541609e+03 
1.143184e-01 1.041478e+03 1.906174e+03 2.469238e+03 3.452973e+03 
1.159120e-01 1.008970e+03 1.842629e+03 2.410234e+03 3.376107e+03 
1.175277e-01 9.804119e+02 1.786679e+03 2.359952e+03 3.310851e+03 
1.191660e-01 9.556337e+02 1.738110e+03 2.318188e+03 3.256926e+03 
1.208271e-01 9.343650e+02 1.696522e+03 2.284506e+03 3.213777e+03 
1.225114e-01 9.162951e+02 1.661430e+03 2.258347e+03 3.180731e+03 
1.242191e-01 9.010918e+02 1.632293e+03 2.239045e+03 3.157033e+03 
1.259506e-01 8.883615e+02 1.608439e+03 2.225727e+03 3.141712e+03 
1.277063e-01 8.776855e+02 1.589127e+03 2.217373e+03 3.133661e+03 
1.294865e-01 8.686395e+02 1.573568e+03 2.212859e+03 3.131673e+03 
1.312915e-01 8.607936e+02 1.560929e+03 2.210959e+03 3.134418e+03 
1.331216e-01 8.537046e+02 1.550314e+03 2.210341e+03 3.140394e+03 
1.349772e-01 8.469314e+02 1.540789e+03 2.209619e+03 3.147949e+03 
1.368587e-01 8.400795e+02 1.531464e+03 2.207483e+03 3.155420e+03 
1.387665e-01 8.327328e+02 1.521392e+03 2.202568e+03 3.160918e+03 
1.407008e-01 8.245039e+02 1.509662e+03 2.193606e+03 3.162513e+03 
1.426621e-01 8.150736e+02 1.495485e+03 2.179549e+03 3.158405e+03 
1.446507e-01 8.040877e+02 1.478041e+03 2.159348e+03 3.146656e+03 
1.466671e-01 7.912973e+02 1.456733e+03 2.132313e+03 3.125720e+03 
1.487115e-01 7.764963e+02 1.431103e+03 2.097976e+03 3.094319e+03 
1.507845e-01 7.595080e+02 1.400810e+03 2.056058e+03 3.051467e+03 
1.528864e-01 7.403419e+02 1.365910e+03 2.006839e+03 2.997042e+03 
1.550175e-01 7.190353e+02 1.326572e+03 1.950754e+03 2.931272e+03 
1.571784e-01 6.958156e+02 1.283344e+03 1.888755e+03 2.855265e+03 
1.593694e-01 6.710580e+02 1.237058e+03 1.822162e+03 2.770818e+03 
1.615909e-01 6.452137e+02 1.188688e+03 1.752465e+03 2.680096e+03 
1.638434e-01 6.188498e+02 1.139390e+03 1.681371e+03 2.585694e+03 
1.661273e-01 5.925917e+02 1.090392e+03 1.610653e+03 2.490356e+03 
1.684430e-01 5.670224e+02 1.042810e+03 1.541889e+03 2.396590e+03 
1.707910e-01 5.427562e+02 9.977670e+02 1.476640e+03 2.306873e+03 
1.731717e-01 5.202741e+02 9.561228e+02 1.416070e+03 2.223091e+03 
1.755856e-01 5.000050e+02 9.186103e+02 1.361151e+03 2.146824e+03 
1.780332e-01 4.822917e+02 8.857897e+02 1.312598e+03 2.079247e+03 
1.805149e-01 4.673991e+02 8.580698e+02 1.270911e+03 2.021189e+03 
1.830312e-01 4.555092e+02 8.357063e+02 1.236373e+03 1.973137e+03 
1.855825e-01 4.466998e+02 8.187763e+02 1.209023e+03 1.935204e+03 
1.881694e-01 4.409426e+02 8.071829e+02 1.188666e+03 1.907149e+03 
1.907924e-01 4.380724e+02 8.006106e+02 1.174818e+03 1.888303e+03 
1.934520e-01 4.377766e+02 7.985157e+02 1.166710e+03 1.877574e+03 
1.961486e-01 4.395679e+02 8.000868e+02 1.163235e+03 1.873381e+03 
1.988828e-01 4.428330e+02 8.043251e+02 1.163078e+03 1.873842e+03 
2.016551e-01 4.468349e+02 8.100485e+02 1.164721e+03 1.876785e+03 
2.044661e-01 4.507942e+02 8.160185e+02 1.166621e+03 1.879996e+03 
2.073162e-01 4.539018e+02 8.209551e+02 1.167225e+03 1.881245e+03 
2.102061e-01 4.554164e+02 8.236862e+02 1.165150e+03 1.878547e+03 
2.131362e-01 4.546580e+02 8.231296e+02 1.159145e+03 1.870098e+03 
2.161073e-01 4.511146e+02 8.184556e+02 1.148285e+03 1.854557e+03 
2.191197e-01 4.444383e+02 8.090755e+02 1.131932e+03 1.830990e+03 
2.221741e-01 4.345385e+02 7.947874e+02 1.109910e+03 1.799131e+03 
2.252711e-01 4.216111e+02 7.758241e+02 1.082553e+03 1.759458e+03 
2.284112e-01 4.061308e+02 7.528477e+02 1.050698e+03 1.713184e+03 
2.315951e-01 3.888147e+02 7.269047e+02 1.015629e+03 1.662185e+03 
2.348235e-01 3.705092e+02 6.992580e+02 9.788773e+02 1.608694e+03 
2.380968e-01 3.521151e+02 6.712776e+02 9.420897e+02 1.555124e+03 
2.414157e-01 3.344469e+02 6.442235e+02 9.067712e+02 1.503674e+03 
2.447809e-01 3.182079e+02 6.192039e+02 8.742396e+02 1.456265e+03 
2.481930e-01 3.039420e+02 5.970947e+02 8.455309e+02 1.414401e+03 
2.516527e-01 2.920134e+02 5.784979e+02 8.213482e+02 1.379095e+03 
2.551606e-01 2.826004e+02 5.637226e+02 8.020379e+02 1.350842e+03 
2.587174e-01 2.756802e+02 5.527515e+02 7.875454e+02 1.329548e+03 
2.623238e-01 2.710330e+02 5.452402e+02 7.774133e+02 1.314542e+03 
2.659804e-01 2.682642e+02 5.405537e+02 7.708250e+02 1.304628e+03 
2.696881e-01 2.668444e+02 5.378314e+02 7.666860e+02 1.298209e+03 
2.734474e-01 2.661734e+02 5.360980e+02 7.637645e+02 1.293485e+03 
2.772591e-01 2.656233e+02 5.343398e+02 7.607853e+02 1.288595e+03 
2.811239e-01 2.645800e+02 5.315767e+02 7.565205e+02 1.281739e+03 
2.850426e-01 2.624971e+02 5.269527e+02 7.499022e+02 1.271353e+03 
2.890160e-01 2.589608e+02 5.198407e+02 7.401531e+02 1.256305e+03 
2.930447e-01 2.537628e+02 5.099556e+02 7.269283e+02 1.236102e+03 
2.971296e-01 2.469538e+02 4.974349e+02 7.104134e+02 1.211032e+03 
3.012714e-01 2.388461e+02 4.828326e+02 6.913148e+02 1.182149e+03 
3.054710e-01 2.299407e+02 4.669966e+02 6.707041e+02 1.151037e+03 
3.097291e-01 2.208141e+02 4.508822e+02 6.497803e+02 1.119452e+03 
3.140465e-01 2.120287e+02 4.354083e+02 6.296911e+02 1.089063e+03 
3.184242e-01 2.040697e+02 4.213577e+02 6.114089e+02 1.061266e+03 
3.228628e-01 1.972970e+02 4.093036e+02 5.956404e+02 1.037069e+03 
3.273634e-01 1.919090e+02 3.995549e+02 5.827615e+02 1.016995e+03 
3.319266e-01 1.879085e+02 3.921048e+02 5.727549e+02 1.001004e+03 
3.365535e-01 1.850917e+02 3.866181e+02 5.651973e+02 9.884909e+02 
3.412449e-01 1.831015e+02 3.825179e+02 5.593693e+02 9.784346e+02 
3.460016e-01 1.814886e+02 3.790840e+02 5.543783e+02 9.695767e+02 
3.508247e-01 1.797850e+02 3.755703e+02 5.493052e+02 9.606263e+02 
3.557150e-01 1.775700e+02 3.713057e+02 5.433282e+02 9.504338e+02 
3.606735e-01 1.745243e+02 3.657793e+02 5.358269e+02 9.381370e+02 
3.657011e-01 1.705062e+02 3.587580e+02 5.265253e+02 9.233613e+02 
3.707988e-01 1.655836e+02 3.503347e+02 5.155498e+02 9.062997e+02 
3.759675e-01 1.600241e+02 3.409157e+02 5.034101e+02 8.876790e+02 
3.812083e-01 1.542057e+02 3.310810e+02 4.908250e+02 8.685098e+02 
3.865221e-01 1.485395e+02 3.214651e+02 4.785748e+02 8.498755e+02 
3.919100e-01 1.433809e+02 3.126186e+02 4.673308e+02 8.326947e+02 
3.973730e-01 1.389762e+02 3.049246e+02 4.575536e+02 8.175835e+02 
4.029122e-01 1.354153e+02 2.985222e+02 4.494003e+02 8.047349e+02 
4.085286e-01 1.326167e+02 2.932840e+02 4.426979e+02 7.938880e+02 
4.142232e-01 1.303717e+02 2.888851e+02 4.370284e+02 7.844513e+02 
4.199973e-01 1.284042e+02 2.848977e+02 4.318470e+02 7.756664e+02 
4.258518e-01 1.264174e+02 2.808653e+02 4.265735e+02 7.667337e+02 
4.317880e-01 1.241541e+02 2.763967e+02 4.207109e+02 7.569742e+02 
4.378069e-01 1.214685e+02 2.712765e+02 4.139832e+02 7.460179e+02 
4.439097e-01 1.183774e+02 2.655415e+02 4.064318e+02 7.339307e+02 
4.500975e-01 1.150215e+02 2.594192e+02 3.983390e+02 7.211059e+02 
4.563716e-01 1.116147e+02 2.532459e+02 3.901248e+02 7.081184e+02 
4.627332e-01 1.083856e+02 2.473769e+02 3.822342e+02 6.955688e+02 
4.691835e-01 1.055282e+02 2.421101e+02 3.750412e+02 6.839549e+02 
4.757236e-01 1.031236e+02 2.375659e+02 3.686999e+02 6.734743e+02 
4.823549e-01 1.011307e+02 2.336756e+02 3.631309e+02 6.640142e+02 
4.890787e-01 9.942338e+01 2.302399e+02 3.580951e+02 6.552533e+02 
4.958962e-01 9.782828e+01 2.269887e+02 3.532675e+02 6.467635e+02 
5.028087e-01 9.616294e+01 2.236402e+02 3.483106e+02 6.381069e+02 
5.098176e-01 9.430514e+01 2.200064e+02 3.430036e+02 6.290050e+02 
5.169242e-01 9.223541e+01 2.160570e+02 3.373179e+02 6.194348e+02 
5.241298e-01 9.001940e+01 2.118907e+02 3.313809e+02 6.095764e+02 
5.314359e-01 8.778156e+01 2.076942e+02 3.254244e+02 5.997416e+02 
5.388438e-01 8.566309e+01 2.036787e+02 3.197055e+02 5.902689e+02 
5.463550e-01 8.375711e+01 1.999817e+02 3.143892e+02 5.813722e+02 
5.539709e-01 8.207926e+01 1.966241e+02 3.094973e+02 5.730795e+02 
5.616930e-01 8.058657e+01 1.935395e+02 3.049459e+02 5.652838e+02 
5.695227e-01 7.918268e+01 1.905837e+02 3.005584e+02 5.577620e+02 
5.774615e-01 7.776400e+01 1.876039e+02 2.961501e+02 5.502827e+02 
5.855110e-01 7.627125e+01 1.845154e+02 2.916188e+02 5.427201e+02 
5.936727e-01 7.469688e+01 1.813108e+02 2.869570e+02 5.350654e+02 
6.019482e-01 7.308408e+01 1.780577e+02 2.822464e+02 5.274185e+02 
6.103390e-01 7.151149e+01 1.748742e+02 2.776283e+02 5.199493e+02 
6.188468e-01 7.003617e+01 1.718452e+02 2.732044e+02 5.127744e+02 
6.274732e-01 6.867981e+01 1.690032e+02 2.690125e+02 5.059296e+02 
6.362198e-01 6.741872e+01 1.663136e+02 2.650123e+02 4.993551e+02 
6.450884e-01 6.620079e+01 1.637017e+02 2.611160e+02 4.929346e+02 
6.540806e-01 6.497012e+01 1.610878e+02 2.572310e+02 4.865480e+02 
6.631981e-01 6.369588e+01 1.584284e+02 2.533075e+02 4.801291e+02 
6.724427e-01 6.240127e+01 1.557575e+02 2.493856e+02 4.737202e+02 
6.818162e-01 6.111916e+01 1.531215e+02 2.455191e+02 4.673801e+02 
6.913204e-01 5.988357e+01 1.505675e+02 2.417619e+02 4.611664e+02 
7.009570e-01 5.870206e+01 1.481044e+02 2.381225e+02 4.550850e+02 
7.107280e-01 5.755925e+01 1.457085e+02 2.345727e+02 4.490987e+02 
7.206351e-01 5.643783e+01 1.433535e+02 2.310811e+02 4.431693e+02 
7.306804e-01 5.532328e+01 1.410175e+02 2.276216e+02 4.372665e+02 
7.408657e-01 5.421895e+01 1.387035e+02 2.241975e+02 4.313941e+02 
7.511929e-01 5.313324e+01 1.364217e+02 2.208199e+02 4.255656e+02 
7.616642e-01 5.207475e+01 1.341824e+02 2.175006e+02 4.197952e+02 
7.722814e-01 5.104735e+01 1.319900e+02 2.142436e+02 4.140882e+02 
7.830465e-01 5.004767e+01 1.298389e+02 2.110428e+02 4.084382e+02 
7.939618e-01 4.907122e+01 1.277225e+02 2.078905e+02 4.028374e+02 
8.050292e-01 4.811345e+01 1.256348e+02 2.047796e+02 3.972786e+02 
8.162509e-01 4.717380e+01 1.235753e+02 2.017093e+02 3.917614e+02 
8.276289e-01 4.625393e+01 1.215470e+02 1.986821e+02 3.862893e+02 
8.391656e-01 4.535565e+01 1.195533e+02 1.957008e+02 3.808655e+02 
8.508632e-01 4.447986e+01 1.175962e+02 1.927665e+02 3.754920e+02 
8.627237e-01 4.362489e+01 1.156747e+02 1.898764e+02 3.701673e+02 
8.747496e-01 4.278853e+01 1.137864e+02 1.870270e+02 3.648893e+02 
8.869432e-01 4.196849e+01 1.119294e+02 1.842146e+02 3.596567e+02 
8.993067e-01 4.116424e+01 1.101034e+02 1.814379e+02 3.544714e+02 
9.118425e-01 4.037690e+01 1.083104e+02 1.786982e+02 3.493379e+02 
9.245531e-01 3.960767e+01 1.065521e+02 1.759966e+02 3.442613e+02 
9.374409e-01 3.885746e+01 1.048294e+02 1.733339e+02 3.392462e+02 
9.505083e-01 3.812569e+01 1.031412e+02 1.707089e+02 3.342947e+02 
9.637579e-01 3.741115e+01 1.014856e+02 1.681198e+02 3.294079e+02 
9.771921e-01 3.671249e+01 9.985989e+01 1.655644e+02 3.245864e+02 
9.908137e-01 3.602876e+01 9.826256e+01 1.630414e+02 3.198303e+02 
1.004625e+00 3.535987e+01 9.669270e+01 1.605507e+02 3.151399e+02 
1.018629e+00 3.470583e+01 9.514964e+01 1.580920e+02 3.105146e+02 
1.032828e+00 3.406657e+01 9.363280e+01 1.556655e+02 3.059530e+02 
1.047225e+00 3.344189e+01 9.214134e+01 1.532704e+02 3.014523e+02 
1.061823e+00 3.283143e+01 9.067444e+01 1.509064e+02 2.970095e+02 
1.076624e+00 3.223479e+01 8.923127e+01 1.485728e+02 2.926207e+02 
1.091632e+00 3.165154e+01 8.781111e+01 1.462690e+02 2.882825e+02 
1.106848e+00 3.108145e+01 8.641347e+01 1.439945e+02 2.839913e+02 
1.122277e+00 3.052420e+01 8.503788e+01 1.417491e+02 2.797440e+02 
1.137921e+00 2.997938e+01 8.368378e+01 1.395322e+02 2.755379e+02 
1.153783e+00 2.944658e+01 8.235061e+01 1.373434e+02 2.713705e+02 
1.169866e+00 2.892536e+01 8.103780e+01 1.351824e+02 2.672401e+02 
1.186174e+00 2.841521e+01 7.974467e+01 1.330486e+02 2.631456e+02 
1.202708e+00 2.791554e+01 7.847045e+01 1.309418e+02 2.590859e+02 
1.219473e+00 2.742584e+01 7.721444e+01 1.288613e+02 2.550612e+02 
1.236472e+00 2.694564e+01 7.597593e+01 1.268069e+02 2.510713e+02 
1.253708e+00 2.647439e+01 7.475415e+01 1.247781e+02 2.471172e+02 
1.271184e+00 2.601162e+01 7.354838e+01 1.227745e+02 2.431996e+02 
1.288904e+00 2.555692e+01 7.235797e+01 1.207956e+02 2.393198e+02 
1.306870e+00 2.510990e+01 7.118232e+01 1.188413e+02 2.354789e+02 
1.325087e+00 2.467020e+01 7.002090e+01 1.169109e+02 2.316783e+02 
1.343558e+00 2.423760e+01 6.887333e+01 1.150044e+02 2.279191e+02 
1.362287e+00 2.381195e+01 6.773941e+01 1.131211e+02 2.242021e+02 
1.381276e+00 2.339315e+01 6.661899e+01 1.112611e+02 2.205279e+02 
1.400531e+00 2.298113e+01 6.551203e+01 1.094240e+02 2.168968e+02 
1.420053e+00 2.257590e+01 6.441861e+01 1.076096e+02 2.133089e+02 
1.439848e+00 2.217749e+01 6.333885e+01 1.058175e+02 2.097635e+02 
1.459919e+00 2.178592e+01 6.227293e+01 1.040476e+02 2.062603e+02 
1.480269e+00 2.140122e+01 6.122100e+01 1.022998e+02 2.027983e+02 
1.500903e+00 2.102344e+01 6.018325e+01 1.005736e+02 1.993764e+02 
1.521825e+00 2.065259e+01 5.915980e+01 9.886894e+01 1.959938e+02 
1.543038e+00 2.028862e+01 5.815069e+01 9.718560e+01 1.926492e+02 
1.564548e+00 1.993147e+01 5.715594e+01 9.552337e+01 1.893417e+02 
1.586357e+00 1.958107e+01 5.617546e+01 9.388203e+01 1.860706e+02 
1.608469e+00 1.923726e+01 5.520909e+01 9.226139e+01 1.828351e+02 
1.630891e+00 1.889987e+01 5.425658e+01 9.066123e+01 1.796348e+02 
1.653624e+00 1.856872e+01 5.331770e+01 8.908137e+01 1.764693e+02 
1.676675e+00 1.824359e+01 5.239211e+01 8.752162e+01 1.733385e+02 
1.700047e+00 1.792426e+01 5.147953e+01 8.598181e+01 1.702424e+02 
1.723745e+00 1.761053e+01 5.057962e+01 8.446174e+01 1.671810e+02 
1.747773e+00 1.730218e+01 4.969215e+01 8.296125e+01 1.641546e+02 
1.772136e+00 1.699904e+01 4.881686e+01 8.148019e+01 1.611632e+02 
1.796838e+00 1.670092e+01 4.795357e+01 8.001839e+01 1.582068e+02 
1.821885e+00 1.640771e+01 4.710218e+01 7.857572e+01 1.552859e+02 
1.847281e+00 1.611935e+01 4.626264e+01 7.715206e+01 1.524004e+02 
1.873032e+00 1.583572e+01 4.543490e+01 7.574727e+01 1.495506e+02 
1.899141e+00 1.555677e+01 4.461895e+01 7.436124e+01 1.467362e+02 
1.925614e+00 1.528245e+01 4.381481e+01 7.299383e+01 1.439573e+02 
1.952456e+00 1.501270e+01 4.302245e+01 7.164491e+01 1.412140e+02 
1.979672e+00 1.474744e+01 4.224184e+01 7.031435e+01 1.385058e+02 
2.007267e+00 1.448664e+01 4.147293e+01 6.900201e+01 1.358329e+02 
2.035248e+00 1.423021e+01 4.071564e+01 6.770775e+01 1.331951e+02 
2.063618e+00 1.397807e+01 3.996986e+01 6.643143e+01 1.305922e+02 
2.092383e+00 1.373015e+01 3.923544e+01 6.517291e+01 1.280241e+02 
2.121550e+00 1.348637e+01 3.851221e+01 6.393204e+01 1.254908e+02 
2.151123e+00 1.324664e+01 3.779997e+01 6.270869e+01 1.229921e+02 
2.181109e+00 1.301086e+01 3.709851e+01 6.150269e+01 1.205283e+02 
2.211512e+00 1.277894e+01 3.640758e+01 6.031392e+01 1.180990e+02 
2.242340e+00 1.255080e+01 3.572695e+01 5.914220e+01 1.157045e+02 
2.273597e+00 1.232631e+01 3.505636e+01 5.798743e+01 1.133446e+02 
2.305289e+00 1.210539e+01 3.439556e+01 5.684942e+01 1.110195e+02 
2.337424e+00 1.188792e+01 3.374432e+01 5.572804e+01 1.087289e+02 
2.370006e+00 1.167384e+01 3.310241e+01 5.462315e+01 1.064731e+02 
2.403043e+00 1.146302e+01 3.246960e+01 5.353459e+01 1.042516e+02 
2.436540e+00 1.125538e+01 3.184573e+01 5.246221e+01 1.020647e+02 
2.470504e+00 1.105085e+01 3.123064e+01 5.140585e+01 9.991194e+01 
2.504942e+00 1.084937e+01 3.062420e+01 5.036540e+01 9.779325e+01 
2.539859e+00 1.065085e+01 3.002631e+01 4.934069e+01 9.570840e+01 
2.575263e+00 1.045526e+01 2.943689e+01 4.833158e+01 9.365717e+01 
2.611161e+00 1.026255e+01 2.885589e+01 4.733793e+01 9.163935e+01 
2.647559e+00 1.007270e+01 2.828326e+01 4.635962e+01 8.965465e+01 
2.684465e+00 9.885670e+00 2.771900e+01 4.539650e+01 8.770284e+01 
2.721885e+00 9.701443e+00 2.716306e+01 4.444844e+01 8.578365e+01 
2.759826e+00 9.520008e+00 2.661545e+01 4.351532e+01 8.389684e+01 
2.798297e+00 9.341349e+00 2.607615e+01 4.259699e+01 8.204215e+01 
2.837304e+00 9.165452e+00 2.554515e+01 4.169335e+01 8.021935e+01 
2.876854e+00 8.992308e+00 2.502243e+01 4.080426e+01 7.842815e+01 
2.916956e+00 8.821902e+00 2.450796e+01 3.992960e+01 7.666835e+01 
2.957617e+00 8.654213e+00 2.400171e+01 3.906924e+01 7.493968e+01 
2.998844e+00 8.489221e+00 2.350362e+01 3.822306e+01 7.324190e+01 
3.040646e+00 8.326902e+00 2.301366e+01 3.739093e+01 7.157476e+01 
3.083031e+00 8.167227e+00 2.253176e+01 3.657273e+01 6.993799e+01 
3.126007e+00 8.010164e+00 2.205785e+01 3.576834e+01 6.833131e+01 
3.169582e+00 7.855676e+00 2.159185e+01 3.497762e+01 6.675442e+01 
3.213764e+00 7.703727e+00 2.113367e+01 3.420046e+01 6.520702e+01 
3.258562e+00 7.554272e+00 2.068323e+01 3.343671e+01 6.368877e+01 
3.303985e+00 7.407269e+00 2.024042e+01 3.268627e+01 6.219931e+01 
3.350041e+00 7.262674e+00 1.980515e+01 3.194900e+01 6.073832e+01 
3.396739e+00 7.120439e+00 1.937731e+01 3.122476e+01 5.930540e+01 
3.444087e+00 6.980515e+00 1.895680e+01 3.051344e+01 5.790017e+01 
3.492096e+00 6.842858e+00 1.854351e+01 2.981491e+01 5.652227e+01 
3.540774e+00 6.707423e+00 1.813733e+01 2.912902e+01 5.517130e+01 
3.590130e+00 6.574163e+00 1.773815e+01 2.845565e+01 5.384688e+01 
3.640175e+00 6.443036e+00 1.734587e+01 2.779468e+01 5.254865e+01 
3.690917e+00 6.314002e+00 1.696040e+01 2.714597e+01 5.127623e+01 
3.742366e+00 6.187020e+00 1.658165e+01 2.650939e+01 5.002929e+01 
3.794533e+00 6.062054e+00 1.620952e+01 2.588481e+01 4.880747e+01 
3.847427e+00 5.939073e+00 1.584393e+01 2.527210e+01 4.761046e+01 
3.901058e+00 5.818048e+00 1.548481e+01 2.467114e+01 4.643793e+01 
3.955436e+00 5.698950e+00 1.513208e+01 2.408177e+01 4.528957e+01 
4.010573e+00 5.581756e+00 1.478569e+01 2.350389e+01 4.416511e+01 
4.066478e+00 5.466444e+00 1.444556e+01 2.293735e+01 4.306421e+01 
4.123163e+00 5.352993e+00 1.411164e+01 2.238203e+01 4.198660e+01 
4.180637e+00 5.241385e+00 1.378387e+01 2.183778e+01 4.093195e+01 
4.238913e+00 5.131602e+00 1.346219e+01 2.130448e+01 3.989995e+01 
4.298001e+00 5.023631e+00 1.314654e+01 2.078197e+01 3.889031e+01 
4.357913e+00 4.917456e+00 1.283684e+01 2.027015e+01 3.790267e+01 
4.418660e+00 4.813062e+00 1.253306e+01 1.976884e+01 3.693672e+01 
4.480254e+00 4.710437e+00 1.223511e+01 1.927792e+01 3.599213e+01 
4.542706e+00 4.609567e+00 1.194293e+01 1.879725e+01 3.506855e+01 
4.606029e+00 4.510437e+00 1.165646e+01 1.832667e+01 3.416567e+01 
4.670234e+00 4.413033e+00 1.137562e+01 1.786606e+01 3.328315e+01 
4.735335e+00 4.317338e+00 1.110035e+01 1.741525e+01 3.242066e+01 
4.801343e+00 4.223336e+00 1.083058e+01 1.697412e+01 3.157786e+01 
4.868271e+00 4.131010e+00 1.056623e+01 1.654249e+01 3.075442e+01 
4.936132e+00 4.040338e+00 1.030724e+01 1.612025e+01 2.995001e+01 
5.004939e+00 3.951303e+00 1.005355e+01 1.570723e+01 2.916430e+01 
5.074705e+00 3.863883e+00 9.805063e+00 1.530330e+01 2.839696e+01 
5.145444e+00 3.778058e+00 9.561727e+00 1.490830e+01 2.764764e+01 
5.217169e+00 3.693805e+00 9.323467e+00 1.452211e+01 2.691600e+01 
5.289893e+00 3.611100e+00 9.090213e+00 1.414456e+01 2.620172e+01 
5.363631e+00 3.529923e+00 8.861892e+00 1.377551e+01 2.550446e+01 
5.438397e+00 3.450250e+00 8.638434e+00 1.341483e+01 2.482389e+01 
5.514206e+00 3.372058e+00 8.419765e+00 1.306238e+01 2.415966e+01 
5.591071e+00 3.295323e+00 8.205811e+00 1.271801e+01 2.351146e+01 
5.669007e+00 3.220025e+00 7.996498e+00 1.238158e+01 2.287896e+01 
5.748030e+00 3.146140e+00 7.791752e+00 1.205298e+01 2.226183e+01 
5.828155e+00 3.073646e+00 7.591498e+00 1.173203e+01 2.165979e+01 
5.909396e+00 3.002523e+00 7.395660e+00 1.141861e+01 2.107249e+01 
5.991770e+00 2.932749e+00 7.204166e+00 1.111260e+01 2.049966e+01 
6.075292e+00 2.864306e+00 7.016942e+00 1.081385e+01 1.994098e+01 
6.159978e+00 2.797172e+00 6.833915e+00 1.052224e+01 1.939616e+01 
6.245845e+00 2.731329e+00 6.655015e+00 1.023762e+01 1.886493e+01 
6.332908e+00 2.666759e+00 6.480170e+00 9.959867e+00 1.834698e+01 
6.421186e+00 2.603444e+00 6.309310e+00 9.688851e+00 1.784206e+01 
6.510694e+00 2.541367e+00 6.142368e+00 9.424443e+00 1.734987e+01 
6.601449e+00 2.480511e+00 5.979276e+00 9.166511e+00 1.687017e+01 
6.693470e+00 2.420859e+00 5.819967e+00 8.914932e+00 1.640267e+01 
6.786773e+00 2.362395e+00 5.664373e+00 8.669577e+00 1.594711e+01 
6.881377e+00 2.305103e+00 5.512431e+00 8.430322e+00 1.550324e+01 
6.977300e+00 2.248967e+00 5.364074e+00 8.197042e+00 1.507081e+01 
7.074559e+00 2.193974e+00 5.219238e+00 7.969615e+00 1.464955e+01 
7.173175e+00 2.140104e+00 5.077857e+00 7.747918e+00 1.423924e+01 
7.273165e+00 2.087345e+00 4.939870e+00 7.531833e+00 1.383960e+01 
7.374549e+00 2.035679e+00 4.805212e+00 7.321240e+00 1.345041e+01 
7.477346e+00 1.985093e+00 4.673820e+00 7.116022e+00 1.307143e+01 
7.581576e+00 1.935570e+00 4.545632e+00 6.916064e+00 1.270240e+01 
7.687260e+00 1.887094e+00 4.420586e+00 6.721250e+00 1.234310e+01 
7.794416e+00 1.839649e+00 4.298620e+00 6.531470e+00 1.199331e+01 
7.903066e+00 1.793220e+00 4.179673e+00 6.346611e+00 1.165280e+01 
8.013230e+00 1.747790e+00 4.063683e+00 6.166566e+00 1.132133e+01 
8.124930e+00 1.703343e+00 3.950591e+00 5.991226e+00 1.099870e+01 
8.238187e+00 1.659861e+00 3.840339e+00 5.820486e+00 1.068468e+01 
8.353023e+00 1.617331e+00 3.732865e+00 5.654242e+00 1.037907e+01 
8.469460e+00 1.575735e+00 3.628113e+00 5.492392e+00 1.008167e+01 
8.587519e+00 1.535056e+00 3.526026e+00 5.334836e+00 9.792278e+00 
8.707225e+00 1.495279e+00 3.426547e+00 5.181474e+00 9.510697e+00 
8.828599e+00 1.456389e+00 3.329623e+00 5.032209e+00 9.236742e+00 
8.951665e+00 1.418370e+00 3.235199e+00 4.886946e+00 8.970227e+00 
9.076446e+00 1.381207e+00 3.143220e+00 4.745592e+00 8.710973e+00 
9.202967e+00 1.344886e+00 3.053635e+00 4.608052e+00 8.458804e+00 
9.331251e+00 1.309391e+00 2.966391e+00 4.474238e+00 8.213550e+00 
9.461324e+00 1.274709e+00 2.881439e+00 4.344059e+00 7.975041e+00 
9.593209e+00 1.240824e+00 2.798726e+00 4.217429e+00 7.743113e+00 
9.726934e+00 1.207723e+00 2.718202e+00 4.094261e+00 7.517604e+00 
9.862522e+00 1.175392e+00 2.639817e+00 3.974470e+00 7.298355e+00 
1.000000e+01 1.143817e+00 2.563523e+00 3.857974e+00 7.085210e+00 
