1.000000e-02 8.800747e+03 8.590780e+03 4.948142e+04 4.793193e+04 
1.013939e-02 9.161708e+03 7.747001e+03 5.302589e+04 5.364568e+04 
1.028073e-02 9.404986e+03 6.939445e+03 5.633533e+04 5.789392e+04 
1.042404e-02 9.566159e+03 6.196020e+03 5.917649e+04 6.057385e+04 
1.056935e-02 9.675586e+03 5.541091e+03 6.133878e+04 6.171838e+04 
1.071668e-02 9.761798e+03 4.993349e+03 6.264797e+04 6.145135e+04 
1.086606e-02 9.855424e+03 4.564862e+03 6.297422e+04 5.994133e+04 
1.101753e-02 9.988800e+03 4.260846e+03 6.223413e+04 5.736084e+04 
1.117111e-02 1.018933e+04 4.079614e+03 6.038685e+04 5.385678e+04 
1.132683e-02 1.046841e+04 4.012509e+03 5.743051e+04 4.953896e+04 
1.148472e-02 1.081155e+04 4.043913e+03 5.340487e+04 4.449342e+04 
1.164481e-02 1.117527e+04 4.151860e+03 4.840378e+04 3.881922e+04 
1.180713e-02 1.149413e+04 4.309529e+03 4.259306e+04 3.267559e+04 
1.197171e-02 1.169632e+04 4.487770e+03 3.622420e+04 2.631950e+04 
1.213859e-02 1.172257e+04 4.658282e+03 2.963143e+04 2.011440e+04 
1.230780e-02 1.154159e+04 4.796811e+03 2.320543e+04 1.450317e+04 
1.247936e-02 1.115696e+04 4.885698e+03 1.734483e+04 9.949422e+03 
1.265332e-02 1.060371e+04 4.915261e+03 1.239690e+04 6.861941e+03 
1.282970e-02 9.936496e+03 4.883771e+03 8.603654e+03 5.520072e+03 
1.300854e-02 9.213747e+03 4.796317e+03 6.069057e+03 6.019066e+03 
1.318987e-02 8.482955e+03 4.662823e+03 4.755451e+03 8.249098e+03 
1.337373e-02 7.771247e+03 4.495735e+03 4.507260e+03 1.191473e+04 
1.356015e-02 7.083349e+03 4.307837e+03 5.090421e+03 1.658757e+04 
1.374917e-02 6.406526e+03 4.110416e+03 6.233052e+03 2.177504e+04 
1.394083e-02 5.720032e+03 3.912072e+03 7.655873e+03 2.698311e+04 
1.413516e-02 5.005771e+03 3.718267e+03 9.090363e+03 3.175918e+04 
1.433219e-02 4.257054e+03 3.531611e+03 1.029118e+04 3.571461e+04 
1.453198e-02 3.483379e+03 3.352683e+03 1.105301e+04 3.854000e+04 
1.473454e-02 2.710188e+03 3.181137e+03 1.123703e+04 4.002659e+04 
1.493993e-02 1.973959e+03 3.016661e+03 1.080183e+04 4.009818e+04 
1.514819e-02 1.313937e+03 2.859602e+03 9.825100e+03 3.884327e+04 
1.535935e-02 7.630362e+02 2.711127e+03 8.501206e+03 3.652780e+04 
1.557345e-02 3.405075e+02 2.573047e+03 7.107938e+03 3.357189e+04 
1.579053e-02 4.867766e+01 2.447545e+03 5.948793e+03 3.048563e+04 
1.601064e-02 -1.255280e+02 2.336932e+03 5.287203e+03 2.777606e+04 
1.623382e-02 -2.049473e+02 2.243588e+03 5.291837e+03 2.584861e+04 
1.646012e-02 -2.145779e+02 2.169982e+03 6.006448e+03 2.493055e+04 
1.668956e-02 -1.743903e+02 2.118655e+03 7.347995e+03 2.503628e+04 
1.692220e-02 -9.467255e+01 2.091966e+03 9.128447e+03 2.598229e+04 
1.715809e-02 2.522897e+01 2.091624e+03 1.109074e+04 2.744280e+04 
1.739726e-02 1.948701e+02 2.118131e+03 1.295007e+04 2.902736e+04 
1.763977e-02 4.284489e+02 2.170375e+03 1.443356e+04 3.035723e+04 
1.788566e-02 7.395594e+02 2.245625e+03 1.531477e+04 3.112401e+04 
1.813498e-02 1.136246e+03 2.339951e+03 1.544048e+04 3.112341e+04 
1.838777e-02 1.617216e+03 2.449020e+03 1.474822e+04 3.026732e+04 
1.864409e-02 2.169804e+03 2.568913e+03 1.327267e+04 2.858161e+04 
1.890397e-02 2.769865e+03 2.696783e+03 1.113935e+04 2.619510e+04 
1.916748e-02 3.383601e+03 2.831115e+03 8.545190e+03 2.332072e+04 
1.943467e-02 3.971121e+03 2.971571e+03 5.727761e+03 2.022643e+04 
1.970558e-02 4.491364e+03 3.118560e+03 2.928000e+03 1.719527e+04 
1.998026e-02 4.907837e+03 3.272671e+03 3.541933e+02 1.447947e+04 
2.025878e-02 5.194228e+03 3.434217e+03 -1.843990e+03 1.225913e+04 
2.054117e-02 5.338790e+03 3.602895e+03 -3.585197e+03 1.061750e+04 
2.082751e-02 5.346255e+03 3.777670e+03 -4.848787e+03 9.540524e+03 
2.111783e-02 5.236576e+03 3.956726e+03 -5.655290e+03 8.939561e+03 
2.141220e-02 5.040575e+03 4.137481e+03 -6.044109e+03 8.689413e+03 
2.171068e-02 4.793723e+03 4.316603e+03 -6.057370e+03 8.668943e+03 
2.201331e-02 4.529832e+03 4.490058e+03 -5.734509e+03 8.792859e+03 
2.232016e-02 4.276421e+03 4.653218e+03 -5.116199e+03 9.026684e+03 
2.263130e-02 4.052531e+03 4.801054e+03 -4.251964e+03 9.382647e+03 
2.294676e-02 3.868671e+03 4.928464e+03 -3.204744e+03 9.899972e+03 
2.326663e-02 3.727822e+03 5.030654e+03 -2.048142e+03 1.061787e+04 
2.359095e-02 3.626554e+03 5.103580e+03 -8.563062e+02 1.155177e+04 
2.391980e-02 3.555894e+03 5.144318e+03 3.094454e+02 1.268149e+04 
2.425323e-02 3.502256e+03 5.151362e+03 1.411519e+03 1.395453e+04 
2.459130e-02 3.448829e+03 5.124761e+03 2.439429e+03 1.530099e+04 
2.493409e-02 3.377630e+03 5.066136e+03 3.404168e+03 1.665194e+04 
2.528166e-02 3.271960e+03 4.978572e+03 4.325510e+03 1.795243e+04 
2.563407e-02 3.118877e+03 4.866434e+03 5.217107e+03 1.916467e+04 
2.599140e-02 2.911338e+03 4.735119e+03 6.074458e+03 2.026162e+04 
2.635371e-02 2.649708e+03 4.590761e+03 6.869621e+03 2.121567e+04 
2.672106e-02 2.342301e+03 4.439873e+03 7.553828e+03 2.198782e+04 
2.709354e-02 2.004529e+03 4.288920e+03 8.066929e+03 2.252177e+04 
2.747121e-02 1.656499e+03 4.143848e+03 8.350892e+03 2.274598e+04 
2.785414e-02 1.319366e+03 4.009635e+03 8.364100e+03 2.258418e+04 
2.824241e-02 1.011500e+03 3.889948e+03 8.092786e+03 2.197283e+04 
2.863610e-02 7.456897e+02 3.786983e+03 7.556963e+03 2.088072e+04 
2.903527e-02 5.283490e+02 3.701517e+03 6.809098e+03 1.932501e+04 
2.944000e-02 3.606464e+02 3.633169e+03 5.925788e+03 1.737817e+04 
2.985038e-02 2.407438e+02 3.580764e+03 4.994560e+03 1.516289e+04 
3.026648e-02 1.658546e+02 3.542738e+03 4.099275e+03 1.283607e+04 
3.068838e-02 1.333410e+02 3.517522e+03 3.307734e+03 1.056570e+04 
3.111616e-02 1.407200e+02 3.503816e+03 2.664197e+03 8.505898e+03 
3.154990e-02 1.851790e+02 3.500752e+03 2.187888e+03 6.776119e+03 
3.198969e-02 2.632211e+02 3.507908e+03 1.876895e+03 5.448353e+03 
3.243561e-02 3.708298e+02 3.525179e+03 1.715446e+03 4.544313e+03 
3.288774e-02 5.039956e+02 3.552548e+03 1.681817e+03 4.041224e+03 
3.334618e-02 6.592841e+02 3.589782e+03 1.754349e+03 3.883046e+03 
3.381101e-02 8.340881e+02 3.636203e+03 1.914211e+03 3.993384e+03 
3.428231e-02 1.026505e+03 3.690531e+03 2.145022e+03 4.287425e+03 
3.476019e-02 1.234907e+03 3.750877e+03 2.430751e+03 4.681783e+03 
3.524473e-02 1.457412e+03 3.814872e+03 2.753828e+03 5.102343e+03 
3.573602e-02 1.691338e+03 3.879902e+03 3.094808e+03 5.490336e+03 
3.623416e-02 1.932735e+03 3.943368e+03 3.433970e+03 5.806591e+03 
3.673925e-02 2.176014e+03 4.002925e+03 3.754018e+03 6.033391e+03 
3.725137e-02 2.413880e+03 4.056655e+03 4.042622e+03 6.173171e+03 
3.777064e-02 2.637693e+03 4.103172e+03 4.293532e+03 6.243822e+03 
3.829714e-02 2.838396e+03 4.141657e+03 4.505899e+03 6.271197e+03 
3.883098e-02 3.007834e+03 4.171866e+03 4.682274e+03 6.280642e+03 
3.937226e-02 3.140135e+03 4.194136e+03 4.826454e+03 6.290015e+03 
3.992109e-02 3.232674e+03 4.209374e+03 4.942210e+03 6.306333e+03 
4.047757e-02 3.286313e+03 4.218982e+03 5.033327e+03 6.327051e+03 
4.104181e-02 3.304921e+03 4.224747e+03 5.104705e+03 6.345291e+03 
4.161391e-02 3.294391e+03 4.228667e+03 5.163576e+03 6.356701e+03 
4.219398e-02 3.261446e+03 4.232666e+03 5.219783e+03 6.364766e+03 
4.278214e-02 3.212552e+03 4.238296e+03 5.284596e+03 6.382166e+03 
4.337850e-02 3.153138e+03 4.246467e+03 5.368201e+03 6.427610e+03 
4.398317e-02 3.087235e+03 4.257313e+03 5.476763e+03 6.519652e+03 
4.459628e-02 3.017557e+03 4.270207e+03 5.610306e+03 6.670378e+03 
4.521792e-02 2.945923e+03 4.283932e+03 5.762387e+03 6.881807e+03 
4.584824e-02 2.873820e+03 4.296947e+03 5.921854e+03 7.146096e+03 
4.648734e-02 2.802897e+03 4.307714e+03 6.076042e+03 7.449073e+03 
4.713535e-02 2.735166e+03 4.314980e+03 6.214160e+03 7.774925e+03 
4.779239e-02 2.672878e+03 4.317989e+03 6.329674e+03 8.109924e+03 
4.845859e-02 2.618191e+03 4.316561e+03 6.421057e+03 8.444064e+03 
4.913407e-02 2.572772e+03 4.310972e+03 6.490930e+03 8.770688e+03 
4.981898e-02 2.537611e+03 4.301884e+03 6.544564e+03 9.085226e+03 
5.051342e-02 2.513018e+03 4.290261e+03 6.588284e+03 9.384187e+03 
5.121755e-02 2.498695e+03 4.277206e+03 6.628063e+03 9.664379e+03 
5.193150e-02 2.493849e+03 4.263789e+03 6.668543e+03 9.922696e+03 
5.265540e-02 2.497322e+03 4.250897e+03 6.712485e+03 1.015595e+04 
5.338938e-02 2.507743e+03 4.239170e+03 6.760707e+03 1.036098e+04 
5.413360e-02 2.523676e+03 4.228952e+03 6.812348e+03 1.053453e+04 
5.488820e-02 2.543651e+03 4.220210e+03 6.865269e+03 1.067301e+04 
5.565331e-02 2.566179e+03 4.212584e+03 6.916766e+03 1.077272e+04 
5.642908e-02 2.589737e+03 4.205485e+03 6.964265e+03 1.083048e+04 
5.721568e-02 2.612745e+03 4.198220e+03 7.005852e+03 1.084465e+04 
5.801323e-02 2.633597e+03 4.190081e+03 7.040333e+03 1.081605e+04 
5.882190e-02 2.650783e+03 4.180422e+03 7.066897e+03 1.074829e+04 
5.964185e-02 2.663081e+03 4.168709e+03 7.084426e+03 1.064741e+04 
6.047322e-02 2.669705e+03 4.154502e+03 7.090708e+03 1.052065e+04 
6.131619e-02 2.670373e+03 4.137415e+03 7.082011e+03 1.037512e+04 
6.217090e-02 2.665265e+03 4.117129e+03 7.053435e+03 1.021692e+04 
6.303753e-02 2.654837e+03 4.093419e+03 7.000056e+03 1.005113e+04 
6.391624e-02 2.639522e+03 4.066133e+03 6.918396e+03 9.882069e+03 
6.480720e-02 2.619502e+03 4.035217e+03 6.807919e+03 9.714147e+03 
6.571058e-02 2.594656e+03 4.000757e+03 6.671924e+03 9.552474e+03 
6.662655e-02 2.564731e+03 3.963018e+03 6.517470e+03 9.403190e+03 
6.755528e-02 2.529661e+03 3.922457e+03 6.354304e+03 9.273232e+03 
6.849697e-02 2.489882e+03 3.879637e+03 6.193072e+03 9.169429e+03 
6.945178e-02 2.446532e+03 3.835163e+03 6.043420e+03 9.097196e+03 
7.041990e-02 2.401435e+03 3.789605e+03 5.912477e+03 9.058995e+03 
7.140151e-02 2.356905e+03 3.743497e+03 5.804053e+03 9.053112e+03 
7.239681e-02 2.315293e+03 3.697253e+03 5.718392e+03 9.072945e+03 
7.340598e-02 2.278480e+03 3.651074e+03 5.652468e+03 9.107326e+03 
7.442922e-02 2.247466e+03 3.604930e+03 5.600767e+03 9.142120e+03 
7.546673e-02 2.222188e+03 3.558608e+03 5.556349e+03 9.162587e+03 
7.651869e-02 2.201588e+03 3.511813e+03 5.511970e+03 9.155725e+03 
7.758532e-02 2.183847e+03 3.464150e+03 5.460949e+03 9.111651e+03 
7.866682e-02 2.166795e+03 3.415199e+03 5.397927e+03 9.024251e+03 
7.976339e-02 2.148362e+03 3.364588e+03 5.319382e+03 8.891220e+03 
8.087525e-02 2.126930e+03 3.312098e+03 5.223857e+03 8.713847e+03 
8.200261e-02 2.101496e+03 3.257652e+03 5.111738e+03 8.496524e+03 
8.314568e-02 2.071673e+03 3.201319e+03 4.984867e+03 8.246316e+03 
8.430468e-02 2.037590e+03 3.143301e+03 4.846072e+03 7.972412e+03 
8.547985e-02 1.999713e+03 3.083892e+03 4.698763e+03 7.685324e+03 
8.667139e-02 1.958655e+03 3.023439e+03 4.546656e+03 7.395793e+03 
8.787954e-02 1.914994e+03 2.962310e+03 4.393547e+03 7.113471e+03 
8.910453e-02 1.869142e+03 2.900838e+03 4.243031e+03 6.845580e+03 
9.034660e-02 1.821323e+03 2.839312e+03 4.098196e+03 6.596039e+03 
9.160598e-02 1.771681e+03 2.778025e+03 3.961372e+03 6.365377e+03 
9.288292e-02 1.720430e+03 2.717286e+03 3.833916e+03 6.151288e+03 
9.417766e-02 1.667979e+03 2.657371e+03 3.716110e+03 5.949650e+03 
9.549045e-02 1.615043e+03 2.598587e+03 3.607402e+03 5.755997e+03 
9.682153e-02 1.562628e+03 2.541304e+03 3.506707e+03 5.566718e+03 
9.817117e-02 1.511853e+03 2.485917e+03 3.412672e+03 5.379724e+03 
9.953962e-02 1.463670e+03 2.432721e+03 3.323763e+03 5.194401e+03 
1.009272e-01 1.418744e+03 2.381961e+03 3.238608e+03 5.011622e+03 
1.023340e-01 1.377423e+03 2.333882e+03 3.156285e+03 4.833490e+03 
1.037605e-01 1.339757e+03 2.288698e+03 3.076478e+03 4.662852e+03 
1.052069e-01 1.305530e+03 2.246454e+03 2.999413e+03 4.502651e+03 
1.066734e-01 1.274442e+03 2.207130e+03 2.925994e+03 4.355850e+03 
1.081604e-01 1.246235e+03 2.170683e+03 2.857703e+03 4.225294e+03 
1.096681e-01 1.220717e+03 2.137019e+03 2.796235e+03 4.113353e+03 
1.111968e-01 1.197749e+03 2.105929e+03 2.743034e+03 4.021505e+03 
1.127468e-01 1.177256e+03 2.077152e+03 2.698994e+03 3.950156e+03 
1.143184e-01 1.159189e+03 2.050384e+03 2.664242e+03 3.898500e+03 
1.159120e-01 1.143475e+03 2.025272e+03 2.638073e+03 3.864577e+03 
1.175277e-01 1.129965e+03 2.001423e+03 2.619089e+03 3.845571e+03 
1.191660e-01 1.118395e+03 1.978401e+03 2.605446e+03 3.838222e+03 
1.208271e-01 1.108397e+03 1.955768e+03 2.595205e+03 3.839309e+03 
1.225114e-01 1.099523e+03 1.933127e+03 2.586621e+03 3.845960e+03 
1.242191e-01 1.091230e+03 1.910050e+03 2.578219e+03 3.855582e+03 
1.259506e-01 1.082928e+03 1.886113e+03 2.568854e+03 3.865799e+03 
1.277063e-01 1.074062e+03 1.860977e+03 2.557765e+03 3.874478e+03 
1.294865e-01 1.064096e+03 1.834303e+03 2.544302e+03 3.879389e+03 
1.312915e-01 1.052550e+03 1.805778e+03 2.527791e+03 3.878189e+03 
1.331216e-01 1.039125e+03 1.775296e+03 2.507630e+03 3.868802e+03 
1.349772e-01 1.023606e+03 1.742802e+03 2.483007e+03 3.849181e+03 
1.368587e-01 1.005849e+03 1.708297e+03 2.452922e+03 3.817413e+03 
1.387665e-01 9.858534e+02 1.671967e+03 2.416534e+03 3.772221e+03 
1.407008e-01 9.636779e+02 1.634050e+03 2.373203e+03 3.712873e+03 
1.426621e-01 9.394526e+02 1.594827e+03 2.322709e+03 3.639350e+03 
1.446507e-01 9.134261e+02 1.554662e+03 2.265483e+03 3.552548e+03 
1.466671e-01 8.859485e+02 1.513947e+03 2.202569e+03 3.454155e+03 
1.487115e-01 8.574545e+02 1.473084e+03 2.135482e+03 3.346490e+03 
1.507845e-01 8.284410e+02 1.432486e+03 2.066008e+03 3.232319e+03 
1.528864e-01 7.994446e+02 1.392597e+03 1.996021e+03 3.114689e+03 
1.550175e-01 7.709874e+02 1.353848e+03 1.927264e+03 2.996665e+03 
1.571784e-01 7.435758e+02 1.316694e+03 1.861309e+03 2.881274e+03 
1.593694e-01 7.176659e+02 1.281567e+03 1.799481e+03 2.771325e+03 
1.615909e-01 6.936274e+02 1.248818e+03 1.742794e+03 2.669236e+03 
1.638434e-01 6.717837e+02 1.218779e+03 1.692063e+03 2.577131e+03 
1.661273e-01 6.522937e+02 1.191571e+03 1.647645e+03 2.496381e+03 
1.684430e-01 6.352133e+02 1.167216e+03 1.609603e+03 2.427792e+03 
1.707910e-01 6.204709e+02 1.145591e+03 1.577659e+03 2.371465e+03 
1.731717e-01 6.078514e+02 1.126410e+03 1.551176e+03 2.326692e+03 
1.755856e-01 5.970671e+02 1.109318e+03 1.529318e+03 2.292161e+03 
1.780332e-01 5.877580e+02 1.093885e+03 1.511047e+03 2.265943e+03 
1.805149e-01 5.795268e+02 1.079635e+03 1.495188e+03 2.245665e+03 
1.830312e-01 5.719817e+02 1.066114e+03 1.480548e+03 2.228775e+03 
1.855825e-01 5.647252e+02 1.052852e+03 1.465892e+03 2.212677e+03 
1.881694e-01 5.573747e+02 1.039386e+03 1.450053e+03 2.194993e+03 
1.907924e-01 5.495628e+02 1.025254e+03 1.431984e+03 2.173740e+03 
1.934520e-01 5.409915e+02 1.010071e+03 1.410946e+03 2.147633e+03 
1.961486e-01 5.314258e+02 9.935097e+02 1.386522e+03 2.116072e+03 
1.988828e-01 5.207530e+02 9.754004e+02 1.358744e+03 2.079266e+03 
2.016551e-01 5.089684e+02 9.557057e+02 1.327990e+03 2.038004e+03 
2.044661e-01 4.962147e+02 9.345923e+02 1.294986e+03 1.993574e+03 
2.073162e-01 4.827461e+02 9.123819e+02 1.260627e+03 1.947447e+03 
2.102061e-01 4.688690e+02 8.894678e+02 1.225800e+03 1.900968e+03 
2.131362e-01 4.549166e+02 8.662927e+02 1.191334e+03 1.855271e+03 
2.161073e-01 4.412045e+02 8.432960e+02 1.157954e+03 1.811214e+03 
2.191197e-01 4.280182e+02 8.209081e+02 1.126307e+03 1.769460e+03 
2.221741e-01 4.155688e+02 7.994782e+02 1.096897e+03 1.730427e+03 
2.252711e-01 4.040182e+02 7.793132e+02 1.070144e+03 1.694442e+03 
2.284112e-01 3.934712e+02 7.606498e+02 1.046334e+03 1.661720e+03 
2.315951e-01 3.839632e+02 7.436195e+02 1.025566e+03 1.632302e+03 
2.348235e-01 3.754552e+02 7.282280e+02 1.007715e+03 1.606010e+03 
2.380968e-01 3.678351e+02 7.143493e+02 9.924382e+02 1.582426e+03 
2.414157e-01 3.609383e+02 7.017547e+02 9.792303e+02 1.560963e+03 
2.447809e-01 3.545507e+02 6.901126e+02 9.674483e+02 1.540884e+03 
2.481930e-01 3.484491e+02 6.790521e+02 9.564131e+02 1.521440e+03 
2.516527e-01 3.424173e+02 6.681881e+02 9.454481e+02 1.501924e+03 
2.551606e-01 3.362717e+02 6.571666e+02 9.339395e+02 1.481728e+03 
2.587174e-01 3.298752e+02 6.456984e+02 9.213768e+02 1.460370e+03 
2.623238e-01 3.231532e+02 6.336003e+02 9.074097e+02 1.437537e+03 
2.659804e-01 3.160979e+02 6.208176e+02 8.918891e+02 1.413114e+03 
2.696881e-01 3.087585e+02 6.074169e+02 8.748705e+02 1.387186e+03 
2.734474e-01 3.012388e+02 5.935841e+02 8.566220e+02 1.360061e+03 
2.772591e-01 2.936618e+02 5.795601e+02 8.375372e+02 1.332182e+03 
2.811239e-01 2.861651e+02 5.656239e+02 8.181022e+02 1.304119e+03 
2.850426e-01 2.788901e+02 5.520660e+02 7.988418e+02 1.276528e+03 
2.890160e-01 2.719491e+02 5.391240e+02 7.802159e+02 1.250025e+03 
2.930447e-01 2.654256e+02 5.269797e+02 7.626022e+02 1.225159e+03 
2.971296e-01 2.593597e+02 5.157316e+02 7.462517e+02 1.202341e+03 
3.012714e-01 2.537332e+02 5.053682e+02 7.312487e+02 1.181752e+03 
3.054710e-01 2.484796e+02 4.957851e+02 7.175298e+02 1.163342e+03 
3.097291e-01 2.434935e+02 4.867989e+02 7.049001e+02 1.146828e+03 
3.140465e-01 2.386519e+02 4.781842e+02 6.930758e+02 1.131729e+03 
3.184242e-01 2.338365e+02 4.697116e+02 6.817318e+02 1.117441e+03 
3.228628e-01 2.289499e+02 4.611765e+02 6.705393e+02 1.103294e+03 
3.273634e-01 2.239469e+02 4.524554e+02 6.592466e+02 1.088707e+03 
3.319266e-01 2.188307e+02 4.435042e+02 6.476880e+02 1.073234e+03 
3.365535e-01 2.136448e+02 4.343517e+02 6.357896e+02 1.056611e+03 
3.412449e-01 2.084683e+02 4.250972e+02 6.235839e+02 1.038811e+03 
3.460016e-01 2.034021e+02 4.158930e+02 6.112020e+02 1.020043e+03 
3.508247e-01 1.985442e+02 4.069057e+02 5.988313e+02 1.000684e+03 
3.557150e-01 1.939744e+02 3.982881e+02 5.866823e+02 9.812037e+02 
3.606735e-01 1.897191e+02 3.901183e+02 5.749016e+02 9.620014e+02 
3.657011e-01 1.857603e+02 3.824080e+02 5.635737e+02 9.433812e+02 
3.707988e-01 1.820451e+02 3.751140e+02 5.527225e+02 9.255329e+02 
3.759675e-01 1.785043e+02 3.681619e+02 5.423297e+02 9.085487e+02 
3.812083e-01 1.750557e+02 3.614474e+02 5.323240e+02 8.924041e+02 
3.865221e-01 1.716138e+02 3.548493e+02 5.225930e+02 8.769790e+02 
3.919100e-01 1.681094e+02 3.482601e+02 5.130218e+02 8.621229e+02 
3.973730e-01 1.645166e+02 3.416326e+02 5.035567e+02 8.477557e+02 
4.029122e-01 1.608524e+02 3.349821e+02 4.942128e+02 8.338826e+02 
4.085286e-01 1.571591e+02 3.283619e+02 4.850448e+02 8.205543e+02 
4.142232e-01 1.534885e+02 3.218398e+02 4.761225e+02 8.078349e+02 
4.199973e-01 1.498924e+02 3.154852e+02 4.675166e+02 7.957859e+02 
4.258518e-01 1.464205e+02 3.093671e+02 4.592971e+02 7.844717e+02 
4.317880e-01 1.430953e+02 3.035101e+02 4.514768e+02 7.738769e+02 
4.378069e-01 1.399146e+02 2.979012e+02 4.440170e+02 7.639173e+02 
4.439097e-01 1.368567e+02 2.924961e+02 4.368376e+02 7.544499e+02 
4.500975e-01 1.338952e+02 2.872452e+02 4.298496e+02 7.453172e+02 
4.563716e-01 1.310023e+02 2.820991e+02 4.229653e+02 7.363546e+02 
4.627332e-01 1.281540e+02 2.770180e+02 4.161132e+02 7.274088e+02 
4.691835e-01 1.253411e+02 2.719891e+02 4.092638e+02 7.183768e+02 
4.757236e-01 1.225722e+02 2.670309e+02 4.024371e+02 7.092209e+02 
4.823549e-01 1.198628e+02 2.621731e+02 3.956752e+02 6.999384e+02 
4.890787e-01 1.172266e+02 2.574406e+02 3.890199e+02 6.905389e+02 
4.958962e-01 1.146769e+02 2.528559e+02 3.825126e+02 6.810552e+02 
5.028087e-01 1.122169e+02 2.484221e+02 3.761696e+02 6.715135e+02 
5.098176e-01 1.098366e+02 2.441185e+02 3.699760e+02 6.619228e+02 
5.169242e-01 1.075249e+02 2.399221e+02 3.639122e+02 6.523082e+02 
5.241298e-01 1.052737e+02 2.358138e+02 3.579625e+02 6.427107e+02 
5.314359e-01 1.030713e+02 2.317695e+02 3.521032e+02 6.331556e+02 
5.388438e-01 1.009177e+02 2.277853e+02 3.463351e+02 6.236887e+02 
5.463550e-01 9.882255e+01 2.238746e+02 3.406803e+02 6.143664e+02 
5.539709e-01 9.679049e+01 2.200437e+02 3.351523e+02 6.052121e+02 
5.616930e-01 9.482596e+01 2.163009e+02 3.297671e+02 5.962400e+02 
5.695227e-01 9.293319e+01 2.126554e+02 3.245438e+02 5.874643e+02 
5.774615e-01 9.110420e+01 2.090984e+02 3.194788e+02 5.788709e+02 
5.855110e-01 8.932696e+01 2.056163e+02 3.145616e+02 5.704456e+02 
5.936727e-01 8.759712e+01 2.022083e+02 3.097960e+02 5.622059e+02 
6.019482e-01 8.590409e+01 1.988642e+02 3.051685e+02 5.541558e+02 
6.103390e-01 8.424200e+01 1.955808e+02 3.006698e+02 5.463097e+02 
6.188468e-01 8.261193e+01 1.923651e+02 2.962979e+02 5.386931e+02 
6.274732e-01 8.101158e+01 1.892169e+02 2.920396e+02 5.313086e+02 
6.362198e-01 7.944116e+01 1.861384e+02 2.878838e+02 5.241526e+02 
6.450884e-01 7.789901e+01 1.831270e+02 2.838157e+02 5.172048e+02 
6.540806e-01 7.638149e+01 1.801749e+02 2.798186e+02 5.104317e+02 
6.631981e-01 7.488951e+01 1.772800e+02 2.758862e+02 5.038086e+02 
6.724427e-01 7.342280e+01 1.744364e+02 2.720115e+02 4.973072e+02 
6.818162e-01 7.198460e+01 1.716441e+02 2.681949e+02 4.909108e+02 
6.913204e-01 7.057820e+01 1.689028e+02 2.644367e+02 4.846075e+02 
7.009570e-01 6.920583e+01 1.662127e+02 2.607350e+02 4.783878e+02 
7.107280e-01 6.786780e+01 1.635725e+02 2.570841e+02 4.722425e+02 
7.206351e-01 6.656284e+01 1.609806e+02 2.534763e+02 4.661629e+02 
7.306804e-01 6.528880e+01 1.584350e+02 2.499028e+02 4.601395e+02 
7.408657e-01 6.404357e+01 1.559346e+02 2.463559e+02 4.541629e+02 
7.511929e-01 6.282599e+01 1.534784e+02 2.428306e+02 4.482242e+02 
7.616642e-01 6.163561e+01 1.510661e+02 2.393244e+02 4.423143e+02 
7.722814e-01 6.047258e+01 1.486969e+02 2.358372e+02 4.364253e+02 
7.830465e-01 5.933745e+01 1.463698e+02 2.323720e+02 4.305523e+02 
7.939618e-01 5.823076e+01 1.440840e+02 2.289337e+02 4.246943e+02 
8.050292e-01 5.715255e+01 1.418383e+02 2.255289e+02 4.188549e+02 
8.162509e-01 5.610221e+01 1.396313e+02 2.221644e+02 4.130428e+02 
8.276289e-01 5.507867e+01 1.374622e+02 2.188472e+02 4.072720e+02 
8.391656e-01 5.408024e+01 1.353301e+02 2.155828e+02 4.015599e+02 
8.508632e-01 5.310467e+01 1.332339e+02 2.123744e+02 3.959254e+02 
8.627237e-01 5.214965e+01 1.311725e+02 2.092240e+02 3.903867e+02 
8.747496e-01 5.121303e+01 1.291450e+02 2.061315e+02 3.849585e+02 
8.869432e-01 5.029305e+01 1.271503e+02 2.030955e+02 3.796493e+02 
8.993067e-01 4.938841e+01 1.251873e+02 2.001135e+02 3.744601e+02 
9.118425e-01 4.849860e+01 1.232557e+02 1.971822e+02 3.693847e+02 
9.245531e-01 4.762372e+01 1.213545e+02 1.942978e+02 3.644112e+02 
9.374409e-01 4.676423e+01 1.194832e+02 1.914568e+02 3.595244e+02 
9.505083e-01 4.592094e+01 1.176415e+02 1.886563e+02 3.547091e+02 
9.637579e-01 4.509484e+01 1.158289e+02 1.858946e+02 3.499521e+02 
9.771921e-01 4.428676e+01 1.140450e+02 1.831716e+02 3.452439e+02 
9.908137e-01 4.349713e+01 1.122895e+02 1.804881e+02 3.405783e+02 
1.004625e+00 4.272601e+01 1.105621e+02 1.778456e+02 3.359527e+02 
1.018629e+00 4.197302e+01 1.088623e+02 1.752453e+02 3.313668e+02 
1.032828e+00 4.123735e+01 1.071898e+02 1.726875e+02 3.268210e+02 
1.047225e+00 4.051790e+01 1.055440e+02 1.701715e+02 3.223160e+02 
1.061823e+00 3.981362e+01 1.039245e+02 1.676949e+02 3.178518e+02 
1.076624e+00 3.912345e+01 1.023307e+02 1.652542e+02 3.134269e+02 
1.091632e+00 3.844644e+01 1.007619e+02 1.628450e+02 3.090388e+02 
1.106848e+00 3.778182e+01 9.921740e+01 1.604624e+02 3.046843e+02 
1.122277e+00 3.712898e+01 9.769673e+01 1.581027e+02 3.003610e+02 
1.137921e+00 3.648748e+01 9.619914e+01 1.557632e+02 2.960688e+02 
1.153783e+00 3.585694e+01 9.472393e+01 1.534431e+02 2.918098e+02 
1.169866e+00 3.523723e+01 9.327042e+01 1.511434e+02 2.875887e+02 
1.186174e+00 3.462845e+01 9.183795e+01 1.488666e+02 2.834112e+02 
1.202708e+00 3.403080e+01 9.042585e+01 1.466158e+02 2.792827e+02 
1.219473e+00 3.344467e+01 8.903348e+01 1.443937e+02 2.752063e+02 
1.236472e+00 3.287052e+01 8.766034e+01 1.422027e+02 2.711824e+02 
1.253708e+00 3.230877e+01 8.630593e+01 1.400436e+02 2.672082e+02 
1.271184e+00 3.175957e+01 8.496977e+01 1.379162e+02 2.632795e+02 
1.288904e+00 3.122287e+01 8.365141e+01 1.358197e+02 2.593909e+02 
1.306870e+00 3.069840e+01 8.235049e+01 1.337526e+02 2.555375e+02 
1.325087e+00 3.018563e+01 8.106665e+01 1.317128e+02 2.517163e+02 
1.343558e+00 2.968383e+01 7.979956e+01 1.296990e+02 2.479254e+02 
1.362287e+00 2.919227e+01 7.854901e+01 1.277095e+02 2.441651e+02 
1.381276e+00 2.871018e+01 7.731484e+01 1.257432e+02 2.404364e+02 
1.400531e+00 2.823681e+01 7.609681e+01 1.237991e+02 2.367411e+02 
1.420053e+00 2.777152e+01 7.489474e+01 1.218765e+02 2.330809e+02 
1.439848e+00 2.731380e+01 7.370846e+01 1.199750e+02 2.294569e+02 
1.459919e+00 2.686335e+01 7.253775e+01 1.180944e+02 2.258687e+02 
1.480269e+00 2.641996e+01 7.138234e+01 1.162342e+02 2.223151e+02 
1.500903e+00 2.598357e+01 7.024196e+01 1.143938e+02 2.187929e+02 
1.521825e+00 2.555420e+01 6.911633e+01 1.125724e+02 2.152983e+02 
1.543038e+00 2.513182e+01 6.800515e+01 1.107689e+02 2.118275e+02 
1.564548e+00 2.471636e+01 6.690813e+01 1.089827e+02 2.083768e+02 
1.586357e+00 2.430768e+01 6.582498e+01 1.072130e+02 2.049443e+02 
1.608469e+00 2.390554e+01 6.475544e+01 1.054599e+02 2.015295e+02 
1.630891e+00 2.350962e+01 6.369924e+01 1.037236e+02 1.981338e+02 
1.653624e+00 2.311958e+01 6.265612e+01 1.020045e+02 1.947597e+02 
1.676675e+00 2.273507e+01 6.162590e+01 1.003037e+02 1.914103e+02 
1.700047e+00 2.235578e+01 6.060836e+01 9.862160e+01 1.880890e+02 
1.723745e+00 2.198148e+01 5.960332e+01 9.695871e+01 1.847984e+02 
1.747773e+00 2.161205e+01 5.861059e+01 9.531501e+01 1.815406e+02 
1.772136e+00 2.124747e+01 5.763002e+01 9.369023e+01 1.783174e+02 
1.796838e+00 2.088778e+01 5.666147e+01 9.208388e+01 1.751300e+02 
1.821885e+00 2.053306e+01 5.570479e+01 9.049544e+01 1.719799e+02 
1.847281e+00 2.018344e+01 5.475992e+01 8.892449e+01 1.688681e+02 
1.873032e+00 1.983900e+01 5.382676e+01 8.737079e+01 1.657955e+02 
1.899141e+00 1.949978e+01 5.290522e+01 8.583425e+01 1.627629e+02 
1.925614e+00 1.916581e+01 5.199525e+01 8.431502e+01 1.597702e+02 
1.952456e+00 1.883708e+01 5.109674e+01 8.281337e+01 1.568172e+02 
1.979672e+00 1.851361e+01 5.020964e+01 8.132973e+01 1.539035e+02 
2.007267e+00 1.819537e+01 4.933384e+01 7.986457e+01 1.510281e+02 
2.035248e+00 1.788236e+01 4.846928e+01 7.841838e+01 1.481907e+02 
2.063618e+00 1.757455e+01 4.761587e+01 7.699160e+01 1.453906e+02 
2.092383e+00 1.727184e+01 4.677352e+01 7.558451e+01 1.426278e+02 
2.121550e+00 1.697411e+01 4.594213e+01 7.419717e+01 1.399020e+02 
2.151123e+00 1.668121e+01 4.512158e+01 7.282940e+01 1.372130e+02 
2.181109e+00 1.639295e+01 4.431179e+01 7.148076e+01 1.345603e+02 
2.211512e+00 1.610917e+01 4.351264e+01 7.015056e+01 1.319433e+02 
2.242340e+00 1.582970e+01 4.272400e+01 6.883800e+01 1.293613e+02 
2.273597e+00 1.555445e+01 4.194576e+01 6.754227e+01 1.268131e+02 
2.305289e+00 1.528331e+01 4.117782e+01 6.626263e+01 1.242983e+02 
2.337424e+00 1.501626e+01 4.042007e+01 6.499858e+01 1.218161e+02 
2.370006e+00 1.475326e+01 3.967242e+01 6.374976e+01 1.193661e+02 
2.403043e+00 1.449427e+01 3.893476e+01 6.251611e+01 1.169482e+02 
2.436540e+00 1.423927e+01 3.820707e+01 6.129765e+01 1.145624e+02 
2.470504e+00 1.398821e+01 3.748922e+01 6.009451e+01 1.122086e+02 
2.504942e+00 1.374102e+01 3.678117e+01 5.890682e+01 1.098866e+02 
2.539859e+00 1.349762e+01 3.608282e+01 5.773470e+01 1.075964e+02 
2.575263e+00 1.325787e+01 3.539412e+01 5.657831e+01 1.053377e+02 
2.611161e+00 1.302167e+01 3.471497e+01 5.543778e+01 1.031103e+02 
2.647559e+00 1.278891e+01 3.404532e+01 5.431325e+01 1.009143e+02 
2.684465e+00 1.255945e+01 3.338507e+01 5.320486e+01 9.874970e+01 
2.721885e+00 1.233318e+01 3.273414e+01 5.211273e+01 9.661720e+01 
2.759826e+00 1.211002e+01 3.209248e+01 5.103698e+01 9.451730e+01 
2.798297e+00 1.188990e+01 3.146000e+01 4.997761e+01 9.245066e+01 
2.837304e+00 1.167276e+01 3.083663e+01 4.893460e+01 9.041785e+01 
2.876854e+00 1.145858e+01 3.022230e+01 4.790785e+01 8.841932e+01 
2.916956e+00 1.124735e+01 2.961695e+01 4.689720e+01 8.645526e+01 
2.957617e+00 1.103909e+01 2.902048e+01 4.590241e+01 8.452558e+01 
2.998844e+00 1.083379e+01 2.843282e+01 4.492333e+01 8.262996e+01 
3.040646e+00 1.063149e+01 2.785390e+01 4.395973e+01 8.076788e+01 
3.083031e+00 1.043215e+01 2.728365e+01 4.301152e+01 7.893866e+01 
3.126007e+00 1.023580e+01 2.672200e+01 4.207861e+01 7.714160e+01 
3.169582e+00 1.004239e+01 2.616885e+01 4.116096e+01 7.537601e+01 
3.213764e+00 9.851900e+00 2.562418e+01 4.025851e+01 7.364131e+01 
3.258562e+00 9.664302e+00 2.508789e+01 3.937124e+01 7.193707e+01 
3.303985e+00 9.479557e+00 2.455993e+01 3.849903e+01 7.026304e+01 
3.350041e+00 9.297632e+00 2.404023e+01 3.764182e+01 6.861913e+01 
3.396739e+00 9.118491e+00 2.352873e+01 3.679945e+01 6.700543e+01 
3.444087e+00 8.942096e+00 2.302537e+01 3.597174e+01 6.542205e+01 
3.492096e+00 8.768412e+00 2.253009e+01 3.515851e+01 6.386912e+01 
3.540774e+00 8.597399e+00 2.204283e+01 3.435953e+01 6.234666e+01 
3.590130e+00 8.429022e+00 2.156354e+01 3.357458e+01 6.085457e+01 
3.640175e+00 8.263239e+00 2.109215e+01 3.280346e+01 5.939262e+01 
3.690917e+00 8.100016e+00 2.062861e+01 3.204595e+01 5.796042e+01 
3.742366e+00 7.939322e+00 2.017286e+01 3.130190e+01 5.655752e+01 
3.794533e+00 7.781126e+00 1.972483e+01 3.057119e+01 5.518334e+01 
3.847427e+00 7.625403e+00 1.928446e+01 2.985371e+01 5.383730e+01 
3.901058e+00 7.472129e+00 1.885170e+01 2.914939e+01 5.251879e+01 
3.955436e+00 7.321280e+00 1.842648e+01 2.845816e+01 5.122724e+01 
4.010573e+00 7.172830e+00 1.800875e+01 2.777993e+01 4.996207e+01 
4.066478e+00 7.026757e+00 1.759842e+01 2.711465e+01 4.872285e+01 
4.123163e+00 6.883034e+00 1.719545e+01 2.646220e+01 4.750917e+01 
4.180637e+00 6.741637e+00 1.679976e+01 2.582250e+01 4.632072e+01 
4.238913e+00 6.602535e+00 1.641127e+01 2.519545e+01 4.515723e+01 
4.298001e+00 6.465698e+00 1.602993e+01 2.458096e+01 4.401844e+01 
4.357913e+00 6.331091e+00 1.565564e+01 2.397888e+01 4.290410e+01 
4.418660e+00 6.198676e+00 1.528833e+01 2.338911e+01 4.181394e+01 
4.480254e+00 6.068417e+00 1.492792e+01 2.281149e+01 4.074765e+01 
4.542706e+00 5.940276e+00 1.457433e+01 2.224590e+01 3.970496e+01 
4.606029e+00 5.814226e+00 1.422748e+01 2.169217e+01 3.868553e+01 
4.670234e+00 5.690241e+00 1.388729e+01 2.115014e+01 3.768907e+01 
4.735335e+00 5.568304e+00 1.355368e+01 2.061963e+01 3.671522e+01 
4.801343e+00 5.448403e+00 1.322657e+01 2.010047e+01 3.576364e+01 
4.868271e+00 5.330528e+00 1.290590e+01 1.959244e+01 3.483395e+01 
4.936132e+00 5.214670e+00 1.259156e+01 1.909537e+01 3.392574e+01 
5.004939e+00 5.100819e+00 1.228350e+01 1.860902e+01 3.303863e+01 
5.074705e+00 4.988960e+00 1.198164e+01 1.813320e+01 3.217222e+01 
5.145444e+00 4.879075e+00 1.168590e+01 1.766772e+01 3.132615e+01 
5.217169e+00 4.771140e+00 1.139620e+01 1.721240e+01 3.050000e+01 
5.289893e+00 4.665129e+00 1.111246e+01 1.676708e+01 2.969339e+01 
5.363631e+00 4.561012e+00 1.083462e+01 1.633162e+01 2.890596e+01 
5.438397e+00 4.458758e+00 1.056258e+01 1.590589e+01 2.813731e+01 
5.514206e+00 4.358336e+00 1.029627e+01 1.548976e+01 2.738708e+01 
5.591071e+00 4.259718e+00 1.003561e+01 1.508313e+01 2.665490e+01 
5.669007e+00 4.162874e+00 9.780519e+00 1.468585e+01 2.594040e+01 
5.748030e+00 4.067779e+00 9.530924e+00 1.429778e+01 2.524321e+01 
5.828155e+00 3.974409e+00 9.286744e+00 1.391875e+01 2.456295e+01 
5.909396e+00 3.882742e+00 9.047900e+00 1.354861e+01 2.389927e+01 
5.991770e+00 3.792760e+00 8.814314e+00 1.318718e+01 2.325181e+01 
6.075292e+00 3.704441e+00 8.585906e+00 1.283429e+01 2.262019e+01 
6.159978e+00 3.617769e+00 8.362596e+00 1.248976e+01 2.200409e+01 
6.245845e+00 3.532727e+00 8.144304e+00 1.215345e+01 2.140320e+01 
6.332908e+00 3.449301e+00 7.930948e+00 1.182518e+01 2.081720e+01 
6.421186e+00 3.367475e+00 7.722446e+00 1.150482e+01 2.024579e+01 
6.510694e+00 3.287233e+00 7.518719e+00 1.119220e+01 1.968869e+01 
6.601449e+00 3.208558e+00 7.319683e+00 1.088717e+01 1.914560e+01 
6.693470e+00 3.131434e+00 7.125259e+00 1.058957e+01 1.861626e+01 
6.786773e+00 3.055841e+00 6.935365e+00 1.029928e+01 1.810039e+01 
6.881377e+00 2.981761e+00 6.749921e+00 1.001614e+01 1.759769e+01 
6.977300e+00 2.909174e+00 6.568847e+00 9.740019e+00 1.710791e+01 
7.074559e+00 2.838061e+00 6.392063e+00 9.470786e+00 1.663077e+01 
7.173175e+00 2.768398e+00 6.219490e+00 9.208314e+00 1.616602e+01 
7.273165e+00 2.700164e+00 6.051051e+00 8.952478e+00 1.571340e+01 
7.374549e+00 2.633339e+00 5.886665e+00 8.703149e+00 1.527263e+01 
7.477346e+00 2.567897e+00 5.726258e+00 8.460194e+00 1.484347e+01 
7.581576e+00 2.503818e+00 5.569754e+00 8.223480e+00 1.442566e+01 
7.687260e+00 2.441082e+00 5.417077e+00 7.992871e+00 1.401894e+01 
7.794416e+00 2.379667e+00 5.268153e+00 7.768229e+00 1.362304e+01 
7.903066e+00 2.319553e+00 5.122908e+00 7.549420e+00 1.323771e+01 
8.013230e+00 2.260721e+00 4.981269e+00 7.336310e+00 1.286269e+01 
8.124930e+00 2.203151e+00 4.843165e+00 7.128767e+00 1.249773e+01 
8.238187e+00 2.146823e+00 4.708525e+00 6.926662e+00 1.214259e+01 
8.353023e+00 2.091718e+00 4.577277e+00 6.729866e+00 1.179701e+01 
8.469460e+00 2.037817e+00 4.449351e+00 6.538255e+00 1.146077e+01 
8.587519e+00 1.985100e+00 4.324678e+00 6.351705e+00 1.113361e+01 
8.707225e+00 1.933550e+00 4.203188e+00 6.170101e+00 1.081532e+01 
8.828599e+00 1.883148e+00 4.084815e+00 5.993327e+00 1.050567e+01 
8.951665e+00 1.833876e+00 3.969492e+00 5.821275e+00 1.020444e+01 
9.076446e+00 1.785715e+00 3.857150e+00 5.653834e+00 9.911415e+00 
9.202967e+00 1.738647e+00 3.747727e+00 5.490897e+00 9.626388e+00 
9.331251e+00 1.692653e+00 3.641155e+00 5.332357e+00 9.349153e+00 
9.461324e+00 1.647713e+00 3.537373e+00 5.178107e+00 9.079510e+00 
9.593209e+00 1.603812e+00 3.436316e+00 5.028042e+00 8.817263e+00 
9.726934e+00 1.560929e+00 3.337926e+00 4.882060e+00 8.562227e+00 
9.862522e+00 1.519047e+00 3.242138e+00 4.740059e+00 8.314218e+00 
1.000000e+01 1.478150e+00 3.148895e+00 4.601943e+00 8.073059e+00 
