1.000000e-02 1.961802e+04 3.076430e+04 4.341563e+04 7.352317e+04 
1.013939e-02 1.938844e+04 3.011088e+04 4.219954e+04 7.216893e+04 
1.028073e-02 1.916018e+04 2.949974e+04 4.107390e+04 7.085912e+04 
1.042404e-02 1.893285e+04 2.893313e+04 4.004415e+04 6.960068e+04 
1.056935e-02 1.870609e+04 2.841218e+04 3.911330e+04 6.839874e+04 
1.071668e-02 1.847959e+04 2.793699e+04 3.828203e+04 6.725694e+04 
1.086606e-02 1.825309e+04 2.750666e+04 3.754902e+04 6.617733e+04 
1.101753e-02 1.802640e+04 2.711946e+04 3.691120e+04 6.516034e+04 
1.117111e-02 1.779939e+04 2.677294e+04 3.636407e+04 6.420521e+04 
1.132683e-02 1.757200e+04 2.646409e+04 3.590203e+04 6.330970e+04 
1.148472e-02 1.734424e+04 2.618941e+04 3.551863e+04 6.247066e+04 
1.164481e-02 1.711620e+04 2.594518e+04 3.520688e+04 6.168387e+04 
1.180713e-02 1.688799e+04 2.572745e+04 3.495949e+04 6.094456e+04 
1.197171e-02 1.665983e+04 2.553226e+04 3.476896e+04 6.024723e+04 
1.213859e-02 1.643193e+04 2.535567e+04 3.462777e+04 5.958597e+04 
1.230780e-02 1.620457e+04 2.519389e+04 3.452842e+04 5.895464e+04 
1.247936e-02 1.597803e+04 2.504328e+04 3.446354e+04 5.834695e+04 
1.265332e-02 1.575260e+04 2.490047e+04 3.442584e+04 5.775647e+04 
1.282970e-02 1.552855e+04 2.476233e+04 3.440824e+04 5.717697e+04 
1.300854e-02 1.530615e+04 2.462607e+04 3.440382e+04 5.660233e+04 
1.318987e-02 1.508567e+04 2.448920e+04 3.440595e+04 5.602690e+04 
1.337373e-02 1.486729e+04 2.434956e+04 3.440825e+04 5.544531e+04 
1.356015e-02 1.465122e+04 2.420533e+04 3.440476e+04 5.485286e+04 
1.374917e-02 1.443759e+04 2.405504e+04 3.438999e+04 5.424546e+04 
1.394083e-02 1.422649e+04 2.389750e+04 3.435900e+04 5.361966e+04 
1.413516e-02 1.401798e+04 2.373188e+04 3.430750e+04 5.297288e+04 
1.433219e-02 1.381209e+04 2.355762e+04 3.423197e+04 5.230326e+04 
1.453198e-02 1.360880e+04 2.337444e+04 3.412970e+04 5.160983e+04 
1.473454e-02 1.340808e+04 2.318234e+04 3.399886e+04 5.089242e+04 
1.493993e-02 1.320990e+04 2.298152e+04 3.383848e+04 5.015163e+04 
1.514819e-02 1.301420e+04 2.277235e+04 3.364843e+04 4.938865e+04 
1.535935e-02 1.282093e+04 2.255536e+04 3.342936e+04 4.860540e+04 
1.557345e-02 1.263002e+04 2.233118e+04 3.318264e+04 4.780428e+04 
1.579053e-02 1.244145e+04 2.210050e+04 3.291017e+04 4.698800e+04 
1.601064e-02 1.225517e+04 2.186402e+04 3.261432e+04 4.615958e+04 
1.623382e-02 1.207118e+04 2.162245e+04 3.229777e+04 4.532237e+04 
1.646012e-02 1.188948e+04 2.137646e+04 3.196331e+04 4.447969e+04 
1.668956e-02 1.171010e+04 2.112666e+04 3.161375e+04 4.363488e+04 
1.692220e-02 1.153305e+04 2.087354e+04 3.125180e+04 4.279128e+04 
1.715809e-02 1.135837e+04 2.061758e+04 3.087995e+04 4.195207e+04 
1.739726e-02 1.118610e+04 2.035912e+04 3.050037e+04 4.112040e+04 
1.763977e-02 1.101628e+04 2.009846e+04 3.011498e+04 4.029917e+04 
1.788566e-02 1.084892e+04 1.983586e+04 2.972530e+04 3.949121e+04 
1.813498e-02 1.068405e+04 1.957155e+04 2.933254e+04 3.869917e+04 
1.838777e-02 1.052167e+04 1.930574e+04 2.893762e+04 3.792546e+04 
1.864409e-02 1.036176e+04 1.903863e+04 2.854117e+04 3.717225e+04 
1.890397e-02 1.020428e+04 1.877046e+04 2.814354e+04 3.644158e+04 
1.916748e-02 1.004916e+04 1.850149e+04 2.774495e+04 3.573518e+04 
1.943467e-02 9.896323e+03 1.823205e+04 2.734551e+04 3.505451e+04 
1.970558e-02 9.745657e+03 1.796248e+04 2.694521e+04 3.440075e+04 
1.998026e-02 9.597048e+03 1.769319e+04 2.654400e+04 3.377469e+04 
2.025878e-02 9.450369e+03 1.742465e+04 2.614186e+04 3.317695e+04 
2.054117e-02 9.305488e+03 1.715733e+04 2.573876e+04 3.260762e+04 
2.082751e-02 9.162263e+03 1.689172e+04 2.533473e+04 3.206650e+04 
2.111783e-02 9.020567e+03 1.662836e+04 2.492986e+04 3.155308e+04 
2.141220e-02 8.880285e+03 1.636777e+04 2.452434e+04 3.106660e+04 
2.171068e-02 8.741324e+03 1.611048e+04 2.411842e+04 3.060591e+04 
2.201331e-02 8.603613e+03 1.585700e+04 2.371250e+04 3.016974e+04 
2.232016e-02 8.467115e+03 1.560785e+04 2.330707e+04 2.975663e+04 
2.263130e-02 8.331815e+03 1.536347e+04 2.290272e+04 2.936498e+04 
2.294676e-02 8.197726e+03 1.512430e+04 2.250012e+04 2.899305e+04 
2.326663e-02 8.064898e+03 1.489070e+04 2.210003e+04 2.863912e+04 
2.359095e-02 7.933404e+03 1.466301e+04 2.170331e+04 2.830145e+04 
2.391980e-02 7.803352e+03 1.444151e+04 2.131092e+04 2.797839e+04 
2.425323e-02 7.674871e+03 1.422641e+04 2.092379e+04 2.766829e+04 
2.459130e-02 7.548113e+03 1.401785e+04 2.054292e+04 2.736964e+04 
2.493409e-02 7.423242e+03 1.381594e+04 2.016931e+04 2.708107e+04 
2.528166e-02 7.300425e+03 1.362067e+04 1.980388e+04 2.680124e+04 
2.563407e-02 7.179828e+03 1.343197e+04 1.944746e+04 2.652897e+04 
2.599140e-02 7.061616e+03 1.324971e+04 1.910081e+04 2.626317e+04 
2.635371e-02 6.945954e+03 1.307370e+04 1.876456e+04 2.600295e+04 
2.672106e-02 6.832984e+03 1.290370e+04 1.843920e+04 2.574751e+04 
2.709354e-02 6.722835e+03 1.273940e+04 1.812500e+04 2.549612e+04 
2.747121e-02 6.615610e+03 1.258046e+04 1.782209e+04 2.524818e+04 
2.785414e-02 6.511379e+03 1.242647e+04 1.753038e+04 2.500311e+04 
2.824241e-02 6.410175e+03 1.227698e+04 1.724957e+04 2.476041e+04 
2.863610e-02 6.312008e+03 1.213150e+04 1.697916e+04 2.451955e+04 
2.903527e-02 6.216850e+03 1.198951e+04 1.671850e+04 2.428007e+04 
2.944000e-02 6.124654e+03 1.185048e+04 1.646680e+04 2.404155e+04 
2.985038e-02 6.035334e+03 1.171382e+04 1.622312e+04 2.380347e+04 
3.026648e-02 5.948782e+03 1.157894e+04 1.598642e+04 2.356530e+04 
3.068838e-02 5.864855e+03 1.144518e+04 1.575556e+04 2.332644e+04 
3.111616e-02 5.783385e+03 1.131188e+04 1.552941e+04 2.308632e+04 
3.154990e-02 5.704187e+03 1.117834e+04 1.530677e+04 2.284422e+04 
3.198969e-02 5.627063e+03 1.104387e+04 1.508653e+04 2.259942e+04 
3.243561e-02 5.551811e+03 1.090782e+04 1.486762e+04 2.235124e+04 
3.288774e-02 5.478225e+03 1.076956e+04 1.464915e+04 2.209910e+04 
3.334618e-02 5.406101e+03 1.062852e+04 1.443029e+04 2.184229e+04 
3.381101e-02 5.335231e+03 1.048419e+04 1.421039e+04 2.158027e+04 
3.428231e-02 5.265413e+03 1.033617e+04 1.398896e+04 2.131250e+04 
3.476019e-02 5.196464e+03 1.018418e+04 1.376576e+04 2.103876e+04 
3.524473e-02 5.128212e+03 1.002809e+04 1.354068e+04 2.075875e+04 
3.573602e-02 5.060513e+03 9.867947e+03 1.331384e+04 2.047245e+04 
3.623416e-02 4.993250e+03 9.703958e+03 1.308558e+04 2.018006e+04 
3.673925e-02 4.926330e+03 9.536529e+03 1.285642e+04 1.988200e+04 
3.725137e-02 4.859677e+03 9.366185e+03 1.262693e+04 1.957868e+04 
3.777064e-02 4.793227e+03 9.193595e+03 1.239781e+04 1.927070e+04 
3.829714e-02 4.726947e+03 9.019557e+03 1.216981e+04 1.895879e+04 
3.883098e-02 4.660824e+03 8.844972e+03 1.194373e+04 1.864379e+04 
3.937226e-02 4.594861e+03 8.670780e+03 1.172031e+04 1.832649e+04 
3.992109e-02 4.529084e+03 8.497963e+03 1.150025e+04 1.800777e+04 
4.047757e-02 4.463535e+03 8.327496e+03 1.128419e+04 1.768848e+04 
4.104181e-02 4.398263e+03 8.160300e+03 1.107264e+04 1.736943e+04 
4.161391e-02 4.333311e+03 7.997173e+03 1.086592e+04 1.705124e+04 
4.219398e-02 4.268733e+03 7.838820e+03 1.066423e+04 1.673445e+04 
4.278214e-02 4.204588e+03 7.685818e+03 1.046766e+04 1.641959e+04 
4.337850e-02 4.140932e+03 7.538597e+03 1.027618e+04 1.610709e+04 
4.398317e-02 4.077826e+03 7.397420e+03 1.008960e+04 1.579719e+04 
4.459628e-02 4.015328e+03 7.262410e+03 9.907717e+03 1.549021e+04 
4.521792e-02 3.953493e+03 7.133549e+03 9.730264e+03 1.518639e+04 
4.584824e-02 3.892360e+03 7.010660e+03 9.556924e+03 1.488594e+04 
4.648734e-02 3.831963e+03 6.893442e+03 9.387362e+03 1.458904e+04 
4.713535e-02 3.772332e+03 6.781511e+03 9.221302e+03 1.429590e+04 
4.779239e-02 3.713495e+03 6.674423e+03 9.058537e+03 1.400690e+04 
4.845859e-02 3.655469e+03 6.571678e+03 8.898899e+03 1.372233e+04 
4.913407e-02 3.598267e+03 6.472753e+03 8.742279e+03 1.344257e+04 
4.981898e-02 3.541897e+03 6.377130e+03 8.588653e+03 1.316805e+04 
5.051342e-02 3.486359e+03 6.284317e+03 8.438075e+03 1.289929e+04 
5.121755e-02 3.431640e+03 6.193834e+03 8.290591e+03 1.263667e+04 
5.193150e-02 3.377723e+03 6.105250e+03 8.146291e+03 1.238059e+04 
5.265540e-02 3.324588e+03 6.018199e+03 8.005286e+03 1.213141e+04 
5.338938e-02 3.272213e+03 5.932387e+03 7.867717e+03 1.188953e+04 
5.413360e-02 3.220567e+03 5.847555e+03 7.733638e+03 1.165511e+04 
5.488820e-02 3.169618e+03 5.763513e+03 7.603092e+03 1.142823e+04 
5.565331e-02 3.119347e+03 5.680152e+03 7.476111e+03 1.120897e+04 
5.642908e-02 3.069743e+03 5.597448e+03 7.352736e+03 1.099740e+04 
5.721568e-02 3.020791e+03 5.515376e+03 7.232870e+03 1.079332e+04 
5.801323e-02 2.972474e+03 5.433957e+03 7.116397e+03 1.059649e+04 
5.882190e-02 2.924776e+03 5.353228e+03 7.003149e+03 1.040661e+04 
5.964185e-02 2.877680e+03 5.273255e+03 6.892945e+03 1.022340e+04 
6.047322e-02 2.831164e+03 5.194065e+03 6.785492e+03 1.004630e+04 
6.131619e-02 2.785209e+03 5.115695e+03 6.680509e+03 9.874859e+03 
6.217090e-02 2.739794e+03 5.038171e+03 6.577706e+03 9.708595e+03 
6.303753e-02 2.694898e+03 4.961511e+03 6.476810e+03 9.547087e+03 
6.391624e-02 2.650494e+03 4.885678e+03 6.377488e+03 9.389755e+03 
6.480720e-02 2.606559e+03 4.810629e+03 6.279457e+03 9.236128e+03 
6.571058e-02 2.563066e+03 4.736303e+03 6.182463e+03 9.085792e+03 
6.662655e-02 2.520001e+03 4.662640e+03 6.086317e+03 8.938421e+03 
6.755528e-02 2.477354e+03 4.589556e+03 5.990826e+03 8.793628e+03 
6.849697e-02 2.435118e+03 4.516967e+03 5.895870e+03 8.651149e+03 
6.945178e-02 2.393290e+03 4.444796e+03 5.801378e+03 8.510799e+03 
7.041990e-02 2.351864e+03 4.372956e+03 5.707313e+03 8.372421e+03 
7.140151e-02 2.310839e+03 4.301349e+03 5.613631e+03 8.235800e+03 
7.239681e-02 2.270227e+03 4.229918e+03 5.520376e+03 8.100869e+03 
7.340598e-02 2.230050e+03 4.158644e+03 5.427654e+03 7.967661e+03 
7.442922e-02 2.190337e+03 4.087517e+03 5.335573e+03 7.836194e+03 
7.546673e-02 2.151116e+03 4.016538e+03 5.244239e+03 7.706447e+03 
7.651869e-02 2.112424e+03 3.945743e+03 5.153785e+03 7.578481e+03 
7.758532e-02 2.074290e+03 3.875185e+03 5.064356e+03 7.452381e+03 
7.866682e-02 2.036730e+03 3.804893e+03 4.976018e+03 7.328106e+03 
7.976339e-02 1.999760e+03 3.734912e+03 4.888820e+03 7.205583e+03 
8.087525e-02 1.963403e+03 3.665320e+03 4.802827e+03 7.084789e+03 
8.200261e-02 1.927686e+03 3.596228e+03 4.718124e+03 6.965767e+03 
8.314568e-02 1.892616e+03 3.527711e+03 4.634700e+03 6.848397e+03 
8.430468e-02 1.858184e+03 3.459821e+03 4.552492e+03 6.732485e+03 
8.547985e-02 1.824379e+03 3.392622e+03 4.471434e+03 6.617864e+03 
8.667139e-02 1.791194e+03 3.326201e+03 4.391490e+03 6.504451e+03 
8.787954e-02 1.758613e+03 3.260618e+03 4.312561e+03 6.392032e+03 
8.910453e-02 1.726629e+03 3.195949e+03 4.234580e+03 6.280467e+03 
9.034660e-02 1.695233e+03 3.132275e+03 4.157497e+03 6.169660e+03 
9.160598e-02 1.664422e+03 3.069692e+03 4.081309e+03 6.059628e+03 
9.288292e-02 1.634184e+03 3.008251e+03 4.005953e+03 5.950254e+03 
9.417766e-02 1.604510e+03 2.948017e+03 3.931416e+03 5.841531e+03 
9.549045e-02 1.575398e+03 2.889054e+03 3.857715e+03 5.733512e+03 
9.682153e-02 1.546846e+03 2.831438e+03 3.784926e+03 5.626371e+03 
9.817117e-02 1.518850e+03 2.775187e+03 3.713050e+03 5.520128e+03 
9.953962e-02 1.491389e+03 2.720311e+03 3.642116e+03 5.414878e+03 
1.009272e-01 1.464424e+03 2.666765e+03 3.572108e+03 5.310655e+03 
1.023340e-01 1.437910e+03 2.614497e+03 3.503025e+03 5.207543e+03 
1.037605e-01 1.411790e+03 2.563402e+03 3.434798e+03 5.105477e+03 
1.052069e-01 1.386010e+03 2.513379e+03 3.367382e+03 5.004459e+03 
1.066734e-01 1.360506e+03 2.464312e+03 3.300729e+03 4.904486e+03 
1.081604e-01 1.335215e+03 2.416077e+03 3.234786e+03 4.805559e+03 
1.096681e-01 1.310065e+03 2.368518e+03 3.169438e+03 4.707551e+03 
1.111968e-01 1.285020e+03 2.321541e+03 3.104668e+03 4.610498e+03 
1.127468e-01 1.260068e+03 2.275104e+03 3.040520e+03 4.514527e+03 
1.143184e-01 1.235198e+03 2.229160e+03 2.977024e+03 4.419744e+03 
1.159120e-01 1.210406e+03 2.183663e+03 2.914192e+03 4.326193e+03 
1.175277e-01 1.185724e+03 2.138638e+03 2.852122e+03 4.234061e+03 
1.191660e-01 1.161191e+03 2.094134e+03 2.790941e+03 4.143567e+03 
1.208271e-01 1.136853e+03 2.050204e+03 2.730761e+03 4.054899e+03 
1.225114e-01 1.112751e+03 2.006889e+03 2.671661e+03 3.968175e+03 
1.242191e-01 1.088927e+03 1.964236e+03 2.613725e+03 3.883514e+03 
1.259506e-01 1.065418e+03 1.922303e+03 2.557041e+03 3.801042e+03 
1.277063e-01 1.042268e+03 1.881141e+03 2.501678e+03 3.720840e+03 
1.294865e-01 1.019515e+03 1.840799e+03 2.447692e+03 3.642960e+03 
1.312915e-01 9.971919e+02 1.801320e+03 2.395129e+03 3.567440e+03 
1.331216e-01 9.753328e+02 1.762755e+03 2.344047e+03 3.494333e+03 
1.349772e-01 9.539686e+02 1.725143e+03 2.294478e+03 3.423651e+03 
1.368587e-01 9.331224e+02 1.688508e+03 2.246435e+03 3.355376e+03 
1.387665e-01 9.127996e+02 1.652847e+03 2.199894e+03 3.289435e+03 
1.407008e-01 8.930049e+02 1.618161e+03 2.154840e+03 3.225774e+03 
1.426621e-01 8.737355e+02 1.584428e+03 2.111223e+03 3.164287e+03 
1.446507e-01 8.549733e+02 1.551602e+03 2.068959e+03 3.104823e+03 
1.466671e-01 8.366890e+02 1.519614e+03 2.027945e+03 3.047196e+03 
1.487115e-01 8.188523e+02 1.488409e+03 1.988081e+03 2.991240e+03 
1.507845e-01 8.014316e+02 1.457909e+03 1.949252e+03 2.936766e+03 
1.528864e-01 7.844072e+02 1.428070e+03 1.911378e+03 2.883643e+03 
1.550175e-01 7.677595e+02 1.398848e+03 1.874382e+03 2.831752e+03 
1.571784e-01 7.514687e+02 1.370206e+03 1.838201e+03 2.780988e+03 
1.593694e-01 7.355025e+02 1.342074e+03 1.802727e+03 2.731188e+03 
1.615909e-01 7.198275e+02 1.314394e+03 1.767861e+03 2.682205e+03 
1.638434e-01 7.044101e+02 1.287103e+03 1.733507e+03 2.633892e+03 
1.661273e-01 6.892252e+02 1.260167e+03 1.699601e+03 2.586139e+03 
1.684430e-01 6.742419e+02 1.233530e+03 1.666057e+03 2.538827e+03 
1.707910e-01 6.594378e+02 1.207161e+03 1.632822e+03 2.491875e+03 
1.731717e-01 6.448258e+02 1.181093e+03 1.599931e+03 2.445341e+03 
1.755856e-01 6.304308e+02 1.155385e+03 1.567454e+03 2.399333e+03 
1.780332e-01 6.162733e+02 1.130083e+03 1.535450e+03 2.353965e+03 
1.805149e-01 6.023732e+02 1.105236e+03 1.503983e+03 2.309341e+03 
1.830312e-01 5.887517e+02 1.080895e+03 1.473121e+03 2.265574e+03 
1.855825e-01 5.754246e+02 1.057102e+03 1.442922e+03 2.222747e+03 
1.881694e-01 5.623945e+02 1.033873e+03 1.413406e+03 2.180917e+03 
1.907924e-01 5.496659e+02 1.011226e+03 1.384605e+03 2.140133e+03 
1.934520e-01 5.372470e+02 9.891848e+02 1.356552e+03 2.100445e+03 
1.961486e-01 5.251468e+02 9.677746e+02 1.329281e+03 2.061909e+03 
1.988828e-01 5.133670e+02 9.470020e+02 1.302813e+03 2.024570e+03 
2.016551e-01 5.018967e+02 9.268514e+02 1.277125e+03 1.988402e+03 
2.044661e-01 4.907229e+02 9.073009e+02 1.252192e+03 1.953345e+03 
2.073162e-01 4.798242e+02 8.883123e+02 1.227961e+03 1.919315e+03 
2.102061e-01 4.691729e+02 8.698335e+02 1.204364e+03 1.886218e+03 
2.131362e-01 4.587485e+02 8.518237e+02 1.181348e+03 1.853960e+03 
2.161073e-01 4.485444e+02 8.342646e+02 1.158884e+03 1.822478e+03 
2.191197e-01 4.385508e+02 8.171319e+02 1.136939e+03 1.791725e+03 
2.221741e-01 4.287528e+02 8.003905e+02 1.115467e+03 1.761633e+03 
2.252711e-01 4.191354e+02 7.840050e+02 1.094416e+03 1.732115e+03 
2.284112e-01 4.096997e+02 7.679658e+02 1.073771e+03 1.703120e+03 
2.315951e-01 4.004514e+02 7.522738e+02 1.053531e+03 1.674665e+03 
2.348235e-01 3.913985e+02 7.369346e+02 1.033707e+03 1.646773e+03 
2.380968e-01 3.825522e+02 7.219578e+02 1.014313e+03 1.619466e+03 
2.414157e-01 3.739161e+02 7.073399e+02 9.953377e+02 1.592702e+03 
2.447809e-01 3.654810e+02 6.930575e+02 9.767525e+02 1.566451e+03 
2.481930e-01 3.572370e+02 6.790875e+02 9.585276e+02 1.540668e+03 
2.516527e-01 3.491750e+02 6.654075e+02 9.406325e+02 1.515299e+03 
2.551606e-01 3.412971e+02 6.520137e+02 9.230564e+02 1.490299e+03 
2.587174e-01 3.336126e+02 6.389231e+02 9.058334e+02 1.465752e+03 
2.623238e-01 3.261219e+02 6.261344e+02 8.889658e+02 1.441667e+03 
2.659804e-01 3.188125e+02 6.136245e+02 8.724246e+02 1.417992e+03 
2.696881e-01 3.116689e+02 6.013632e+02 8.561627e+02 1.394621e+03 
2.734474e-01 3.046708e+02 5.893190e+02 8.401486e+02 1.371529e+03 
2.772591e-01 2.978150e+02 5.774885e+02 8.243823e+02 1.348715e+03 
2.811239e-01 2.911063e+02 5.658833e+02 8.088843e+02 1.326214e+03 
2.850426e-01 2.845530e+02 5.545183e+02 7.936747e+02 1.304043e+03 
2.890160e-01 2.781544e+02 5.434004e+02 7.787758e+02 1.282270e+03 
2.930447e-01 2.718979e+02 5.325109e+02 7.641656e+02 1.260856e+03 
2.971296e-01 2.657763e+02 5.218401e+02 7.498328e+02 1.239781e+03 
3.012714e-01 2.597911e+02 5.113919e+02 7.357817e+02 1.219040e+03 
3.054710e-01 2.539473e+02 5.011829e+02 7.220470e+02 1.198719e+03 
3.097291e-01 2.482485e+02 4.912230e+02 7.086451e+02 1.178851e+03 
3.140465e-01 2.426874e+02 4.815002e+02 6.955589e+02 1.159402e+03 
3.184242e-01 2.372542e+02 4.719975e+02 6.827632e+02 1.140324e+03 
3.228628e-01 2.319405e+02 4.627052e+02 6.702508e+02 1.121626e+03 
3.273634e-01 2.267504e+02 4.536322e+02 6.580360e+02 1.103339e+03 
3.319266e-01 2.216869e+02 4.447822e+02 6.461211e+02 1.085459e+03 
3.365535e-01 2.167463e+02 4.361484e+02 6.344962e+02 1.067976e+03 
3.412449e-01 2.119186e+02 4.277161e+02 6.231444e+02 1.050874e+03 
3.460016e-01 2.071991e+02 4.194762e+02 6.120529e+02 1.034138e+03 
3.508247e-01 2.025900e+02 4.114295e+02 6.012187e+02 1.017754e+03 
3.557150e-01 1.980967e+02 4.035854e+02 5.906561e+02 1.001757e+03 
3.606735e-01 1.937140e+02 3.959357e+02 5.803563e+02 9.861434e+02 
3.657011e-01 1.894334e+02 3.884644e+02 5.702958e+02 9.708755e+02 
3.707988e-01 1.852527e+02 3.811625e+02 5.604570e+02 9.559130e+02 
3.759675e-01 1.811752e+02 3.740369e+02 5.508515e+02 9.412857e+02 
3.812083e-01 1.771995e+02 3.670854e+02 5.414787e+02 9.270017e+02 
3.865221e-01 1.733184e+02 3.602942e+02 5.323177e+02 9.130255e+02 
3.919100e-01 1.695262e+02 3.536475e+02 5.233408e+02 8.992966e+02 
3.973730e-01 1.658277e+02 3.471562e+02 5.145670e+02 8.858590e+02 
4.029122e-01 1.622225e+02 3.408198e+02 5.059967e+02 8.727188e+02 
4.085286e-01 1.587042e+02 3.346263e+02 4.976125e+02 8.598449e+02 
4.142232e-01 1.552689e+02 3.285629e+02 4.893905e+02 8.471830e+02 
4.199973e-01 1.519175e+02 3.226350e+02 4.813430e+02 8.347670e+02 
4.258518e-01 1.486512e+02 3.168454e+02 4.734747e+02 8.226076e+02 
4.317880e-01 1.454636e+02 3.111816e+02 4.657677e+02 8.106740e+02 
4.378069e-01 1.423523e+02 3.056347e+02 4.582042e+02 7.989225e+02 
4.439097e-01 1.393184e+02 3.002114e+02 4.507996e+02 7.873945e+02 
4.500975e-01 1.363611e+02 2.949107e+02 4.435529e+02 7.760900e+02 
4.563716e-01 1.334755e+02 2.897233e+02 4.364508e+02 7.649865e+02 
4.627332e-01 1.306584e+02 2.846399e+02 4.294767e+02 7.540461e+02 
4.691835e-01 1.279118e+02 2.796692e+02 4.226484e+02 7.433137e+02 
4.757236e-01 1.252345e+02 2.748096e+02 4.159646e+02 7.327890e+02 
4.823549e-01 1.226205e+02 2.700499e+02 4.094089e+02 7.224433e+02 
4.890787e-01 1.200700e+02 2.653885e+02 4.029776e+02 7.122657e+02 
4.958962e-01 1.175842e+02 2.608323e+02 3.966850e+02 7.022926e+02 
5.028087e-01 1.151594e+02 2.563748e+02 3.905228e+02 6.925110e+02 
5.098176e-01 1.127914e+02 2.520085e+02 3.844797e+02 6.829002e+02 
5.169242e-01 1.104824e+02 2.477363e+02 3.785593e+02 6.734649e+02 
5.241298e-01 1.082301e+02 2.435579e+02 3.727644e+02 6.642175e+02 
5.314359e-01 1.060314e+02 2.394680e+02 3.670879e+02 6.551477e+02 
5.388438e-01 1.038868e+02 2.354669e+02 3.615298e+02 6.462525e+02 
5.463550e-01 1.017950e+02 2.315517e+02 3.560851e+02 6.375236e+02 
5.539709e-01 9.975154e+01 2.277178e+02 3.507497e+02 6.289588e+02 
5.616930e-01 9.775837e+01 2.239685e+02 3.455275e+02 6.205667e+02 
5.695227e-01 9.581435e+01 2.203006e+02 3.404137e+02 6.123342e+02 
5.774615e-01 9.391502e+01 2.167063e+02 3.353963e+02 6.042425e+02 
5.855110e-01 9.206166e+01 2.131898e+02 3.304827e+02 5.963079e+02 
5.936727e-01 9.025443e+01 2.097514e+02 3.256729e+02 5.885308e+02 
6.019482e-01 8.848829e+01 2.063806e+02 3.209502e+02 5.808789e+02 
6.103390e-01 8.676510e+01 2.030811e+02 3.163194e+02 5.733645e+02 
6.188468e-01 8.508319e+01 1.998514e+02 3.117792e+02 5.659865e+02 
6.274732e-01 8.344071e+01 1.966882e+02 3.073243e+02 5.587371e+02 
6.362198e-01 8.183691e+01 1.935884e+02 3.029485e+02 5.516028e+02 
6.450884e-01 8.027141e+01 1.905524e+02 2.986531e+02 5.445886e+02 
6.540806e-01 7.874355e+01 1.875800e+02 2.944381e+02 5.376961e+02 
6.631981e-01 7.725170e+01 1.846682e+02 2.902992e+02 5.309183e+02 
6.724427e-01 7.579435e+01 1.818128e+02 2.862284e+02 5.242399e+02 
6.818162e-01 7.437100e+01 1.790144e+02 2.822281e+02 5.176673e+02 
6.913204e-01 7.298079e+01 1.762720e+02 2.782973e+02 5.111995e+02 
7.009570e-01 7.162286e+01 1.735843e+02 2.744342e+02 5.048337e+02 
7.107280e-01 7.029603e+01 1.709476e+02 2.706323e+02 4.985569e+02 
7.206351e-01 6.900004e+01 1.683629e+02 2.668951e+02 4.923766e+02 
7.306804e-01 6.773393e+01 1.658292e+02 2.632210e+02 4.862905e+02 
7.408657e-01 6.649690e+01 1.633448e+02 2.596084e+02 4.802955e+02 
7.511929e-01 6.528775e+01 1.609061e+02 2.560516e+02 4.743797e+02 
7.616642e-01 6.410605e+01 1.585142e+02 2.525536e+02 4.685498e+02 
7.722814e-01 6.295087e+01 1.561675e+02 2.491128e+02 4.628024e+02 
7.830465e-01 6.182154e+01 1.538647e+02 2.457273e+02 4.571340e+02 
7.939618e-01 6.071711e+01 1.516028e+02 2.423923e+02 4.515363e+02 
8.050292e-01 5.963721e+01 1.493827e+02 2.391117e+02 4.460137e+02 
8.162509e-01 5.858121e+01 1.472030e+02 2.358833e+02 4.405635e+02 
8.276289e-01 5.754844e+01 1.450624e+02 2.327051e+02 4.351818e+02 
8.391656e-01 5.653809e+01 1.429586e+02 2.295749e+02 4.298627e+02 
8.508632e-01 5.554981e+01 1.408920e+02 2.264924e+02 4.246088e+02 
8.627237e-01 5.458309e+01 1.388616e+02 2.234572e+02 4.194177e+02 
8.747496e-01 5.363722e+01 1.368658e+02 2.204669e+02 4.142853e+02 
8.869432e-01 5.271153e+01 1.349029e+02 2.175193e+02 4.092077e+02 
8.993067e-01 5.180567e+01 1.329730e+02 2.146150e+02 4.041863e+02 
9.118425e-01 5.091917e+01 1.310754e+02 2.117528e+02 3.992191e+02 
9.245531e-01 5.005127e+01 1.292081e+02 2.089303e+02 3.943021e+02 
9.374409e-01 4.920136e+01 1.273701e+02 2.061458e+02 3.894331e+02 
9.505083e-01 4.836918e+01 1.255617e+02 2.033997e+02 3.846130e+02 
9.637579e-01 4.755430e+01 1.237817e+02 2.010729e+02 3.798404e+02 
9.771921e-01 4.675602e+01 1.220290e+02 1.980171e+02 3.751122e+02 
9.908137e-01 4.597391e+01 1.203029e+02 1.953775e+02 3.704276e+02 
1.004625e+00 4.520774e+01 1.186032e+02 1.927724e+02 3.657873e+02 
1.018629e+00 4.445708e+01 1.169295e+02 1.898177e+02 3.611904e+02 
1.032828e+00 4.372121e+01 1.152803e+02 1.876607e+02 3.566342e+02 
1.047225e+00 4.299987e+01 1.136554e+02 1.851518e+02 3.521192e+02 
1.061823e+00 4.229284e+01 1.120547e+02 1.826743e+02 3.476457e+02 
1.076624e+00 4.159975e+01 1.104779e+02 1.802275e+02 3.432131e+02 
1.091632e+00 4.091997e+01 1.089234e+02 1.778094e+02 3.388194e+02 
1.106848e+00 4.025338e+01 1.073916e+02 1.754205e+02 3.344654e+02 
1.122277e+00 3.959975e+01 1.058820e+02 1.730607e+02 3.301511e+02 
1.137921e+00 3.895872e+01 1.043944e+02 1.707293e+02 3.258762e+02 
1.153783e+00 3.832968e+01 1.029274e+02 1.684246e+02 3.216383e+02 
1.169866e+00 3.771256e+01 1.014811e+02 1.661470e+02 3.174385e+02 
1.186174e+00 3.713679e+01 1.000552e+02 1.638961e+02 3.132763e+02 
1.202708e+00 3.651279e+01 9.864906e+01 1.616713e+02 3.091507e+02 
1.219473e+00 3.592919e+01 9.726140e+01 1.594709e+02 3.050601e+02 
1.236472e+00 3.535629e+01 9.589258e+01 1.572955e+02 3.010050e+02 
1.253708e+00 3.479381e+01 9.454209e+01 1.551446e+02 2.969847e+02 
1.271184e+00 3.424147e+01 9.320939e+01 1.530174e+02 2.929982e+02 
1.288904e+00 3.369879e+01 9.189352e+01 1.509129e+02 2.890441e+02 
1.306870e+00 3.316581e+01 9.059466e+01 1.488313e+02 2.851225e+02 
1.325087e+00 3.264224e+01 8.931230e+01 1.467718e+02 2.812324e+02 
1.343558e+00 3.212779e+01 8.804589e+01 1.447338e+02 2.773727e+02 
1.362287e+00 3.162214e+01 8.679475e+01 1.427165e+02 2.735423e+02 
1.381276e+00 3.112522e+01 8.555887e+01 1.407197e+02 2.697407e+02 
1.400531e+00 3.063675e+01 8.433781e+01 1.387429e+02 2.659672e+02 
1.420053e+00 3.015649e+01 8.313109e+01 1.367856e+02 2.622207e+02 
1.439848e+00 2.968417e+01 8.193822e+01 1.348460e+02 2.585002e+02 
1.459919e+00 2.921972e+01 8.075916e+01 1.329260e+02 2.548054e+02 
1.480269e+00 2.876292e+01 7.959358e+01 1.310239e+02 2.511356e+02 
1.500903e+00 2.831353e+01 7.844103e+01 1.291394e+02 2.474900e+02 
1.521825e+00 2.787136e+01 7.730122e+01 1.272720e+02 2.438680e+02 
1.543038e+00 2.743631e+01 7.617407e+01 1.254217e+02 2.402695e+02 
1.564548e+00 2.700822e+01 7.505933e+01 1.235879e+02 2.366941e+02 
1.586357e+00 2.658684e+01 7.395666e+01 1.217705e+02 2.331413e+02 
1.608469e+00 2.617202e+01 7.286583e+01 1.199691e+02 2.296109e+02 
1.630891e+00 2.576367e+01 7.178678e+01 1.181836e+02 2.261032e+02 
1.653624e+00 2.536166e+01 7.071933e+01 1.164139e+02 2.226180e+02 
1.676675e+00 2.496576e+01 6.966319e+01 1.146598e+02 2.191552e+02 
1.700047e+00 2.457585e+01 6.861825e+01 1.129209e+02 2.157152e+02 
1.723745e+00 2.419185e+01 6.758446e+01 1.111975e+02 2.122982e+02 
1.747773e+00 2.381366e+01 6.656169e+01 1.094895e+02 2.089043e+02 
1.772136e+00 2.344106e+01 6.554968e+01 1.077965e+02 2.055337e+02 
1.796838e+00 2.307397e+01 6.454840e+01 1.061186e+02 2.021871e+02 
1.821885e+00 2.271233e+01 6.355779e+01 1.044559e+02 1.988645e+02 
1.847281e+00 2.235602e+01 6.257774e+01 1.028082e+02 1.955666e+02 
1.873032e+00 2.200483e+01 6.160802e+01 1.011754e+02 1.922934e+02 
1.899141e+00 2.165872e+01 6.064864e+01 9.955760e+01 1.890456e+02 
1.925614e+00 2.131762e+01 5.969951e+01 9.795471e+01 1.858236e+02 
1.952456e+00 2.098142e+01 5.876054e+01 9.636672e+01 1.826276e+02 
1.979672e+00 2.064994e+01 5.783155e+01 9.479351e+01 1.794582e+02 
2.007267e+00 2.032315e+01 5.691250e+01 9.323513e+01 1.763156e+02 
2.035248e+00 2.000101e+01 5.600337e+01 9.169156e+01 1.732004e+02 
2.063618e+00 1.968339e+01 5.510401e+01 9.016276e+01 1.701129e+02 
2.092383e+00 1.937017e+01 5.421428e+01 8.864867e+01 1.670534e+02 
2.121550e+00 1.906131e+01 5.333418e+01 8.714930e+01 1.640225e+02 
2.151123e+00 1.875675e+01 5.246358e+01 8.566465e+01 1.610204e+02 
2.181109e+00 1.845638e+01 5.160241e+01 8.419468e+01 1.580475e+02 
2.211512e+00 1.816008e+01 5.075054e+01 8.273934e+01 1.551041e+02 
2.242340e+00 1.786784e+01 4.990791e+01 8.129867e+01 1.521907e+02 
2.273597e+00 1.757961e+01 4.907447e+01 7.987263e+01 1.493076e+02 
2.305289e+00 1.729526e+01 4.825011e+01 7.846124e+01 1.464550e+02 
2.337424e+00 1.701476e+01 4.743475e+01 7.706446e+01 1.436334e+02 
2.370006e+00 1.673813e+01 4.662833e+01 7.568230e+01 1.408430e+02 
2.403043e+00 1.646514e+01 4.583079e+01 7.431478e+01 1.380841e+02 
2.436540e+00 1.619581e+01 4.504205e+01 7.296187e+01 1.353571e+02 
2.470504e+00 1.593006e+01 4.426204e+01 7.162358e+01 1.326622e+02 
2.504942e+00 1.566787e+01 4.349072e+01 7.029992e+01 1.299996e+02 
2.539859e+00 1.540917e+01 4.272802e+01 6.899090e+01 1.273697e+02 
2.575263e+00 1.515391e+01 4.197390e+01 6.769651e+01 1.247726e+02 
2.611161e+00 1.490203e+01 4.122725e+01 6.641679e+01 1.222086e+02 
2.647559e+00 1.465350e+01 4.049015e+01 6.515173e+01 1.196779e+02 
2.684465e+00 1.440827e+01 3.976150e+01 6.390137e+01 1.171809e+02 
2.721885e+00 1.416628e+01 3.904126e+01 6.266571e+01 1.147174e+02 
2.759826e+00 1.392748e+01 3.832939e+01 6.144479e+01 1.122889e+02 
2.798297e+00 1.369185e+01 3.762586e+01 6.023862e+01 1.098933e+02 
2.837304e+00 1.345934e+01 3.693064e+01 5.904724e+01 1.075320e+02 
2.876854e+00 1.322989e+01 3.624371e+01 5.787066e+01 1.052049e+02 
2.916956e+00 1.300348e+01 3.556503e+01 5.670892e+01 1.029122e+02 
2.957617e+00 1.278007e+01 3.489459e+01 5.556206e+01 1.006539e+02 
2.998844e+00 1.255963e+01 3.423236e+01 5.443009e+01 9.843022e+01 
3.040646e+00 1.234210e+01 3.357833e+01 5.331305e+01 9.624113e+01 
3.083031e+00 1.212746e+01 3.293246e+01 5.221100e+01 9.408666e+01 
3.126007e+00 1.191559e+01 3.229475e+01 5.112391e+01 9.196684e+01 
3.169582e+00 1.170663e+01 3.166517e+01 5.005185e+01 8.988147e+01 
3.213764e+00 1.150045e+01 3.104373e+01 4.899482e+01 8.783107e+01 
3.258562e+00 1.129703e+01 3.043037e+01 4.795285e+01 8.581504e+01 
3.303985e+00 1.109632e+01 2.982511e+01 4.692597e+01 8.383348e+01 
3.350041e+00 1.089831e+01 2.922790e+01 4.591417e+01 8.188632e+01 
3.396739e+00 1.070295e+01 2.863875e+01 4.491746e+01 7.997343e+01 
3.444087e+00 1.051024e+01 2.805764e+01 4.393586e+01 7.809469e+01 
3.492096e+00 1.032014e+01 2.748453e+01 4.296937e+01 7.624996e+01 
3.540774e+00 1.013260e+01 2.691942e+01 4.201796e+01 7.443906e+01 
3.590130e+00 9.947621e+00 2.636229e+01 4.108236e+01 7.266177e+01 
3.640175e+00 9.765165e+00 2.581312e+01 4.016106e+01 7.091793e+01 
3.690917e+00 9.585209e+00 2.527188e+01 3.925476e+01 6.920728e+01 
3.742366e+00 9.407729e+00 2.473856e+01 3.836346e+01 6.752959e+01 
3.794533e+00 9.232692e+00 2.421313e+01 3.748706e+01 6.588459e+01 
3.847427e+00 9.060083e+00 2.369555e+01 3.662551e+01 6.427201e+01 
3.901058e+00 8.889875e+00 2.318582e+01 3.577882e+01 6.269155e+01 
3.955436e+00 8.722045e+00 2.268389e+01 3.494685e+01 6.114289e+01 
4.010573e+00 8.556569e+00 2.218974e+01 3.412954e+01 5.962573e+01 
4.066478e+00 8.393425e+00 2.170334e+01 3.332681e+01 5.813973e+01 
4.123163e+00 8.232594e+00 2.122465e+01 3.253858e+01 5.668455e+01 
4.180637e+00 8.074050e+00 2.075364e+01 3.176474e+01 5.525981e+01 
4.238913e+00 7.917772e+00 2.029027e+01 3.100520e+01 5.386515e+01 
4.298001e+00 7.763741e+00 1.983450e+01 3.025984e+01 5.250021e+01 
4.357913e+00 7.611937e+00 1.938631e+01 2.952857e+01 5.116460e+01 
4.418660e+00 7.462338e+00 1.894562e+01 2.872511e+01 4.985793e+01 
4.480254e+00 7.314923e+00 1.851242e+01 2.810778e+01 4.857977e+01 
4.542706e+00 7.169673e+00 1.808664e+01 2.741801e+01 4.732976e+01 
4.606029e+00 7.026570e+00 1.766825e+01 2.674183e+01 4.610749e+01 
4.670234e+00 6.885592e+00 1.725721e+01 2.607910e+01 4.491249e+01 
4.735335e+00 6.746722e+00 1.685409e+01 2.542968e+01 4.374441e+01 
4.801343e+00 6.609939e+00 1.645755e+01 2.479344e+01 4.260281e+01 
4.868271e+00 6.475227e+00 1.606819e+01 2.417022e+01 4.148726e+01 
4.936132e+00 6.342566e+00 1.568535e+01 2.355990e+01 4.039733e+01 
5.004939e+00 6.211936e+00 1.531019e+01 2.296229e+01 3.933261e+01 
5.074705e+00 6.083321e+00 1.494204e+01 2.237728e+01 3.829267e+01 
5.145444e+00 5.956702e+00 1.458084e+01 2.180404e+01 3.727710e+01 
5.217169e+00 5.832061e+00 1.422651e+01 2.124371e+01 3.628544e+01 
5.289893e+00 5.709381e+00 1.387901e+01 2.069551e+01 3.531730e+01 
5.363631e+00 5.588643e+00 1.353827e+01 2.015926e+01 3.437223e+01 
5.438397e+00 5.469830e+00 1.320421e+01 1.963479e+01 3.344982e+01 
5.514206e+00 5.353000e+00 1.287677e+01 1.912196e+01 3.254965e+01 
5.591071e+00 5.237986e+00 1.255588e+01 1.862056e+01 3.167130e+01 
5.669007e+00 5.124770e+00 1.224148e+01 1.813045e+01 3.081435e+01 
5.748030e+00 5.020281e+00 1.193348e+01 1.765144e+01 2.997839e+01 
5.828155e+00 4.904036e+00 1.163181e+01 1.718339e+01 2.916298e+01 
5.909396e+00 4.796410e+00 1.133640e+01 1.672610e+01 2.836778e+01 
5.991770e+00 4.690588e+00 1.104718e+01 1.627942e+01 2.759229e+01 
6.075292e+00 4.586555e+00 1.076407e+01 1.584315e+01 2.683615e+01 
6.159978e+00 4.484291e+00 1.048699e+01 1.541713e+01 2.609898e+01 
6.245845e+00 4.383781e+00 1.021586e+01 1.500120e+01 2.538036e+01 
6.332908e+00 4.285006e+00 9.950598e+00 1.459516e+01 2.467991e+01 
6.421186e+00 4.187952e+00 9.691471e+00 1.419886e+01 2.399725e+01 
6.510694e+00 4.092601e+00 9.437699e+00 1.381210e+01 2.333199e+01 
6.601449e+00 3.998934e+00 9.189556e+00 1.343472e+01 2.268343e+01 
6.693470e+00 3.906936e+00 8.946961e+00 1.306654e+01 2.205184e+01 
6.786773e+00 3.816591e+00 8.709541e+00 1.270745e+01 2.143653e+01 
6.881377e+00 3.727880e+00 8.477802e+00 1.235718e+01 2.083715e+01 
6.977300e+00 3.640787e+00 8.251365e+00 1.201562e+01 2.025332e+01 
7.074559e+00 3.555295e+00 8.030145e+00 1.168257e+01 1.968499e+01 
7.173175e+00 3.471386e+00 7.814294e+00 1.135789e+01 1.913121e+01 
7.273165e+00 3.389044e+00 7.603241e+00 1.104139e+01 1.859196e+01 
7.374549e+00 3.308252e+00 7.397155e+00 1.073291e+01 1.806689e+01 
7.477346e+00 3.228992e+00 7.195743e+00 1.043228e+01 1.755566e+01 
7.581576e+00 3.151246e+00 6.999343e+00 1.013935e+01 1.705796e+01 
7.687260e+00 3.074999e+00 6.807658e+00 9.853947e+00 1.657346e+01 
7.794416e+00 3.000232e+00 6.620603e+00 9.575915e+00 1.610186e+01 
7.903066e+00 2.926928e+00 6.438095e+00 9.305093e+00 1.564257e+01 
8.013230e+00 2.855130e+00 6.260052e+00 9.041325e+00 1.519581e+01 
8.124930e+00 2.784701e+00 6.086388e+00 8.784452e+00 1.476129e+01 
8.238187e+00 2.715624e+00 5.917024e+00 8.534323e+00 1.433823e+01 
8.353023e+00 2.647998e+00 5.751877e+00 8.290788e+00 1.392653e+01 
8.469460e+00 2.581739e+00 5.590865e+00 8.053694e+00 1.352596e+01 
8.587519e+00 2.516846e+00 5.433906e+00 7.822896e+00 1.313625e+01 
8.707225e+00 2.453288e+00 5.281044e+00 7.598247e+00 1.275712e+01 
8.828599e+00 2.391055e+00 5.131819e+00 7.379596e+00 1.238829e+01 
8.951665e+00 2.330125e+00 4.986557e+00 7.166830e+00 1.202953e+01 
9.076446e+00 2.270491e+00 4.845019e+00 6.959783e+00 1.168057e+01 
9.202967e+00 2.212162e+00 4.707140e+00 6.758322e+00 1.134117e+01 
9.331251e+00 2.155035e+00 4.572841e+00 6.562319e+00 1.101109e+01 
9.461324e+00 2.099089e+00 4.442047e+00 6.371642e+00 1.069009e+01 
9.593209e+00 2.044410e+00 4.314684e+00 6.186150e+00 1.037795e+01 
9.726934e+00 1.990925e+00 4.190674e+00 6.005811e+00 1.007444e+01 
9.862522e+00 1.938621e+00 4.069945e+00 5.830178e+00 9.779343e+00 
1.000000e+01 1.887478e+00 3.952424e+00 5.659625e+00 9.492441e+00 
