1.000000e-02 1.927782e+04 4.142087e+04 7.360144e+04 1.477386e+05 
1.013939e-02 1.963051e+04 4.157788e+04 7.486258e+04 1.513913e+05 
1.028073e-02 1.984511e+04 4.167750e+04 7.586051e+04 1.539401e+05 
1.042404e-02 1.991389e+04 4.171808e+04 7.658427e+04 1.554100e+05 
1.056935e-02 1.983589e+04 4.169920e+04 7.703269e+04 1.558720e+05 
1.071668e-02 1.961735e+04 4.162143e+04 7.721415e+04 1.554347e+05 
1.086606e-02 1.927153e+04 4.148629e+04 7.714525e+04 1.542338e+05 
1.101753e-02 1.881797e+04 4.129613e+04 7.684877e+04 1.524203e+05 
1.117111e-02 1.828125e+04 4.105392e+04 7.635153e+04 1.501480e+05 
1.132683e-02 1.768932e+04 4.076316e+04 7.568155e+04 1.475628e+05 
1.148472e-02 1.707158e+04 4.042771e+04 7.486538e+04 1.447930e+05 
1.164481e-02 1.645703e+04 4.005146e+04 7.392595e+04 1.419424e+05 
1.180713e-02 1.587231e+04 3.963827e+04 7.288069e+04 1.390858e+05 
1.197171e-02 1.534019e+04 3.919178e+04 7.174058e+04 1.362681e+05 
1.213859e-02 1.487828e+04 3.871534e+04 7.051005e+04 1.335051e+05 
1.230780e-02 1.449823e+04 3.821183e+04 6.918763e+04 1.307876e+05 
1.247936e-02 1.420535e+04 3.768371e+04 6.776739e+04 1.280861e+05 
1.265332e-02 1.399875e+04 3.713309e+04 6.624091e+04 1.253577e+05 
1.282970e-02 1.387187e+04 3.656170e+04 6.459936e+04 1.225528e+05 
1.300854e-02 1.381340e+04 3.597108e+04 6.283602e+04 1.196213e+05 
1.318987e-02 1.380845e+04 3.536254e+04 6.094788e+04 1.165186e+05 
1.337373e-02 1.384000e+04 3.473750e+04 5.893758e+04 1.132104e+05 
1.356015e-02 1.389024e+04 3.409742e+04 5.681396e+04 1.096756e+05 
1.374917e-02 1.394202e+04 3.344406e+04 5.459270e+04 1.059092e+05 
1.394083e-02 1.398005e+04 3.277941e+04 5.229593e+04 1.019227e+05 
1.413516e-02 1.399177e+04 3.210597e+04 4.995145e+04 9.774389e+04 
1.433219e-02 1.396797e+04 3.142656e+04 4.759141e+04 9.341593e+04 
1.453198e-02 1.390300e+04 3.074445e+04 4.525099e+04 8.899521e+04 
1.473454e-02 1.379464e+04 3.006332e+04 4.296669e+04 8.454866e+04 
1.493993e-02 1.364368e+04 2.938708e+04 4.077486e+04 8.015096e+04 
1.514819e-02 1.345338e+04 2.871995e+04 3.871022e+04 7.588084e+04 
1.535935e-02 1.322870e+04 2.806620e+04 3.680452e+04 7.181742e+04 
1.557345e-02 1.297571e+04 2.743010e+04 3.508560e+04 6.803645e+04 
1.579053e-02 1.270098e+04 2.681572e+04 3.357657e+04 6.460651e+04 
1.601064e-02 1.241113e+04 2.622682e+04 3.229512e+04 6.158545e+04 
1.623382e-02 1.211260e+04 2.566673e+04 3.125340e+04 5.901743e+04 
1.646012e-02 1.181142e+04 2.513822e+04 3.045775e+04 5.693069e+04 
1.668956e-02 1.151325e+04 2.464334e+04 2.990882e+04 5.533607e+04 
1.692220e-02 1.122333e+04 2.418346e+04 2.960199e+04 5.422691e+04 
1.715809e-02 1.094652e+04 2.375910e+04 2.952758e+04 5.357983e+04 
1.739726e-02 1.068726e+04 2.336997e+04 2.967138e+04 5.335649e+04 
1.763977e-02 1.044950e+04 2.301504e+04 3.001516e+04 5.350623e+04 
1.788566e-02 1.023656e+04 2.269244e+04 3.053700e+04 5.396939e+04 
1.813498e-02 1.005096e+04 2.239965e+04 3.121179e+04 5.468044e+04 
1.838777e-02 9.894206e+03 2.213353e+04 3.201133e+04 5.557146e+04 
1.864409e-02 9.766592e+03 2.189042e+04 3.290471e+04 5.657483e+04 
1.890397e-02 9.667034e+03 2.166637e+04 3.385850e+04 5.762569e+04 
1.916748e-02 9.592975e+03 2.145713e+04 3.483700e+04 5.866348e+04 
1.943467e-02 9.540383e+03 2.125845e+04 3.580275e+04 5.963315e+04 
1.970558e-02 9.503879e+03 2.106612e+04 3.671729e+04 6.048570e+04 
1.998026e-02 9.476993e+03 2.087613e+04 3.754196e+04 6.117859e+04 
2.025878e-02 9.452551e+03 2.068485e+04 3.823941e+04 6.167596e+04 
2.054117e-02 9.423148e+03 2.048907e+04 3.877498e+04 6.194894e+04 
2.082751e-02 9.381694e+03 2.028617e+04 3.911833e+04 6.197582e+04 
2.111783e-02 9.321961e+03 2.007408e+04 3.924526e+04 6.174256e+04 
2.141220e-02 9.239060e+03 1.985142e+04 3.913899e+04 6.124294e+04 
2.171068e-02 9.129835e+03 1.961738e+04 3.879146e+04 6.047878e+04 
2.201331e-02 8.993081e+03 1.937176e+04 3.820396e+04 5.945950e+04 
2.232016e-02 8.829607e+03 1.911488e+04 3.738714e+04 5.820164e+04 
2.263130e-02 8.642107e+03 1.884747e+04 3.636061e+04 5.672773e+04 
2.294676e-02 8.434891e+03 1.857066e+04 3.515167e+04 5.506494e+04 
2.326663e-02 8.213468e+03 1.828578e+04 3.379375e+04 5.324336e+04 
2.359095e-02 7.984070e+03 1.799439e+04 3.232443e+04 5.129446e+04 
2.391980e-02 7.753163e+03 1.769805e+04 3.078318e+04 4.924957e+04 
2.425323e-02 7.526957e+03 1.739837e+04 2.920936e+04 4.713876e+04 
2.459130e-02 7.311026e+03 1.709690e+04 2.764023e+04 4.499034e+04 
2.493409e-02 7.110014e+03 1.679517e+04 2.610950e+04 4.283072e+04 
2.528166e-02 6.927458e+03 1.649458e+04 2.464613e+04 4.068474e+04 
2.563407e-02 6.765730e+03 1.619650e+04 2.327379e+04 3.857609e+04 
2.599140e-02 6.626076e+03 1.590223e+04 2.201047e+04 3.652789e+04 
2.635371e-02 6.508735e+03 1.561299e+04 2.086875e+04 3.456301e+04 
2.672106e-02 6.413109e+03 1.532989e+04 1.985605e+04 3.270394e+04 
2.709354e-02 6.337973e+03 1.505396e+04 1.897512e+04 3.097240e+04 
2.747121e-02 6.281676e+03 1.478611e+04 1.822474e+04 2.938844e+04 
2.785414e-02 6.242336e+03 1.452712e+04 1.760018e+04 2.796920e+04 
2.824241e-02 6.217993e+03 1.427759e+04 1.709383e+04 2.672761e+04 
2.863610e-02 6.206722e+03 1.403798e+04 1.669560e+04 2.567098e+04 
2.903527e-02 6.206701e+03 1.380850e+04 1.639348e+04 2.480005e+04 
2.944000e-02 6.216228e+03 1.358911e+04 1.617398e+04 2.410838e+04 
2.985038e-02 6.233712e+03 1.337951e+04 1.602254e+04 2.358229e+04 
3.026648e-02 6.257648e+03 1.317919e+04 1.592423e+04 2.320163e+04 
3.068838e-02 6.286562e+03 1.298744e+04 1.586417e+04 2.294093e+04 
3.111616e-02 6.318951e+03 1.280339e+04 1.582813e+04 2.277100e+04 
3.154990e-02 6.353218e+03 1.262605e+04 1.580308e+04 2.266090e+04 
3.198969e-02 6.387628e+03 1.245433e+04 1.577755e+04 2.257991e+04 
3.243561e-02 6.420263e+03 1.228711e+04 1.574199e+04 2.249942e+04 
3.288774e-02 6.449015e+03 1.212321e+04 1.568889e+04 2.239449e+04 
3.334618e-02 6.471635e+03 1.196149e+04 1.561296e+04 2.224520e+04 
3.381101e-02 6.485813e+03 1.180089e+04 1.551101e+04 2.203748e+04 
3.428231e-02 6.489272e+03 1.164043e+04 1.538182e+04 2.176336e+04 
3.476019e-02 6.479893e+03 1.147929e+04 1.522577e+04 2.142078e+04 
3.524473e-02 6.455849e+03 1.131678e+04 1.504458e+04 2.101298e+04 
3.573602e-02 6.415723e+03 1.115235e+04 1.484080e+04 2.054754e+04 
3.623416e-02 6.358596e+03 1.098554e+04 1.461750e+04 2.003514e+04 
3.673925e-02 6.284161e+03 1.081606e+04 1.437796e+04 1.948840e+04 
3.725137e-02 6.192771e+03 1.064382e+04 1.412545e+04 1.892073e+04 
3.777064e-02 6.085428e+03 1.046886e+04 1.386307e+04 1.834523e+04 
3.829714e-02 5.963736e+03 1.029142e+04 1.359363e+04 1.777381e+04 
3.883098e-02 5.829810e+03 1.011187e+04 1.331973e+04 1.721664e+04 
3.937226e-02 5.686128e+03 9.930702e+03 1.304370e+04 1.668169e+04 
3.992109e-02 5.535331e+03 9.748377e+03 1.276755e+04 1.617450e+04 
4.047757e-02 5.380133e+03 9.565421e+03 1.249313e+04 1.569849e+04 
4.104181e-02 5.223189e+03 9.382398e+03 1.222229e+04 1.525517e+04 
4.161391e-02 5.066978e+03 9.199897e+03 1.195678e+04 1.484464e+04 
4.219398e-02 4.913694e+03 9.018504e+03 1.169831e+04 1.446590e+04 
4.278214e-02 4.765186e+03 8.838779e+03 1.144840e+04 1.411732e+04 
4.337850e-02 4.622913e+03 8.661245e+03 1.120839e+04 1.379693e+04 
4.398317e-02 4.487969e+03 8.486431e+03 1.097934e+04 1.350288e+04 
4.459628e-02 4.361069e+03 8.314831e+03 1.076198e+04 1.323348e+04 
4.521792e-02 4.242578e+03 8.146883e+03 1.055659e+04 1.298729e+04 
4.584824e-02 4.132574e+03 7.982976e+03 1.036299e+04 1.276319e+04 
4.648734e-02 4.030899e+03 7.823459e+03 1.018061e+04 1.256023e+04 
4.713535e-02 3.937239e+03 7.668647e+03 1.000853e+04 1.237764e+04 
4.779239e-02 3.851156e+03 7.518781e+03 9.845488e+03 1.221451e+04 
4.845859e-02 3.772056e+03 7.373835e+03 9.689739e+03 1.206946e+04 
4.913407e-02 3.699320e+03 7.233704e+03 9.539399e+03 1.194078e+04 
4.981898e-02 3.632385e+03 7.098271e+03 9.392629e+03 1.182648e+04 
5.051342e-02 3.570750e+03 6.967409e+03 9.247747e+03 1.172425e+04 
5.121755e-02 3.513995e+03 6.840990e+03 9.103304e+03 1.163157e+04 
5.193150e-02 3.461774e+03 6.718894e+03 8.958165e+03 1.154570e+04 
5.265540e-02 3.413853e+03 6.601115e+03 8.811678e+03 1.146402e+04 
5.338938e-02 3.370072e+03 6.487712e+03 8.663629e+03 1.138401e+04 
5.413360e-02 3.330282e+03 6.378748e+03 8.514134e+03 1.130325e+04 
5.488820e-02 3.294325e+03 6.274275e+03 8.363590e+03 1.121956e+04 
5.565331e-02 3.262007e+03 6.174334e+03 8.212626e+03 1.113102e+04 
5.642908e-02 3.233080e+03 6.078926e+03 8.062025e+03 1.103600e+04 
5.721568e-02 3.207207e+03 5.987964e+03 7.912603e+03 1.093319e+04 
5.801323e-02 3.183967e+03 5.901294e+03 7.765206e+03 1.082172e+04 
5.882190e-02 3.162870e+03 5.818709e+03 7.620700e+03 1.070115e+04 
5.964185e-02 3.143357e+03 5.739937e+03 7.479936e+03 1.057161e+04 
6.047322e-02 3.124811e+03 5.664649e+03 7.343738e+03 1.043370e+04 
6.131619e-02 3.106590e+03 5.592490e+03 7.212939e+03 1.028866e+04 
6.217090e-02 3.088038e+03 5.523087e+03 7.088358e+03 1.013825e+04 
6.303753e-02 3.068491e+03 5.456009e+03 6.970726e+03 9.984634e+03 
6.391624e-02 3.047285e+03 5.390772e+03 6.860651e+03 9.830215e+03 
6.480720e-02 3.023790e+03 5.326854e+03 6.758576e+03 9.677524e+03 
6.571058e-02 2.997462e+03 5.263750e+03 6.664811e+03 9.529144e+03 
6.662655e-02 2.967857e+03 5.200980e+03 6.579461e+03 9.387517e+03 
6.755528e-02 2.934628e+03 5.138045e+03 6.502338e+03 9.254696e+03 
6.849697e-02 2.897545e+03 5.074439e+03 6.432924e+03 9.132201e+03 
6.945178e-02 2.856499e+03 5.009670e+03 6.370381e+03 9.020954e+03 
7.041990e-02 2.811573e+03 4.943366e+03 6.313682e+03 8.921384e+03 
7.140151e-02 2.762981e+03 4.875196e+03 6.261539e+03 8.833272e+03 
7.239681e-02 2.711033e+03 4.804837e+03 6.212397e+03 8.755702e+03 
7.340598e-02 2.656117e+03 4.731979e+03 6.164499e+03 8.687119e+03 
7.442922e-02 2.598721e+03 4.656420e+03 6.116068e+03 8.625592e+03 
7.546673e-02 2.539405e+03 4.578067e+03 6.065384e+03 8.568896e+03 
7.651869e-02 2.478719e+03 4.496842e+03 6.010736e+03 8.514463e+03 
7.758532e-02 2.417166e+03 4.412682e+03 5.950477e+03 8.459476e+03 
7.866682e-02 2.355222e+03 4.325625e+03 5.883196e+03 8.401135e+03 
7.976339e-02 2.293331e+03 4.235833e+03 5.807809e+03 8.336831e+03 
8.087525e-02 2.231837e+03 4.143501e+03 5.723474e+03 8.264065e+03 
8.200261e-02 2.170968e+03 4.048847e+03 5.629616e+03 8.180552e+03 
8.314568e-02 2.110869e+03 3.952159e+03 5.526015e+03 8.084400e+03 
8.430468e-02 2.051611e+03 3.853796e+03 5.412817e+03 7.974230e+03 
8.547985e-02 1.993191e+03 3.754146e+03 5.290503e+03 7.849177e+03 
8.667139e-02 1.935554e+03 3.653631e+03 5.159869e+03 7.708961e+03 
8.787954e-02 1.878627e+03 3.552697e+03 5.022008e+03 7.553917e+03 
8.910453e-02 1.822340e+03 3.451815e+03 4.878279e+03 7.385019e+03 
9.034660e-02 1.766669e+03 3.351490e+03 4.730282e+03 7.203876e+03 
9.160598e-02 1.711632e+03 3.252231e+03 4.579757e+03 7.012611e+03 
9.288292e-02 1.657299e+03 3.154521e+03 4.428492e+03 6.813732e+03 
9.417766e-02 1.603822e+03 3.058871e+03 4.278326e+03 6.610117e+03 
9.549045e-02 1.551439e+03 2.965818e+03 4.131099e+03 6.404909e+03 
9.682153e-02 1.500441e+03 2.875881e+03 3.988521e+03 6.201275e+03 
9.817117e-02 1.451109e+03 2.789464e+03 3.852000e+03 6.002076e+03 
9.953962e-02 1.403756e+03 2.706962e+03 3.722761e+03 5.809983e+03 
1.009272e-01 1.358727e+03 2.628789e+03 3.601858e+03 5.627459e+03 
1.023340e-01 1.316343e+03 2.555305e+03 3.490074e+03 5.456522e+03 
1.037605e-01 1.276815e+03 2.486670e+03 3.387748e+03 5.298435e+03 
1.052069e-01 1.240327e+03 2.423020e+03 3.295011e+03 5.154056e+03 
1.066734e-01 1.207041e+03 2.364487e+03 3.211865e+03 5.023920e+03 
1.081604e-01 1.177034e+03 2.311074e+03 3.138036e+03 4.908013e+03 
1.096681e-01 1.150273e+03 2.262620e+03 3.072950e+03 4.805729e+03 
1.111968e-01 1.126690e+03 2.218925e+03 3.015950e+03 4.716224e+03 
1.127468e-01 1.106182e+03 2.179759e+03 2.966309e+03 4.638460e+03 
1.143184e-01 1.088576e+03 2.144771e+03 2.923152e+03 4.571094e+03 
1.159120e-01 1.073647e+03 2.113547e+03 2.885531e+03 4.512617e+03 
1.175277e-01 1.061142e+03 2.085632e+03 2.852472e+03 4.461460e+03 
1.191660e-01 1.050772e+03 2.060529e+03 2.822991e+03 4.416023e+03 
1.208271e-01 1.042215e+03 2.037698e+03 2.796087e+03 4.374700e+03 
1.225114e-01 1.035106e+03 2.016553e+03 2.770752e+03 4.335885e+03 
1.242191e-01 1.029053e+03 1.996480e+03 2.745996e+03 4.298029e+03 
1.259506e-01 1.023649e+03 1.976867e+03 2.720882e+03 4.259704e+03 
1.277063e-01 1.018446e+03 1.957060e+03 2.694480e+03 4.219505e+03 
1.294865e-01 1.012986e+03 1.936413e+03 2.665920e+03 4.176139e+03 
1.312915e-01 1.006865e+03 1.914391e+03 2.634539e+03 4.128641e+03 
1.331216e-01 9.996642e+02 1.890458e+03 2.599714e+03 4.076088e+03 
1.349772e-01 9.909998e+02 1.864137e+03 2.560944e+03 4.017722e+03 
1.368587e-01 9.806213e+02 1.835183e+03 2.518071e+03 3.953289e+03 
1.387665e-01 9.683073e+02 1.803389e+03 2.471009e+03 3.882598e+03 
1.407008e-01 9.539198e+02 1.768668e+03 2.419847e+03 3.805689e+03 
1.426621e-01 9.374727e+02 1.731173e+03 2.364993e+03 3.723073e+03 
1.446507e-01 9.190297e+02 1.691102e+03 2.306912e+03 3.635328e+03 
1.466671e-01 8.987491e+02 1.648788e+03 2.246226e+03 3.543272e+03 
1.487115e-01 8.768852e+02 1.604690e+03 2.183706e+03 3.447978e+03 
1.507845e-01 8.537392e+02 1.559318e+03 2.120158e+03 3.350602e+03 
1.528864e-01 8.296734e+02 1.513263e+03 2.056461e+03 3.252455e+03 
1.550175e-01 8.050970e+02 1.467170e+03 1.993532e+03 3.154966e+03 
1.571784e-01 7.804388e+02 1.421707e+03 1.932280e+03 3.059596e+03 
1.593694e-01 7.561339e+02 1.377539e+03 1.873582e+03 2.967799e+03 
1.615909e-01 7.326308e+02 1.335349e+03 1.818314e+03 2.881061e+03 
1.638434e-01 7.103071e+02 1.295698e+03 1.767166e+03 2.800598e+03 
1.661273e-01 6.895199e+02 1.259111e+03 1.720771e+03 2.727548e+03 
1.684430e-01 6.705177e+02 1.225935e+03 1.679514e+03 2.662655e+03 
1.707910e-01 6.534212e+02 1.196304e+03 1.643497e+03 2.606208e+03 
1.731717e-01 6.382887e+02 1.170251e+03 1.612687e+03 2.558273e+03 
1.755856e-01 6.250381e+02 1.147577e+03 1.586742e+03 2.518413e+03 
1.780332e-01 6.135377e+02 1.128005e+03 1.565218e+03 2.486006e+03 
1.805149e-01 6.035756e+02 1.111129e+03 1.547496e+03 2.460129e+03 
1.830312e-01 5.948941e+02 1.096469e+03 1.532856e+03 2.439671e+03 
1.855825e-01 5.871972e+02 1.083488e+03 1.520497e+03 2.423360e+03 
1.881694e-01 5.801532e+02 1.071594e+03 1.509538e+03 2.409765e+03 
1.907924e-01 5.734020e+02 1.060156e+03 1.499039e+03 2.397325e+03 
1.934520e-01 5.665559e+02 1.048502e+03 1.487998e+03 2.384354e+03 
1.961486e-01 5.592470e+02 1.036005e+03 1.475473e+03 2.369228e+03 
1.988828e-01 5.511250e+02 1.022074e+03 1.460572e+03 2.350390e+03 
2.016551e-01 5.419343e+02 1.006288e+03 1.442646e+03 2.326665e+03 
2.044661e-01 5.315033e+02 9.883742e+02 1.421261e+03 2.297230e+03 
2.073162e-01 5.198049e+02 9.683078e+02 1.396351e+03 2.261870e+03 
2.102061e-01 5.069232e+02 9.462549e+02 1.368133e+03 2.220857e+03 
2.131362e-01 4.930564e+02 9.225726e+02 1.337111e+03 2.174955e+03 
2.161073e-01 4.784753e+02 8.977372e+02 1.303978e+03 2.125261e+03 
2.191197e-01 4.635052e+02 8.723119e+02 1.269562e+03 2.073118e+03 
2.221741e-01 4.484983e+02 8.468989e+02 1.234755e+03 2.019987e+03 
2.252711e-01 4.338084e+02 8.220972e+02 1.200451e+03 1.967339e+03 
2.284112e-01 4.197682e+02 7.984663e+02 1.167492e+03 1.916557e+03 
2.315951e-01 4.066683e+02 7.764913e+02 1.136606e+03 1.868852e+03 
2.348235e-01 3.947154e+02 7.565135e+02 1.108322e+03 1.825094e+03 
2.380968e-01 3.840381e+02 7.387417e+02 1.082973e+03 1.785847e+03 
2.414157e-01 3.746516e+02 7.231930e+02 1.060625e+03 1.751229e+03 
2.447809e-01 3.664802e+02 7.097310e+02 1.041118e+03 1.721014e+03 
2.481930e-01 3.593511e+02 6.980538e+02 1.024065e+03 1.694597e+03 
2.516527e-01 3.530136e+02 6.877276e+02 1.008886e+03 1.671071e+03 
2.551606e-01 3.471673e+02 6.782316e+02 9.948812e+02 1.649336e+03 
2.587174e-01 3.414843e+02 6.689960e+02 9.812775e+02 1.628170e+03 
2.623238e-01 3.356612e+02 6.594900e+02 9.673532e+02 1.606435e+03 
2.659804e-01 3.294461e+02 6.492686e+02 9.525012e+02 1.583173e+03 
2.696881e-01 3.226777e+02 6.380397e+02 9.363231e+02 1.557764e+03 
2.734474e-01 3.153024e+02 6.256951e+02 9.186725e+02 1.529989e+03 
2.772591e-01 3.073590e+02 6.122867e+02 8.996205e+02 1.499987e+03 
2.811239e-01 2.989684e+02 5.980090e+02 8.794343e+02 1.468202e+03 
2.850426e-01 2.903245e+02 5.831859e+02 8.585571e+02 1.435364e+03 
2.890160e-01 2.816711e+02 5.682304e+02 8.375529e+02 1.402387e+03 
2.930447e-01 2.732710e+02 5.535930e+02 8.170356e+02 1.370260e+03 
2.971296e-01 2.653641e+02 5.396877e+02 7.975658e+02 1.339876e+03 
3.012714e-01 2.581303e+02 5.268273e+02 7.795640e+02 1.311899e+03 
3.054710e-01 2.516656e+02 5.151824e+02 7.632536e+02 1.286674e+03 
3.097291e-01 2.459767e+02 5.047720e+02 7.486494e+02 1.264219e+03 
3.140465e-01 2.409912e+02 4.954803e+02 7.355818e+02 1.244257e+03 
3.184242e-01 2.365665e+02 4.870730e+02 7.237195e+02 1.226259e+03 
3.228628e-01 2.325059e+02 4.792260e+02 7.126086e+02 1.209503e+03 
3.273634e-01 2.285911e+02 4.715806e+02 7.017496e+02 1.193192e+03 
3.319266e-01 2.246196e+02 4.638083e+02 6.906858e+02 1.176599e+03 
3.365535e-01 2.204374e+02 4.556651e+02 6.790793e+02 1.159179e+03 
3.412449e-01 2.159611e+02 4.470291e+02 6.667622e+02 1.140655e+03 
3.460016e-01 2.111912e+02 4.379191e+02 6.537630e+02 1.121059e+03 
3.508247e-01 2.061948e+02 4.284655e+02 6.402652e+02 1.100672e+03 
3.557150e-01 2.010982e+02 4.188941e+02 6.265845e+02 1.079975e+03 
3.606735e-01 1.960556e+02 4.094738e+02 6.130959e+02 1.059549e+03 
3.657011e-01 1.912117e+02 4.004511e+02 6.001433e+02 1.039920e+03 
3.707988e-01 1.866700e+02 3.919994e+02 5.879698e+02 1.021459e+03 
3.759675e-01 1.824762e+02 3.841915e+02 5.766813e+02 1.004322e+03 
3.812083e-01 1.786236e+02 3.770111e+02 5.662620e+02 9.884809e+02 
3.865221e-01 1.750558e+02 3.703571e+02 5.565815e+02 9.737285e+02 
3.919100e-01 1.716701e+02 3.640515e+02 5.474045e+02 9.596999e+02 
3.973730e-01 1.683468e+02 3.578881e+02 5.384584e+02 9.459742e+02 
4.029122e-01 1.649763e+02 3.516793e+02 5.294942e+02 9.321700e+02 
4.085286e-01 1.615024e+02 3.453265e+02 5.203826e+02 9.180937e+02 
4.142232e-01 1.579236e+02 3.388233e+02 5.111158e+02 9.037404e+02 
4.199973e-01 1.542772e+02 3.322282e+02 5.017715e+02 8.892360e+02 
4.258518e-01 1.506267e+02 3.256435e+02 4.924837e+02 8.747915e+02 
4.317880e-01 1.470568e+02 3.192069e+02 4.834311e+02 8.606828e+02 
4.378069e-01 1.436462e+02 3.130457e+02 4.747774e+02 8.471581e+02 
4.439097e-01 1.404358e+02 3.072256e+02 4.666024e+02 8.343333e+02 
4.500975e-01 1.374212e+02 3.017364e+02 4.588848e+02 8.221685e+02 
4.563716e-01 1.345715e+02 2.965257e+02 4.515477e+02 8.105390e+02 
4.627332e-01 1.318350e+02 2.915072e+02 4.444707e+02 7.992555e+02 
4.691835e-01 1.291519e+02 2.865816e+02 4.375178e+02 7.881086e+02 
4.757236e-01 1.264667e+02 2.816573e+02 4.305656e+02 7.769112e+02 
4.823549e-01 1.237655e+02 2.767117e+02 4.235834e+02 7.656208e+02 
4.890787e-01 1.210623e+02 2.717678e+02 4.166025e+02 7.542901e+02 
4.958962e-01 1.183885e+02 2.668771e+02 4.096924e+02 7.430312e+02 
5.028087e-01 1.157784e+02 2.620951e+02 4.029285e+02 7.319650e+02 
5.098176e-01 1.132691e+02 2.574817e+02 3.963920e+02 7.212203e+02 
5.169242e-01 1.108716e+02 2.530531e+02 3.901067e+02 7.108405e+02 
5.241298e-01 1.085746e+02 2.487893e+02 3.840487e+02 7.007981e+02 
5.314359e-01 1.063578e+02 2.446555e+02 3.781745e+02 6.910375e+02 
5.388438e-01 1.041937e+02 2.406052e+02 3.724255e+02 6.814806e+02 
5.463550e-01 1.020542e+02 2.365911e+02 3.667412e+02 6.720471e+02 
5.539709e-01 9.993748e+01 2.326090e+02 3.611176e+02 6.627378e+02 
5.616930e-01 9.785209e+01 2.286717e+02 3.555707e+02 6.535812e+02 
5.695227e-01 9.581058e+01 2.247983e+02 3.501250e+02 6.446148e+02 
5.774615e-01 9.383208e+01 2.210191e+02 3.448174e+02 6.358915e+02 
5.855110e-01 9.192755e+01 2.173511e+02 3.396678e+02 6.274369e+02 
5.936727e-01 9.008895e+01 2.137812e+02 3.346566e+02 6.192185e+02 
6.019482e-01 8.830960e+01 2.102991e+02 3.297676e+02 6.112076e+02 
6.103390e-01 8.657640e+01 2.068845e+02 3.249719e+02 6.033577e+02 
6.188468e-01 8.487514e+01 2.035158e+02 3.202396e+02 5.956203e+02 
6.274732e-01 8.320587e+01 2.001946e+02 3.155703e+02 5.879890e+02 
6.362198e-01 8.157363e+01 1.969304e+02 3.109743e+02 5.804720e+02 
6.450884e-01 7.998145e+01 1.937295e+02 3.064574e+02 5.730719e+02 
6.540806e-01 7.843340e+01 1.905997e+02 3.020280e+02 5.657948e+02 
6.631981e-01 7.693235e+01 1.875467e+02 2.976920e+02 5.586438e+02 
6.724427e-01 7.546708e+01 1.845541e+02 2.934272e+02 5.515850e+02 
6.818162e-01 7.403275e+01 1.816153e+02 2.892244e+02 5.446031e+02 
6.913204e-01 7.262820e+01 1.787294e+02 2.850820e+02 5.376932e+02 
7.009570e-01 7.125230e+01 1.758952e+02 2.809978e+02 5.308509e+02 
7.107280e-01 6.990452e+01 1.731123e+02 2.769712e+02 5.240736e+02 
7.206351e-01 6.858495e+01 1.703808e+02 2.730023e+02 5.173601e+02 
7.306804e-01 6.729378e+01 1.677011e+02 2.690912e+02 5.107096e+02 
7.408657e-01 6.603105e+01 1.650729e+02 2.652381e+02 5.041209e+02 
7.511929e-01 6.479595e+01 1.624945e+02 2.614407e+02 4.975903e+02 
7.616642e-01 6.358725e+01 1.599634e+02 2.576964e+02 4.911138e+02 
7.722814e-01 6.240365e+01 1.574768e+02 2.540022e+02 4.846871e+02 
7.830465e-01 6.124427e+01 1.550326e+02 2.503559e+02 4.783078e+02 
7.939618e-01 6.010917e+01 1.526304e+02 2.467571e+02 4.719758e+02 
8.050292e-01 5.899852e+01 1.502694e+02 2.432055e+02 4.656920e+02 
8.162509e-01 5.791232e+01 1.479487e+02 2.397007e+02 4.594573e+02 
8.276289e-01 5.685039e+01 1.456676e+02 2.362421e+02 4.532731e+02 
8.391656e-01 5.581225e+01 1.434247e+02 2.328288e+02 4.471410e+02 
8.508632e-01 5.479732e+01 1.412187e+02 2.294600e+02 4.410625e+02 
8.627237e-01 5.380492e+01 1.390484e+02 2.261347e+02 4.350397e+02 
8.747496e-01 5.283459e+01 1.369130e+02 2.228531e+02 4.290757e+02 
8.869432e-01 5.188581e+01 1.348115e+02 2.196148e+02 4.231729e+02 
8.993067e-01 5.095795e+01 1.327434e+02 2.164199e+02 4.173339e+02 
9.118425e-01 5.005037e+01 1.307077e+02 2.132680e+02 4.115604e+02 
9.245531e-01 4.916251e+01 1.287039e+02 2.101590e+02 4.058537e+02 
9.374409e-01 4.829373e+01 1.267315e+02 2.070926e+02 4.002142e+02 
9.505083e-01 4.744333e+01 1.247896e+02 2.040680e+02 3.946419e+02 
9.637579e-01 4.661074e+01 1.228776e+02 2.010845e+02 3.891358e+02 
9.771921e-01 4.579539e+01 1.209950e+02 1.981412e+02 3.836938e+02 
9.908137e-01 4.499668e+01 1.191411e+02 1.952370e+02 3.783140e+02 
1.004625e+00 4.421403e+01 1.173152e+02 1.923705e+02 3.729937e+02 
1.018629e+00 4.344705e+01 1.155168e+02 1.895407e+02 3.677298e+02 
1.032828e+00 4.269530e+01 1.137452e+02 1.867464e+02 3.625196e+02 
1.047225e+00 4.195835e+01 1.120000e+02 1.839862e+02 3.573606e+02 
1.061823e+00 4.123580e+01 1.102806e+02 1.812592e+02 3.522497e+02 
1.076624e+00 4.052733e+01 1.085863e+02 1.785645e+02 3.471851e+02 
1.091632e+00 3.983252e+01 1.069167e+02 1.759012e+02 3.421650e+02 
1.106848e+00 3.915099e+01 1.052711e+02 1.732687e+02 3.371878e+02 
1.122277e+00 3.848242e+01 1.036490e+02 1.706665e+02 3.322530e+02 
1.137921e+00 3.782646e+01 1.020499e+02 1.680944e+02 3.273601e+02 
1.153783e+00 3.718274e+01 1.004734e+02 1.655522e+02 3.225089e+02 
1.169866e+00 3.655091e+01 9.891872e+01 1.630398e+02 3.176998e+02 
1.186174e+00 3.593069e+01 9.738562e+01 1.605572e+02 3.129332e+02 
1.202708e+00 3.532178e+01 9.587361e+01 1.581045e+02 3.082098e+02 
1.219473e+00 3.472384e+01 9.438217e+01 1.556815e+02 3.035304e+02 
1.236472e+00 3.413660e+01 9.291095e+01 1.532882e+02 2.988954e+02 
1.253708e+00 3.355981e+01 9.145955e+01 1.509245e+02 2.943055e+02 
1.271184e+00 3.299317e+01 9.002757e+01 1.485900e+02 2.897611e+02 
1.288904e+00 3.243642e+01 8.861460e+01 1.462844e+02 2.852623e+02 
1.306870e+00 3.188936e+01 8.722036e+01 1.440072e+02 2.808089e+02 
1.325087e+00 3.135177e+01 8.584454e+01 1.417576e+02 2.764006e+02 
1.343558e+00 3.082343e+01 8.448678e+01 1.395352e+02 2.720371e+02 
1.362287e+00 3.030415e+01 8.314681e+01 1.373391e+02 2.677172e+02 
1.381276e+00 2.979376e+01 8.182434e+01 1.351685e+02 2.634403e+02 
1.400531e+00 2.929208e+01 8.051912e+01 1.330227e+02 2.592056e+02 
1.420053e+00 2.879891e+01 7.923083e+01 1.309009e+02 2.550118e+02 
1.439848e+00 2.831409e+01 7.795922e+01 1.288025e+02 2.508583e+02 
1.459919e+00 2.783748e+01 7.670404e+01 1.267268e+02 2.467439e+02 
1.480269e+00 2.736888e+01 7.546501e+01 1.246733e+02 2.426680e+02 
1.500903e+00 2.690815e+01 7.424188e+01 1.226416e+02 2.386302e+02 
1.521825e+00 2.645515e+01 7.303440e+01 1.206313e+02 2.346299e+02 
1.543038e+00 2.600973e+01 7.184235e+01 1.186421e+02 2.306669e+02 
1.564548e+00 2.557173e+01 7.066547e+01 1.166740e+02 2.267410e+02 
1.586357e+00 2.514105e+01 6.950355e+01 1.147268e+02 2.228524e+02 
1.608469e+00 2.471752e+01 6.835637e+01 1.128006e+02 2.190014e+02 
1.630891e+00 2.430103e+01 6.722370e+01 1.108954e+02 2.151882e+02 
1.653624e+00 2.389142e+01 6.610533e+01 1.090114e+02 2.114131e+02 
1.676675e+00 2.348858e+01 6.500108e+01 1.071486e+02 2.076766e+02 
1.700047e+00 2.309238e+01 6.391076e+01 1.053074e+02 2.039792e+02 
1.723745e+00 2.270267e+01 6.283417e+01 1.034878e+02 2.003212e+02 
1.747773e+00 2.231931e+01 6.177114e+01 1.016898e+02 1.967030e+02 
1.772136e+00 2.194216e+01 6.072149e+01 9.991364e+01 1.931247e+02 
1.796838e+00 2.157109e+01 5.968507e+01 9.815924e+01 1.895866e+02 
1.821885e+00 2.120592e+01 5.866169e+01 9.642654e+01 1.860888e+02 
1.847281e+00 2.084652e+01 5.765122e+01 9.471538e+01 1.826314e+02 
1.873032e+00 2.049275e+01 5.665350e+01 9.302558e+01 1.792141e+02 
1.899141e+00 2.014447e+01 5.566840e+01 9.135688e+01 1.758371e+02 
1.925614e+00 1.980154e+01 5.469578e+01 8.970898e+01 1.725001e+02 
1.952456e+00 1.946385e+01 5.373554e+01 8.808157e+01 1.692031e+02 
1.979672e+00 1.913128e+01 5.278753e+01 8.647430e+01 1.659460e+02 
2.007267e+00 1.880371e+01 5.185165e+01 8.488686e+01 1.627287e+02 
2.035248e+00 1.848103e+01 5.092781e+01 8.331894e+01 1.595513e+02 
2.063618e+00 1.816316e+01 5.001588e+01 8.177028e+01 1.564139e+02 
2.092383e+00 1.785000e+01 4.911579e+01 8.024065e+01 1.533165e+02 
2.121550e+00 1.754145e+01 4.822743e+01 7.872988e+01 1.502591e+02 
2.151123e+00 1.723744e+01 4.735071e+01 7.723784e+01 1.472421e+02 
2.181109e+00 1.693792e+01 4.648552e+01 7.576446e+01 1.442654e+02 
2.211512e+00 1.664277e+01 4.563180e+01 7.430972e+01 1.413293e+02 
2.242340e+00 1.635194e+01 4.478942e+01 7.287359e+01 1.384339e+02 
2.273597e+00 1.606539e+01 4.395832e+01 7.145612e+01 1.355792e+02 
2.305289e+00 1.578304e+01 4.313839e+01 7.005733e+01 1.327653e+02 
2.337424e+00 1.550483e+01 4.232954e+01 6.867726e+01 1.299922e+02 
2.370006e+00 1.523071e+01 4.153168e+01 6.731594e+01 1.272599e+02 
2.403043e+00 1.496063e+01 4.074471e+01 6.597341e+01 1.245683e+02 
2.436540e+00 1.469453e+01 3.996856e+01 6.464967e+01 1.219174e+02 
2.470504e+00 1.443235e+01 3.920312e+01 6.334471e+01 1.193072e+02 
2.504942e+00 1.417405e+01 3.844831e+01 6.205850e+01 1.167374e+02 
2.539859e+00 1.391956e+01 3.770402e+01 6.079099e+01 1.142080e+02 
2.575263e+00 1.366882e+01 3.697020e+01 5.954213e+01 1.117189e+02 
2.611161e+00 1.342177e+01 3.624674e+01 5.831180e+01 1.092700e+02 
2.647559e+00 1.317835e+01 3.553357e+01 5.709996e+01 1.068612e+02 
2.684465e+00 1.293851e+01 3.483061e+01 5.590650e+01 1.044923e+02 
2.721885e+00 1.270219e+01 3.413778e+01 5.473132e+01 1.021632e+02 
2.759826e+00 1.246934e+01 3.345500e+01 5.357429e+01 9.987378e+01 
2.798297e+00 1.223989e+01 3.278221e+01 5.243532e+01 9.762388e+01 
2.837304e+00 1.201381e+01 3.211933e+01 5.131430e+01 9.541325e+01 
2.876854e+00 1.179103e+01 3.146628e+01 5.021106e+01 9.324165e+01 
2.916956e+00 1.157152e+01 3.082298e+01 4.912556e+01 9.110880e+01 
2.957617e+00 1.135523e+01 3.018939e+01 4.805762e+01 8.901441e+01 
2.998844e+00 1.114213e+01 2.956543e+01 4.700712e+01 8.695812e+01 
3.040646e+00 1.093218e+01 2.895102e+01 4.597393e+01 8.493957e+01 
3.083031e+00 1.072534e+01 2.834611e+01 4.495792e+01 8.295841e+01 
3.126007e+00 1.052158e+01 2.775063e+01 4.395898e+01 8.101426e+01 
3.169582e+00 1.032088e+01 2.716449e+01 4.297698e+01 7.910673e+01 
3.213764e+00 1.012320e+01 2.658764e+01 4.201179e+01 7.723545e+01 
3.258562e+00 9.928515e+00 2.602002e+01 4.106329e+01 7.540005e+01 
3.303985e+00 9.736792e+00 2.546154e+01 4.013137e+01 7.360017e+01 
3.350041e+00 9.547997e+00 2.491214e+01 3.921589e+01 7.183574e+01 
3.396739e+00 9.362116e+00 2.437174e+01 3.831675e+01 7.010583e+01 
3.444087e+00 9.179102e+00 2.384027e+01 3.743379e+01 6.840964e+01 
3.492096e+00 8.998927e+00 2.331767e+01 3.656689e+01 6.674812e+01 
3.540774e+00 8.821558e+00 2.280386e+01 3.571592e+01 6.512063e+01 
3.590130e+00 8.646964e+00 2.229876e+01 3.488071e+01 6.352605e+01 
3.640175e+00 8.475111e+00 2.180230e+01 3.406113e+01 6.196430e+01 
3.690917e+00 8.305962e+00 2.131440e+01 3.325700e+01 6.043495e+01 
3.742366e+00 8.139485e+00 2.083498e+01 3.246815e+01 5.893754e+01 
3.794533e+00 7.975646e+00 2.036397e+01 3.169442e+01 5.747160e+01 
3.847427e+00 7.814409e+00 1.990129e+01 3.093565e+01 5.603667e+01 
3.901058e+00 7.655743e+00 1.944686e+01 3.019167e+01 5.463227e+01 
3.955436e+00 7.499615e+00 1.900059e+01 2.946223e+01 5.325791e+01 
4.010573e+00 7.345994e+00 1.856241e+01 2.874721e+01 5.191312e+01 
4.066478e+00 7.194847e+00 1.813223e+01 2.804637e+01 5.059743e+01 
4.123163e+00 7.046147e+00 1.770997e+01 2.735968e+01 4.931037e+01 
4.180637e+00 6.899865e+00 1.729555e+01 2.668682e+01 4.805150e+01 
4.238913e+00 6.755974e+00 1.688889e+01 2.602766e+01 4.682036e+01 
4.298001e+00 6.614445e+00 1.648989e+01 2.538203e+01 4.561653e+01 
4.357913e+00 6.475254e+00 1.609847e+01 2.474975e+01 4.443958e+01 
4.418660e+00 6.338372e+00 1.571456e+01 2.413065e+01 4.328909e+01 
4.480254e+00 6.203775e+00 1.533806e+01 2.352455e+01 4.216463e+01 
4.542706e+00 6.071434e+00 1.496889e+01 2.293128e+01 4.106582e+01 
4.606029e+00 5.941326e+00 1.460696e+01 2.235068e+01 3.999224e+01 
4.670234e+00 5.813423e+00 1.425217e+01 2.178254e+01 3.894348e+01 
4.735335e+00 5.687698e+00 1.390446e+01 2.122673e+01 3.791913e+01 
4.801343e+00 5.564128e+00 1.356372e+01 2.068302e+01 3.691878e+01 
4.868271e+00 5.442683e+00 1.322988e+01 2.015128e+01 3.594202e+01 
4.936132e+00 5.323341e+00 1.290285e+01 1.963130e+01 3.498843e+01 
5.004939e+00 5.206074e+00 1.258253e+01 1.912291e+01 3.405757e+01 
5.074705e+00 5.090859e+00 1.226884e+01 1.862593e+01 3.314903e+01 
5.145444e+00 4.977671e+00 1.196169e+01 1.814017e+01 3.226238e+01 
5.217169e+00 4.866486e+00 1.166100e+01 1.766547e+01 3.139716e+01 
5.289893e+00 4.757279e+00 1.136667e+01 1.720157e+01 3.055298e+01 
5.363631e+00 4.650027e+00 1.107861e+01 1.674833e+01 2.972938e+01 
5.438397e+00 4.544713e+00 1.079673e+01 1.630561e+01 2.892594e+01 
5.514206e+00 4.441303e+00 1.052095e+01 1.587316e+01 2.814224e+01 
5.591071e+00 4.339782e+00 1.025117e+01 1.545083e+01 2.737787e+01 
5.669007e+00 4.240132e+00 9.987294e+00 1.503842e+01 2.663243e+01 
5.748030e+00 4.142324e+00 9.729244e+00 1.463576e+01 2.590551e+01 
5.828155e+00 4.046339e+00 9.476922e+00 1.424268e+01 2.519672e+01 
5.909396e+00 3.952154e+00 9.230238e+00 1.385898e+01 2.450569e+01 
5.991770e+00 3.859748e+00 8.989100e+00 1.348449e+01 2.383230e+01 
6.075292e+00 3.769099e+00 8.753418e+00 1.311905e+01 2.317537e+01 
6.159978e+00 3.680183e+00 8.523102e+00 1.276248e+01 2.253511e+01 
6.245845e+00 3.592981e+00 8.298062e+00 1.241461e+01 2.191165e+01 
6.332908e+00 3.507468e+00 8.078207e+00 1.207526e+01 2.130391e+01 
6.421186e+00 3.423623e+00 7.863449e+00 1.174428e+01 2.071176e+01 
6.510694e+00 3.341424e+00 7.653699e+00 1.142150e+01 2.013488e+01 
6.601449e+00 3.260848e+00 7.448872e+00 1.110675e+01 1.957293e+01 
6.693470e+00 3.181874e+00 7.248869e+00 1.079996e+01 1.902557e+01 
6.786773e+00 3.104479e+00 7.042062e+00 1.050069e+01 1.849247e+01 
6.881377e+00 3.028642e+00 6.863010e+00 1.020906e+01 1.797331e+01 
6.977300e+00 2.954341e+00 6.676980e+00 9.924805e+00 1.746777e+01 
7.074559e+00 2.881555e+00 6.495430e+00 9.647781e+00 1.697554e+01 
7.173175e+00 2.810261e+00 6.318277e+00 9.377831e+00 1.649629e+01 
7.273165e+00 2.740440e+00 6.145436e+00 9.114798e+00 1.602967e+01 
7.374549e+00 2.672068e+00 5.976827e+00 8.858539e+00 1.557548e+01 
7.477346e+00 2.605128e+00 5.812366e+00 8.608894e+00 1.513338e+01 
7.581576e+00 2.539596e+00 5.651968e+00 8.365722e+00 1.470306e+01 
7.687260e+00 2.475451e+00 5.495557e+00 8.128877e+00 1.428426e+01 
7.794416e+00 2.412674e+00 5.343052e+00 7.898227e+00 1.387669e+01 
7.903066e+00 2.351244e+00 5.194375e+00 7.673623e+00 1.348008e+01 
8.013230e+00 2.291139e+00 5.049446e+00 7.454932e+00 1.309418e+01 
8.124930e+00 2.232343e+00 4.908186e+00 7.241921e+00 1.271870e+01 
8.238187e+00 2.174830e+00 4.770521e+00 7.034855e+00 1.235341e+01 
8.353023e+00 2.118584e+00 4.636371e+00 6.833002e+00 1.199809e+01 
8.469460e+00 2.063583e+00 4.505662e+00 6.636642e+00 1.165242e+01 
8.587519e+00 2.009807e+00 4.378320e+00 6.445554e+00 1.131620e+01 
8.707225e+00 1.957237e+00 4.254272e+00 6.259599e+00 1.098925e+01 
8.828599e+00 1.905853e+00 4.133448e+00 6.078657e+00 1.067126e+01 
8.951665e+00 1.855635e+00 4.015778e+00 5.902624e+00 1.036206e+01 
9.076446e+00 1.806564e+00 3.901181e+00 5.731383e+00 1.006141e+01 
9.202967e+00 1.758620e+00 3.789620e+00 5.564805e+00 9.769087e+00 
9.331251e+00 1.711789e+00 3.680998e+00 5.402785e+00 9.484894e+00 
9.461324e+00 1.666031e+00 3.575258e+00 5.245210e+00 9.208621e+00 
9.593209e+00 1.621350e+00 3.472331e+00 5.091939e+00 8.940065e+00 
9.726934e+00 1.577719e+00 3.372154e+00 4.942967e+00 8.679021e+00 
9.862522e+00 1.535117e+00 3.274659e+00 4.798090e+00 8.425318e+00 
1.000000e+01 1.493528e+00 3.179784e+00 4.657044e+00 8.178756e+00 
