1.000000e-02 -2.342185e+04 -5.056950e+04 -5.489513e+04 -7.826595e+04 
1.013939e-02 -2.300661e+04 -5.006156e+04 -5.416770e+04 -7.496998e+04 
1.028073e-02 -2.249835e+04 -4.946591e+04 -5.343968e+04 -7.189224e+04 
1.042404e-02 -2.190164e+04 -4.878251e+04 -5.271004e+04 -6.905479e+04 
1.056935e-02 -2.122332e+04 -4.801372e+04 -5.197739e+04 -6.646826e+04 
1.071668e-02 -2.047226e+04 -4.716391e+04 -5.123995e+04 -6.413223e+04 
1.086606e-02 -1.965911e+04 -4.623915e+04 -5.049588e+04 -6.203646e+04 
1.101753e-02 -1.879593e+04 -4.524680e+04 -4.974324e+04 -6.016240e+04 
1.117111e-02 -1.789577e+04 -4.419514e+04 -4.898039e+04 -5.848513e+04 
1.132683e-02 -1.697226e+04 -4.309308e+04 -4.820566e+04 -5.697565e+04 
1.148472e-02 -1.603924e+04 -4.194990e+04 -4.741796e+04 -5.560319e+04 
1.164481e-02 -1.511042e+04 -4.077507e+04 -4.661646e+04 -5.433731e+04 
1.180713e-02 -1.419911e+04 -3.957814e+04 -4.580086e+04 -5.315006e+04 
1.197171e-02 -1.331800e+04 -3.836867e+04 -4.497132e+04 -5.201743e+04 
1.213859e-02 -1.247895e+04 -3.715613e+04 -4.412849e+04 -5.092059e+04 
1.230780e-02 -1.169289e+04 -3.594991e+04 -4.327331e+04 -4.984666e+04 
1.247936e-02 -1.096964e+04 -3.475919e+04 -4.240707e+04 -4.878903e+04 
1.265332e-02 -1.031772e+04 -3.359277e+04 -4.153141e+04 -4.774692e+04 
1.282970e-02 -9.744267e+03 -3.245899e+04 -4.064802e+04 -4.672491e+04 
1.300854e-02 -9.254719e+03 -3.136542e+04 -3.975875e+04 -4.573184e+04 
1.318987e-02 -8.852662e+03 -3.031865e+04 -3.886551e+04 -4.477966e+04 
1.337373e-02 -8.539574e+03 -2.932403e+04 -3.797011e+04 -4.388162e+04 
1.356015e-02 -8.314628e+03 -2.838537e+04 -3.707431e+04 -4.305111e+04 
1.374917e-02 -8.174538e+03 -2.750476e+04 -3.617972e+04 -4.229988e+04 
1.394083e-02 -8.113481e+03 -2.668245e+04 -3.528784e+04 -4.163683e+04 
1.413516e-02 -8.123140e+03 -2.591671e+04 -3.439995e+04 -4.106673e+04 
1.433219e-02 -8.192868e+03 -2.520396e+04 -3.351717e+04 -4.058948e+04 
1.453198e-02 -8.309999e+03 -2.453886e+04 -3.264039e+04 -4.019975e+04 
1.473454e-02 -8.460291e+03 -2.391462e+04 -3.177036e+04 -3.988674e+04 
1.493993e-02 -8.628504e+03 -2.332332e+04 -3.090770e+04 -3.963466e+04 
1.514819e-02 -8.799076e+03 -2.275638e+04 -3.005275e+04 -3.942355e+04 
1.535935e-02 -8.956851e+03 -2.220505e+04 -2.920584e+04 -3.923022e+04 
1.557345e-02 -9.087826e+03 -2.166095e+04 -2.836721e+04 -3.902972e+04 
1.579053e-02 -9.179864e+03 -2.111653e+04 -2.753696e+04 -3.879668e+04 
1.601064e-02 -9.223295e+03 -2.056554e+04 -2.671518e+04 -3.850703e+04 
1.623382e-02 -9.211400e+03 -2.000339e+04 -2.590202e+04 -3.813923e+04 
1.646012e-02 -9.140688e+03 -1.942732e+04 -2.509758e+04 -3.767571e+04 
1.668956e-02 -9.010986e+03 -1.883653e+04 -2.430196e+04 -3.710364e+04 
1.692220e-02 -8.825310e+03 -1.823204e+04 -2.351530e+04 -3.641561e+04 
1.715809e-02 -8.589524e+03 -1.761650e+04 -2.273781e+04 -3.560995e+04 
1.739726e-02 -8.311814e+03 -1.699382e+04 -2.196968e+04 -3.469039e+04 
1.763977e-02 -8.002027e+03 -1.636872e+04 -2.121109e+04 -3.366566e+04 
1.788566e-02 -7.670917e+03 -1.574618e+04 -2.046225e+04 -3.254863e+04 
1.813498e-02 -7.329363e+03 -1.513098e+04 -1.972337e+04 -3.135552e+04 
1.838777e-02 -6.987635e+03 -1.452719e+04 -1.899462e+04 -3.010458e+04 
1.864409e-02 -6.654736e+03 -1.393784e+04 -1.827617e+04 -2.881525e+04 
1.890397e-02 -6.337912e+03 -1.336463e+04 -1.756815e+04 -2.750724e+04 
1.916748e-02 -6.042320e+03 -1.280792e+04 -1.687074e+04 -2.619969e+04 
1.943467e-02 -5.770904e+03 -1.226669e+04 -1.618411e+04 -2.491057e+04 
1.970558e-02 -5.524454e+03 -1.173884e+04 -1.550843e+04 -2.365641e+04 
1.998026e-02 -5.301841e+03 -1.122144e+04 -1.484391e+04 -2.245193e+04 
2.025878e-02 -5.100388e+03 -1.071118e+04 -1.419080e+04 -2.131011e+04 
2.054117e-02 -4.916326e+03 -1.020474e+04 -1.354935e+04 -2.024194e+04 
2.082751e-02 -4.745305e+03 -9.699239e+03 -1.291982e+04 -1.925661e+04 
2.111783e-02 -4.582884e+03 -9.192599e+03 -1.230250e+04 -1.836145e+04 
2.141220e-02 -4.424963e+03 -8.683812e+03 -1.169766e+04 -1.756181e+04 
2.171068e-02 -4.268135e+03 -8.173097e+03 -1.110555e+04 -1.686100e+04 
2.201331e-02 -4.109912e+03 -7.661948e+03 -1.052636e+04 -1.626016e+04 
2.232016e-02 -3.948836e+03 -7.153046e+03 -9.960247e+03 -1.575812e+04 
2.263130e-02 -3.784471e+03 -6.650085e+03 -9.407282e+03 -1.535127e+04 
2.294676e-02 -3.617290e+03 -6.157485e+03 -8.867452e+03 -1.503358e+04 
2.326663e-02 -3.448491e+03 -5.680076e+03 -8.340691e+03 -1.479657e+04 
2.359095e-02 -3.279765e+03 -5.222728e+03 -7.826865e+03 -1.462965e+04 
2.391980e-02 -3.113030e+03 -4.789992e+03 -7.325791e+03 -1.452025e+04 
2.425323e-02 -2.950202e+03 -4.385760e+03 -6.837235e+03 -1.445434e+04 
2.459130e-02 -2.792972e+03 -4.012988e+03 -6.360927e+03 -1.441695e+04 
2.493409e-02 -2.642648e+03 -3.673480e+03 -5.896597e+03 -1.439271e+04 
2.528166e-02 -2.500050e+03 -3.367755e+03 -5.443973e+03 -1.436649e+04 
2.563407e-02 -2.365462e+03 -3.095009e+03 -5.002802e+03 -1.432393e+04 
2.599140e-02 -2.238640e+03 -2.853154e+03 -4.572858e+03 -1.425204e+04 
2.635371e-02 -2.118863e+03 -2.638944e+03 -4.153961e+03 -1.413962e+04 
2.672106e-02 -2.005014e+03 -2.448170e+03 -3.745976e+03 -1.397752e+04 
2.709354e-02 -1.895692e+03 -2.275906e+03 -3.348807e+03 -1.375880e+04 
2.747121e-02 -1.789322e+03 -2.116805e+03 -2.962411e+03 -1.347885e+04 
2.785414e-02 -1.684283e+03 -1.965419e+03 -2.586795e+03 -1.313528e+04 
2.824241e-02 -1.579019e+03 -1.816510e+03 -2.222026e+03 -1.272773e+04 
2.863610e-02 -1.472139e+03 -1.665352e+03 -1.868213e+03 -1.225763e+04 
2.903527e-02 -1.362497e+03 -1.507985e+03 -1.525519e+03 -1.172796e+04 
2.944000e-02 -1.249259e+03 -1.341427e+03 -1.194155e+03 -1.114288e+04 
2.985038e-02 -1.131934e+03 -1.163801e+03 -8.743649e+02 -1.050746e+04 
3.026648e-02 -1.010392e+03 -9.744051e+02 -5.664204e+02 -9.827327e+03 
3.068838e-02 -8.848568e+02 -7.736908e+02 -2.706210e+02 -9.108560e+03 
3.111616e-02 -7.558772e+02 -5.631808e+02 1.272520e+01 -8.357463e+03 
3.154990e-02 -6.242804e+02 -3.453074e+02 2.833138e+02 -7.580422e+03 
3.198969e-02 -4.911076e+02 -1.232057e+02 5.408607e+02 -6.783847e+03 
3.243561e-02 -3.575425e+02 9.953132e+01 7.851215e+02 -5.974132e+03 
3.288774e-02 -2.248359e+02 3.191130e+02 1.015911e+03 -5.157625e+03 
3.334618e-02 -9.423114e+01 5.318036e+02 1.233112e+03 -4.340545e+03 
3.381101e-02 3.309754e+01 7.341533e+02 1.436694e+03 -3.529045e+03 
3.428231e-02 1.560974e+02 9.231925e+02 1.626725e+03 -2.729175e+03 
3.476019e-02 2.738739e+02 1.096581e+03 1.803385e+03 -1.946841e+03 
3.524473e-02 3.857110e+02 1.252693e+03 1.966959e+03 -1.187708e+03 
3.573602e-02 4.910753e+02 1.390659e+03 2.117849e+03 -4.571491e+02 
3.623416e-02 5.896064e+02 1.510345e+03 2.256559e+03 2.398808e+02 
3.673925e-02 6.810950e+02 1.612283e+03 2.383688e+03 8.989559e+02 
3.725137e-02 7.654575e+02 1.697572e+03 2.499893e+03 1.516285e+03 
3.777064e-02 8.427100e+02 1.767761e+03 2.605897e+03 2.088826e+03 
3.829714e-02 9.129456e+02 1.824719e+03 2.702461e+03 2.614384e+03 
3.883098e-02 9.763163e+02 1.870500e+03 2.790372e+03 3.091688e+03 
3.937226e-02 1.033019e+03 1.907220e+03 2.870402e+03 3.520419e+03 
3.992109e-02 1.083292e+03 1.936945e+03 2.943313e+03 3.901221e+03 
4.047757e-02 1.127405e+03 1.961599e+03 3.009812e+03 4.235649e+03 
4.104181e-02 1.165656e+03 1.982887e+03 3.070532e+03 4.526079e+03 
4.161391e-02 1.198387e+03 2.002267e+03 3.126033e+03 4.775589e+03 
4.219398e-02 1.225975e+03 2.020927e+03 3.176810e+03 4.987851e+03 
4.278214e-02 1.248842e+03 2.039783e+03 3.223286e+03 5.167002e+03 
4.337850e-02 1.267439e+03 2.059485e+03 3.265817e+03 5.317407e+03 
4.398317e-02 1.282241e+03 2.080439e+03 3.304680e+03 5.443496e+03 
4.459628e-02 1.293734e+03 2.102845e+03 3.340114e+03 5.549614e+03 
4.521792e-02 1.302404e+03 2.126735e+03 3.372332e+03 5.639885e+03 
4.584824e-02 1.308718e+03 2.152002e+03 3.401511e+03 5.718031e+03 
4.648734e-02 1.313102e+03 2.178436e+03 3.427805e+03 5.787224e+03 
4.713535e-02 1.315936e+03 2.205765e+03 3.451368e+03 5.850103e+03 
4.779239e-02 1.317547e+03 2.233692e+03 3.472373e+03 5.908710e+03 
4.845859e-02 1.318200e+03 2.261913e+03 3.490995e+03 5.964479e+03 
4.913407e-02 1.318084e+03 2.290108e+03 3.507370e+03 6.018175e+03 
4.981898e-02 1.317309e+03 2.317951e+03 3.521597e+03 6.070002e+03 
5.051342e-02 1.315944e+03 2.345161e+03 3.533800e+03 6.119805e+03 
5.121755e-02 1.314031e+03 2.371501e+03 3.544108e+03 6.167105e+03 
5.193150e-02 1.311596e+03 2.396788e+03 3.552670e+03 6.211266e+03 
5.265540e-02 1.308666e+03 2.420888e+03 3.559651e+03 6.251598e+03 
5.338938e-02 1.305291e+03 2.443729e+03 3.565267e+03 6.287517e+03 
5.413360e-02 1.301569e+03 2.465311e+03 3.569771e+03 6.318542e+03 
5.488820e-02 1.297626e+03 2.485663e+03 3.573429e+03 6.344337e+03 
5.565331e-02 1.293624e+03 2.504833e+03 3.576502e+03 6.364685e+03 
5.642908e-02 1.289749e+03 2.522871e+03 3.579241e+03 6.379496e+03 
5.721568e-02 1.286206e+03 2.539804e+03 3.581833e+03 6.388639e+03 
5.801323e-02 1.283210e+03 2.555647e+03 3.584440e+03 6.392042e+03 
5.882190e-02 1.280973e+03 2.570391e+03 3.587183e+03 6.389627e+03 
5.964185e-02 1.279693e+03 2.584007e+03 3.590141e+03 6.381329e+03 
6.047322e-02 1.279531e+03 2.596424e+03 3.593302e+03 6.366930e+03 
6.131619e-02 1.280611e+03 2.607552e+03 3.596611e+03 6.346235e+03 
6.217090e-02 1.283003e+03 2.617282e+03 3.599951e+03 6.319045e+03 
6.303753e-02 1.286717e+03 2.625491e+03 3.603149e+03 6.285198e+03 
6.391624e-02 1.291698e+03 2.632031e+03 3.605940e+03 6.244497e+03 
6.480720e-02 1.297830e+03 2.636757e+03 3.608020e+03 6.196884e+03 
6.571058e-02 1.304936e+03 2.639527e+03 3.609047e+03 6.142436e+03 
6.662655e-02 1.312792e+03 2.640221e+03 3.608661e+03 6.081408e+03 
6.755528e-02 1.321152e+03 2.638765e+03 3.606518e+03 6.014228e+03 
6.849697e-02 1.329743e+03 2.635115e+03 3.602291e+03 5.941510e+03 
6.945178e-02 1.338263e+03 2.629231e+03 3.595650e+03 5.863969e+03 
7.041990e-02 1.346396e+03 2.621080e+03 3.586259e+03 5.782341e+03 
7.140151e-02 1.353840e+03 2.610651e+03 3.573818e+03 5.697371e+03 
7.239681e-02 1.360323e+03 2.597983e+03 3.558116e+03 5.609881e+03 
7.340598e-02 1.365596e+03 2.583122e+03 3.538986e+03 5.520633e+03 
7.442922e-02 1.369434e+03 2.566107e+03 3.516282e+03 5.430231e+03 
7.546673e-02 1.371654e+03 2.546981e+03 3.489899e+03 5.339127e+03 
7.651869e-02 1.372147e+03 2.525851e+03 3.459877e+03 5.247791e+03 
7.758532e-02 1.370852e+03 2.502849e+03 3.426333e+03 5.156621e+03 
7.866682e-02 1.367750e+03 2.478101e+03 3.389418e+03 5.065846e+03 
7.976339e-02 1.362864e+03 2.451738e+03 3.349326e+03 4.975594e+03 
8.087525e-02 1.356256e+03 2.423914e+03 3.306325e+03 4.885986e+03 
8.200261e-02 1.348024e+03 2.394805e+03 3.260751e+03 4.797171e+03 
8.314568e-02 1.338289e+03 2.364591e+03 3.212948e+03 4.709239e+03 
8.430468e-02 1.327186e+03 2.333455e+03 3.163290e+03 4.622304e+03 
8.547985e-02 1.314850e+03 2.301575e+03 3.112152e+03 4.536500e+03 
8.667139e-02 1.301425e+03 2.269149e+03 3.059940e+03 4.452060e+03 
8.787954e-02 1.287055e+03 2.236373e+03 3.007042e+03 4.369198e+03 
8.910453e-02 1.271885e+03 2.203448e+03 2.953842e+03 4.288181e+03 
9.034660e-02 1.256046e+03 2.170559e+03 2.900690e+03 4.209279e+03 
9.160598e-02 1.239673e+03 2.137914e+03 2.847966e+03 4.132855e+03 
9.288292e-02 1.222905e+03 2.105717e+03 2.795995e+03 4.059197e+03 
9.417766e-02 1.205874e+03 2.074155e+03 2.745083e+03 3.988592e+03 
9.549045e-02 1.188712e+03 2.043412e+03 2.695512e+03 3.921312e+03 
9.682153e-02 1.171562e+03 2.013696e+03 2.647596e+03 3.857697e+03 
9.817117e-02 1.154580e+03 1.985194e+03 2.601595e+03 3.797969e+03 
9.953962e-02 1.137896e+03 1.958052e+03 2.557722e+03 3.742305e+03 
1.009272e-01 1.121620e+03 1.932369e+03 2.516135e+03 3.690804e+03 
1.023340e-01 1.105867e+03 1.908249e+03 2.477009e+03 3.643599e+03 
1.037605e-01 1.090747e+03 1.885756e+03 2.440465e+03 3.600730e+03 
1.052069e-01 1.076307e+03 1.864856e+03 2.406519e+03 3.562102e+03 
1.066734e-01 1.062546e+03 1.845435e+03 2.375098e+03 3.527505e+03 
1.081604e-01 1.049451e+03 1.827359e+03 2.346120e+03 3.496735e+03 
1.096681e-01 1.036978e+03 1.810441e+03 2.319429e+03 3.469474e+03 
1.111968e-01 1.025022e+03 1.794400e+03 2.294763e+03 3.445269e+03 
1.127468e-01 1.013440e+03 1.778917e+03 2.271804e+03 3.423596e+03 
1.143184e-01 1.002072e+03 1.763648e+03 2.250196e+03 3.403883e+03 
1.159120e-01 9.907445e+02 1.748245e+03 2.229544e+03 3.385483e+03 
1.175277e-01 9.792894e+02 1.732385e+03 2.209461e+03 3.367770e+03 
1.191660e-01 9.675258e+02 1.715750e+03 2.189536e+03 3.350076e+03 
1.208271e-01 9.552777e+02 1.698041e+03 2.169339e+03 3.331688e+03 
1.225114e-01 9.424224e+02 1.679064e+03 2.148524e+03 3.312000e+03 
1.242191e-01 9.288519e+02 1.658662e+03 2.126761e+03 3.290421e+03 
1.259506e-01 9.144638e+02 1.636703e+03 2.103719e+03 3.266346e+03 
1.277063e-01 8.992145e+02 1.613150e+03 2.079164e+03 3.239308e+03 
1.294865e-01 8.830907e+02 1.588014e+03 2.052908e+03 3.208891e+03 
1.312915e-01 8.660827e+02 1.561310e+03 2.024768e+03 3.174696e+03 
1.331216e-01 8.482333e+02 1.533140e+03 1.994689e+03 3.136526e+03 
1.349772e-01 8.296163e+02 1.503637e+03 1.962677e+03 3.094293e+03 
1.368587e-01 8.103078e+02 1.472923e+03 1.928746e+03 3.047945e+03 
1.387665e-01 7.904309e+02 1.441190e+03 1.893052e+03 2.997669e+03 
1.407008e-01 7.701418e+02 1.408682e+03 1.855845e+03 2.943858e+03 
1.426621e-01 7.495979e+02 1.375622e+03 1.817390e+03 2.886942e+03 
1.446507e-01 7.289832e+02 1.342277e+03 1.778037e+03 2.827529e+03 
1.466671e-01 7.084977e+02 1.308940e+03 1.738196e+03 2.766356e+03 
1.487115e-01 6.883467e+02 1.275921e+03 1.698317e+03 2.704255e+03 
1.507845e-01 6.687279e+02 1.243511e+03 1.658832e+03 2.642042e+03 
1.528864e-01 6.498461e+02 1.212026e+03 1.620212e+03 2.580612e+03 
1.550175e-01 6.318886e+02 1.181764e+03 1.582896e+03 2.520819e+03 
1.571784e-01 6.150193e+02 1.153000e+03 1.547292e+03 2.463458e+03 
1.593694e-01 5.993901e+02 1.125991e+03 1.513771e+03 2.409263e+03 
1.615909e-01 5.850855e+02 1.100892e+03 1.482560e+03 2.358723e+03 
1.638434e-01 5.721624e+02 1.077822e+03 1.453831e+03 2.312222e+03 
1.661273e-01 5.606256e+02 1.056822e+03 1.427648e+03 2.269945e+03 
1.684430e-01 5.504033e+02 1.037796e+03 1.403885e+03 2.231763e+03 
1.707910e-01 5.413953e+02 1.020613e+03 1.382366e+03 2.197447e+03 
1.731717e-01 5.334343e+02 1.005026e+03 1.362766e+03 2.166502e+03 
1.755856e-01 5.263239e+02 9.907449e+02 1.344702e+03 2.138319e+03 
1.780332e-01 5.198530e+02 9.774536e+02 1.327761e+03 2.112239e+03 
1.805149e-01 5.137992e+02 9.648185e+02 1.311514e+03 2.087553e+03 
1.830312e-01 5.079387e+02 9.525040e+02 1.295536e+03 2.063547e+03 
1.855825e-01 5.020500e+02 9.401783e+02 1.279413e+03 2.039498e+03 
1.881694e-01 4.959159e+02 9.275072e+02 1.262734e+03 2.014705e+03 
1.907924e-01 4.893442e+02 9.141968e+02 1.245146e+03 1.988539e+03 
1.934520e-01 4.821674e+02 8.999896e+02 1.226343e+03 1.960440e+03 
1.961486e-01 4.742739e+02 8.847170e+02 1.206139e+03 1.930051e+03 
1.988828e-01 4.656031e+02 8.682884e+02 1.184450e+03 1.897199e+03 
2.016551e-01 4.562067e+02 8.508015e+02 1.161438e+03 1.862126e+03 
2.044661e-01 4.461871e+02 8.324355e+02 1.137365e+03 1.825235e+03 
2.073162e-01 4.357071e+02 8.134665e+02 1.112619e+03 1.787154e+03 
2.102061e-01 4.249531e+02 7.942050e+02 1.087620e+03 1.748595e+03 
2.131362e-01 4.141268e+02 7.749856e+02 1.062812e+03 1.710300e+03 
2.161073e-01 4.034182e+02 7.561212e+02 1.038599e+03 1.672940e+03 
2.191197e-01 3.929852e+02 7.378671e+02 1.015304e+03 1.637070e+03 
2.221741e-01 3.829729e+02 7.204574e+02 9.932170e+02 1.603198e+03 
2.252711e-01 3.735109e+02 7.041016e+02 9.725922e+02 1.571766e+03 
2.284112e-01 3.646817e+02 6.889288e+02 9.535704e+02 1.543016e+03 
2.315951e-01 3.565217e+02 6.749905e+02 9.361953e+02 1.517046e+03 
2.348235e-01 3.489995e+02 6.622215e+02 9.203529e+02 1.493692e+03 
2.380968e-01 3.420360e+02 6.504755e+02 9.058196e+02 1.472594e+03 
2.414157e-01 3.355007e+02 6.395171e+02 8.922491e+02 1.453165e+03 
2.447809e-01 3.292498e+02 6.290880e+02 8.792761e+02 1.434809e+03 
2.481930e-01 3.231385e+02 6.189285e+02 8.665347e+02 1.416912e+03 
2.516527e-01 3.170405e+02 6.088094e+02 8.537055e+02 1.398927e+03 
2.551606e-01 3.108491e+02 5.985345e+02 8.405149e+02 1.380354e+03 
2.587174e-01 3.044803e+02 5.879489e+02 8.267619e+02 1.360850e+03 
2.623238e-01 2.978877e+02 5.769619e+02 8.123354e+02 1.340200e+03 
2.659804e-01 2.910727e+02 5.655662e+02 7.972439e+02 1.318394e+03 
2.696881e-01 2.841009e+02 5.538668e+02 7.816483e+02 1.295657e+03 
2.734474e-01 2.770749e+02 5.420379e+02 7.658200e+02 1.272452e+03 
2.772591e-01 2.701164e+02 5.302865e+02 7.500696e+02 1.249291e+03 
2.811239e-01 2.633440e+02 5.188155e+02 7.346985e+02 1.226668e+03 
2.850426e-01 2.568493e+02 5.077791e+02 7.199345e+02 1.204943e+03 
2.890160e-01 2.506941e+02 4.972843e+02 7.059472e+02 1.184416e+03 
2.930447e-01 2.449136e+02 4.873902e+02 6.928299e+02 1.165237e+03 
2.971296e-01 2.395121e+02 4.781010e+02 6.805958e+02 1.147417e+03 
3.012714e-01 2.344631e+02 4.693675e+02 6.691788e+02 1.130828e+03 
3.054710e-01 2.297029e+02 4.610792e+02 6.584329e+02 1.115234e+03 
3.097291e-01 2.251379e+02 4.530719e+02 6.481301e+02 1.100238e+03 
3.140465e-01 2.206684e+02 4.451699e+02 6.380204e+02 1.085402e+03 
3.184242e-01 2.162059e+02 4.372198e+02 6.278832e+02 1.070337e+03 
3.228628e-01 2.116921e+02 4.291265e+02 6.175817e+02 1.054825e+03 
3.273634e-01 2.071061e+02 4.208596e+02 6.070646e+02 1.038779e+03 
3.319266e-01 2.024571e+02 4.124429e+02 5.963517e+02 1.022234e+03 
3.365535e-01 1.977782e+02 4.039436e+02 5.855255e+02 1.005344e+03 
3.412449e-01 1.931199e+02 3.954626e+02 5.747204e+02 9.883615e+02 
3.460016e-01 1.885472e+02 3.871244e+02 5.641003e+02 9.715864e+02 
3.508247e-01 1.841253e+02 3.790500e+02 5.538224e+02 9.552941e+02 
3.557150e-01 1.798999e+02 3.713276e+02 5.440032e+02 9.397009e+02 
3.606735e-01 1.758861e+02 3.639914e+02 5.346859e+02 9.249022e+02 
3.657011e-01 1.720678e+02 3.570172e+02 5.258302e+02 9.108392e+02 
3.707988e-01 1.684092e+02 3.503421e+02 5.173389e+02 8.973444e+02 
3.759675e-01 1.648705e+02 3.438994e+02 5.091152e+02 8.842670e+02 
3.812083e-01 1.614097e+02 3.376170e+02 5.010563e+02 8.714466e+02 
3.865221e-01 1.579915e+02 3.314318e+02 4.930717e+02 8.587379e+02 
3.919100e-01 1.545854e+02 3.252862e+02 4.850752e+02 8.459921e+02 
3.973730e-01 1.511852e+02 3.191693e+02 4.770560e+02 8.332085e+02 
4.029122e-01 1.478099e+02 3.131126e+02 4.690626e+02 8.204846e+02 
4.085286e-01 1.444935e+02 3.071730e+02 4.611799e+02 8.079731e+02 
4.142232e-01 1.412659e+02 3.013967e+02 4.534740e+02 7.957815e+02 
4.199973e-01 1.381447e+02 2.958147e+02 4.459977e+02 7.840122e+02 
4.258518e-01 1.351415e+02 2.904443e+02 4.387814e+02 7.727183e+02 
4.317880e-01 1.322581e+02 2.852865e+02 4.318312e+02 7.619075e+02 
4.378069e-01 1.294817e+02 2.803123e+02 4.251060e+02 7.514925e+02 
4.439097e-01 1.267855e+02 2.754763e+02 4.185492e+02 7.413809e+02 
4.500975e-01 1.241438e+02 2.707314e+02 4.120972e+02 7.314568e+02 
4.563716e-01 1.215472e+02 2.660596e+02 4.057266e+02 7.216713e+02 
4.627332e-01 1.189914e+02 2.614487e+02 3.994191e+02 7.119765e+02 
4.691835e-01 1.164751e+02 2.568997e+02 3.931812e+02 7.023857e+02 
4.757236e-01 1.140077e+02 2.524279e+02 3.870365e+02 6.929319e+02 
4.823549e-01 1.116043e+02 2.480595e+02 3.810221e+02 6.836704e+02 
4.890787e-01 1.092767e+02 2.438120e+02 3.751617e+02 6.746302e+02 
4.958962e-01 1.070230e+02 2.396857e+02 3.694594e+02 6.658209e+02 
5.028087e-01 1.048355e+02 2.356668e+02 3.638959e+02 6.572062e+02 
5.098176e-01 1.027115e+02 2.317498e+02 3.584633e+02 6.487678e+02 
5.169242e-01 1.006379e+02 2.279112e+02 3.531271e+02 6.404431e+02 
5.241298e-01 9.860469e+01 2.241363e+02 3.478696e+02 6.322074e+02 
5.314359e-01 9.661201e+01 2.204260e+02 3.426922e+02 6.240640e+02 
5.388438e-01 9.466232e+01 2.167840e+02 3.375997e+02 6.160196e+02 
5.463550e-01 9.275669e+01 2.132126e+02 3.325946e+02 6.080785e+02 
5.539709e-01 9.089863e+01 2.097202e+02 3.276911e+02 6.002707e+02 
5.616930e-01 8.909357e+01 2.063169e+02 3.229033e+02 5.926209e+02 
5.695227e-01 8.733526e+01 2.029909e+02 3.182134e+02 5.850974e+02 
5.774615e-01 8.562031e+01 1.997367e+02 3.136137e+02 5.776893e+02 
5.855110e-01 8.394603e+01 1.965514e+02 3.091014e+02 5.703954e+02 
5.936727e-01 8.230884e+01 1.934287e+02 3.046681e+02 5.632026e+02 
6.019482e-01 8.070720e+01 1.903647e+02 3.003067e+02 5.560969e+02 
6.103390e-01 7.914230e+01 1.873616e+02 2.960215e+02 5.490874e+02 
6.188468e-01 7.761667e+01 1.844250e+02 2.918212e+02 5.421901e+02 
6.274732e-01 7.612696e+01 1.815485e+02 2.876977e+02 5.353921e+02 
6.362198e-01 7.467679e+01 1.787364e+02 2.836558e+02 5.286996e+02 
6.450884e-01 7.326218e+01 1.759828e+02 2.796886e+02 5.221035e+02 
6.540806e-01 7.187976e+01 1.732824e+02 2.757899e+02 5.155960e+02 
6.631981e-01 7.052912e+01 1.706342e+02 2.719587e+02 5.091776e+02 
6.724427e-01 6.920954e+01 1.680353e+02 2.681905e+02 5.028398e+02 
6.818162e-01 6.792048e+01 1.654860e+02 2.644871e+02 4.965903e+02 
6.913204e-01 6.666126e+01 1.629858e+02 2.608485e+02 4.904316e+02 
7.009570e-01 6.543112e+01 1.605337e+02 2.572731e+02 4.843642e+02 
7.107280e-01 6.422889e+01 1.581259e+02 2.537555e+02 4.783796e+02 
7.206351e-01 6.305380e+01 1.557634e+02 2.502978e+02 4.724855e+02 
7.306804e-01 6.190471e+01 1.534448e+02 2.468979e+02 4.666815e+02 
7.408657e-01 6.078039e+01 1.511681e+02 2.435536e+02 4.609659e+02 
7.511929e-01 5.967948e+01 1.489301e+02 2.402591e+02 4.553290e+02 
7.616642e-01 5.860162e+01 1.467322e+02 2.370171e+02 4.497786e+02 
7.722814e-01 5.754626e+01 1.445738e+02 2.338269e+02 4.443136e+02 
7.830465e-01 5.651278e+01 1.424539e+02 2.306864e+02 4.389308e+02 
7.939618e-01 5.550039e+01 1.403703e+02 2.275922e+02 4.336233e+02 
8.050292e-01 5.450875e+01 1.383238e+02 2.245461e+02 4.283938e+02 
8.162509e-01 5.353722e+01 1.363136e+02 2.215462e+02 4.232387e+02 
8.276289e-01 5.258509e+01 1.343379e+02 2.185903e+02 4.181525e+02 
8.391656e-01 5.165189e+01 1.323951e+02 2.156759e+02 4.131290e+02 
8.508632e-01 5.073760e+01 1.304860e+02 2.128042e+02 4.081693e+02 
8.627237e-01 4.984189e+01 1.286096e+02 2.099743e+02 4.032697e+02 
8.747496e-01 4.896439e+01 1.267647e+02 2.071841e+02 3.984249e+02 
8.869432e-01 4.810483e+01 1.249499e+02 2.044319e+02 3.936311e+02 
8.993067e-01 4.726315e+01 1.231656e+02 2.017182e+02 3.888880e+02 
9.118425e-01 4.643905e+01 1.214106e+02 1.990421e+02 3.841927e+02 
9.245531e-01 4.563217e+01 1.196836e+02 1.964014e+02 3.795412e+02 
9.374409e-01 4.484227e+01 1.179838e+02 1.937950e+02 3.749315e+02 
9.505083e-01 4.406922e+01 1.163111e+02 1.912234e+02 3.703639e+02 
9.637579e-01 4.331268e+01 1.146646e+02 1.886855e+02 3.658368e+02 
9.771921e-01 4.257220e+01 1.130431e+02 1.861794e+02 3.613476e+02 
9.908137e-01 4.184753e+01 1.114461e+02 1.837047e+02 3.568963e+02 
1.004625e+00 4.113834e+01 1.098733e+02 1.812612e+02 3.524834e+02 
1.018629e+00 4.044423e+01 1.083241e+02 1.788485e+02 3.481089e+02 
1.032828e+00 3.976463e+01 1.067972e+02 1.764645e+02 3.437710e+02 
1.047225e+00 3.909920e+01 1.052923e+02 1.741094e+02 3.394709e+02 
1.061823e+00 3.844751e+01 1.038092e+02 1.717828e+02 3.352091e+02 
1.076624e+00 3.780913e+01 1.023473e+02 1.694842e+02 3.309859e+02 
1.091632e+00 3.718347e+01 1.009053e+02 1.672119e+02 3.268002e+02 
1.106848e+00 3.657023e+01 9.948350e+01 1.649663e+02 3.226529e+02 
1.122277e+00 3.596900e+01 9.808128e+01 1.627469e+02 3.185444e+02 
1.137921e+00 3.537938e+01 9.669825e+01 1.605533e+02 3.144742e+02 
1.153783e+00 3.480074e+01 9.533328e+01 1.583837e+02 3.104406e+02 
1.169866e+00 3.423284e+01 9.398644e+01 1.559346e+02 3.064438e+02 
1.186174e+00 3.367537e+01 9.265743e+01 1.541173e+02 3.024833e+02 
1.202708e+00 3.312808e+01 9.134595e+01 1.520195e+02 2.985579e+02 
1.219473e+00 3.259046e+01 9.005107e+01 1.499438e+02 2.946654e+02 
1.236472e+00 3.206250e+01 8.877308e+01 1.478906e+02 2.908056e+02 
1.253708e+00 3.154304e+01 8.751173e+01 1.458594e+02 2.869770e+02 
1.271184e+00 3.103468e+01 8.626667e+01 1.438498e+02 2.831780e+02 
1.288904e+00 3.053423e+01 8.503713e+01 1.418605e+02 2.794066e+02 
1.306870e+00 3.004263e+01 8.382334e+01 1.398918e+02 2.756620e+02 
1.325087e+00 2.955975e+01 8.262507e+01 1.379433e+02 2.719428e+02 
1.343558e+00 2.908540e+01 8.144192e+01 1.360146e+02 2.682477e+02 
1.362287e+00 2.861934e+01 8.027335e+01 1.341048e+02 2.645750e+02 
1.381276e+00 2.816156e+01 7.911946e+01 1.322141e+02 2.609241e+02 
1.400531e+00 2.771194e+01 7.797998e+01 1.303423e+02 2.572941e+02 
1.420053e+00 2.727027e+01 7.685450e+01 1.284887e+02 2.536840e+02 
1.439848e+00 2.683629e+01 7.574257e+01 1.266530e+02 2.500930e+02 
1.459919e+00 2.640999e+01 7.464420e+01 1.248352e+02 2.465209e+02 
1.480269e+00 2.599117e+01 7.355909e+01 1.230351e+02 2.429674e+02 
1.500903e+00 2.557957e+01 7.248681e+01 1.212520e+02 2.394320e+02 
1.521825e+00 2.517497e+01 7.142701e+01 1.194860e+02 2.359149e+02 
1.543038e+00 2.477727e+01 7.037967e+01 1.177369e+02 2.324163e+02 
1.564548e+00 2.438630e+01 6.934449e+01 1.160046e+02 2.289367e+02 
1.586357e+00 2.400176e+01 6.832106e+01 1.142886e+02 2.254761e+02 
1.608469e+00 2.362348e+01 6.730919e+01 1.125889e+02 2.220353e+02 
1.630891e+00 2.325135e+01 6.630874e+01 1.109054e+02 2.186149e+02 
1.653624e+00 2.288518e+01 6.531950e+01 1.092380e+02 2.152158e+02 
1.676675e+00 2.252472e+01 6.434109e+01 1.075863e+02 2.118384e+02 
1.700047e+00 2.216985e+01 6.337339e+01 1.059503e+02 2.084835e+02 
1.723745e+00 2.182049e+01 6.241630e+01 1.043298e+02 2.051522e+02 
1.747773e+00 2.147648e+01 6.146962e+01 1.027247e+02 2.018447e+02 
1.772136e+00 2.113762e+01 6.053307e+01 1.011348e+02 1.985622e+02 
1.796838e+00 2.080388e+01 5.960662e+01 9.956011e+01 1.953048e+02 
1.821885e+00 2.047518e+01 5.869017e+01 9.800037e+01 1.920735e+02 
1.847281e+00 2.015141e+01 5.778361e+01 9.645553e+01 1.888688e+02 
1.873032e+00 1.983243e+01 5.688674e+01 9.492537e+01 1.856908e+02 
1.899141e+00 1.951824e+01 5.599956e+01 9.340988e+01 1.825400e+02 
1.925614e+00 1.920874e+01 5.512201e+01 9.190892e+01 1.794169e+02 
1.952456e+00 1.890387e+01 5.425400e+01 9.042241e+01 1.763217e+02 
1.979672e+00 1.860346e+01 5.339539e+01 8.895018e+01 1.732547e+02 
2.007267e+00 1.830754e+01 5.254620e+01 8.749220e+01 1.702180e+02 
2.035248e+00 1.801600e+01 5.170637e+01 8.604839e+01 1.672077e+02 
2.063618e+00 1.772876e+01 5.087582e+01 8.461865e+01 1.642259e+02 
2.092383e+00 1.744566e+01 5.005442e+01 8.320290e+01 1.612730e+02 
2.121550e+00 1.716668e+01 4.924219e+01 8.180110e+01 1.583489e+02 
2.151123e+00 1.689173e+01 4.843902e+01 8.041320e+01 1.554540e+02 
2.181109e+00 1.662069e+01 4.764482e+01 7.903915e+01 1.525883e+02 
2.211512e+00 1.635344e+01 4.685949e+01 7.767888e+01 1.497520e+02 
2.242340e+00 1.608992e+01 4.608298e+01 7.633241e+01 1.469454e+02 
2.273597e+00 1.583005e+01 4.531517e+01 7.499969e+01 1.441686e+02 
2.305289e+00 1.557373e+01 4.455598e+01 7.368071e+01 1.414219e+02 
2.337424e+00 1.532087e+01 4.380527e+01 7.237546e+01 1.387056e+02 
2.370006e+00 1.507141e+01 4.306299e+01 7.108395e+01 1.360201e+02 
2.403043e+00 1.482530e+01 4.232905e+01 6.980618e+01 1.333655e+02 
2.436540e+00 1.458260e+01 4.160334e+01 6.854216e+01 1.307422e+02 
2.470504e+00 1.434298e+01 4.088578e+01 6.729051e+01 1.281506e+02 
2.504942e+00 1.410656e+01 4.017629e+01 6.605402e+01 1.255907e+02 
2.539859e+00 1.387329e+01 3.947483e+01 6.483133e+01 1.230631e+02 
2.575263e+00 1.364313e+01 3.878131e+01 6.362245e+01 1.205679e+02 
2.611161e+00 1.341602e+01 3.809569e+01 6.242739e+01 1.181053e+02 
2.647559e+00 1.319197e+01 3.741793e+01 6.124618e+01 1.156757e+02 
2.684465e+00 1.297095e+01 3.674775e+01 6.008021e+01 1.132790e+02 
2.721885e+00 1.275290e+01 3.608560e+01 5.892675e+01 1.109155e+02 
2.759826e+00 1.253778e+01 3.543123e+01 5.778585e+01 1.085852e+02 
2.798297e+00 1.232559e+01 3.478461e+01 5.666023e+01 1.062882e+02 
2.837304e+00 1.211629e+01 3.414572e+01 5.554855e+01 1.040245e+02 
2.876854e+00 1.190981e+01 3.351455e+01 5.445083e+01 1.017941e+02 
2.916956e+00 1.170614e+01 3.289106e+01 5.336708e+01 9.959684e+01 
2.957617e+00 1.150522e+01 3.227528e+01 5.229731e+01 9.743282e+01 
2.998844e+00 1.130704e+01 3.166715e+01 5.124287e+01 9.530191e+01 
3.040646e+00 1.111151e+01 3.106667e+01 5.020108e+01 9.320397e+01 
3.083031e+00 1.091863e+01 3.047381e+01 4.917331e+01 9.113898e+01 
3.126007e+00 1.072834e+01 2.988856e+01 4.815955e+01 8.910666e+01 
3.169582e+00 1.054050e+01 2.931090e+01 4.715979e+01 8.710704e+01 
3.213764e+00 1.035530e+01 2.874079e+01 4.617405e+01 8.513994e+01 
3.258562e+00 1.017258e+01 2.817822e+01 4.520231e+01 8.320527e+01 
3.303985e+00 9.992329e+00 2.762315e+01 4.424457e+01 8.130289e+01 
3.350041e+00 9.814511e+00 2.707555e+01 4.330081e+01 7.943267e+01 
3.396739e+00 9.639089e+00 2.653541e+01 4.237101e+01 7.759448e+01 
3.444087e+00 9.466048e+00 2.600266e+01 4.145516e+01 7.578817e+01 
3.492096e+00 9.295364e+00 2.547730e+01 4.055323e+01 7.401363e+01 
3.540774e+00 9.127011e+00 2.495926e+01 3.966520e+01 7.227067e+01 
3.590130e+00 8.960959e+00 2.444853e+01 3.879103e+01 7.055916e+01 
3.640175e+00 8.797195e+00 2.394506e+01 3.793069e+01 6.887891e+01 
3.690917e+00 8.635695e+00 2.344882e+01 3.708413e+01 6.722975e+01 
3.742366e+00 8.476436e+00 2.295978e+01 3.625132e+01 6.561148e+01 
3.794533e+00 8.319392e+00 2.247790e+01 3.543219e+01 6.402391e+01 
3.847427e+00 8.164550e+00 2.200314e+01 3.462668e+01 6.246678e+01 
3.901058e+00 8.011888e+00 2.153548e+01 3.383355e+01 6.093990e+01 
3.955436e+00 7.861383e+00 2.107490e+01 3.305515e+01 5.944299e+01 
4.010573e+00 7.713014e+00 2.062135e+01 3.229019e+01 5.797583e+01 
4.066478e+00 7.566762e+00 2.017483e+01 3.153862e+01 5.653813e+01 
4.123163e+00 7.422609e+00 1.973527e+01 3.080033e+01 5.512961e+01 
4.180637e+00 7.280532e+00 1.930268e+01 3.007526e+01 5.374998e+01 
4.238913e+00 7.140511e+00 1.887702e+01 2.936331e+01 5.239895e+01 
4.298001e+00 7.002530e+00 1.845824e+01 2.866440e+01 5.107619e+01 
4.357913e+00 6.866565e+00 1.804635e+01 2.797844e+01 4.978139e+01 
4.418660e+00 6.732599e+00 1.764126e+01 2.730532e+01 4.851422e+01 
4.480254e+00 6.600611e+00 1.724299e+01 2.664495e+01 4.727433e+01 
4.542706e+00 6.470583e+00 1.685145e+01 2.599720e+01 4.606139e+01 
4.606029e+00 6.342495e+00 1.646662e+01 2.536198e+01 4.487503e+01 
4.670234e+00 6.216326e+00 1.608845e+01 2.473916e+01 4.371486e+01 
4.735335e+00 6.092061e+00 1.571690e+01 2.412864e+01 4.258060e+01 
4.801343e+00 5.969679e+00 1.535198e+01 2.353027e+01 4.147180e+01 
4.868271e+00 5.849162e+00 1.499351e+01 2.294395e+01 4.038811e+01 
4.936132e+00 5.730491e+00 1.464150e+01 2.237057e+01 3.932910e+01 
5.004939e+00 5.613650e+00 1.429585e+01 2.180792e+01 3.829442e+01 
5.074705e+00 5.498618e+00 1.395659e+01 2.125690e+01 3.728365e+01 
5.145444e+00 5.385380e+00 1.362362e+01 2.071738e+01 3.629641e+01 
5.217169e+00 5.273917e+00 1.329688e+01 2.018923e+01 3.533229e+01 
5.289893e+00 5.164211e+00 1.297631e+01 1.967229e+01 3.439090e+01 
5.363631e+00 5.056243e+00 1.266184e+01 1.916547e+01 3.347183e+01 
5.438397e+00 4.949997e+00 1.235341e+01 1.867056e+01 3.257468e+01 
5.514206e+00 4.845455e+00 1.205097e+01 1.818643e+01 3.169904e+01 
5.591071e+00 4.742687e+00 1.175444e+01 1.771294e+01 3.084453e+01 
5.669007e+00 4.641498e+00 1.146377e+01 1.724991e+01 3.001072e+01 
5.748030e+00 4.541873e+00 1.117889e+01 1.679720e+01 2.919724e+01 
5.828155e+00 4.443968e+00 1.089972e+01 1.635468e+01 2.840368e+01 
5.909396e+00 4.347679e+00 1.062621e+01 1.592217e+01 2.762965e+01 
5.991770e+00 4.252988e+00 1.035829e+01 1.549952e+01 2.687491e+01 
6.075292e+00 4.159878e+00 1.009590e+01 1.508658e+01 2.613857e+01 
6.159978e+00 4.068334e+00 9.838970e+00 1.468319e+01 2.542088e+01 
6.245845e+00 3.978337e+00 9.587422e+00 1.428919e+01 2.472115e+01 
6.332908e+00 3.889873e+00 9.341194e+00 1.390444e+01 2.403899e+01 
6.421186e+00 3.802925e+00 9.100155e+00 1.352877e+01 2.337410e+01 
6.510694e+00 3.717480e+00 8.864359e+00 1.316203e+01 2.272609e+01 
6.601449e+00 3.633521e+00 8.633677e+00 1.280406e+01 2.209460e+01 
6.693470e+00 3.551035e+00 8.408118e+00 1.245476e+01 2.147926e+01 
6.786773e+00 3.470004e+00 8.187462e+00 1.211380e+01 2.087973e+01 
6.881377e+00 3.390418e+00 7.971708e+00 1.178122e+01 2.029565e+01 
6.977300e+00 3.312261e+00 7.762302e+00 1.145679e+01 1.972608e+01 
7.074559e+00 3.235519e+00 7.554643e+00 1.114034e+01 1.917190e+01 
7.173175e+00 3.160176e+00 7.353185e+00 1.083175e+01 1.863216e+01 
7.273165e+00 3.086219e+00 7.156347e+00 1.053085e+01 1.810652e+01 
7.374549e+00 3.013633e+00 6.964057e+00 1.023748e+01 1.759467e+01 
7.477346e+00 2.942404e+00 6.776241e+00 9.951504e+00 1.709630e+01 
7.581576e+00 2.872516e+00 6.592715e+00 9.672772e+00 1.661108e+01 
7.687260e+00 2.803954e+00 6.413629e+00 9.401134e+00 1.613871e+01 
7.794416e+00 2.736703e+00 6.238914e+00 9.136443e+00 1.567888e+01 
7.903066e+00 2.670748e+00 6.068265e+00 8.878553e+00 1.523130e+01 
8.013230e+00 2.606074e+00 5.901723e+00 8.627320e+00 1.479568e+01 
8.124930e+00 2.542727e+00 5.739214e+00 8.382602e+00 1.437222e+01 
8.238187e+00 2.480504e+00 5.580663e+00 8.144259e+00 1.395965e+01 
8.353023e+00 2.419572e+00 5.425997e+00 7.912150e+00 1.355822e+01 
8.469460e+00 2.359859e+00 5.275143e+00 7.686138e+00 1.316758e+01 
8.587519e+00 2.301348e+00 5.128027e+00 7.466087e+00 1.278754e+01 
8.707225e+00 2.244022e+00 4.984579e+00 7.251862e+00 1.241782e+01 
8.828599e+00 2.187866e+00 4.844724e+00 7.043332e+00 1.205816e+01 
8.951665e+00 2.132863e+00 4.708379e+00 6.840365e+00 1.170832e+01 
9.076446e+00 2.078999e+00 4.575513e+00 6.642835e+00 1.136805e+01 
9.202967e+00 2.026257e+00 4.446015e+00 6.450616e+00 1.103710e+01 
9.331251e+00 1.974622e+00 4.319832e+00 6.263577e+00 1.071524e+01 
9.461324e+00 1.924132e+00 4.196891e+00 6.081601e+00 1.040225e+01 
9.593209e+00 1.874664e+00 4.077128e+00 5.904566e+00 1.009790e+01 
9.726934e+00 1.826265e+00 3.960474e+00 5.732341e+00 9.801974e+00 
9.862522e+00 1.778848e+00 3.846865e+00 5.564840e+00 9.514254e+00 
1.000000e+01 1.732520e+00 3.736233e+00 5.401826e+00 9.234541e+00 
