1.000000e-02 6.541171e+04 1.705697e+05 -4.024530e+04 1.512961e+05 
1.013939e-02 6.624041e+04 1.620204e+05 -4.020006e+04 1.497404e+05 
1.028073e-02 6.695438e+04 1.526719e+05 -4.047837e+04 1.436997e+05 
1.042404e-02 6.750427e+04 1.430130e+05 -4.112102e+04 1.344047e+05 
1.056935e-02 6.783115e+04 1.335040e+05 -4.216615e+04 1.233379e+05 
1.071668e-02 6.786274e+04 1.245357e+05 -4.364095e+04 1.120594e+05 
1.086606e-02 6.751121e+04 1.163889e+05 -4.555291e+04 1.020248e+05 
1.101753e-02 6.667294e+04 1.092039e+05 -4.788251e+04 9.442207e+04 
1.117111e-02 6.523348e+04 1.029643e+05 -5.057896e+04 9.005016e+04 
1.132683e-02 6.307595e+04 9.750192e+04 -5.355986e+04 8.925549e+04 
1.148472e-02 6.009442e+04 9.251981e+04 -5.671508e+04 9.193048e+04 
1.164481e-02 5.620810e+04 8.762828e+04 -5.991431e+04 9.756770e+04 
1.180713e-02 5.137464e+04 8.238819e+04 -6.301710e+04 1.053549e+05 
1.197171e-02 4.559933e+04 7.635579e+04 -6.588410e+04 1.142935e+05 
1.213859e-02 3.893864e+04 6.912602e+04 -6.838756e+04 1.233230e+05 
1.230780e-02 3.149853e+04 6.037385e+04 -7.042016e+04 1.314380e+05 
1.247936e-02 2.342906e+04 4.989245e+04 -7.190128e+04 1.377869e+05 
1.265332e-02 1.491842e+04 3.762726e+04 -7.277991e+04 1.417461e+05 
1.282970e-02 6.188604e+03 2.370148e+04 -7.303516e+04 1.429639e+05 
1.300854e-02 -2.507133e+03 8.427261e+03 -7.267406e+04 1.413700e+05 
1.318987e-02 -1.088668e+04 -7.703198e+03 -7.172784e+04 1.371487e+05 
1.337373e-02 -1.864469e+04 -2.405011e+04 -7.024732e+04 1.306806e+05 
1.356015e-02 -2.546495e+04 -3.988136e+04 -6.829743e+04 1.224611e+05 
1.374917e-02 -3.104118e+04 -5.444469e+04 -6.595159e+04 1.130125e+05 
1.394083e-02 -3.510516e+04 -6.704658e+04 -6.328581e+04 1.028092e+05 
1.413516e-02 -3.745775e+04 -7.712603e+04 -6.037276e+04 9.223221e+04 
1.433219e-02 -3.799714e+04 -8.431173e+04 -5.727641e+04 8.156201e+04 
1.453198e-02 -3.673738e+04 -8.845459e+04 -5.404755e+04 7.100580e+04 
1.473454e-02 -3.381309e+04 -8.963201e+04 -5.072110e+04 6.074609e+04 
1.493993e-02 -2.946845e+04 -8.812532e+04 -4.731564e+04 5.098959e+04 
1.514819e-02 -2.403259e+04 -8.437637e+04 -4.383519e+04 4.199739e+04 
1.535935e-02 -1.788554e+04 -7.892994e+04 -4.027323e+04 3.408368e+04 
1.557345e-02 -1.142071e+04 -7.237143e+04 -3.661799e+04 2.758104e+04 
1.579053e-02 -5.009216e+03 -6.526779e+04 -3.285813e+04 2.278067e+04 
1.601064e-02 1.029548e+03 -5.811719e+04 -2.898770e+04 1.986347e+04 
1.623382e-02 6.448283e+03 -5.131255e+04 -2.500982e+04 1.884094e+04 
1.646012e-02 1.108223e+04 -4.512099e+04 -2.093845e+04 1.952280e+04 
1.668956e-02 1.484973e+04 -3.967944e+04 -1.679870e+04 2.152228e+04 
1.692220e-02 1.774429e+04 -3.500543e+04 -1.262582e+04 2.430119e+04 
1.715809e-02 1.981995e+04 -3.102040e+04 -8.463441e+03 2.724736e+04 
1.739726e-02 2.117293e+04 -2.758182e+04 -4.361781e+03 2.976909e+04 
1.763977e-02 2.192228e+04 -2.451938e+04 -3.756973e+02 3.138727e+04 
1.788566e-02 2.219244e+04 -2.167020e+04 3.437042e+03 3.180607e+04 
1.813498e-02 2.210006e+04 -1.890799e+04 7.017575e+03 3.094844e+04 
1.838777e-02 2.174568e+04 -1.616226e+04 1.030794e+04 2.895108e+04 
1.864409e-02 2.121060e+04 -1.342536e+04 1.325333e+04 2.612216e+04 
1.890397e-02 2.055711e+04 -1.074728e+04 1.580459e+04 2.287289e+04 
1.916748e-02 1.983113e+04 -8.220690e+03 1.792071e+04 1.963798e+04 
1.943467e-02 1.906503e+04 -5.959747e+03 1.957103e+04 1.680056e+04 
1.970558e-02 1.828036e+04 -4.077055e+03 2.073698e+04 1.463464e+04 
1.998026e-02 1.748961e+04 -2.662773e+03 2.141293e+04 1.327299e+04 
2.025878e-02 1.669762e+04 -1.768705e+03 2.160630e+04 1.270291e+04 
2.054117e-02 1.590296e+04 -1.398950e+03 2.133669e+04 1.278689e+04 
2.082751e-02 1.509954e+04 -1.507622e+03 2.063437e+04 1.330145e+04 
2.111783e-02 1.427853e+04 -2.003409e+03 1.953830e+04 1.398510e+04 
2.141220e-02 1.343061e+04 -2.760141e+03 1.809389e+04 1.458635e+04 
2.171068e-02 1.254787e+04 -3.632015e+03 1.635100e+04 1.490367e+04 
2.201331e-02 1.162553e+04 -4.471451e+03 1.436214e+04 1.481172e+04 
2.232016e-02 1.066340e+04 -5.146966e+03 1.218106e+04 1.427094e+04 
2.263130e-02 9.667073e+03 -5.558258e+03 9.861706e+03 1.332080e+04 
2.294676e-02 8.648790e+03 -5.646073e+03 7.457394e+03 1.205994e+04 
2.326663e-02 7.627714e+03 -5.395593e+03 5.019992e+03 1.061857e+04 
2.359095e-02 6.629243e+03 -4.833437e+03 2.599057e+03 9.129941e+03 
2.391980e-02 5.682904e+03 -4.019798e+03 2.407450e+02 7.706934e+03 
2.425323e-02 4.818887e+03 -3.037893e+03 -2.013421e+03 6.428288e+03 
2.459130e-02 4.063665e+03 -1.982986e+03 -4.127881e+03 5.335796e+03 
2.493409e-02 3.435564e+03 -9.525295e+02 -6.074288e+03 4.440942e+03 
2.528166e-02 2.941422e+03 -3.816904e+01 -7.832442e+03 3.737082e+03 
2.563407e-02 2.575238e+03 6.805217e+02 -9.390715e+03 3.212535e+03 
2.599140e-02 2.319143e+03 1.140970e+03 -1.074576e+04 2.860608e+03 
2.635371e-02 2.146469e+03 1.301552e+03 -1.190146e+04 2.684412e+03 
2.672106e-02 2.026113e+03 1.144497e+03 -1.286721e+04 2.696347e+03 
2.709354e-02 1.927196e+03 6.773864e+02 -1.365575e+04 2.913817e+03 
2.747121e-02 1.823158e+03 -6.726890e+01 -1.428091e+04 3.353477e+03 
2.785414e-02 1.694749e+03 -1.034607e+03 -1.475567e+04 4.026159e+03 
2.824241e-02 1.531695e+03 -2.152047e+03 -1.509089e+04 4.933756e+03 
2.863610e-02 1.333063e+03 -3.335478e+03 -1.529486e+04 6.068332e+03 
2.903527e-02 1.106400e+03 -4.496314e+03 -1.537371e+04 7.412951e+03 
2.944000e-02 8.657929e+02 -5.548757e+03 -1.533246e+04 8.943297e+03 
2.985038e-02 6.290812e+02 -6.416650e+03 -1.517637e+04 1.062926e+04 
3.026648e-02 4.146553e+02 -7.039318e+03 -1.491222e+04 1.243601e+04 
3.068838e-02 2.384603e+02 -7.375887e+03 -1.454922e+04 1.432442e+04 
3.111616e-02 1.118376e+02 -7.407568e+03 -1.409936e+04 1.625114e+04 
3.154990e-02 4.065525e+01 -7.137535e+03 -1.357722e+04 1.816857e+04 
3.198969e-02 2.578818e+01 -6.588580e+03 -1.299910e+04 2.002525e+04 
3.243561e-02 6.458337e+01 -5.798990e+03 -1.238215e+04 2.176696e+04 
3.288774e-02 1.526587e+02 -4.817420e+03 -1.174311e+04 2.333869e+04 
3.334618e-02 2.853426e+02 -3.697802e+03 -1.109724e+04 2.468710e+04 
3.381101e-02 4.582743e+02 -2.495070e+03 -1.045751e+04 2.576365e+04 
3.428231e-02 6.670590e+02 -1.262147e+03 -9.834181e+03 2.652752e+04 
3.476019e-02 9.062437e+02 -4.808278e+01 -9.234649e+03 2.694833e+04 
3.524473e-02 1.168137e+03 1.103095e+03 -8.663682e+03 2.700856e+04 
3.573602e-02 1.442052e+03 2.153439e+03 -8.123867e+03 2.670577e+04 
3.623416e-02 1.714377e+03 3.072450e+03 -7.616086e+03 2.605433e+04 
3.673925e-02 1.969613e+03 3.838695e+03 -7.139995e+03 2.508649e+04 
3.725137e-02 2.192186e+03 4.441293e+03 -6.694384e+03 2.385219e+04 
3.777064e-02 2.368605e+03 4.880564e+03 -6.277510e+03 2.241700e+04 
3.829714e-02 2.489434e+03 5.167338e+03 -5.887277e+03 2.085774e+04 
3.883098e-02 2.550603e+03 5.320772e+03 -5.521419e+03 1.925562e+04 
3.937226e-02 2.553845e+03 5.365107e+03 -5.177670e+03 1.768862e+04 
3.992109e-02 2.506164e+03 5.325919e+03 -4.853898e+03 1.622320e+04 
4.047757e-02 2.418518e+03 5.226682e+03 -4.548072e+03 1.490746e+04 
4.104181e-02 2.304056e+03 5.086298e+03 -4.258214e+03 1.376706e+04 
4.161391e-02 2.176275e+03 4.917941e+03 -3.982250e+03 1.280478e+04 
4.219398e-02 2.047420e+03 4.729209e+03 -3.717881e+03 1.200334e+04 
4.278214e-02 1.927330e+03 4.523261e+03 -3.462426e+03 1.133100e+04 
4.337850e-02 1.822852e+03 4.300580e+03 -3.212798e+03 1.074850e+04 
4.398317e-02 1.737781e+03 4.060845e+03 -2.965545e+03 1.021591e+04 
4.459628e-02 1.673233e+03 3.804592e+03 -2.716985e+03 9.698065e+03 
4.521792e-02 1.628326e+03 3.534431e+03 -2.463426e+03 9.168008e+03 
4.584824e-02 1.600993e+03 3.255729e+03 -2.201437e+03 8.608334e+03 
4.648734e-02 1.588757e+03 2.976700e+03 -1.928114e+03 8.010656e+03 
4.713535e-02 1.589319e+03 2.707938e+03 -1.641338e+03 7.374002e+03 
4.779239e-02 1.600914e+03 2.461558e+03 -1.340011e+03 6.703106e+03 
4.845859e-02 1.622364e+03 2.249950e+03 -1.024164e+03 6.006890e+03 
4.913407e-02 1.652881e+03 2.084249e+03 -6.949459e+02 5.297397e+03 
4.981898e-02 1.691779e+03 1.973080e+03 -3.544803e+02 4.589248e+03 
5.051342e-02 1.738211e+03 1.921428e+03 -5.631178e+00 3.899371e+03 
5.121755e-02 1.791053e+03 1.930125e+03 3.482901e+02 3.246728e+03 
5.193150e-02 1.848965e+03 1.995932e+03 7.038200e+02 2.651812e+03 
5.265540e-02 1.910578e+03 2.112170e+03 1.057612e+03 2.135705e+03 
5.338938e-02 1.974668e+03 2.269744e+03 1.406638e+03 1.718608e+03 
5.413360e-02 2.040262e+03 2.458340e+03 1.748305e+03 1.417961e+03 
5.488820e-02 2.106601e+03 2.667611e+03 2.080491e+03 1.246376e+03 
5.565331e-02 2.173034e+03 2.888195e+03 2.401531e+03 1.209720e+03 
5.642908e-02 2.238815e+03 3.112371e+03 2.710121e+03 1.305798e+03 
5.721568e-02 2.302975e+03 3.334390e+03 3.005201e+03 1.524041e+03 
5.801323e-02 2.364294e+03 3.550472e+03 3.285847e+03 1.846465e+03 
5.882190e-02 2.421402e+03 3.758551e+03 3.551183e+03 2.249795e+03 
5.964185e-02 2.472930e+03 3.957790e+03 3.800301e+03 2.708382e+03 
6.047322e-02 2.517748e+03 4.148078e+03 4.032261e+03 3.197347e+03 
6.131619e-02 2.555169e+03 4.329539e+03 4.246165e+03 3.695325e+03 
6.217090e-02 2.585041e+03 4.502099e+03 4.441243e+03 4.186199e+03 
6.303753e-02 2.607731e+03 4.665149e+03 4.616967e+03 4.659694e+03 
6.391624e-02 2.624004e+03 4.817411e+03 4.773249e+03 5.110875e+03 
6.480720e-02 2.634745e+03 4.956816e+03 4.910496e+03 5.538808e+03 
6.571058e-02 2.640621e+03 5.080482e+03 5.029591e+03 5.944726e+03 
6.662655e-02 2.641811e+03 5.184886e+03 5.131855e+03 6.330359e+03 
6.755528e-02 2.637859e+03 5.266176e+03 5.218948e+03 6.696500e+03 
6.849697e-02 2.627713e+03 5.320631e+03 5.292736e+03 7.042175e+03 
6.945178e-02 2.609922e+03 5.345145e+03 5.355067e+03 7.364138e+03 
7.041990e-02 2.583016e+03 5.337699e+03 5.407572e+03 7.656867e+03 
7.140151e-02 2.545960e+03 5.297779e+03 5.451492e+03 7.912923e+03 
7.239681e-02 2.498621e+03 5.226700e+03 5.487650e+03 8.123770e+03 
7.340598e-02 2.442045e+03 5.127616e+03 5.516382e+03 8.280713e+03 
7.442922e-02 2.378489e+03 5.005280e+03 5.537487e+03 8.376001e+03 
7.546673e-02 2.311245e+03 4.865713e+03 5.550319e+03 8.404131e+03 
7.651869e-02 2.244302e+03 4.715843e+03 5.554067e+03 8.363262e+03 
7.758532e-02 2.181792e+03 4.562923e+03 5.547907e+03 8.256049e+03 
7.866682e-02 2.127351e+03 4.413813e+03 5.531021e+03 8.089632e+03 
7.976339e-02 2.083619e+03 4.274412e+03 5.502716e+03 7.875092e+03 
8.087525e-02 2.051991e+03 4.149381e+03 5.462736e+03 7.626506e+03 
8.200261e-02 2.032480e+03 4.041761e+03 5.411235e+03 7.359105e+03 
8.314568e-02 2.023739e+03 3.952718e+03 5.348572e+03 7.087207e+03 
8.430468e-02 2.023373e+03 3.881642e+03 5.275308e+03 6.822779e+03 
8.547985e-02 2.028428e+03 3.826578e+03 5.192367e+03 6.574839e+03 
8.667139e-02 2.035744e+03 3.784417e+03 5.100753e+03 6.348940e+03 
8.787954e-02 2.042288e+03 3.751222e+03 5.001373e+03 6.147378e+03 
8.910453e-02 2.045504e+03 3.722728e+03 4.895146e+03 5.970087e+03 
9.034660e-02 2.043483e+03 3.694730e+03 4.783047e+03 5.815526e+03 
9.160598e-02 2.034886e+03 3.663190e+03 4.665890e+03 5.681166e+03 
9.288292e-02 2.018847e+03 3.624410e+03 4.544347e+03 5.564045e+03 
9.417766e-02 1.994855e+03 3.575249e+03 4.419061e+03 5.461215e+03 
9.549045e-02 1.962667e+03 3.513331e+03 4.290773e+03 5.370028e+03 
9.682153e-02 1.922159e+03 3.437079e+03 4.160252e+03 5.288049e+03 
9.817117e-02 1.873320e+03 3.345830e+03 4.028322e+03 5.213013e+03 
9.953962e-02 1.816257e+03 3.239837e+03 3.895799e+03 5.142681e+03 
1.009272e-01 1.751272e+03 3.120250e+03 3.763454e+03 5.074742e+03 
1.023340e-01 1.679028e+03 2.989146e+03 3.632149e+03 5.007022e+03 
1.037605e-01 1.600622e+03 2.849375e+03 3.502857e+03 4.937613e+03 
1.052069e-01 1.517449e+03 2.704090e+03 3.376381e+03 4.864662e+03 
1.066734e-01 1.431175e+03 2.556543e+03 3.253443e+03 4.786629e+03 
1.081604e-01 1.343754e+03 2.410036e+03 3.134935e+03 4.702785e+03 
1.096681e-01 1.257214e+03 2.267553e+03 3.021809e+03 4.613162e+03 
1.111968e-01 1.173347e+03 2.131602e+03 2.914712e+03 4.518050e+03 
1.127468e-01 1.093763e+03 2.004089e+03 2.814351e+03 4.418480e+03 
1.143184e-01 1.019831e+03 1.886617e+03 2.721544e+03 4.316250e+03 
1.159120e-01 9.525175e+02 1.780240e+03 2.636899e+03 4.213369e+03 
1.175277e-01 8.924275e+02 1.685601e+03 2.560873e+03 4.112054e+03 
1.191660e-01 8.399164e+02 1.603116e+03 2.493905e+03 4.014849e+03 
1.208271e-01 7.950824e+02 1.532929e+03 2.436225e+03 3.924263e+03 
1.225114e-01 7.578212e+02 1.474962e+03 2.387805e+03 3.842599e+03 
1.242191e-01 7.279430e+02 1.429066e+03 2.348498e+03 3.772075e+03 
1.259506e-01 7.051798e+02 1.394999e+03 2.317953e+03 3.714560e+03 
1.277063e-01 6.891889e+02 1.372403e+03 2.295565e+03 3.671361e+03 
1.294865e-01 6.795872e+02 1.360845e+03 2.280593e+03 3.643242e+03 
1.312915e-01 6.759095e+02 1.359720e+03 2.272101e+03 3.630170e+03 
1.331216e-01 6.775747e+02 1.368172e+03 2.268932e+03 3.631167e+03 
1.349772e-01 6.838933e+02 1.385074e+03 2.269805e+03 3.644378e+03 
1.368587e-01 6.940578e+02 1.408982e+03 2.273321e+03 3.667083e+03 
1.387665e-01 7.071434e+02 1.438113e+03 2.277975e+03 3.695791e+03 
1.407008e-01 7.221316e+02 1.470371e+03 2.282185e+03 3.726440e+03 
1.426621e-01 7.379907e+02 1.503514e+03 2.284475e+03 3.754891e+03 
1.446507e-01 7.536514e+02 1.535149e+03 2.283362e+03 3.776958e+03 
1.466671e-01 7.680481e+02 1.562878e+03 2.277429e+03 3.788724e+03 
1.487115e-01 7.802086e+02 1.584543e+03 2.265533e+03 3.787015e+03 
1.507845e-01 7.891614e+02 1.598136e+03 2.246522e+03 3.769025e+03 
1.528864e-01 7.941015e+02 1.602169e+03 2.219622e+03 3.732932e+03 
1.550175e-01 7.943629e+02 1.595636e+03 2.184291e+03 3.677625e+03 
1.571784e-01 7.894455e+02 1.578051e+03 2.140225e+03 3.602673e+03 
1.593694e-01 7.791953e+02 1.549714e+03 2.087727e+03 3.508865e+03 
1.615909e-01 7.636467e+02 1.511347e+03 2.027294e+03 3.397546e+03 
1.638434e-01 7.432012e+02 1.464327e+03 1.960035e+03 3.271288e+03 
1.661273e-01 7.185100e+02 1.410395e+03 1.887406e+03 3.133473e+03 
1.684430e-01 6.904276e+02 1.351519e+03 1.811142e+03 2.988161e+03 
1.707910e-01 6.599981e+02 1.289839e+03 1.733266e+03 2.839997e+03 
1.731717e-01 6.283068e+02 1.227405e+03 1.655791e+03 2.693625e+03 
1.755856e-01 5.963910e+02 1.166045e+03 1.580553e+03 2.553288e+03 
1.780332e-01 5.652633e+02 1.107429e+03 1.509308e+03 2.422813e+03 
1.805149e-01 5.357529e+02 1.052833e+03 1.443405e+03 2.305044e+03 
1.830312e-01 5.086047e+02 1.003341e+03 1.384041e+03 2.202187e+03 
1.855825e-01 4.843268e+02 9.596145e+02 1.331951e+03 2.115384e+03 
1.881694e-01 4.633082e+02 9.221158e+02 1.287692e+03 2.045195e+03 
1.907924e-01 4.457426e+02 8.909954e+02 1.251475e+03 1.991453e+03 
1.934520e-01 4.316949e+02 8.662144e+02 1.223309e+03 1.953555e+03 
1.961486e-01 4.210192e+02 8.474080e+02 1.202799e+03 1.930244e+03 
1.988828e-01 4.134437e+02 8.340282e+02 1.189305e+03 1.919885e+03 
2.016551e-01 4.085260e+02 8.252603e+02 1.181809e+03 1.920291e+03 
2.044661e-01 4.057285e+02 8.201466e+02 1.179059e+03 1.928945e+03 
2.073162e-01 4.044052e+02 8.175534e+02 1.179510e+03 1.942909e+03 
2.102061e-01 4.038839e+02 8.163048e+02 1.181501e+03 1.959111e+03 
2.131362e-01 4.034832e+02 8.152060e+02 1.183307e+03 1.974412e+03 
2.161073e-01 4.025730e+02 8.131421e+02 1.183282e+03 1.985877e+03 
2.191197e-01 4.005741e+02 8.090772e+02 1.179898e+03 1.990843e+03 
2.221741e-01 3.970279e+02 8.021799e+02 1.171931e+03 1.987220e+03 
2.252711e-01 3.915729e+02 7.917894e+02 1.158441e+03 1.973474e+03 
2.284112e-01 3.840233e+02 7.775613e+02 1.138967e+03 1.948918e+03 
2.315951e-01 3.743758e+02 7.594870e+02 1.113552e+03 1.913736e+03 
2.348235e-01 3.628334e+02 7.379381e+02 1.082798e+03 1.869031e+03 
2.380968e-01 3.498045e+02 7.136609e+02 1.047834e+03 1.816765e+03 
2.414157e-01 3.358355e+02 6.876532e+02 1.010142e+03 1.759447e+03 
2.447809e-01 3.215859e+02 6.611107e+02 9.714684e+02 1.699972e+03 
2.481930e-01 3.077158e+02 6.352245e+02 9.335399e+02 1.641158e+03 
2.516527e-01 2.948501e+02 6.111133e+02 8.979637e+02 1.585588e+03 
2.551606e-01 2.835137e+02 5.897092e+02 8.660694e+02 1.535364e+03 
2.587174e-01 2.740884e+02 5.716852e+02 8.388144e+02 1.491970e+03 
2.623238e-01 2.668077e+02 5.574502e+02 8.167809e+02 1.456277e+03 
2.659804e-01 2.617349e+02 5.471162e+02 8.001440e+02 1.428513e+03 
2.696881e-01 2.587480e+02 5.404798e+02 7.886566e+02 1.408248e+03 
2.734474e-01 2.575564e+02 5.370561e+02 7.817042e+02 1.394494e+03 
2.772591e-01 2.577147e+02 5.361045e+02 7.783413e+02 1.385761e+03 
2.811239e-01 2.586449e+02 5.366658e+02 7.773404e+02 1.380153e+03 
2.850426e-01 2.596919e+02 5.376510e+02 7.773000e+02 1.375535e+03 
2.890160e-01 2.601791e+02 5.379267e+02 7.767491e+02 1.369713e+03 
2.930447e-01 2.594773e+02 5.364221e+02 7.742787e+02 1.360650e+03 
2.971296e-01 2.570949e+02 5.322759e+02 7.687292e+02 1.346747e+03 
3.012714e-01 2.527515e+02 5.249592e+02 7.593525e+02 1.327092e+03 
3.054710e-01 2.464292e+02 5.143707e+02 7.459400e+02 1.301623e+03 
3.097291e-01 2.383836e+02 5.008641e+02 7.288680e+02 1.271148e+03 
3.140465e-01 2.291018e+02 4.851197e+02 7.090317e+02 1.237205e+03 
3.184242e-01 2.192283e+02 4.683199e+02 6.876993e+02 1.201790e+03 
3.228628e-01 2.094442e+02 4.515125e+02 6.662581e+02 1.166973e+03 
3.273634e-01 2.003781e+02 4.358256e+02 6.460181e+02 1.134597e+03 
3.319266e-01 1.925212e+02 4.219421e+02 6.280211e+02 1.106031e+03 
3.365535e-01 1.861853e+02 4.104759e+02 6.129386e+02 1.082065e+03 
3.412449e-01 1.814893e+02 4.016422e+02 6.010392e+02 1.062885e+03 
3.460016e-01 1.783436e+02 3.953042e+02 5.921521e+02 1.048069e+03 
3.508247e-01 1.764747e+02 3.910157e+02 5.857241e+02 1.036682e+03 
3.557150e-01 1.754402e+02 3.880520e+02 5.808605e+02 1.027345e+03 
3.606735e-01 1.747094e+02 3.855459e+02 5.764992e+02 1.018494e+03 
3.657011e-01 1.737424e+02 3.826231e+02 5.715794e+02 1.008614e+03 
3.707988e-01 1.720767e+02 3.785432e+02 5.652177e+02 9.964921e+02 
3.759675e-01 1.693975e+02 3.728123e+02 5.568427e+02 9.814047e+02 
3.812083e-01 1.655902e+02 3.652640e+02 5.462906e+02 9.632378e+02 
3.865221e-01 1.607854e+02 3.561255e+02 5.338793e+02 9.425758e+02 
3.919100e-01 1.553269e+02 3.459630e+02 5.203348e+02 9.205683e+02 
3.973730e-01 1.496777e+02 3.355269e+02 5.065946e+02 8.986318e+02 
4.029122e-01 1.443040e+02 3.255672e+02 4.935779e+02 8.781179e+02 
4.085286e-01 1.395698e+02 3.166647e+02 4.819822e+02 8.600297e+02 
4.142232e-01 1.356937e+02 3.091665e+02 4.722073e+02 8.449271e+02 
4.199973e-01 1.327207e+02 3.031416e+02 4.643067e+02 8.328695e+02 
4.258518e-01 1.305183e+02 2.983790e+02 4.579883e+02 8.234247e+02 
4.317880e-01 1.288067e+02 2.944365e+02 4.526769e+02 8.157558e+02 
4.378069e-01 1.272321e+02 2.907586e+02 4.476624e+02 8.088197e+02 
4.439097e-01 1.254561e+02 2.868180e+02 4.422762e+02 8.016062e+02 
4.500975e-01 1.232229e+02 2.822172e+02 4.360192e+02 7.933195e+02 
4.563716e-01 1.204279e+02 2.767948e+02 4.286935e+02 7.835697e+02 
4.627332e-01 1.171401e+02 2.706581e+02 4.204414e+02 7.724410e+02 
4.691835e-01 1.135809e+02 2.641475e+02 4.116975e+02 7.604372e+02 
4.757236e-01 1.100419e+02 2.577103e+02 4.030280e+02 7.482691e+02 
4.823549e-01 1.067952e+02 2.517605e+02 3.949528e+02 7.366160e+02 
4.890787e-01 1.040231e+02 2.465724e+02 3.878137e+02 7.259444e+02 
4.958962e-01 1.017826e+02 2.422253e+02 3.817070e+02 7.164173e+02 
5.028087e-01 9.999044e+01 2.385826e+02 3.764600e+02 7.078582e+02 
5.098176e-01 9.845891e+01 2.353491e+02 3.717039e+02 6.998427e+02 
5.169242e-01 9.696653e+01 2.321800e+02 3.670121e+02 6.918732e+02 
5.241298e-01 9.531912e+01 2.287760e+02 3.620169e+02 6.835253e+02 
5.314359e-01 9.340227e+01 2.249621e+02 3.565090e+02 6.745699e+02 
5.388438e-01 9.122517e+01 2.207530e+02 3.505160e+02 6.650699e+02 
5.463550e-01 8.891008e+01 2.163347e+02 3.442775e+02 6.553429e+02 
5.539709e-01 8.662038e+01 2.119533e+02 3.381068e+02 6.457791e+02 
5.616930e-01 8.450210e+01 2.078260e+02 3.322794e+02 6.367028e+02 
5.695227e-01 8.264003e+01 2.040752e+02 3.269529e+02 6.282750e+02 
5.774615e-01 8.102155e+01 2.006754e+02 3.221030e+02 6.204216e+02 
5.855110e-01 7.954998e+01 1.974764e+02 3.175511e+02 6.128770e+02 
5.936727e-01 7.810134e+01 1.942902e+02 3.130703e+02 6.053250e+02 
6.019482e-01 7.656417e+01 1.909518e+02 3.084578e+02 5.974936e+02 
6.103390e-01 7.488461e+01 1.873869e+02 3.036150e+02 5.892577e+02 
6.188468e-01 7.309723e+01 1.836552e+02 2.986015e+02 5.807029e+02 
6.274732e-01 7.128752e+01 1.798932e+02 2.935657e+02 5.720350e+02 
6.362198e-01 6.955415e+01 1.762562e+02 2.886769e+02 5.634900e+02 
6.450884e-01 6.797518e+01 1.728680e+02 2.840655e+02 5.552568e+02 
6.540806e-01 6.653854e+01 1.697179e+02 2.797024e+02 5.473292e+02 
6.631981e-01 6.521105e+01 1.667638e+02 2.755233e+02 5.396557e+02 
6.724427e-01 6.391621e+01 1.638990e+02 2.713909e+02 5.320940e+02 
6.818162e-01 6.259946e+01 1.610480e+02 2.672096e+02 5.245453e+02 
6.913204e-01 6.128268e+01 1.582435e+02 2.630188e+02 5.170616e+02 
7.009570e-01 5.999024e+01 1.555188e+02 2.588625e+02 5.096884e+02 
7.107280e-01 5.874275e+01 1.528994e+02 2.547785e+02 5.024537e+02 
7.206351e-01 5.754516e+01 1.503861e+02 2.507782e+02 4.953484e+02 
7.306804e-01 5.639914e+01 1.479743e+02 2.468673e+02 4.883562e+02 
7.408657e-01 5.530627e+01 1.456587e+02 2.430516e+02 4.814629e+02 
7.511929e-01 5.426166e+01 1.434253e+02 2.393257e+02 4.746476e+02 
7.616642e-01 5.325235e+01 1.412490e+02 2.356708e+02 4.678826e+02 
7.722814e-01 5.226408e+01 1.391048e+02 2.320666e+02 4.611462e+02 
7.830465e-01 5.128401e+01 1.369702e+02 2.284951e+02 4.544265e+02 
7.939618e-01 5.031384e+01 1.348448e+02 2.249614e+02 4.477411e+02 
8.050292e-01 4.936183e+01 1.327379e+02 2.214808e+02 4.411186e+02 
8.162509e-01 4.843697e+01 1.306610e+02 2.180685e+02 4.345861e+02 
8.276289e-01 4.754366e+01 1.286201e+02 2.147315e+02 4.281581e+02 
8.391656e-01 4.667537e+01 1.266068e+02 2.114597e+02 4.218275e+02 
8.508632e-01 4.582376e+01 1.246114e+02 2.082397e+02 4.155819e+02 
8.627237e-01 4.498041e+01 1.226245e+02 2.050586e+02 4.094080e+02 
8.747496e-01 4.414267e+01 1.206453e+02 2.019115e+02 4.033014e+02 
8.869432e-01 4.331266e+01 1.186794e+02 1.988005e+02 3.972655e+02 
8.993067e-01 4.249318e+01 1.167330e+02 1.957283e+02 3.913057e+02 
9.118425e-01 4.168694e+01 1.148119e+02 1.926968e+02 3.854277e+02 
9.245531e-01 4.089447e+01 1.129190e+02 1.897047e+02 3.796347e+02 
9.374409e-01 4.011595e+01 1.110557e+02 1.867495e+02 3.739290e+02 
9.505083e-01 3.935181e+01 1.092239e+02 1.838295e+02 3.683120e+02 
9.637579e-01 3.860303e+01 1.074253e+02 1.809438e+02 3.627843e+02 
9.771921e-01 3.787102e+01 1.056616e+02 1.780924e+02 3.573456e+02 
9.908137e-01 3.715696e+01 1.039338e+02 1.752755e+02 3.519932e+02 
1.004625e+00 3.646168e+01 1.022422e+02 1.724935e+02 3.467233e+02 
1.018629e+00 3.578604e+01 1.005866e+02 1.697476e+02 3.415316e+02 
1.032828e+00 3.513064e+01 9.896651e+01 1.670393e+02 3.364139e+02 
1.047225e+00 3.449543e+01 9.738058e+01 1.643700e+02 3.313658e+02 
1.061823e+00 3.387962e+01 9.582681e+01 1.617406e+02 3.263837e+02 
1.076624e+00 3.328151e+01 9.430233e+01 1.591508e+02 3.214636e+02 
1.091632e+00 3.269902e+01 9.280418e+01 1.566006e+02 3.166031e+02 
1.106848e+00 3.212988e+01 9.132954e+01 1.540891e+02 3.118000e+02 
1.122277e+00 3.157220e+01 8.987623e+01 1.516158e+02 3.070529e+02 
1.137921e+00 3.102455e+01 8.844284e+01 1.491802e+02 3.023610e+02 
1.153783e+00 3.048574e+01 8.702821e+01 1.467816e+02 2.977228e+02 
1.169866e+00 2.995488e+01 8.563150e+01 1.444191e+02 2.931368e+02 
1.186174e+00 2.943150e+01 8.425212e+01 1.420920e+02 2.886007e+02 
1.202708e+00 2.891536e+01 8.288958e+01 1.397991e+02 2.841118e+02 
1.219473e+00 2.840649e+01 8.154345e+01 1.375393e+02 2.796673e+02 
1.236472e+00 2.790503e+01 8.021334e+01 1.353115e+02 2.752644e+02 
1.253708e+00 2.741125e+01 7.889887e+01 1.331150e+02 2.709004e+02 
1.271184e+00 2.692542e+01 7.759974e+01 1.309485e+02 2.665729e+02 
1.288904e+00 2.644766e+01 7.631563e+01 1.288113e+02 2.622799e+02 
1.306870e+00 2.597810e+01 7.504637e+01 1.267027e+02 2.580197e+02 
1.325087e+00 2.551673e+01 7.379185e+01 1.246219e+02 2.537909e+02 
1.343558e+00 2.506336e+01 7.255199e+01 1.225684e+02 2.495921e+02 
1.362287e+00 2.461771e+01 7.132673e+01 1.205418e+02 2.454233e+02 
1.381276e+00 2.417943e+01 7.011610e+01 1.185415e+02 2.412842e+02 
1.400531e+00 2.374817e+01 6.892019e+01 1.165671e+02 2.371758e+02 
1.420053e+00 2.332360e+01 6.773914e+01 1.146181e+02 2.330996e+02 
1.439848e+00 2.290546e+01 6.657331e+01 1.126942e+02 2.290580e+02 
1.459919e+00 2.249374e+01 6.542313e+01 1.107948e+02 2.250538e+02 
1.480269e+00 2.208842e+01 6.428918e+01 1.089197e+02 2.210898e+02 
1.500903e+00 2.168966e+01 6.317200e+01 1.070683e+02 2.171692e+02 
1.521825e+00 2.129768e+01 6.207221e+01 1.052403e+02 2.132947e+02 
1.543038e+00 2.091274e+01 6.099031e+01 1.034355e+02 2.094687e+02 
1.564548e+00 2.053508e+01 5.992667e+01 1.016532e+02 2.056929e+02 
1.586357e+00 2.016492e+01 5.888147e+01 9.989337e+01 2.019691e+02 
1.608469e+00 1.980240e+01 5.785471e+01 9.815570e+01 1.982985e+02 
1.630891e+00 1.944760e+01 5.684618e+01 9.658804e+01 1.946820e+02 
1.653624e+00 1.910047e+01 5.585543e+01 9.474588e+01 1.911201e+02 
1.676675e+00 1.876087e+01 5.488187e+01 9.307336e+01 1.876134e+02 
1.700047e+00 1.842858e+01 5.392470e+01 9.142221e+01 1.841617e+02 
1.723745e+00 1.810330e+01 5.298308e+01 8.979227e+01 1.807642e+02 
1.747773e+00 1.778469e+01 5.205607e+01 8.818339e+01 1.774200e+02 
1.772136e+00 1.747239e+01 5.114280e+01 8.659542e+01 1.741272e+02 
1.796838e+00 1.716607e+01 5.024245e+01 8.502820e+01 1.708836e+02 
1.821885e+00 1.686541e+01 4.935432e+01 8.348156e+01 1.676870e+02 
1.847281e+00 1.657012e+01 4.847788e+01 8.195535e+01 1.645348e+02 
1.873032e+00 1.628000e+01 4.761277e+01 8.044938e+01 1.614248e+02 
1.899141e+00 1.599485e+01 4.675879e+01 7.896349e+01 1.583551e+02 
1.925614e+00 1.571455e+01 4.591590e+01 7.749750e+01 1.553243e+02 
1.952456e+00 1.543898e+01 4.508418e+01 7.605123e+01 1.523314e+02 
1.979672e+00 1.516807e+01 4.426382e+01 7.462455e+01 1.493760e+02 
2.007267e+00 1.490171e+01 4.345503e+01 7.321725e+01 1.464578e+02 
2.035248e+00 1.463980e+01 4.265801e+01 7.182916e+01 1.435765e+02 
2.063618e+00 1.438221e+01 4.187290e+01 7.046014e+01 1.407323e+02 
2.092383e+00 1.412880e+01 4.109978e+01 6.911001e+01 1.379249e+02 
2.121550e+00 1.387938e+01 4.033854e+01 6.777862e+01 1.351543e+02 
2.151123e+00 1.363378e+01 3.958898e+01 6.646582e+01 1.324204e+02 
2.181109e+00 1.339183e+01 3.885082e+01 6.517147e+01 1.297232e+02 
2.211512e+00 1.315336e+01 3.812360e+01 6.389544e+01 1.270627e+02 
2.242340e+00 1.291823e+01 3.740692e+01 6.263758e+01 1.244390e+02 
2.273597e+00 1.268636e+01 3.670032e+01 6.139777e+01 1.218525e+02 
2.305289e+00 1.245770e+01 3.600345e+01 6.017589e+01 1.193034e+02 
2.337424e+00 1.223221e+01 3.531605e+01 5.897179e+01 1.167922e+02 
2.370006e+00 1.200995e+01 3.463797e+01 5.778537e+01 1.143189e+02 
2.403043e+00 1.179103e+01 3.396920e+01 5.661654e+01 1.118833e+02 
2.436540e+00 1.157550e+01 3.330983e+01 5.546518e+01 1.094859e+02 
2.470504e+00 1.136348e+01 3.266001e+01 5.433121e+01 1.071262e+02 
2.504942e+00 1.115504e+01 3.201992e+01 5.321453e+01 1.048035e+02 
2.539859e+00 1.095022e+01 3.138972e+01 5.211506e+01 1.025180e+02 
2.575263e+00 1.074900e+01 3.076953e+01 5.103269e+01 1.002695e+02 
2.611161e+00 1.055133e+01 3.015935e+01 4.996732e+01 9.805699e+01 
2.647559e+00 1.035711e+01 2.955916e+01 4.891883e+01 9.588075e+01 
2.684465e+00 1.016621e+01 2.896878e+01 4.788707e+01 9.374080e+01 
2.721885e+00 9.978480e+00 2.838804e+01 4.687189e+01 9.163736e+01 
2.759826e+00 9.793766e+00 2.781667e+01 4.587315e+01 8.957059e+01 
2.798297e+00 9.611923e+00 2.725439e+01 4.489067e+01 8.754071e+01 
2.837304e+00 9.432820e+00 2.670096e+01 4.392429e+01 8.554772e+01 
2.876854e+00 9.256351e+00 2.615611e+01 4.297385e+01 8.359151e+01 
2.916956e+00 9.082442e+00 2.561962e+01 4.203919e+01 8.167174e+01 
2.957617e+00 8.911043e+00 2.509130e+01 4.112015e+01 7.978793e+01 
2.998844e+00 8.742130e+00 2.457100e+01 4.021658e+01 7.793947e+01 
3.040646e+00 8.575691e+00 2.405858e+01 3.932828e+01 7.612574e+01 
3.083031e+00 8.411734e+00 2.355396e+01 3.845525e+01 7.434614e+01 
3.126007e+00 8.250262e+00 2.305703e+01 3.759721e+01 7.260010e+01 
3.169582e+00 8.091280e+00 2.256776e+01 3.675405e+01 7.088720e+01 
3.213764e+00 7.934790e+00 2.208607e+01 3.592563e+01 6.920706e+01 
3.258562e+00 7.780788e+00 2.161195e+01 3.511182e+01 6.755938e+01 
3.303985e+00 7.629259e+00 2.114538e+01 3.431247e+01 6.594387e+01 
3.350041e+00 7.480172e+00 2.068634e+01 3.352745e+01 6.436027e+01 
3.396739e+00 7.333508e+00 2.023483e+01 3.275663e+01 6.280827e+01 
3.444087e+00 7.189218e+00 1.979081e+01 3.199988e+01 6.128753e+01 
3.492096e+00 7.047264e+00 1.935431e+01 3.125706e+01 5.979772e+01 
3.540774e+00 6.907606e+00 1.892531e+01 3.052805e+01 5.833842e+01 
3.590130e+00 6.770202e+00 1.850379e+01 2.981271e+01 5.690954e+01 
3.640175e+00 6.635016e+00 1.808975e+01 2.911089e+01 5.550973e+01 
3.690917e+00 6.502013e+00 1.768315e+01 2.842245e+01 5.413914e+01 
3.742366e+00 6.371162e+00 1.728393e+01 2.774723e+01 5.279787e+01 
3.794533e+00 6.242434e+00 1.689207e+01 2.708509e+01 5.148454e+01 
3.847427e+00 6.115805e+00 1.650749e+01 2.643587e+01 5.019889e+01 
3.901058e+00 5.991249e+00 1.613008e+01 2.579936e+01 4.894039e+01 
3.955436e+00 5.868742e+00 1.575976e+01 2.517545e+01 4.770847e+01 
4.010573e+00 5.748255e+00 1.539641e+01 2.456394e+01 4.650262e+01 
4.066478e+00 5.629758e+00 1.503989e+01 2.396471e+01 4.532235e+01 
4.123163e+00 5.513216e+00 1.469007e+01 2.337752e+01 4.416724e+01 
4.180637e+00 5.398595e+00 1.434682e+01 2.280213e+01 4.303691e+01 
4.238913e+00 5.285854e+00 1.400998e+01 2.223858e+01 4.193104e+01 
4.298001e+00 5.174956e+00 1.367944e+01 2.168666e+01 4.084939e+01 
4.357913e+00 5.065867e+00 1.335508e+01 2.114613e+01 3.979170e+01 
4.418660e+00 4.958557e+00 1.303682e+01 2.061688e+01 3.875772e+01 
4.480254e+00 4.853006e+00 1.272460e+01 2.009877e+01 3.774721e+01 
4.542706e+00 4.749198e+00 1.241831e+01 1.959164e+01 3.675988e+01 
4.606029e+00 4.647126e+00 1.211797e+01 1.909535e+01 3.579541e+01 
4.670234e+00 4.546786e+00 1.182353e+01 1.860975e+01 3.485345e+01 
4.735335e+00 4.448176e+00 1.153496e+01 1.813469e+01 3.393364e+01 
4.801343e+00 4.351294e+00 1.125221e+01 1.767001e+01 3.300543e+01 
4.868271e+00 4.256137e+00 1.097524e+01 1.721558e+01 3.215890e+01 
4.936132e+00 4.162695e+00 1.070400e+01 1.677123e+01 3.130321e+01 
5.004939e+00 4.070950e+00 1.043840e+01 1.633680e+01 3.046811e+01 
5.074705e+00 3.980883e+00 1.017837e+01 1.591213e+01 2.965322e+01 
5.145444e+00 3.892471e+00 9.923827e+00 1.549706e+01 2.885812e+01 
5.217169e+00 3.805682e+00 9.674675e+00 1.509144e+01 2.808246e+01 
5.289893e+00 3.720489e+00 9.430824e+00 1.469508e+01 2.732581e+01 
5.363631e+00 3.636864e+00 9.192183e+00 1.430791e+01 2.658777e+01 
5.438397e+00 3.554772e+00 8.958664e+00 1.392958e+01 2.586794e+01 
5.514206e+00 3.474195e+00 8.730188e+00 1.356000e+01 2.516590e+01 
5.591071e+00 3.399098e+00 8.506672e+00 1.319917e+01 2.448126e+01 
5.669007e+00 3.317484e+00 8.288042e+00 1.284676e+01 2.381363e+01 
5.748030e+00 3.241306e+00 8.074223e+00 1.250266e+01 2.316260e+01 
5.828155e+00 3.166551e+00 7.865141e+00 1.216673e+01 2.252781e+01 
5.909396e+00 3.093199e+00 7.660719e+00 1.183880e+01 2.190890e+01 
5.991770e+00 3.021232e+00 7.460883e+00 1.151873e+01 2.130553e+01 
6.075292e+00 2.950630e+00 7.265555e+00 1.120636e+01 2.071737e+01 
6.159978e+00 2.881375e+00 7.074655e+00 1.090154e+01 2.014409e+01 
6.245845e+00 2.813451e+00 6.888109e+00 1.060413e+01 1.958465e+01 
6.332908e+00 2.746839e+00 6.705839e+00 1.031400e+01 1.904090e+01 
6.421186e+00 2.681525e+00 6.527775e+00 1.003098e+01 1.851043e+01 
6.510694e+00 2.617495e+00 6.353837e+00 9.754934e+00 1.799364e+01 
6.601449e+00 2.554731e+00 6.183952e+00 9.485729e+00 1.749021e+01 
6.693470e+00 2.493222e+00 6.018069e+00 9.223228e+00 1.699988e+01 
6.786773e+00 2.432950e+00 5.856108e+00 8.967370e+00 1.652235e+01 
6.881377e+00 2.373902e+00 5.698008e+00 8.717783e+00 1.605731e+01 
6.977300e+00 2.316061e+00 5.543702e+00 8.474580e+00 1.560448e+01 
7.074559e+00 2.259413e+00 5.393122e+00 8.237546e+00 1.516359e+01 
7.173175e+00 2.203938e+00 5.246200e+00 8.006568e+00 1.473434e+01 
7.273165e+00 2.149621e+00 5.102866e+00 7.781505e+00 1.431648e+01 
7.374549e+00 2.096440e+00 4.963049e+00 7.562232e+00 1.390965e+01 
7.477346e+00 2.044377e+00 4.826676e+00 7.348632e+00 1.351357e+01 
7.581576e+00 1.993412e+00 4.693673e+00 7.140573e+00 1.312811e+01 
7.687260e+00 1.943527e+00 4.563973e+00 6.937935e+00 1.298834e+01 
7.794416e+00 1.894700e+00 4.437497e+00 6.740597e+00 1.238768e+01 
7.903066e+00 1.846914e+00 4.314180e+00 6.548451e+00 1.203224e+01 
8.013230e+00 1.800150e+00 4.193953e+00 6.361359e+00 1.168633e+01 
8.124930e+00 1.754389e+00 4.076747e+00 6.179213e+00 1.134970e+01 
8.238187e+00 1.709616e+00 3.962496e+00 6.001896e+00 1.102216e+01 
8.353023e+00 1.665812e+00 3.851137e+00 5.829486e+00 1.070350e+01 
8.469460e+00 1.622961e+00 3.742606e+00 5.661300e+00 1.039350e+01 
8.587519e+00 1.581047e+00 3.636843e+00 5.497802e+00 1.009197e+01 
8.707225e+00 1.540055e+00 3.533787e+00 5.338695e+00 9.798690e+00 
8.828599e+00 1.499969e+00 3.433385e+00 5.183882e+00 9.513521e+00 
8.951665e+00 1.460775e+00 3.335579e+00 5.033232e+00 9.234109e+00 
9.076446e+00 1.422459e+00 3.240317e+00 4.886687e+00 8.966624e+00 
9.202967e+00 1.385007e+00 3.147544e+00 4.744132e+00 8.704527e+00 
9.331251e+00 1.348404e+00 3.057209e+00 4.605460e+00 8.449744e+00 
9.461324e+00 1.312636e+00 2.969260e+00 4.470590e+00 8.202086e+00 
9.593209e+00 1.277698e+00 2.883643e+00 4.339429e+00 7.961366e+00 
9.726934e+00 1.243565e+00 2.800307e+00 4.211874e+00 7.727402e+00 
9.862522e+00 1.210229e+00 2.719198e+00 4.087880e+00 7.499989e+00 
1.000000e+01 1.177678e+00 2.640267e+00 3.967303e+00 7.279024e+00 
