1.000000e-02 1.264093e+04 2.505146e+04 3.636518e+04 5.337029e+04 
1.013939e-02 1.276147e+04 2.512182e+04 3.622690e+04 5.295048e+04 
1.028073e-02 1.289804e+04 2.520108e+04 3.613087e+04 5.252669e+04 
1.042404e-02 1.304581e+04 2.528648e+04 3.607617e+04 5.210083e+04 
1.056935e-02 1.319899e+04 2.537377e+04 3.605916e+04 5.167482e+04 
1.071668e-02 1.335131e+04 2.545746e+04 3.607395e+04 5.125038e+04 
1.086606e-02 1.349641e+04 2.553127e+04 3.611256e+04 5.082890e+04 
1.101753e-02 1.362822e+04 2.558843e+04 3.616557e+04 5.041145e+04 
1.117111e-02 1.374133e+04 2.562218e+04 3.622267e+04 4.999873e+04 
1.132683e-02 1.383122e+04 2.562607e+04 3.627304e+04 4.959085e+04 
1.148472e-02 1.389446e+04 2.559438e+04 3.630614e+04 4.918749e+04 
1.164481e-02 1.392880e+04 2.552239e+04 3.631197e+04 4.878778e+04 
1.180713e-02 1.393319e+04 2.540668e+04 3.628173e+04 4.839039e+04 
1.197171e-02 1.390773e+04 2.524529e+04 3.620800e+04 4.799361e+04 
1.213859e-02 1.385355e+04 2.503784e+04 3.608510e+04 4.759527e+04 
1.230780e-02 1.377267e+04 2.478559e+04 3.590920e+04 4.719301e+04 
1.247936e-02 1.366782e+04 2.449140e+04 3.567845e+04 4.678431e+04 
1.265332e-02 1.354223e+04 2.415959e+04 3.539268e+04 4.636648e+04 
1.282970e-02 1.339947e+04 2.379575e+04 3.505357e+04 4.593696e+04 
1.300854e-02 1.324322e+04 2.340652e+04 3.466420e+04 4.549333e+04 
1.318987e-02 1.307712e+04 2.299917e+04 3.422887e+04 4.503344e+04 
1.337373e-02 1.290457e+04 2.258130e+04 3.375266e+04 4.455547e+04 
1.356015e-02 1.272863e+04 2.216037e+04 3.324117e+04 4.405798e+04 
1.374917e-02 1.255189e+04 2.174337e+04 3.270015e+04 4.354010e+04 
1.394083e-02 1.237636e+04 2.133635e+04 3.213517e+04 4.300137e+04 
1.413516e-02 1.220344e+04 2.094418e+04 3.155138e+04 4.244189e+04 
1.433219e-02 1.203394e+04 2.057029e+04 3.095329e+04 4.186225e+04 
1.453198e-02 1.186801e+04 2.021655e+04 3.034472e+04 4.126362e+04 
1.473454e-02 1.170530e+04 1.988323e+04 2.972869e+04 4.064751e+04 
1.493993e-02 1.154498e+04 1.956914e+04 2.910750e+04 4.001583e+04 
1.514819e-02 1.138589e+04 1.927183e+04 2.848289e+04 3.937088e+04 
1.535935e-02 1.122667e+04 1.898788e+04 2.785613e+04 3.871518e+04 
1.557345e-02 1.106592e+04 1.871328e+04 2.722826e+04 3.805144e+04 
1.579053e-02 1.090231e+04 1.844381e+04 2.660028e+04 3.738246e+04 
1.601064e-02 1.073476e+04 1.817545e+04 2.597337e+04 3.671115e+04 
1.623382e-02 1.056250e+04 1.790472e+04 2.534900e+04 3.604047e+04 
1.646012e-02 1.038518e+04 1.762897e+04 2.472911e+04 3.537329e+04 
1.668956e-02 1.020289e+04 1.734654e+04 2.411615e+04 3.471248e+04 
1.692220e-02 1.001620e+04 1.705692e+04 2.351300e+04 3.406080e+04 
1.715809e-02 9.826091e+03 1.676072e+04 2.292304e+04 3.342090e+04 
1.739726e-02 9.633946e+03 1.645960e+04 2.234996e+04 3.279539e+04 
1.763977e-02 9.441463e+03 1.615609e+04 2.179762e+04 3.218667e+04 
1.788566e-02 9.250563e+03 1.585337e+04 2.126999e+04 3.159701e+04 
1.813498e-02 9.063324e+03 1.555509e+04 2.077080e+04 3.102858e+04 
1.838777e-02 8.881859e+03 1.526504e+04 2.030353e+04 3.048329e+04 
1.864409e-02 8.708249e+03 1.498696e+04 1.987113e+04 2.996282e+04 
1.890397e-02 8.544459e+03 1.472432e+04 1.947596e+04 2.946855e+04 
1.916748e-02 8.392269e+03 1.448018e+04 1.911965e+04 2.900170e+04 
1.943467e-02 8.253212e+03 1.425703e+04 1.880306e+04 2.856299e+04 
1.970558e-02 8.128520e+03 1.405673e+04 1.852622e+04 2.815287e+04 
1.998026e-02 8.019071e+03 1.388050e+04 1.828832e+04 2.777132e+04 
2.025878e-02 7.925362e+03 1.372889e+04 1.808775e+04 2.741804e+04 
2.054117e-02 7.847454e+03 1.360178e+04 1.792210e+04 2.709214e+04 
2.082751e-02 7.784975e+03 1.349847e+04 1.778826e+04 2.679236e+04 
2.111783e-02 7.737088e+03 1.341767e+04 1.768253e+04 2.651707e+04 
2.141220e-02 7.702514e+03 1.335760e+04 1.760070e+04 2.626429e+04 
2.171068e-02 7.679539e+03 1.331601e+04 1.753815e+04 2.603160e+04 
2.201331e-02 7.666071e+03 1.329027e+04 1.749001e+04 2.581644e+04 
2.232016e-02 7.659695e+03 1.327740e+04 1.745126e+04 2.561599e+04 
2.263130e-02 7.657760e+03 1.327415e+04 1.741694e+04 2.542738e+04 
2.294676e-02 7.657469e+03 1.327707e+04 1.738217e+04 2.524759e+04 
2.326663e-02 7.656006e+03 1.328262e+04 1.734244e+04 2.507366e+04 
2.359095e-02 7.650652e+03 1.328725e+04 1.729363e+04 2.490284e+04 
2.391980e-02 7.638903e+03 1.328752e+04 1.723221e+04 2.473256e+04 
2.425323e-02 7.618571e+03 1.328016e+04 1.715527e+04 2.456042e+04 
2.459130e-02 7.587890e+03 1.326224e+04 1.706064e+04 2.438437e+04 
2.493409e-02 7.545555e+03 1.323120e+04 1.694692e+04 2.420271e+04 
2.528166e-02 7.490792e+03 1.318494e+04 1.681343e+04 2.401402e+04 
2.563407e-02 7.423348e+03 1.312191e+04 1.666027e+04 2.381724e+04 
2.599140e-02 7.343490e+03 1.304110e+04 1.648819e+04 2.361161e+04 
2.635371e-02 7.251953e+03 1.294210e+04 1.629857e+04 2.339677e+04 
2.672106e-02 7.149870e+03 1.282503e+04 1.609321e+04 2.317261e+04 
2.709354e-02 7.038676e+03 1.269051e+04 1.587427e+04 2.293920e+04 
2.747121e-02 6.920011e+03 1.253956e+04 1.564404e+04 2.269691e+04 
2.785414e-02 6.795601e+03 1.237356e+04 1.540489e+04 2.244621e+04 
2.824241e-02 6.667164e+03 1.219407e+04 1.515902e+04 2.218770e+04 
2.863610e-02 6.536318e+03 1.200281e+04 1.490842e+04 2.192206e+04 
2.903527e-02 6.404496e+03 1.180154e+04 1.465479e+04 2.165002e+04 
2.944000e-02 6.272889e+03 1.159196e+04 1.439949e+04 2.137246e+04 
2.985038e-02 6.142400e+03 1.137566e+04 1.414350e+04 2.109015e+04 
3.026648e-02 6.013631e+03 1.115404e+04 1.388740e+04 2.080387e+04 
3.068838e-02 5.886873e+03 1.092829e+04 1.363150e+04 2.051434e+04 
3.111616e-02 5.762158e+03 1.069942e+04 1.337587e+04 2.022231e+04 
3.154990e-02 5.639300e+03 1.046824e+04 1.312043e+04 1.992841e+04 
3.198969e-02 5.517955e+03 1.023542e+04 1.286506e+04 1.963323e+04 
3.243561e-02 5.397688e+03 1.000151e+04 1.260974e+04 1.933739e+04 
3.288774e-02 5.278046e+03 9.767051e+03 1.235459e+04 1.904154e+04 
3.334618e-02 5.158604e+03 9.532516e+03 1.209989e+04 1.874613e+04 
3.381101e-02 5.039015e+03 9.298390e+03 1.184610e+04 1.845158e+04 
3.428231e-02 4.919070e+03 9.065222e+03 1.159397e+04 1.815825e+04 
3.476019e-02 4.798729e+03 8.833666e+03 1.134448e+04 1.786661e+04 
3.524473e-02 4.678136e+03 8.604459e+03 1.109877e+04 1.757690e+04 
3.573602e-02 4.557612e+03 8.378456e+03 1.085816e+04 1.728947e+04 
3.623416e-02 4.437652e+03 8.156603e+03 1.062406e+04 1.700461e+04 
3.673925e-02 4.318881e+03 7.939925e+03 1.039790e+04 1.672271e+04 
3.725137e-02 4.202007e+03 7.729427e+03 1.018094e+04 1.644388e+04 
3.777064e-02 4.087798e+03 7.526120e+03 9.974340e+03 1.616831e+04 
3.829714e-02 3.977034e+03 7.330985e+03 9.779057e+03 1.589622e+04 
3.883098e-02 3.870468e+03 7.144934e+03 9.595824e+03 1.562783e+04 
3.937226e-02 3.768788e+03 6.968747e+03 9.425052e+03 1.536329e+04 
3.992109e-02 3.672583e+03 6.803073e+03 9.266888e+03 1.510278e+04 
4.047757e-02 3.582315e+03 6.648390e+03 9.121178e+03 1.484657e+04 
4.104181e-02 3.498277e+03 6.504927e+03 8.987411e+03 1.459475e+04 
4.161391e-02 3.420598e+03 6.372675e+03 8.864743e+03 1.434734e+04 
4.219398e-02 3.349264e+03 6.251431e+03 8.752125e+03 1.410437e+04 
4.278214e-02 3.284128e+03 6.140808e+03 8.648345e+03 1.386597e+04 
4.337850e-02 3.224920e+03 6.040234e+03 8.552052e+03 1.363225e+04 
4.398317e-02 3.171269e+03 5.948963e+03 8.461792e+03 1.340327e+04 
4.459628e-02 3.122725e+03 5.866131e+03 8.376109e+03 1.317913e+04 
4.521792e-02 3.078795e+03 5.790800e+03 8.293628e+03 1.296011e+04 
4.584824e-02 3.038958e+03 5.721973e+03 8.213047e+03 1.274642e+04 
4.648734e-02 3.002677e+03 5.658613e+03 8.133168e+03 1.253830e+04 
4.713535e-02 2.969417e+03 5.599690e+03 8.052957e+03 1.233601e+04 
4.779239e-02 2.938666e+03 5.544220e+03 7.971581e+03 1.213987e+04 
4.845859e-02 2.909939e+03 5.491269e+03 7.888363e+03 1.195013e+04 
4.913407e-02 2.882787e+03 5.439982e+03 7.802810e+03 1.176700e+04 
4.981898e-02 2.856737e+03 5.389495e+03 7.714464e+03 1.159041e+04 
5.051342e-02 2.831340e+03 5.339014e+03 7.622990e+03 1.142022e+04 
5.121755e-02 2.806194e+03 5.287865e+03 7.528195e+03 1.125611e+04 
5.193150e-02 2.780956e+03 5.235514e+03 7.430051e+03 1.109773e+04 
5.265540e-02 2.755340e+03 5.181581e+03 7.328700e+03 1.094473e+04 
5.338938e-02 2.729128e+03 5.125840e+03 7.224448e+03 1.079679e+04 
5.413360e-02 2.702184e+03 5.068230e+03 7.117718e+03 1.065349e+04 
5.488820e-02 2.674468e+03 5.008873e+03 7.009120e+03 1.051454e+04 
5.565331e-02 2.645997e+03 4.948000e+03 6.899327e+03 1.037965e+04 
5.642908e-02 2.616837e+03 4.885939e+03 6.789077e+03 1.024857e+04 
5.721568e-02 2.587098e+03 4.823035e+03 6.679021e+03 1.012085e+04 
5.801323e-02 2.556918e+03 4.759675e+03 6.569815e+03 9.996101e+03 
5.882190e-02 2.526470e+03 4.696271e+03 6.462095e+03 9.873975e+03 
5.964185e-02 2.495948e+03 4.633248e+03 6.356469e+03 9.754247e+03 
6.047322e-02 2.465530e+03 4.570945e+03 6.253371e+03 9.636481e+03 
6.131619e-02 2.435384e+03 4.509658e+03 6.153159e+03 9.520342e+03 
6.217090e-02 2.405646e+03 4.449614e+03 6.056073e+03 9.405505e+03 
6.303753e-02 2.376407e+03 4.390947e+03 5.962228e+03 9.291658e+03 
6.391624e-02 2.347691e+03 4.333649e+03 5.871504e+03 9.178239e+03 
6.480720e-02 2.319479e+03 4.277645e+03 5.783701e+03 9.064765e+03 
6.571058e-02 2.291704e+03 4.222793e+03 5.698528e+03 8.950774e+03 
6.662655e-02 2.264255e+03 4.168892e+03 5.615614e+03 8.835813e+03 
6.755528e-02 2.237013e+03 4.115718e+03 5.534537e+03 8.719393e+03 
6.849697e-02 2.209869e+03 4.063092e+03 5.454955e+03 8.601269e+03 
6.945178e-02 2.182694e+03 4.010819e+03 5.376511e+03 8.481243e+03 
7.041990e-02 2.155344e+03 3.958673e+03 5.298818e+03 8.359094e+03 
7.140151e-02 2.127663e+03 3.906393e+03 5.221441e+03 8.234503e+03 
7.239681e-02 2.099529e+03 3.853774e+03 5.144052e+03 8.107360e+03 
7.340598e-02 2.070840e+03 3.800648e+03 5.066399e+03 7.977687e+03 
7.442922e-02 2.041497e+03 3.746820e+03 4.988219e+03 7.845453e+03 
7.546673e-02 2.011398e+03 3.692071e+03 4.909223e+03 7.710563e+03 
7.651869e-02 1.980475e+03 3.636225e+03 4.829225e+03 7.573078e+03 
7.758532e-02 1.948709e+03 3.579202e+03 4.748188e+03 7.433306e+03 
7.866682e-02 1.916092e+03 3.520912e+03 4.666071e+03 7.291503e+03 
7.976339e-02 1.882622e+03 3.461275e+03 4.582851e+03 7.147914e+03 
8.087525e-02 1.848313e+03 3.400247e+03 4.498565e+03 7.002873e+03 
8.200261e-02 1.813209e+03 3.337856e+03 4.413344e+03 6.856860e+03 
8.314568e-02 1.777366e+03 3.274144e+03 4.327320e+03 6.710283e+03 
8.430468e-02 1.740861e+03 3.209209e+03 4.240668e+03 6.563587e+03 
8.547985e-02 1.703787e+03 3.143189e+03 4.153605e+03 6.417258e+03 
8.667139e-02 1.666250e+03 3.076266e+03 4.066384e+03 6.271827e+03 
8.787954e-02 1.628373e+03 3.008647e+03 3.979247e+03 6.127719e+03 
8.910453e-02 1.590311e+03 2.940604e+03 3.892490e+03 5.985434e+03 
9.034660e-02 1.552226e+03 2.872421e+03 3.806407e+03 5.845429e+03 
9.160598e-02 1.514288e+03 2.804410e+03 3.721314e+03 5.708201e+03 
9.288292e-02 1.476684e+03 2.736891e+03 3.637497e+03 5.574118e+03 
9.417766e-02 1.439622e+03 2.670220e+03 3.555282e+03 5.443616e+03 
9.549045e-02 1.403300e+03 2.604734e+03 3.474971e+03 5.317071e+03 
9.682153e-02 1.367926e+03 2.540797e+03 3.396905e+03 5.194939e+03 
9.817117e-02 1.333711e+03 2.478751e+03 3.321384e+03 5.077542e+03 
9.953962e-02 1.300869e+03 2.418954e+03 3.248741e+03 4.965284e+03 
1.009272e-01 1.269571e+03 2.361689e+03 3.179236e+03 4.858445e+03 
1.023340e-01 1.239976e+03 2.307225e+03 3.113124e+03 4.757318e+03 
1.037605e-01 1.212224e+03 2.255788e+03 3.050608e+03 4.662087e+03 
1.052069e-01 1.186434e+03 2.207579e+03 2.991883e+03 4.572951e+03 
1.066734e-01 1.162639e+03 2.162648e+03 2.936968e+03 4.489850e+03 
1.081604e-01 1.140831e+03 2.120991e+03 2.885826e+03 4.412657e+03 
1.096681e-01 1.120981e+03 2.082548e+03 2.838351e+03 4.341136e+03 
1.111968e-01 1.103009e+03 2.047188e+03 2.794364e+03 4.274975e+03 
1.127468e-01 1.086758e+03 2.014655e+03 2.753533e+03 4.213636e+03 
1.143184e-01 1.072043e+03 1.984634e+03 2.715462e+03 4.156508e+03 
1.159120e-01 1.058638e+03 1.956757e+03 2.679676e+03 4.102866e+03 
1.175277e-01 1.046303e+03 1.930618e+03 2.645681e+03 4.051969e+03 
1.191660e-01 1.034770e+03 1.905787e+03 2.612943e+03 4.003040e+03 
1.208271e-01 1.023743e+03 1.881785e+03 2.580879e+03 3.955217e+03 
1.225114e-01 1.012937e+03 1.858149e+03 2.548922e+03 3.907668e+03 
1.242191e-01 1.002103e+03 1.834493e+03 2.516616e+03 3.859737e+03 
1.259506e-01 9.909832e+02 1.810419e+03 2.483502e+03 3.810749e+03 
1.277063e-01 9.793329e+02 1.785553e+03 2.449137e+03 3.760049e+03 
1.294865e-01 9.669692e+02 1.759624e+03 2.413224e+03 3.707186e+03 
1.312915e-01 9.537235e+02 1.732389e+03 2.375497e+03 3.651744e+03 
1.331216e-01 9.394542e+02 1.703655e+03 2.335753e+03 3.593386e+03 
1.349772e-01 9.240993e+02 1.673350e+03 2.293946e+03 3.532011e+03 
1.368587e-01 9.076268e+02 1.641450e+03 2.250081e+03 3.467582e+03 
1.387665e-01 8.900406e+02 1.607985e+03 2.204230e+03 3.400155e+03 
1.407008e-01 8.714216e+02 1.573114e+03 2.156630e+03 3.330039e+03 
1.426621e-01 8.518790e+02 1.537025e+03 2.107546e+03 3.257592e+03 
1.446507e-01 8.315597e+02 1.499961e+03 2.057308e+03 3.183279e+03 
1.466671e-01 8.106664e+02 1.462254e+03 2.006364e+03 3.107753e+03 
1.487115e-01 7.894286e+02 1.424282e+03 1.955213e+03 3.031749e+03 
1.507845e-01 7.680831e+02 1.386416e+03 1.904342e+03 2.956015e+03 
1.528864e-01 7.468794e+02 1.349053e+03 1.854268e+03 2.881348e+03 
1.550175e-01 7.260758e+02 1.312600e+03 1.805527e+03 2.808586e+03 
1.571784e-01 7.059123e+02 1.277441e+03 1.758617e+03 2.738503e+03 
1.593694e-01 6.866190e+02 1.243936e+03 1.714009e+03 2.671872e+03 
1.615909e-01 6.683932e+02 1.212395e+03 1.672110e+03 2.609357e+03 
1.638434e-01 6.513688e+02 1.183025e+03 1.633186e+03 2.551398e+03 
1.661273e-01 6.356588e+02 1.156006e+03 1.597469e+03 2.498374e+03 
1.684430e-01 6.212700e+02 1.131332e+03 1.564942e+03 2.450297e+03 
1.707910e-01 6.081656e+02 1.108929e+03 1.535497e+03 2.407020e+03 
1.731717e-01 5.962494e+02 1.088626e+03 1.508895e+03 2.368179e+03 
1.755856e-01 5.853637e+02 1.070152e+03 1.484754e+03 2.333167e+03 
1.780332e-01 5.753234e+02 1.053184e+03 1.462636e+03 2.301314e+03 
1.805149e-01 5.659221e+02 1.037368e+03 1.442052e+03 2.271850e+03 
1.830312e-01 5.569429e+02 1.022334e+03 1.422490e+03 2.243952e+03 
1.855825e-01 5.481880e+02 1.007741e+03 1.403479e+03 2.216862e+03 
1.881694e-01 5.394542e+02 9.932388e+02 1.384541e+03 2.189829e+03 
1.907924e-01 5.305517e+02 9.784962e+02 1.365217e+03 2.162112e+03 
1.934520e-01 5.212960e+02 9.631895e+02 1.345055e+03 2.132963e+03 
1.961486e-01 5.115480e+02 9.470688e+02 1.323708e+03 2.101804e+03 
1.988828e-01 5.011991e+02 9.299329e+02 1.300900e+03 2.068193e+03 
2.016551e-01 4.902220e+02 9.117205e+02 1.276545e+03 2.031994e+03 
2.044661e-01 4.786530e+02 8.924791e+02 1.250711e+03 1.993296e+03 
2.073162e-01 4.666118e+02 8.724022e+02 1.223666e+03 1.952558e+03 
2.102061e-01 4.542767e+02 8.517861e+02 1.195836e+03 1.910507e+03 
2.131362e-01 4.418458e+02 8.309636e+02 1.167691e+03 1.867933e+03 
2.161073e-01 4.295284e+02 8.102886e+02 1.139725e+03 1.825645e+03 
2.191197e-01 4.175027e+02 7.900641e+02 1.112367e+03 1.784369e+03 
2.221741e-01 4.059299e+02 7.705665e+02 1.086014e+03 1.744776e+03 
2.252711e-01 3.949370e+02 7.520137e+02 1.060972e+03 1.707376e+03 
2.284112e-01 3.846301e+02 7.345890e+02 1.037497e+03 1.672569e+03 
2.315951e-01 3.750791e+02 7.184165e+02 1.015769e+03 1.640668e+03 
2.348235e-01 3.663062e+02 7.035372e+02 9.958527e+02 1.611782e+03 
2.380968e-01 3.582799e+02 6.898990e+02 9.776770e+02 1.585787e+03 
2.414157e-01 3.509071e+02 6.773378e+02 9.610076e+02 1.562254e+03 
2.447809e-01 3.440500e+02 6.656148e+02 9.455165e+02 1.540635e+03 
2.481930e-01 3.375419e+02 6.544389e+02 9.307961e+02 1.520231e+03 
2.516527e-01 3.312190e+02 6.435231e+02 9.164421e+02 1.500339e+03 
2.551606e-01 3.249334e+02 6.326055e+02 9.020752e+02 1.480265e+03 
2.587174e-01 3.185653e+02 6.214806e+02 8.874104e+02 1.459530e+03 
2.623238e-01 3.120255e+02 6.099956e+02 8.722297e+02 1.437750e+03 
2.659804e-01 3.052634e+02 5.980656e+02 8.564087e+02 1.414699e+03 
2.696881e-01 2.982834e+02 5.857018e+02 8.399518e+02 1.390351e+03 
2.734474e-01 2.911364e+02 5.730058e+02 8.230102e+02 1.364999e+03 
2.772591e-01 2.839208e+02 5.601612e+02 8.058430e+02 1.339100e+03 
2.811239e-01 2.767592e+02 5.473936e+02 7.887690e+02 1.313217e+03 
2.850426e-01 2.697748e+02 5.349262e+02 7.720977e+02 1.287881e+03 
2.890160e-01 2.630705e+02 5.229524e+02 7.561126e+02 1.263623e+03 
2.930447e-01 2.567194e+02 5.116072e+02 7.410046e+02 1.240788e+03 
2.971296e-01 2.507612e+02 5.009634e+02 7.268751e+02 1.219560e+03 
3.012714e-01 2.452013e+02 4.910306e+02 7.137324e+02 1.199951e+03 
3.054710e-01 2.400078e+02 4.817571e+02 7.015087e+02 1.181872e+03 
3.097291e-01 2.351152e+02 4.730265e+02 6.900366e+02 1.165037e+03 
3.140465e-01 2.304336e+02 4.646771e+02 6.790800e+02 1.149032e+03 
3.184242e-01 2.258627e+02 4.565270e+02 6.683736e+02 1.133385e+03 
3.228628e-01 2.213081e+02 4.484106e+02 6.576824e+02 1.117701e+03 
3.273634e-01 2.167041e+02 4.402092e+02 6.468336e+02 1.101676e+03 
3.319266e-01 2.120182e+02 4.318613e+02 6.357319e+02 1.085131e+03 
3.365535e-01 2.072564e+02 4.233764e+02 6.243887e+02 1.068085e+03 
3.412449e-01 2.024554e+02 4.148226e+02 6.129051e+02 1.050730e+03 
3.460016e-01 1.976725e+02 4.063022e+02 6.014281e+02 1.033328e+03 
3.508247e-01 1.929759e+02 3.979337e+02 5.901248e+02 1.016162e+03 
3.557150e-01 1.884276e+02 3.898286e+02 5.791579e+02 9.995251e+02 
3.606735e-01 1.840758e+02 3.820752e+02 5.686593e+02 9.836587e+02 
3.657011e-01 1.799446e+02 3.747160e+02 5.586919e+02 9.686724e+02 
3.707988e-01 1.760266e+02 3.677339e+02 5.492274e+02 9.545007e+02 
3.759675e-01 1.722867e+02 3.610666e+02 5.401805e+02 9.409946e+02 
3.812083e-01 1.686774e+02 3.546305e+02 5.314337e+02 9.279480e+02 
3.865221e-01 1.651516e+02 3.483406e+02 5.228657e+02 9.151409e+02 
3.919100e-01 1.616729e+02 3.421268e+02 5.143725e+02 9.023710e+02 
3.973730e-01 1.582152e+02 3.359446e+02 5.058949e+02 8.895397e+02 
4.029122e-01 1.547650e+02 3.297705e+02 4.974024e+02 8.765933e+02 
4.085286e-01 1.513338e+02 3.236250e+02 4.889273e+02 8.635889e+02 
4.142232e-01 1.479547e+02 3.175625e+02 4.805460e+02 8.506502e+02 
4.199973e-01 1.446625e+02 3.116500e+02 4.723618e+02 8.379742e+02 
4.258518e-01 1.414838e+02 3.059350e+02 4.644469e+02 8.256929e+02 
4.317880e-01 1.384253e+02 3.004291e+02 4.568198e+02 8.138419e+02 
4.378069e-01 1.354864e+02 2.951261e+02 4.494680e+02 8.023894e+02 
4.439097e-01 1.326558e+02 2.900100e+02 4.423744e+02 7.913209e+02 
4.500975e-01 1.299142e+02 2.850453e+02 4.354886e+02 7.805512e+02 
4.563716e-01 1.272310e+02 2.801761e+02 4.287304e+02 7.699415e+02 
4.627332e-01 1.245869e+02 2.753634e+02 4.220396e+02 7.593807e+02 
4.691835e-01 1.219805e+02 2.706088e+02 4.154229e+02 7.488969e+02 
4.757236e-01 1.194149e+02 2.659172e+02 4.088873e+02 7.385076e+02 
4.823549e-01 1.168941e+02 2.612951e+02 4.024415e+02 7.282315e+02 
4.890787e-01 1.144323e+02 2.567655e+02 3.961155e+02 7.181204e+02 
4.958962e-01 1.120451e+02 2.523595e+02 3.899580e+02 7.082703e+02 
5.028087e-01 1.097337e+02 2.480792e+02 3.839700e+02 6.986880e+02 
5.098176e-01 1.074902e+02 2.439101e+02 3.781298e+02 6.893338e+02 
5.169242e-01 1.053059e+02 2.398347e+02 3.724103e+02 6.801586e+02 
5.241298e-01 1.031743e+02 2.358448e+02 3.668018e+02 6.711531e+02 
5.314359e-01 1.010862e+02 2.319241e+02 3.612809e+02 6.622763e+02 
5.388438e-01 9.903407e+01 2.280586e+02 3.558259e+02 6.534886e+02 
5.463550e-01 9.702340e+01 2.242581e+02 3.504507e+02 6.448128e+02 
5.539709e-01 9.505939e+01 2.205345e+02 3.451747e+02 6.362867e+02 
5.616930e-01 9.314382e+01 2.168918e+02 3.400038e+02 6.279189e+02 
5.695227e-01 9.127829e+01 2.133319e+02 3.349397e+02 6.197084e+02 
5.774615e-01 8.946432e+01 2.098582e+02 3.299876e+02 6.116631e+02 
5.855110e-01 8.769523e+01 2.064610e+02 3.251354e+02 6.037637e+02 
5.936727e-01 8.596657e+01 2.031328e+02 3.203731e+02 5.959911e+02 
6.019482e-01 8.427665e+01 1.998695e+02 3.156934e+02 5.883308e+02 
6.103390e-01 8.262231e+01 1.966666e+02 3.110911e+02 5.807733e+02 
6.188468e-01 8.100419e+01 1.935266e+02 3.065710e+02 5.733289e+02 
6.274732e-01 7.942546e+01 1.904554e+02 3.021418e+02 5.660115e+02 
6.362198e-01 7.788511e+01 1.874493e+02 2.977971e+02 5.588080e+02 
6.450884e-01 7.638223e+01 1.845081e+02 2.935376e+02 5.517212e+02 
6.540806e-01 7.491538e+01 1.816295e+02 2.893614e+02 5.447496e+02 
6.631981e-01 7.348259e+01 1.788103e+02 2.852635e+02 5.378854e+02 
6.724427e-01 7.208293e+01 1.760464e+02 2.812377e+02 5.311166e+02 
6.818162e-01 7.071559e+01 1.733379e+02 2.772852e+02 5.244480e+02 
6.913204e-01 6.937911e+01 1.706823e+02 2.734031e+02 5.178763e+02 
7.009570e-01 6.807313e+01 1.680788e+02 2.695904e+02 5.114006e+02 
7.107280e-01 6.679700e+01 1.655239e+02 2.658417e+02 5.050106e+02 
7.206351e-01 6.555063e+01 1.630191e+02 2.621603e+02 4.987145e+02 
7.306804e-01 6.433342e+01 1.605633e+02 2.585447e+02 4.925110e+02 
7.408657e-01 6.314454e+01 1.581548e+02 2.549930e+02 4.863968e+02 
7.511929e-01 6.198270e+01 1.557894e+02 2.514987e+02 4.803606e+02 
7.616642e-01 6.084737e+01 1.534679e+02 2.480639e+02 4.744084e+02 
7.722814e-01 5.973793e+01 1.511892e+02 2.446872e+02 4.685379e+02 
7.830465e-01 5.865371e+01 1.489517e+02 2.413663e+02 4.627460e+02 
7.939618e-01 5.759370e+01 1.467527e+02 2.380971e+02 4.570250e+02 
8.050292e-01 5.655762e+01 1.445930e+02 2.348810e+02 4.513795e+02 
8.162509e-01 5.554499e+01 1.424717e+02 2.317171e+02 4.458081e+02 
8.276289e-01 5.455518e+01 1.403875e+02 2.286029e+02 4.403071e+02 
8.391656e-01 5.358734e+01 1.383384e+02 2.255353e+02 4.348716e+02 
8.508632e-01 5.264125e+01 1.363250e+02 2.225154e+02 4.295048e+02 
8.627237e-01 5.171633e+01 1.343465e+02 2.195419e+02 4.242044e+02 
8.747496e-01 5.081179e+01 1.324013e+02 2.166121e+02 4.189665e+02 
8.869432e-01 4.992691e+01 1.304881e+02 2.137236e+02 4.137880e+02 
8.993067e-01 4.906144e+01 1.286073e+02 2.108773e+02 4.086706e+02 
9.118425e-01 4.821487e+01 1.267582e+02 2.080719e+02 4.036124e+02 
9.245531e-01 4.738643e+01 1.249394e+02 2.053050e+02 3.986097e+02 
9.374409e-01 4.657561e+01 1.231501e+02 2.025755e+02 3.936608e+02 
9.505083e-01 4.578218e+01 1.213907e+02 1.998836e+02 3.887663e+02 
9.637579e-01 4.500564e+01 1.196604e+02 1.972286e+02 3.839245e+02 
9.771921e-01 4.424527e+01 1.179579e+02 1.946081e+02 3.791321e+02 
9.908137e-01 4.350069e+01 1.162828e+02 1.920216e+02 3.743880e+02 
1.004625e+00 4.277162e+01 1.146349e+02 1.894692e+02 3.696922e+02 
1.018629e+00 4.205755e+01 1.130137e+02 1.869500e+02 3.650430e+02 
1.032828e+00 4.135783e+01 1.114177e+02 1.844617e+02 3.604374e+02 
1.047225e+00 4.067207e+01 1.098465e+02 1.820045e+02 3.558751e+02 
1.061823e+00 4.000030e+01 1.083001e+02 1.795778e+02 3.513556e+02 
1.076624e+00 3.934194e+01 1.067776e+02 1.771810e+02 3.468775e+02 
1.091632e+00 3.869640e+01 1.052775e+02 1.748120e+02 3.424380e+02 
1.106848e+00 3.806352e+01 1.037998e+02 1.724709e+02 3.380376e+02 
1.122277e+00 3.744297e+01 1.023440e+02 1.701571e+02 3.336749e+02 
1.137921e+00 3.683437e+01 1.009093e+02 1.678698e+02 3.293491e+02 
1.153783e+00 3.623720e+01 9.949441e+01 1.656074e+02 3.250580e+02 
1.169866e+00 3.565139e+01 9.809927e+01 1.633699e+02 3.208016e+02 
1.186174e+00 3.507663e+01 9.672335e+01 1.611569e+02 3.165794e+02 
1.202708e+00 3.451262e+01 9.536605e+01 1.589676e+02 3.123903e+02 
1.219473e+00 3.395884e+01 9.402614e+01 1.568007e+02 3.082323e+02 
1.236472e+00 3.341522e+01 9.270373e+01 1.546565e+02 3.041060e+02 
1.253708e+00 3.288146e+01 9.139825e+01 1.525344e+02 3.000105e+02 
1.271184e+00 3.235727e+01 9.010918e+01 1.504338e+02 2.959449e+02 
1.288904e+00 3.184219e+01 8.883561e+01 1.483538e+02 2.919081e+02 
1.306870e+00 3.133619e+01 8.757765e+01 1.462945e+02 2.879002e+02 
1.325087e+00 3.083900e+01 8.633489e+01 1.442557e+02 2.839206e+02 
1.343558e+00 3.035041e+01 8.510694e+01 1.422368e+02 2.799688e+02 
1.362287e+00 2.987007e+01 8.389322e+01 1.402374e+02 2.760440e+02 
1.381276e+00 2.939795e+01 8.269382e+01 1.382575e+02 2.721463e+02 
1.400531e+00 2.893388e+01 8.150848e+01 1.362969e+02 2.682754e+02 
1.420053e+00 2.847759e+01 8.033682e+01 1.343552e+02 2.644308e+02 
1.439848e+00 2.802883e+01 7.917843e+01 1.324318e+02 2.606122e+02 
1.459919e+00 2.758664e+01 7.803334e+01 1.305270e+02 2.568193e+02 
1.480269e+00 2.715353e+01 7.690136e+01 1.286404e+02 2.530523e+02 
1.500903e+00 2.672660e+01 7.578215e+01 1.267717e+02 2.493107e+02 
1.521825e+00 2.630655e+01 7.467545e+01 1.249208e+02 2.455944e+02 
1.543038e+00 2.589334e+01 7.358125e+01 1.230873e+02 2.419034e+02 
1.564548e+00 2.548682e+01 7.249941e+01 1.212713e+02 2.382377e+02 
1.586357e+00 2.508678e+01 7.142960e+01 1.194724e+02 2.345971e+02 
1.608469e+00 2.469308e+01 7.037166e+01 1.176904e+02 2.309817e+02 
1.630891e+00 2.430567e+01 6.932554e+01 1.159252e+02 2.273916e+02 
1.653624e+00 2.392443e+01 6.829110e+01 1.141767e+02 2.238266e+02 
1.676675e+00 2.354911e+01 6.726802e+01 1.124444e+02 2.202872e+02 
1.700047e+00 2.317965e+01 6.625618e+01 1.107285e+02 2.167730e+02 
1.723745e+00 2.281594e+01 6.525551e+01 1.090286e+02 2.132845e+02 
1.747773e+00 2.245785e+01 6.426583e+01 1.073447e+02 2.098218e+02 
1.772136e+00 2.210514e+01 6.328684e+01 1.056764e+02 2.063850e+02 
1.796838e+00 2.175775e+01 6.231846e+01 1.040238e+02 2.029743e+02 
1.821885e+00 2.141562e+01 6.136062e+01 1.023866e+02 1.995900e+02 
1.847281e+00 2.107860e+01 6.041315e+01 1.007648e+02 1.962324e+02 
1.873032e+00 2.074648e+01 5.947580e+01 9.915820e+01 1.929015e+02 
1.899141e+00 2.041926e+01 5.854857e+01 9.756676e+01 1.895979e+02 
1.925614e+00 2.009683e+01 5.763132e+01 9.599039e+01 1.863218e+02 
1.952456e+00 1.977910e+01 5.672395e+01 9.442901e+01 1.830734e+02 
1.979672e+00 1.946587e+01 5.582624e+01 9.288246e+01 1.798532e+02 
2.007267e+00 1.915715e+01 5.493821e+01 9.135073e+01 1.766613e+02 
2.035248e+00 1.885285e+01 5.405976e+01 8.983377e+01 1.734983e+02 
2.063618e+00 1.855287e+01 5.319078e+01 8.833150e+01 1.703645e+02 
2.092383e+00 1.825707e+01 5.233112e+01 8.684383e+01 1.672602e+02 
2.121550e+00 1.796544e+01 5.148079e+01 8.537075e+01 1.641859e+02 
2.151123e+00 1.767793e+01 5.063970e+01 8.391223e+01 1.611416e+02 
2.181109e+00 1.739445e+01 4.980777e+01 8.246821e+01 1.581281e+02 
2.211512e+00 1.711488e+01 4.898490e+01 8.103864e+01 1.551456e+02 
2.242340e+00 1.683922e+01 4.817107e+01 7.962352e+01 1.521944e+02 
2.273597e+00 1.656738e+01 4.736617e+01 7.822282e+01 1.492747e+02 
2.305289e+00 1.629930e+01 4.657017e+01 7.683652e+01 1.463872e+02 
2.337424e+00 1.603489e+01 4.578296e+01 7.546461e+01 1.435321e+02 
2.370006e+00 1.577410e+01 4.500451e+01 7.410709e+01 1.407097e+02 
2.403043e+00 1.551689e+01 4.423475e+01 7.276397e+01 1.379203e+02 
2.436540e+00 1.526317e+01 4.347362e+01 7.143526e+01 1.351641e+02 
2.470504e+00 1.501303e+01 4.272104e+01 7.012096e+01 1.324416e+02 
2.504942e+00 1.476614e+01 4.197699e+01 6.882112e+01 1.297530e+02 
2.539859e+00 1.452260e+01 4.124142e+01 6.753577e+01 1.270984e+02 
2.575263e+00 1.428232e+01 4.051426e+01 6.626492e+01 1.244782e+02 
2.611161e+00 1.404527e+01 3.979413e+01 6.500861e+01 1.218925e+02 
2.647559e+00 1.381140e+01 3.908366e+01 6.376691e+01 1.193416e+02 
2.684465e+00 1.358068e+01 3.838148e+01 6.253982e+01 1.168256e+02 
2.721885e+00 1.335303e+01 3.768753e+01 6.132742e+01 1.143446e+02 
2.759826e+00 1.312843e+01 3.700180e+01 6.012973e+01 1.118989e+02 
2.798297e+00 1.290684e+01 3.632423e+01 5.894680e+01 1.094885e+02 
2.837304e+00 1.268823e+01 3.565481e+01 5.777865e+01 1.071136e+02 
2.876854e+00 1.247254e+01 3.499348e+01 5.662535e+01 1.047743e+02 
2.916956e+00 1.225973e+01 3.434022e+01 5.548691e+01 1.024704e+02 
2.957617e+00 1.204979e+01 3.369501e+01 5.436337e+01 1.002022e+02 
2.998844e+00 1.184268e+01 3.305784e+01 5.325474e+01 9.796964e+01 
3.040646e+00 1.163836e+01 3.242864e+01 5.216106e+01 9.577265e+01 
3.083031e+00 1.143678e+01 3.180742e+01 5.108234e+01 9.361126e+01 
3.126007e+00 1.123795e+01 3.119412e+01 5.001859e+01 9.148542e+01 
3.169582e+00 1.104182e+01 3.058874e+01 4.896981e+01 8.939517e+01 
3.213764e+00 1.084833e+01 2.999126e+01 4.793600e+01 8.734009e+01 
3.258562e+00 1.065749e+01 2.940163e+01 4.691714e+01 8.532041e+01 
3.303985e+00 1.046911e+01 2.881983e+01 4.591323e+01 8.333652e+01 
3.350041e+00 1.028344e+01 2.824583e+01 4.492423e+01 8.138616e+01 
3.396739e+00 1.010029e+01 2.767960e+01 4.395013e+01 7.947178e+01 
3.444087e+00 9.919634e+00 2.712111e+01 4.299087e+01 7.759183e+01 
3.492096e+00 9.741452e+00 2.657031e+01 4.204643e+01 7.574639e+01 
3.540774e+00 9.565707e+00 2.602719e+01 4.111676e+01 7.393520e+01 
3.590130e+00 9.392360e+00 2.549170e+01 4.020179e+01 7.215805e+01 
3.640175e+00 9.221389e+00 2.496379e+01 3.930148e+01 7.041471e+01 
3.690917e+00 9.052762e+00 2.444346e+01 3.841577e+01 6.870491e+01 
3.742366e+00 8.886450e+00 2.397240e+01 3.754460e+01 6.702896e+01 
3.794533e+00 8.722421e+00 2.342534e+01 3.668791e+01 6.538539e+01 
3.847427e+00 8.560656e+00 2.292751e+01 3.584563e+01 6.377450e+01 
3.901058e+00 8.401129e+00 2.243711e+01 3.501768e+01 6.219598e+01 
3.955436e+00 8.243815e+00 2.195410e+01 3.420401e+01 6.064949e+01 
4.010573e+00 8.088690e+00 2.147848e+01 3.340450e+01 5.913470e+01 
4.066478e+00 7.935737e+00 2.101020e+01 3.261918e+01 5.765128e+01 
4.123163e+00 7.784933e+00 2.054924e+01 3.184790e+01 5.619886e+01 
4.180637e+00 7.636256e+00 2.009557e+01 3.109055e+01 5.477706e+01 
4.238913e+00 7.489687e+00 1.964915e+01 3.034707e+01 5.338552e+01 
4.298001e+00 7.345210e+00 1.920996e+01 2.961739e+01 5.202387e+01 
4.357913e+00 7.202803e+00 1.877796e+01 2.890139e+01 5.069121e+01 
4.418660e+00 7.062448e+00 1.835311e+01 2.819897e+01 4.938814e+01 
4.480254e+00 6.924126e+00 1.793538e+01 2.751003e+01 4.811375e+01 
4.542706e+00 6.787819e+00 1.752474e+01 2.683446e+01 4.686765e+01 
4.606029e+00 6.653508e+00 1.712113e+01 2.617213e+01 4.564941e+01 
4.670234e+00 6.521173e+00 1.672451e+01 2.552294e+01 4.445862e+01 
4.735335e+00 6.390799e+00 1.633483e+01 2.488677e+01 4.329477e+01 
4.801343e+00 6.262365e+00 1.595208e+01 2.426346e+01 4.215781e+01 
4.868271e+00 6.135855e+00 1.557702e+01 2.365289e+01 4.104673e+01 
4.936132e+00 6.011249e+00 1.520791e+01 2.305483e+01 3.996151e+01 
5.004939e+00 5.888532e+00 1.484555e+01 2.246932e+01 3.890159e+01 
5.074705e+00 5.767687e+00 1.448988e+01 2.189613e+01 3.786656e+01 
5.145444e+00 5.648696e+00 1.414007e+01 2.133510e+01 3.685599e+01 
5.217169e+00 5.531543e+00 1.379765e+01 2.078609e+01 3.586943e+01 
5.289893e+00 5.416212e+00 1.346176e+01 2.024893e+01 3.490645e+01 
5.363631e+00 5.302687e+00 1.313235e+01 1.972346e+01 3.396663e+01 
5.438397e+00 5.190953e+00 1.280934e+01 1.920957e+01 3.304954e+01 
5.514206e+00 5.080994e+00 1.249268e+01 1.870707e+01 3.215507e+01 
5.591071e+00 4.972795e+00 1.218231e+01 1.821578e+01 3.128213e+01 
5.669007e+00 4.866338e+00 1.187815e+01 1.773558e+01 3.043062e+01 
5.748030e+00 4.761716e+00 1.158015e+01 1.726625e+01 2.960013e+01 
5.828155e+00 4.658600e+00 1.128823e+01 1.680766e+01 2.879024e+01 
5.909396e+00 4.557285e+00 1.100234e+01 1.635964e+01 2.800053e+01 
5.991770e+00 4.457652e+00 1.072239e+01 1.592202e+01 2.723057e+01 
6.075292e+00 4.359686e+00 1.044831e+01 1.549462e+01 2.648008e+01 
6.159978e+00 4.263369e+00 1.018004e+01 1.507728e+01 2.574831e+01 
6.245845e+00 4.168688e+00 9.917501e+00 1.466983e+01 2.503525e+01 
6.332908e+00 4.075626e+00 9.660613e+00 1.427209e+01 2.434030e+01 
6.421186e+00 3.984166e+00 9.409304e+00 1.388391e+01 2.366311e+01 
6.510694e+00 3.894293e+00 9.163496e+00 1.350509e+01 2.300305e+01 
6.601449e+00 3.805990e+00 8.923113e+00 1.313548e+01 2.236023e+01 
6.693470e+00 3.719241e+00 8.688561e+00 1.277490e+01 2.173402e+01 
6.786773e+00 3.634031e+00 8.458773e+00 1.242317e+01 2.112404e+01 
6.881377e+00 3.550342e+00 8.222024e+00 1.208010e+01 2.052994e+01 
6.977300e+00 3.468160e+00 8.014669e+00 1.174566e+01 1.995133e+01 
7.074559e+00 3.387467e+00 7.800202e+00 1.141951e+01 1.938810e+01 
7.173175e+00 3.308248e+00 7.590681e+00 1.110156e+01 1.883944e+01 
7.273165e+00 3.230487e+00 7.386027e+00 1.079163e+01 1.804317e+01 
7.374549e+00 3.154169e+00 7.186160e+00 1.048956e+01 1.778514e+01 
7.477346e+00 3.079278e+00 6.990635e+00 1.019518e+01 1.727883e+01 
7.581576e+00 3.005797e+00 6.800115e+00 9.908353e+00 1.678644e+01 
7.687260e+00 2.933711e+00 6.614143e+00 9.628898e+00 1.630571e+01 
7.794416e+00 2.863004e+00 6.432637e+00 9.356661e+00 1.583939e+01 
7.903066e+00 2.793661e+00 6.255521e+00 9.091492e+00 1.538501e+01 
8.013230e+00 2.725664e+00 6.082714e+00 8.833231e+00 1.494284e+01 
8.124930e+00 2.659000e+00 5.914138e+00 8.581728e+00 1.451240e+01 
8.238187e+00 2.593729e+00 5.749714e+00 8.336834e+00 1.409375e+01 
8.353023e+00 2.529603e+00 5.589364e+00 8.098402e+00 1.368664e+01 
8.469460e+00 2.466839e+00 5.433011e+00 7.866276e+00 1.329042e+01 
8.587519e+00 2.405337e+00 5.280576e+00 7.640322e+00 1.290495e+01 
8.707225e+00 2.345090e+00 5.131984e+00 7.420395e+00 1.253001e+01 
8.828599e+00 2.286081e+00 4.987159e+00 7.206354e+00 1.216535e+01 
8.951665e+00 2.228289e+00 4.846025e+00 6.998061e+00 1.181067e+01 
9.076446e+00 2.171696e+00 4.708705e+00 6.795369e+00 1.146475e+01 
9.202967e+00 2.116303e+00 4.574529e+00 6.598179e+00 1.113142e+01 
9.331251e+00 2.062068e+00 4.444020e+00 6.406324e+00 1.080418e+01 
9.461324e+00 2.009047e+00 4.316906e+00 6.219687e+00 1.048707e+01 
9.593209e+00 1.957099e+00 4.193113e+00 6.038139e+00 1.017876e+01 
9.726934e+00 1.906215e+00 4.072571e+00 5.861651e+00 9.879041e+00 
9.862522e+00 1.856501e+00 3.955209e+00 5.689864e+00 9.587690e+00 
1.000000e+01 1.807872e+00 3.840956e+00 5.522819e+00 9.304481e+00 
