1.000000e-02 -5.765961e+03 -5.366622e+03 -4.100881e+03 4.568706e+03 
1.013939e-02 -5.356559e+03 -5.345736e+03 -3.171560e+03 5.271585e+03 
1.028073e-02 -4.826007e+03 -5.032640e+03 -1.957779e+03 5.967750e+03 
1.042404e-02 -4.159789e+03 -4.620979e+03 -6.661027e+02 6.665081e+03 
1.056935e-02 -3.271765e+03 -3.951964e+03 6.020230e+02 7.349520e+03 
1.071668e-02 -2.395376e+03 -3.223863e+03 1.670299e+03 7.986807e+03 
1.086606e-02 -1.703851e+03 -2.447964e+03 2.534019e+03 8.550519e+03 
1.101753e-02 -1.481787e+03 -1.926455e+03 3.207578e+03 9.024954e+03 
1.117111e-02 -1.594172e+03 -1.502000e+03 4.041984e+03 9.408867e+03 
1.132683e-02 -1.841494e+03 -1.035488e+03 5.234535e+03 9.700466e+03 
1.148472e-02 -1.881472e+03 -1.728582e+02 6.885407e+03 9.904716e+03 
1.164481e-02 -1.766908e+03 9.044336e+02 8.585983e+03 1.003362e+04 
1.180713e-02 -1.652728e+03 1.845690e+03 9.861508e+03 1.011570e+04 
1.197171e-02 -1.726587e+03 2.183931e+03 1.032615e+04 1.018925e+04 
1.213859e-02 -1.889381e+03 1.979805e+03 1.001359e+04 1.029795e+04 
1.230780e-02 -1.939480e+03 1.583054e+03 9.189183e+03 1.047793e+04 
1.247936e-02 -1.744810e+03 1.490240e+03 8.228388e+03 1.075092e+04 
1.265332e-02 -1.330516e+03 1.893397e+03 7.400722e+03 1.111548e+04 
1.282970e-02 -8.019994e+02 2.755223e+03 6.943979e+03 1.154738e+04 
1.300854e-02 -2.873500e+02 3.752792e+03 6.851413e+03 1.200380e+04 
1.318987e-02 1.224097e+02 4.557618e+03 7.081199e+03 1.243943e+04 
1.337373e-02 3.002056e+02 4.859162e+03 7.363179e+03 1.282376e+04 
1.356015e-02 3.348112e+02 4.743746e+03 7.689932e+03 1.315363e+04 
1.374917e-02 3.412340e+02 4.518384e+03 8.058321e+03 1.345029e+04 
1.394083e-02 6.389657e+02 4.745891e+03 8.770166e+03 1.374417e+04 
1.413516e-02 1.237549e+03 5.652909e+03 9.856919e+03 1.405885e+04 
1.433219e-02 2.080029e+03 7.156194e+03 1.121972e+04 1.440037e+04 
1.453198e-02 2.802367e+03 8.733446e+03 1.237236e+04 1.475939e+04 
1.473454e-02 3.240209e+03 9.890278e+03 1.288369e+04 1.511459e+04 
1.493993e-02 3.294481e+03 1.035905e+04 1.253989e+04 1.544556e+04 
1.514819e-02 3.117681e+03 1.015534e+04 1.149948e+04 1.573674e+04 
1.535935e-02 2.859850e+03 9.560303e+03 1.021155e+04 1.598827e+04 
1.557345e-02 2.694720e+03 8.781012e+03 9.078579e+03 1.620848e+04 
1.579053e-02 2.763348e+03 8.182785e+03 8.481381e+03 1.641626e+04 
1.601064e-02 3.177031e+03 7.929870e+03 8.553957e+03 1.662690e+04 
1.623382e-02 3.972271e+03 8.281336e+03 9.408363e+03 1.685427e+04 
1.646012e-02 5.015821e+03 9.106498e+03 1.083979e+04 1.710112e+04 
1.668956e-02 6.073369e+03 1.022230e+04 1.253945e+04 1.736518e+04 
1.692220e-02 6.910997e+03 1.125373e+04 1.404245e+04 1.763602e+04 
1.715809e-02 7.425368e+03 1.202713e+04 1.515108e+04 1.790043e+04 
1.739726e-02 7.634491e+03 1.248877e+04 1.585638e+04 1.814210e+04 
1.763977e-02 7.573266e+03 1.268055e+04 1.631300e+04 1.834638e+04 
1.788566e-02 7.298089e+03 1.265982e+04 1.654058e+04 1.850443e+04 
1.813498e-02 6.864354e+03 1.243972e+04 1.650362e+04 1.861373e+04 
1.838777e-02 6.419887e+03 1.212312e+04 1.621118e+04 1.867668e+04 
1.864409e-02 6.074568e+03 1.177143e+04 1.578267e+04 1.869603e+04 
1.890397e-02 5.867411e+03 1.142378e+04 1.531955e+04 1.867614e+04 
1.916748e-02 5.705737e+03 1.095619e+04 1.477359e+04 1.862320e+04 
1.943467e-02 5.494017e+03 1.027252e+04 1.406169e+04 1.854703e+04 
1.970558e-02 5.243742e+03 9.395196e+03 1.321935e+04 1.845804e+04 
1.998026e-02 5.058698e+03 8.538474e+03 1.243570e+04 1.836412e+04 
2.025878e-02 5.060524e+03 7.934461e+03 1.189738e+04 1.826833e+04 
2.054117e-02 5.245926e+03 7.651856e+03 1.160828e+04 1.817010e+04 
2.082751e-02 5.531919e+03 7.587791e+03 1.144784e+04 1.806931e+04 
2.111783e-02 5.802942e+03 7.585642e+03 1.129917e+04 1.796917e+04 
2.141220e-02 6.006600e+03 7.621305e+03 1.118439e+04 1.787596e+04 
2.171068e-02 6.158309e+03 7.764697e+03 1.122822e+04 1.779583e+04 
2.201331e-02 6.280654e+03 8.093733e+03 1.149787e+04 1.773209e+04 
2.232016e-02 6.399716e+03 8.558312e+03 1.195342e+04 1.768426e+04 
2.263130e-02 6.469924e+03 9.014042e+03 1.240727e+04 1.764981e+04 
2.294676e-02 6.443597e+03 9.276002e+03 1.269953e+04 1.762566e+04 
2.326663e-02 6.238143e+03 9.237512e+03 1.273593e+04 1.761102e+04 
2.359095e-02 5.864874e+03 8.905929e+03 1.256512e+04 1.760655e+04 
2.391980e-02 5.403900e+03 8.443547e+03 1.230053e+04 1.761283e+04 
2.425323e-02 5.033031e+03 8.068025e+03 1.207104e+04 1.762674e+04 
2.459130e-02 4.885103e+03 7.965208e+03 1.195067e+04 1.763993e+04 
2.493409e-02 5.022084e+03 8.181874e+03 1.196616e+04 1.764076e+04 
2.528166e-02 5.360879e+03 8.618076e+03 1.207365e+04 1.761726e+04 
2.563407e-02 5.773972e+03 9.103431e+03 1.222522e+04 1.756256e+04 
2.599140e-02 6.094085e+03 9.442287e+03 1.230677e+04 1.747603e+04 
2.635371e-02 6.239069e+03 9.539945e+03 1.226759e+04 1.736424e+04 
2.672106e-02 6.170881e+03 9.374136e+03 1.206440e+04 1.723647e+04 
2.709354e-02 5.955888e+03 9.051826e+03 1.178916e+04 1.710133e+04 
2.747121e-02 5.657795e+03 8.688259e+03 1.151149e+04 1.696248e+04 
2.785414e-02 5.361542e+03 8.388553e+03 1.132326e+04 1.681949e+04 
2.824241e-02 5.101466e+03 8.194675e+03 1.122667e+04 1.666989e+04 
2.863610e-02 4.914195e+03 8.107966e+03 1.124669e+04 1.651345e+04 
2.903527e-02 4.813278e+03 8.139623e+03 1.137353e+04 1.635203e+04 
2.944000e-02 4.798135e+03 8.260363e+03 1.159371e+04 1.618944e+04 
2.985038e-02 4.848294e+03 8.449287e+03 1.182213e+04 1.602739e+04 
3.026648e-02 4.901351e+03 8.600475e+03 1.194474e+04 1.586589e+04 
3.068838e-02 4.909234e+03 8.655899e+03 1.187100e+04 1.570173e+04 
3.111616e-02 4.810475e+03 8.546354e+03 1.159048e+04 1.553176e+04 
3.154990e-02 4.615781e+03 8.322328e+03 1.117702e+04 1.535383e+04 
3.198969e-02 4.349202e+03 8.039338e+03 1.074016e+04 1.516950e+04 
3.243561e-02 4.081002e+03 7.788223e+03 1.035403e+04 1.498288e+04 
3.288774e-02 3.851313e+03 7.599164e+03 1.006216e+04 1.479863e+04 
3.334618e-02 3.685151e+03 7.466237e+03 9.843973e+03 1.461929e+04 
3.381101e-02 3.592570e+03 7.375373e+03 9.710584e+03 1.444435e+04 
3.428231e-02 3.573696e+03 7.308433e+03 9.640504e+03 1.427170e+04 
3.476019e-02 3.627102e+03 7.278162e+03 9.645088e+03 1.409827e+04 
3.524473e-02 3.711817e+03 7.255701e+03 9.670483e+03 1.392106e+04 
3.573602e-02 3.782043e+03 7.215121e+03 9.668732e+03 1.373713e+04 
3.623416e-02 3.793081e+03 7.112043e+03 9.585736e+03 1.354457e+04 
3.673925e-02 3.746118e+03 6.948340e+03 9.421798e+03 1.334268e+04 
3.725137e-02 3.672020e+03 6.752581e+03 9.224293e+03 1.313262e+04 
3.777064e-02 3.611373e+03 6.573639e+03 9.050610e+03 1.291759e+04 
3.829714e-02 3.581098e+03 6.442237e+03 8.945391e+03 1.270192e+04 
3.883098e-02 3.568332e+03 6.354436e+03 8.896833e+03 1.248990e+04 
3.937226e-02 3.544357e+03 6.274441e+03 8.866238e+03 1.228421e+04 
3.992109e-02 3.491713e+03 6.165066e+03 8.802467e+03 1.208652e+04 
4.047757e-02 3.410720e+03 6.011041e+03 8.678833e+03 1.189755e+04 
4.104181e-02 3.321485e+03 5.839537e+03 8.500031e+03 1.171739e+04 
4.161391e-02 3.245987e+03 5.695800e+03 8.296289e+03 1.154528e+04 
4.219398e-02 3.202096e+03 5.626377e+03 8.111034e+03 1.138002e+04 
4.278214e-02 3.191577e+03 5.638014e+03 7.970378e+03 1.122077e+04 
4.337850e-02 3.199192e+03 5.699044e+03 7.868828e+03 1.106734e+04 
4.398317e-02 3.201316e+03 5.745563e+03 7.772145e+03 1.092030e+04 
4.459628e-02 3.177127e+03 5.728111e+03 7.648400e+03 1.078001e+04 
4.521792e-02 3.120069e+03 5.629575e+03 7.488142e+03 1.064631e+04 
4.584824e-02 3.038588e+03 5.480286e+03 7.309817e+03 1.051819e+04 
4.648734e-02 2.948701e+03 5.321590e+03 7.139119e+03 1.039449e+04 
4.713535e-02 2.869082e+03 5.191139e+03 6.999000e+03 1.027435e+04 
4.779239e-02 2.805447e+03 5.092315e+03 6.894230e+03 1.015713e+04 
4.845859e-02 2.758680e+03 5.017898e+03 6.822350e+03 1.004255e+04 
4.913407e-02 2.717331e+03 4.949545e+03 6.769481e+03 9.930692e+03 
4.981898e-02 2.676626e+03 4.882705e+03 6.725314e+03 9.821810e+03 
5.051342e-02 2.627017e+03 4.806771e+03 6.671082e+03 9.716282e+03 
5.121755e-02 2.568875e+03 4.719989e+03 6.598167e+03 9.614369e+03 
5.193150e-02 2.503823e+03 4.620534e+03 6.500117e+03 9.516662e+03 
5.265540e-02 2.444909e+03 4.523742e+03 6.391249e+03 9.423861e+03 
5.338938e-02 2.405602e+03 4.444156e+03 6.282805e+03 9.336772e+03 
5.413360e-02 2.393918e+03 4.390462e+03 6.183685e+03 9.255720e+03 
5.488820e-02 2.406315e+03 4.355838e+03 6.086080e+03 9.180793e+03 
5.565331e-02 2.429269e+03 4.328327e+03 5.984861e+03 9.111531e+03 
5.642908e-02 2.449691e+03 4.300697e+03 5.883478e+03 9.047283e+03 
5.721568e-02 2.462822e+03 4.278960e+03 5.801920e+03 8.986926e+03 
5.801323e-02 2.472362e+03 4.272841e+03 5.758486e+03 8.929543e+03 
5.882190e-02 2.485674e+03 4.290450e+03 5.760780e+03 8.874182e+03 
5.964185e-02 2.500790e+03 4.321746e+03 5.792237e+03 8.820222e+03 
6.047322e-02 2.512772e+03 4.354185e+03 5.831622e+03 8.767081e+03 
6.131619e-02 2.514083e+03 4.372271e+03 5.857554e+03 8.714516e+03 
6.217090e-02 2.506933e+03 4.374759e+03 5.865175e+03 8.662040e+03 
6.303753e-02 2.493150e+03 4.359167e+03 5.850923e+03 8.608890e+03 
6.391624e-02 2.475553e+03 4.325930e+03 5.815162e+03 8.553733e+03 
6.480720e-02 2.451500e+03 4.271887e+03 5.755162e+03 8.495360e+03 
6.571058e-02 2.422274e+03 4.203870e+03 5.677027e+03 8.432881e+03 
6.662655e-02 2.389779e+03 4.131180e+03 5.591537e+03 8.365853e+03 
6.755528e-02 2.360107e+03 4.067721e+03 5.515029e+03 8.294047e+03 
6.849697e-02 2.334248e+03 4.015033e+03 5.454865e+03 8.217566e+03 
6.945178e-02 2.313618e+03 3.973585e+03 5.412977e+03 8.136914e+03 
7.041990e-02 2.294366e+03 3.934000e+03 5.379373e+03 8.052654e+03 
7.140151e-02 2.276850e+03 3.897035e+03 5.348166e+03 7.965009e+03 
7.239681e-02 2.257291e+03 3.858685e+03 5.310039e+03 7.873797e+03 
7.340598e-02 2.235072e+03 3.822848e+03 5.264034e+03 7.778576e+03 
7.442922e-02 2.205368e+03 3.783819e+03 5.203633e+03 7.678838e+03 
7.546673e-02 2.169203e+03 3.741623e+03 5.129989e+03 7.574008e+03 
7.651869e-02 2.128161e+03 3.693626e+03 5.042250e+03 7.463743e+03 
7.758532e-02 2.088712e+03 3.645526e+03 4.948860e+03 7.347809e+03 
7.866682e-02 2.052756e+03 3.599483e+03 4.853396e+03 7.226009e+03 
7.976339e-02 2.019623e+03 3.556552e+03 4.759132e+03 7.097986e+03 
8.087525e-02 1.983597e+03 3.511509e+03 4.661358e+03 6.963618e+03 
8.200261e-02 1.940858e+03 3.458907e+03 4.556474e+03 6.823215e+03 
8.314568e-02 1.889564e+03 3.393751e+03 4.441484e+03 6.677367e+03 
8.430468e-02 1.831940e+03 3.314264e+03 4.318177e+03 6.526790e+03 
8.547985e-02 1.772150e+03 3.223943e+03 4.191941e+03 6.372259e+03 
8.667139e-02 1.715136e+03 3.129027e+03 4.069981e+03 6.214629e+03 
8.787954e-02 1.665206e+03 3.038206e+03 3.959098e+03 6.054644e+03 
8.910453e-02 1.623230e+03 2.954441e+03 3.861412e+03 5.893190e+03 
9.034660e-02 1.587897e+03 2.878556e+03 3.775482e+03 5.731300e+03 
9.160598e-02 1.554802e+03 2.805636e+03 3.695783e+03 5.570158e+03 
9.288292e-02 1.520673e+03 2.732852e+03 3.616428e+03 5.410913e+03 
9.417766e-02 1.482797e+03 2.656846e+03 3.531783e+03 5.254771e+03 
9.549045e-02 1.441361e+03 2.578471e+03 3.439503e+03 5.102822e+03 
9.682153e-02 1.397452e+03 2.498960e+03 3.340817e+03 4.955888e+03 
9.817117e-02 1.353028e+03 2.421119e+03 3.240380e+03 4.814639e+03 
9.953962e-02 1.309806e+03 2.346271e+03 3.143833e+03 4.679926e+03 
1.009272e-01 1.269121e+03 2.276003e+03 3.055873e+03 4.552590e+03 
1.023340e-01 1.232164e+03 2.211168e+03 2.978931e+03 4.433233e+03 
1.037605e-01 1.199790e+03 2.153909e+03 2.913528e+03 4.322289e+03 
1.052069e-01 1.172430e+03 2.105146e+03 2.858030e+03 4.220233e+03 
1.066734e-01 1.149890e+03 2.065167e+03 2.809545e+03 4.127268e+03 
1.081604e-01 1.131204e+03 2.031555e+03 2.764223e+03 4.043396e+03 
1.096681e-01 1.115315e+03 2.001793e+03 2.719603e+03 3.968540e+03 
1.111968e-01 1.100968e+03 1.973263e+03 2.674773e+03 3.902657e+03 
1.127468e-01 1.087380e+03 1.945459e+03 2.631339e+03 3.845403e+03 
1.143184e-01 1.074130e+03 1.919008e+03 2.591428e+03 3.796242e+03 
1.159120e-01 1.061403e+03 1.895710e+03 2.557180e+03 3.754398e+03 
1.175277e-01 1.049595e+03 1.876496e+03 2.528707e+03 3.718946e+03 
1.191660e-01 1.038974e+03 1.861411e+03 2.505082e+03 3.688830e+03 
1.208271e-01 1.029042e+03 1.848489e+03 2.484208e+03 3.662923e+03 
1.225114e-01 1.018894e+03 1.835524e+03 2.464397e+03 3.640010e+03 
1.242191e-01 1.007190e+03 1.819992e+03 2.443939e+03 3.618838e+03 
1.259506e-01 9.937874e+02 1.801504e+03 2.422038e+03 3.598100e+03 
1.277063e-01 9.787102e+02 1.780102e+03 2.397987e+03 3.576498e+03 
1.294865e-01 9.632077e+02 1.757448e+03 2.372155e+03 3.552878e+03 
1.312915e-01 9.477121e+02 1.734168e+03 2.344682e+03 3.525973e+03 
1.331216e-01 9.331134e+02 1.711272e+03 2.316305e+03 3.494574e+03 
1.349772e-01 9.194057e+02 1.688458e+03 2.286831e+03 3.457776e+03 
1.368587e-01 9.062842e+02 1.664833e+03 2.255635e+03 3.414704e+03 
1.387665e-01 8.927305e+02 1.638639e+03 2.221105e+03 3.364834e+03 
1.407008e-01 8.775984e+02 1.608529e+03 2.182567e+03 3.308178e+03 
1.426621e-01 8.603105e+02 1.574230e+03 2.139687e+03 3.244812e+03 
1.446507e-01 8.405531e+02 1.536465e+03 2.093139e+03 3.175159e+03 
1.466671e-01 8.188707e+02 1.496699e+03 2.043398e+03 3.099902e+03 
1.487115e-01 7.955537e+02 1.455762e+03 1.990726e+03 3.019870e+03 
1.507845e-01 7.714161e+02 1.414069e+03 1.935297e+03 2.936190e+03 
1.528864e-01 7.469640e+02 1.371659e+03 1.877670e+03 2.850168e+03 
1.550175e-01 7.228091e+02 1.328845e+03 1.819106e+03 2.763272e+03 
1.571784e-01 6.992348e+02 1.286419e+03 1.761180e+03 2.677150e+03 
1.593694e-01 6.762666e+02 1.245048e+03 1.705267e+03 2.593517e+03 
1.615909e-01 6.538717e+02 1.205323e+03 1.651905e+03 2.513851e+03 
1.638434e-01 6.320503e+02 1.167515e+03 1.601420e+03 2.439599e+03 
1.661273e-01 6.112103e+02 1.132143e+03 1.554026e+03 2.371775e+03 
1.684430e-01 5.918546e+02 1.099646e+03 1.510339e+03 2.311070e+03 
1.707910e-01 5.746581e+02 1.070692e+03 1.471066e+03 2.257923e+03 
1.731717e-01 5.600422e+02 1.045635e+03 1.436893e+03 2.212269e+03 
1.755856e-01 5.481148e+02 1.024567e+03 1.408096e+03 2.173872e+03 
1.780332e-01 5.387100e+02 1.007309e+03 1.384819e+03 2.142210e+03 
1.805149e-01 5.312702e+02 9.932791e+02 1.366534e+03 2.116585e+03 
1.830312e-01 5.252555e+02 9.818639e+02 1.352550e+03 2.096062e+03 
1.855825e-01 5.200587e+02 9.721356e+02 1.341512e+03 2.079547e+03 
1.881694e-01 5.153190e+02 9.633061e+02 1.332198e+03 2.065755e+03 
1.907924e-01 5.107019e+02 9.545430e+02 1.323232e+03 2.053216e+03 
1.934520e-01 5.058799e+02 9.452636e+02 1.313600e+03 2.040335e+03 
1.961486e-01 5.004346e+02 9.349009e+02 1.302185e+03 2.025447e+03 
1.988828e-01 4.939410e+02 9.230432e+02 1.288166e+03 2.007227e+03 
2.016551e-01 4.861528e+02 9.093551e+02 1.270883e+03 1.984559e+03 
2.044661e-01 4.769398e+02 8.936311e+02 1.250098e+03 1.956900e+03 
2.073162e-01 4.663329e+02 8.757085e+02 1.225789e+03 1.924101e+03 
2.102061e-01 4.542867e+02 8.554355e+02 1.198095e+03 1.886587e+03 
2.131362e-01 4.409320e+02 8.328427e+02 1.167398e+03 1.845056e+03 
2.161073e-01 4.265082e+02 8.083497e+02 1.134462e+03 1.800490e+03 
2.191197e-01 4.115757e+02 7.828054e+02 1.100488e+03 1.754072e+03 
2.221741e-01 3.967311e+02 7.573585e+02 1.066901e+03 1.707170e+03 
2.252711e-01 3.825586e+02 7.329973e+02 1.034944e+03 1.661174e+03 
2.284112e-01 3.694232e+02 7.105191e+02 1.005558e+03 1.617456e+03 
2.315951e-01 3.575174e+02 6.902263e+02 9.791959e+02 1.577197e+03 
2.348235e-01 3.469449e+02 6.723547e+02 9.561254e+02 1.541331e+03 
2.380968e-01 3.378076e+02 6.568864e+02 9.362970e+02 1.510326e+03 
2.414157e-01 3.301937e+02 6.438769e+02 9.195508e+02 1.484211e+03 
2.447809e-01 3.240745e+02 6.331237e+02 9.054900e+02 1.462679e+03 
2.481930e-01 3.192219e+02 6.243236e+02 8.936061e+02 1.445080e+03 
2.516527e-01 3.152495e+02 6.168902e+02 8.832509e+02 1.430506e+03 
2.551606e-01 3.116682e+02 6.101707e+02 8.737078e+02 1.417775e+03 
2.587174e-01 3.079869e+02 6.034196e+02 8.642275e+02 1.405659e+03 
2.623238e-01 3.037927e+02 5.960389e+02 8.541130e+02 1.392905e+03 
2.659804e-01 2.988113e+02 5.875469e+02 8.427397e+02 1.378398e+03 
2.696881e-01 2.929844e+02 5.777754e+02 8.297363e+02 1.361333e+03 
2.734474e-01 2.863563e+02 5.666740e+02 8.149584e+02 1.341389e+03 
2.772591e-01 2.790949e+02 5.544077e+02 7.985629e+02 1.318626e+03 
2.811239e-01 2.713462e+02 5.411360e+02 7.808148e+02 1.293491e+03 
2.850426e-01 2.633354e+02 5.271994e+02 7.621541e+02 1.266696e+03 
2.890160e-01 2.552474e+02 5.129449e+02 7.430798e+02 1.239233e+03 
2.930447e-01 2.473466e+02 4.989078e+02 7.242923e+02 1.212171e+03 
2.971296e-01 2.398478e+02 4.855589e+02 7.064675e+02 1.186532e+03 
3.012714e-01 2.329756e+02 4.733601e+02 6.902266e+02 1.163118e+03 
3.054710e-01 2.268587e+02 4.625682e+02 6.759218e+02 1.142448e+03 
3.097291e-01 2.215669e+02 4.532826e+02 6.636399e+02 1.124615e+03 
3.140465e-01 2.170479e+02 4.453760e+02 6.531970e+02 1.109321e+03 
3.184242e-01 2.131774e+02 4.385680e+02 6.442326e+02 1.096000e+03 
3.228628e-01 2.097306e+02 4.324538e+02 6.362742e+02 1.083962e+03 
3.273634e-01 2.064438e+02 4.265661e+02 6.287069e+02 1.072385e+03 
3.319266e-01 2.030349e+02 4.204747e+02 6.208990e+02 1.060428e+03 
3.365535e-01 1.993137e+02 4.138800e+02 6.123205e+02 1.047403e+03 
3.412449e-01 1.951907e+02 4.066456e+02 6.027054e+02 1.032937e+03 
3.460016e-01 1.907100e+02 3.987955e+02 5.920683e+02 1.017051e+03 
3.508247e-01 1.859534e+02 3.904278e+02 5.806132e+02 1.000067e+03 
3.557150e-01 1.810499e+02 3.817452e+02 5.686995e+02 9.825429e+02 
3.606735e-01 1.761326e+02 3.729995e+02 5.567434e+02 9.651027e+02 
3.657011e-01 1.713802e+02 3.645136e+02 5.452075e+02 9.483373e+02 
3.707988e-01 1.669486e+02 3.565673e+02 5.344641e+02 9.327292e+02 
3.759675e-01 1.629492e+02 3.493490e+02 5.247438e+02 9.185733e+02 
3.812083e-01 1.593780e+02 3.428650e+02 5.160151e+02 9.058672e+02 
3.865221e-01 1.561611e+02 3.369915e+02 5.080884e+02 8.943190e+02 
3.919100e-01 1.531653e+02 3.315185e+02 5.006670e+02 8.834698e+02 
3.973730e-01 1.502679e+02 3.262426e+02 4.935098e+02 8.728687e+02 
4.029122e-01 1.473438e+02 3.209558e+02 4.863601e+02 8.620736e+02 
4.085286e-01 1.443160e+02 3.155042e+02 4.790300e+02 8.507680e+02 
4.142232e-01 1.411548e+02 3.098088e+02 4.714000e+02 8.388551e+02 
4.199973e-01 1.378861e+02 3.038940e+02 4.634984e+02 8.265084e+02 
4.258518e-01 1.345684e+02 2.978537e+02 4.554419e+02 8.140169e+02 
4.317880e-01 1.312929e+02 2.918533e+02 4.474423e+02 8.017099e+02 
4.378069e-01 1.281642e+02 2.860869e+02 4.397326e+02 7.898763e+02 
4.439097e-01 1.252696e+02 2.807249e+02 4.325176e+02 7.787634e+02 
4.500975e-01 1.226255e+02 2.758052e+02 4.258327e+02 7.683885e+02 
4.563716e-01 1.201844e+02 2.712454e+02 4.195702e+02 7.586069e+02 
4.627332e-01 1.178602e+02 2.669004e+02 4.135443e+02 7.491841e+02 
4.691835e-01 1.155616e+02 2.626230e+02 4.075627e+02 7.398982e+02 
4.757236e-01 1.132123e+02 2.582908e+02 4.014584e+02 7.305228e+02 
4.823549e-01 1.107936e+02 2.538654e+02 3.951827e+02 7.209581e+02 
4.890787e-01 1.083401e+02 2.493940e+02 3.888152e+02 7.112520e+02 
4.958962e-01 1.059120e+02 2.449698e+02 3.825046e+02 7.015548e+02 
5.028087e-01 1.035649e+02 2.406783e+02 3.763802e+02 6.920156e+02 
5.098176e-01 1.013405e+02 2.365851e+02 3.705349e+02 6.827763e+02 
5.169242e-01 9.924913e+01 2.327054e+02 3.649927e+02 6.739057e+02 
5.241298e-01 9.726450e+01 2.290005e+02 3.597033e+02 6.653781e+02 
5.314359e-01 9.534902e+01 2.254051e+02 3.545794e+02 6.570888e+02 
5.388438e-01 9.347283e+01 2.218624e+02 3.495340e+02 6.489255e+02 
5.463550e-01 9.161306e+01 2.183289e+02 3.445069e+02 6.407814e+02 
5.539709e-01 8.976176e+01 2.147916e+02 3.394786e+02 6.326272e+02 
5.616930e-01 8.792943e+01 2.112699e+02 3.344892e+02 6.245065e+02 
5.695227e-01 8.612574e+01 2.077776e+02 3.295611e+02 6.164731e+02 
5.774615e-01 8.436692e+01 2.043462e+02 3.247406e+02 6.085984e+02 
5.855110e-01 8.266673e+01 2.010031e+02 3.200531e+02 6.009374e+02 
5.936727e-01 8.102541e+01 1.977571e+02 3.154999e+02 5.934746e+02 
6.019482e-01 7.943122e+01 1.945880e+02 3.110451e+02 5.861627e+02 
6.103390e-01 7.786863e+01 1.914734e+02 3.066606e+02 5.789569e+02 
6.188468e-01 7.631727e+01 1.883805e+02 3.023049e+02 5.718103e+02 
6.274732e-01 7.477673e+01 1.853144e+02 2.979813e+02 5.647192e+02 
6.362198e-01 7.325714e+01 1.822936e+02 2.937046e+02 5.577028e+02 
6.450884e-01 7.176900e+01 1.793392e+02 2.894983e+02 5.507808e+02 
6.540806e-01 7.032993e+01 1.764796e+02 2.853987e+02 5.439955e+02 
6.631981e-01 6.894232e+01 1.737174e+02 2.814126e+02 5.373337e+02 
6.724427e-01 6.760511e+01 1.710443e+02 2.775276e+02 5.307674e+02 
6.818162e-01 6.631474e+01 1.684484e+02 2.737302e+02 5.242860e+02 
6.913204e-01 6.506364e+01 1.659091e+02 2.699937e+02 5.178753e+02 
7.009570e-01 6.384170e+01 1.634053e+02 2.662973e+02 5.115318e+02 
7.107280e-01 6.264476e+01 1.609327e+02 2.626366e+02 5.052559e+02 
7.206351e-01 6.147057e+01 1.584982e+02 2.590235e+02 4.990617e+02 
7.306804e-01 6.032305e+01 1.561181e+02 2.554769e+02 4.929549e+02 
7.408657e-01 5.920260e+01 1.537961e+02 2.520022e+02 4.869310e+02 
7.511929e-01 5.811000e+01 1.515285e+02 2.485947e+02 4.809772e+02 
7.616642e-01 5.704413e+01 1.493075e+02 2.452459e+02 4.750928e+02 
7.722814e-01 5.600437e+01 1.471255e+02 2.419440e+02 4.692738e+02 
7.830465e-01 5.499060e+01 1.449783e+02 2.386813e+02 4.635210e+02 
7.939618e-01 5.400226e+01 1.428615e+02 2.354518e+02 4.578320e+02 
8.050292e-01 5.303886e+01 1.407749e+02 2.322605e+02 4.522125e+02 
8.162509e-01 5.209694e+01 1.387132e+02 2.291096e+02 4.466603e+02 
8.276289e-01 5.117136e+01 1.366728e+02 2.259998e+02 4.411720e+02 
8.391656e-01 5.025702e+01 1.346493e+02 2.229249e+02 4.357412e+02 
8.508632e-01 4.935274e+01 1.326476e+02 2.198827e+02 4.303681e+02 
8.627237e-01 4.846106e+01 1.306725e+02 2.168732e+02 4.250506e+02 
8.747496e-01 4.758560e+01 1.287291e+02 2.139004e+02 4.197862e+02 
8.869432e-01 4.673003e+01 1.268193e+02 2.109707e+02 4.145729e+02 
8.993067e-01 4.589605e+01 1.249437e+02 2.080892e+02 4.094119e+02 
9.118425e-01 4.508474e+01 1.231033e+02 2.052581e+02 4.043025e+02 
9.245531e-01 4.429413e+01 1.212968e+02 2.024726e+02 3.992419e+02 
9.374409e-01 4.352351e+01 1.195271e+02 1.997310e+02 3.942282e+02 
9.505083e-01 4.277097e+01 1.177947e+02 1.970287e+02 3.892615e+02 
9.637579e-01 4.203672e+01 1.161014e+02 1.943662e+02 3.843402e+02 
9.771921e-01 4.131870e+01 1.144418e+02 1.917406e+02 3.794627e+02 
9.908137e-01 4.061625e+01 1.128119e+02 1.891526e+02 3.746280e+02 
1.004625e+00 3.992749e+01 1.112044e+02 1.865983e+02 3.698366e+02 
1.018629e+00 3.925200e+01 1.096156e+02 1.840737e+02 3.650874e+02 
1.032828e+00 3.858907e+01 1.080434e+02 1.815731e+02 3.603783e+02 
1.047225e+00 3.793890e+01 1.064902e+02 1.790958e+02 3.557089e+02 
1.061823e+00 3.730108e+01 1.049570e+02 1.766406e+02 3.510794e+02 
1.076624e+00 3.667486e+01 1.034434e+02 1.742073e+02 3.464890e+02 
1.091632e+00 3.605907e+01 1.019459e+02 1.717936e+02 3.419362e+02 
1.106848e+00 3.545294e+01 1.004625e+02 1.694011e+02 3.374214e+02 
1.122277e+00 3.485595e+01 9.899178e+01 1.670313e+02 3.329438e+02 
1.137921e+00 3.426811e+01 9.753534e+01 1.646877e+02 3.285029e+02 
1.153783e+00 3.369030e+01 9.609633e+01 1.623738e+02 3.240969e+02 
1.169866e+00 3.312414e+01 9.468080e+01 1.600948e+02 3.197260e+02 
1.186174e+00 3.257052e+01 9.329280e+01 1.578514e+02 3.153900e+02 
1.202708e+00 3.202898e+01 9.193251e+01 1.556397e+02 3.110880e+02 
1.219473e+00 3.149825e+01 9.059656e+01 1.534528e+02 3.068188e+02 
1.236472e+00 3.097759e+01 8.928100e+01 1.512863e+02 3.025823e+02 
1.253708e+00 3.046721e+01 8.798404e+01 1.491405e+02 2.983777e+02 
1.271184e+00 2.996734e+01 8.670470e+01 1.470174e+02 2.942043e+02 
1.288904e+00 2.947839e+01 8.544360e+01 1.449197e+02 2.900614e+02 
1.306870e+00 2.899947e+01 8.419922e+01 1.428467e+02 2.859493e+02 
1.325087e+00 2.852969e+01 8.297011e+01 1.407969e+02 2.818680e+02 
1.343558e+00 2.806740e+01 8.175345e+01 1.387674e+02 2.778170e+02 
1.362287e+00 2.761225e+01 8.054924e+01 1.365178e+02 2.737962e+02 
1.381276e+00 2.716401e+01 7.935796e+01 1.347661e+02 2.698058e+02 
1.400531e+00 2.672312e+01 7.818088e+01 1.327941e+02 2.658457e+02 
1.420053e+00 2.628975e+01 7.701848e+01 1.308410e+02 2.619157e+02 
1.439848e+00 2.586430e+01 7.587073e+01 1.289071e+02 2.580159e+02 
1.459919e+00 2.544704e+01 7.473792e+01 1.269936e+02 2.541462e+02 
1.480269e+00 2.503769e+01 7.361914e+01 1.250994e+02 2.503064e+02 
1.500903e+00 2.463557e+01 7.251379e+01 1.232228e+02 2.464964e+02 
1.521825e+00 2.423997e+01 7.142078e+01 1.213619e+02 2.427158e+02 
1.543038e+00 2.385059e+01 7.034017e+01 1.195173e+02 2.389644e+02 
1.564548e+00 2.346759e+01 6.927219e+01 1.176901e+02 2.352423e+02 
1.586357e+00 2.309098e+01 6.821720e+01 1.158819e+02 2.315492e+02 
1.608469e+00 2.272077e+01 6.717536e+01 1.140936e+02 2.278853e+02 
1.630891e+00 2.235644e+01 6.614600e+01 1.123240e+02 2.242506e+02 
1.653624e+00 2.199740e+01 6.512813e+01 1.105720e+02 2.206455e+02 
1.676675e+00 2.164283e+01 6.412018e+01 1.088360e+02 2.170700e+02 
1.700047e+00 2.129254e+01 6.312144e+01 1.071158e+02 2.135241e+02 
1.723745e+00 2.094667e+01 6.213148e+01 1.054118e+02 2.100081e+02 
1.747773e+00 2.060593e+01 6.115125e+01 1.037254e+02 2.065222e+02 
1.772136e+00 2.027092e+01 6.018199e+01 1.020581e+02 2.030663e+02 
1.796838e+00 1.994233e+01 5.922587e+01 1.004110e+02 1.996404e+02 
1.821885e+00 1.962024e+01 5.828387e+01 9.878385e+01 1.962448e+02 
1.847281e+00 1.930441e+01 5.735611e+01 9.717596e+01 1.928797e+02 
1.873032e+00 1.899400e+01 5.644089e+01 9.558545e+01 1.895451e+02 
1.899141e+00 1.868842e+01 5.553666e+01 9.401092e+01 1.862412e+02 
1.925614e+00 1.838691e+01 5.464173e+01 9.245105e+01 1.829683e+02 
1.952456e+00 1.808910e+01 5.375562e+01 9.090535e+01 1.797268e+02 
1.979672e+00 1.779478e+01 5.287830e+01 8.937377e+01 1.765169e+02 
2.007267e+00 1.750427e+01 5.201038e+01 8.785686e+01 1.733380e+02 
2.035248e+00 1.721791e+01 5.115234e+01 8.635544e+01 1.701919e+02 
2.063618e+00 1.693599e+01 5.030436e+01 8.486999e+01 1.670779e+02 
2.092383e+00 1.665872e+01 4.946677e+01 8.340083e+01 1.639963e+02 
2.121550e+00 1.638618e+01 4.863967e+01 8.194767e+01 1.609475e+02 
2.151123e+00 1.611831e+01 4.782334e+01 8.051062e+01 1.579315e+02 
2.181109e+00 1.585478e+01 4.701728e+01 7.908954e+01 1.549489e+02 
2.211512e+00 1.559527e+01 4.622103e+01 7.768475e+01 1.519997e+02 
2.242340e+00 1.533947e+01 4.543384e+01 7.629579e+01 1.490843e+02 
2.273597e+00 1.508721e+01 4.465562e+01 7.492248e+01 1.462028e+02 
2.305289e+00 1.483832e+01 4.388633e+01 7.356427e+01 1.433557e+02 
2.337424e+00 1.459286e+01 4.312642e+01 7.222140e+01 1.405430e+02 
2.370006e+00 1.435089e+01 4.237594e+01 7.089394e+01 1.377648e+02 
2.403043e+00 1.411249e+01 4.163486e+01 6.958212e+01 1.350215e+02 
2.436540e+00 1.387756e+01 4.090290e+01 6.828576e+01 1.323129e+02 
2.470504e+00 1.364605e+01 4.017989e+01 6.700480e+01 1.298083e+02 
2.504942e+00 1.341781e+01 3.946572e+01 6.573921e+01 1.270005e+02 
2.539859e+00 1.319274e+01 3.876020e+01 6.448905e+01 1.243970e+02 
2.575263e+00 1.297071e+01 3.806307e+01 6.325429e+01 1.218289e+02 
2.611161e+00 1.275171e+01 3.737419e+01 6.203502e+01 1.192962e+02 
2.647559e+00 1.253573e+01 3.669350e+01 6.083128e+01 1.167992e+02 
2.684465e+00 1.232282e+01 3.602115e+01 5.964326e+01 1.143377e+02 
2.721885e+00 1.211289e+01 3.535720e+01 5.847091e+01 1.119119e+02 
2.759826e+00 1.190595e+01 3.470166e+01 5.731404e+01 1.095217e+02 
2.798297e+00 1.170186e+01 3.405267e+01 5.617220e+01 1.071672e+02 
2.837304e+00 1.150058e+01 3.341340e+01 5.504507e+01 1.048482e+02 
2.876854e+00 1.130204e+01 3.278213e+01 5.393240e+01 1.025648e+02 
2.916956e+00 1.110623e+01 3.215898e+01 5.283430e+01 1.003170e+02 
2.957617e+00 1.091306e+01 3.154384e+01 5.175076e+01 9.810466e+01 
2.998844e+00 1.072249e+01 3.093664e+01 5.068202e+01 9.592780e+01 
3.040646e+00 1.053443e+01 3.033729e+01 4.962815e+01 9.378634e+01 
3.083031e+00 1.034905e+01 2.974590e+01 4.858942e+01 9.168019e+01 
3.126007e+00 1.016628e+01 2.916259e+01 4.756598e+01 8.960923e+01 
3.169582e+00 9.986199e+00 2.858738e+01 4.655789e+01 8.757332e+01 
3.213764e+00 9.808705e+00 2.802015e+01 4.556505e+01 8.557231e+01 
3.258562e+00 9.633716e+00 2.746071e+01 4.458723e+01 8.360618e+01 
3.303985e+00 9.461163e+00 2.690896e+01 4.362426e+01 8.167450e+01 
3.350041e+00 9.291026e+00 2.636487e+01 4.267602e+01 7.977695e+01 
3.396739e+00 9.123311e+00 2.582853e+01 4.174257e+01 7.791348e+01 
3.444087e+00 8.958050e+00 2.530007e+01 4.082399e+01 7.608452e+01 
3.492096e+00 8.795237e+00 2.477952e+01 3.992038e+01 7.428901e+01 
3.540774e+00 8.634817e+00 2.426682e+01 3.903164e+01 7.252699e+01 
3.590130e+00 8.476703e+00 2.376185e+01 3.815767e+01 7.079822e+01 
3.640175e+00 8.320832e+00 2.326443e+01 3.729819e+01 6.910242e+01 
3.690917e+00 8.167146e+00 2.277439e+01 3.645305e+01 6.743931e+01 
3.742366e+00 8.015595e+00 2.229157e+01 3.562203e+01 6.580857e+01 
3.794533e+00 7.866126e+00 2.181584e+01 3.480501e+01 6.420988e+01 
3.847427e+00 7.718726e+00 2.134715e+01 3.400188e+01 6.264292e+01 
3.901058e+00 7.573385e+00 2.088555e+01 3.321265e+01 6.110737e+01 
3.955436e+00 7.430096e+00 2.043111e+01 3.243723e+01 5.960286e+01 
4.010573e+00 7.288845e+00 1.998382e+01 3.167561e+01 5.812907e+01 
4.066478e+00 7.149633e+00 1.954367e+01 3.092772e+01 5.668564e+01 
4.123163e+00 7.012469e+00 1.911066e+01 3.019353e+01 5.527221e+01 
4.180637e+00 6.877373e+00 1.868476e+01 2.956103e+01 5.388842e+01 
4.238913e+00 6.744344e+00 1.826599e+01 2.876610e+01 5.253389e+01 
4.298001e+00 6.613364e+00 1.785434e+01 2.807275e+01 5.120823e+01 
4.357913e+00 6.484381e+00 1.744977e+01 2.739286e+01 4.991107e+01 
4.418660e+00 6.357326e+00 1.705221e+01 2.672625e+01 4.864199e+01 
4.480254e+00 6.232141e+00 1.666153e+01 2.607271e+01 4.740059e+01 
4.542706e+00 6.108796e+00 1.627884e+01 2.543204e+01 4.618648e+01 
4.606029e+00 5.987284e+00 1.590164e+01 2.480408e+01 4.499924e+01 
4.670234e+00 5.867608e+00 1.553113e+01 2.418873e+01 4.383834e+01 
4.735335e+00 5.749748e+00 1.516724e+01 2.358588e+01 4.270372e+01 
4.801343e+00 5.633681e+00 1.480873e+01 2.299535e+01 4.159466e+01 
4.868271e+00 5.519386e+00 1.445784e+01 2.241700e+01 4.051085e+01 
4.936132e+00 5.406855e+00 1.411337e+01 2.185063e+01 3.945183e+01 
5.004939e+00 5.296082e+00 1.377530e+01 2.129615e+01 3.841720e+01 
5.074705e+00 5.187050e+00 1.344360e+01 2.075336e+01 3.740657e+01 
5.145444e+00 5.079738e+00 1.311820e+01 2.022219e+01 3.641948e+01 
5.217169e+00 4.974130e+00 1.279906e+01 1.970252e+01 3.545553e+01 
5.289893e+00 4.870208e+00 1.248614e+01 1.919412e+01 3.451430e+01 
5.363631e+00 4.767945e+00 1.217937e+01 1.869697e+01 3.359537e+01 
5.438397e+00 4.667303e+00 1.187864e+01 1.821086e+01 3.269833e+01 
5.514206e+00 4.568241e+00 1.158384e+01 1.773551e+01 3.182275e+01 
5.591071e+00 4.470738e+00 1.129490e+01 1.727077e+01 3.096824e+01 
5.669007e+00 4.374803e+00 1.101177e+01 1.681649e+01 3.013439e+01 
5.748030e+00 4.280451e+00 1.073445e+01 1.637250e+01 2.932079e+01 
5.828155e+00 4.187687e+00 1.046292e+01 1.593872e+01 2.852704e+01 
5.909396e+00 4.096488e+00 1.019709e+01 1.551495e+01 2.775273e+01 
5.991770e+00 4.006823e+00 9.936866e+00 1.510106e+01 2.699773e+01 
6.075292e+00 3.918661e+00 9.682148e+00 1.469682e+01 2.626070e+01 
6.159978e+00 3.831982e+00 9.432838e+00 1.430208e+01 2.554255e+01 
6.245845e+00 3.746775e+00 9.188858e+00 1.391666e+01 2.484212e+01 
6.332908e+00 3.663028e+00 8.950148e+00 1.354041e+01 2.415927e+01 
6.421186e+00 3.580726e+00 8.716643e+00 1.317318e+01 2.349341e+01 
6.510694e+00 3.499846e+00 8.488278e+00 1.281482e+01 2.284442e+01 
6.601449e+00 3.420362e+00 8.264966e+00 1.246515e+01 2.221182e+01 
6.693470e+00 3.342259e+00 8.047354e+00 1.212398e+01 2.159530e+01 
6.786773e+00 3.265535e+00 7.833960e+00 1.179115e+01 2.099448e+01 
6.881377e+00 3.190197e+00 7.625457e+00 1.146664e+01 2.040902e+01 
6.977300e+00 3.116238e+00 7.421776e+00 1.115015e+01 1.983861e+01 
7.074559e+00 3.043640e+00 7.222207e+00 1.084157e+01 1.928288e+01 
7.173175e+00 2.972377e+00 7.027915e+00 1.054071e+01 1.874148e+01 
7.273165e+00 2.902421e+00 6.838159e+00 1.024741e+01 1.821412e+01 
7.374549e+00 2.833755e+00 6.652857e+00 9.961488e+00 1.770045e+01 
7.477346e+00 2.766366e+00 6.471936e+00 9.682802e+00 1.720062e+01 
7.581576e+00 2.700246e+00 6.295334e+00 9.411220e+00 1.671249e+01 
7.687260e+00 2.635382e+00 6.122983e+00 9.146598e+00 1.623863e+01 
7.794416e+00 2.571786e+00 5.954810e+00 8.888792e+00 1.577672e+01 
7.903066e+00 2.509388e+00 5.790725e+00 8.637641e+00 1.532700e+01 
8.013230e+00 2.448168e+00 5.630647e+00 8.392991e+00 1.488924e+01 
8.124930e+00 2.388161e+00 5.474490e+00 8.154616e+00 1.446305e+01 
8.238187e+00 2.329331e+00 5.322188e+00 7.922698e+00 1.404817e+01 
8.353023e+00 2.271668e+00 5.173674e+00 7.696634e+00 1.364444e+01 
8.469460e+00 2.215160e+00 5.028883e+00 7.476611e+00 1.325148e+01 
8.587519e+00 2.159790e+00 4.887735e+00 7.262412e+00 1.286911e+01 
8.707225e+00 2.105539e+00 4.750152e+00 7.053873e+00 1.249706e+01 
8.828599e+00 2.052389e+00 4.616057e+00 6.850863e+00 1.213506e+01 
8.951665e+00 2.000328e+00 4.485382e+00 6.653243e+00 1.178287e+01 
9.076446e+00 1.949347e+00 4.358065e+00 6.460895e+00 1.144026e+01 
9.202967e+00 1.899435e+00 4.234041e+00 6.273701e+00 1.110700e+01 
9.331251e+00 1.850610e+00 4.113241e+00 6.091424e+00 1.078284e+01 
9.461324e+00 1.802796e+00 3.995594e+00 5.914322e+00 1.046758e+01 
9.593209e+00 1.755978e+00 3.881029e+00 5.741883e+00 1.016100e+01 
9.726934e+00 1.710199e+00 3.769481e+00 5.574194e+00 9.862883e+00 
9.862522e+00 1.665414e+00 3.660879e+00 5.410935e+00 9.573008e+00 
1.000000e+01 1.621606e+00 3.555153e+00 5.252381e+00 9.291215e+00 
