1.000000e-02 1.511891e+04 1.878583e+04 1.707646e+04 4.986151e+04 
1.013939e-02 1.485009e+04 1.780539e+04 1.657950e+04 4.419206e+04 
1.028073e-02 1.428019e+04 1.647136e+04 1.610099e+04 3.736217e+04 
1.042404e-02 1.355149e+04 1.511611e+04 1.562759e+04 2.969430e+04 
1.056935e-02 1.276502e+04 1.400857e+04 1.515576e+04 2.161274e+04 
1.071668e-02 1.195343e+04 1.327972e+04 1.469266e+04 1.369562e+04 
1.086606e-02 1.111831e+04 1.294090e+04 1.425329e+04 6.446484e+03 
1.101753e-02 1.029004e+04 1.297666e+04 1.385536e+04 2.190849e+02 
1.117111e-02 9.573606e+03 1.340554e+04 1.351431e+04 -4.923610e+03 
1.132683e-02 9.110091e+03 1.424323e+04 1.324051e+04 -9.080807e+03 
1.148472e-02 9.017094e+03 1.544460e+04 1.303864e+04 -1.243729e+04 
1.164481e-02 9.301043e+03 1.685166e+04 1.290847e+04 -1.507707e+04 
1.180713e-02 9.856829e+03 1.823580e+04 1.284467e+04 -1.697984e+04 
1.197171e-02 1.049043e+04 1.934189e+04 1.283558e+04 -1.801699e+04 
1.213859e-02 1.100333e+04 1.994498e+04 1.286121e+04 -1.807824e+04 
1.230780e-02 1.122946e+04 1.986745e+04 1.289335e+04 -1.711468e+04 
1.247936e-02 1.106798e+04 1.901816e+04 1.289906e+04 -1.518688e+04 
1.265332e-02 1.047314e+04 1.742973e+04 1.284779e+04 -1.241556e+04 
1.282970e-02 9.463920e+03 1.527743e+04 1.271970e+04 -8.961440e+03 
1.300854e-02 8.130951e+03 1.284838e+04 1.251137e+04 -5.007232e+03 
1.318987e-02 6.641263e+03 1.046408e+04 1.223703e+04 -7.717329e+02 
1.337373e-02 5.203270e+03 8.404838e+03 1.192381e+04 3.476680e+03 
1.356015e-02 3.996123e+03 6.840110e+03 1.160409e+04 7.456936e+03 
1.374917e-02 3.101361e+03 5.804049e+03 1.130690e+04 1.089087e+04 
1.394083e-02 2.487667e+03 5.195781e+03 1.105292e+04 1.356366e+04 
1.413516e-02 2.064850e+03 4.839738e+03 1.085226e+04 1.530391e+04 
1.433219e-02 1.765650e+03 4.559650e+03 1.070641e+04 1.603998e+04 
1.453198e-02 1.591671e+03 4.247352e+03 1.061046e+04 1.580076e+04 
1.473454e-02 1.598376e+03 3.874106e+03 1.055650e+04 1.479580e+04 
1.493993e-02 1.836359e+03 3.453382e+03 1.053511e+04 1.337595e+04 
1.514819e-02 2.305586e+03 2.998295e+03 1.053731e+04 1.197967e+04 
1.535935e-02 2.939572e+03 2.497127e+03 1.055489e+04 1.096829e+04 
1.557345e-02 3.636126e+03 1.946778e+03 1.058113e+04 1.054106e+04 
1.579053e-02 4.296383e+03 1.383602e+03 1.061099e+04 1.070719e+04 
1.601064e-02 4.874955e+03 9.262052e+02 1.064198e+04 1.138600e+04 
1.623382e-02 5.392706e+03 7.472370e+02 1.067499e+04 1.247622e+04 
1.646012e-02 5.929813e+03 1.029214e+03 1.071472e+04 1.388721e+04 
1.668956e-02 6.569973e+03 1.868044e+03 1.076878e+04 1.548404e+04 
1.692220e-02 7.354396e+03 3.227527e+03 1.084521e+04 1.708575e+04 
1.715809e-02 8.241836e+03 4.922385e+03 1.094941e+04 1.850082e+04 
1.739726e-02 9.123063e+03 6.682638e+03 1.108089e+04 1.961768e+04 
1.763977e-02 9.853056e+03 8.223443e+03 1.123142e+04 2.043018e+04 
1.788566e-02 1.030451e+04 9.324423e+03 1.138541e+04 2.102178e+04 
1.813498e-02 1.040251e+04 9.865630e+03 1.152285e+04 2.148873e+04 
1.838777e-02 1.014347e+04 9.841322e+03 1.162444e+04 2.188627e+04 
1.864409e-02 9.590398e+03 9.338533e+03 1.167706e+04 2.218986e+04 
1.890397e-02 8.849317e+03 8.502215e+03 1.167806e+04 2.231780e+04 
1.916748e-02 8.040568e+03 7.495335e+03 1.163647e+04 2.217700e+04 
1.943467e-02 7.267210e+03 6.466437e+03 1.157103e+04 2.171732e+04 
1.970558e-02 6.602290e+03 5.531062e+03 1.150571e+04 2.095547e+04 
1.998026e-02 6.084055e+03 4.762609e+03 1.146419e+04 1.995955e+04 
2.025878e-02 5.722253e+03 4.192618e+03 1.146483e+04 1.882765e+04 
2.054117e-02 5.502373e+03 3.820402e+03 1.151738e+04 1.765756e+04 
2.082751e-02 5.391606e+03 3.626379e+03 1.162158e+04 1.653683e+04 
2.111783e-02 5.356235e+03 3.594203e+03 1.176824e+04 1.552741e+04 
2.141220e-02 5.375469e+03 3.717411e+03 1.194199e+04 1.466470e+04 
2.171068e-02 5.451391e+03 4.002760e+03 1.212529e+04 1.397146e+04 
2.201331e-02 5.587510e+03 4.445495e+03 1.230205e+04 1.347439e+04 
2.232016e-02 5.769664e+03 5.017850e+03 1.246016e+04 1.322710e+04 
2.263130e-02 5.948899e+03 5.653747e+03 1.259241e+04 1.328761e+04 
2.294676e-02 6.061143e+03 6.268382e+03 1.269590e+04 1.369099e+04 
2.326663e-02 6.049151e+03 6.772305e+03 1.277053e+04 1.439807e+04 
2.359095e-02 5.892091e+03 7.101391e+03 1.281698e+04 1.530060e+04 
2.391980e-02 5.606740e+03 7.224644e+03 1.283560e+04 1.625018e+04 
2.425323e-02 5.244291e+03 7.155501e+03 1.282611e+04 1.712198e+04 
2.459130e-02 4.865878e+03 6.942501e+03 1.278847e+04 1.783979e+04 
2.493409e-02 4.527092e+03 6.659103e+03 1.272380e+04 1.837255e+04 
2.528166e-02 4.258109e+03 6.380109e+03 1.263501e+04 1.869970e+04 
2.563407e-02 4.061443e+03 6.160620e+03 1.252671e+04 1.879736e+04 
2.599140e-02 3.913502e+03 6.021684e+03 1.240455e+04 1.865056e+04 
2.635371e-02 3.778343e+03 5.950013e+03 1.227438e+04 1.829175e+04 
2.672106e-02 3.623492e+03 5.913240e+03 1.214117e+04 1.782606e+04 
2.709354e-02 3.435564e+03 5.878540e+03 1.200803e+04 1.742012e+04 
2.747121e-02 3.229680e+03 5.832082e+03 1.187588e+04 1.724663e+04 
2.785414e-02 3.043603e+03 5.787008e+03 1.174378e+04 1.741677e+04 
2.824241e-02 2.923500e+03 5.783054e+03 1.161020e+04 1.793705e+04 
2.863610e-02 2.903317e+03 5.872106e+03 1.147391e+04 1.871911e+04 
2.903527e-02 2.995582e+03 6.097114e+03 1.133453e+04 1.962111e+04 
2.944000e-02 3.190496e+03 6.471754e+03 1.119226e+04 2.049996e+04 
2.985038e-02 3.463490e+03 6.969963e+03 1.104759e+04 2.123508e+04 
3.026648e-02 3.782626e+03 7.534110e+03 1.090130e+04 2.174599e+04 
3.068838e-02 4.113579e+03 8.092296e+03 1.075464e+04 2.199390e+04 
3.111616e-02 4.427702e+03 8.584599e+03 1.060947e+04 2.199243e+04 
3.154990e-02 4.704619e+03 8.974988e+03 1.046792e+04 2.178834e+04 
3.198969e-02 4.936501e+03 9.256671e+03 1.033162e+04 2.143339e+04 
3.243561e-02 5.119596e+03 9.437382e+03 1.020118e+04 2.094299e+04 
3.288774e-02 5.250716e+03 9.529884e+03 1.007602e+04 2.029480e+04 
3.334618e-02 5.319698e+03 9.540580e+03 9.955174e+03 1.945783e+04 
3.381101e-02 5.314445e+03 9.472660e+03 9.837997e+03 1.844403e+04 
3.428231e-02 5.224638e+03 9.327715e+03 9.724667e+03 1.733084e+04 
3.476019e-02 5.050914e+03 9.111261e+03 9.616074e+03 1.624224e+04 
3.524473e-02 4.807858e+03 8.833425e+03 9.513372e+03 1.529723e+04 
3.573602e-02 4.525382e+03 8.510733e+03 9.417483e+03 1.456157e+04 
3.623416e-02 4.242635e+03 8.165504e+03 9.328799e+03 1.403259e+04 
3.673925e-02 3.999588e+03 7.825332e+03 9.247067e+03 1.365376e+04 
3.725137e-02 3.825941e+03 7.519448e+03 9.171508e+03 1.334705e+04 
3.777064e-02 3.735045e+03 7.275545e+03 9.100853e+03 1.303811e+04 
3.829714e-02 3.721608e+03 7.113438e+03 9.033633e+03 1.267539e+04 
3.883098e-02 3.766863e+03 7.041009e+03 8.968348e+03 1.223932e+04 
3.937226e-02 3.843872e+03 7.048609e+03 8.903755e+03 1.174702e+04 
3.992109e-02 3.925563e+03 7.110549e+03 8.838744e+03 1.124608e+04 
4.047757e-02 3.989021e+03 7.190048e+03 8.772226e+03 1.079970e+04 
4.104181e-02 4.021183e+03 7.251606e+03 8.703060e+03 1.046777e+04 
4.161391e-02 4.019671e+03 7.271125e+03 8.629982e+03 1.029041e+04 
4.219398e-02 3.992983e+03 7.241928e+03 8.551775e+03 1.028059e+04 
4.278214e-02 3.954938e+03 7.171823e+03 8.467563e+03 1.042118e+04 
4.337850e-02 3.919690e+03 7.075925e+03 8.377103e+03 1.067089e+04 
4.398317e-02 3.896357e+03 6.969805e+03 8.280980e+03 1.097255e+04 
4.459628e-02 3.887953e+03 6.865518e+03 8.180600e+03 1.126915e+04 
4.521792e-02 3.892072e+03 6.771356e+03 8.078004e+03 1.151648e+04 
4.584824e-02 3.902427e+03 6.690631e+03 7.975578e+03 1.169076e+04 
4.648734e-02 3.910676e+03 6.622402e+03 7.875725e+03 1.178583e+04 
4.713535e-02 3.907432e+03 6.560178e+03 7.780472e+03 1.180582e+04 
4.779239e-02 3.885617e+03 6.495267e+03 7.691147e+03 1.176226e+04 
4.845859e-02 3.842080e+03 6.418300e+03 7.608079e+03 1.167306e+04 
4.913407e-02 3.779712e+03 6.324874e+03 7.530651e+03 1.156566e+04 
4.981898e-02 3.704710e+03 6.216340e+03 7.457743e+03 1.147035e+04 
5.051342e-02 3.623922e+03 6.101079e+03 7.388119e+03 1.141381e+04 
5.121755e-02 3.540858e+03 5.989294e+03 7.320778e+03 1.140794e+04 
5.193150e-02 3.455866e+03 5.889387e+03 7.255022e+03 1.144989e+04 
5.265540e-02 3.367006e+03 5.802771e+03 7.190413e+03 1.152395e+04 
5.338938e-02 3.272804e+03 5.724521e+03 7.126608e+03 1.161182e+04 
5.413360e-02 3.173134e+03 5.645857e+03 7.063170e+03 1.169783e+04 
5.488820e-02 3.070302e+03 5.560371e+03 6.999558e+03 1.177201e+04 
5.565331e-02 2.968408e+03 5.467520e+03 6.935319e+03 1.182566e+04 
5.642908e-02 2.872748e+03 5.372808e+03 6.870209e+03 1.184683e+04 
5.721568e-02 2.787927e+03 5.283504e+03 6.804227e+03 1.181871e+04 
5.801323e-02 2.716870e+03 5.204033e+03 6.737500e+03 1.172295e+04 
5.882190e-02 2.660251e+03 5.133866e+03 6.670167e+03 1.154767e+04 
5.964185e-02 2.616995e+03 5.068834e+03 6.602259e+03 1.129372e+04 
6.047322e-02 2.584860e+03 5.004303e+03 6.533688e+03 1.097970e+04 
6.131619e-02 2.560852e+03 4.937629e+03 6.464341e+03 1.063818e+04 
6.217090e-02 2.541957e+03 4.869194e+03 6.394258e+03 1.030787e+04 
6.303753e-02 2.525713e+03 4.801492e+03 6.323649e+03 1.001847e+04 
6.391624e-02 2.510983e+03 4.737726e+03 6.252861e+03 9.781322e+03 
6.480720e-02 2.497733e+03 4.680210e+03 6.182282e+03 9.585646e+03 
6.571058e-02 2.486184e+03 4.629720e+03 6.112142e+03 9.408082e+03 
6.662655e-02 2.475760e+03 4.585393e+03 6.042398e+03 9.225482e+03 
6.755528e-02 2.464353e+03 4.545209e+03 5.972613e+03 9.028354e+03 
6.849697e-02 2.448702e+03 4.505811e+03 5.902094e+03 8.823760e+03 
6.945178e-02 2.424975e+03 4.462560e+03 5.830075e+03 8.631579e+03 
7.041990e-02 2.390251e+03 4.409731e+03 5.755991e+03 8.472848e+03 
7.140151e-02 2.343341e+03 4.342461e+03 5.679566e+03 8.360511e+03 
7.239681e-02 2.285581e+03 4.258664e+03 5.600700e+03 8.292423e+03 
7.340598e-02 2.220191e+03 4.160685e+03 5.519400e+03 8.253251e+03 
7.442922e-02 2.151612e+03 4.054443e+03 5.435776e+03 8.219884e+03 
7.546673e-02 2.084415e+03 3.947485e+03 5.350081e+03 8.170576e+03 
7.651869e-02 2.023054e+03 3.846487e+03 5.262587e+03 8.090273e+03 
7.758532e-02 1.971358e+03 3.756083e+03 5.173497e+03 7.973140e+03 
7.866682e-02 1.931999e+03 3.678649e+03 5.082941e+03 7.820802e+03 
7.976339e-02 1.905341e+03 3.614364e+03 4.991038e+03 7.640512e+03 
8.087525e-02 1.889055e+03 3.561407e+03 4.897880e+03 7.443068e+03 
8.200261e-02 1.878861e+03 3.516296e+03 4.803550e+03 7.241159e+03 
8.314568e-02 1.870498e+03 3.475166e+03 4.708166e+03 7.046316e+03 
8.430468e-02 1.861307e+03 3.434696e+03 4.611878e+03 6.865217e+03 
8.547985e-02 1.850568e+03 3.392680e+03 4.514912e+03 6.697842e+03 
8.667139e-02 1.838433e+03 3.347414e+03 4.417569e+03 6.538895e+03 
8.787954e-02 1.824507e+03 3.297146e+03 4.320195e+03 6.382473e+03 
8.910453e-02 1.807203e+03 3.240033e+03 4.223155e+03 6.226092e+03 
9.034660e-02 1.783958e+03 3.174717e+03 4.126889e+03 6.072595e+03 
9.160598e-02 1.752282e+03 3.101050e+03 4.031917e+03 5.927627e+03 
9.288292e-02 1.710555e+03 3.020008e+03 3.938729e+03 5.796195e+03 
9.417766e-02 1.658958e+03 2.933840e+03 3.847863e+03 5.679744e+03 
9.549045e-02 1.599422e+03 2.845527e+03 3.759962e+03 5.576617e+03 
9.682153e-02 1.535429e+03 2.758662e+03 3.675739e+03 5.483235e+03 
9.817117e-02 1.470884e+03 2.676327e+03 3.595755e+03 5.395810e+03 
9.953962e-02 1.409488e+03 2.600645e+03 3.520389e+03 5.310550e+03 
1.009272e-01 1.353946e+03 2.532084e+03 3.449944e+03 5.224121e+03 
1.023340e-01 1.305852e+03 2.469936e+03 3.384628e+03 5.133553e+03 
1.037605e-01 1.265600e+03 2.412785e+03 3.324418e+03 5.036977e+03 
1.052069e-01 1.232839e+03 2.359655e+03 3.269147e+03 4.934374e+03 
1.066734e-01 1.206847e+03 2.310370e+03 3.218648e+03 4.828155e+03 
1.081604e-01 1.186746e+03 2.265365e+03 3.172727e+03 4.722609e+03 
1.096681e-01 1.171557e+03 2.224968e+03 3.131046e+03 4.622924e+03 
1.111968e-01 1.160173e+03 2.189092e+03 3.093154e+03 4.534484e+03 
1.127468e-01 1.151532e+03 2.157416e+03 3.058490e+03 4.462051e+03 
1.143184e-01 1.144649e+03 2.129750e+03 3.026396e+03 4.408824e+03 
1.159120e-01 1.138848e+03 2.106389e+03 2.996133e+03 4.375215e+03 
1.175277e-01 1.133608e+03 2.087719e+03 2.966901e+03 4.358275e+03 
1.191660e-01 1.128557e+03 2.073821e+03 2.937894e+03 4.352121e+03 
1.208271e-01 1.123270e+03 2.063936e+03 2.908413e+03 4.349674e+03 
1.225114e-01 1.117327e+03 2.056613e+03 2.877786e+03 4.344106e+03 
1.242191e-01 1.110321e+03 2.049895e+03 2.845348e+03 4.330108e+03 
1.259506e-01 1.102035e+03 2.041946e+03 2.810627e+03 4.304547e+03 
1.277063e-01 1.092268e+03 2.030947e+03 2.773240e+03 4.266491e+03 
1.294865e-01 1.080647e+03 2.015160e+03 2.732800e+03 4.216608e+03 
1.312915e-01 1.066716e+03 1.993195e+03 2.689183e+03 4.156974e+03 
1.331216e-01 1.050043e+03 1.964352e+03 2.642445e+03 4.089968e+03 
1.349772e-01 1.030521e+03 1.928790e+03 2.592642e+03 4.017337e+03 
1.368587e-01 1.008547e+03 1.887718e+03 2.539999e+03 3.940126e+03 
1.387665e-01 9.849806e+02 1.843080e+03 2.484863e+03 3.858777e+03 
1.407008e-01 9.606527e+02 1.796880e+03 2.427607e+03 3.773200e+03 
1.426621e-01 9.361234e+02 1.750706e+03 2.368717e+03 3.683347e+03 
1.446507e-01 9.115287e+02 1.705400e+03 2.308786e+03 3.589503e+03 
1.466671e-01 8.868304e+02 1.661152e+03 2.248470e+03 3.492755e+03 
1.487115e-01 8.620577e+02 1.617821e+03 2.188456e+03 3.394944e+03 
1.507845e-01 8.374812e+02 1.575279e+03 2.129478e+03 3.298595e+03 
1.528864e-01 8.135095e+02 1.533596e+03 2.072273e+03 3.206202e+03 
1.550175e-01 7.905172e+02 1.492980e+03 2.017565e+03 3.119862e+03 
1.571784e-01 7.687500e+02 1.453787e+03 1.966075e+03 3.040966e+03 
1.593694e-01 7.482352e+02 1.416222e+03 1.918282e+03 2.969932e+03 
1.615909e-01 7.289679e+02 1.380548e+03 1.874584e+03 2.906512e+03 
1.638434e-01 7.109313e+02 1.346908e+03 1.835144e+03 2.849858e+03 
1.661273e-01 6.941209e+02 1.315385e+03 1.799799e+03 2.798698e+03 
1.684430e-01 6.785939e+02 1.286106e+03 1.768291e+03 2.752049e+03 
1.707910e-01 6.643731e+02 1.259224e+03 1.740130e+03 2.709123e+03 
1.731717e-01 6.514401e+02 1.234868e+03 1.714745e+03 2.669478e+03 
1.755856e-01 6.397666e+02 1.213149e+03 1.691541e+03 2.632871e+03 
1.780332e-01 6.292850e+02 1.193950e+03 1.669882e+03 2.599070e+03 
1.805149e-01 6.198882e+02 1.176932e+03 1.649116e+03 2.567782e+03 
1.830312e-01 6.113513e+02 1.161469e+03 1.628582e+03 2.538572e+03 
1.855825e-01 6.032862e+02 1.146727e+03 1.607595e+03 2.510643e+03 
1.881694e-01 5.951601e+02 1.131753e+03 1.585485e+03 2.482756e+03 
1.907924e-01 5.863993e+02 1.115626e+03 1.561639e+03 2.453271e+03 
1.934520e-01 5.765282e+02 1.097636e+03 1.535632e+03 2.420604e+03 
1.961486e-01 5.652228e+02 1.077315e+03 1.507201e+03 2.383484e+03 
1.988828e-01 5.524270e+02 1.054626e+03 1.476463e+03 2.341549e+03 
2.016551e-01 5.382776e+02 1.029814e+03 1.443707e+03 2.295022e+03 
2.044661e-01 5.231330e+02 1.003449e+03 1.409502e+03 2.244785e+03 
2.073162e-01 5.074503e+02 9.762334e+02 1.374495e+03 2.192000e+03 
2.102061e-01 4.917195e+02 9.489148e+02 1.339368e+03 2.138034e+03 
2.131362e-01 4.763943e+02 9.221980e+02 1.304790e+03 2.084343e+03 
2.161073e-01 4.618581e+02 8.966768e+02 1.271366e+03 2.032280e+03 
2.191197e-01 4.483966e+02 8.727902e+02 1.239624e+03 1.982977e+03 
2.221741e-01 4.361945e+02 8.507914e+02 1.210007e+03 1.937294e+03 
2.252711e-01 4.253112e+02 8.307402e+02 1.182815e+03 1.895840e+03 
2.284112e-01 4.157233e+02 8.125835e+02 1.158209e+03 1.859040e+03 
2.315951e-01 4.072974e+02 7.961647e+02 1.136099e+03 1.826946e+03 
2.348235e-01 3.998452e+02 7.813232e+02 1.116224e+03 1.799232e+03 
2.380968e-01 3.930961e+02 7.678500e+02 1.098122e+03 1.775069e+03 
2.414157e-01 3.867480e+02 7.554939e+02 1.081262e+03 1.753311e+03 
2.447809e-01 3.804854e+02 7.439049e+02 1.065065e+03 1.732648e+03 
2.481930e-01 3.740383e+02 7.326526e+02 1.048986e+03 1.711828e+03 
2.516527e-01 3.671997e+02 7.212500e+02 1.032525e+03 1.689760e+03 
2.551606e-01 3.598451e+02 7.092439e+02 1.015278e+03 1.665647e+03 
2.587174e-01 3.519503e+02 6.963441e+02 9.970246e+02 1.639147e+03 
2.623238e-01 3.435800e+02 6.824825e+02 9.777220e+02 1.610405e+03 
2.659804e-01 3.348795e+02 6.678372e+02 9.575357e+02 1.580000e+03 
2.696881e-01 3.260549e+02 6.527756e+02 9.367988e+02 1.548818e+03 
2.734474e-01 3.173247e+02 6.377213e+02 9.159342e+02 1.517769e+03 
2.772591e-01 3.088857e+02 6.230422e+02 8.953829e+02 1.487638e+03 
2.811239e-01 3.008746e+02 6.089741e+02 8.755296e+02 1.458936e+03 
2.850426e-01 2.933739e+02 5.956491e+02 8.567015e+02 1.431977e+03 
2.890160e-01 2.864130e+02 5.831328e+02 8.391436e+02 1.406900e+03 
2.930447e-01 2.799700e+02 5.714310e+02 8.229599e+02 1.383677e+03 
2.971296e-01 2.739932e+02 5.605140e+02 8.081108e+02 1.362166e+03 
3.012714e-01 2.684070e+02 5.502949e+02 7.944031e+02 1.342104e+03 
3.054710e-01 2.631053e+02 5.406102e+02 7.815124e+02 1.323077e+03 
3.097291e-01 2.579620e+02 5.312370e+02 7.690683e+02 1.304585e+03 
3.140465e-01 2.528458e+02 5.219331e+02 7.567389e+02 1.286137e+03 
3.184242e-01 2.476429e+02 5.124791e+02 7.442746e+02 1.267326e+03 
3.228628e-01 2.422806e+02 5.027235e+02 7.315143e+02 1.247880e+03 
3.273634e-01 2.367504e+02 4.926204e+02 7.183906e+02 1.227682e+03 
3.319266e-01 2.311195e+02 4.822660e+02 7.049631e+02 1.206838e+03 
3.365535e-01 2.255000e+02 4.718490e+02 6.913912e+02 1.185611e+03 
3.412449e-01 2.200184e+02 4.616112e+02 6.779313e+02 1.164423e+03 
3.460016e-01 2.147701e+02 4.517512e+02 6.648467e+02 1.143717e+03 
3.508247e-01 2.097877e+02 4.423593e+02 6.523113e+02 1.123811e+03 
3.557150e-01 2.050621e+02 4.334313e+02 6.403969e+02 1.104868e+03 
3.606735e-01 2.005760e+02 4.249313e+02 6.291134e+02 1.086941e+03 
3.657011e-01 1.963095e+02 4.168086e+02 6.184117e+02 1.069962e+03 
3.707988e-01 1.922228e+02 4.089874e+02 6.081690e+02 1.053731e+03 
3.759675e-01 1.882542e+02 4.013669e+02 5.982082e+02 1.037963e+03 
3.812083e-01 1.843335e+02 3.938423e+02 5.883406e+02 1.022379e+03 
3.865221e-01 1.804174e+02 3.863553e+02 5.784472e+02 1.006801e+03 
3.919100e-01 1.765006e+02 3.789105e+02 5.685041e+02 9.911930e+02 
3.973730e-01 1.725847e+02 3.715223e+02 5.585212e+02 9.755290e+02 
4.029122e-01 1.686959e+02 3.642451e+02 5.485826e+02 9.598901e+02 
4.085286e-01 1.648665e+02 3.571355e+02 5.387998e+02 9.444053e+02 
4.142232e-01 1.611368e+02 3.502552e+02 5.292973e+02 9.292691e+02 
4.199973e-01 1.575299e+02 3.436294e+02 5.201436e+02 9.146257e+02 
4.258518e-01 1.540571e+02 3.372646e+02 5.113549e+02 9.005706e+02 
4.317880e-01 1.507191e+02 3.311583e+02 5.029090e+02 8.871322e+02 
4.378069e-01 1.475050e+02 3.252995e+02 4.947551e+02 8.742720e+02 
4.439097e-01 1.443797e+02 3.196406e+02 4.868001e+02 8.618431e+02 
4.500975e-01 1.413071e+02 3.141254e+02 4.789617e+02 8.496801e+02 
4.563716e-01 1.382645e+02 3.087075e+02 4.712010e+02 8.376605e+02 
4.627332e-01 1.352457e+02 3.033520e+02 4.635161e+02 8.257201e+02 
4.691835e-01 1.322478e+02 2.980213e+02 4.559093e+02 8.138260e+02 
4.757236e-01 1.292943e+02 2.927215e+02 4.484282e+02 8.020514e+02 
4.823549e-01 1.264142e+02 2.874754e+02 4.411197e+02 7.905027e+02 
4.890787e-01 1.236312e+02 2.823088e+02 4.340026e+02 7.792625e+02 
4.958962e-01 1.209568e+02 2.772390e+02 4.270637e+02 7.683559e+02 
5.028087e-01 1.184027e+02 2.722952e+02 4.202952e+02 7.577883e+02 
5.098176e-01 1.159631e+02 2.674865e+02 4.136705e+02 7.475035e+02 
5.169242e-01 1.136161e+02 2.628001e+02 4.071513e+02 7.374094e+02 
5.241298e-01 1.113400e+02 2.582234e+02 4.007204e+02 7.274465e+02 
5.314359e-01 1.091253e+02 2.537610e+02 3.943928e+02 7.176178e+02 
5.388438e-01 1.069577e+02 2.494034e+02 3.881698e+02 7.079181e+02 
5.463550e-01 1.048361e+02 2.451551e+02 3.820686e+02 6.983659e+02 
5.539709e-01 1.027664e+02 2.410251e+02 3.761131e+02 6.889824e+02 
5.616930e-01 1.007401e+02 2.369924e+02 3.702909e+02 6.797309e+02 
5.695227e-01 9.875146e+01 2.330384e+02 3.645944e+02 6.705867e+02 
5.774615e-01 9.679608e+01 2.291459e+02 3.590157e+02 6.615344e+02 
5.855110e-01 9.486467e+01 2.252931e+02 3.535319e+02 6.525479e+02 
5.936727e-01 9.295925e+01 2.214799e+02 3.481386e+02 6.436338e+02 
6.019482e-01 9.108728e+01 2.177186e+02 3.428393e+02 6.348112e+02 
6.103390e-01 8.925314e+01 2.140192e+02 3.376313e+02 6.260890e+02 
6.188468e-01 8.746573e+01 2.104003e+02 3.325210e+02 6.174858e+02 
6.274732e-01 8.573013e+01 2.068742e+02 3.275075e+02 6.090073e+02 
6.362198e-01 8.404870e+01 2.034483e+02 3.225844e+02 6.006523e+02 
6.450884e-01 8.242340e+01 2.001282e+02 3.177486e+02 5.924281e+02 
6.540806e-01 8.085023e+01 1.969105e+02 3.129936e+02 5.843389e+02 
6.631981e-01 7.932049e+01 1.937840e+02 3.083122e+02 5.763864e+02 
6.724427e-01 7.782707e+01 1.907394e+02 3.037069e+02 5.685757e+02 
6.818162e-01 7.636294e+01 1.877655e+02 2.991805e+02 5.609006e+02 
6.913204e-01 7.492245e+01 1.848515e+02 2.947344e+02 5.533471e+02 
7.009570e-01 7.350131e+01 1.819869e+02 2.903671e+02 5.458998e+02 
7.107280e-01 7.209702e+01 1.791631e+02 2.860752e+02 5.385530e+02 
7.206351e-01 7.070903e+01 1.763727e+02 2.818545e+02 5.313113e+02 
7.306804e-01 6.933887e+01 1.736099e+02 2.777018e+02 5.241832e+02 
7.408657e-01 6.799041e+01 1.708717e+02 2.736150e+02 5.171725e+02 
7.511929e-01 6.666822e+01 1.681580e+02 2.695921e+02 5.102734e+02 
7.616642e-01 6.537628e+01 1.654732e+02 2.656313e+02 5.034741e+02 
7.722814e-01 6.411662e+01 1.628236e+02 2.617307e+02 4.967640e+02 
7.830465e-01 6.288884e+01 1.602149e+02 2.578881e+02 4.901387e+02 
7.939618e-01 6.169090e+01 1.576498e+02 2.541021e+02 4.835987e+02 
8.050292e-01 6.052056e+01 1.551281e+02 2.503711e+02 4.771469e+02 
8.162509e-01 5.937726e+01 1.526493e+02 2.466946e+02 4.707826e+02 
8.276289e-01 5.826182e+01 1.502130e+02 2.430720e+02 4.644988e+02 
8.391656e-01 5.717609e+01 1.478206e+02 2.395026e+02 4.582812e+02 
8.508632e-01 5.612156e+01 1.454731e+02 2.359854e+02 4.521146e+02 
8.627237e-01 5.509867e+01 1.431707e+02 2.325193e+02 4.459864e+02 
8.747496e-01 5.410605e+01 1.409120e+02 2.291026e+02 4.398908e+02 
8.869432e-01 5.314123e+01 1.386952e+02 2.257337e+02 4.338293e+02 
8.993067e-01 5.220130e+01 1.365197e+02 2.224111e+02 4.278129e+02 
9.118425e-01 5.128341e+01 1.343856e+02 2.191333e+02 4.218562e+02 
9.245531e-01 5.038462e+01 1.322936e+02 2.158990e+02 4.159735e+02 
9.374409e-01 4.950216e+01 1.302431e+02 2.127070e+02 4.101737e+02 
9.505083e-01 4.863339e+01 1.282320e+02 2.095564e+02 4.044567e+02 
9.637579e-01 4.777632e+01 1.262563e+02 2.064464e+02 3.988146e+02 
9.771921e-01 4.693003e+01 1.243117e+02 2.033769e+02 3.932343e+02 
9.908137e-01 4.609536e+01 1.223949e+02 2.003472e+02 3.877050e+02 
1.004625e+00 4.527456e+01 1.205046e+02 1.973575e+02 3.822176e+02 
1.018629e+00 4.447051e+01 1.186407e+02 1.944071e+02 3.767678e+02 
1.032828e+00 4.368566e+01 1.168043e+02 1.914956e+02 3.713545e+02 
1.047225e+00 4.292130e+01 1.149964e+02 1.886219e+02 3.659798e+02 
1.061823e+00 4.217707e+01 1.132175e+02 1.857853e+02 3.606477e+02 
1.076624e+00 4.145095e+01 1.114665e+02 1.829845e+02 3.553629e+02 
1.091632e+00 4.074004e+01 1.097409e+02 1.802185e+02 3.501297e+02 
1.106848e+00 4.004138e+01 1.080377e+02 1.774867e+02 3.449482e+02 
1.122277e+00 3.935274e+01 1.063545e+02 1.747882e+02 3.398139e+02 
1.137921e+00 3.867293e+01 1.046895e+02 1.721221e+02 3.347189e+02 
1.153783e+00 3.800218e+01 1.030431e+02 1.694880e+02 3.296563e+02 
1.169866e+00 3.734150e+01 1.014167e+02 1.668851e+02 3.246232e+02 
1.186174e+00 3.669236e+01 9.981232e+01 1.643126e+02 3.196230e+02 
1.202708e+00 3.605600e+01 9.823218e+01 1.617702e+02 3.146648e+02 
1.219473e+00 3.543319e+01 9.667745e+01 1.592571e+02 3.097591e+02 
1.236472e+00 3.482369e+01 9.514733e+01 1.567735e+02 3.049158e+02 
1.253708e+00 3.422654e+01 9.363950e+01 1.543188e+02 3.001412e+02 
1.271184e+00 3.364046e+01 9.215096e+01 1.518930e+02 2.954365e+02 
1.288904e+00 3.306449e+01 9.067954e+01 1.494956e+02 2.907978e+02 
1.306870e+00 3.249810e+01 8.922462e+01 1.471264e+02 2.862170e+02 
1.325087e+00 3.194122e+01 8.778734e+01 1.447850e+02 2.816840e+02 
1.343558e+00 3.139402e+01 8.636983e+01 1.424707e+02 2.771907e+02 
1.362287e+00 3.085662e+01 8.497400e+01 1.401831e+02 2.727325e+02 
1.381276e+00 3.032897e+01 8.360047e+01 1.379214e+02 2.683090e+02 
1.400531e+00 2.981084e+01 8.224834e+01 1.356854e+02 2.639218e+02 
1.420053e+00 2.930200e+01 8.091568e+01 1.334745e+02 2.595730e+02 
1.439848e+00 2.880221e+01 7.960051e+01 1.312886e+02 2.552636e+02 
1.459919e+00 2.831124e+01 7.830160e+01 1.291275e+02 2.509932e+02 
1.480269e+00 2.782893e+01 7.701884e+01 1.269909e+02 2.467617e+02 
1.500903e+00 2.735512e+01 7.575282e+01 1.248788e+02 2.425691e+02 
1.521825e+00 2.688951e+01 7.450403e+01 1.227912e+02 2.384155e+02 
1.543038e+00 2.643173e+01 7.327238e+01 1.207277e+02 2.343007e+02 
1.564548e+00 2.600539e+01 7.205724e+01 1.186882e+02 2.302237e+02 
1.586357e+00 2.553860e+01 7.085771e+01 1.166724e+02 2.261830e+02 
1.608469e+00 2.510313e+01 6.967311e+01 1.146798e+02 2.221779e+02 
1.630891e+00 2.467528e+01 6.850313e+01 1.127103e+02 2.182085e+02 
1.653624e+00 2.425517e+01 6.734755e+01 1.107637e+02 2.142773e+02 
1.676675e+00 2.384270e+01 6.620604e+01 1.088397e+02 2.103883e+02 
1.700047e+00 2.343749e+01 6.507808e+01 1.069383e+02 2.065459e+02 
1.723745e+00 2.303892e+01 6.396315e+01 1.050592e+02 2.027538e+02 
1.747773e+00 2.264639e+01 6.286091e+01 1.032026e+02 1.990134e+02 
1.772136e+00 2.225938e+01 6.177127e+01 1.013681e+02 1.953230e+02 
1.796838e+00 2.187762e+01 6.069439e+01 9.955567e+01 1.916794e+02 
1.821885e+00 2.150111e+01 5.963060e+01 9.776520e+01 1.880789e+02 
1.847281e+00 2.113007e+01 5.858019e+01 9.599657e+01 1.845194e+02 
1.873032e+00 2.076474e+01 5.754337e+01 9.424966e+01 1.810004e+02 
1.899141e+00 2.040530e+01 5.652016e+01 9.252434e+01 1.775223e+02 
1.925614e+00 2.005180e+01 5.551038e+01 9.082053e+01 1.740862e+02 
1.952456e+00 1.970402e+01 5.451372e+01 8.913812e+01 1.706927e+02 
1.979672e+00 1.936169e+01 5.352987e+01 8.747702e+01 1.673426e+02 
2.007267e+00 1.902456e+01 5.255879e+01 8.583719e+01 1.640363e+02 
2.035248e+00 1.869248e+01 5.160078e+01 8.421855e+01 1.607746e+02 
2.063618e+00 1.836539e+01 5.065637e+01 8.262103e+01 1.575576e+02 
2.092383e+00 1.804327e+01 4.972615e+01 8.104457e+01 1.543857e+02 
2.121550e+00 1.772609e+01 4.881027e+01 7.948909e+01 1.512579e+02 
2.151123e+00 1.741377e+01 4.790841e+01 7.795452e+01 1.481735e+02 
2.181109e+00 1.710615e+01 4.701977e+01 7.644075e+01 1.451313e+02 
2.211512e+00 1.680317e+01 4.614342e+01 7.494765e+01 1.421306e+02 
2.242340e+00 1.650475e+01 4.527863e+01 7.347509e+01 1.391710e+02 
2.273597e+00 1.621086e+01 4.442496e+01 7.202290e+01 1.362530e+02 
2.305289e+00 1.592150e+01 4.358234e+01 7.059095e+01 1.333771e+02 
2.337424e+00 1.563665e+01 4.275086e+01 6.917907e+01 1.305445e+02 
2.370006e+00 1.535627e+01 4.193072e+01 6.778714e+01 1.277560e+02 
2.403043e+00 1.508027e+01 4.112207e+01 6.641501e+01 1.250121e+02 
2.436540e+00 1.480856e+01 4.032506e+01 6.506260e+01 1.223130e+02 
2.470504e+00 1.454108e+01 3.953968e+01 6.372981e+01 1.196585e+02 
2.504942e+00 1.427771e+01 3.876590e+01 6.241658e+01 1.170478e+02 
2.539859e+00 1.401835e+01 3.800347e+01 6.112284e+01 1.144802e+02 
2.575263e+00 1.376278e+01 3.725216e+01 5.984851e+01 1.119555e+02 
2.611161e+00 1.351085e+01 3.651164e+01 5.859355e+01 1.094737e+02 
2.647559e+00 1.326237e+01 3.578159e+01 5.735786e+01 1.070346e+02 
2.684465e+00 1.301721e+01 3.506182e+01 5.614136e+01 1.046380e+02 
2.721885e+00 1.277538e+01 3.435224e+01 5.494393e+01 1.022835e+02 
2.759826e+00 1.253690e+01 3.365285e+01 5.376546e+01 9.997082e+01 
2.798297e+00 1.230186e+01 3.296369e+01 5.260583e+01 9.769921e+01 
2.837304e+00 1.207035e+01 3.228479e+01 5.146496e+01 9.546801e+01 
2.876854e+00 1.184242e+01 3.161617e+01 5.034273e+01 9.327650e+01 
2.916956e+00 1.161807e+01 3.095782e+01 4.923896e+01 9.112399e+01 
2.957617e+00 1.139730e+01 3.030981e+01 4.815353e+01 8.900993e+01 
2.998844e+00 1.118010e+01 2.967228e+01 4.708631e+01 8.693401e+01 
3.040646e+00 1.096642e+01 2.904529e+01 4.603713e+01 8.489606e+01 
3.083031e+00 1.075619e+01 2.842881e+01 4.500587e+01 8.289609e+01 
3.126007e+00 1.054932e+01 2.782266e+01 4.399238e+01 8.093410e+01 
3.169582e+00 1.034570e+01 2.722657e+01 4.299652e+01 7.901007e+01 
3.213764e+00 1.014525e+01 2.664023e+01 4.201817e+01 7.712377e+01 
3.258562e+00 9.947878e+00 2.606337e+01 4.105718e+01 7.527515e+01 
3.303985e+00 9.753526e+00 2.549584e+01 4.011343e+01 7.346311e+01 
3.350041e+00 9.562152e+00 2.493759e+01 3.918674e+01 7.168691e+01 
3.396739e+00 9.373713e+00 2.438865e+01 3.827699e+01 6.994640e+01 
3.444087e+00 9.188184e+00 2.384907e+01 3.738399e+01 6.824130e+01 
3.492096e+00 9.005539e+00 2.331886e+01 3.650760e+01 6.657135e+01 
3.540774e+00 8.825750e+00 2.279800e+01 3.564766e+01 6.493543e+01 
3.590130e+00 8.648780e+00 2.233093e+01 3.480398e+01 6.333350e+01 
3.640175e+00 8.474589e+00 2.178391e+01 3.397640e+01 6.176505e+01 
3.690917e+00 8.303139e+00 2.129043e+01 3.316476e+01 6.022956e+01 
3.742366e+00 8.134392e+00 2.080577e+01 3.236889e+01 5.872647e+01 
3.794533e+00 7.968314e+00 2.032980e+01 3.158864e+01 5.725530e+01 
3.847427e+00 7.804883e+00 1.986233e+01 3.082378e+01 5.581561e+01 
3.901058e+00 7.644082e+00 1.940325e+01 3.007413e+01 5.440703e+01 
3.955436e+00 7.485893e+00 1.895244e+01 2.933952e+01 5.302919e+01 
4.010573e+00 7.330300e+00 1.850981e+01 2.861983e+01 5.168166e+01 
4.066478e+00 7.177272e+00 1.807529e+01 2.791485e+01 5.036388e+01 
4.123163e+00 7.026766e+00 1.764881e+01 2.722433e+01 4.907530e+01 
4.180637e+00 6.878732e+00 1.723031e+01 2.654813e+01 4.781545e+01 
4.238913e+00 6.733124e+00 1.681970e+01 2.588601e+01 4.658388e+01 
4.298001e+00 6.589902e+00 1.641695e+01 2.523782e+01 4.538020e+01 
4.357913e+00 6.449034e+00 1.602200e+01 2.460333e+01 4.420397e+01 
4.418660e+00 6.310496e+00 1.563479e+01 2.398236e+01 4.305471e+01 
4.480254e+00 6.174270e+00 1.525525e+01 2.337472e+01 4.193190e+01 
4.542706e+00 6.040342e+00 1.488328e+01 2.278020e+01 4.083501e+01 
4.606029e+00 5.908706e+00 1.451881e+01 2.219860e+01 3.976329e+01 
4.670234e+00 5.779354e+00 1.416178e+01 2.162973e+01 3.871697e+01 
4.735335e+00 5.652276e+00 1.381210e+01 2.107338e+01 3.769489e+01 
4.801343e+00 5.527455e+00 1.346970e+01 2.052937e+01 3.669719e+01 
4.868271e+00 5.404866e+00 1.313448e+01 1.999750e+01 3.572258e+01 
4.936132e+00 5.284480e+00 1.280632e+01 1.947756e+01 3.477152e+01 
5.004939e+00 5.166263e+00 1.248510e+01 1.896939e+01 3.384325e+01 
5.074705e+00 5.050187e+00 1.217070e+01 1.847277e+01 3.293727e+01 
5.145444e+00 4.936224e+00 1.186297e+01 1.798751e+01 3.205305e+01 
5.217169e+00 4.824360e+00 1.156184e+01 1.751340e+01 3.119010e+01 
5.289893e+00 4.714576e+00 1.126722e+01 1.705026e+01 3.034796e+01 
5.363631e+00 4.606856e+00 1.097901e+01 1.659796e+01 2.952627e+01 
5.438397e+00 4.501164e+00 1.069714e+01 1.615623e+01 2.872472e+01 
5.514206e+00 4.397465e+00 1.042148e+01 1.572491e+01 2.794302e+01 
5.591071e+00 4.301486e+00 1.015193e+01 1.530380e+01 2.718088e+01 
5.669007e+00 4.195877e+00 9.888365e+00 1.489271e+01 2.643791e+01 
5.748030e+00 4.097903e+00 9.630682e+00 1.449147e+01 2.571371e+01 
5.828155e+00 4.001768e+00 9.378781e+00 1.409989e+01 2.500785e+01 
5.909396e+00 3.907450e+00 9.132574e+00 1.371776e+01 2.431987e+01 
5.991770e+00 3.814934e+00 8.891978e+00 1.334495e+01 2.364935e+01 
6.075292e+00 3.724203e+00 8.656912e+00 1.298123e+01 2.299590e+01 
6.159978e+00 3.635247e+00 8.427294e+00 1.262645e+01 2.235914e+01 
6.245845e+00 3.548050e+00 8.203041e+00 1.228042e+01 2.173870e+01 
6.332908e+00 3.462593e+00 7.984065e+00 1.194298e+01 2.113422e+01 
6.421186e+00 3.378856e+00 7.770273e+00 1.161393e+01 2.054537e+01 
6.510694e+00 3.296812e+00 7.561556e+00 1.129321e+01 1.997181e+01 
6.601449e+00 3.216429e+00 7.357813e+00 1.098039e+01 1.941320e+01 
6.693470e+00 3.137678e+00 7.158941e+00 1.067554e+01 1.886915e+01 
6.786773e+00 3.060529e+00 6.964839e+00 1.037837e+01 1.833935e+01 
6.881377e+00 2.984956e+00 6.775408e+00 1.008890e+01 1.782342e+01 
6.977300e+00 2.910934e+00 6.590557e+00 9.806766e+00 1.732107e+01 
7.074559e+00 2.838443e+00 6.410201e+00 9.531878e+00 1.683195e+01 
7.173175e+00 2.767464e+00 6.234261e+00 9.264080e+00 1.635575e+01 
7.273165e+00 2.697977e+00 6.062656e+00 9.003214e+00 1.589225e+01 
7.374549e+00 2.629959e+00 5.895296e+00 8.749120e+00 1.544115e+01 
7.477346e+00 2.563390e+00 5.732095e+00 8.501647e+00 1.500211e+01 
7.581576e+00 2.498245e+00 5.572972e+00 8.260654e+00 1.457428e+01 
7.687260e+00 2.434503e+00 5.417843e+00 8.025995e+00 1.415913e+01 
7.794416e+00 2.372139e+00 5.266628e+00 7.797518e+00 1.375463e+01 
7.903066e+00 2.311136e+00 5.119249e+00 7.574990e+00 1.336110e+01 
8.013230e+00 2.251472e+00 4.975632e+00 7.358554e+00 1.297825e+01 
8.124930e+00 2.193125e+00 4.835698e+00 7.147791e+00 1.260583e+01 
8.238187e+00 2.136076e+00 4.699371e+00 6.942663e+00 1.224361e+01 
8.353023e+00 2.080306e+00 4.566573e+00 6.743035e+00 1.189128e+01 
8.469460e+00 2.025793e+00 4.437224e+00 6.548782e+00 1.154864e+01 
8.587519e+00 1.972518e+00 4.311249e+00 6.359765e+00 1.121543e+01 
8.707225e+00 1.920458e+00 4.188581e+00 6.175856e+00 1.088986e+01 
8.828599e+00 1.869591e+00 4.069112e+00 5.996953e+00 1.057632e+01 
8.951665e+00 1.819894e+00 3.952789e+00 5.822926e+00 1.026991e+01 
9.076446e+00 1.771350e+00 3.839557e+00 5.653650e+00 9.971949e+00 
9.202967e+00 1.723932e+00 3.729314e+00 5.489014e+00 9.682230e+00 
9.331251e+00 1.677612e+00 3.622001e+00 5.328904e+00 9.400551e+00 
9.461324e+00 1.632389e+00 3.517551e+00 5.173204e+00 9.126726e+00 
9.593209e+00 1.588241e+00 3.415898e+00 5.021800e+00 8.860550e+00 
9.726934e+00 1.545147e+00 3.316978e+00 4.874440e+00 8.601889e+00 
9.862522e+00 1.503090e+00 3.220728e+00 4.731322e+00 8.350498e+00 
1.000000e+01 1.462051e+00 3.127087e+00 4.592211e+00 8.106198e+00 
