 1.000000e-02  5.539922e+03  1.012521e+04  1.371081e+04  2.045780e+04 
 1.013939e-02  5.568347e+03  1.017701e+04  1.378083e+04  2.056195e+04 
 1.028073e-02  5.596252e+03  1.022786e+04  1.384955e+04  2.066417e+04 
 1.042404e-02  5.623613e+03  1.027771e+04  1.391693e+04  2.076437e+04 
 1.056935e-02  5.650424e+03  1.032655e+04  1.398292e+04  2.086247e+04 
 1.071668e-02  5.676655e+03  1.037432e+04  1.404746e+04  2.095843e+04 
 1.086606e-02  5.702287e+03  1.042100e+04  1.411052e+04  2.105215e+04 
 1.101753e-02  5.727297e+03  1.046654e+04  1.417203e+04  2.114358e+04 
 1.117111e-02  5.751669e+03  1.051090e+04  1.423195e+04  2.123260e+04 
 1.132683e-02  5.775377e+03  1.055404e+04  1.429021e+04  2.131915e+04 
 1.148472e-02  5.798400e+03  1.059593e+04  1.434676e+04  2.140315e+04 
 1.164481e-02  5.820708e+03  1.063653e+04  1.440157e+04  2.148453e+04 
 1.180713e-02  5.842293e+03  1.067578e+04  1.445456e+04  2.156318e+04 
 1.197171e-02  5.863126e+03  1.071365e+04  1.450565e+04  2.163902e+04 
 1.213859e-02  5.883186e+03  1.075011e+04  1.455484e+04  2.171198e+04 
 1.230780e-02  5.902445e+03  1.078510e+04  1.460205e+04  2.178199e+04 
 1.247936e-02  5.920898e+03  1.081861e+04  1.464725e+04  2.184900e+04 
 1.265332e-02  5.938511e+03  1.085058e+04  1.469035e+04  2.191287e+04 
 1.282970e-02  5.955265e+03  1.088097e+04  1.473133e+04  2.197354e+04 
 1.300854e-02  5.971142e+03  1.090975e+04  1.477010e+04  2.203095e+04 
 1.318987e-02  5.986115e+03  1.093690e+04  1.480667e+04  2.208504e+04 
 1.337373e-02  6.000177e+03  1.096236e+04  1.484095e+04  2.213571e+04 
 1.356015e-02  6.013295e+03  1.098609e+04  1.487288e+04  2.218290e+04 
 1.374917e-02  6.025444e+03  1.100805e+04  1.490240e+04  2.222647e+04 
 1.394083e-02  6.036604e+03  1.102820e+04  1.492947e+04  2.226637e+04 
 1.413516e-02  6.046748e+03  1.104648e+04  1.495403e+04  2.230249e+04 
 1.433219e-02  6.055851e+03  1.106285e+04  1.497598e+04  2.233478e+04 
 1.453198e-02  6.063893e+03  1.107729e+04  1.499531e+04  2.236311e+04 
 1.473454e-02  6.070842e+03  1.108974e+04  1.501195e+04  2.238743e+04 
 1.493993e-02  6.076688e+03  1.110015e+04  1.502582e+04  2.240761e+04 
 1.514819e-02  6.081412e+03  1.110854e+04  1.503697e+04  2.242376e+04 
 1.535935e-02  6.084987e+03  1.111482e+04  1.504529e+04  2.243569e+04 
 1.557345e-02  6.087389e+03  1.111897e+04  1.505071e+04  2.244330e+04 
 1.579053e-02  6.088599e+03  1.112094e+04  1.505316e+04  2.244650e+04 
 1.601064e-02  6.088601e+03  1.112070e+04  1.505263e+04  2.244520e+04 
 1.623382e-02  6.087380e+03  1.111822e+04  1.504906e+04  2.243941e+04 
 1.646012e-02  6.084916e+03  1.111346e+04  1.504241e+04  2.242901e+04 
 1.668956e-02  6.081193e+03  1.110641e+04  1.503264e+04  2.241395e+04 
 1.692220e-02  6.076196e+03  1.109700e+04  1.501972e+04  2.239417e+04 
 1.715809e-02  6.069905e+03  1.108525e+04  1.500359e+04  2.236962e+04 
 1.739726e-02  6.062300e+03  1.107111e+04  1.498419e+04  2.234022e+04 
 1.763977e-02  6.053362e+03  1.105451e+04  1.496152e+04  2.230589e+04 
 1.788566e-02  6.043074e+03  1.103545e+04  1.493550e+04  2.226658e+04 
 1.813498e-02  6.031422e+03  1.101389e+04  1.490610e+04  2.222223e+04 
 1.838777e-02  6.018390e+03  1.098982e+04  1.487328e+04  2.217279e+04 
 1.864409e-02  6.003976e+03  1.096320e+04  1.483702e+04  2.211823e+04 
 1.890397e-02  5.988151e+03  1.093401e+04  1.479729e+04  2.205846e+04 
 1.916748e-02  5.970918e+03  1.090225e+04  1.475407e+04  2.199351e+04 
 1.943467e-02  5.952262e+03  1.086789e+04  1.470733e+04  2.192331e+04 
 1.970558e-02  5.932187e+03  1.083094e+04  1.465709e+04  2.184789e+04 
 1.998026e-02  5.910686e+03  1.079139e+04  1.460333e+04  2.176719e+04 
 2.025878e-02  5.887759e+03  1.074923e+04  1.454603e+04  2.168124e+04 
 2.054117e-02  5.863411e+03  1.070446e+04  1.448521e+04  2.159004e+04 
 2.082751e-02  5.837649e+03  1.065712e+04  1.442090e+04  2.149365e+04 
 2.111783e-02  5.810479e+03  1.060721e+04  1.435310e+04  2.139208e+04 
 2.141220e-02  5.781994e+03  1.055486e+04  1.428199e+04  2.128545e+04 
 2.171068e-02  5.752717e+03  1.050087e+04  1.420843e+04  2.117463e+04 
 2.201331e-02  5.722033e+03  1.044430e+04  1.413138e+04  2.105865e+04 
 2.232016e-02  5.689942e+03  1.038516e+04  1.405088e+04  2.093746e+04 
 2.263130e-02  5.656445e+03  1.032345e+04  1.396689e+04  2.081112e+04 
 2.294676e-02  5.621557e+03  1.025921e+04  1.387946e+04  2.067964e+04 
 2.326663e-02  5.585282e+03  1.019243e+04  1.378862e+04  2.054309e+04 
 2.359095e-02  5.547641e+03  1.012317e+04  1.369441e+04  2.040149e+04 
 2.391980e-02  5.508651e+03  1.005143e+04  1.359684e+04  2.025494e+04 
 2.425323e-02  5.468324e+03  9.977266e+03  1.349600e+04  2.010351e+04 
 2.459130e-02  5.426692e+03  9.900723e+03  1.339195e+04  1.994728e+04 
 2.493409e-02  5.383794e+03  9.821851e+03  1.328476e+04  1.978639e+04 
 2.528166e-02  5.339653e+03  9.740737e+03  1.317451e+04  1.962095e+04 
 2.563407e-02  5.294309e+03  9.657428e+03  1.306130e+04  1.945112e+04 
 2.599140e-02  5.247820e+03  9.572020e+03  1.294527e+04  1.927709e+04 
 2.635371e-02  5.200228e+03  9.484611e+03  1.282653e+04  1.909903e+04 
 2.672106e-02  5.151576e+03  9.395274e+03  1.270520e+04  1.891710e+04 
 2.709354e-02  5.101893e+03  9.304067e+03  1.258133e+04  1.873142e+04 
 2.747121e-02  5.051216e+03  9.211041e+03  1.245501e+04  1.854210e+04 
 2.785414e-02  4.999512e+03  9.116177e+03  1.232623e+04  1.834920e+04 
 2.824241e-02  4.946579e+03  9.019191e+03  1.219469e+04  1.815249e+04 
 2.863610e-02  4.892762e+03  8.920593e+03  1.206100e+04  1.795255e+04 
 2.903527e-02  4.838098e+03  8.820466e+03  1.192523e+04  1.774958e+04 
 2.944000e-02  4.782652e+03  8.718911e+03  1.178754e+04  1.754371e+04 
 2.985038e-02  4.726473e+03  8.616026e+03  1.164806e+04  1.733523e+04 
 3.026648e-02  4.669619e+03  8.511918e+03  1.150693e+04  1.712429e+04 
 3.068838e-02  4.612159e+03  8.406727e+03  1.136434e+04  1.691117e+04 
 3.111616e-02  4.554175e+03  8.300570e+03  1.122044e+04  1.669615e+04 
 3.154990e-02  4.495736e+03  8.193599e+03  1.107545e+04  1.647950e+04 
 3.198969e-02  4.436935e+03  8.085977e+03  1.092960e+04  1.626157e+04 
 3.243561e-02  4.377873e+03  7.977873e+03  1.078309e+04  1.604270e+04 
 3.288774e-02  4.318640e+03  7.869472e+03  1.063619e+04  1.582324e+04 
 3.334618e-02  4.259351e+03  7.760977e+03  1.048916e+04  1.560359e+04 
 3.381101e-02  4.200076e+03  7.652512e+03  1.034217e+04  1.538402e+04 
 3.428231e-02  4.140870e+03  7.544175e+03  1.019538e+04  1.516473e+04 
 3.476019e-02  4.081613e+03  7.436049e+03  1.004920e+04  1.494736e+04 
 3.524473e-02  4.022521e+03  7.328243e+03  9.903461e+03  1.473067e+04 
 3.573602e-02  3.963657e+03  7.220859e+03  9.758296e+03  1.451480e+04 
 3.623416e-02  3.905080e+03  7.113991e+03  9.613833e+03  1.429999e+04 
 3.673925e-02  3.846852e+03  7.007759e+03  9.470215e+03  1.408644e+04 
 3.725137e-02  3.789041e+03  6.902297e+03  9.327654e+03  1.387443e+04 
 3.777064e-02  3.731717e+03  6.797726e+03  9.186288e+03  1.366423e+04 
 3.829714e-02  3.674950e+03  6.694173e+03  9.046298e+03  1.345607e+04 
 3.883098e-02  3.618830e+03  6.591794e+03  8.907905e+03  1.325025e+04 
 3.937226e-02  3.563434e+03  6.490745e+03  8.771303e+03  1.304709e+04 
 3.992109e-02  3.508844e+03  6.391159e+03  8.636688e+03  1.284691e+04 
 4.047757e-02  3.455150e+03  6.293187e+03  8.504213e+03  1.264982e+04 
 4.104181e-02  3.402323e+03  6.196286e+03  8.372621e+03  1.245244e+04 
 4.161391e-02  3.350589e+03  6.101385e+03  8.243742e+03  1.225912e+04 
 4.219398e-02  3.299997e+03  6.008587e+03  8.117711e+03  1.207001e+04 
 4.278214e-02  3.250590e+03  5.917940e+03  7.994605e+03  1.188529e+04 
 4.337850e-02  3.202384e+03  5.829498e+03  7.874479e+03  1.170503e+04 
 4.398317e-02  3.155410e+03  5.743314e+03  7.757405e+03  1.152931e+04 
 4.459628e-02  3.109696e+03  5.659430e+03  7.643456e+03  1.135827e+04 
 4.521792e-02  3.065268e+03  5.577895e+03  7.532686e+03  1.119194e+04 
 4.584824e-02  3.022146e+03  5.498746e+03  7.425153e+03  1.103047e+04 
 4.648734e-02  2.980352e+03  5.422030e+03  7.320906e+03  1.087389e+04 
 4.713535e-02  2.939961e+03  5.348534e+03  7.221699e+03  1.072666e+04 
 4.779239e-02  2.900977e+03  5.277979e+03  7.126877e+03  1.058706e+04 
 4.845859e-02  2.863373e+03  5.209934e+03  7.035432e+03  1.045246e+04 
 4.913407e-02  2.827148e+03  5.144389e+03  6.947357e+03  1.032284e+04 
 4.981898e-02  2.792281e+03  5.081310e+03  6.862609e+03  1.019814e+04 
 5.051342e-02  2.758749e+03  5.020664e+03  6.781138e+03  1.007829e+04 
 5.121755e-02  2.726521e+03  4.962389e+03  6.702864e+03  9.963178e+03 
 5.193150e-02  2.695563e+03  4.906421e+03  6.627702e+03  9.852672e+03 
 5.265540e-02  2.665835e+03  4.852684e+03  6.555553e+03  9.746633e+03 
 5.338938e-02  2.637077e+03  4.800311e+03  6.484817e+03  9.641559e+03 
 5.413360e-02  2.609189e+03  4.749036e+03  6.415066e+03  9.536598e+03 
 5.488820e-02  2.582354e+03  4.699687e+03  6.347913e+03  9.435514e+03 
 5.565331e-02  2.556502e+03  4.652129e+03  6.283184e+03  9.338057e+03 
 5.642908e-02  2.531543e+03  4.606205e+03  6.220662e+03  9.243872e+03 
 5.721568e-02  2.507369e+03  4.561709e+03  6.160082e+03  9.152563e+03 
 5.801323e-02  2.483865e+03  4.518438e+03  6.101147e+03  9.063735e+03 
 5.882190e-02  2.460961e+03  4.476275e+03  6.043724e+03  8.977180e+03 
 5.964185e-02  2.438698e+03  4.435557e+03  5.988549e+03  8.894774e+03 
 6.047322e-02  2.417161e+03  4.396906e+03  5.936942e+03  8.819763e+03 
 6.131619e-02  2.395857e+03  4.358681e+03  5.885895e+03  8.745574e+03 
 6.217090e-02  2.374581e+03  4.320484e+03  5.834882e+03  8.671395e+03 
 6.303753e-02  2.353273e+03  4.282211e+03  5.783738e+03  8.596969e+03 
 6.391624e-02  2.331759e+03  4.243559e+03  5.732074e+03  8.521747e+03 
 6.480720e-02  2.309938e+03  4.204342e+03  5.679651e+03  8.445388e+03 
 6.571058e-02  2.287640e+03  4.164263e+03  5.626058e+03  8.367323e+03 
 6.662655e-02  2.263722e+03  4.119560e+03  5.564450e+03  8.272410e+03 
 6.755528e-02  2.239041e+03  4.073418e+03  5.500856e+03  8.174413e+03 
 6.849697e-02  2.213508e+03  4.025737e+03  5.435187e+03  8.073380e+03 
 6.945178e-02  2.187017e+03  3.976321e+03  5.367192e+03  7.968905e+03 
 7.041990e-02  2.159461e+03  3.924975e+03  5.296600e+03  7.860623e+03 
 7.140151e-02  2.130746e+03  3.871540e+03  5.223206e+03  7.748226e+03 
 7.239681e-02  2.101066e+03  3.816623e+03  5.148141e+03  7.634378e+03 
 7.340598e-02  2.070415e+03  3.760268e+03  5.071516e+03  7.519424e+03 
 7.442922e-02  2.038425e+03  3.701486e+03  4.991625e+03  7.399659e+03 
 7.546673e-02  2.005066e+03  3.640224e+03  4.908410e+03  7.274976e+03 
 7.651869e-02  1.970345e+03  3.576501e+03  4.821880e+03  7.145424e+03 
 7.758532e-02  1.934289e+03  3.510361e+03  4.732113e+03  7.011090e+03 
 7.866682e-02  1.897680e+03  3.444226e+03  4.643349e+03  6.880820e+03 
 7.976339e-02  1.861054e+03  3.379668e+03  4.558327e+03  6.760186e+03 
 8.087525e-02  1.823253e+03  3.312918e+03  4.470284e+03  6.634935e+03 
 8.200261e-02  1.784390e+03  3.244171e+03  4.379491e+03  6.505442e+03 
 8.314568e-02  1.744608e+03  3.173687e+03  4.286294e+03  6.372192e+03 
 8.430468e-02  1.704067e+03  3.101757e+03  4.191073e+03  6.235759e+03 
 8.547985e-02  1.662386e+03  3.026752e+03  4.090732e+03  6.089350e+03 
 8.667139e-02  1.620084e+03  2.950149e+03  3.987775e+03  5.937903e+03 
 8.787954e-02  1.577648e+03  2.873281e+03  3.884439e+03  5.785821e+03 
 8.910453e-02  1.535303e+03  2.796555e+03  3.781268e+03  5.633908e+03 
 9.034660e-02  1.493282e+03  2.720397e+03  3.678847e+03  5.483017e+03 
 9.160598e-02  1.452452e+03  2.647290e+03  3.581370e+03  5.341475e+03 
 9.288292e-02  1.412967e+03  2.577393e+03  3.488948e+03  5.209158e+03 
 9.417766e-02  1.374436e+03  2.509143e+03  3.398658e+03  5.079777e+03 
 9.549045e-02  1.337070e+03  2.442932e+03  3.311036e+03  4.954125e+03 
 9.682153e-02  1.301079e+03  2.379141e+03  3.226606e+03  4.833004e+03 
 9.817117e-02  1.266906e+03  2.318999e+03  3.147404e+03  4.720360e+03 
 9.953962e-02  1.234530e+03  2.262201e+03  3.072783e+03  4.614639e+03 
 1.009272e-01  1.203993e+03  2.208675e+03  3.002498e+03  4.515166e+03 
 1.023340e-01  1.175406e+03  2.158635e+03  2.936858e+03  4.422413e+03 
 1.037605e-01  1.148291e+03  2.110544e+03  2.873173e+03  4.330960e+03 
 1.052069e-01  1.121194e+03  2.059931e+03  2.803716e+03  4.225390e+03 
 1.066734e-01  1.096267e+03  2.013337e+03  2.739749e+03  4.128102e+03 
 1.081604e-01  1.073478e+03  1.970700e+03  2.681177e+03  4.038947e+03 
 1.096681e-01  1.052751e+03  1.931883e+03  2.627812e+03  3.957648e+03 
 1.111968e-01  1.034026e+03  1.896891e+03  2.579640e+03  3.883675e+03 
 1.127468e-01  1.017130e+03  1.865284e+03  2.536080e+03  3.816635e+03 
 1.143184e-01  1.001879e+03  1.836718e+03  2.496662e+03  3.755847e+03 
 1.159120e-01  9.880716e+02  1.810813e+03  2.460870e+03  3.700527e+03 
 1.175277e-01  9.759890e+02  1.788579e+03  2.430437e+03  3.653910e+03 
 1.191660e-01  9.648933e+02  1.768211e+03  2.402576e+03  3.611227e+03 
 1.208271e-01  9.544636e+02  1.749073e+03  2.376389e+03  3.571080e+03 
 1.225114e-01  9.443551e+02  1.730491e+03  2.350945e+03  3.532062e+03 
 1.242191e-01  9.338414e+02  1.710772e+03  2.323757e+03  3.490419e+03 
 1.259506e-01  9.231007e+02  1.690647e+03  2.296025e+03  3.447981e+03 
 1.277063e-01  9.118402e+02  1.669582e+03  2.267023e+03  3.403668e+03 
 1.294865e-01  9.000783e+02  1.647788e+03  2.237108e+03  3.357885e+03 
 1.312915e-01  8.876285e+02  1.624954e+03  2.205863e+03  3.309994e+03 
 1.331216e-01  8.739557e+02  1.599884e+03  2.171592e+03  3.257605e+03 
 1.349772e-01  8.589443e+02  1.572402e+03  2.134096e+03  3.200541e+03 
 1.368587e-01  8.435430e+02  1.545871e+03  2.099783e+03  3.153584e+03 
 1.387665e-01  8.266507e+02  1.516557e+03  2.061647e+03  3.100783e+03 
 1.407008e-01  8.083138e+02  1.484536e+03  2.019776e+03  3.042242e+03 
 1.426621e-01  7.896025e+02  1.452411e+03  1.977960e+03  2.983497e+03 
 1.446507e-01  7.700099e+02  1.418772e+03  1.934081e+03  2.921434e+03 
 1.466671e-01  7.494380e+02  1.383210e+03  1.887493e+03  2.855098e+03 
 1.487115e-01  7.266784e+02  1.342116e+03  1.832367e+03  2.774409e+03 
 1.507845e-01  7.026096e+02  1.297615e+03  1.771933e+03  2.684703e+03 
 1.528864e-01  6.786312e+02  1.253271e+03  1.711685e+03  2.595174e+03 
 1.550175e-01  6.567439e+02  1.214572e+03  1.660570e+03  2.522277e+03 
 1.571784e-01  6.366934e+02  1.180418e+03  1.616565e+03  2.461931e+03 
 1.593694e-01  6.175641e+02  1.147788e+03  1.574485e+03  2.404122e+03 
 1.615909e-01  6.000994e+02  1.118423e+03  1.536873e+03  2.352722e+03 
 1.638434e-01  5.842370e+02  1.092017e+03  1.503241e+03  2.307053e+03 
 1.661273e-01  5.699345e+02  1.068358e+03  1.473241e+03  2.266634e+03 
 1.684430e-01  5.545621e+02  1.040175e+03  1.435285e+03  2.211282e+03 
 1.707910e-01  5.406352e+02  1.014374e+03  1.400368e+03  2.160161e+03 
 1.731717e-01  5.287842e+02  9.926901e+02  1.371198e+03  2.117691e+03 
 1.755856e-01  5.198881e+02  9.775261e+02  1.351403e+03  2.089205e+03 
 1.780332e-01  5.123537e+02  9.648959e+02  1.335086e+03  2.066043e+03 
 1.805149e-01  5.043618e+02  9.494516e+02  1.313209e+03  2.030960e+03 
 1.830312e-01  4.962985e+02  9.327114e+02  1.288554e+03  1.989604e+03 
 1.855825e-01  4.888342e+02  9.172790e+02  1.265926e+03  1.951925e+03 
 1.881694e-01  4.817626e+02  9.035798e+02  1.246953e+03  1.923016e+03 
 1.907924e-01  4.745150e+02  8.895786e+02  1.227586e+03  1.893538e+03 
 1.934520e-01  4.663715e+02  8.737989e+02  1.205889e+03  1.861516e+03 
 1.961486e-01  4.573403e+02  8.563514e+02  1.181950e+03  1.826413e+03 
 1.988828e-01  4.484250e+02  8.398561e+02  1.159631e+03  1.793755e+03 
 2.016551e-01  4.399867e+02  8.252977e+02  1.140416e+03  1.765776e+03 
 2.044661e-01  4.303744e+02  8.083669e+02  1.117802e+03  1.732341e+03 
 2.073162e-01  4.193455e+02  7.878465e+02  1.089496e+03  1.688911e+03 
 2.102061e-01  4.075020e+02  7.657777e+02  1.059043e+03  1.642140e+03 
 2.131362e-01  3.984011e+02  7.527296e+02  1.043964e+03  1.623751e+03 
 2.161073e-01  3.890668e+02  7.392455e+02  1.028293e+03  1.604449e+03 
 2.191197e-01  3.774216e+02  7.194670e+02  1.003041e+03  1.570752e+03 
 2.221741e-01  3.655649e+02  6.987502e+02  9.761914e+02  1.534411e+03 
 2.252711e-01  3.547619e+02  6.804565e+02  9.529765e+02  1.503702e+03 
 2.284112e-01  3.449564e+02  6.641198e+02  9.324917e+02  1.477055e+03 
 2.315951e-01  3.363034e+02  6.491101e+02  9.125806e+02  1.447547e+03 
 2.348235e-01  3.288126e+02  6.359820e+02  8.948339e+02  1.420110e+03 
 2.380968e-01  3.206214e+02  6.201399e+02  8.726814e+02  1.385999e+03 
 2.414157e-01  3.130423e+02  6.051371e+02  8.515528e+02  1.353546e+03 
 2.447809e-01  3.057795e+02  5.908901e+02  8.317607e+02  1.323140e+03 
 2.481930e-01  2.992315e+02  5.780895e+02  8.140335e+02  1.295954e+03 
 2.516527e-01  2.954567e+02  5.715314e+02  8.050333e+02  1.281611e+03 
 2.551606e-01  2.910108e+02  5.633135e+02  7.936453e+02  1.263893e+03 
 2.587174e-01  2.839870e+02  5.489383e+02  7.734182e+02  1.233452e+03 
 2.623238e-01  2.780844e+02  5.377816e+02  7.581788e+02  1.211019e+03 
 2.659804e-01  2.732533e+02  5.298238e+02  7.479263e+02  1.196584e+03 
 2.696881e-01  2.666099e+02  5.177007e+02  7.316410e+02  1.172345e+03 
 2.734474e-01  2.591220e+02  5.038065e+02  7.128536e+02  1.144169e+03 
 2.772591e-01  2.532377e+02  4.943116e+02  7.011653e+02  1.129501e+03 
 2.811239e-01  2.468215e+02  4.833497e+02  6.872368e+02  1.111845e+03 
 2.850426e-01  2.400401e+02  4.711247e+02  6.713268e+02  1.091903e+03 
 2.890160e-01  2.336605e+02  4.604951e+02  6.577981e+02  1.073060e+03 
 2.930447e-01  2.276409e+02  4.502840e+02  6.443164e+02  1.052549e+03 
 2.971296e-01  2.220080e+02  4.395526e+02  6.284747e+02  1.025108e+03 
 3.012714e-01  2.169635e+02  4.308510e+02  6.169970e+02  1.008240e+03 
 3.054710e-01  2.122084e+02  4.228204e+02  6.069162e+02  9.949441e+02 
 3.097291e-01  2.067932e+02  4.126163e+02  5.932600e+02  9.757055e+02 
 3.140465e-01  2.020457e+02  4.030180e+02  5.794271e+02  9.529431e+02 
 3.184242e-01  1.979489e+02  3.948129e+02  5.675685e+02  9.333499e+02 
 3.228628e-01  1.946727e+02  3.891667e+02  5.603042e+02  9.241728e+02 
 3.273634e-01  1.901785e+02  3.800646e+02  5.471623e+02  9.030118e+02 
 3.319266e-01  1.854728e+02  3.708925e+02  5.344503e+02  8.838774e+02 
 3.365535e-01  1.808348e+02  3.625738e+02  5.237209e+02  8.695960e+02 
 3.412449e-01  1.774490e+02  3.581064e+02  5.185592e+02  8.616442e+02 
 3.460016e-01  1.736853e+02  3.520361e+02  5.108045e+02  8.508308e+02 
 3.508247e-01  1.699059e+02  3.453781e+02  5.019445e+02  8.378532e+02 
 3.557150e-01  1.661709e+02  3.385251e+02  4.926718e+02  8.235941e+02 
 3.606735e-01  1.618657e+02  3.308927e+02  4.826473e+02  8.095555e+02 
 3.657011e-01  1.568895e+02  3.214831e+02  4.696951e+02  7.911752e+02 
 3.707988e-01  1.528818e+02  3.137631e+02  4.590928e+02  7.753611e+02 
 3.759675e-01  1.492970e+02  3.068553e+02  4.495579e+02  7.609240e+02 
 3.812083e-01  1.457525e+02  3.003865e+02  4.407828e+02  7.478652e+02 
 3.865221e-01  1.428325e+02  2.960246e+02  4.357904e+02  7.400930e+02 
 3.919100e-01  1.398470e+02  2.891477e+02  4.252221e+02  7.249750e+02 
 3.973730e-01  1.364934e+02  2.834351e+02  4.180820e+02  7.138733e+02 
 4.029122e-01  1.337155e+02  2.790969e+02  4.121765e+02  7.032127e+02 
 4.085286e-01  1.309549e+02  2.732704e+02  4.037745e+02  6.910191e+02 
 4.142232e-01  1.275996e+02  2.664225e+02  3.945781e+02  6.792874e+02 
 4.199973e-01  1.242191e+02  2.605276e+02  3.870607e+02  6.683866e+02 
 4.258518e-01  1.214386e+02  2.554231e+02  3.798856e+02  6.562022e+02 
 4.317880e-01  1.184949e+02  2.497895e+02  3.715738e+02  6.431689e+02 
 4.378069e-01  1.159142e+02  2.446389e+02  3.642030e+02  6.310422e+02 
 4.439097e-01  1.137706e+02  2.412705e+02  3.600835e+02  6.266866e+02 
 4.500975e-01  1.106029e+02  2.353576e+02  3.520315e+02  6.147654e+02 
 4.563716e-01  1.079762e+02  2.299382e+02  3.442004e+02  6.009927e+02 
 4.627332e-01  1.062440e+02  2.275347e+02  3.416041e+02  5.985871e+02 
 4.691835e-01  1.034779e+02  2.220729e+02  3.338306e+02  5.856966e+02 
 4.757236e-01  1.014818e+02  2.181482e+02  3.284062e+02  5.773381e+02 
 4.823549e-01  9.873902e+01  2.126133e+02  3.205156e+02  5.663246e+02 
 4.890787e-01  9.650653e+01  2.082373e+02  3.145981e+02  5.571321e+02 
 4.958962e-01  9.476562e+01  2.049116e+02  3.095107e+02  5.478226e+02 
 5.028087e-01  9.247136e+01  2.009562e+02  3.041650e+02  5.399399e+02 
 5.098176e-01  9.062882e+01  1.975684e+02  2.993703e+02  5.307771e+02 
 5.169242e-01  8.894003e+01  1.943945e+02  2.950383e+02  5.249291e+02 
 5.241298e-01  8.595475e+01  1.892040e+02  2.885751e+02  5.169130e+02 
 5.314359e-01  8.436891e+01  1.868339e+02  2.854462e+02  5.117691e+02 
 5.388438e-01  8.253236e+01  1.827033e+02  2.792290e+02  5.021626e+02 
 5.463550e-01  8.095757e+01  1.796638e+02  2.747461e+02  4.946008e+02 
 5.539709e-01  7.867436e+01  1.755428e+02  2.694998e+02  4.866240e+02 
 5.616930e-01  7.717406e+01  1.726479e+02  2.653913e+02  4.804557e+02 
 5.695227e-01  7.553706e+01  1.698826e+02  2.620086e+02  4.739660e+02 
 5.774615e-01  7.375165e+01  1.658003e+02  2.558541e+02  4.648808e+02 
 5.855110e-01  7.233951e+01  1.632502e+02  2.520350e+02  4.582401e+02 
 5.936727e-01  7.060146e+01  1.592988e+02  2.464081e+02  4.497789e+02 
 6.019482e-01  6.929767e+01  1.572745e+02  2.432744e+02  4.439892e+02 
 6.103390e-01  6.756388e+01  1.542710e+02  2.394410e+02  4.375469e+02 
 6.188468e-01  6.599957e+01  1.515211e+02  2.367465e+02  4.356087e+02 
 6.274732e-01  6.480737e+01  1.485949e+02  2.317113e+02  4.271223e+02 
 6.362198e-01  6.339116e+01  1.462056e+02  2.283336e+02  4.206665e+02 
 6.450884e-01  6.182003e+01  1.433356e+02  2.243808e+02  4.139808e+02 
 6.540806e-01  6.048066e+01  1.401608e+02  2.195460e+02  4.066907e+02 
 6.631981e-01  5.904003e+01  1.377667e+02  2.169144e+02  4.025042e+02 
 6.724427e-01  5.783957e+01  1.352248e+02  2.132938e+02  3.979023e+02 
 6.818162e-01  5.649571e+01  1.326989e+02  2.089855e+02  3.897841e+02 
 6.913204e-01  5.520919e+01  1.300691e+02  2.055808e+02  3.841918e+02 
 7.009570e-01  5.436549e+01  1.280349e+02  2.025509e+02  3.790834e+02 
 7.107280e-01  5.287757e+01  1.256833e+02  1.993773e+02  3.730239e+02 
 7.206351e-01  5.199657e+01  1.236215e+02  1.965401e+02  3.695193e+02 
 7.306804e-01  5.085922e+01  1.216430e+02  1.933835e+02  3.629422e+02 
 7.408657e-01  4.967612e+01  1.191311e+02  1.897793e+02  3.579413e+02 
 7.511929e-01  4.856076e+01  1.168132e+02  1.867602e+02  3.530620e+02 
 7.616642e-01  4.758344e+01  1.145977e+02  1.835864e+02  3.481900e+02 
 7.722814e-01  4.685981e+01  1.133685e+02  1.815426e+02  3.434690e+02 
 7.830465e-01  4.583509e+01  1.110799e+02  1.782861e+02  3.388367e+02 
 7.939618e-01  4.491233e+01  1.095302e+02  1.758848e+02  3.349482e+02 
 8.050292e-01  4.386513e+01  1.073323e+02  1.732764e+02  3.306054e+02 
 8.162509e-01  4.301714e+01  1.056965e+02  1.704134e+02  3.247239e+02 
 8.276289e-01  4.192034e+01  1.034543e+02  1.674310e+02  3.204199e+02 
 8.391656e-01  4.131024e+01  1.021745e+02  1.649905e+02  3.165354e+02 
 8.508632e-01  4.052272e+01  1.003228e+02  1.626113e+02  3.123034e+02 
 8.627237e-01  3.955552e+01  9.858991e+01  1.600576e+02  3.072723e+02 
 8.747496e-01  3.878258e+01  9.680251e+01  1.575405e+02  3.031555e+02 
 8.869432e-01  3.804494e+01  9.534115e+01  1.553296e+02  2.993658e+02 
 8.993067e-01  3.721272e+01  9.372904e+01  1.528963e+02  2.949126e+02 
 9.118425e-01  3.659605e+01  9.207233e+01  1.502657e+02  2.897543e+02 
 9.245531e-01  3.573785e+01  9.045425e+01  1.478220e+02  2.862815e+02 
 9.374409e-01  3.499490e+01  8.893993e+01  1.457793e+02  2.825643e+02 
 9.505083e-01  3.435232e+01  8.745573e+01  1.435861e+02  2.784971e+02 
 9.637579e-01  3.358300e+01  8.572686e+01  1.409758e+02  2.743498e+02 
 9.771921e-01  3.305520e+01  8.513431e+01  1.396638e+02  2.708002e+02 
 9.908137e-01  3.236877e+01  8.346371e+01  1.372752e+02  2.671502e+02 
 1.004625e+00  3.170406e+01  8.186304e+01  1.348566e+02  2.626780e+02 
 1.018629e+00  3.113308e+01  8.066468e+01  1.329519e+02  2.588695e+02 
 1.032828e+00  3.047697e+01  7.927982e+01  1.310814e+02  2.560157e+02 
 1.047225e+00  2.982884e+01  7.806391e+01  1.289826e+02  2.516158e+02 
 1.061823e+00  2.930883e+01  7.696279e+01  1.272020e+02  2.481639e+02 
 1.076624e+00  2.871819e+01  7.567217e+01  1.252600e+02  2.445121e+02 
 1.091632e+00  2.820167e+01  7.437493e+01  1.234532e+02  2.408435e+02 
 1.106848e+00  2.761100e+01  7.304002e+01  1.214519e+02  2.375068e+02 
 1.122277e+00  2.707085e+01  7.198165e+01  1.194869e+02  2.336279e+02 
 1.137921e+00  2.653479e+01  7.068578e+01  1.175955e+02  2.301990e+02 
 1.153783e+00  2.605758e+01  6.956427e+01  1.158270e+02  2.269735e+02 
 1.169866e+00  2.557943e+01  6.850156e+01  1.140808e+02  2.238717e+02 
 1.186174e+00  2.506787e+01  6.745435e+01  1.123638e+02  2.203803e+02 
 1.202708e+00  2.461460e+01  6.635942e+01  1.107199e+02  2.171663e+02 
 1.219473e+00  2.417012e+01  6.534237e+01  1.091475e+02  2.136690e+02 
 1.236472e+00  2.370449e+01  6.430982e+01  1.075620e+02  2.107128e+02 
 1.253708e+00  2.327270e+01  6.326167e+01  1.057308e+02  2.075240e+02 
 1.271184e+00  2.284753e+01  6.245358e+01  1.044850e+02  2.044491e+02 
 1.288904e+00  2.241764e+01  6.124228e+01  1.025895e+02  2.015121e+02 
 1.306870e+00  2.197083e+01  6.025274e+01  1.010042e+02  1.981989e+02 
 1.325087e+00  2.161551e+01  5.934457e+01  9.952495e+01  1.949605e+02 
 1.343558e+00  2.121479e+01  5.837972e+01  9.795457e+01  1.919459e+02 
 1.362287e+00  2.084391e+01  5.742393e+01  9.632196e+01  1.888184e+02 
 1.381276e+00  2.044734e+01  5.653595e+01  9.465630e+01  1.857389e+02 
 1.400531e+00  2.008843e+01  5.562924e+01  9.324919e+01  1.826240e+02 
 1.420053e+00  1.970893e+01  5.465726e+01  9.182480e+01  1.796239e+02 
 1.439848e+00  1.935972e+01  5.385849e+01  9.027477e+01  1.767655e+02 
 1.459919e+00  1.898884e+01  5.296576e+01  8.883712e+01  1.736930e+02 
 1.480269e+00  1.869315e+01  5.203519e+01  8.730470e+01  1.705631e+02 
 1.500903e+00  1.835247e+01  5.123589e+01  8.587340e+01  1.680003e+02 
 1.521825e+00  1.801275e+01  5.045920e+01  8.457968e+01  1.651235e+02 
 1.543038e+00  1.768016e+01  4.962073e+01  8.325755e+01  1.625214e+02 
 1.564548e+00  1.739389e+01  4.882646e+01  8.187521e+01  1.596219e+02 
 1.586357e+00  1.708832e+01  4.807946e+01  8.055294e+01  1.568353e+02 
 1.608469e+00  1.676624e+01  4.729242e+01  7.921950e+01  1.542540e+02 
 1.630891e+00  1.652112e+01  4.644799e+01  7.774035e+01  1.512817e+02 
 1.653624e+00  1.620411e+01  4.567193e+01  7.651223e+01  1.488523e+02 
 1.676675e+00  1.591274e+01  4.498974e+01  7.528530e+01  1.460875e+02 
 1.700047e+00  1.562995e+01  4.424975e+01  7.398265e+01  1.435184e+02 
 1.723745e+00  1.537534e+01  4.348408e+01  7.271881e+01  1.407570e+02 
 1.747773e+00  1.508518e+01  4.272909e+01  7.141951e+01  1.381725e+02 
 1.772136e+00  1.482206e+01  4.202788e+01  7.015924e+01  1.357321e+02 
 1.796838e+00  1.457077e+01  4.130546e+01  6.894172e+01  1.331818e+02 
 1.821885e+00  1.434352e+01  4.060357e+01  6.769344e+01  1.307413e+02 
 1.847281e+00  1.408166e+01  3.997329e+01  6.658519e+01  1.283065e+02 
 1.873032e+00  1.384318e+01  3.927754e+01  6.527856e+01  1.259126e+02 
 1.899141e+00  1.360270e+01  3.856266e+01  6.414644e+01  1.235373e+02 
 1.925614e+00  1.337940e+01  3.792230e+01  6.302423e+01  1.211023e+02 
 1.952456e+00  1.318343e+01  3.731494e+01  6.192743e+01  1.187661e+02 
 1.979672e+00  1.292933e+01  3.669488e+01  6.081139e+01  1.164847e+02 
 2.007267e+00  1.272535e+01  3.605480e+01  5.960827e+01  1.142489e+02 
 2.035248e+00  1.249428e+01  3.538487e+01  5.849214e+01  1.119208e+02 
 2.063618e+00  1.227935e+01  3.473734e+01  5.738667e+01  1.096454e+02 
 2.092383e+00  1.207658e+01  3.411938e+01  5.627581e+01  1.074266e+02 
 2.121550e+00  1.186129e+01  3.349100e+01  5.520067e+01  1.052228e+02 
 2.151123e+00  1.166295e+01  3.289395e+01  5.411333e+01  1.030007e+02 
 2.181109e+00  1.145995e+01  3.227122e+01  5.306461e+01  1.009287e+02 
 2.211512e+00  1.126736e+01  3.165994e+01  5.198230e+01  9.872146e+01 
 2.242340e+00  1.107367e+01  3.110823e+01  5.098433e+01  9.668514e+01 
 2.273597e+00  1.087402e+01  3.052616e+01  4.992784e+01  9.463300e+01 
 2.305289e+00  1.070211e+01  2.994970e+01  4.894685e+01  9.264413e+01 
 2.337424e+00  1.052079e+01  2.937650e+01  4.794615e+01  9.069373e+01 
 2.370006e+00  1.033715e+01  2.882033e+01  4.698474e+01  8.877657e+01 
 2.403043e+00  1.014945e+01  2.827863e+01  4.600056e+01  8.682930e+01 
 2.436540e+00  9.984644e+00  2.774991e+01  4.506799e+01  8.492847e+01 
 2.470504e+00  9.812775e+00  2.721868e+01  4.411376e+01  8.306295e+01 
 2.504942e+00  9.645868e+00  2.670221e+01  4.320849e+01  8.124670e+01 
 2.539859e+00  9.485726e+00  2.616965e+01  4.228133e+01  7.940093e+01 
 2.575263e+00  9.312901e+00  2.563699e+01  4.140780e+01  7.766771e+01 
 2.611161e+00  9.157488e+00  2.513451e+01  4.049166e+01  7.591101e+01 
 2.647559e+00  8.997562e+00  2.462696e+01  3.959697e+01  7.414811e+01 
 2.684465e+00  8.840881e+00  2.414500e+01  3.873376e+01  7.244361e+01 
 2.721885e+00  8.678839e+00  2.362760e+01  3.787968e+01  7.077937e+01 
 2.759826e+00  8.528183e+00  2.313141e+01  3.702681e+01  6.914026e+01 
 2.798297e+00  8.374488e+00  2.266288e+01  3.620292e+01  6.756110e+01 
 2.837304e+00  8.227090e+00  2.218703e+01  3.538756e+01  6.598262e+01 
 2.876854e+00  8.079031e+00  2.171496e+01  3.458707e+01  6.444514e+01 
 2.916956e+00  7.936115e+00  2.126524e+01  3.380596e+01  6.290060e+01 
 2.957617e+00  7.797250e+00  2.081845e+01  3.305008e+01  6.142528e+01 
 2.998844e+00  7.657552e+00  2.038055e+01  3.229327e+01  5.997059e+01 
 3.040646e+00  7.520281e+00  1.994129e+01  3.154477e+01  5.858114e+01 
 3.083031e+00  7.386035e+00  1.950707e+01  3.081746e+01  5.718060e+01 
 3.126007e+00  7.254910e+00  1.909274e+01  3.010479e+01  5.579791e+01 
 3.169582e+00  7.121934e+00  1.866555e+01  2.938015e+01  5.445114e+01 
 3.213764e+00  6.991432e+00  1.825444e+01  2.868727e+01  5.313170e+01 
 3.258562e+00  6.860596e+00  1.785389e+01  2.800800e+01  5.183142e+01 
 3.303985e+00  6.733592e+00  1.744501e+01  2.733005e+01  5.055913e+01 
 3.350041e+00  6.609233e+00  1.704466e+01  2.666636e+01  4.930878e+01 
 3.396739e+00  6.483158e+00  1.665619e+01  2.602515e+01  4.807284e+01 
 3.444087e+00  6.361326e+00  1.627104e+01  2.537455e+01  4.687760e+01 
 3.492096e+00  6.241924e+00  1.589909e+01  2.476067e+01  4.572142e+01 
 3.540774e+00  6.119154e+00  1.553206e+01  2.415687e+01  4.458286e+01 
 3.590130e+00  6.003881e+00  1.516789e+01  2.355636e+01  4.347380e+01 
 3.640175e+00  5.890206e+00  1.481608e+01  2.298367e+01  4.238892e+01 
 3.690917e+00  5.775392e+00  1.447728e+01  2.240578e+01  4.132451e+01 
 3.742366e+00  5.663634e+00  1.412907e+01  2.185333e+01  4.030114e+01 
 3.794533e+00  5.555752e+00  1.379967e+01  2.131195e+01  3.928799e+01 
 3.847427e+00  5.446527e+00  1.347066e+01  2.077664e+01  3.830592e+01 
 3.901058e+00  5.338209e+00  1.314943e+01  2.025812e+01  3.733144e+01 
 3.955436e+00  5.235186e+00  1.283312e+01  1.973884e+01  3.637522e+01 
 4.010573e+00  5.128858e+00  1.252144e+01  1.924170e+01  3.545398e+01 
 4.066478e+00  5.025054e+00  1.221178e+01  1.874729e+01  3.453849e+01 
 4.123163e+00  4.922056e+00  1.191535e+01  1.826436e+01  3.364450e+01 
 4.180637e+00  4.822791e+00  1.162316e+01  1.779670e+01  3.277215e+01 
 4.238913e+00  4.723206e+00  1.133272e+01  1.733349e+01  3.192810e+01 
 4.298001e+00  4.623593e+00  1.105066e+01  1.688709e+01  3.109782e+01 
 4.357913e+00  4.529852e+00  1.077355e+01  1.645156e+01  3.029797e+01 
 4.418660e+00  4.434868e+00  1.050828e+01  1.602242e+01  2.951802e+01 
 4.480254e+00  4.341361e+00  1.024435e+01  1.560761e+01  2.875333e+01 
 4.542706e+00  4.251229e+00  9.986894e+00  1.520180e+01  2.800950e+01 
 4.606029e+00  4.161384e+00  9.739040e+00  1.480899e+01  2.729170e+01 
 4.670234e+00  4.073016e+00  9.494523e+00  1.442982e+01  2.659048e+01 
 4.735335e+00  3.987029e+00  9.257103e+00  1.405550e+01  2.590328e+01 
 4.801343e+00  3.903183e+00  9.026073e+00  1.369181e+01  2.523037e+01 
 4.868271e+00  3.818856e+00  8.796976e+00  1.333396e+01  2.457286e+01 
 4.936132e+00  3.736232e+00  8.572281e+00  1.298345e+01  2.393105e+01 
 5.004939e+00  3.654287e+00  8.353282e+00  1.264231e+01  2.330158e+01 
 5.074705e+00  3.573287e+00  8.138650e+00  1.230697e+01  2.268970e+01 
 5.145444e+00  3.494938e+00  7.928893e+00  1.198263e+01  2.209128e+01 
 5.217169e+00  3.416563e+00  7.723406e+00  1.166380e+01  2.150435e+01 
 5.289893e+00  3.341252e+00  7.524224e+00  1.135767e+01  2.094015e+01 
 5.363631e+00  3.265413e+00  7.329546e+00  1.105478e+01  2.038606e+01 
 5.438397e+00  3.192468e+00  7.139299e+00  1.076305e+01  1.984595e+01 
 5.514206e+00  3.120569e+00  6.954931e+00  1.047882e+01  1.932363e+01 
 5.591071e+00  3.049430e+00  6.775734e+00  1.020258e+01  1.881476e+01 
 5.669007e+00  2.979092e+00  6.601161e+00  9.934793e+00  1.832425e+01 
 5.748030e+00  2.913771e+00  6.431372e+00  9.673227e+00  1.784174e+01 
 5.828155e+00  2.847700e+00  6.266129e+00  9.420474e+00  1.737482e+01 
 5.909396e+00  2.782943e+00  6.105052e+00  9.173831e+00  1.692102e+01 
 5.991770e+00  2.719249e+00  5.947391e+00  8.932005e+00  1.647831e+01 
 6.075292e+00  2.656772e+00  5.793903e+00  8.697369e+00  1.604146e+01 
 6.159978e+00  2.595209e+00  5.643059e+00  8.467771e+00  1.561790e+01 
 6.245845e+00  2.534900e+00  5.495964e+00  8.243797e+00  1.520313e+01 
 6.332908e+00  2.475442e+00  5.352098e+00  8.024185e+00  1.479651e+01 
 6.421186e+00  2.417486e+00  5.212248e+00  7.810468e+00  1.440151e+01 
 6.510694e+00  2.360417e+00  5.075772e+00  7.602943e+00  1.401757e+01 
 6.601449e+00  2.304998e+00  4.943263e+00  7.401085e+00  1.364289e+01 
 6.693470e+00  2.250195e+00  4.813803e+00  7.203966e+00  1.327802e+01 
 6.786773e+00  2.197079e+00  4.687953e+00  7.012521e+00  1.292478e+01 
 6.881377e+00  2.145300e+00  4.566154e+00  6.826936e+00  1.258004e+01 
 6.977300e+00  2.094576e+00  4.447793e+00  6.647976e+00  1.224589e+01 
 7.074559e+00  2.045437e+00  4.332602e+00  6.472436e+00  1.192079e+01 
 7.173175e+00  1.997133e+00  4.220893e+00  6.302503e+00  1.160576e+01 
 7.273165e+00  1.950296e+00  4.112181e+00  6.137901e+00  1.129922e+01 
 7.374549e+00  1.904234e+00  4.006200e+00  5.977009e+00  1.100126e+01 
 7.477346e+00  1.859120e+00  3.903018e+00  5.820911e+00  1.070944e+01 
 7.581576e+00  1.815127e+00  3.801801e+00  5.667487e+00  1.042452e+01 
 7.687260e+00  1.771801e+00  3.703342e+00  5.517942e+00  1.014650e+01 
 7.794416e+00  1.729442e+00  3.607208e+00  5.371378e+00  9.874042e+00 
 7.903066e+00  1.688072e+00  3.512715e+00  5.228418e+00  9.607850e+00 
 8.013230e+00  1.647517e+00  3.421459e+00  5.090089e+00  9.349374e+00 
 8.124930e+00  1.607886e+00  3.332225e+00  4.954949e+00  9.097043e+00 
 8.238187e+00  1.569399e+00  3.245423e+00  4.823080e+00  8.851418e+00 
 8.353023e+00  1.531709e+00  3.161027e+00  4.695045e+00  8.612553e+00 
 8.469460e+00  1.495090e+00  3.079104e+00  4.570955e+00  8.380670e+00 
 8.587519e+00  1.459451e+00  2.999386e+00  4.450062e+00  8.155233e+00 
 8.707225e+00  1.424718e+00  2.921904e+00  4.332921e+00  7.936599e+00 
 8.828599e+00  1.390979e+00  2.846974e+00  4.219302e+00  7.723833e+00 
 8.951665e+00  1.358007e+00  2.774199e+00  4.108629e+00  7.517955e+00 
 9.076446e+00  1.326056e+00  2.703301e+00  4.001390e+00  7.317465e+00 
 9.202967e+00  1.294806e+00  2.634297e+00  3.897142e+00  7.122157e+00 
 9.331251e+00  1.264238e+00  2.566961e+00  3.795046e+00  6.931755e+00 
 9.461324e+00  0.000000e+00  0.000000e+00  0.000000e+00  0.000000e+00 
 9.593209e+00  0.000000e+00  0.000000e+00  0.000000e+00  0.000000e+00 
 9.726934e+00  0.000000e+00  0.000000e+00  0.000000e+00  0.000000e+00 
 9.862522e+00  0.000000e+00  0.000000e+00  0.000000e+00  0.000000e+00 
 1.000000e+01  0.000000e+00  0.000000e+00  0.000000e+00  0.000000e+00 
