 1.000000e-02  5.928041e+03  1.085534e+04  1.470355e+04  2.191689e+04 
 1.013939e-02  5.956859e+03  1.090796e+04  1.477471e+04  2.202265e+04 
 1.028073e-02  5.985076e+03  1.095950e+04  1.484438e+04  2.212619e+04 
 1.042404e-02  6.012688e+03  1.100990e+04  1.491253e+04  2.222746e+04 
 1.056935e-02  6.039664e+03  1.105914e+04  1.497908e+04  2.232631e+04 
 1.071668e-02  6.065979e+03  1.110717e+04  1.504399e+04  2.242272e+04 
 1.086606e-02  6.091613e+03  1.115394e+04  1.510720e+04  2.251658e+04 
 1.101753e-02  6.116540e+03  1.119942e+04  1.516867e+04  2.260783e+04 
 1.117111e-02  6.140741e+03  1.124357e+04  1.522829e+04  2.269634e+04 
 1.132683e-02  6.164188e+03  1.128632e+04  1.528606e+04  2.278206e+04 
 1.148472e-02  6.186859e+03  1.132764e+04  1.534189e+04  2.286487e+04 
 1.164481e-02  6.208729e+03  1.136750e+04  1.539569e+04  2.294472e+04 
 1.180713e-02  6.229777e+03  1.140585e+04  1.544748e+04  2.302147e+04 
 1.197171e-02  6.249970e+03  1.144264e+04  1.549713e+04  2.309508e+04 
 1.213859e-02  6.269296e+03  1.147782e+04  1.554461e+04  2.316543e+04 
 1.230780e-02  6.287731e+03  1.151136e+04  1.558988e+04  2.323246e+04 
 1.247936e-02  6.305247e+03  1.154323e+04  1.563285e+04  2.329610e+04 
 1.265332e-02  6.321825e+03  1.157337e+04  1.567349e+04  2.335620e+04 
 1.282970e-02  6.337439e+03  1.160174e+04  1.571172e+04  2.341275e+04 
 1.300854e-02  6.352073e+03  1.162830e+04  1.574751e+04  2.346564e+04 
 1.318987e-02  6.365692e+03  1.165301e+04  1.578080e+04  2.351478e+04 
 1.337373e-02  6.378289e+03  1.167584e+04  1.581153e+04  2.356010e+04 
 1.356015e-02  6.389825e+03  1.169673e+04  1.583961e+04  2.360145e+04 
 1.374917e-02  6.400277e+03  1.171563e+04  1.586498e+04  2.363881e+04 
 1.394083e-02  6.409621e+03  1.173248e+04  1.588761e+04  2.367204e+04 
 1.413516e-02  6.417834e+03  1.174726e+04  1.590743e+04  2.370104e+04 
 1.433219e-02  6.424879e+03  1.175990e+04  1.592433e+04  2.372574e+04 
 1.453198e-02  6.430743e+03  1.177037e+04  1.593829e+04  2.374605e+04 
 1.473454e-02  6.435391e+03  1.177862e+04  1.594924e+04  2.376182e+04 
 1.493993e-02  6.438818e+03  1.178463e+04  1.595715e+04  2.377309e+04 
 1.514819e-02  6.440944e+03  1.178828e+04  1.596190e+04  2.377969e+04 
 1.535935e-02  6.441784e+03  1.178958e+04  1.596347e+04  2.378156e+04 
 1.557345e-02  6.441321e+03  1.178849e+04  1.596178e+04  2.377857e+04 
 1.579053e-02  6.439545e+03  1.178500e+04  1.595684e+04  2.377074e+04 
 1.601064e-02  6.436433e+03  1.177905e+04  1.594860e+04  2.375798e+04 
 1.623382e-02  6.431971e+03  1.177064e+04  1.593699e+04  2.374020e+04 
 1.646012e-02  6.426137e+03  1.175971e+04  1.592198e+04  2.371735e+04 
 1.668956e-02  6.418919e+03  1.174624e+04  1.590354e+04  2.368934e+04 
 1.692220e-02  6.410299e+03  1.173019e+04  1.588159e+04  2.365615e+04 
 1.715809e-02  6.400242e+03  1.171152e+04  1.585608e+04  2.361766e+04 
 1.739726e-02  6.388739e+03  1.169020e+04  1.582699e+04  2.357382e+04 
 1.763977e-02  6.375770e+03  1.166619e+04  1.579427e+04  2.352455e+04 
 1.788566e-02  6.361321e+03  1.163948e+04  1.575787e+04  2.346981e+04 
 1.813498e-02  6.345369e+03  1.161001e+04  1.571774e+04  2.340952e+04 
 1.838777e-02  6.327908e+03  1.157777e+04  1.567387e+04  2.334364e+04 
 1.864409e-02  6.308923e+03  1.154276e+04  1.562621e+04  2.327212e+04 
 1.890397e-02  6.288419e+03  1.150494e+04  1.557478e+04  2.319497e+04 
 1.916748e-02  6.266366e+03  1.146430e+04  1.551951e+04  2.311211e+04 
 1.943467e-02  6.242769e+03  1.142082e+04  1.546042e+04  2.302355e+04 
 1.970558e-02  6.217627e+03  1.137453e+04  1.539749e+04  2.292929e+04 
 1.998026e-02  6.190934e+03  1.132539e+04  1.533074e+04  2.282932e+04 
 2.025878e-02  6.162708e+03  1.127345e+04  1.526017e+04  2.272367e+04 
 2.054117e-02  6.132948e+03  1.121869e+04  1.518580e+04  2.261236e+04 
 2.082751e-02  6.101660e+03  1.116115e+04  1.510765e+04  2.249542e+04 
 2.111783e-02  6.068845e+03  1.110079e+04  1.502570e+04  2.237283e+04 
 2.141220e-02  6.034613e+03  1.103782e+04  1.494017e+04  2.224481e+04 
 2.171068e-02  5.999520e+03  1.097308e+04  1.485204e+04  2.211238e+04 
 2.201331e-02  5.962910e+03  1.090555e+04  1.476016e+04  2.197435e+04 
 2.232016e-02  5.924778e+03  1.083524e+04  1.466450e+04  2.183073e+04 
 2.263130e-02  5.885146e+03  1.076219e+04  1.456512e+04  2.168157e+04 
 2.294676e-02  5.844026e+03  1.068642e+04  1.446206e+04  2.152692e+04 
 2.326663e-02  5.801432e+03  1.060795e+04  1.435534e+04  2.136685e+04 
 2.359095e-02  5.757388e+03  1.052682e+04  1.424506e+04  2.120144e+04 
 2.391980e-02  5.711914e+03  1.044310e+04  1.413123e+04  2.103078e+04 
 2.425323e-02  5.665044e+03  1.035681e+04  1.401395e+04  2.085501e+04 
 2.459130e-02  5.616815e+03  1.026804e+04  1.389330e+04  2.067422e+04 
 2.493409e-02  5.567258e+03  1.017685e+04  1.376940e+04  2.048857e+04 
 2.528166e-02  5.516431e+03  1.008334e+04  1.364234e+04  2.029825e+04 
 2.563407e-02  5.464383e+03  9.987597e+03  1.351229e+04  2.010348e+04 
 2.599140e-02  5.411160e+03  9.889709e+03  1.337932e+04  1.990440e+04 
 2.635371e-02  5.356829e+03  9.789799e+03  1.324364e+04  1.970127e+04 
 2.672106e-02  5.301415e+03  9.687919e+03  1.310527e+04  1.949416e+04 
 2.709354e-02  5.244948e+03  9.584121e+03  1.296433e+04  1.928323e+04 
 2.747121e-02  5.187474e+03  9.478483e+03  1.282090e+04  1.906863e+04 
 2.785414e-02  5.128968e+03  9.370996e+03  1.267500e+04  1.885039e+04 
 2.824241e-02  5.069236e+03  9.261405e+03  1.252638e+04  1.862847e+04 
 2.863610e-02  5.008638e+03  9.150227e+03  1.237561e+04  1.840335e+04 
 2.903527e-02  4.947223e+03  9.037552e+03  1.222285e+04  1.817528e+04 
 2.944000e-02  4.885050e+03  8.923516e+03  1.206823e+04  1.794447e+04 
 2.985038e-02  4.822196e+03  8.808234e+03  1.191194e+04  1.771116e+04 
 3.026648e-02  4.758725e+03  8.691843e+03  1.175413e+04  1.747566e+04 
 3.068838e-02  4.694724e+03  8.574482e+03  1.159505e+04  1.723823e+04 
 3.111616e-02  4.630290e+03  8.456335e+03  1.143490e+04  1.699926e+04 
 3.154990e-02  4.565503e+03  8.337549e+03  1.127390e+04  1.675902e+04 
 3.198969e-02  4.500473e+03  8.218337e+03  1.111232e+04  1.651793e+04 
 3.243561e-02  4.435316e+03  8.098889e+03  1.095043e+04  1.627640e+04 
 3.288774e-02  4.370143e+03  7.979425e+03  1.078852e+04  1.603485e+04 
 3.334618e-02  4.305042e+03  7.860095e+03  1.062679e+04  1.579359e+04 
 3.381101e-02  4.240064e+03  7.741005e+03  1.046541e+04  1.555281e+04 
 3.428231e-02  4.175264e+03  7.622242e+03  1.030446e+04  1.531273e+04 
 3.476019e-02  4.110487e+03  7.503855e+03  1.014438e+04  1.507496e+04 
 3.524473e-02  4.046008e+03  7.386015e+03  9.985055e+03  1.483834e+04 
 3.573602e-02  3.981897e+03  7.268860e+03  9.826654e+03  1.460309e+04 
 3.623416e-02  3.918227e+03  7.152507e+03  9.669337e+03  1.436944e+04 
 3.673925e-02  3.855067e+03  7.037094e+03  9.513298e+03  1.413770e+04 
 3.725137e-02  3.792501e+03  6.922762e+03  9.358716e+03  1.390810e+04 
 3.777064e-02  3.730604e+03  6.809655e+03  9.205804e+03  1.368098e+04 
 3.829714e-02  3.669469e+03  6.697942e+03  9.054755e+03  1.345665e+04 
 3.883098e-02  3.609183e+03  6.587781e+03  8.905817e+03  1.323543e+04 
 3.937226e-02  3.549837e+03  6.479351e+03  8.759219e+03  1.301769e+04 
 3.992109e-02  3.491540e+03  6.372829e+03  8.615197e+03  1.280378e+04 
 4.047757e-02  3.434395e+03  6.268380e+03  8.473947e+03  1.259389e+04 
 4.104181e-02  3.378368e+03  6.165442e+03  8.334156e+03  1.238455e+04 
 4.161391e-02  3.323659e+03  6.064924e+03  8.197662e+03  1.218013e+04 
 4.219398e-02  3.270303e+03  5.966894e+03  8.064522e+03  1.198071e+04 
 4.278214e-02  3.218328e+03  5.871392e+03  7.934814e+03  1.178641e+04 
 4.337850e-02  3.167765e+03  5.778477e+03  7.808619e+03  1.159735e+04 
 4.398317e-02  3.118645e+03  5.688207e+03  7.686001e+03  1.141361e+04 
 4.459628e-02  3.070993e+03  5.600625e+03  7.567028e+03  1.123531e+04 
 4.521792e-02  3.024838e+03  5.515781e+03  7.451758e+03  1.106256e+04 
 4.584824e-02  2.980192e+03  5.433710e+03  7.340249e+03  1.089538e+04 
 4.648734e-02  2.937093e+03  5.354460e+03  7.232556e+03  1.073390e+04 
 4.713535e-02  2.895588e+03  5.278785e+03  7.130383e+03  1.058245e+04 
 4.779239e-02  2.855684e+03  5.206416e+03  7.033082e+03  1.043933e+04 
 4.845859e-02  2.817352e+03  5.136906e+03  6.939637e+03  1.030189e+04 
 4.913407e-02  2.780576e+03  5.070234e+03  6.850020e+03  1.017012e+04 
 4.981898e-02  2.745338e+03  5.006358e+03  6.764170e+03  1.004391e+04 
 5.051342e-02  2.711603e+03  4.945215e+03  6.682010e+03  9.923170e+03 
 5.121755e-02  2.679332e+03  4.886740e+03  6.603450e+03  9.807749e+03 
 5.193150e-02  2.648480e+03  4.830851e+03  6.528375e+03  9.697499e+03 
 5.265540e-02  2.618996e+03  4.777462e+03  6.456671e+03  9.592234e+03 
 5.338938e-02  2.590605e+03  4.725660e+03  6.386689e+03  9.488393e+03 
 5.413360e-02  2.563210e+03  4.675180e+03  6.317989e+03  9.385112e+03 
 5.488820e-02  2.536970e+03  4.626813e+03  6.252145e+03  9.286101e+03 
 5.565331e-02  2.511814e+03  4.580435e+03  6.188988e+03  9.191057e+03 
 5.642908e-02  2.487593e+03  4.535759e+03  6.128125e+03  9.099436e+03 
 5.721568e-02  2.464243e+03  4.492680e+03  6.069432e+03  9.011046e+03 
 5.801323e-02  2.441622e+03  4.450939e+03  6.012566e+03  8.925412e+03 
 5.882190e-02  2.419685e+03  4.410475e+03  5.957442e+03  8.842424e+03 
 5.964185e-02  2.398360e+03  4.371393e+03  5.904460e+03  8.763368e+03 
 6.047322e-02  2.377785e+03  4.334393e+03  5.855044e+03  8.691586e+03 
 6.131619e-02  2.357349e+03  4.297642e+03  5.805933e+03  8.620225e+03 
 6.217090e-02  2.336982e+03  4.260995e+03  5.756951e+03  8.549000e+03 
 6.303753e-02  2.316513e+03  4.224158e+03  5.707713e+03  8.477380e+03 
 6.391624e-02  2.295804e+03  4.186882e+03  5.657872e+03  8.404873e+03 
 6.480720e-02  2.274689e+03  4.148871e+03  5.607048e+03  8.330919e+03 
 6.571058e-02  2.253013e+03  4.109838e+03  5.554842e+03  8.254919e+03 
 6.662655e-02  2.229617e+03  4.065974e+03  5.494340e+03  8.161724e+03 
 6.755528e-02  2.205335e+03  4.020452e+03  5.431549e+03  8.065010e+03 
 6.849697e-02  2.180070e+03  3.973146e+03  5.366353e+03  7.964758e+03 
 6.945178e-02  2.153704e+03  3.923842e+03  5.298479e+03  7.860572e+03 
 7.041990e-02  2.126119e+03  3.872334e+03  5.227637e+03  7.752032e+03 
 7.140151e-02  2.097213e+03  3.818428e+03  5.153584e+03  7.638783e+03 
 7.239681e-02  2.067212e+03  3.762832e+03  5.077594e+03  7.523735e+03 
 7.340598e-02  2.036106e+03  3.705582e+03  4.999786e+03  7.407272e+03 
 7.442922e-02  2.003491e+03  3.645597e+03  4.918295e+03  7.285393e+03 
 7.546673e-02  1.969364e+03  3.582861e+03  4.833109e+03  7.158067e+03 
 7.651869e-02  1.933728e+03  3.517392e+03  4.744244e+03  7.025342e+03 
 7.758532e-02  1.896614e+03  3.449245e+03  4.651790e+03  6.887326e+03 
 7.866682e-02  1.858843e+03  3.380905e+03  4.560079e+03  6.752957e+03 
 7.976339e-02  1.820952e+03  3.313956e+03  4.471838e+03  6.627800e+03 
 8.087525e-02  1.781796e+03  3.244634e+03  4.380333e+03  6.497656e+03 
 8.200261e-02  1.741515e+03  3.173195e+03  4.285909e+03  6.363002e+03 
 8.314568e-02  1.700274e+03  3.099934e+03  4.188951e+03  6.224412e+03 
 8.430468e-02  1.658255e+03  3.025178e+03  4.089905e+03  6.082526e+03 
 8.547985e-02  1.615127e+03  2.947439e+03  3.985894e+03  5.930963e+03 
 8.667139e-02  1.571428e+03  2.868198e+03  3.879410e+03  5.774621e+03 
 8.787954e-02  1.527660e+03  2.788805e+03  3.772685e+03  5.617841e+03 
 8.910453e-02  1.484074e+03  2.709720e+03  3.666357e+03  5.461553e+03 
 9.034660e-02  1.440926e+03  2.631404e+03  3.561041e+03  5.306684e+03 
 9.160598e-02  1.399094e+03  2.556351e+03  3.460938e+03  5.161494e+03 
 9.288292e-02  1.358740e+03  2.484730e+03  3.366173e+03  5.025902e+03 
 9.417766e-02  1.319516e+03  2.415074e+03  3.273967e+03  4.893845e+03 
 9.549045e-02  1.281645e+03  2.347796e+03  3.184876e+03  4.766165e+03 
 9.682153e-02  1.245342e+03  2.283291e+03  3.099440e+03  4.643686e+03 
 9.817117e-02  1.211024e+03  2.222704e+03  3.019573e+03  4.530060e+03 
 9.953962e-02  1.178706e+03  2.165825e+03  2.944755e+03  4.423998e+03 
 1.009272e-01  1.148428e+03  2.112591e+03  2.874786e+03  4.324932e+03 
 1.023340e-01  1.120307e+03  2.063229e+03  2.809974e+03  4.233347e+03 
 1.037605e-01  1.093862e+03  2.016201e+03  2.747652e+03  4.143875e+03 
 1.052069e-01  1.067638e+03  1.967050e+03  2.680130e+03  4.041225e+03 
 1.066734e-01  1.043751e+03  1.922238e+03  2.618531e+03  3.947492e+03 
 1.081604e-01  1.022161e+03  1.881680e+03  2.562736e+03  3.862502e+03 
 1.096681e-01  1.002768e+03  1.845197e+03  2.512495e+03  3.785878e+03 
 1.111968e-01  9.854505e+02  1.812638e+03  2.467548e+03  3.716665e+03 
 1.127468e-01  9.700385e+02  1.783612e+03  2.427409e+03  3.654672e+03 
 1.143184e-01  9.563348e+02  1.757745e+03  2.391574e+03  3.599161e+03 
 1.159120e-01  9.440995e+02  1.734598e+03  2.359447e+03  3.549237e+03 
 1.175277e-01  9.335613e+02  1.715034e+03  2.332520e+03  3.507642e+03 
 1.191660e-01  9.239775e+02  1.697278e+03  2.308086e+03  3.469845e+03 
 1.208271e-01  9.149940e+02  1.680638e+03  2.285174e+03  3.434356e+03 
 1.225114e-01  9.062340e+02  1.664379e+03  2.262763e+03  3.399633e+03 
 1.242191e-01  8.969610e+02  1.646787e+03  2.238344e+03  3.361897e+03 
 1.259506e-01  8.873047e+02  1.628506e+03  2.213000e+03  3.322810e+03 
 1.277063e-01  8.769527e+02  1.608961e+03  2.185956e+03  3.281210e+03 
 1.294865e-01  8.659417e+02  1.588439e+03  2.157696e+03  3.237813e+03 
 1.312915e-01  8.540696e+02  1.566604e+03  2.127792e+03  3.191986e+03 
 1.331216e-01  8.407716e+02  1.542161e+03  2.094362e+03  3.140930e+03 
 1.349772e-01  8.259410e+02  1.514947e+03  2.057224e+03  3.084490e+03 
 1.368587e-01  8.105495e+02  1.488367e+03  2.022816e+03  3.037366e+03 
 1.387665e-01  7.934973e+02  1.458688e+03  1.984156e+03  2.983769e+03 
 1.407008e-01  7.748672e+02  1.426051e+03  1.941422e+03  2.923925e+03 
 1.426621e-01  7.558041e+02  1.393265e+03  1.898748e+03  2.864083e+03 
 1.446507e-01  7.357959e+02  1.358860e+03  1.853892e+03  2.800791e+03 
 1.466671e-01  7.147985e+02  1.322499e+03  1.806271e+03  2.733134e+03 
 1.487115e-01  6.916660e+02  1.280710e+03  1.750252e+03  2.651333e+03 
 1.507845e-01  6.673126e+02  1.235683e+03  1.689152e+03  2.560860e+03 
 1.528864e-01  6.431741e+02  1.191037e+03  1.628539e+03  2.470983e+03 
 1.550175e-01  6.211711e+02  1.152036e+03  1.576983e+03  2.397442e+03 
 1.571784e-01  6.011003e+02  1.117692e+03  1.532640e+03  2.336461e+03 
 1.593694e-01  5.821360e+02  1.085210e+03  1.490672e+03  2.278674e+03 
 1.615909e-01  5.649724e+02  1.056196e+03  1.453395e+03  2.227491e+03 
 1.638434e-01  5.495755e+02  1.030432e+03  1.420470e+03  2.182545e+03 
 1.661273e-01  5.359058e+02  1.007732e+03  1.391620e+03  2.143528e+03 
 1.684430e-01  5.214114e+02  9.810156e+02  1.355537e+03  2.090751e+03 
 1.707910e-01  5.085085e+02  9.569689e+02  1.322902e+03  2.042845e+03 
 1.731717e-01  4.977376e+02  9.371435e+02  1.296156e+03  2.003798e+03 
 1.755856e-01  4.898839e+02  9.237064e+02  1.278558e+03  1.978303e+03 
 1.780332e-01  4.834388e+02  9.128968e+02  1.264572e+03  1.958338e+03 
 1.805149e-01  4.766184e+02  8.995110e+02  1.245437e+03  1.927310e+03 
 1.830312e-01  4.697127e+02  8.848517e+02  1.223600e+03  1.890263e+03 
 1.855825e-01  4.632827e+02  8.712618e+02  1.203451e+03  1.856337e+03 
 1.881694e-01  4.570568e+02  8.589988e+02  1.186319e+03  1.829980e+03 
 1.907924e-01  4.504799e+02  8.461207e+02  1.168372e+03  1.802438e+03 
 1.934520e-01  4.428945e+02  8.313457e+02  1.148017e+03  1.772394e+03 
 1.961486e-01  4.342617e+02  8.146314e+02  1.125074e+03  1.738802e+03 
 1.988828e-01  4.255394e+02  7.984603e+02  1.103181e+03  1.706755e+03 
 2.016551e-01  4.170903e+02  7.837986e+02  1.083776e+03  1.678399e+03 
 2.044661e-01  4.073842e+02  7.666123e+02  1.060764e+03  1.644286e+03 
 2.073162e-01  3.962692e+02  7.459253e+02  1.032254e+03  1.600636e+03 
 2.102061e-01  3.843201e+02  7.236430e+02  1.001528e+03  1.553522e+03 
 2.131362e-01  3.749534e+02  7.099284e+02  9.854398e+02  1.533508e+03 
 2.161073e-01  3.653963e+02  6.958428e+02  9.688343e+02  1.512675e+03 
 2.191197e-01  3.537488e+02  6.759213e+02  9.432720e+02  1.478198e+03 
 2.221741e-01  3.420545e+02  6.553886e+02  9.165641e+02  1.441730e+03 
 2.252711e-01  3.315301e+02  6.374882e+02  8.937698e+02  1.411382e+03 
 2.284112e-01  3.221307e+02  6.217577e+02  8.739805e+02  1.385507e+03 
 2.315951e-01  3.139656e+02  6.075184e+02  8.550526e+02  1.357450e+03 
 2.348235e-01  3.070692e+02  5.953883e+02  8.386397e+02  1.332123e+03 
 2.380968e-01  2.996436e+02  5.809073e+02  8.183196e+02  1.300774e+03 
 2.414157e-01  2.928925e+02  5.674073e+02  7.992306e+02  1.271401e+03 
 2.447809e-01  2.865048e+02  5.547743e+02  7.816302e+02  1.244284e+03 
 2.481930e-01  2.807694e+02  5.434635e+02  7.659198e+02  1.220118e+03 
 2.516527e-01  2.775254e+02  5.377605e+02  7.580231e+02  1.207418e+03 
 2.551606e-01  2.735550e+02  5.303239e+02  7.476520e+02  1.191200e+03 
 2.587174e-01  2.669926e+02  5.167845e+02  7.285530e+02  1.162383e+03 
 2.623238e-01  2.613277e+02  5.059896e+02  7.137471e+02  1.140466e+03 
 2.659804e-01  2.565791e+02  4.980683e+02  7.034541e+02  1.125809e+03 
 2.696881e-01  2.500080e+02  4.860347e+02  6.872498e+02  1.101665e+03 
 2.734474e-01  2.425437e+02  4.721291e+02  6.683974e+02  1.073342e+03 
 2.772591e-01  2.365617e+02  4.623010e+02  6.561271e+02  1.057515e+03 
 2.811239e-01  2.301409e+02  4.512342e+02  6.419438e+02  1.039100e+03 
 2.850426e-01  2.234955e+02  4.392330e+02  6.262415e+02  1.018963e+03 
 2.890160e-01  2.172455e+02  4.287189e+02  6.127690e+02  1.000048e+03 
 2.930447e-01  2.114708e+02  4.188566e+02  5.997109e+02  9.801847e+02 
 2.971296e-01  2.061998e+02  4.087937e+02  5.848509e+02  9.544107e+02 
 3.012714e-01  2.015612e+02  4.007758e+02  5.742771e+02  9.389706e+02 
 3.054710e-01  1.973042e+02  3.935893e+02  5.652864e+02  9.273003e+02 
 3.097291e-01  1.924850e+02  3.844313e+02  5.529822e+02  9.098554e+02 
 3.140465e-01  1.882319e+02  3.757954e+02  5.405335e+02  8.894092e+02 
 3.184242e-01  1.845032e+02  3.682909e+02  5.296939e+02  8.715875e+02 
 3.228628e-01  1.814640e+02  3.629461e+02  5.227578e+02  8.627485e+02 
 3.273634e-01  1.772536e+02  3.543872e+02  5.103762e+02  8.427894e+02 
 3.319266e-01  1.727129e+02  3.454821e+02  4.979825e+02  8.240262e+02 
 3.365535e-01  1.681729e+02  3.372332e+02  4.872360e+02  8.094466e+02 
 3.412449e-01  1.647726e+02  3.325911e+02  4.817585e+02  8.009767e+02 
 3.460016e-01  1.610228e+02  3.264214e+02  4.737906e+02  7.897408e+02 
 3.508247e-01  1.572850e+02  3.197562e+02  4.648512e+02  7.764901e+02 
 3.557150e-01  1.536654e+02  3.130819e+02  4.557772e+02  7.623852e+02 
 3.606735e-01  1.496108e+02  3.058711e+02  4.463029e+02  7.491561e+02 
 3.657011e-01  1.449945e+02  2.970953e+02  4.341883e+02  7.319129e+02 
 3.707988e-01  1.413147e+02  2.899668e+02  4.243776e+02  7.172745e+02 
 3.759675e-01  1.380700e+02  2.836879e+02  4.157019e+02  7.041431e+02 
 3.812083e-01  1.348662e+02  2.778279e+02  4.077526e+02  6.923236e+02 
 3.865221e-01  1.322064e+02  2.738902e+02  4.033086e+02  6.855583e+02 
 3.919100e-01  1.293820e+02  2.673319e+02  3.932324e+02  6.710926e+02 
 3.973730e-01  1.262354e+02  2.618843e+02  3.863378e+02  6.602787e+02 
 4.029122e-01  1.235199e+02  2.575441e+02  3.803703e+02  6.495487e+02 
 4.085286e-01  1.208045e+02  2.518076e+02  3.720785e+02  6.373784e+02 
 4.142232e-01  1.175859e+02  2.452156e+02  3.631702e+02  6.257739e+02 
 4.199973e-01  1.143762e+02  2.395677e+02  3.559081e+02  6.151570e+02 
 4.258518e-01  1.117234e+02  2.346793e+02  3.490409e+02  6.035958e+02 
 4.317880e-01  1.089617e+02  2.293930e+02  3.412482e+02  5.913065e+02 
 4.378069e-01  1.065830e+02  2.246010e+02  3.343416e+02  5.798912e+02 
 4.439097e-01  1.046186e+02  2.215254e+02  3.306063e+02  5.759301e+02 
 4.500975e-01  1.017093e+02  2.160781e+02  3.231921e+02  5.650079e+02 
 4.563716e-01  9.926577e+01  2.109836e+02  3.158131e+02  5.521430e+02 
 4.627332e-01  9.765093e+01  2.087173e+02  3.133261e+02  5.497259e+02 
 4.691835e-01  9.502662e+01  2.035227e+02  3.059642e+02  5.376451e+02 
 4.757236e-01  9.310332e+01  1.996742e+02  3.005606e+02  5.291311e+02 
 4.823549e-01  9.050105e+01  1.944292e+02  2.930591e+02  5.184096e+02 
 4.890787e-01  8.837766e+01  1.902369e+02  2.873818e+02  5.096584e+02 
 4.958962e-01  8.673580e+01  1.870680e+02  2.825377e+02  5.008432e+02 
 5.028087e-01  8.458595e+01  1.833427e+02  2.775061e+02  4.933894e+02 
 5.098176e-01  8.288430e+01  1.801809e+02  2.730321e+02  4.849917e+02 
 5.169242e-01  8.131860e+01  1.772202e+02  2.689751e+02  4.794262e+02 
 5.241298e-01  7.856242e+01  1.724179e+02  2.630053e+02  4.719517e+02 
 5.314359e-01  7.706943e+01  1.701883e+02  2.600567e+02  4.670539e+02 
 5.388438e-01  7.532688e+01  1.662090e+02  2.540611e+02  4.577692e+02 
 5.463550e-01  7.382910e+01  1.633141e+02  2.498060e+02  4.505876e+02 
 5.539709e-01  7.168265e+01  1.593881e+02  2.447713e+02  4.430224e+02 
 5.616930e-01  7.026137e+01  1.566182e+02  2.408415e+02  4.371045e+02 
 5.695227e-01  6.873708e+01  1.540096e+02  2.376160e+02  4.310605e+02 
 5.774615e-01  6.708677e+01  1.502389e+02  2.319156e+02  4.225209e+02 
 5.855110e-01  6.577867e+01  1.478792e+02  2.284500e+02  4.165019e+02 
 5.936727e-01  6.415658e+01  1.441960e+02  2.231233e+02  4.084177e+02 
 6.019482e-01  6.291965e+01  1.421941e+02  2.200728e+02  4.028171e+02 
 6.103390e-01  6.130557e+01  1.393764e+02  2.164926e+02  3.968625e+02 
 6.188468e-01  5.986226e+01  1.368216e+02  2.138909e+02  3.948829e+02 
 6.274732e-01  5.871701e+01  1.340161e+02  2.090901e+02  3.867625e+02 
 6.362198e-01  5.738942e+01  1.317551e+02  2.059668e+02  3.809601e+02 
 6.450884e-01  5.591849e+01  1.290352e+02  2.021810e+02  3.744500e+02 
 6.540806e-01  5.465800e+01  1.260451e+02  1.976294e+02  3.674991e+02 
 6.631981e-01  5.330976e+01  1.237287e+02  1.950003e+02  3.634288e+02 
 6.724427e-01  5.218016e+01  1.213632e+02  1.916353e+02  3.590204e+02 
 6.818162e-01  5.092356e+01  1.189715e+02  1.876296e+02  3.514698e+02 
 6.913204e-01  4.972576e+01  1.165132e+02  1.844003e+02  3.462446e+02 
 7.009570e-01  4.893472e+01  1.145949e+02  1.815291e+02  3.414626e+02 
 7.107280e-01  4.756070e+01  1.124248e+02  1.786219e+02  3.359215e+02 
 7.206351e-01  4.673784e+01  1.104789e+02  1.759429e+02  3.325567e+02 
 7.306804e-01  4.569090e+01  1.086622e+02  1.730375e+02  3.264716e+02 
 7.408657e-01  4.460167e+01  1.063435e+02  1.697256e+02  3.219505e+02 
 7.511929e-01  4.357967e+01  1.042062e+02  1.669418e+02  3.174072e+02 
 7.616642e-01  4.267992e+01  1.021545e+02  1.639696e+02  3.129443e+02 
 7.722814e-01  4.200254e+01  1.010124e+02  1.621097e+02  3.087175e+02 
 7.830465e-01  4.106155e+01  9.890328e+01  1.590694e+02  3.044170e+02 
 7.939618e-01  4.021298e+01  9.746927e+01  1.568716e+02  3.006062e+02 
 8.050292e-01  3.924390e+01  9.542207e+01  1.544326e+02  2.966975e+02 
 8.162509e-01  3.845028e+01  9.389414e+01  1.518269e+02  2.913524e+02 
 8.276289e-01  3.744666e+01  9.183044e+01  1.490388e+02  2.873370e+02 
 8.391656e-01  3.686664e+01  9.060772e+01  1.467338e+02  2.835096e+02 
 8.508632e-01  3.613401e+01  8.891603e+01  1.445631e+02  2.796940e+02 
 8.627237e-01  3.524530e+01  8.729061e+01  1.421639e+02  2.750924e+02 
 8.747496e-01  3.453037e+01  8.562439e+01  1.398268e+02  2.712640e+02 
 8.869432e-01  3.384619e+01  8.428183e+01  1.377868e+02  2.678792e+02 
 8.993067e-01  3.307225e+01  8.278655e+01  1.355472e+02  2.637025e+02 
 9.118425e-01  3.250738e+01  8.125712e+01  1.331174e+02  2.590146e+02 
 9.245531e-01  3.171452e+01  7.978642e+01  1.308936e+02  2.557476e+02 
 9.374409e-01  3.102271e+01  7.836931e+01  1.289765e+02  2.523434e+02 
 9.505083e-01  3.042585e+01  7.698441e+01  1.269206e+02  2.486181e+02 
 9.637579e-01  2.971956e+01  7.542386e+01  1.245554e+02  2.447344e+02 
 9.771921e-01  2.921625e+01  7.481952e+01  1.233181e+02  2.415146e+02 
 9.908137e-01  2.858317e+01  7.328209e+01  1.210854e+02  2.380084e+02 
 1.004625e+00  2.796295e+01  7.180192e+01  1.188708e+02  2.340216e+02 
 1.018629e+00  2.743856e+01  7.070090e+01  1.171005e+02  2.304761e+02 
 1.032828e+00  2.682566e+01  6.941168e+01  1.153795e+02  2.277279e+02 
 1.047225e+00  2.623021e+01  6.827091e+01  1.134503e+02  2.237231e+02 
 1.061823e+00  2.574777e+01  6.725982e+01  1.118233e+02  2.206758e+02 
 1.076624e+00  2.520381e+01  6.608878e+01  1.100753e+02  2.173695e+02 
 1.091632e+00  2.473501e+01  6.489501e+01  1.084089e+02  2.140155e+02 
 1.106848e+00  2.419368e+01  6.368464e+01  1.065786e+02  2.110045e+02 
 1.122277e+00  2.370021e+01  6.272853e+01  1.048018e+02  2.074506e+02 
 1.137921e+00  2.320872e+01  6.154648e+01  1.030736e+02  2.043759e+02 
 1.153783e+00  2.276672e+01  6.054060e+01  1.015053e+02  2.014281e+02 
 1.169866e+00  2.234333e+01  5.958187e+01  9.994458e+01  1.986898e+02 
 1.186174e+00  2.187627e+01  5.863744e+01  9.838432e+01  1.955135e+02 
 1.202708e+00  2.146007e+01  5.765251e+01  9.690663e+01  1.927159e+02 
 1.219473e+00  2.105690e+01  5.672599e+01  9.550029e+01  1.895252e+02 
 1.236472e+00  2.063202e+01  5.579608e+01  9.406867e+01  1.868822e+02 
 1.253708e+00  2.023772e+01  5.485136e+01  9.236997e+01  1.838830e+02 
 1.271184e+00  1.984858e+01  5.409473e+01  9.125136e+01  1.812011e+02 
 1.288904e+00  1.945548e+01  5.300729e+01  8.955936e+01  1.784907e+02 
 1.306870e+00  1.906552e+01  5.211754e+01  8.811121e+01  1.754421e+02 
 1.325087e+00  1.872651e+01  5.129766e+01  8.680267e+01  1.725995e+02 
 1.343558e+00  1.836333e+01  5.042250e+01  8.539937e+01  1.698920e+02 
 1.362287e+00  1.802201e+01  4.956753e+01  8.394141e+01  1.670348e+02 
 1.381276e+00  1.766366e+01  4.878423e+01  8.244347e+01  1.642088e+02 
 1.400531e+00  1.733688e+01  4.797243e+01  8.118840e+01  1.614891e+02 
 1.420053e+00  1.699838e+01  4.709881e+01  7.990734e+01  1.587708e+02 
 1.439848e+00  1.668182e+01  4.638806e+01  7.854040e+01  1.562198e+02 
 1.459919e+00  1.635000e+01  4.559766e+01  7.726006e+01  1.534781e+02 
 1.480269e+00  1.608079e+01  4.477534e+01  7.587684e+01  1.506745e+02 
 1.500903e+00  1.577617e+01  4.407211e+01  7.462517e+01  1.483492e+02 
 1.521825e+00  1.546977e+01  4.336933e+01  7.346730e+01  1.457764e+02 
 1.543038e+00  1.517005e+01  4.262571e+01  7.228404e+01  1.434582e+02 
 1.564548e+00  1.490884e+01  4.192235e+01  7.106218e+01  1.408453e+02 
 1.586357e+00  1.463279e+01  4.124614e+01  6.987298e+01  1.383575e+02 
 1.608469e+00  1.434247e+01  4.054188e+01  6.866878e+01  1.360334e+02 
 1.630891e+00  1.411662e+01  3.980425e+01  6.735219e+01  1.333131e+02 
 1.653624e+00  1.383515e+01  3.911538e+01  6.626205e+01  1.311632e+02 
 1.676675e+00  1.357383e+01  3.850221e+01  6.517188e+01  1.286948e+02 
 1.700047e+00  1.332238e+01  3.785747e+01  6.403676e+01  1.264285e+02 
 1.723745e+00  1.309951e+01  3.718292e+01  6.293094e+01  1.239761e+02 
 1.747773e+00  1.284004e+01  3.652349e+01  6.179379e+01  1.216384e+02 
 1.772136e+00  1.260736e+01  3.592146e+01  6.068033e+01  1.194755e+02 
 1.796838e+00  1.238505e+01  3.529169e+01  5.960429e+01  1.172088e+02 
 1.821885e+00  1.218807e+01  3.468025e+01  5.851827e+01  1.150626e+02 
 1.847281e+00  1.195154e+01  3.412421e+01  5.755336e+01  1.129070e+02 
 1.873032e+00  1.174293e+01  3.353095e+01  5.641405e+01  1.107764e+02 
 1.899141e+00  1.153300e+01  3.290564e+01  5.541411e+01  1.086578e+02 
 1.925614e+00  1.133622e+01  3.234751e+01  5.443166e+01  1.064826e+02 
 1.952456e+00  1.116080e+01  3.181753e+01  5.347572e+01  1.044017e+02 
 1.979672e+00  1.093702e+01  3.127498e+01  5.248381e+01  1.023559e+02 
 2.007267e+00  1.075426e+01  3.071624e+01  5.144146e+01  1.003680e+02 
 2.035248e+00  1.055483e+01  3.013710e+01  5.046072e+01  9.827464e+01 
 2.063618e+00  1.036510e+01  2.957644e+01  4.947698e+01  9.624651e+01 
 2.092383e+00  1.018850e+01  2.903715e+01  4.850815e+01  9.425476e+01 
 2.121550e+00  9.999808e+00  2.849648e+01  4.756534e+01  9.233270e+01 
 2.151123e+00  9.826653e+00  2.798676e+01  4.662118e+01  9.034119e+01 
 2.181109e+00  9.650031e+00  2.744404e+01  4.570384e+01  8.848933e+01 
 2.211512e+00  9.484461e+00  2.692206e+01  4.476519e+01  8.656561e+01 
 2.242340e+00  9.316398e+00  2.644713e+01  4.390444e+01  8.474919e+01 
 2.273597e+00  9.144673e+00  2.595221e+01  4.299333e+01  8.291311e+01 
 2.305289e+00  8.994604e+00  2.545415e+01  4.213923e+01  8.115147e+01 
 2.337424e+00  8.840742e+00  2.496489e+01  4.126639e+01  7.942800e+01 
 2.370006e+00  8.681433e+00  2.448740e+01  4.042568e+01  7.772303e+01 
 2.403043e+00  8.518678e+00  2.402334e+01  3.957212e+01  7.598908e+01 
 2.436540e+00  8.376676e+00  2.356983e+01  3.875821e+01  7.429233e+01 
 2.470504e+00  8.228448e+00  2.310885e+01  3.792937e+01  7.262397e+01 
 2.504942e+00  8.085300e+00  2.266459e+01  3.714027e+01  7.101644e+01 
 2.539859e+00  7.947584e+00  2.220708e+01  3.633232e+01  6.935550e+01 
 2.575263e+00  7.799463e+00  2.174728e+01  3.556873e+01  6.781789e+01 
 2.611161e+00  7.665531e+00  2.132299e+01  3.477282e+01  6.625479e+01 
 2.647559e+00  7.528818e+00  2.088886e+01  3.399859e+01  6.469009e+01 
 2.684465e+00  7.393854e+00  2.047596e+01  3.325197e+01  6.318272e+01 
 2.721885e+00  7.256995e+00  2.003473e+01  3.251126e+01  6.171746e+01 
 2.759826e+00  7.129598e+00  1.961657e+01  3.177490e+01  6.025933e+01 
 2.798297e+00  6.999422e+00  1.921473e+01  3.106132e+01  5.886677e+01 
 2.837304e+00  6.875091e+00  1.881143e+01  3.035825e+01  5.748459e+01 
 2.876854e+00  6.750506e+00  1.841070e+01  2.967126e+01  5.612801e+01 
 2.916956e+00  6.630278e+00  1.802982e+01  2.899955e+01  5.476308e+01 
 2.957617e+00  6.512826e+00  1.764972e+01  2.834650e+01  5.346250e+01 
 2.998844e+00  6.395477e+00  1.727780e+01  2.769577e+01  5.217574e+01 
 3.040646e+00  6.279608e+00  1.690520e+01  2.704157e+01  5.094192e+01 
 3.083031e+00  6.166305e+00  1.653273e+01  2.641180e+01  4.969994e+01 
 3.126007e+00  6.054942e+00  1.618294e+01  2.579488e+01  4.847555e+01 
 3.169582e+00  5.943631e+00  1.581790e+01  2.516466e+01  4.728286e+01 
 3.213764e+00  5.833604e+00  1.546771e+01  2.456657e+01  4.611541e+01 
 3.258562e+00  5.723837e+00  1.512795e+01  2.398060e+01  4.496815e+01 
 3.303985e+00  5.617356e+00  1.478049e+01  2.339308e+01  4.384674e+01 
 3.350041e+00  5.513093e+00  1.444051e+01  2.282544e+01  4.274573e+01 
 3.396739e+00  5.408008e+00  1.411138e+01  2.227270e+01  4.166506e+01 
 3.444087e+00  5.306262e+00  1.378696e+01  2.171205e+01  4.061407e+01 
 3.492096e+00  5.206927e+00  1.347158e+01  2.118741e+01  3.960070e+01 
 3.540774e+00  5.104701e+00  1.316094e+01  2.066779e+01  3.860065e+01 
 3.590130e+00  5.009403e+00  1.285518e+01  2.015249e+01  3.763171e+01 
 3.640175e+00  4.914152e+00  1.255800e+01  1.966140e+01  3.668795e+01 
 3.690917e+00  4.819017e+00  1.227136e+01  1.916383e+01  3.574908e+01 
 3.742366e+00  4.726637e+00  1.197619e+01  1.868977e+01  3.485011e+01 
 3.794533e+00  4.636155e+00  1.169613e+01  1.822358e+01  3.395793e+01 
 3.847427e+00  4.544801e+00  1.141730e+01  1.776001e+01  3.309461e+01 
 3.901058e+00  4.454806e+00  1.114353e+01  1.731255e+01  3.223641e+01 
 3.955436e+00  4.369422e+00  1.087621e+01  1.686605e+01  3.139707e+01 
 4.010573e+00  4.280358e+00  1.061133e+01  1.643815e+01  3.059216e+01 
 4.066478e+00  4.194092e+00  1.034939e+01  1.601303e+01  2.979064e+01 
 4.123163e+00  4.108853e+00  1.009836e+01  1.559889e+01  2.901131e+01 
 4.180637e+00  4.026719e+00  9.851873e+00  1.519855e+01  2.825205e+01 
 4.238913e+00  3.944305e+00  9.606359e+00  1.480246e+01  2.751782e+01 
 4.298001e+00  3.862192e+00  9.368349e+00  1.442103e+01  2.679602e+01 
 4.357913e+00  3.784523e+00  9.135147e+00  1.404782e+01  2.610146e+01 
 4.418660e+00  3.706600e+00  8.911481e+00  1.368228e+01  2.542517e+01 
 4.480254e+00  3.629186e+00  8.689565e+00  1.332764e+01  2.476209e+01 
 4.542706e+00  3.554877e+00  8.472496e+00  1.298128e+01  2.411859e+01 
 4.606029e+00  3.480455e+00  8.263278e+00  1.264508e+01  2.349541e+01 
 4.670234e+00  3.407262e+00  8.056591e+00  1.232181e+01  2.288784e+01 
 4.735335e+00  3.336030e+00  7.855428e+00  1.200153e+01  2.228990e+01 
 4.801343e+00  3.266369e+00  7.659815e+00  1.168925e+01  2.170381e+01 
 4.868271e+00  3.196139e+00  7.465260e+00  1.138134e+01  2.113150e+01 
 4.936132e+00  3.127730e+00  7.274640e+00  1.108109e+01  2.057463e+01 
 5.004939e+00  3.059668e+00  7.089188e+00  1.078898e+01  2.002805e+01 
 5.074705e+00  2.992433e+00  6.908001e+00  1.050247e+01  1.949964e+01 
 5.145444e+00  2.927741e+00  6.730862e+00  1.022460e+01  1.898191e+01 
 5.217169e+00  2.862684e+00  6.556818e+00  9.953878e+00  1.847545e+01 
 5.289893e+00  2.800321e+00  6.388646e+00  9.692222e+00  1.798963e+01 
 5.363631e+00  2.737774e+00  6.224245e+00  9.434652e+00  1.751185e+01 
 5.438397e+00  2.677371e+00  6.063922e+00  9.186449e+00  1.704810e+01 
 5.514206e+00  2.617953e+00  5.908359e+00  8.944355e+00  1.659896e+01 
 5.591071e+00  2.559059e+00  5.757258e+00  8.709193e+00  1.616056e+01 
 5.669007e+00  2.502730e+00  5.610163e+00  8.481361e+00  1.573958e+01 
 5.748030e+00  2.446664e+00  5.466336e+00  8.258594e+00  1.532436e+01 
 5.828155e+00  2.391785e+00  5.326441e+00  8.042997e+00  1.492274e+01 
 5.909396e+00  2.337804e+00  5.189485e+00  7.831790e+00  1.453032e+01 
 5.991770e+00  2.284529e+00  5.055368e+00  7.624719e+00  1.414691e+01 
 6.075292e+00  2.232213e+00  4.924671e+00  7.423764e+00  1.376896e+01 
 6.159978e+00  2.180821e+00  4.796373e+00  7.226694e+00  1.340331e+01 
 6.245845e+00  2.130575e+00  4.671554e+00  7.035283e+00  1.304593e+01 
 6.332908e+00  2.081019e+00  4.549341e+00  6.847824e+00  1.269614e+01 
 6.421186e+00  2.032607e+00  4.430771e+00  6.665470e+00  1.235638e+01 
 6.510694e+00  1.985097e+00  4.315080e+00  6.488562e+00  1.202621e+01 
 6.601449e+00  1.938921e+00  4.202792e+00  6.316457e+00  1.170453e+01 
 6.693470e+00  1.893247e+00  4.093324e+00  6.148647e+00  1.139143e+01 
 6.786773e+00  1.849052e+00  3.986624e+00  5.985490e+00  1.108863e+01 
 6.881377e+00  1.805835e+00  3.883354e+00  5.868216e+00  1.079345e+01 
 6.977300e+00  1.763472e+00  3.783160e+00  5.675415e+00  1.050685e+01 
 7.074559e+00  1.722508e+00  3.685561e+00  5.526061e+00  1.022776e+01 
 7.173175e+00  1.682151e+00  3.590762e+00  5.380948e+00  9.957487e+00 
 7.273165e+00  1.642945e+00  3.498332e+00  5.240030e+00  9.693755e+00 
 7.374549e+00  1.604173e+00  3.407750e+00  5.102386e+00  9.436780e+00 
 7.477346e+00  1.566161e+00  3.319439e+00  4.968281e+00  9.184330e+00 
 7.581576e+00  1.529069e+00  3.232874e+00  4.836391e+00  8.937863e+00 
 7.687260e+00  1.492578e+00  3.148759e+00  4.708184e+00  8.697871e+00 
 7.794416e+00  1.456882e+00  3.066846e+00  4.582660e+00  8.463038e+00 
 7.903066e+00  1.422119e+00  2.986225e+00  4.460272e+00  8.233730e+00 
 8.013230e+00  1.388076e+00  2.908444e+00  4.341901e+00  8.011417e+00 
 8.124930e+00  1.354746e+00  2.832511e+00  4.226365e+00  7.794626e+00 
 8.238187e+00  1.322469e+00  2.758691e+00  4.113904e+00  7.583545e+00 
 8.353023e+00  1.290795e+00  2.686857e+00  4.004472e+00  7.378532e+00 
 8.469460e+00  1.260027e+00  2.617178e+00  3.898665e+00  7.179690e+00 
 8.587519e+00  1.230123e+00  2.549354e+00  3.795463e+00  6.986232e+00 
 8.707225e+00  1.200955e+00  2.483496e+00  3.695615e+00  6.798570e+00 
 8.828599e+00  1.172591e+00  2.419737e+00  3.598645e+00  6.616155e+00 
 8.951665e+00  1.144791e+00  2.357780e+00  3.504066e+00  6.439370e+00 
 9.076446e+00  1.117851e+00  2.297233e+00  3.412234e+00  6.266829e+00 
 9.202967e+00  1.091403e+00  2.238172e+00  3.322722e+00  6.098299e+00 
 9.331251e+00  1.065452e+00  2.180433e+00  3.234896e+00  5.933742e+00 
 9.461324e+00  0.000000e+00  0.000000e+00  0.000000e+00  0.000000e+00 
 9.593209e+00  0.000000e+00  0.000000e+00  0.000000e+00  0.000000e+00 
 9.726934e+00  0.000000e+00  0.000000e+00  0.000000e+00  0.000000e+00 
 9.862522e+00  0.000000e+00  0.000000e+00  0.000000e+00  0.000000e+00 
 1.000000e+01  0.000000e+00  0.000000e+00  0.000000e+00  0.000000e+00 
