 1.000000e-02  5.551589e+03  1.046305e+04  1.445728e+04  2.229011e+04 
 1.013939e-02  5.583565e+03  1.052317e+04  1.454020e+04  2.241750e+04 
 1.028073e-02  5.615107e+03  1.058246e+04  1.462197e+04  2.254310e+04 
 1.042404e-02  5.646188e+03  1.064088e+04  1.470252e+04  2.266682e+04 
 1.056935e-02  5.676799e+03  1.069840e+04  1.478183e+04  2.278858e+04 
 1.071668e-02  5.706914e+03  1.075498e+04  1.485984e+04  2.290832e+04 
 1.086606e-02  5.736524e+03  1.081061e+04  1.493652e+04  2.302600e+04 
 1.101753e-02  5.765601e+03  1.086523e+04  1.501179e+04  2.314148e+04 
 1.117111e-02  5.794125e+03  1.091879e+04  1.508561e+04  2.325470e+04 
 1.132683e-02  5.822073e+03  1.097126e+04  1.515792e+04  2.336557e+04 
 1.148472e-02  5.849429e+03  1.102261e+04  1.522865e+04  2.347399e+04 
 1.164481e-02  5.876166e+03  1.107278e+04  1.529777e+04  2.357990e+04 
 1.180713e-02  5.902261e+03  1.112174e+04  1.536520e+04  2.368319e+04 
 1.197171e-02  5.927696e+03  1.116945e+04  1.543089e+04  2.378377e+04 
 1.213859e-02  5.952444e+03  1.121586e+04  1.549478e+04  2.388156e+04 
 1.230780e-02  5.976486e+03  1.126094e+04  1.555681e+04  2.397646e+04 
 1.247936e-02  5.999801e+03  1.130463e+04  1.561693e+04  2.406838e+04 
 1.265332e-02  6.022367e+03  1.134690e+04  1.567509e+04  2.415726e+04 
 1.282970e-02  6.044159e+03  1.138771e+04  1.573122e+04  2.424298e+04 
 1.300854e-02  6.065156e+03  1.142702e+04  1.578526e+04  2.432545e+04 
 1.318987e-02  6.085339e+03  1.146478e+04  1.583716e+04  2.440461e+04 
 1.337373e-02  6.104686e+03  1.150096e+04  1.588685e+04  2.448037e+04 
 1.356015e-02  6.123175e+03  1.153553e+04  1.593431e+04  2.455264e+04 
 1.374917e-02  6.140785e+03  1.156841e+04  1.597945e+04  2.462131e+04 
 1.394083e-02  6.157489e+03  1.159959e+04  1.602224e+04  2.468630e+04 
 1.413516e-02  6.173269e+03  1.162903e+04  1.606258e+04  2.474753e+04 
 1.433219e-02  6.188097e+03  1.165666e+04  1.610043e+04  2.480490e+04 
 1.453198e-02  6.201945e+03  1.168243e+04  1.613572e+04  2.485827e+04 
 1.473454e-02  6.214788e+03  1.170631e+04  1.616837e+04  2.490756e+04 
 1.493993e-02  6.226607e+03  1.172825e+04  1.619834e+04  2.495269e+04 
 1.514819e-02  6.237464e+03  1.174839e+04  1.622582e+04  2.499399e+04 
 1.535935e-02  6.247287e+03  1.176658e+04  1.625062e+04  2.503111e+04 
 1.557345e-02  6.256017e+03  1.178270e+04  1.627255e+04  2.506380e+04 
 1.579053e-02  6.263634e+03  1.179672e+04  1.629156e+04  2.509197e+04 
 1.601064e-02  6.270113e+03  1.180859e+04  1.630761e+04  2.511553e+04 
 1.623382e-02  6.275433e+03  1.181828e+04  1.632061e+04  2.513439e+04 
 1.646012e-02  6.279582e+03  1.182574e+04  1.633055e+04  2.514848e+04 
 1.668956e-02  6.282534e+03  1.183096e+04  1.633736e+04  2.515775e+04 
 1.692220e-02  6.284279e+03  1.183388e+04  1.634101e+04  2.516212e+04 
 1.715809e-02  6.284789e+03  1.183447e+04  1.634144e+04  2.516146e+04 
 1.739726e-02  6.284055e+03  1.183272e+04  1.633861e+04  2.515579e+04 
 1.763977e-02  6.282045e+03  1.182855e+04  1.633244e+04  2.514494e+04 
 1.788566e-02  6.278751e+03  1.182197e+04  1.632292e+04  2.512890e+04 
 1.813498e-02  6.274143e+03  1.181289e+04  1.630996e+04  2.510754e+04 
 1.838777e-02  6.268204e+03  1.180131e+04  1.629353e+04  2.508079e+04 
 1.864409e-02  6.260914e+03  1.178716e+04  1.627356e+04  2.504860e+04 
 1.890397e-02  6.252256e+03  1.177046e+04  1.625003e+04  2.501087e+04 
 1.916748e-02  6.242219e+03  1.175114e+04  1.622290e+04  2.496757e+04 
 1.943467e-02  6.230787e+03  1.172918e+04  1.619212e+04  2.491863e+04 
 1.970558e-02  6.217948e+03  1.170457e+04  1.615765e+04  2.486399e+04 
 1.998026e-02  6.203691e+03  1.167729e+04  1.611951e+04  2.480365e+04 
 2.025878e-02  6.188008e+03  1.164731e+04  1.607762e+04  2.473755e+04 
 2.054117e-02  6.170886e+03  1.161464e+04  1.603201e+04  2.466565e+04 
 2.082751e-02  6.152328e+03  1.157924e+04  1.598263e+04  2.458797e+04 
 2.111783e-02  6.132335e+03  1.154114e+04  1.592952e+04  2.450451e+04 
 2.141220e-02  6.111004e+03  1.150048e+04  1.587282e+04  2.441540e+04 
 2.171068e-02  6.088847e+03  1.145801e+04  1.581337e+04  2.432130e+04 
 2.201331e-02  6.065258e+03  1.141286e+04  1.575019e+04  2.422145e+04 
 2.232016e-02  6.040230e+03  1.136497e+04  1.568326e+04  2.411578e+04 
 2.263130e-02  6.013757e+03  1.131436e+04  1.561254e+04  2.400430e+04 
 2.294676e-02  5.985843e+03  1.126105e+04  1.553809e+04  2.388703e+04 
 2.326663e-02  5.956488e+03  1.120501e+04  1.545987e+04  2.376397e+04 
 2.359095e-02  5.925697e+03  1.114628e+04  1.537794e+04  2.363516e+04 
 2.391980e-02  5.893479e+03  1.108486e+04  1.529228e+04  2.350062e+04 
 2.425323e-02  5.859847e+03  1.102078e+04  1.520295e+04  2.336039e+04 
 2.459130e-02  5.824817e+03  1.095406e+04  1.510998e+04  2.321457e+04 
 2.493409e-02  5.788404e+03  1.088475e+04  1.501342e+04  2.306321e+04 
 2.528166e-02  5.750632e+03  1.081287e+04  1.491333e+04  2.290644e+04 
 2.563407e-02  5.711533e+03  1.073850e+04  1.480981e+04  2.274436e+04 
 2.599140e-02  5.671139e+03  1.066170e+04  1.470291e+04  2.257711e+04 
 2.635371e-02  5.629483e+03  1.058252e+04  1.459274e+04  2.240484e+04 
 2.672106e-02  5.586613e+03  1.050106e+04  1.447942e+04  2.222772e+04 
 2.709354e-02  5.542575e+03  1.041741e+04  1.436308e+04  2.204596e+04 
 2.747121e-02  5.497411e+03  1.033163e+04  1.424382e+04  2.185971e+04 
 2.785414e-02  5.451079e+03  1.024369e+04  1.412159e+04  2.166897e+04 
 2.824241e-02  5.403327e+03  1.015320e+04  1.399596e+04  2.147336e+04 
 2.863610e-02  5.354535e+03  1.006076e+04  1.386765e+04  2.127363e+04 
 2.903527e-02  5.304736e+03  9.966422e+03  1.373674e+04  2.106991e+04 
 2.944000e-02  5.253969e+03  9.870274e+03  1.360334e+04  2.086239e+04 
 2.985038e-02  5.202275e+03  9.772392e+03  1.346753e+04  2.065122e+04 
 3.026648e-02  5.149703e+03  9.672860e+03  1.332947e+04  2.043661e+04 
 3.068838e-02  5.096306e+03  9.571786e+03  1.318929e+04  2.021877e+04 
 3.111616e-02  5.042148e+03  9.469285e+03  1.304714e+04  1.999796e+04 
 3.154990e-02  4.987288e+03  9.365472e+03  1.290321e+04  1.977444e+04 
 3.198969e-02  4.931801e+03  9.260489e+03  1.275767e+04  1.954850e+04 
 3.243561e-02  4.875763e+03  9.154482e+03  1.261072e+04  1.932043e+04 
 3.288774e-02  4.819257e+03  9.047606e+03  1.246258e+04  1.909060e+04 
 3.334618e-02  4.762375e+03  8.940028e+03  1.231350e+04  1.885936e+04 
 3.381101e-02  4.705224e+03  8.831955e+03  1.216374e+04  1.862713e+04 
 3.428231e-02  4.647896e+03  8.723558e+03  1.201354e+04  1.839427e+04 
 3.476019e-02  4.590395e+03  8.615173e+03  1.186375e+04  1.816325e+04 
 3.524473e-02  4.532838e+03  8.506696e+03  1.171386e+04  1.793214e+04 
 3.573602e-02  4.475278e+03  8.398220e+03  1.156397e+04  1.770108e+04 
 3.623416e-02  4.417762e+03  8.289835e+03  1.141422e+04  1.747029e+04 
 3.673925e-02  4.360349e+03  8.181651e+03  1.126475e+04  1.723997e+04 
 3.725137e-02  4.303097e+03  8.073783e+03  1.111572e+04  1.701037e+04 
 3.777064e-02  4.246070e+03  7.966345e+03  1.096731e+04  1.678177e+04 
 3.829714e-02  4.189334e+03  7.859459e+03  1.081967e+04  1.655441e+04 
 3.883098e-02  4.132963e+03  7.753269e+03  1.067300e+04  1.632858e+04 
 3.937226e-02  4.077029e+03  7.647913e+03  1.052748e+04  1.610459e+04 
 3.992109e-02  4.021614e+03  7.543533e+03  1.038333e+04  1.588274e+04 
 4.047757e-02  3.966790e+03  7.440244e+03  1.024066e+04  1.566309e+04 
 4.104181e-02  3.912468e+03  7.337326e+03  1.009784e+04  1.544130e+04 
 4.161391e-02  3.858932e+03  7.235897e+03  9.957099e+03  1.522279e+04 
 4.219398e-02  3.806291e+03  7.136166e+03  9.818706e+03  1.500792e+04 
 4.278214e-02  3.754624e+03  7.038271e+03  9.682859e+03  1.479701e+04 
 4.337850e-02  3.703984e+03  6.942316e+03  9.549702e+03  1.459029e+04 
 4.398317e-02  3.654399e+03  6.848349e+03  9.419297e+03  1.438783e+04 
 4.459628e-02  3.605896e+03  6.756425e+03  9.291719e+03  1.418975e+04 
 4.521792e-02  3.558501e+03  6.666592e+03  9.167038e+03  1.399617e+04 
 4.584824e-02  3.512238e+03  6.578898e+03  9.045314e+03  1.380715e+04 
 4.648734e-02  3.467137e+03  6.493391e+03  8.926615e+03  1.362281e+04 
 4.713535e-02  3.423352e+03  6.411152e+03  8.813288e+03  1.344915e+04 
 4.779239e-02  3.380849e+03  6.331798e+03  8.704452e+03  1.328383e+04 
 4.845859e-02  3.339574e+03  6.254739e+03  8.598770e+03  1.312332e+04 
 4.913407e-02  3.299544e+03  6.180010e+03  8.496287e+03  1.296770e+04 
 4.981898e-02  3.260773e+03  6.107635e+03  8.397041e+03  1.281700e+04 
 5.051342e-02  3.223249e+03  6.037599e+03  8.301007e+03  1.267119e+04 
 5.121755e-02  3.186954e+03  5.969860e+03  8.208131e+03  1.253020e+04 
 5.193150e-02  3.151862e+03  5.904370e+03  8.118343e+03  1.239391e+04 
 5.265540e-02  3.117942e+03  5.841072e+03  8.031564e+03  1.226220e+04 
 5.338938e-02  3.084909e+03  5.778951e+03  7.945887e+03  1.213071e+04 
 5.413360e-02  3.052676e+03  5.717750e+03  7.860859e+03  1.199847e+04 
 5.488820e-02  3.021486e+03  5.658502e+03  7.778523e+03  1.187035e+04 
 5.565331e-02  2.991285e+03  5.601113e+03  7.698741e+03  1.174613e+04 
 5.642908e-02  2.961987e+03  5.545417e+03  7.621286e+03  1.162546e+04 
 5.721568e-02  2.933510e+03  5.491260e+03  7.545946e+03  1.150799e+04 
 5.801323e-02  2.905745e+03  5.438442e+03  7.472455e+03  1.139336e+04 
 5.882190e-02  2.878653e+03  5.386905e+03  7.400744e+03  1.128150e+04 
 5.964185e-02  2.852271e+03  5.337039e+03  7.331702e+03  1.117474e+04 
 6.047322e-02  2.826761e+03  5.289719e+03  7.267129e+03  1.107757e+04 
 6.131619e-02  2.801568e+03  5.242983e+03  7.203349e+03  1.098156e+04 
 6.217090e-02  2.776504e+03  5.196475e+03  7.139862e+03  1.088594e+04 
 6.303753e-02  2.751509e+03  5.150075e+03  7.076498e+03  1.079045e+04 
 6.391624e-02  2.726426e+03  5.103509e+03  7.012902e+03  1.069458e+04 
 6.480720e-02  2.701167e+03  5.056615e+03  6.948860e+03  1.059804e+04 
 6.571058e-02  2.675558e+03  5.009078e+03  6.883940e+03  1.050019e+04 
 6.662655e-02  2.648234e+03  4.956296e+03  6.809601e+03  1.038156e+04 
 6.755528e-02  2.620265e+03  4.902258e+03  6.733483e+03  1.026008e+04 
 6.849697e-02  2.591587e+03  4.846911e+03  6.655578e+03  1.013595e+04 
 6.945178e-02  2.562060e+03  4.789998e+03  6.575553e+03  1.000867e+04 
 7.041990e-02  2.531582e+03  4.731331e+03  6.493148e+03  9.877852e+03 
 7.140151e-02  2.500059e+03  4.670740e+03  6.408135e+03  9.743178e+03 
 7.239681e-02  2.467653e+03  4.608791e+03  6.321625e+03  9.607496e+03 
 7.340598e-02  2.434339e+03  4.545492e+03  6.233689e+03  9.471139e+03 
 7.442922e-02  2.399755e+03  4.479848e+03  6.142570e+03  9.330050e+03 
 7.546673e-02  2.363852e+03  4.411775e+03  6.048158e+03  9.184074e+03 
 7.651869e-02  2.326607e+03  4.341232e+03  5.950396e+03  9.033134e+03 
 7.758532e-02  2.288031e+03  4.268241e+03  5.849320e+03  8.877290e+03 
 7.866682e-02  2.249008e+03  4.195666e+03  5.750086e+03  8.727596e+03 
 7.976339e-02  2.210118e+03  4.125329e+03  5.655952e+03  8.590986e+03 
 8.087525e-02  2.169979e+03  4.052632e+03  5.558552e+03  8.449355e+03 
 8.200261e-02  2.128681e+03  3.977732e+03  5.458100e+03  8.303016e+03 
 8.314568e-02  2.086334e+03  3.900835e+03  5.354867e+03  8.152365e+03 
 8.430468e-02  2.043076e+03  3.822187e+03  5.249192e+03  7.997897e+03 
 8.547985e-02  1.998352e+03  3.739549e+03  5.136814e+03  7.830203e+03 
 8.667139e-02  1.952737e+03  3.654668e+03  5.020791e+03  7.655556e+03 
 8.787954e-02  1.906780e+03  3.569147e+03  4.903889e+03  7.479566e+03 
 8.910453e-02  1.860688e+03  3.483371e+03  4.786636e+03  7.303029e+03 
 9.034660e-02  1.814681e+03  3.397749e+03  4.669589e+03  7.126779e+03 
 9.160598e-02  1.769783e+03  3.315321e+03  4.557994e+03  6.961457e+03 
 9.288292e-02  1.726126e+03  3.236190e+03  4.451864e+03  6.806739e+03 
 9.417766e-02  1.683180e+03  3.158294e+03  4.347335e+03  6.654214e+03 
 9.549045e-02  1.641178e+03  3.082068e+03  4.245005e+03  6.504787e+03 
 9.682153e-02  1.600329e+03  3.007905e+03  4.145414e+03  6.359278e+03 
 9.817117e-02  1.561238e+03  2.937520e+03  4.051496e+03  6.223616e+03 
 9.953962e-02  1.523832e+03  2.870392e+03  3.962155e+03  6.095166e+03 
 1.009272e-01  1.488121e+03  2.806320e+03  3.876899e+03  5.972646e+03 
 1.023340e-01  1.454241e+03  2.745566e+03  3.796092e+03  5.856620e+03 
 1.037605e-01  1.421659e+03  2.686313e+03  3.716479e+03  5.740308e+03 
 1.052069e-01  1.388681e+03  2.623182e+03  3.628588e+03  5.604310e+03 
 1.066734e-01  1.357898e+03  2.564193e+03  3.546422e+03  5.477090e+03 
 1.081604e-01  1.329293e+03  2.509315e+03  3.469931e+03  5.358573e+03 
 1.096681e-01  1.302841e+03  2.458490e+03  3.399030e+03  5.248606e+03 
 1.111968e-01  1.278635e+03  2.412158e+03  3.334397e+03  5.147713e+03 
 1.127468e-01  1.256423e+03  2.369590e+03  3.274961e+03  5.054766e+03 
 1.143184e-01  1.236053e+03  2.330483e+03  3.220290e+03  4.969123e+03 
 1.159120e-01  1.217343e+03  2.294489e+03  3.169913e+03  4.890063e+03 
 1.175277e-01  1.200747e+03  2.263133e+03  3.126459e+03  4.822647e+03 
 1.191660e-01  1.185426e+03  2.234224e+03  3.086420e+03  4.760551e+03 
 1.208271e-01  1.171060e+03  2.207102e+03  3.048844e+03  4.702228e+03 
 1.225114e-01  1.157311e+03  2.181084e+03  3.012759e+03  4.646188e+03 
 1.242191e-01  1.143352e+03  2.154157e+03  2.975156e+03  4.587745e+03 
 1.259506e-01  1.129478e+03  2.127407e+03  2.937811e+03  4.529726e+03 
 1.277063e-01  1.115396e+03  2.100280e+03  2.899965e+03  4.470975e+03 
 1.294865e-01  1.101058e+03  2.072792e+03  2.861585e+03  4.410886e+03 
 1.312915e-01  1.086244e+03  2.044550e+03  2.822122e+03  4.348546e+03 
 1.331216e-01  1.070429e+03  2.014461e+03  2.780150e+03  4.282437e+03 
 1.349772e-01  1.053442e+03  1.982252e+03  2.735345e+03  4.212230e+03 
 1.368587e-01  1.036318e+03  1.951842e+03  2.695421e+03  4.156630e+03 
 1.387665e-01  1.017760e+03  1.918726e+03  2.651755e+03  4.095219e+03 
 1.407008e-01  9.977341e+02  1.882837e+03  2.604240e+03  4.027803e+03 
 1.426621e-01  9.773313e+02  1.846783e+03  2.556549e+03  3.959122e+03 
 1.446507e-01  9.559333e+02  1.808986e+03  2.506431e+03  3.886298e+03 
 1.466671e-01  9.333609e+02  1.768902e+03  2.453096e+03  3.808381e+03 
 1.487115e-01  9.080383e+02  1.721845e+03  2.388938e+03  3.712047e+03 
 1.507845e-01  8.809027e+02  1.670188e+03  2.317623e+03  3.603479e+03 
 1.528864e-01  8.535688e+02  1.618180e+03  2.245816e+03  3.494049e+03 
 1.550175e-01  8.285514e+02  1.572977e+03  2.185397e+03  3.406298e+03 
 1.571784e-01  8.054337e+02  1.532950e+03  2.133424e+03  3.334227e+03 
 1.593694e-01  7.829605e+02  1.493946e+03  2.082684e+03  3.263601e+03 
 1.615909e-01  7.621461e+02  1.458485e+03  2.037039e+03  3.200876e+03 
 1.638434e-01  7.428461e+02  1.425942e+03  1.995412e+03  3.144141e+03 
 1.661273e-01  7.249699e+02  1.395898e+03  1.957076e+03  3.092125e+03 
 1.684430e-01  7.054022e+02  1.359558e+03  1.907815e+03  3.019561e+03 
 1.707910e-01  6.872633e+02  1.325523e+03  1.861447e+03  2.950930e+03 
 1.731717e-01  6.714103e+02  1.296152e+03  1.821683e+03  2.892439e+03 
 1.755856e-01  6.591458e+02  1.274989e+03  1.793957e+03  2.852462e+03 
 1.780332e-01  6.484662e+02  1.256795e+03  1.770328e+03  2.818862e+03 
 1.805149e-01  6.371425e+02  1.234718e+03  1.738929e+03  2.768118e+03 
 1.830312e-01  6.257955e+02  1.211041e+03  1.703919e+03  2.708825e+03 
 1.855825e-01  6.153882e+02  1.189405e+03  1.672074e+03  2.655321e+03 
 1.881694e-01  6.057732e+02  1.170595e+03  1.645901e+03  2.615179e+03 
 1.907924e-01  5.963555e+02  1.152174e+03  1.620273e+03  2.575903e+03 
 1.934520e-01  5.860969e+02  1.131720e+03  1.591704e+03  2.532832e+03 
 1.961486e-01  5.751284e+02  1.109794e+03  1.561056e+03  2.486770e+03 
 1.988828e-01  5.647113e+02  1.089849e+03  1.533559e+03  2.445538e+03 
 2.016551e-01  5.552306e+02  1.073002e+03  1.510921e+03  2.411734e+03 
 2.044661e-01  5.445646e+02  1.053661e+03  1.484609e+03  2.371779e+03 
 2.073162e-01  5.320879e+02  1.029512e+03  1.450466e+03  2.317608e+03 
 2.102061e-01  5.186672e+02  1.003561e+03  1.413806e+03  2.259399e+03 
 2.131362e-01  5.087884e+02  9.895342e+02  1.397725e+03  2.239687e+03 
 2.161073e-01  4.984759e+02  9.747561e+02  1.380655e+03  2.218453e+03 
 2.191197e-01  4.849440e+02  9.514057e+02  1.350620e+03  2.178194e+03 
 2.221741e-01  4.708095e+02  9.262351e+02  1.317690e+03  2.133328e+03 
 2.252711e-01  4.577483e+02  9.038231e+02  1.289070e+03  2.095192e+03 
 2.284112e-01  4.455496e+02  8.831788e+02  1.262961e+03  2.060740e+03 
 2.315951e-01  4.346462e+02  8.640267e+02  1.237267e+03  2.021638e+03 
 2.348235e-01  4.249320e+02  8.467950e+02  1.213690e+03  1.984133e+03 
 2.380968e-01  4.140303e+02  8.254938e+02  1.183652e+03  1.937137e+03 
 2.414157e-01  4.037630e+02  8.050088e+02  1.154611e+03  1.892006e+03 
 2.447809e-01  3.938010e+02  7.852721e+02  1.126981e+03  1.848998e+03 
 2.481930e-01  3.848149e+02  7.675220e+02  1.102218e+03  1.810574e+03 
 2.516527e-01  3.796047e+02  7.584139e+02  1.089692e+03  1.790559e+03 
 2.551606e-01  3.737985e+02  7.475994e+02  1.074637e+03  1.767010e+03 
 2.587174e-01  3.649068e+02  7.290049e+02  1.048160e+03  1.726666e+03 
 2.623238e-01  3.576550e+02  7.149439e+02  1.028714e+03  1.697695e+03 
 2.659804e-01  3.520106e+02  7.054769e+02  1.016434e+03  1.680314e+03 
 2.696881e-01  3.441725e+02  6.907285e+02  9.962887e+02  1.649480e+03 
 2.734474e-01  3.353573e+02  6.738092e+02  9.729709e+02  1.613357e+03 
 2.772591e-01  3.286857e+02  6.629265e+02  9.595793e+02  1.596833e+03 
 2.811239e-01  3.212093e+02  6.498641e+02  9.429059e+02  1.576111e+03 
 2.850426e-01  3.130101e+02  6.345808e+02  9.228579e+02  1.551578e+03 
 2.890160e-01  3.052918e+02  6.214944e+02  9.060029e+02  1.527415e+03 
 2.930447e-01  2.978603e+02  6.086480e+02  8.887300e+02  1.500065e+03 
 2.971296e-01  2.907319e+02  5.946791e+02  8.676283e+02  1.462548e+03 
 3.012714e-01  2.841283e+02  5.830808e+02  8.520757e+02  1.438864e+03 
 3.054710e-01  2.777891e+02  5.722455e+02  8.383351e+02  1.420171e+03 
 3.097291e-01  2.705369e+02  5.585328e+02  8.199956e+02  1.394531e+03 
 3.140465e-01  2.641938e+02  5.454093e+02  8.007468e+02  1.361883e+03 
 3.184242e-01  2.588313e+02  5.343972e+02  7.845104e+02  1.334092e+03 
 3.228628e-01  2.547602e+02  5.274815e+02  7.757319e+02  1.323454e+03 
 3.273634e-01  2.490535e+02  5.155875e+02  7.582926e+02  1.294713e+03 
 3.319266e-01  2.431829e+02  5.038243e+02  7.417855e+02  1.269428e+03 
 3.365535e-01  2.375851e+02  4.936281e+02  7.286346e+02  1.252089e+03 
 3.412449e-01  2.337169e+02  4.886548e+02  7.229147e+02  1.242842e+03 
 3.460016e-01  2.292617e+02  4.813760e+02  7.135046e+02  1.229449e+03 
 3.508247e-01  2.246963e+02  4.731320e+02  7.023863e+02  1.212934e+03 
 3.557150e-01  2.201001e+02  4.644578e+02  6.904976e+02  1.194429e+03 
 3.606735e-01  2.146888e+02  4.546234e+02  6.773549e+02  1.175367e+03 
 3.657011e-01  2.081741e+02  4.420161e+02  6.597791e+02  1.150056e+03 
 3.707988e-01  2.029309e+02  4.317287e+02  6.454740e+02  1.128155e+03 
 3.759675e-01  1.982549e+02  4.225717e+02  6.326857e+02  1.108405e+03 
 3.812083e-01  1.935790e+02  4.138699e+02  6.207136e+02  1.090324e+03 
 3.865221e-01  1.897226e+02  4.079426e+02  6.136856e+02  1.078353e+03 
 3.919100e-01  1.859769e+02  3.990271e+02  5.997683e+02  1.058652e+03 
 3.973730e-01  1.817367e+02  3.918737e+02  5.908877e+02  1.044446e+03 
 4.029122e-01  1.783758e+02  3.866124e+02  5.835948e+02  1.030494e+03 
 4.085286e-01  1.750023e+02  3.791751e+02  5.727318e+02  1.014661e+03 
 4.142232e-01  1.707715e+02  3.702919e+02  5.607874e+02  9.997771e+02 
 4.199973e-01  1.664807e+02  3.626945e+02  5.510415e+02  9.852572e+02 
 4.258518e-01  1.629475e+02  3.559740e+02  5.413263e+02  9.678148e+02 
 4.317880e-01  1.591614e+02  3.483978e+02  5.298840e+02  9.496820e+02 
 4.378069e-01  1.558662e+02  3.417218e+02  5.202575e+02  9.333468e+02 
 4.439097e-01  1.531068e+02  3.372842e+02  5.147543e+02  9.279356e+02 
 4.500975e-01  1.489200e+02  3.292547e+02  5.035677e+02  9.107130e+02 
 4.563716e-01  1.455035e+02  3.220799e+02  4.929994e+02  8.911162e+02 
 4.627332e-01  1.433454e+02  3.191172e+02  4.899159e+02  8.886862e+02 
 4.691835e-01  1.398344e+02  3.119557e+02  4.794088e+02  8.703079e+02 
 4.757236e-01  1.373048e+02  3.069471e+02  4.725598e+02  8.598300e+02 
 4.823549e-01  1.337979e+02  2.995737e+02  4.619537e+02  8.453996e+02 
 4.890787e-01  1.309718e+02  2.939163e+02  4.541404e+02  8.326278e+02 
 4.958962e-01  1.287695e+02  2.895684e+02  4.472749e+02  8.195028e+02 
 5.028087e-01  1.258042e+02  2.842767e+02  4.399550e+02  8.084778e+02 
 5.098176e-01  1.234196e+02  2.798058e+02  4.333853e+02  7.948995e+02 
 5.169242e-01  1.212727e+02  2.756821e+02  4.277426e+02  7.873122e+02 
 5.241298e-01  1.173320e+02  2.686894e+02  4.189200e+02  7.763104e+02 
 5.314359e-01  1.152873e+02  2.654949e+02  4.145357e+02  7.689382e+02 
 5.388438e-01  1.129546e+02  2.601388e+02  4.063369e+02  7.561059e+02 
 5.463550e-01  1.109920e+02  2.561863e+02  4.003013e+02  7.456600e+02 
 5.539709e-01  1.080443e+02  2.508532e+02  3.934395e+02  7.344607e+02 
 5.616930e-01  1.061161e+02  2.470060e+02  3.878305e+02  7.256609e+02 
 5.695227e-01  1.039712e+02  2.433772e+02  3.833457e+02  7.159512e+02 
 5.774615e-01  1.016201e+02  2.377659e+02  3.747991e+02  7.033850e+02 
 5.855110e-01  9.977633e+01  2.342645e+02  3.692189e+02  6.935486e+02 
 5.936727e-01  9.751031e+01  2.288752e+02  3.616723e+02  6.818788e+02 
 6.019482e-01  9.586187e+01  2.263824e+02  3.574740e+02  6.738242e+02 
 6.103390e-01  9.361021e+01  2.224278e+02  3.522509e+02  6.642932e+02 
 6.188468e-01  9.152916e+01  2.187900e+02  3.489720e+02  6.619235e+02 
 6.274732e-01  9.002474e+01  2.149003e+02  3.420610e+02  6.502742e+02 
 6.362198e-01  8.818760e+01  2.116013e+02  3.370290e+02  6.399508e+02 
 6.450884e-01  8.611470e+01  2.077916e+02  3.317198e+02  6.305801e+02 
 6.540806e-01  8.435407e+01  2.034555e+02  3.249745e+02  6.204503e+02 
 6.631981e-01  8.248020e+01  2.004463e+02  3.217513e+02  6.143699e+02 
 6.724427e-01  8.092770e+01  1.969509e+02  3.167225e+02  6.081769e+02 
 6.818162e-01  7.918194e+01  1.935408e+02  3.104887e+02  5.961640e+02 
 6.913204e-01  7.748627e+01  1.899910e+02  3.058992e+02  5.879835e+02 
 7.009570e-01  7.639963e+01  1.872408e+02  3.017751e+02  5.804387e+02 
 7.107280e-01  7.442200e+01  1.840351e+02  2.972039e+02  5.712608e+02 
 7.206351e-01  7.328518e+01  1.812775e+02  2.933621e+02  5.664260e+02 
 7.306804e-01  7.177847e+01  1.785326e+02  2.888072e+02  5.565755e+02 
 7.408657e-01  7.019515e+01  1.750660e+02  2.836662e+02  5.490902e+02 
 7.511929e-01  6.870323e+01  1.718835e+02  2.794793e+02  5.417904e+02 
 7.616642e-01  6.738838e+01  1.688280e+02  2.750691e+02  5.345818e+02 
 7.722814e-01  6.646935e+01  1.671107e+02  2.719889e+02  5.269064e+02 
 7.830465e-01  6.508443e+01  1.639515e+02  2.674685e+02  5.199496e+02 
 7.939618e-01  6.384894e+01  1.618073e+02  2.639635e+02  5.147830e+02 
 8.050292e-01  6.245154e+01  1.588008e+02  2.603351e+02  5.078364e+02 
 8.162509e-01  6.135213e+01  1.565182e+02  2.560135e+02  4.988125e+02 
 8.276289e-01  5.985896e+01  1.534212e+02  2.519247e+02  4.924259e+02 
 8.391656e-01  5.909948e+01  1.516980e+02  2.484784e+02  4.871131e+02 
 8.508632e-01  5.803803e+01  1.490593e+02  2.450164e+02  4.803758e+02 
 8.627237e-01  5.674451e+01  1.467149e+02  2.413926e+02  4.725668e+02 
 8.747496e-01  5.570471e+01  1.442564e+02  2.378140e+02  4.663672e+02 
 8.869432e-01  5.472411e+01  1.421695e+02  2.345414e+02  4.601207e+02 
 8.993067e-01  5.362065e+01  1.399118e+02  2.309858e+02  4.534682e+02 
 9.118425e-01  5.277205e+01  1.375563e+02  2.271468e+02  4.453723e+02 
 9.245531e-01  5.161204e+01  1.352161e+02  2.235014e+02  4.401647e+02 
 9.374409e-01  5.062656e+01  1.331355e+02  2.205985e+02  4.342579e+02 
 9.505083e-01  4.977155e+01  1.310482e+02  2.174127e+02  4.277724e+02 
 9.637579e-01  4.870943e+01  1.285191e+02  2.135302e+02  4.215816e+02 
 9.771921e-01  4.804378e+01  1.277614e+02  2.114822e+02  4.156966e+02 
 9.908137e-01  4.710944e+01  1.253803e+02  2.080833e+02  4.103211e+02 
 1.004625e+00  4.621237e+01  1.230711e+02  2.044364e+02  4.029990e+02 
 1.018629e+00  4.542258e+01  1.213539e+02  2.016043e+02  3.970785e+02 
 1.032828e+00  4.455323e+01  1.194364e+02  1.989022e+02  3.928316e+02 
 1.047225e+00  4.367952e+01  1.177407e+02  1.957239e+02  3.859393e+02 
 1.061823e+00  4.298390e+01  1.161342e+02  1.930193e+02  3.801067e+02 
 1.076624e+00  4.217934e+01  1.142617e+02  1.900604e+02  3.742801e+02 
 1.091632e+00  4.145762e+01  1.124325e+02  1.873763e+02  3.684179e+02 
 1.106848e+00  4.065247e+01  1.104723e+02  1.844436e+02  3.630584e+02 
 1.122277e+00  3.991776e+01  1.089219e+02  1.814432e+02  3.570355e+02 
 1.137921e+00  3.918437e+01  1.070386e+02  1.786195e+02  3.514679e+02 
 1.153783e+00  3.854853e+01  1.053709e+02  1.758690e+02  3.463414e+02 
 1.169866e+00  3.784527e+01  1.037927e+02  1.731118e+02  3.411539e+02 
 1.186174e+00  3.714488e+01  1.022592e+02  1.705236e+02  3.356075e+02 
 1.202708e+00  3.653131e+01  1.006300e+02  1.679537e+02  3.301734e+02 
 1.219473e+00  3.590378e+01  9.912404e+01  1.654894e+02  3.245784e+02 
 1.236472e+00  3.525629e+01  9.759825e+01  1.630475e+02  3.196235e+02 
 1.253708e+00  3.466133e+01  9.602092e+01  1.603507e+02  3.147275e+02 
 1.271184e+00  3.406864e+01  9.488898e+01  1.583137e+02  3.094921e+02 
 1.288904e+00  3.347767e+01  9.305994e+01  1.554468e+02  3.049461e+02 
 1.306870e+00  3.286307e+01  9.160528e+01  1.530126e+02  2.997145e+02 
 1.325087e+00  3.235253e+01  9.023549e+01  1.506642e+02  2.943616e+02 
 1.343558e+00  3.179555e+01  8.879980e+01  1.482034e+02  2.894734e+02 
 1.362287e+00  3.128822e+01  8.735610e+01  1.456559e+02  2.845813e+02 
 1.381276e+00  3.073235e+01  8.598151e+01  1.431048e+02  2.797710e+02 
 1.400531e+00  3.022583e+01  8.461602e+01  1.408748e+02  2.745318e+02 
 1.420053e+00  2.968107e+01  8.316644e+01  1.386554e+02  2.697192e+02 
 1.439848e+00  2.918710e+01  8.192241e+01  1.361901e+02  2.650970e+02 
 1.459919e+00  2.865174e+01  8.055045e+01  1.339101e+02  2.601030e+02 
 1.480269e+00  2.823310e+01  7.911900e+01  1.315652e+02  2.550450e+02 
 1.500903e+00  2.773935e+01  7.787188e+01  1.292454e+02  2.509798e+02 
 1.521825e+00  2.725679e+01  7.669499e+01  1.272023e+02  2.462420e+02 
 1.543038e+00  2.678086e+01  7.539714e+01  1.251135e+02  2.419763e+02 
 1.564548e+00  2.637403e+01  7.415653e+01  1.228954e+02  2.373561e+02 
 1.586357e+00  2.593489e+01  7.302490e+01  1.208218e+02  2.328559e+02 
 1.608469e+00  2.547756e+01  7.183851e+01  1.187518e+02  2.287568e+02 
 1.630891e+00  2.513609e+01  7.052031e+01  1.164770e+02  2.241581e+02 
 1.653624e+00  2.467493e+01  6.932224e+01  1.145423e+02  2.202053e+02 
 1.676675e+00  2.425940e+01  6.828916e+01  1.125875e+02  2.158173e+02 
 1.700047e+00  2.384289e+01  6.711934e+01  1.105101e+02  2.116745e+02 
 1.723745e+00  2.346081e+01  6.594102e+01  1.084857e+02  2.072944e+02 
 1.747773e+00  2.304310e+01  6.476598e+01  1.064418e+02  2.032469e+02 
 1.772136e+00  2.265697e+01  6.362940e+01  1.044447e+02  1.993796e+02 
 1.796838e+00  2.228932e+01  6.250187e+01  1.025418e+02  1.953224e+02 
 1.821885e+00  2.193752e+01  6.139609e+01  1.005558e+02  1.914084e+02 
 1.847281e+00  2.156810e+01  6.041205e+01  9.875816e+01  1.875683e+02 
 1.873032e+00  2.120815e+01  5.927659e+01  9.670413e+01  1.838214e+02 
 1.899141e+00  2.084464e+01  5.816978e+01  9.492565e+01  1.800768e+02 
 1.925614e+00  2.051012e+01  5.715787e+01  9.314195e+01  1.762852e+02 
 1.952456e+00  2.022491e+01  5.618531e+01  9.137375e+01  1.726386e+02 
 1.979672e+00  1.984367e+01  5.521174e+01  8.963254e+01  1.690991e+02 
 2.007267e+00  1.954483e+01  5.419627e+01  8.773293e+01  1.656723e+02 
 2.035248e+00  1.919157e+01  5.315738e+01  8.600187e+01  1.621210e+02 
 2.063618e+00  1.887227e+01  5.214168e+01  8.432284e+01  1.586309e+02 
 2.092383e+00  1.856477e+01  5.118240e+01  8.258488e+01  1.552698e+02 
 2.121550e+00  1.824288e+01  5.018617e+01  8.091146e+01  1.518357e+02 
 2.151123e+00  1.794216e+01  4.923650e+01  7.921153e+01  1.484839e+02 
 2.181109e+00  1.763438e+01  4.826894e+01  7.759604e+01  1.453307e+02 
 2.211512e+00  1.733682e+01  4.730038e+01  7.591692e+01  1.419259e+02 
 2.242340e+00  1.704257e+01  4.641591e+01  7.433868e+01  1.388519e+02 
 2.273597e+00  1.673312e+01  4.548762e+01  7.269213e+01  1.357734e+02 
 2.305289e+00  1.647006e+01  4.458722e+01  7.117348e+01  1.327553e+02 
 2.337424e+00  1.618311e+01  4.367593e+01  6.962869e+01  1.298023e+02 
 2.370006e+00  1.590348e+01  4.280249e+01  6.815393e+01  1.269262e+02 
 2.403043e+00  1.561688e+01  4.194210e+01  6.663958e+01  1.240116e+02 
 2.436540e+00  1.535847e+01  4.110453e+01  6.520148e+01  1.211905e+02 
 2.470504e+00  1.509221e+01  4.028015e+01  6.374832e+01  1.184375e+02 
 2.504942e+00  1.483171e+01  3.947305e+01  6.236444e+01  1.157431e+02 
 2.539859e+00  1.458355e+01  3.864562e+01  6.096618e+01  1.130636e+02 
 2.575263e+00  1.431650e+01  3.782750e+01  5.964721e+01  1.104967e+02 
 2.611161e+00  1.407549e+01  3.703200e+01  5.826411e+01  1.079285e+02 
 2.647559e+00  1.382653e+01  3.624169e+01  5.691859e+01  1.053630e+02 
 2.684465e+00  1.358490e+01  3.549295e+01  5.560959e+01  1.028711e+02 
 2.721885e+00  1.332985e+01  3.469520e+01  5.433495e+01  1.004249e+02 
 2.759826e+00  1.309111e+01  3.391754e+01  5.305694e+01  9.804912e+01 
 2.798297e+00  1.285028e+01  3.319771e+01  5.181745e+01  9.574475e+01 
 2.837304e+00  1.261647e+01  3.245564e+01  5.059758e+01  9.341926e+01 
 2.876854e+00  1.238271e+01  3.172614e+01  4.939113e+01  9.118809e+01 
 2.916956e+00  1.215567e+01  3.102780e+01  4.822159e+01  8.897411e+01 
 2.957617e+00  1.193536e+01  3.033903e+01  4.709239e+01  8.683152e+01 
 2.998844e+00  1.171262e+01  2.966319e+01  4.596278e+01  8.472934e+01 
 3.040646e+00  1.149498e+01  2.898607e+01  4.486936e+01  8.273527e+01 
 3.083031e+00  1.128137e+01  2.832897e+01  4.379629e+01  8.073088e+01 
 3.126007e+00  1.107616e+01  2.768962e+01  4.274629e+01  7.876566e+01 
 3.169582e+00  1.086508e+01  2.704432e+01  4.170232e+01  7.685205e+01 
 3.213764e+00  1.065937e+01  2.642309e+01  4.068698e+01  7.497854e+01 
 3.258562e+00  1.045243e+01  2.581684e+01  3.969158e+01  7.313205e+01 
 3.303985e+00  1.025093e+01  2.520042e+01  3.871456e+01  7.132604e+01 
 3.350041e+00  1.005454e+01  2.459711e+01  3.773875e+01  6.954623e+01 
 3.396739e+00  9.853267e+00  2.401158e+01  3.680794e+01  6.778798e+01 
 3.444087e+00  9.660612e+00  2.342885e+01  3.587243e+01  6.609382e+01 
 3.492096e+00  9.470281e+00  2.287029e+01  3.497358e+01  6.444788e+01 
 3.540774e+00  9.276758e+00  2.231979e+01  3.410141e+01  6.283497e+01 
 3.590130e+00  9.091641e+00  2.177090e+01  3.323197e+01  6.126082e+01 
 3.640175e+00  8.912034e+00  2.124171e+01  3.240308e+01  5.971064e+01 
 3.690917e+00  8.728046e+00  2.073515e+01  3.157174e+01  5.821574e+01 
 3.742366e+00  8.549654e+00  2.021763e+01  3.077682e+01  5.676969e+01 
 3.794533e+00  8.379125e+00  1.972923e+01  2.999956e+01  5.534029e+01 
 3.847427e+00  8.207280e+00  1.923987e+01  2.924001e+01  5.396124e+01 
 3.901058e+00  8.035779e+00  1.877009e+01  2.850267e+01  5.259903e+01 
 3.955436e+00  7.873240e+00  1.830468e+01  2.776570e+01  5.126705e+01 
 4.010573e+00  7.707144e+00  1.784820e+01  2.706059e+01  4.997483e+01 
 4.066478e+00  7.544040e+00  1.739615e+01  2.635998e+01  4.869303e+01 
 4.123163e+00  7.381945e+00  1.696114e+01  2.567573e+01  4.743942e+01 
 4.180637e+00  7.225661e+00  1.653345e+01  2.501025e+01  4.621224e+01 
 4.238913e+00  7.069011e+00  1.610951e+01  2.435361e+01  4.502613e+01 
 4.298001e+00  6.912367e+00  1.569788e+01  2.372003e+01  4.385839e+01 
 4.357913e+00  6.765794e+00  1.529489e+01  2.310586e+01  4.273477e+01 
 4.418660e+00  6.615453e+00  1.490651e+01  2.249571e+01  4.163787e+01 
 4.480254e+00  6.469416e+00  1.452218e+01  2.190888e+01  4.055949e+01 
 4.542706e+00  6.327538e+00  1.414779e+01  2.133379e+01  3.950936e+01 
 4.606029e+00  6.187362e+00  1.378863e+01  2.077893e+01  3.849886e+01 
 4.670234e+00  6.049533e+00  1.343470e+01  2.024122e+01  3.751241e+01 
 4.735335e+00  5.915500e+00  1.309174e+01  1.971231e+01  3.654753e+01 
 4.801343e+00  5.785257e+00  1.275874e+01  1.920217e+01  3.560349e+01 
 4.868271e+00  5.655469e+00  1.243112e+01  1.870193e+01  3.468811e+01 
 4.936132e+00  5.528078e+00  1.211050e+01  1.821272e+01  3.379121e+01 
 5.004939e+00  5.402172e+00  1.179788e+01  1.773552e+01  3.291457e+01 
 5.074705e+00  5.278097e+00  1.149047e+01  1.726617e+01  3.205489e+01 
 5.145444e+00  5.156953e+00  1.119107e+01  1.681216e+01  3.121641e+01 
 5.217169e+00  5.036948e+00  1.089791e+01  1.636338e+01  3.039294e+01 
 5.289893e+00  4.921418e+00  1.061350e+01  1.593425e+01  2.959693e+01 
 5.363631e+00  4.805211e+00  1.033564e+01  1.550823e+01  2.881900e+01 
 5.438397e+00  4.693578e+00  1.006421e+01  1.509838e+01  2.805709e+01 
 5.514206e+00  4.583558e+00  9.800979e+00  1.469870e+01  2.731963e+01 
 5.591071e+00  4.474954e+00  9.545493e+00  1.431019e+01  2.660322e+01 
 5.669007e+00  4.370883e+00  9.296186e+00  1.393336e+01  2.590747e+01 
 5.748030e+00  4.268146e+00  9.054845e+00  1.356567e+01  2.522660e+01 
 5.828155e+00  4.167941e+00  8.819915e+00  1.321025e+01  2.456578e+01 
 5.909396e+00  4.069954e+00  8.591561e+00  1.286472e+01  2.392772e+01 
 5.991770e+00  3.974090e+00  8.368864e+00  1.252651e+01  2.330547e+01 
 6.075292e+00  3.880766e+00  8.153154e+00  1.219929e+01  2.269456e+01 
 6.159978e+00  3.788651e+00  7.941369e+00  1.188067e+01  2.210041e+01 
 6.245845e+00  3.698568e+00  7.734420e+00  1.156855e+01  2.151831e+01 
 6.332908e+00  3.609687e+00  7.531891e+00  1.126155e+01  2.094652e+01 
 6.421186e+00  3.523306e+00  7.334898e+00  1.096282e+01  2.038990e+01 
 6.510694e+00  3.438079e+00  7.142430e+00  1.067244e+01  1.984833e+01 
 6.601449e+00  3.355386e+00  6.955518e+00  1.038956e+01  1.931940e+01 
 6.693470e+00  3.273954e+00  6.772565e+00  1.011319e+01  1.880379e+01 
 6.786773e+00  3.194760e+00  6.595401e+00  9.845008e+00  1.830378e+01 
 6.881377e+00  3.117952e+00  6.423598e+00  9.584139e+00  1.781454e+01 
 6.977300e+00  3.042819e+00  6.256436e+00  9.332256e+00  1.734089e+01 
 7.074559e+00  2.969758e+00  6.093696e+00  9.085497e+00  1.688012e+01 
 7.173175e+00  2.898207e+00  5.936121e+00  8.847191e+00  1.643302e+01 
 7.273165e+00  2.828950e+00  5.783109e+00  8.616560e+00  1.599898e+01 
 7.374549e+00  2.761319e+00  5.634425e+00  8.390891e+00  1.557779e+01 
 7.477346e+00  2.695173e+00  5.490123e+00  8.173071e+00  1.516658e+01 
 7.581576e+00  2.631068e+00  5.348941e+00  7.959735e+00  1.476676e+01 
 7.687260e+00  2.568028e+00  5.211682e+00  7.751783e+00  1.437639e+01 
 7.794416e+00  2.506436e+00  5.077319e+00  7.547584e+00  1.399348e+01 
 7.903066e+00  2.446113e+00  4.945522e+00  7.348346e+00  1.361852e+01 
 8.013230e+00  2.387009e+00  4.817839e+00  7.155235e+00  1.325368e+01 
 8.124930e+00  2.329296e+00  4.692826e+00  6.966260e+00  1.289674e+01 
 8.238187e+00  2.273152e+00  4.571008e+00  6.781433e+00  1.254954e+01 
 8.353023e+00  2.218295e+00  4.452694e+00  6.602324e+00  1.221118e+01 
 8.469460e+00  2.165043e+00  4.337836e+00  6.428112e+00  1.188240e+01 
 8.587519e+00  2.113139e+00  4.225969e+00  6.258651e+00  1.156280e+01 
 8.707225e+00  2.062614e+00  4.117210e+00  6.094137e+00  1.125275e+01 
 8.828599e+00  2.013567e+00  4.012010e+00  5.934637e+00  1.095060e+01 
 8.951665e+00  1.965783e+00  3.909819e+00  5.779372e+00  1.065833e+01 
 9.076446e+00  1.919442e+00  3.810543e+00  5.629183e+00  1.037436e+01 
 9.202967e+00  1.874309e+00  3.714117e+00  5.483399e+00  1.009825e+01 
 9.331251e+00  1.830361e+00  3.620236e+00  5.341135e+00  9.829767e+00 
 9.461324e+00  0.000000e+00  0.000000e+00  0.000000e+00  0.000000e+00 
 9.593209e+00  0.000000e+00  0.000000e+00  0.000000e+00  0.000000e+00 
 9.726934e+00  0.000000e+00  0.000000e+00  0.000000e+00  0.000000e+00 
 9.862522e+00  0.000000e+00  0.000000e+00  0.000000e+00  0.000000e+00 
 1.000000e+01  0.000000e+00  0.000000e+00  0.000000e+00  0.000000e+00 
