 1.000000e-02  6.129161e+03  1.149966e+04  1.581280e+04  2.412376e+04 
 1.013939e-02  6.160593e+03  1.155849e+04  1.589355e+04  2.424653e+04 
 1.028073e-02  6.191464e+03  1.161627e+04  1.597285e+04  2.436705e+04 
 1.042404e-02  6.221750e+03  1.167293e+04  1.605061e+04  2.448524e+04 
 1.056935e-02  6.251437e+03  1.172847e+04  1.612682e+04  2.460100e+04 
 1.071668e-02  6.280501e+03  1.178282e+04  1.620139e+04  2.471426e+04 
 1.086606e-02  6.308920e+03  1.183597e+04  1.627429e+04  2.482498e+04 
 1.101753e-02  6.336672e+03  1.188786e+04  1.634546e+04  2.493301e+04 
 1.117111e-02  6.363729e+03  1.193844e+04  1.641481e+04  2.503826e+04 
 1.132683e-02  6.390071e+03  1.198765e+04  1.648230e+04  2.514065e+04 
 1.148472e-02  6.415678e+03  1.203549e+04  1.654787e+04  2.524011e+04 
 1.164481e-02  6.440520e+03  1.208189e+04  1.661146e+04  2.533650e+04 
 1.180713e-02  6.464574e+03  1.212679e+04  1.667300e+04  2.542976e+04 
 1.197171e-02  6.487817e+03  1.217018e+04  1.673244e+04  2.551978e+04 
 1.213859e-02  6.510230e+03  1.221200e+04  1.678970e+04  2.560648e+04 
 1.230780e-02  6.531787e+03  1.225221e+04  1.684475e+04  2.568975e+04 
 1.247936e-02  6.552466e+03  1.229074e+04  1.689751e+04  2.576954e+04 
 1.265332e-02  6.572243e+03  1.232760e+04  1.694793e+04  2.584572e+04 
 1.282970e-02  6.591098e+03  1.236271e+04  1.699595e+04  2.591824e+04 
 1.300854e-02  6.609007e+03  1.239603e+04  1.704151e+04  2.598698e+04 
 1.318987e-02  6.625950e+03  1.242754e+04  1.708457e+04  2.605188e+04 
 1.337373e-02  6.641907e+03  1.245719e+04  1.712505e+04  2.611284e+04 
 1.356015e-02  6.656849e+03  1.248494e+04  1.716291e+04  2.616977e+04 
 1.374917e-02  6.670752e+03  1.251071e+04  1.719807e+04  2.622256e+04 
 1.394083e-02  6.683590e+03  1.253449e+04  1.723046e+04  2.627110e+04 
 1.413516e-02  6.695336e+03  1.255621e+04  1.726003e+04  2.631530e+04 
 1.433219e-02  6.705967e+03  1.257582e+04  1.728669e+04  2.635507e+04 
 1.453198e-02  6.715456e+03  1.259329e+04  1.731039e+04  2.639031e+04 
 1.473454e-02  6.723780e+03  1.260857e+04  1.733107e+04  2.642092e+04 
 1.493993e-02  6.730918e+03  1.262161e+04  1.734867e+04  2.644681e+04 
 1.514819e-02  6.736858e+03  1.263244e+04  1.736322e+04  2.646805e+04 
 1.535935e-02  6.741576e+03  1.264096e+04  1.737463e+04  2.648450e+04 
 1.557345e-02  6.745036e+03  1.264711e+04  1.738277e+04  2.649594e+04 
 1.579053e-02  6.747222e+03  1.265088e+04  1.738761e+04  2.650234e+04 
 1.601064e-02  6.748111e+03  1.265221e+04  1.738910e+04  2.650360e+04 
 1.623382e-02  6.747694e+03  1.265108e+04  1.738720e+04  2.649968e+04 
 1.646012e-02  6.745948e+03  1.264745e+04  1.738185e+04  2.649049e+04 
 1.668956e-02  6.742859e+03  1.264129e+04  1.737303e+04  2.647597e+04 
 1.692220e-02  6.738407e+03  1.263258e+04  1.736069e+04  2.645606e+04 
 1.715809e-02  6.732572e+03  1.262126e+04  1.734476e+04  2.643066e+04 
 1.739726e-02  6.725334e+03  1.260730e+04  1.732520e+04  2.639972e+04 
 1.763977e-02  6.716674e+03  1.259068e+04  1.730196e+04  2.636314e+04 
 1.788566e-02  6.706574e+03  1.257134e+04  1.727499e+04  2.632085e+04 
 1.813498e-02  6.695013e+03  1.254927e+04  1.724425e+04  2.627280e+04 
 1.838777e-02  6.681986e+03  1.252443e+04  1.720972e+04  2.621895e+04 
 1.864409e-02  6.667476e+03  1.249682e+04  1.717135e+04  2.615923e+04 
 1.890397e-02  6.651462e+03  1.246637e+04  1.712908e+04  2.609357e+04 
 1.916748e-02  6.633945e+03  1.243311e+04  1.708295e+04  2.602196e+04 
 1.943467e-02  6.614915e+03  1.239700e+04  1.703288e+04  2.594438e+04 
 1.970558e-02  6.594374e+03  1.235805e+04  1.697892e+04  2.586083e+04 
 1.998026e-02  6.572315e+03  1.231626e+04  1.692103e+04  2.577129e+04 
 2.025878e-02  6.548733e+03  1.227160e+04  1.685922e+04  2.567573e+04 
 2.054117e-02  6.523634e+03  1.222410e+04  1.679348e+04  2.557419e+04 
 2.082751e-02  6.497037e+03  1.217377e+04  1.672388e+04  2.546673e+04 
 2.111783e-02  6.468942e+03  1.212065e+04  1.665040e+04  2.535337e+04 
 2.141220e-02  6.439446e+03  1.206485e+04  1.657322e+04  2.523422e+04 
 2.171068e-02  6.409085e+03  1.200716e+04  1.649317e+04  2.511001e+04 
 2.201331e-02  6.377228e+03  1.194668e+04  1.640926e+04  2.497990e+04 
 2.232016e-02  6.343875e+03  1.188338e+04  1.632150e+04  2.484390e+04 
 2.263130e-02  6.309030e+03  1.181728e+04  1.622988e+04  2.470202e+04 
 2.294676e-02  6.272704e+03  1.174841e+04  1.613443e+04  2.455429e+04 
 2.326663e-02  6.234918e+03  1.167679e+04  1.603522e+04  2.440083e+04 
 2.359095e-02  6.195677e+03  1.160245e+04  1.593227e+04  2.424166e+04 
 2.391980e-02  6.154994e+03  1.152541e+04  1.582561e+04  2.407683e+04 
 2.425323e-02  6.112901e+03  1.144571e+04  1.571529e+04  2.390646e+04 
 2.459130e-02  6.069431e+03  1.136344e+04  1.560144e+04  2.373068e+04 
 2.493409e-02  6.024612e+03  1.127865e+04  1.548413e+04  2.354963e+04 
 2.528166e-02  5.978486e+03  1.119140e+04  1.536345e+04  2.336347e+04 
 2.563407e-02  5.931088e+03  1.110179e+04  1.523950e+04  2.317232e+04 
 2.599140e-02  5.882473e+03  1.100988e+04  1.511243e+04  2.297643e+04 
 2.635371e-02  5.832699e+03  1.091581e+04  1.498238e+04  2.277603e+04 
 2.672106e-02  5.781806e+03  1.081965e+04  1.484947e+04  2.257126e+04 
 2.709354e-02  5.729829e+03  1.072146e+04  1.471376e+04  2.236228e+04 
 2.747121e-02  5.676800e+03  1.062131e+04  1.457538e+04  2.214922e+04 
 2.785414e-02  5.622679e+03  1.051914e+04  1.443425e+04  2.193206e+04 
 2.824241e-02  5.567222e+03  1.041460e+04  1.429000e+04  2.171048e+04 
 2.863610e-02  5.510829e+03  1.030831e+04  1.414335e+04  2.148527e+04 
 2.903527e-02  5.453545e+03  1.020037e+04  1.399444e+04  2.125665e+04 
 2.944000e-02  5.395420e+03  1.009086e+04  1.384337e+04  2.102478e+04 
 2.985038e-02  5.336519e+03  9.979899e+03  1.369033e+04  2.078993e+04 
 3.026648e-02  5.276903e+03  9.867610e+03  1.353548e+04  2.055236e+04 
 3.068838e-02  5.216643e+03  9.754127e+03  1.337900e+04  2.031234e+04 
 3.111616e-02  5.155811e+03  9.639585e+03  1.322107e+04  2.007016e+04 
 3.154990e-02  5.094500e+03  9.524147e+03  1.306193e+04  1.982617e+04 
 3.198969e-02  5.032792e+03  9.407979e+03  1.290179e+04  1.958069e+04 
 3.243561e-02  4.970792e+03  9.291279e+03  1.274093e+04  1.933416e+04 
 3.288774e-02  4.908601e+03  9.174228e+03  1.257960e+04  1.908694e+04 
 3.334618e-02  4.846337e+03  9.057051e+03  1.241810e+04  1.883952e+04 
 3.381101e-02  4.784067e+03  8.939866e+03  1.225661e+04  1.859213e+04 
 3.428231e-02  4.721847e+03  8.822787e+03  1.209527e+04  1.834500e+04 
 3.476019e-02  4.659554e+03  8.705936e+03  1.193465e+04  1.810020e+04 
 3.524473e-02  4.597409e+03  8.589378e+03  1.177445e+04  1.785610e+04 
 3.573602e-02  4.535480e+03  8.473227e+03  1.161482e+04  1.761290e+04 
 3.623416e-02  4.473823e+03  8.357596e+03  1.145589e+04  1.737081e+04 
 3.673925e-02  4.412506e+03  8.242608e+03  1.129787e+04  1.713010e+04 
 3.725137e-02  4.351595e+03  8.128385e+03  1.114090e+04  1.689103e+04 
 3.777064e-02  4.291163e+03  8.015064e+03  1.098518e+04  1.665389e+04 
 3.829714e-02  4.231289e+03  7.902789e+03  1.083090e+04  1.641898e+04 
 3.883098e-02  4.172050e+03  7.791712e+03  1.067827e+04  1.618661e+04 
 3.937226e-02  4.113530e+03  7.681990e+03  1.052752e+04  1.595710e+04 
 3.992109e-02  4.055822e+03  7.573793e+03  1.037885e+04  1.573080e+04 
 4.047757e-02  3.999010e+03  7.467237e+03  1.023241e+04  1.550779e+04 
 4.104181e-02  3.942985e+03  7.361506e+03  1.008637e+04  1.528337e+04 
 4.161391e-02  3.888057e+03  7.257840e+03  9.943185e+03  1.506331e+04 
 4.219398e-02  3.834266e+03  7.156314e+03  9.802953e+03  1.484777e+04 
 4.278214e-02  3.781645e+03  7.056984e+03  9.665743e+03  1.463687e+04 
 4.337850e-02  3.730217e+03  6.959896e+03  9.531616e+03  1.443070e+04 
 4.398317e-02  3.680007e+03  6.865097e+03  9.400646e+03  1.422934e+04 
 4.459628e-02  3.631037e+03  6.772628e+03  9.272880e+03  1.403289e+04 
 4.521792e-02  3.583332e+03  6.682533e+03  9.148378e+03  1.384144e+04 
 4.584824e-02  3.536907e+03  6.594841e+03  9.027185e+03  1.365504e+04 
 4.648734e-02  3.491783e+03  6.509587e+03  8.909346e+03  1.347375e+04 
 4.713535e-02  3.448127e+03  6.427915e+03  8.797303e+03  1.330370e+04 
 4.779239e-02  3.405893e+03  6.349398e+03  8.690113e+03  1.314245e+04 
 4.845859e-02  3.364988e+03  6.273356e+03  8.586309e+03  1.298630e+04 
 4.913407e-02  3.325397e+03  6.199762e+03  8.485850e+03  1.283521e+04 
 4.981898e-02  3.287096e+03  6.128571e+03  8.388672e+03  1.268906e+04 
 5.051342e-02  3.250055e+03  6.059723e+03  8.294702e+03  1.254776e+04 
 5.121755e-02  3.214233e+03  5.993145e+03  8.203835e+03  1.241113e+04 
 5.193150e-02  3.179585e+03  5.928752e+03  8.115954e+03  1.227900e+04 
 5.265540e-02  3.146060e+03  5.866456e+03  8.030935e+03  1.215120e+04 
 5.338938e-02  3.113340e+03  5.805159e+03  7.946761e+03  1.202323e+04 
 5.413360e-02  3.081308e+03  5.744544e+03  7.862896e+03  1.189403e+04 
 5.488820e-02  3.050192e+03  5.685644e+03  7.781383e+03  1.176840e+04 
 5.565331e-02  3.019918e+03  5.628314e+03  7.702021e+03  1.164603e+04 
 5.642908e-02  2.990353e+03  5.572311e+03  7.624474e+03  1.152640e+04 
 5.721568e-02  2.961411e+03  5.517475e+03  7.548525e+03  1.140919e+04 
 5.801323e-02  2.932954e+03  5.463556e+03  7.473848e+03  1.129394e+04 
 5.882190e-02  2.904974e+03  5.410551e+03  7.400449e+03  1.118070e+04 
 5.964185e-02  2.877464e+03  5.358799e+03  7.329169e+03  1.107175e+04 
 6.047322e-02  2.850676e+03  5.309396e+03  7.262145e+03  1.097211e+04 
 6.131619e-02  2.823870e+03  5.259942e+03  7.195034e+03  1.087228e+04 
 6.217090e-02  2.796912e+03  5.210182e+03  7.127484e+03  1.077173e+04 
 6.303753e-02  2.769700e+03  5.159938e+03  7.059250e+03  1.067009e+04 
 6.391624e-02  2.742082e+03  5.108933e+03  6.989978e+03  1.056689e+04 
 6.480720e-02  2.713952e+03  5.056981e+03  6.919421e+03  1.046177e+04 
 6.571058e-02  2.685151e+03  5.003786e+03  6.847177e+03  1.035412e+04 
 6.662655e-02  2.654319e+03  4.944739e+03  6.764718e+03  1.022484e+04 
 6.755528e-02  2.622535e+03  4.883877e+03  6.679729e+03  1.009161e+04 
 6.849697e-02  2.589749e+03  4.821174e+03  6.592252e+03  9.954699e+03 
 6.945178e-02  2.555871e+03  4.756466e+03  6.502062e+03  9.813796e+03 
 7.041990e-02  2.520808e+03  4.689584e+03  6.408938e+03  9.668577e+03 
 7.140151e-02  2.484500e+03  4.620417e+03  6.312735e+03  9.518829e+03 
 7.239681e-02  2.447213e+03  4.549779e+03  6.214948e+03  9.368077e+03 
 7.340598e-02  2.408958e+03  4.477757e+03  6.115767e+03  9.216858e+03 
 7.442922e-02  2.369365e+03  4.403277e+03  6.013264e+03  9.060736e+03 
 7.546673e-02  2.328450e+03  4.326375e+03  5.907486e+03  8.899780e+03 
 7.651869e-02  2.286246e+03  4.247111e+03  5.798523e+03  8.734132e+03 
 7.758532e-02  2.242819e+03  4.165607e+03  5.686542e+03  8.564044e+03 
 7.866682e-02  2.199160e+03  4.084956e+03  5.577004e+03  8.400915e+03 
 7.976339e-02  2.155928e+03  4.007136e+03  5.473367e+03  8.251874e+03 
 8.087525e-02  2.111731e+03  3.927466e+03  5.367148e+03  8.098812e+03 
 8.200261e-02  2.066719e+03  3.846220e+03  5.258717e+03  7.942268e+03 
 8.314568e-02  2.021062e+03  3.763709e+03  5.148494e+03  7.782857e+03 
 8.430468e-02  1.974947e+03  3.680277e+03  5.036941e+03  7.621261e+03 
 8.547985e-02  1.927744e+03  3.593462e+03  4.919451e+03  7.447479e+03 
 8.667139e-02  1.880147e+03  3.505285e+03  4.799481e+03  7.268432e+03 
 8.787954e-02  1.832787e+03  3.417542e+03  4.680088e+03  7.090205e+03 
 8.910453e-02  1.785901e+03  3.330664e+03  4.561861e+03  6.913674e+03 
 9.034660e-02  1.739720e+03  3.245087e+03  4.445390e+03  6.739721e+03 
 9.160598e-02  1.695184e+03  3.163561e+03  4.335374e+03  6.577670e+03 
 9.288292e-02  1.652430e+03  3.086214e+03  4.231864e+03  6.427318e+03 
 9.417766e-02  1.610988e+03  3.011215e+03  4.131468e+03  6.281418e+03 
 9.549045e-02  1.571053e+03  2.938935e+03  4.034694e+03  6.140740e+03 
 9.682153e-02  1.532797e+03  2.869689e+03  3.941982e+03  6.005955e+03 
 9.817117e-02  1.496638e+03  2.804691e+03  3.855386e+03  5.881123e+03 
 9.953962e-02  1.462529e+03  2.743576e+03  3.774153e+03  5.764490e+03 
 1.009272e-01  1.430464e+03  2.686176e+03  3.697912e+03  5.655165e+03 
 1.023340e-01  1.400507e+03  2.632623e+03  3.626845e+03  5.553444e+03 
 1.037605e-01  1.372007e+03  2.580865e+03  3.557379e+03  5.452123e+03 
 1.052069e-01  1.343076e+03  2.525073e+03  3.479415e+03  5.330986e+03 
 1.066734e-01  1.316321e+03  2.473383e+03  3.407103e+03  5.218466e+03 
 1.081604e-01  1.291655e+03  2.425632e+03  3.340214e+03  5.114220e+03 
 1.096681e-01  1.268952e+03  2.381576e+03  3.278412e+03  5.017731e+03 
 1.111968e-01  1.248294e+03  2.341699e+03  3.222492e+03  4.929935e+03 
 1.127468e-01  1.229247e+03  2.304862e+03  3.170759e+03  4.848510e+03 
 1.143184e-01  1.211575e+03  2.270608e+03  3.122582e+03  4.772518e+03 
 1.159120e-01  1.195027e+03  2.238468e+03  3.077316e+03  4.700981e+03 
 1.175277e-01  1.180237e+03  2.210592e+03  3.038715e+03  4.641218e+03 
 1.191660e-01  1.166074e+03  2.183980e+03  3.001927e+03  4.584377e+03 
 1.208271e-01  1.152163e+03  2.157844e+03  2.965804e+03  4.528583e+03 
 1.225114e-01  1.138151e+03  2.131513e+03  2.929431e+03  4.472524e+03 
 1.242191e-01  1.123424e+03  2.103630e+03  2.890975e+03  4.414076e+03 
 1.259506e-01  1.108069e+03  2.074603e+03  2.850975e+03  4.353340e+03 
 1.277063e-01  1.091846e+03  2.043976e+03  2.808811e+03  4.289378e+03 
 1.294865e-01  1.074925e+03  2.012314e+03  2.765334e+03  4.223284e+03 
 1.312915e-01  1.057194e+03  1.979446e+03  2.720330e+03  4.154710e+03 
 1.331216e-01  1.038100e+03  1.944054e+03  2.671894e+03  4.081002e+03 
 1.349772e-01  1.017623e+03  1.906144e+03  2.620087e+03  4.002391e+03 
 1.368587e-01  9.970250e+02  1.870143e+03  2.573325e+03  3.938443e+03 
 1.387665e-01  9.750740e+02  1.831548e+03  2.522943e+03  3.868805e+03 
 1.407008e-01  9.519178e+02  1.790624e+03  2.469287e+03  3.793961e+03 
 1.426621e-01  9.287275e+02  1.750025e+03  2.415987e+03  3.718339e+03 
 1.446507e-01  9.050628e+02  1.708573e+03  2.361407e+03  3.640184e+03 
 1.466671e-01  8.809011e+02  1.666048e+03  2.305243e+03  3.559352e+03 
 1.487115e-01  8.545249e+02  1.617337e+03  2.239171e+03  3.461178e+03 
 1.507845e-01  8.270300e+02  1.565190e+03  2.167441e+03  3.352853e+03 
 1.528864e-01  8.002113e+02  1.514309e+03  2.097425e+03  3.246997e+03 
 1.550175e-01  7.762793e+02  1.470879e+03  2.039251e+03  3.162323e+03 
 1.571784e-01  7.548582e+02  1.433499e+03  1.990443e+03  3.093968e+03 
 1.593694e-01  7.348043e+02  1.398524e+03  1.944795e+03  3.030087e+03 
 1.615909e-01  7.167704e+02  1.367492e+03  1.904523e+03  2.973931e+03 
 1.638434e-01  7.006058e+02  1.339965e+03  1.868996e+03  2.924703e+03 
 1.661273e-01  6.861570e+02  1.315550e+03  1.837657e+03  2.881697e+03 
 1.684430e-01  6.700439e+02  1.284945e+03  1.795677e+03  2.819009e+03 
 1.707910e-01  6.552331e+02  1.256440e+03  1.756339e+03  2.759967e+03 
 1.731717e-01  6.424742e+02  1.232214e+03  1.723111e+03  2.710367e+03 
 1.755856e-01  6.330468e+02  1.215846e+03  1.701505e+03  2.678728e+03 
 1.780332e-01  6.246275e+02  1.201373e+03  1.682516e+03  2.651157e+03 
 1.805149e-01  6.151085e+02  1.182544e+03  1.655543e+03  2.607355e+03 
 1.830312e-01  6.048975e+02  1.161067e+03  1.623751e+03  2.553822e+03 
 1.855825e-01  5.948501e+02  1.140219e+03  1.593200e+03  2.503097e+03 
 1.881694e-01  5.850907e+02  1.121638e+03  1.567797e+03  2.465215e+03 
 1.907924e-01  5.747521e+02  1.101985e+03  1.540921e+03  2.425056e+03 
 1.934520e-01  5.632122e+02  1.079999e+03  1.511021e+03  2.381642e+03 
 1.961486e-01  5.505844e+02  1.055954e+03  1.478339e+03  2.334341e+03 
 1.988828e-01  5.382382e+02  1.033285e+03  1.447870e+03  2.290193e+03 
 2.016551e-01  5.267655e+02  1.013441e+03  1.421741e+03  2.252375e+03 
 2.044661e-01  5.142562e+02  9.913102e+02  1.392177e+03  2.208729e+03 
 2.073162e-01  5.002272e+02  9.647582e+02  1.355243e+03  2.151550e+03 
 2.102061e-01  4.858152e+02  9.374339e+02  1.317199e+03  2.092509e+03 
 2.131362e-01  4.751946e+02  9.218418e+02  1.298778e+03  2.068830e+03 
 2.161073e-01  4.648593e+02  9.067982e+02  1.281126e+03  2.046308e+03 
 2.191197e-01  4.518334e+02  8.840230e+02  1.251580e+03  2.006064e+03 
 2.221741e-01  4.388559e+02  8.606692e+02  1.220881e+03  1.963966e+03 
 2.252711e-01  4.272665e+02  8.404172e+02  1.194748e+03  1.928589e+03 
 2.284112e-01  4.169285e+02  8.226632e+02  1.172132e+03  1.898489e+03 
 2.315951e-01  4.079925e+02  8.065236e+02  1.150134e+03  1.864500e+03 
 2.348235e-01  4.002263e+02  7.922525e+02  1.130193e+03  1.832135e+03 
 2.380968e-01  3.913053e+02  7.743017e+02  1.104606e+03  1.791987e+03 
 2.414157e-01  3.826578e+02  7.565452e+02  1.079198e+03  1.752462e+03 
 2.447809e-01  3.741441e+02  7.395725e+02  1.055451e+03  1.715661e+03 
 2.481930e-01  3.660064e+02  7.234643e+02  1.033005e+03  1.680922e+03 
 2.516527e-01  3.612170e+02  7.152722e+02  1.021879e+03  1.663533e+03 
 2.551606e-01  3.552438e+02  7.043392e+02  1.006841e+03  1.640452e+03 
 2.587174e-01  3.459295e+02  6.855165e+02  9.805218e+02  1.601146e+03 
 2.623238e-01  3.379813e+02  6.706357e+02  9.602952e+02  1.571528e+03 
 2.659804e-01  3.315152e+02  6.600010e+02  9.466175e+02  1.552298e+03 
 2.696881e-01  3.228412e+02  6.440431e+02  9.250008e+02  1.519540e+03 
 2.734474e-01  3.134363e+02  6.263843e+02  9.008730e+02  1.482578e+03 
 2.772591e-01  3.062694e+02  6.145766e+02  8.861568e+02  1.463676e+03 
 2.811239e-01  2.987145e+02  6.013647e+02  8.692586e+02  1.442244e+03 
 2.850426e-01  2.908570e+02  5.867313e+02  8.501389e+02  1.418731e+03 
 2.890160e-01  2.837565e+02  5.744757e+02  8.341860e+02  1.395591e+03 
 2.930447e-01  2.772274e+02  5.629511e+02  8.185295e+02  1.370705e+03 
 2.971296e-01  2.710915e+02  5.504681e+02  7.994581e+02  1.336979e+03 
 3.012714e-01  2.656443e+02  5.407652e+02  7.864032e+02  1.317315e+03 
 3.054710e-01  2.603771e+02  5.317430e+02  7.750286e+02  1.302175e+03 
 3.097291e-01  2.540565e+02  5.197252e+02  7.589801e+02  1.279799e+03 
 3.140465e-01  2.483069e+02  5.078431e+02  7.416351e+02  1.250740e+03 
 3.184242e-01  2.431892e+02  4.974203e+02  7.264039e+02  1.225133e+03 
 3.228628e-01  2.390934e+02  4.904723e+02  7.176087e+02  1.214346e+03 
 3.273634e-01  2.332456e+02  4.785400e+02  7.002864e+02  1.186167e+03 
 3.319266e-01  2.271384e+02  4.665492e+02  6.835655e+02  1.160667e+03 
 3.365535e-01  2.212825e+02  4.559947e+02  6.698916e+02  1.142242e+03 
 3.412449e-01  2.171765e+02  4.504199e+02  6.631438e+02  1.131195e+03 
 3.460016e-01  2.126502e+02  4.428690e+02  6.532811e+02  1.117037e+03 
 3.508247e-01  2.082233e+02  4.347966e+02  6.423508e+02  1.100742e+03 
 3.557150e-01  2.039499e+02  4.266717e+02  6.311647e+02  1.083214e+03 
 3.606735e-01  1.990534e+02  4.177085e+02  6.192355e+02  1.066110e+03 
 3.657011e-01  1.932841e+02  4.065017e+02  6.037295e+02  1.044233e+03 
 3.707988e-01  1.886866e+02  3.974596e+02  5.912344e+02  1.025370e+03 
 3.759675e-01  1.845059e+02  3.892514e+02  5.798192e+02  1.007976e+03 
 3.812083e-01  1.802169e+02  3.812778e+02  5.688798e+02  9.916913e+02 
 3.865221e-01  1.766210e+02  3.758623e+02  5.624236e+02  9.805907e+02 
 3.919100e-01  1.728884e+02  3.670310e+02  5.489411e+02  9.619818e+02 
 3.973730e-01  1.686756e+02  3.598661e+02  5.398038e+02  9.470971e+02 
 4.029122e-01  1.652591e+02  3.543199e+02  5.319594e+02  9.324181e+02 
 4.085286e-01  1.617969e+02  3.467766e+02  5.210489e+02  9.165122e+02 
 4.142232e-01  1.576512e+02  3.381854e+02  5.095625e+02  9.019045e+02 
 4.199973e-01  1.536183e+02  3.310680e+02  5.003807e+02  8.880897e+02 
 4.258518e-01  1.503875e+02  3.249037e+02  4.914865e+02  8.724013e+02 
 4.317880e-01  1.469821e+02  3.180604e+02  4.812665e+02  8.564635e+02 
 4.378069e-01  1.439889e+02  3.119488e+02  4.724139e+02  8.415247e+02 
 4.439097e-01  1.414957e+02  3.079699e+02  4.675921e+02  8.369417e+02 
 4.500975e-01  1.376345e+02  3.006191e+02  4.574044e+02  8.216174e+02 
 4.563716e-01  1.343731e+02  2.937532e+02  4.472890e+02  8.032276e+02 
 4.627332e-01  1.322697e+02  2.907666e+02  4.440422e+02  8.000554e+02 
 4.691835e-01  1.288258e+02  2.834513e+02  4.338460e+02  7.826104e+02 
 4.757236e-01  1.263274e+02  2.787627e+02  4.268734e+02  7.717098e+02 
 4.823549e-01  1.229682e+02  2.717620e+02  4.169159e+02  7.579393e+02 
 4.890787e-01  1.202914e+02  2.664404e+02  4.095961e+02  7.461722e+02 
 4.958962e-01  1.182639e+02  2.623742e+02  4.031963e+02  7.342185e+02 
 5.028087e-01  1.155785e+02  2.575994e+02  3.966594e+02  7.244648e+02 
 5.098176e-01  1.133919e+02  2.534645e+02  3.905539e+02  7.122904e+02 
 5.169242e-01  1.113687e+02  2.495446e+02  3.852207e+02  7.048829e+02 
 5.241298e-01  1.076915e+02  2.431289e+02  3.772060e+02  6.947262e+02 
 5.314359e-01  1.057622e+02  2.400517e+02  3.729162e+02  6.876535e+02 
 5.388438e-01  1.034900e+02  2.347979e+02  3.649802e+02  6.753496e+02 
 5.463550e-01  1.015828e+02  2.309504e+02  3.591684e+02  6.654802e+02 
 5.539709e-01  9.881356e+01  2.259452e+02  3.526568e+02  6.551018e+02 
 5.616930e-01  9.700542e+01  2.223312e+02  3.474700e+02  6.470721e+02 
 5.695227e-01  9.504925e+01  2.190437e+02  3.432772e+02  6.380580e+02 
 5.774615e-01  9.285002e+01  2.138741e+02  3.355241e+02  6.267265e+02 
 5.855110e-01  9.113781e+01  2.106008e+02  3.304330e+02  6.179378e+02 
 5.936727e-01  8.897913e+01  2.055266e+02  3.232879e+02  6.069031e+02 
 6.019482e-01  8.741874e+01  2.030097e+02  3.191681e+02  5.992022e+02 
 6.103390e-01  8.529682e+01  1.992820e+02  3.142181e+02  5.901882e+02 
 6.188468e-01  8.335510e+01  1.959904e+02  3.111486e+02  5.876999e+02 
 6.274732e-01  8.191170e+01  1.922081e+02  3.046208e+02  5.768962e+02 
 6.362198e-01  8.022316e+01  1.891900e+02  3.001195e+02  5.679932e+02 
 6.450884e-01  7.830163e+01  1.856456e+02  2.951242e+02  5.591133e+02 
 6.540806e-01  7.663268e+01  1.815875e+02  2.889213e+02  5.499283e+02 
 6.631981e-01  7.489452e+01  1.787734e+02  2.857500e+02  5.441693e+02 
 6.724427e-01  7.342342e+01  1.755464e+02  2.812074e+02  5.383161e+02 
 6.818162e-01  7.179608e+01  1.722673e+02  2.754146e+02  5.275074e+02 
 6.913204e-01  7.021869e+01  1.690169e+02  2.711358e+02  5.199964e+02 
 7.009570e-01  6.917576e+01  1.663947e+02  2.672245e+02  5.130488e+02 
 7.107280e-01  6.736364e+01  1.634857e+02  2.630536e+02  5.047548e+02 
 7.206351e-01  6.627599e+01  1.608775e+02  2.595107e+02  5.002045e+02 
 7.306804e-01  6.489218e+01  1.583173e+02  2.552178e+02  4.911196e+02 
 7.408657e-01  6.341217e+01  1.551036e+02  2.505576e+02  4.845267e+02 
 7.511929e-01  6.202599e+01  1.521840e+02  2.466998e+02  4.776128e+02 
 7.616642e-01  6.078142e+01  1.493565e+02  2.426260e+02  4.712624e+02 
 7.722814e-01  5.993079e+01  1.477116e+02  2.397398e+02  4.642469e+02 
 7.830465e-01  5.862983e+01  1.447802e+02  2.355445e+02  4.578564e+02 
 7.939618e-01  5.749751e+01  1.427753e+02  2.323145e+02  4.528817e+02 
 8.050292e-01  5.617963e+01  1.400421e+02  2.290042e+02  4.466699e+02 
 8.162509e-01  5.515370e+01  1.378699e+02  2.250171e+02  4.386098e+02 
 8.276289e-01  5.376852e+01  1.350287e+02  2.212052e+02  4.326671e+02 
 8.391656e-01  5.304460e+01  1.333047e+02  2.179524e+02  4.275335e+02 
 8.508632e-01  5.202887e+01  1.309390e+02  2.147981e+02  4.214421e+02 
 8.627237e-01  5.084171e+01  1.287256e+02  2.114095e+02  4.145016e+02 
 8.747496e-01  4.986684e+01  1.264478e+02  2.081176e+02  4.086740e+02 
 8.869432e-01  4.895988e+01  1.245392e+02  2.051462e+02  4.032269e+02 
 8.993067e-01  4.793094e+01  1.224624e+02  2.018974e+02  3.971041e+02 
 9.118425e-01  4.714354e+01  1.202830e+02  1.983719e+02  3.898290e+02 
 9.245531e-01  4.608221e+01  1.181924e+02  1.951507e+02  3.852355e+02 
 9.374409e-01  4.516278e+01  1.162867e+02  1.924926e+02  3.797720e+02 
 9.505083e-01  4.437522e+01  1.143736e+02  1.895593e+02  3.742115e+02 
 9.637579e-01  4.339702e+01  1.121078e+02  1.861203e+02  3.684409e+02 
 9.771921e-01  4.278992e+01  1.113290e+02  1.841920e+02  3.633104e+02 
 9.908137e-01  4.193202e+01  1.091729e+02  1.811122e+02  3.582714e+02 
 1.004625e+00  4.108491e+01  1.070932e+02  1.778758e+02  3.519973e+02 
 1.018629e+00  4.036776e+01  1.055265e+02  1.752537e+02  3.466392e+02 
 1.032828e+00  3.955435e+01  1.037711e+02  1.728235e+02  3.426451e+02 
 1.047225e+00  3.874928e+01  1.021798e+02  1.699474e+02  3.364371e+02 
 1.061823e+00  3.811340e+01  1.007182e+02  1.674970e+02  3.313641e+02 
 1.076624e+00  3.736574e+01  9.903219e+01  1.648716e+02  3.260994e+02 
 1.091632e+00  3.669654e+01  9.736385e+01  1.623725e+02  3.208997e+02 
 1.106848e+00  3.596057e+01  9.561064e+01  1.597523e+02  3.162161e+02 
 1.122277e+00  3.528998e+01  9.418549e+01  1.570306e+02  3.106960e+02 
 1.137921e+00  3.461744e+01  9.250550e+01  1.545193e+02  3.058234e+02 
 1.153783e+00  3.402253e+01  9.100555e+01  1.520678e+02  3.011809e+02 
 1.169866e+00  3.339382e+01  8.957737e+01  1.496692e+02  2.966707e+02 
 1.186174e+00  3.275106e+01  8.819672e+01  1.473176e+02  2.916234e+02 
 1.202708e+00  3.218743e+01  8.675280e+01  1.450161e+02  2.869327e+02 
 1.219473e+00  3.161758e+01  8.540209e+01  1.428186e+02  2.819270e+02 
 1.236472e+00  3.102338e+01  8.404279e+01  1.406362e+02  2.775808e+02 
 1.253708e+00  3.048163e+01  8.261064e+01  1.381593e+02  2.731735e+02 
 1.271184e+00  2.994035e+01  8.156701e+01  1.363412e+02  2.685670e+02 
 1.288904e+00  2.939254e+01  7.993571e+01  1.338224e+02  2.643857e+02 
 1.306870e+00  2.882787e+01  7.862621e+01  1.316155e+02  2.596392e+02 
 1.325087e+00  2.835737e+01  7.740054e+01  1.295250e+02  2.550000e+02 
 1.343558e+00  2.784787e+01  7.610515e+01  1.273694e+02  2.505884e+02 
 1.362287e+00  2.738092e+01  7.480458e+01  1.250934e+02  2.462356e+02 
 1.381276e+00  2.688420e+01  7.358599e+01  1.228040e+02  2.418959e+02 
 1.400531e+00  2.641931e+01  7.238368e+01  1.208357e+02  2.373692e+02 
 1.420053e+00  2.592920e+01  7.110455e+01  1.188491e+02  2.330950e+02 
 1.439848e+00  2.548590e+01  6.999084e+01  1.167192e+02  2.290035e+02 
 1.459919e+00  2.500552e+01  6.879525e+01  1.147033e+02  2.246286e+02 
 1.480269e+00  2.462236e+01  6.753607e+01  1.126043e+02  2.201878e+02 
 1.500903e+00  2.418227e+01  6.643935e+01  1.106086e+02  2.165234e+02 
 1.521825e+00  2.375286e+01  6.540291e+01  1.087881e+02  2.124393e+02 
 1.543038e+00  2.332665e+01  6.427815e+01  1.069717e+02  2.086784e+02 
 1.564548e+00  2.295488e+01  6.319240e+01  1.050388e+02  2.045828e+02 
 1.586357e+00  2.255886e+01  6.217362e+01  1.032001e+02  2.006512e+02 
 1.608469e+00  2.214545e+01  6.111911e+01  1.013616e+02  1.970219e+02 
 1.630891e+00  2.182498e+01  5.996167e+01  9.933172e+01  1.928788e+02 
 1.653624e+00  2.141686e+01  5.891882e+01  9.763824e+01  1.894350e+02 
 1.676675e+00  2.104526e+01  5.798776e+01  9.591492e+01  1.855339e+02 
 1.700047e+00  2.067470e+01  5.697821e+01  9.411526e+01  1.819238e+02 
 1.723745e+00  2.033198e+01  5.594361e+01  9.234317e+01  1.780466e+02 
 1.747773e+00  1.995835e+01  5.492322e+01  9.056597e+01  1.744328e+02 
 1.772136e+00  1.961946e+01  5.395063e+01  8.882556e+01  1.710440e+02 
 1.796838e+00  1.929128e+01  5.297530e+01  8.714491e+01  1.674871e+02 
 1.821885e+00  1.898026e+01  5.201090e+01  8.543192e+01  1.641074e+02 
 1.847281e+00  1.864783e+01  5.115177e+01  8.387734e+01  1.607104e+02 
 1.873032e+00  1.833378e+01  5.017453e+01  8.212250e+01  1.574112e+02 
 1.899141e+00  1.801218e+01  4.922215e+01  8.055737e+01  1.541457e+02 
 1.925614e+00  1.771855e+01  4.835018e+01  7.899675e+01  1.508241e+02 
 1.952456e+00  1.746264e+01  4.750765e+01  7.746581e+01  1.476132e+02 
 1.979672e+00  1.712788e+01  4.665549e+01  7.594487e+01  1.444986e+02 
 2.007267e+00  1.685791e+01  4.576976e+01  7.433014e+01  1.414617e+02 
 2.035248e+00  1.654955e+01  4.487456e+01  7.279709e+01  1.383069e+02 
 2.063618e+00  1.626457e+01  4.400225e+01  7.130760e+01  1.352396e+02 
 2.092383e+00  1.599115e+01  4.315987e+01  6.980749e+01  1.322780e+02 
 2.121550e+00  1.570697e+01  4.230871e+01  6.834767e+01  1.292991e+02 
 2.151123e+00  1.544166e+01  4.149376e+01  6.687885e+01  1.263511e+02 
 2.181109e+00  1.517173e+01  4.065984e+01  6.547858e+01  1.235749e+02 
 2.211512e+00  1.491097e+01  3.983450e+01  6.403578e+01  1.206555e+02 
 2.242340e+00  1.465654e+01  3.907651e+01  6.268782e+01  1.179508e+02 
 2.273597e+00  1.438800e+01  3.829048e+01  6.127758e+01  1.152348e+02 
 2.305289e+00  1.415607e+01  3.751638e+01  5.997479e+01  1.126142e+02 
 2.337424e+00  1.391129e+01  3.674467e+01  5.864603e+01  1.100472e+02 
 2.370006e+00  1.366617e+01  3.599943e+01  5.737795e+01  1.075549e+02 
 2.403043e+00  1.341715e+01  3.526925e+01  5.607659e+01  1.050174e+02 
 2.436540e+00  1.319296e+01  3.455747e+01  5.484353e+01  1.025594e+02 
 2.470504e+00  1.296184e+01  3.384931e+01  5.359731e+01  1.001366e+02 
 2.504942e+00  1.273501e+01  3.316021e+01  5.241270e+01  9.779907e+01 
 2.539859e+00  1.251934e+01  3.245297e+01  5.120088e+01  9.544125e+01 
 2.575263e+00  1.228675e+01  3.175427e+01  5.007003e+01  9.320709e+01 
 2.611161e+00  1.207641e+01  3.107909e+01  4.888193e+01  9.097282e+01 
 2.647559e+00  1.186114e+01  3.040623e+01  4.772547e+01  8.873404e+01 
 2.684465e+00  1.164830e+01  2.976739e+01  4.660888e+01  8.657619e+01 
 2.721885e+00  1.142954e+01  2.909110e+01  4.551813e+01  8.446715e+01 
 2.759826e+00  1.122306e+01  2.843995e+01  4.442510e+01  8.239804e+01 
 2.798297e+00  1.101683e+01  2.782143e+01  4.337811e+01  8.041784e+01 
 2.837304e+00  1.081641e+01  2.719936e+01  4.234108e+01  7.843575e+01 
 2.876854e+00  1.061566e+01  2.658498e+01  4.132226e+01  7.651125e+01 
 2.916956e+00  1.042113e+01  2.599672e+01  4.032968e+01  7.459403e+01 
 2.957617e+00  1.023200e+01  2.541847e+01  3.937326e+01  7.276845e+01 
 2.998844e+00  1.004141e+01  2.484974e+01  3.841981e+01  7.096148e+01 
 3.040646e+00  9.855031e+00  2.428212e+01  3.748621e+01  6.924770e+01 
 3.083031e+00  9.671927e+00  2.372437e+01  3.657742e+01  6.753236e+01 
 3.126007e+00  9.494334e+00  2.319031e+01  3.568613e+01  6.583347e+01 
 3.169582e+00  9.313752e+00  2.264208e+01  3.479499e+01  6.419274e+01 
 3.213764e+00  9.136911e+00  2.211733e+01  3.393585e+01  6.258293e+01 
 3.258562e+00  8.958985e+00  2.160675e+01  3.309317e+01  6.100380e+01 
 3.303985e+00  8.785862e+00  2.108778e+01  3.226581e+01  5.946300e+01 
 3.350041e+00  8.616413e+00  2.058104e+01  3.144849e+01  5.794544e+01 
 3.396739e+00  8.444650e+00  2.009150e+01  3.066381e+01  5.645830e+01 
 3.444087e+00  8.280789e+00  1.960249e+01  2.987379e+01  5.501296e+01 
 3.492096e+00  8.117676e+00  1.913440e+01  2.912719e+01  5.362632e+01 
 3.540774e+00  7.952371e+00  1.867627e+01  2.839330e+01  5.225730e+01 
 3.590130e+00  7.795731e+00  1.821978e+01  2.766651e+01  5.093357e+01 
 3.640175e+00  7.642178e+00  1.777958e+01  2.697391e+01  4.963394e+01 
 3.690917e+00  7.486595e+00  1.735459e+01  2.628093e+01  4.836788e+01 
 3.742366e+00  7.335718e+00  1.692433e+01  2.561680e+01  4.715296e+01 
 3.794533e+00  7.189371e+00  1.651740e+01  2.496906e+01  4.594905e+01 
 3.847427e+00  7.043093e+00  1.610916e+01  2.433219e+01  4.478919e+01 
 3.901058e+00  6.896004e+00  1.571557e+01  2.371397e+01  4.363753e+01 
 3.955436e+00  6.757275e+00  1.532543e+01  2.309581e+01  4.250965e+01 
 4.010573e+00  6.614015e+00  1.494260e+01  2.250670e+01  4.142293e+01 
 4.066478e+00  6.475100e+00  1.456557e+01  2.191992e+01  4.034502e+01 
 4.123163e+00  6.337065e+00  1.420265e+01  2.134983e+01  3.929542e+01 
 4.180637e+00  6.203246e+00  1.384559e+01  2.079623e+01  3.826905e+01 
 4.238913e+00  6.070155e+00  1.349200e+01  2.025144e+01  3.727919e+01 
 4.298001e+00  5.936876e+00  1.314976e+01  1.972474e+01  3.630484e+01 
 4.357913e+00  5.811519e+00  1.281476e+01  1.921199e+01  3.536792e+01 
 4.418660e+00  5.684512e+00  1.249247e+01  1.870998e+01  3.445461e+01 
 4.480254e+00  5.559623e+00  1.217379e+01  1.822314e+01  3.356177e+01 
 4.542706e+00  5.439497e+00  1.186254e+01  1.774772e+01  3.269163e+01 
 4.606029e+00  5.319970e+00  1.156417e+01  1.728957e+01  3.185446e+01 
 4.670234e+00  5.202759e+00  1.127077e+01  1.684545e+01  3.103728e+01 
 4.735335e+00  5.088254e+00  1.098565e+01  1.640858e+01  3.023531e+01 
 4.801343e+00  4.977212e+00  1.070816e+01  1.598434e+01  2.945171e+01 
 4.868271e+00  4.866038e+00  1.043387e+01  1.556711e+01  2.868670e+01 
 4.936132e+00  4.756667e+00  1.016518e+01  1.516029e+01  2.793947e+01 
 5.004939e+00  4.648804e+00  9.903935e+00  1.476259e+01  2.720755e+01 
 5.074705e+00  4.542092e+00  9.647312e+00  1.437274e+01  2.649507e+01 
 5.145444e+00  4.438775e+00  9.397466e+00  1.399453e+01  2.580074e+01 
 5.217169e+00  4.335858e+00  9.152513e+00  1.362366e+01  2.511533e+01 
 5.289893e+00  4.236897e+00  8.915471e+00  1.326777e+01  2.445794e+01 
 5.363631e+00  4.137624e+00  8.683822e+00  1.291517e+01  2.381310e+01 
 5.438397e+00  4.042006e+00  8.457601e+00  1.257528e+01  2.318451e+01 
 5.514206e+00  3.947915e+00  8.238224e+00  1.224494e+01  2.257671e+01 
 5.591071e+00  3.854987e+00  8.025443e+00  1.192285e+01  2.198498e+01 
 5.669007e+00  3.766135e+00  7.817429e+00  1.161175e+01  2.141155e+01 
 5.748030e+00  3.678195e+00  7.616210e+00  1.130744e+01  2.084971e+01 
 5.828155e+00  3.592242e+00  7.420224e+00  1.101318e+01  2.030531e+01 
 5.909396e+00  3.508253e+00  7.228933e+00  1.072601e+01  1.977660e+01 
 5.991770e+00  3.425615e+00  7.041829e+00  1.044492e+01  1.925914e+01 
 6.075292e+00  3.344860e+00  6.860101e+00  1.017154e+01  1.875177e+01 
 6.159978e+00  3.265301e+00  6.681640e+00  9.904064e+00  1.825710e+01 
 6.245845e+00  3.187249e+00  6.507536e+00  9.642812e+00  1.777235e+01 
 6.332908e+00  3.110486e+00  6.336654e+00  9.386904e+00  1.729795e+01 
 6.421186e+00  3.035855e+00  6.170850e+00  9.137331e+00  1.683589e+01 
 6.510694e+00  2.962282e+00  6.008855e+00  8.895113e+00  1.638612e+01 
 6.601449e+00  2.890917e+00  5.851665e+00  8.659108e+00  1.594824e+01 
 6.693470e+00  2.820628e+00  5.697771e+00  8.428496e+00  1.552095e+01 
 6.786773e+00  2.752214e+00  5.548734e+00  8.204674e+00  1.510645e+01 
 6.881377e+00  2.685827e+00  5.403895e+00  7.987605e+00  1.470208e+01 
 6.977300e+00  2.620844e+00  5.263445e+00  7.777671e+00  1.431057e+01 
 7.074559e+00  2.557855e+00  5.126510e+00  7.572160e+00  1.392924e+01 
 7.173175e+00  2.496032e+00  4.993846e+00  7.373270e+00  1.355964e+01 
 7.273165e+00  2.436097e+00  4.864892e+00  7.180556e+00  1.319955e+01 
 7.374549e+00  2.377387e+00  4.738965e+00  6.991782e+00  1.284969e+01 
 7.477346e+00  2.319876e+00  4.616791e+00  6.809111e+00  1.250779e+01 
 7.581576e+00  2.263941e+00  4.496556e+00  6.629432e+00  1.217346e+01 
 7.687260e+00  2.208857e+00  4.379682e+00  6.454163e+00  1.184746e+01 
 7.794416e+00  2.155017e+00  4.265422e+00  6.282393e+00  1.152792e+01 
 7.903066e+00  2.102402e+00  4.153466e+00  6.114718e+00  1.121536e+01 
 8.013230e+00  2.050975e+00  4.045050e+00  5.952677e+00  1.091178e+01 
 8.124930e+00  2.000676e+00  3.939210e+00  5.794016e+00  1.061556e+01 
 8.238187e+00  1.951848e+00  3.835987e+00  5.639296e+00  1.032751e+01 
 8.353023e+00  1.904106e+00  3.735835e+00  5.489430e+00  1.004722e+01 
 8.469460e+00  1.857749e+00  3.638616e+00  5.343794e+00  9.775060e+00 
 8.587519e+00  1.812640e+00  3.543992e+00  5.202109e+00  9.510781e+00 
 8.707225e+00  1.768749e+00  3.451982e+00  5.064770e+00  9.254216e+00 
 8.828599e+00  1.726109e+00  3.363181e+00  4.931436e+00  9.004723e+00 
 8.951665e+00  1.684522e+00  3.276815e+00  4.801934e+00  8.763206e+00 
 9.076446e+00  1.644185e+00  3.192905e+00  4.676503e+00  8.528661e+00 
 9.202967e+00  1.604859e+00  3.111223e+00  4.554433e+00  8.299952e+00 
 9.331251e+00  1.566456e+00  3.031519e+00  4.435060e+00  8.077212e+00 
 9.461324e+00  0.000000e+00  0.000000e+00  0.000000e+00  0.000000e+00 
 9.593209e+00  0.000000e+00  0.000000e+00  0.000000e+00  0.000000e+00 
 9.726934e+00  0.000000e+00  0.000000e+00  0.000000e+00  0.000000e+00 
 9.862522e+00  0.000000e+00  0.000000e+00  0.000000e+00  0.000000e+00 
 1.000000e+01  0.000000e+00  0.000000e+00  0.000000e+00  0.000000e+00 
