 1.000000e-02  5.915240e+03  1.090686e+04  1.485045e+04  2.234400e+04 
 1.013939e-02  5.946466e+03  1.096429e+04  1.492851e+04  2.246108e+04 
 1.028073e-02  5.977158e+03  1.102075e+04  1.500523e+04  2.257612e+04 
 1.042404e-02  6.007304e+03  1.107619e+04  1.508058e+04  2.268905e+04 
 1.056935e-02  6.036884e+03  1.113057e+04  1.515447e+04  2.279981e+04 
 1.071668e-02  6.065881e+03  1.118388e+04  1.522689e+04  2.290834e+04 
 1.086606e-02  6.094263e+03  1.123605e+04  1.529777e+04  2.301451e+04 
 1.101753e-02  6.122015e+03  1.128705e+04  1.536703e+04  2.311826e+04 
 1.117111e-02  6.149111e+03  1.133683e+04  1.543465e+04  2.321950e+04 
 1.132683e-02  6.175525e+03  1.138535e+04  1.550053e+04  2.331813e+04 
 1.148472e-02  6.201237e+03  1.143257e+04  1.556464e+04  2.341407e+04 
 1.164481e-02  6.226223e+03  1.147845e+04  1.562690e+04  2.350724e+04 
 1.180713e-02  6.250463e+03  1.152293e+04  1.568729e+04  2.359754e+04 
 1.197171e-02  6.273922e+03  1.156599e+04  1.574569e+04  2.368488e+04 
 1.213859e-02  6.296585e+03  1.160755e+04  1.580209e+04  2.376917e+04 
 1.230780e-02  6.318424e+03  1.164760e+04  1.585641e+04  2.385032e+04 
 1.247936e-02  6.339426e+03  1.168611e+04  1.590862e+04  2.392827e+04 
 1.265332e-02  6.359558e+03  1.172300e+04  1.595862e+04  2.400290e+04 
 1.282970e-02  6.378801e+03  1.175825e+04  1.600639e+04  2.407415e+04 
 1.300854e-02  6.397126e+03  1.179180e+04  1.605185e+04  2.414190e+04 
 1.318987e-02  6.414517e+03  1.182362e+04  1.609494e+04  2.420610e+04 
 1.337373e-02  6.430952e+03  1.185369e+04  1.613563e+04  2.426667e+04 
 1.356015e-02  6.446405e+03  1.188193e+04  1.617386e+04  2.432350e+04 
 1.374917e-02  6.460842e+03  1.190830e+04  1.620952e+04  2.437648e+04 
 1.394083e-02  6.474246e+03  1.193276e+04  1.624258e+04  2.442553e+04 
 1.413516e-02  6.486584e+03  1.195526e+04  1.627295e+04  2.447053e+04 
 1.433219e-02  6.497840e+03  1.197576e+04  1.630061e+04  2.451143e+04 
 1.453198e-02  6.507983e+03  1.199420e+04  1.632547e+04  2.454809e+04 
 1.473454e-02  6.516984e+03  1.201053e+04  1.634744e+04  2.458043e+04 
 1.493993e-02  6.524823e+03  1.202473e+04  1.636650e+04  2.460837e+04 
 1.514819e-02  6.531457e+03  1.203673e+04  1.638259e+04  2.463184e+04 
 1.535935e-02  6.536871e+03  1.204648e+04  1.639563e+04  2.465075e+04 
 1.557345e-02  6.541053e+03  1.205396e+04  1.640557e+04  2.466499e+04 
 1.579053e-02  6.543989e+03  1.205914e+04  1.641237e+04  2.467450e+04 
 1.601064e-02  6.545655e+03  1.206198e+04  1.641599e+04  2.467919e+04 
 1.623382e-02  6.546021e+03  1.206242e+04  1.641633e+04  2.467895e+04 
 1.646012e-02  6.545074e+03  1.206043e+04  1.641337e+04  2.467374e+04 
 1.668956e-02  6.542802e+03  1.205600e+04  1.640708e+04  2.466350e+04 
 1.692220e-02  6.539193e+03  1.204910e+04  1.639742e+04  2.464820e+04 
 1.715809e-02  6.534213e+03  1.203966e+04  1.638430e+04  2.462769e+04 
 1.739726e-02  6.527842e+03  1.202767e+04  1.636769e+04  2.460190e+04 
 1.763977e-02  6.520061e+03  1.201307e+04  1.634754e+04  2.457077e+04 
 1.788566e-02  6.510849e+03  1.199583e+04  1.632379e+04  2.453421e+04 
 1.813498e-02  6.500190e+03  1.197592e+04  1.629639e+04  2.449217e+04 
 1.838777e-02  6.488063e+03  1.195328e+04  1.626531e+04  2.444457e+04 
 1.864409e-02  6.474462e+03  1.192794e+04  1.623052e+04  2.439138e+04 
 1.890397e-02  6.459363e+03  1.189984e+04  1.619195e+04  2.433251e+04 
 1.916748e-02  6.442760e+03  1.186896e+04  1.614962e+04  2.426797e+04 
 1.943467e-02  6.424636e+03  1.183526e+04  1.610345e+04  2.419765e+04 
 1.970558e-02  6.404992e+03  1.179877e+04  1.605348e+04  2.412159e+04 
 1.998026e-02  6.383818e+03  1.175945e+04  1.599965e+04  2.403974e+04 
 2.025878e-02  6.361116e+03  1.171732e+04  1.594198e+04  2.395210e+04 
 2.054117e-02  6.336875e+03  1.167234e+04  1.588045e+04  2.385865e+04 
 2.082751e-02  6.311106e+03  1.162455e+04  1.581510e+04  2.375943e+04 
 2.111783e-02  6.283808e+03  1.157395e+04  1.574590e+04  2.365444e+04 
 2.141220e-02  6.255090e+03  1.152069e+04  1.567305e+04  2.354387e+04 
 2.171068e-02  6.225493e+03  1.146558e+04  1.559746e+04  2.342855e+04 
 2.201331e-02  6.194368e+03  1.140766e+04  1.551803e+04  2.330745e+04 
 2.232016e-02  6.161714e+03  1.134692e+04  1.543477e+04  2.318059e+04 
 2.263130e-02  6.127534e+03  1.128337e+04  1.534767e+04  2.304796e+04 
 2.294676e-02  6.091835e+03  1.121701e+04  1.525677e+04  2.290961e+04 
 2.326663e-02  6.054625e+03  1.114788e+04  1.516208e+04  2.276557e+04 
 2.359095e-02  6.015926e+03  1.107600e+04  1.506368e+04  2.261593e+04 
 2.391980e-02  5.975748e+03  1.100140e+04  1.496155e+04  2.246071e+04 
 2.425323e-02  5.934113e+03  1.092412e+04  1.485578e+04  2.230001e+04 
 2.459130e-02  5.891045e+03  1.084420e+04  1.474642e+04  2.213393e+04 
 2.493409e-02  5.846582e+03  1.076171e+04  1.463358e+04  2.196261e+04 
 2.528166e-02  5.800755e+03  1.067671e+04  1.451732e+04  2.178616e+04 
 2.563407e-02  5.753606e+03  1.058929e+04  1.439775e+04  2.160477e+04 
 2.599140e-02  5.705180e+03  1.049951e+04  1.427500e+04  2.141858e+04 
 2.635371e-02  5.655535e+03  1.040749e+04  1.414919e+04  2.122782e+04 
 2.672106e-02  5.604718e+03  1.031331e+04  1.402044e+04  2.103266e+04 
 2.709354e-02  5.552759e+03  1.021703e+04  1.388885e+04  2.083323e+04 
 2.747121e-02  5.499688e+03  1.011872e+04  1.375449e+04  2.062965e+04 
 2.785414e-02  5.445474e+03  1.001832e+04  1.361733e+04  2.042196e+04 
 2.824241e-02  5.389892e+03  9.915542e+03  1.347706e+04  2.020992e+04 
 2.863610e-02  5.333314e+03  9.810931e+03  1.333431e+04  1.999418e+04 
 2.903527e-02  5.275790e+03  9.704582e+03  1.318919e+04  1.977490e+04 
 2.944000e-02  5.217370e+03  9.596592e+03  1.304185e+04  1.955231e+04 
 2.985038e-02  5.158113e+03  9.487063e+03  1.289243e+04  1.932661e+04 
 3.026648e-02  5.098083e+03  9.376116e+03  1.274109e+04  1.909805e+04 
 3.068838e-02  5.037353e+03  9.263888e+03  1.258800e+04  1.886691e+04 
 3.111616e-02  4.975996e+03  9.150516e+03  1.243336e+04  1.863346e+04 
 3.154990e-02  4.914100e+03  9.036155e+03  1.227740e+04  1.839804e+04 
 3.198969e-02  4.851751e+03  8.920970e+03  1.212033e+04  1.816098e+04 
 3.243561e-02  4.789053e+03  8.805147e+03  1.196239e+04  1.792266e+04 
 3.288774e-02  4.726115e+03  8.688886e+03  1.180386e+04  1.768346e+04 
 3.334618e-02  4.663052e+03  8.572406e+03  1.164504e+04  1.744387e+04 
 3.381101e-02  4.599938e+03  8.455838e+03  1.148611e+04  1.720413e+04 
 3.428231e-02  4.536837e+03  8.339297e+03  1.132722e+04  1.696447e+04 
 3.476019e-02  4.473638e+03  8.222933e+03  1.116897e+04  1.672691e+04 
 3.524473e-02  4.410558e+03  8.106796e+03  1.101104e+04  1.648990e+04 
 3.573602e-02  4.347657e+03  7.990991e+03  1.085356e+04  1.625357e+04 
 3.623416e-02  4.285004e+03  7.875646e+03  1.069671e+04  1.601820e+04 
 3.673925e-02  4.222661e+03  7.760879e+03  1.054064e+04  1.578404e+04 
 3.725137e-02  4.160703e+03  7.646826e+03  1.038557e+04  1.555135e+04 
 3.777064e-02  4.099209e+03  7.533624e+03  1.023164e+04  1.532043e+04 
 3.829714e-02  4.038251e+03  7.421416e+03  1.007908e+04  1.509157e+04 
 3.883098e-02  3.977921e+03  7.310365e+03  9.928094e+03  1.486508e+04 
 3.937226e-02  3.918307e+03  7.200638e+03  9.778911e+03  1.464131e+04 
 3.992109e-02  3.859504e+03  7.092405e+03  9.631761e+03  1.442062e+04 
 4.047757e-02  3.801605e+03  6.985807e+03  9.486800e+03  1.420313e+04 
 4.104181e-02  3.744558e+03  6.880195e+03  9.342543e+03  1.398487e+04 
 4.161391e-02  3.688639e+03  6.776669e+03  9.201132e+03  1.377091e+04 
 4.219398e-02  3.633907e+03  6.675330e+03  9.062707e+03  1.356146e+04 
 4.278214e-02  3.580400e+03  6.576258e+03  8.927367e+03  1.335667e+04 
 4.337850e-02  3.528145e+03  6.479501e+03  8.795179e+03  1.315665e+04 
 4.398317e-02  3.477177e+03  6.385114e+03  8.666227e+03  1.296150e+04 
 4.459628e-02  3.427526e+03  6.293157e+03  8.540589e+03  1.277134e+04 
 4.521792e-02  3.379215e+03  6.203677e+03  8.418324e+03  1.258628e+04 
 4.584824e-02  3.332271e+03  6.116715e+03  8.299491e+03  1.240638e+04 
 4.648734e-02  3.286721e+03  6.032324e+03  8.184159e+03  1.223176e+04 
 4.713535e-02  3.242684e+03  5.951474e+03  8.074433e+03  1.206770e+04 
 4.779239e-02  3.200135e+03  5.873810e+03  7.969515e+03  1.191214e+04 
 4.845859e-02  3.159042e+03  5.798814e+03  7.868208e+03  1.176197e+04 
 4.913407e-02  3.119408e+03  5.726488e+03  7.770519e+03  1.161717e+04 
 4.981898e-02  3.081219e+03  5.656809e+03  7.676415e+03  1.147774e+04 
 5.051342e-02  3.044448e+03  5.589729e+03  7.585834e+03  1.134355e+04 
 5.121755e-02  3.009064e+03  5.525193e+03  7.498700e+03  1.121450e+04 
 5.193150e-02  2.975031e+03  5.463136e+03  7.414923e+03  1.109045e+04 
 5.265540e-02  2.942307e+03  5.403475e+03  7.334396e+03  1.097125e+04 
 5.338938e-02  2.910604e+03  5.345228e+03  7.255304e+03  1.085289e+04 
 5.413360e-02  2.879817e+03  5.288111e+03  7.177175e+03  1.073443e+04 
 5.488820e-02  2.850163e+03  5.233078e+03  7.101875e+03  1.062019e+04 
 5.565331e-02  2.821558e+03  5.179978e+03  7.029205e+03  1.050989e+04 
 5.642908e-02  2.793923e+03  5.128658e+03  6.958951e+03  1.040322e+04 
 5.721568e-02  2.767144e+03  5.078916e+03  6.890831e+03  1.029973e+04 
 5.801323e-02  2.741100e+03  5.030518e+03  6.824540e+03  1.019896e+04 
 5.882190e-02  2.715685e+03  4.983286e+03  6.759845e+03  1.010062e+04 
 5.964185e-02  2.690993e+03  4.937707e+03  6.697727e+03  1.000703e+04 
 6.047322e-02  2.667135e+03  4.894516e+03  6.639742e+03  9.922061e+03 
 6.131619e-02  2.643546e+03  4.851819e+03  6.582429e+03  9.838090e+03 
 6.217090e-02  2.620014e+03  4.809212e+03  6.525221e+03  9.754234e+03 
 6.303753e-02  2.596458e+03  4.766542e+03  6.467905e+03  9.670145e+03 
 6.391624e-02  2.572707e+03  4.723494e+03  6.410060e+03  9.585213e+03 
 6.480720e-02  2.548643e+03  4.679866e+03  6.351423e+03  9.499080e+03 
 6.571058e-02  2.524093e+03  4.635353e+03  6.291587e+03  9.411172e+03 
 6.662655e-02  2.497753e+03  4.585627e+03  6.222637e+03  9.303941e+03 
 6.755528e-02  2.470621e+03  4.534400e+03  6.151602e+03  9.193452e+03 
 6.849697e-02  2.442595e+03  4.481542e+03  6.078362e+03  9.079712e+03 
 6.945178e-02  2.413557e+03  4.426839e+03  6.002641e+03  8.962311e+03 
 7.041990e-02  2.383398e+03  4.370098e+03  5.924175e+03  8.840866e+03 
 7.140151e-02  2.352016e+03  4.311134e+03  5.842715e+03  8.715024e+03 
 7.239681e-02  2.319618e+03  4.250622e+03  5.759533e+03  8.587809e+03 
 7.340598e-02  2.286201e+03  4.188618e+03  5.674769e+03  8.459650e+03 
 7.442922e-02  2.251354e+03  4.124010e+03  5.586495e+03  8.326310e+03 
 7.546673e-02  2.215044e+03  4.056740e+03  5.494637e+03  8.187690e+03 
 7.651869e-02  2.177276e+03  3.986821e+03  5.399212e+03  8.043817e+03 
 7.758532e-02  2.138073e+03  3.914296e+03  5.300279e+03  7.894783e+03 
 7.866682e-02  2.098314e+03  3.841906e+03  5.202688e+03  7.750716e+03 
 7.976339e-02  2.058591e+03  3.771424e+03  5.109526e+03  7.617977e+03 
 8.087525e-02  2.017590e+03  3.698546e+03  5.013062e+03  7.480185e+03 
 8.200261e-02  1.975427e+03  3.623478e+03  4.913575e+03  7.337739e+03 
 8.314568e-02  1.932251e+03  3.546489e+03  4.811418e+03  7.191156e+03 
 8.430468e-02  1.888231e+03  3.467884e+03  4.707003e+03  7.041030e+03 
 8.547985e-02  1.842900e+03  3.385727e+03  4.596660e+03  6.879320e+03 
 8.667139e-02  1.796840e+03  3.301698e+03  4.483251e+03  6.711738e+03 
 8.787954e-02  1.750599e+03  3.217320e+03  4.369349e+03  6.543363e+03 
 8.910453e-02  1.704413e+03  3.133020e+03  4.255535e+03  6.375061e+03 
 9.034660e-02  1.658526e+03  3.049253e+03  4.142422e+03  6.207740e+03 
 9.160598e-02  1.613922e+03  2.968844e+03  4.034810e+03  6.050939e+03 
 9.288292e-02  1.570750e+03  2.891938e+03  3.932771e+03  5.904456e+03 
 9.417766e-02  1.528560e+03  2.816726e+03  3.832930e+03  5.761001e+03 
 9.549045e-02  1.487578e+03  2.743637e+03  3.735869e+03  5.621447e+03 
 9.682153e-02  1.448035e+03  2.673089e+03  3.642162e+03  5.486666e+03 
 9.817117e-02  1.410440e+03  2.606521e+03  3.554225e+03  5.361370e+03 
 9.953962e-02  1.374762e+03  2.543550e+03  3.471238e+03  5.243628e+03 
 1.009272e-01  1.341031e+03  2.484053e+03  3.392871e+03  5.132545e+03 
 1.023340e-01  1.309376e+03  2.428279e+03  3.319468e+03  5.028668e+03 
 1.037605e-01  1.279254e+03  2.374477e+03  3.247960e+03  4.925783e+03 
 1.052069e-01  1.249038e+03  2.317581e+03  3.169566e+03  4.806296e+03 
 1.066734e-01  1.221154e+03  2.265027e+03  3.097115e+03  4.695809e+03 
 1.081604e-01  1.195573e+03  2.216758e+03  3.030527e+03  4.594192e+03 
 1.096681e-01  1.172228e+03  2.172644e+03  2.969621e+03  4.501172e+03 
 1.111968e-01  1.151097e+03  2.132809e+03  2.914563e+03  4.416463e+03 
 1.127468e-01  1.131956e+03  2.096672e+03  2.864561e+03  4.339383e+03 
 1.143184e-01  1.114620e+03  2.063884e+03  2.819136e+03  4.269232e+03 
 1.159120e-01  1.098880e+03  2.034053e+03  2.777751e+03  4.205199e+03 
 1.175277e-01  1.085078e+03  2.008378e+03  2.742464e+03  4.151082e+03 
 1.191660e-01  1.072391e+03  1.984810e+03  2.710084e+03  4.101415e+03 
 1.208271e-01  1.060475e+03  1.962663e+03  2.679645e+03  4.054680e+03 
 1.225114e-01  1.048961e+03  1.941213e+03  2.650134e+03  4.009351e+03 
 1.242191e-01  1.037029e+03  1.918516e+03  2.618684e+03  3.961059e+03 
 1.259506e-01  1.024915e+03  1.895494e+03  2.586799e+03  3.912131e+03 
 1.277063e-01  1.012315e+03  1.871583e+03  2.553714e+03  3.861423e+03 
 1.294865e-01  9.992266e+02  1.846963e+03  2.519723e+03  3.809151e+03 
 1.312915e-01  9.854566e+02  1.821306e+03  2.484383e+03  3.754607e+03 
 1.331216e-01  9.704219e+02  1.793327e+03  2.445896e+03  3.695364e+03 
 1.349772e-01  9.539909e+02  1.762827e+03  2.404042e+03  3.631234e+03 
 1.368587e-01  9.372020e+02  1.733564e+03  2.366033e+03  3.579046e+03 
 1.387665e-01  9.188292e+02  1.701335e+03  2.323942e+03  3.520589e+03 
 1.407008e-01  8.989084e+02  1.666197e+03  2.277833e+03  3.455926e+03 
 1.426621e-01  8.786015e+02  1.630984e+03  2.231810e+03  3.390935e+03 
 1.446507e-01  8.573307e+02  1.594119e+03  2.183532e+03  3.322257e+03 
 1.466671e-01  8.349906e+02  1.555163e+03  2.132311e+03  3.248935e+03 
 1.487115e-01  8.101362e+02  1.509842e+03  2.071257e+03  3.159052e+03 
 1.507845e-01  7.837453e+02  1.460546e+03  2.004011e+03  3.058637e+03 
 1.528864e-01  7.574090e+02  1.411360e+03  1.936893e+03  2.958305e+03 
 1.550175e-01  7.333791e+02  1.368546e+03  1.880170e+03  2.877082e+03 
 1.571784e-01  7.113599e+02  1.330825e+03  1.831494e+03  2.810202e+03 
 1.593694e-01  6.902820e+02  1.294674e+03  1.784798e+03  2.745929e+03 
 1.615909e-01  6.709999e+02  1.262131e+03  1.743101e+03  2.688949e+03 
 1.638434e-01  6.534245e+02  1.232783e+03  1.705722e+03  2.638234e+03 
 1.661273e-01  6.374884e+02  1.206333e+03  1.672185e+03  2.593090e+03 
 1.684430e-01  6.202699e+02  1.174660e+03  1.629520e+03  2.530923e+03 
 1.707910e-01  6.045877e+02  1.145522e+03  1.590088e+03  2.473269e+03 
 1.731717e-01  5.911741e+02  1.120918e+03  1.557009e+03  2.425203e+03 
 1.755856e-01  5.810816e+02  1.103717e+03  1.534609e+03  2.393108e+03 
 1.780332e-01  5.724810e+02  1.089299e+03  1.516036e+03  2.366907e+03 
 1.805149e-01  5.633130e+02  1.071538e+03  1.490886e+03  2.326630e+03 
 1.830312e-01  5.540480e+02  1.052243e+03  1.462458e+03  2.278968e+03 
 1.855825e-01  5.454808e+02  1.034460e+03  1.436369e+03  2.235542e+03 
 1.881694e-01  5.374005e+02  1.018704e+03  1.414501e+03  2.202182e+03 
 1.907924e-01  5.292053e+02  1.002748e+03  1.392366e+03  2.168426e+03 
 1.934520e-01  5.200653e+02  9.848443e+02  1.367636e+03  2.131781e+03 
 1.961486e-01  5.100100e+02  9.651771e+02  1.340508e+03  2.091792e+03 
 1.988828e-01  5.001590e+02  9.466924e+02  1.315324e+03  2.054623e+03 
 2.016551e-01  4.908984e+02  9.304515e+02  1.293675e+03  2.022640e+03 
 2.044661e-01  4.803830e+02  9.116427e+02  1.268314e+03  1.984624e+03 
 2.073162e-01  4.682726e+02  8.887198e+02  1.236385e+03  1.935012e+03 
 2.102061e-01  4.552673e+02  8.640980e+02  1.202096e+03  1.881694e+03 
 2.131362e-01  4.454016e+02  8.498752e+02  1.185571e+03  1.861229e+03 
 2.161073e-01  4.352526e+02  8.351400e+02  1.168358e+03  1.839695e+03 
 2.191197e-01  4.224569e+02  8.132432e+02  1.140289e+03  1.802033e+03 
 2.221741e-01  4.093742e+02  7.902144e+02  1.110332e+03  1.761309e+03 
 2.252711e-01  3.974619e+02  7.699813e+02  1.084633e+03  1.727299e+03 
 2.284112e-01  3.865983e+02  7.518573e+02  1.061914e+03  1.697792e+03 
 2.315951e-01  3.770000e+02  7.351780e+02  1.039756e+03  1.664841e+03 
 2.348235e-01  3.686317e+02  7.204834e+02  1.019856e+03  1.633964e+03 
 2.380968e-01  3.594217e+02  7.026527e+02  9.949196e+02  1.595602e+03 
 2.414157e-01  3.508798e+02  6.857419e+02  9.711232e+02  1.559175e+03 
 2.447809e-01  3.426590e+02  6.696108e+02  9.487191e+02  1.524750e+03 
 2.481930e-01  3.352450e+02  6.551079e+02  9.286422e+02  1.493965e+03 
 2.516527e-01  3.309741e+02  6.476448e+02  9.183740e+02  1.477605e+03 
 2.551606e-01  3.259735e+02  6.383229e+02  9.054128e+02  1.457413e+03 
 2.587174e-01  3.180276e+02  6.218848e+02  8.821856e+02  1.422316e+03 
 2.623238e-01  3.114013e+02  6.091713e+02  8.646976e+02  1.396390e+03 
 2.659804e-01  3.060611e+02  6.002003e+02  8.530030e+02  1.379691e+03 
 2.696881e-01  2.986678e+02  5.864579e+02  8.343468e+02  1.351519e+03 
 2.734474e-01  2.903485e+02  5.707445e+02  8.128825e+02  1.318850e+03 
 2.772591e-01  2.838834e+02  5.601406e+02  7.997108e+02  1.302116e+03 
 2.811239e-01  2.768158e+02  5.478955e+02  7.840522e+02  1.282143e+03 
 2.850426e-01  2.693214e+02  5.342256e+02  7.661952e+02  1.259780e+03 
 2.890160e-01  2.622932e+02  5.224359e+02  7.511210e+02  1.238592e+03 
 2.930447e-01  2.556521e+02  5.110981e+02  7.360651e+02  1.215443e+03 
 2.971296e-01  2.494104e+02  4.990755e+02  7.181763e+02  1.184227e+03 
 3.012714e-01  2.438188e+02  4.894230e+02  7.054307e+02  1.165477e+03 
 3.054710e-01  2.385448e+02  4.805523e+02  6.943433e+02  1.150980e+03 
 3.097291e-01  2.324821e+02  4.691191e+02  6.790570e+02  1.129488e+03 
 3.140465e-01  2.271302e+02  4.582325e+02  6.633154e+02  1.103446e+03 
 3.184242e-01  2.225102e+02  4.488972e+02  6.497707e+02  1.080956e+03 
 3.228628e-01  2.188299e+02  4.424791e+02  6.414973e+02  1.070556e+03 
 3.273634e-01  2.137543e+02  4.320323e+02  6.263000e+02  1.045874e+03 
 3.319266e-01  2.084519e+02  4.215294e+02  6.116325e+02  1.023585e+03 
 3.365535e-01  2.032633e+02  4.120810e+02  5.993631e+02  1.007102e+03 
 3.412449e-01  1.995256e+02  4.070603e+02  5.934418e+02  9.976763e+02 
 3.460016e-01  1.953583e+02  4.002147e+02  5.846049e+02  9.852325e+02 
 3.508247e-01  1.911791e+02  3.927391e+02  5.745806e+02  9.704284e+02 
 3.557150e-01  1.870522e+02  3.850816e+02  5.641565e+02  9.542255e+02 
 3.606735e-01  1.822869e+02  3.765689e+02  5.529445e+02  9.384733e+02 
 3.657011e-01  1.767456e+02  3.660027e+02  5.383527e+02  9.177854e+02 
 3.707988e-01  1.722824e+02  3.573520e+02  5.264406e+02  8.999388e+02 
 3.759675e-01  1.682805e+02  3.495869e+02  5.156863e+02  8.835850e+02 
 3.812083e-01  1.643112e+02  3.422920e+02  5.057481e+02  8.687537e+02 
 3.865221e-01  1.610477e+02  3.374295e+02  5.001688e+02  8.598186e+02 
 3.919100e-01  1.576696e+02  3.294772e+02  4.879225e+02  8.424818e+02 
 3.973730e-01  1.538934e+02  3.229760e+02  4.797063e+02  8.294037e+02 
 4.029122e-01  1.507832e+02  3.180081e+02  4.728165e+02  8.167119e+02 
 4.085286e-01  1.476864e+02  3.113479e+02  4.631738e+02  8.027018e+02 
 4.142232e-01  1.439245e+02  3.035871e+02  4.527487e+02  7.894430e+02 
 4.199973e-01  1.401555e+02  2.969605e+02  4.442529e+02  7.769428e+02 
 4.258518e-01  1.370661e+02  2.912032e+02  4.360853e+02  7.628823e+02 
 4.317880e-01  1.337983e+02  2.848483e+02  4.266522e+02  7.480769e+02 
 4.378069e-01  1.309245e+02  2.790429e+02  4.182815e+02  7.341266e+02 
 4.439097e-01  1.285433e+02  2.752776e+02  4.136810e+02  7.293926e+02 
 4.500975e-01  1.249826e+02  2.685699e+02  4.044893e+02  7.157259e+02 
 4.563716e-01  1.220149e+02  2.623610e+02  3.954434e+02  6.995990e+02 
 4.627332e-01  1.200859e+02  2.596611e+02  3.925276e+02  6.969093e+02 
 4.691835e-01  1.169654e+02  2.534094e+02  3.835624e+02  6.818921e+02 
 4.757236e-01  1.147250e+02  2.489309e+02  3.773233e+02  6.721348e+02 
 4.823549e-01  1.116469e+02  2.426335e+02  3.683217e+02  6.595548e+02 
 4.890787e-01  1.091420e+02  2.376687e+02  3.615703e+02  6.489753e+02 
 4.958962e-01  1.072015e+02  2.338722e+02  3.556898e+02  6.381064e+02 
 5.028087e-01  1.046458e+02  2.294096e+02  3.496278e+02  6.291073e+02 
 5.098176e-01  1.025900e+02  2.255767e+02  3.441290e+02  6.184353e+02 
 5.169242e-01  1.006986e+02  2.219624e+02  3.391845e+02  6.116978e+02 
 5.241298e-01  9.733487e+01  2.160951e+02  3.318719e+02  6.025488e+02 
 5.314359e-01  9.556087e+01  2.134062e+02  3.282600e+02  5.965428e+02 
 5.388438e-01  9.349046e+01  2.086479e+02  3.210713e+02  5.854327e+02 
 5.463550e-01  9.172305e+01  2.051753e+02  3.159016e+02  5.766582e+02 
 5.539709e-01  8.915371e+01  2.005063e+02  3.099115e+02  5.674104e+02 
 5.616930e-01  8.747112e+01  1.972021e+02  3.052055e+02  5.602990e+02 
 5.695227e-01  8.564239e+01  1.941002e+02  3.013615e+02  5.526136e+02 
 5.774615e-01  8.362364e+01  1.894201e+02  2.942868e+02  5.421490e+02 
 5.855110e-01  8.203646e+01  1.864981e+02  2.898696e+02  5.344532e+02 
 5.936727e-01  8.007063e+01  1.819586e+02  2.834000e+02  5.245736e+02 
 6.019482e-01  7.861434e+01  1.796404e+02  2.797361e+02  5.177808e+02 
 6.103390e-01  7.666564e+01  1.762410e+02  2.753596e+02  5.102272e+02 
 6.188468e-01  7.489836e+01  1.731574e+02  2.723738e+02  5.080299e+02 
 6.274732e-01  7.355255e+01  1.697483e+02  2.664747e+02  4.981339e+02 
 6.362198e-01  7.196426e+01  1.670235e+02  2.625943e+02  4.906309e+02 
 6.450884e-01  7.019731e+01  1.637698e+02  2.580517e+02  4.827151e+02 
 6.540806e-01  6.868022e+01  1.601281e+02  2.524889e+02  4.743681e+02 
 6.631981e-01  6.706458e+01  1.574334e+02  2.495016e+02  4.694216e+02 
 6.724427e-01  6.571047e+01  1.545277e+02  2.453677e+02  4.641367e+02 
 6.818162e-01  6.419816e+01  1.516122e+02  2.403337e+02  4.546548e+02 
 6.913204e-01  6.274622e+01  1.486226e+02  2.364341e+02  4.480819e+02 
 7.009570e-01  6.179432e+01  1.462700e+02  2.329188e+02  4.420404e+02 
 7.107280e-01  6.011224e+01  1.436069e+02  2.292636e+02  4.348882e+02 
 7.206351e-01  5.911425e+01  1.412223e+02  2.259905e+02  4.308242e+02 
 7.306804e-01  5.783448e+01  1.389565e+02  2.222916e+02  4.229766e+02 
 7.408657e-01  5.648768e+01  1.360647e+02  2.181255e+02  4.172047e+02 
 7.511929e-01  5.522435e+01  1.334084e+02  2.146577e+02  4.113637e+02 
 7.616642e-01  5.410611e+01  1.308540e+02  2.109715e+02  4.056691e+02 
 7.722814e-01  5.329710e+01  1.294242e+02  2.085535e+02  3.999691e+02 
 7.830465e-01  5.212743e+01  1.267914e+02  2.047742e+02  3.945096e+02 
 7.939618e-01  5.108740e+01  1.250137e+02  2.019728e+02  3.899113e+02 
 8.050292e-01  4.989340e+01  1.225053e+02  1.989932e+02  3.847536e+02 
 8.162509e-01  4.893969e+01  1.206058e+02  1.956227e+02  3.778196e+02 
 8.276289e-01  4.769341e+01  1.180457e+02  1.921930e+02  3.727334e+02 
 8.391656e-01  4.700856e+01  1.165394e+02  1.893085e+02  3.681174e+02 
 8.508632e-01  4.610351e+01  1.144295e+02  1.865859e+02  3.630850e+02 
 8.627237e-01  4.501276e+01  1.124361e+02  1.835970e+02  3.571088e+02 
 8.747496e-01  4.413243e+01  1.103744e+02  1.806710e+02  3.521936e+02 
 8.869432e-01  4.329769e+01  1.086932e+02  1.780913e+02  3.476978e+02 
 8.993067e-01  4.235061e+01  1.068367e+02  1.752580e+02  3.423807e+02 
 9.118425e-01  4.164857e+01  1.049099e+02  1.721712e+02  3.362146e+02 
 9.245531e-01  4.067504e+01  1.030626e+02  1.693426e+02  3.321508e+02 
 9.374409e-01  3.982830e+01  1.013226e+02  1.669710e+02  3.276572e+02 
 9.505083e-01  3.910271e+01  9.960156e+01  1.643918e+02  3.228268e+02 
 9.637579e-01  3.822223e+01  9.761450e+01  1.613727e+02  3.178816e+02 
 9.771921e-01  3.763126e+01  9.691561e+01  1.597772e+02  3.135887e+02 
 9.908137e-01  3.685250e+01  9.498951e+01  1.570034e+02  3.092122e+02 
 1.004625e+00  3.608915e+01  9.314380e+01  1.542026e+02  3.039452e+02 
 1.018629e+00  3.544293e+01  9.176869e+01  1.519555e+02  2.993790e+02 
 1.032828e+00  3.469587e+01  9.017905e+01  1.498010e+02  2.959353e+02 
 1.047225e+00  3.396077e+01  8.876637e+01  1.473248e+02  2.906906e+02 
 1.061823e+00  3.337381e+01  8.749223e+01  1.452294e+02  2.865507e+02 
 1.076624e+00  3.269721e+01  8.600650e+01  1.429682e+02  2.821633e+02 
 1.091632e+00  3.210729e+01  8.451411e+01  1.408388e+02  2.777530e+02 
 1.106848e+00  3.143361e+01  8.296438e+01  1.385127e+02  2.737610e+02 
 1.122277e+00  3.081956e+01  8.172954e+01  1.361752e+02  2.690788e+02 
 1.137921e+00  3.020697e+01  8.022895e+01  1.339630e+02  2.649615e+02 
 1.153783e+00  2.966089e+01  7.892419e+01  1.318871e+02  2.610666e+02 
 1.169866e+00  2.911279e+01  7.768990e+01  1.298279e+02  2.573524e+02 
 1.186174e+00  2.852830e+01  7.647897e+01  1.277929e+02  2.530922e+02 
 1.202708e+00  2.801131e+01  7.520505e+01  1.258473e+02  2.492482e+02 
 1.219473e+00  2.750256e+01  7.402300e+01  1.239940e+02  2.450020e+02 
 1.236472e+00  2.696847e+01  7.282894e+01  1.221261e+02  2.414329e+02 
 1.253708e+00  2.647776e+01  7.160252e+01  1.199584e+02  2.375841e+02 
 1.271184e+00  2.599358e+01  7.067396e+01  1.184687e+02  2.338766e+02 
 1.288904e+00  2.550230e+01  6.926234e+01  1.162773e+02  2.303577e+02 
 1.306870e+00  2.500627e+01  6.812065e+01  1.143955e+02  2.263543e+02 
 1.325087e+00  2.458270e+01  6.706225e+01  1.126539e+02  2.224819e+02 
 1.343558e+00  2.412588e+01  6.593643e+01  1.108096e+02  2.188453e+02 
 1.362287e+00  2.370207e+01  6.482018e+01  1.088784e+02  2.150972e+02 
 1.381276e+00  2.325096e+01  6.378571e+01  1.069085e+02  2.113933e+02 
 1.400531e+00  2.283760e+01  6.273674e+01  1.052477e+02  2.076447e+02 
 1.420053e+00  2.240329e+01  6.160433e+01  1.035605e+02  2.040277e+02 
 1.439848e+00  2.200344e+01  6.066697e+01  1.017316e+02  2.006085e+02 
 1.459919e+00  2.157842e+01  5.963264e+01  1.000360e+02  1.969210e+02 
 1.480269e+00  2.123776e+01  5.854582e+01  9.822011e+01  1.931514e+02 
 1.500903e+00  2.084770e+01  5.761694e+01  9.653545e+01  1.900841e+02 
 1.521825e+00  2.046023e+01  5.670943e+01  9.499899e+01  1.866167e+02 
 1.543038e+00  2.008078e+01  5.573652e+01  9.344916e+01  1.835036e+02 
 1.564548e+00  1.975141e+01  5.481287e+01  9.182153e+01  1.800382e+02 
 1.586357e+00  1.940102e+01  5.393847e+01  9.025992e+01  1.767220e+02 
 1.608469e+00  1.903333e+01  5.302808e+01  8.868947e+01  1.736591e+02 
 1.630891e+00  1.875023e+01  5.204605e+01  8.695509e+01  1.701031e+02 
 1.653624e+00  1.838881e+01  5.114323e+01  8.551519e+01  1.672125e+02 
 1.676675e+00  1.805636e+01  5.034501e+01  8.405933e+01  1.639173e+02 
 1.700047e+00  1.773109e+01  4.948653e+01  8.253846e+01  1.608718e+02 
 1.723745e+00  1.743852e+01  4.859613e+01  8.104734e+01  1.575880e+02 
 1.747773e+00  1.710481e+01  4.771977e+01  7.952698e+01  1.545033e+02 
 1.772136e+00  1.680426e+01  4.690231e+01  7.804382e+01  1.516192e+02 
 1.796838e+00  1.651532e+01  4.606025e+01  7.660906e+01  1.485883e+02 
 1.821885e+00  1.625207e+01  4.524213e+01  7.514714e+01  1.457062e+02 
 1.847281e+00  1.595105e+01  4.450342e+01  7.383947e+01  1.428223e+02 
 1.873032e+00  1.567685e+01  4.369126e+01  7.232279e+01  1.400005e+02 
 1.899141e+00  1.540044e+01  4.286523e+01  7.099294e+01  1.371969e+02 
 1.925614e+00  1.514420e+01  4.211995e+01  6.967653e+01  1.343277e+02 
 1.952456e+00  1.491975e+01  4.141178e+01  6.839266e+01  1.315859e+02 
 1.979672e+00  1.462806e+01  4.069284e+01  6.709135e+01  1.289182e+02 
 2.007267e+00  1.439294e+01  3.994753e+01  6.570529e+01  1.263219e+02 
 2.035248e+00  1.412905e+01  3.917826e+01  6.440463e+01  1.235958e+02 
 2.063618e+00  1.388154e+01  3.843151e+01  6.311981e+01  1.209414e+02 
 2.092383e+00  1.364832e+01  3.771442e+01  6.183069e+01  1.183564e+02 
 2.121550e+00  1.340082e+01  3.698961e+01  6.058661e+01  1.158111e+02 
 2.151123e+00  1.317223e+01  3.630212e+01  5.932823e+01  1.132331e+02 
 2.181109e+00  1.293837e+01  3.557997e+01  5.811732e+01  1.108198e+02 
 2.211512e+00  1.271666e+01  3.487700e+01  5.687165e+01  1.082778e+02 
 2.242340e+00  1.249468e+01  3.423628e+01  5.572050e+01  1.059206e+02 
 2.273597e+00  1.226423e+01  3.356870e+01  5.450666e+01  1.035494e+02 
 2.305289e+00  1.206522e+01  3.290362e+01  5.337920e+01  1.012587e+02 
 2.337424e+00  1.185734e+01  3.224498e+01  5.222703e+01  9.902290e+01 
 2.370006e+00  1.164640e+01  3.160746e+01  5.112814e+01  9.682538e+01 
 2.403043e+00  1.143123e+01  3.098630e+01  5.000471e+01  9.459763e+01 
 2.436540e+00  1.124114e+01  3.038160e+01  4.894001e+01  9.243268e+01 
 2.470504e+00  1.104406e+01  2.977289e+01  4.785653e+01  9.030396e+01 
 2.504942e+00  1.085207e+01  2.918432e+01  4.682973e+01  8.824952e+01 
 2.539859e+00  1.066847e+01  2.857716e+01  4.577754e+01  8.615239e+01 
 2.575263e+00  1.047001e+01  2.797200e+01  4.478922e+01  8.418914e+01 
 2.611161e+00  1.029097e+01  2.740084e+01  4.375195e+01  8.220864e+01 
 2.647559e+00  1.010796e+01  2.682388e+01  4.274436e+01  8.021922e+01 
 2.684465e+00  9.927055e+00  2.627555e+01  4.177122e+01  7.830508e+01 
 2.721885e+00  9.741582e+00  2.569028e+01  4.081254e+01  7.643295e+01 
 2.759826e+00  9.568168e+00  2.513123e+01  3.985544e+01  7.459135e+01 
 2.798297e+00  9.392062e+00  2.459770e+01  3.893009e+01  7.282560e+01 
 2.837304e+00  9.222716e+00  2.406107e+01  3.802003e+01  7.106286e+01 
 2.876854e+00  9.053000e+00  2.353032e+01  3.712557e+01  6.934765e+01 
 2.916956e+00  8.888959e+00  2.302321e+01  3.625405e+01  6.762657e+01 
 2.957617e+00  8.729194e+00  2.252245e+01  3.541253e+01  6.598809e+01 
 2.998844e+00  8.569245e+00  2.203098e+01  3.457275e+01  6.437251e+01 
 3.040646e+00  8.411977e+00  2.153984e+01  3.374172e+01  6.283639e+01 
 3.083031e+00  8.258422e+00  2.105428e+01  3.293916e+01  6.129275e+01 
 3.126007e+00  8.108575e+00  2.059452e+01  3.215347e+01  5.976972e+01 
 3.169582e+00  7.956909e+00  2.011807e+01  3.135768e+01  5.829044e+01 
 3.213764e+00  7.807778e+00  1.966110e+01  3.059656e+01  5.684164e+01 
 3.258562e+00  7.658405e+00  1.921714e+01  2.984973e+01  5.541699e+01 
 3.303985e+00  7.513212e+00  1.876417e+01  2.910947e+01  5.402444e+01 
 3.350041e+00  7.370876e+00  1.832139e+01  2.838433e+01  5.265776e+01 
 3.396739e+00  7.227192e+00  1.789204e+01  2.768464e+01  5.131024e+01 
 3.444087e+00  7.088624e+00  1.746685e+01  2.697567e+01  5.000483e+01 
 3.492096e+00  6.952159e+00  1.705693e+01  2.630907e+01  4.874780e+01 
 3.540774e+00  6.812477e+00  1.665336e+01  2.565215e+01  4.750805e+01 
 3.590130e+00  6.681243e+00  1.625404e+01  2.500128e+01  4.630731e+01 
 3.640175e+00  6.551568e+00  1.586744e+01  2.438182e+01  4.513198e+01 
 3.690917e+00  6.421079e+00  1.549576e+01  2.375556e+01  4.397845e+01 
 3.742366e+00  6.294423e+00  1.511579e+01  2.316162e+01  4.287313e+01 
 3.794533e+00  6.171683e+00  1.475683e+01  2.257949e+01  4.177977e+01 
 3.847427e+00  6.048268e+00  1.439863e+01  2.200517e+01  4.072476e+01 
 3.901058e+00  5.925435e+00  1.405008e+01  2.144955e+01  3.967690e+01 
 3.955436e+00  5.809403e+00  1.370732e+01  2.089299e+01  3.865041e+01 
 4.010573e+00  5.688528e+00  1.336903e+01  2.036246e+01  3.766499e+01 
 4.066478e+00  5.571368e+00  1.303418e+01  1.983359e+01  3.668411e+01 
 4.123163e+00  5.455303e+00  1.271337e+01  1.931893e+01  3.572676e+01 
 4.180637e+00  5.343071e+00  1.239820e+01  1.882026e+01  3.479339e+01 
 4.238913e+00  5.230938e+00  1.208451e+01  1.832765e+01  3.389151e+01 
 4.298001e+00  5.118618e+00  1.178040e+01  1.785254e+01  3.300427e+01 
 4.357913e+00  5.013024e+00  1.148280e+01  1.738890e+01  3.215063e+01 
 4.418660e+00  4.906099e+00  1.119657e+01  1.693398e+01  3.131958e+01 
 4.480254e+00  4.800651e+00  1.091337e+01  1.649358e+01  3.050457e+01 
 4.542706e+00  4.699359e+00  1.063684e+01  1.606352e+01  2.971312e+01 
 4.606029e+00  4.598292e+00  1.037119e+01  1.564754e+01  2.894947e+01 
 4.670234e+00  4.499116e+00  1.010970e+01  1.524700e+01  2.820532e+01 
 4.735335e+00  4.402654e+00  9.856016e+00  1.485185e+01  2.747585e+01 
 4.801343e+00  4.308982e+00  9.609234e+00  1.446822e+01  2.676189e+01 
 4.868271e+00  4.214759e+00  9.364761e+00  1.409084e+01  2.606657e+01 
 4.936132e+00  4.122449e+00  9.125325e+00  1.372203e+01  2.538664e+01 
 5.004939e+00  4.030876e+00  8.892015e+00  1.336243e+01  2.472050e+01 
 5.074705e+00  3.940437e+00  8.663547e+00  1.300946e+01  2.407298e+01 
 5.145444e+00  3.853027e+00  8.440340e+00  1.266713e+01  2.343967e+01 
 5.217169e+00  3.765467e+00  8.221379e+00  1.233170e+01  2.281728e+01 
 5.289893e+00  3.681507e+00  8.009410e+00  1.200936e+01  2.222035e+01 
 5.363631e+00  3.597022e+00  7.802260e+00  1.169033e+01  2.163359e+01 
 5.438397e+00  3.515650e+00  7.599786e+00  1.138283e+01  2.106175e+01 
 5.514206e+00  3.435547e+00  7.403627e+00  1.108331e+01  2.050914e+01 
 5.591071e+00  3.356258e+00  7.213136e+00  1.079214e+01  1.997042e+01 
 5.669007e+00  3.280444e+00  7.027449e+00  1.051015e+01  1.945083e+01 
 5.748030e+00  3.205337e+00  6.846871e+00  1.023462e+01  1.894017e+01 
 5.828155e+00  3.131892e+00  6.671429e+00  9.968365e+00  1.844607e+01 
 5.909396e+00  3.060048e+00  6.500250e+00  9.708767e+00  1.796647e+01 
 5.991770e+00  2.989381e+00  6.333003e+00  9.454423e+00  1.749803e+01 
 6.075292e+00  2.920194e+00  6.170254e+00  9.207673e+00  1.703662e+01 
 6.159978e+00  2.852021e+00  6.010161e+00  8.965689e+00  1.658867e+01 
 6.245845e+00  2.785225e+00  5.854189e+00  8.729695e+00  1.614988e+01 
 6.332908e+00  2.719347e+00  5.701242e+00  8.498348e+00  1.571953e+01 
 6.421186e+00  2.655132e+00  5.552687e+00  8.272751e+00  1.530076e+01 
 6.510694e+00  2.591905e+00  5.407588e+00  8.053701e+00  1.489343e+01 
 6.601449e+00  2.530544e+00  5.266619e+00  7.840378e+00  1.449594e+01 
 6.693470e+00  2.469868e+00  5.128833e+00  7.632009e+00  1.410869e+01 
 6.786773e+00  2.411026e+00  4.994884e+00  7.429534e+00  1.373342e+01 
 6.881377e+00  2.353700e+00  4.865038e+00  7.233273e+00  1.336697e+01 
 6.977300e+00  2.297534e+00  4.739005e+00  7.043722e+00  1.301161e+01 
 7.074559e+00  2.243176e+00  4.616198e+00  6.858004e+00  1.266573e+01 
 7.173175e+00  2.189733e+00  4.497215e+00  6.677946e+00  1.233071e+01 
 7.273165e+00  2.137962e+00  4.381411e+00  6.503705e+00  1.200476e+01 
 7.374549e+00  2.087065e+00  4.268402e+00  6.333383e+00  1.168799e+01 
 7.477346e+00  2.037312e+00  4.158659e+00  6.168305e+00  1.137779e+01 
 7.581576e+00  1.988849e+00  4.050887e+00  6.005997e+00  1.107506e+01 
 7.687260e+00  1.941090e+00  3.946038e+00  5.847789e+00  1.077955e+01 
 7.794416e+00  1.894388e+00  3.843639e+00  5.692564e+00  1.048980e+01 
 7.903066e+00  1.848740e+00  3.742946e+00  5.541036e+00  1.020642e+01 
 8.013230e+00  1.804028e+00  3.645560e+00  5.394394e+00  9.931120e+00 
 8.124930e+00  1.760298e+00  3.550378e+00  5.251010e+00  9.662266e+00 
 8.238187e+00  1.717844e+00  3.457674e+00  5.111152e+00  9.400495e+00 
 8.353023e+00  1.676257e+00  3.367557e+00  4.975304e+00  9.145727e+00 
 8.469460e+00  1.635857e+00  3.280087e+00  4.843578e+00  8.898591e+00 
 8.587519e+00  1.596570e+00  3.194915e+00  4.715234e+00  8.658261e+00 
 8.707225e+00  1.558278e+00  3.112149e+00  4.590927e+00  8.425087e+00 
 8.828599e+00  1.521075e+00  3.032151e+00  4.470343e+00  8.198364e+00 
 8.951665e+00  1.484727e+00  2.954486e+00  4.352961e+00  7.978992e+00 
 9.076446e+00  1.449557e+00  2.878855e+00  4.239308e+00  7.765605e+00 
 9.202967e+00  1.415187e+00  2.805324e+00  4.128853e+00  7.557886e+00 
 9.331251e+00  1.381629e+00  2.733624e+00  4.020814e+00  7.355568e+00 
 9.461324e+00  0.000000e+00  0.000000e+00  0.000000e+00  0.000000e+00 
 9.593209e+00  0.000000e+00  0.000000e+00  0.000000e+00  0.000000e+00 
 9.726934e+00  0.000000e+00  0.000000e+00  0.000000e+00  0.000000e+00 
 9.862522e+00  0.000000e+00  0.000000e+00  0.000000e+00  0.000000e+00 
 1.000000e+01  0.000000e+00  0.000000e+00  0.000000e+00  0.000000e+00 
