1.000000e-02 2.214717e+04 4.380012e+04 5.918003e+04 9.213555e+04 
1.013939e-02 2.238637e+04 4.341486e+04 5.886843e+04 9.268987e+04 
1.028073e-02 2.255542e+04 4.290433e+04 5.852326e+04 9.267010e+04 
1.042404e-02 2.265735e+04 4.227771e+04 5.814518e+04 9.209468e+04 
1.056935e-02 2.269949e+04 4.155076e+04 5.773626e+04 9.100029e+04 
1.071668e-02 2.269231e+04 4.074324e+04 5.729957e+04 8.944117e+04 
1.086606e-02 2.264786e+04 3.987714e+04 5.683894e+04 8.748832e+04 
1.101753e-02 2.257819e+04 3.897505e+04 5.635871e+04 8.522801e+04 
1.117111e-02 2.249398e+04 3.805968e+04 5.586324e+04 8.275912e+04 
1.132683e-02 2.240352e+04 3.715309e+04 5.535678e+04 8.018849e+04 
1.148472e-02 2.231227e+04 3.627700e+04 5.484327e+04 7.762558e+04 
1.164481e-02 2.222291e+04 3.545217e+04 5.432613e+04 7.517569e+04 
1.180713e-02 2.213587e+04 3.469826e+04 5.380827e+04 7.293363e+04 
1.197171e-02 2.205009e+04 3.403287e+04 5.329213e+04 7.097828e+04 
1.213859e-02 2.196396e+04 3.347078e+04 5.277946e+04 6.936859e+04 
1.230780e-02 2.187606e+04 3.302285e+04 5.227172e+04 6.814119e+04 
1.247936e-02 2.178572e+04 3.269510e+04 5.177002e+04 6.730984e+04 
1.265332e-02 2.169319e+04 3.248802e+04 5.127529e+04 6.686590e+04 
1.282970e-02 2.159938e+04 3.239607e+04 5.078820e+04 6.677968e+04 
1.300854e-02 2.150543e+04 3.240758e+04 5.030949e+04 6.700247e+04 
1.318987e-02 2.141209e+04 3.250545e+04 4.983965e+04 6.746922e+04 
1.337373e-02 2.131919e+04 3.266784e+04 4.937901e+04 6.810177e+04 
1.356015e-02 2.122536e+04 3.286992e+04 4.892768e+04 6.881348e+04 
1.374917e-02 2.112807e+04 3.308574e+04 4.848537e+04 6.951481e+04 
1.394083e-02 2.102394e+04 3.329056e+04 4.805147e+04 7.011998e+04 
1.413516e-02 2.090933e+04 3.346294e+04 4.762500e+04 7.055365e+04 
1.433219e-02 2.078098e+04 3.358668e+04 4.720458e+04 7.075743e+04 
1.453198e-02 2.063655e+04 3.365204e+04 4.678857e+04 7.069455e+04 
1.473454e-02 2.047496e+04 3.365641e+04 4.637528e+04 7.035210e+04 
1.493993e-02 2.029646e+04 3.360365e+04 4.596274e+04 6.974024e+04 
1.514819e-02 2.010241e+04 3.350310e+04 4.554913e+04 6.888898e+04 
1.535935e-02 1.989491e+04 3.336789e+04 4.513270e+04 6.784222e+04 
1.557345e-02 1.967643e+04 3.321284e+04 4.471177e+04 6.665116e+04 
1.579053e-02 1.944941e+04 3.305253e+04 4.428474e+04 6.536714e+04 
1.601064e-02 1.921623e+04 3.289972e+04 4.384994e+04 6.403604e+04 
1.623382e-02 1.897916e+04 3.276425e+04 4.340581e+04 6.269427e+04 
1.646012e-02 1.874070e+04 3.265260e+04 4.295061e+04 6.136695e+04 
1.668956e-02 1.850374e+04 3.256781e+04 4.248241e+04 6.006820e+04 
1.692220e-02 1.827181e+04 3.250983e+04 4.199925e+04 5.880300e+04 
1.715809e-02 1.804898e+04 3.247607e+04 4.149901e+04 5.757001e+04 
1.739726e-02 1.783958e+04 3.246168e+04 4.097954e+04 5.636430e+04 
1.763977e-02 1.764749e+04 3.245966e+04 4.043883e+04 5.517977e+04 
1.788566e-02 1.747545e+04 3.246101e+04 3.987518e+04 5.401077e+04 
1.813498e-02 1.732414e+04 3.245447e+04 3.928728e+04 5.285271e+04 
1.838777e-02 1.719161e+04 3.242662e+04 3.867451e+04 5.170187e+04 
1.864409e-02 1.707286e+04 3.236197e+04 3.803702e+04 5.055497e+04 
1.890397e-02 1.696001e+04 3.224394e+04 3.737585e+04 4.940871e+04 
1.916748e-02 1.684287e+04 3.205591e+04 3.669302e+04 4.825963e+04 
1.943467e-02 1.670986e+04 3.178275e+04 3.599127e+04 4.710443e+04 
1.970558e-02 1.654935e+04 3.141282e+04 3.527402e+04 4.594083e+04 
1.998026e-02 1.635100e+04 3.093948e+04 3.454518e+04 4.476868e+04 
2.025878e-02 1.610710e+04 3.036245e+04 3.380890e+04 4.359096e+04 
2.054117e-02 1.581362e+04 2.968846e+04 3.306926e+04 4.241441e+04 
2.082751e-02 1.547084e+04 2.893102e+04 3.233019e+04 4.124962e+04 
2.111783e-02 1.508358e+04 2.810949e+04 3.159523e+04 4.011065e+04 
2.141220e-02 1.466082e+04 2.724732e+04 3.086750e+04 3.901398e+04 
2.171068e-02 1.421489e+04 2.636983e+04 3.014952e+04 3.797698e+04 
2.201331e-02 1.376029e+04 2.550189e+04 2.944335e+04 3.701662e+04 
2.232016e-02 1.331215e+04 2.466561e+04 2.875059e+04 3.614806e+04 
2.263130e-02 1.288474e+04 2.387859e+04 2.807241e+04 3.538342e+04 
2.294676e-02 1.248998e+04 2.315258e+04 2.740971e+04 3.473069e+04 
2.326663e-02 1.213627e+04 2.249295e+04 2.676310e+04 3.419300e+04 
2.359095e-02 1.182766e+04 2.189891e+04 2.613307e+04 3.376810e+04 
2.391980e-02 1.156371e+04 2.136428e+04 2.551995e+04 3.344796e+04 
2.425323e-02 1.133968e+04 2.087888e+04 2.492387e+04 3.321864e+04 
2.459130e-02 1.114735e+04 2.043019e+04 2.434491e+04 3.306099e+04 
2.493409e-02 1.097618e+04 2.000502e+04 2.378299e+04 3.295175e+04 
2.528166e-02 1.081461e+04 1.959112e+04 2.323800e+04 3.286524e+04 
2.563407e-02 1.065143e+04 1.917831e+04 2.270969e+04 3.277552e+04 
2.599140e-02 1.047696e+04 1.875927e+04 2.219780e+04 3.265895e+04 
2.635371e-02 1.028396e+04 1.832978e+04 2.170209e+04 3.249646e+04 
2.672106e-02 1.006822e+04 1.788870e+04 2.122231e+04 3.227528e+04 
2.709354e-02 9.828710e+03 1.743749e+04 2.075823e+04 3.198986e+04 
2.747121e-02 9.567474e+03 1.697974e+04 2.030970e+04 3.164200e+04 
2.785414e-02 9.289143e+03 1.652052e+04 1.987669e+04 3.123998e+04 
2.824241e-02 9.000267e+03 1.606571e+04 1.945923e+04 3.079676e+04 
2.863610e-02 8.708501e+03 1.562135e+04 1.905734e+04 3.032795e+04 
2.903527e-02 8.421750e+03 1.519312e+04 1.867105e+04 2.984976e+04 
2.944000e-02 8.147384e+03 1.478578e+04 1.830030e+04 2.937705e+04 
2.985038e-02 7.891575e+03 1.440280e+04 1.794477e+04 2.892173e+04 
3.026648e-02 7.658874e+03 1.404619e+04 1.760404e+04 2.849201e+04 
3.068838e-02 7.452006e+03 1.371638e+04 1.727745e+04 2.809212e+04 
3.111616e-02 7.271863e+03 1.341235e+04 1.696424e+04 2.772242e+04 
3.154990e-02 7.117686e+03 1.313181e+04 1.666340e+04 2.737982e+04 
3.198969e-02 6.987387e+03 1.287152e+04 1.637390e+04 2.705858e+04 
3.243561e-02 6.877917e+03 1.262769e+04 1.609459e+04 2.675109e+04 
3.288774e-02 6.785640e+03 1.239630e+04 1.582428e+04 2.644867e+04 
3.334618e-02 6.706698e+03 1.217351e+04 1.556175e+04 2.614231e+04 
3.381101e-02 6.637308e+03 1.195601e+04 1.530589e+04 2.582354e+04 
3.428231e-02 6.573967e+03 1.174123e+04 1.505567e+04 2.548496e+04 
3.476019e-02 6.513572e+03 1.152753e+04 1.481027e+04 2.512070e+04 
3.524473e-02 6.453482e+03 1.131416e+04 1.456899e+04 2.472634e+04 
3.573602e-02 6.391541e+03 1.110127e+04 1.433131e+04 2.429929e+04 
3.623416e-02 6.326063e+03 1.088974e+04 1.409684e+04 2.383856e+04 
3.673925e-02 6.255834e+03 1.068099e+04 1.386539e+04 2.334481e+04 
3.725137e-02 6.180132e+03 1.047674e+04 1.363683e+04 2.281996e+04 
3.777064e-02 6.098707e+03 1.027885e+04 1.341123e+04 2.226750e+04 
3.829714e-02 6.011765e+03 1.008900e+04 1.318873e+04 2.169212e+04 
3.883098e-02 5.919901e+03 9.908512e+03 1.296957e+04 2.109960e+04 
3.937226e-02 5.824001e+03 9.738140e+03 1.275394e+04 2.049645e+04 
3.992109e-02 5.725075e+03 9.577886e+03 1.254196e+04 1.988969e+04 
4.047757e-02 5.624124e+03 9.426968e+03 1.233367e+04 1.928653e+04 
4.104181e-02 5.522027e+03 9.283899e+03 1.212907e+04 1.869412e+04 
4.161391e-02 5.419431e+03 9.146578e+03 1.192806e+04 1.811915e+04 
4.219398e-02 5.316687e+03 9.012497e+03 1.173057e+04 1.756760e+04 
4.278214e-02 5.213839e+03 8.878976e+03 1.153652e+04 1.704446e+04 
4.337850e-02 5.110686e+03 8.743404e+03 1.134584e+04 1.655337e+04 
4.398317e-02 5.006877e+03 8.603506e+03 1.115845e+04 1.609642e+04 
4.459628e-02 4.902065e+03 8.457594e+03 1.097438e+04 1.567425e+04 
4.521792e-02 4.796018e+03 8.304693e+03 1.079369e+04 1.528603e+04 
4.584824e-02 4.688730e+03 8.144610e+03 1.061646e+04 1.492952e+04 
4.648734e-02 4.580498e+03 7.977939e+03 1.044280e+04 1.460142e+04 
4.713535e-02 4.471944e+03 7.806007e+03 1.027285e+04 1.429784e+04 
4.779239e-02 4.363984e+03 7.630726e+03 1.010678e+04 1.401466e+04 
4.845859e-02 4.257684e+03 7.454294e+03 9.944598e+03 1.374763e+04 
4.913407e-02 4.154163e+03 7.279013e+03 9.786138e+03 1.349271e+04 
4.981898e-02 4.054547e+03 7.107236e+03 9.631246e+03 1.324663e+04 
5.051342e-02 3.959861e+03 6.941220e+03 9.479796e+03 1.300693e+04 
5.121755e-02 3.870944e+03 6.782958e+03 9.331600e+03 1.277189e+04 
5.193150e-02 3.788377e+03 6.634118e+03 9.186468e+03 1.254053e+04 
5.265540e-02 3.712495e+03 6.496027e+03 9.044263e+03 1.231246e+04 
5.338938e-02 3.643394e+03 6.369695e+03 8.904986e+03 1.208801e+04 
5.413360e-02 3.580911e+03 6.255670e+03 8.768561e+03 1.186760e+04 
5.488820e-02 3.524641e+03 6.154058e+03 8.634887e+03 1.165185e+04 
5.565331e-02 3.473985e+03 6.064507e+03 8.503822e+03 1.144153e+04 
5.642908e-02 3.428187e+03 5.986220e+03 8.375210e+03 1.123761e+04 
5.721568e-02 3.386368e+03 5.917921e+03 8.248767e+03 1.104101e+04 
5.801323e-02 3.347577e+03 5.857949e+03 8.124202e+03 1.085292e+04 
5.882190e-02 3.310824e+03 5.804293e+03 8.001190e+03 1.067461e+04 
5.964185e-02 3.275117e+03 5.754716e+03 7.879409e+03 1.050742e+04 
6.047322e-02 3.239494e+03 5.706811e+03 7.758442e+03 1.035236e+04 
6.131619e-02 3.203076e+03 5.658237e+03 7.637941e+03 1.021018e+04 
6.217090e-02 3.165132e+03 5.606889e+03 7.517683e+03 1.008121e+04 
6.303753e-02 3.125058e+03 5.550975e+03 7.397496e+03 9.965051e+03 
6.391624e-02 3.082380e+03 5.489053e+03 7.277148e+03 9.860296e+03 
6.480720e-02 3.036768e+03 5.420139e+03 7.156444e+03 9.764691e+03 
6.571058e-02 2.988048e+03 5.343745e+03 7.035230e+03 9.675249e+03 
6.662655e-02 2.936224e+03 5.259900e+03 6.913444e+03 9.588527e+03 
6.755528e-02 2.881430e+03 5.169011e+03 6.790979e+03 9.500679e+03 
6.849697e-02 2.823918e+03 5.071813e+03 6.667744e+03 9.407950e+03 
6.945178e-02 2.764020e+03 4.969260e+03 6.543658e+03 9.306959e+03 
7.041990e-02 2.702175e+03 4.862492e+03 6.418714e+03 9.195062e+03 
7.140151e-02 2.638891e+03 4.752734e+03 6.292977e+03 9.070482e+03 
7.239681e-02 2.574663e+03 4.641171e+03 6.166526e+03 8.932394e+03 
7.340598e-02 2.509947e+03 4.528874e+03 6.039444e+03 8.780871e+03 
7.442922e-02 2.445154e+03 4.416785e+03 5.911815e+03 8.616750e+03 
7.546673e-02 2.380668e+03 4.305763e+03 5.783798e+03 8.441575e+03 
7.651869e-02 2.316817e+03 4.196532e+03 5.655585e+03 8.257373e+03 
7.758532e-02 2.253865e+03 4.089674e+03 5.527378e+03 8.066425e+03 
7.866682e-02 2.192035e+03 3.985616e+03 5.399353e+03 7.870967e+03 
7.976339e-02 2.131525e+03 3.884686e+03 5.271729e+03 7.673166e+03 
8.087525e-02 2.072519e+03 3.787096e+03 5.144772e+03 7.475027e+03 
8.200261e-02 2.015173e+03 3.692944e+03 5.018793e+03 7.278344e+03 
8.314568e-02 1.959609e+03 3.602184e+03 4.894075e+03 7.084492e+03 
8.430468e-02 1.905906e+03 3.514627e+03 4.770882e+03 6.894494e+03 
8.547985e-02 1.854110e+03 3.430012e+03 4.649527e+03 6.709135e+03 
8.667139e-02 1.804245e+03 3.348055e+03 4.530398e+03 6.529072e+03 
8.787954e-02 1.756292e+03 3.268413e+03 4.413834e+03 6.354605e+03 
8.910453e-02 1.710190e+03 3.190739e+03 4.300171e+03 6.185877e+03 
9.034660e-02 1.665872e+03 3.114763e+03 4.189795e+03 6.022993e+03 
9.160598e-02 1.623275e+03 3.040340e+03 4.083153e+03 5.866126e+03 
9.288292e-02 1.582301e+03 2.967317e+03 3.980525e+03 5.715180e+03 
9.417766e-02 1.542864e+03 2.895663e+03 3.882190e+03 5.570151e+03 
9.549045e-02 1.504931e+03 2.825506e+03 3.788455e+03 5.431210e+03 
9.682153e-02 1.468533e+03 2.757130e+03 3.699665e+03 5.298779e+03 
9.817117e-02 1.433682e+03 2.690786e+03 3.615928e+03 5.173040e+03 
9.953962e-02 1.400415e+03 2.626773e+03 3.537274e+03 5.054245e+03 
1.009272e-01 1.368824e+03 2.565467e+03 3.463727e+03 4.942754e+03 
1.023340e-01 1.339040e+03 2.507297e+03 3.395305e+03 4.838995e+03 
1.037605e-01 1.311147e+03 2.452538e+03 3.331767e+03 4.742987e+03 
1.052069e-01 1.285198e+03 2.401394e+03 3.272782e+03 4.654603e+03 
1.066734e-01 1.261246e+03 2.354020e+03 3.217999e+03 4.573603e+03 
1.081604e-01 1.239308e+03 2.310483e+03 3.167032e+03 4.499606e+03 
1.096681e-01 1.219335e+03 2.270681e+03 3.119361e+03 4.431901e+03 
1.111968e-01 1.201215e+03 2.234394e+03 3.074445e+03 4.369669e+03 
1.127468e-01 1.184774e+03 2.201274e+03 3.031712e+03 4.311993e+03 
1.143184e-01 1.169777e+03 2.170860e+03 2.990594e+03 4.257917e+03 
1.159120e-01 1.155927e+03 2.142579e+03 2.950483e+03 4.206411e+03 
1.175277e-01 1.142860e+03 2.115749e+03 2.910750e+03 4.156451e+03 
1.191660e-01 1.130175e+03 2.089642e+03 2.870795e+03 4.107088e+03 
1.208271e-01 1.117486e+03 2.063579e+03 2.830117e+03 4.057552e+03 
1.225114e-01 1.104391e+03 2.036848e+03 2.788182e+03 4.007028e+03 
1.242191e-01 1.090494e+03 2.008787e+03 2.744480e+03 3.954745e+03 
1.259506e-01 1.075513e+03 1.978936e+03 2.698720e+03 3.900235e+03 
1.277063e-01 1.059219e+03 1.946935e+03 2.650651e+03 3.843023e+03 
1.294865e-01 1.041434e+03 1.912504e+03 2.600035e+03 3.782587e+03 
1.312915e-01 1.022143e+03 1.875649e+03 2.546931e+03 3.718778e+03 
1.331216e-01 1.001422e+03 1.836531e+03 2.491546e+03 3.651624e+03 
1.349772e-01 9.793880e+02 1.795357e+03 2.434099e+03 3.581122e+03 
1.368587e-01 9.562383e+02 1.752468e+03 2.374965e+03 3.507494e+03 
1.387665e-01 9.322082e+02 1.708264e+03 2.314609e+03 3.431129e+03 
1.407008e-01 9.075445e+02 1.663172e+03 2.253548e+03 3.352541e+03 
1.426621e-01 8.824907e+02 1.617603e+03 2.192296e+03 3.272302e+03 
1.446507e-01 8.572974e+02 1.571989e+03 2.131406e+03 3.191124e+03 
1.466671e-01 8.322165e+02 1.526773e+03 2.071457e+03 3.109843e+03 
1.487115e-01 8.075025e+02 1.482413e+03 2.013041e+03 3.029398e+03 
1.507845e-01 7.834224e+02 1.439374e+03 1.956745e+03 2.950781e+03 
1.528864e-01 7.602278e+02 1.398095e+03 1.903100e+03 2.874955e+03 
1.550175e-01 7.381703e+02 1.359006e+03 1.852609e+03 2.802872e+03 
1.571784e-01 7.174888e+02 1.322509e+03 1.805721e+03 2.735425e+03 
1.593694e-01 6.983245e+02 1.288811e+03 1.762615e+03 2.673086e+03 
1.615909e-01 6.808005e+02 1.258081e+03 1.723423e+03 2.616247e+03 
1.638434e-01 6.649189e+02 1.230272e+03 1.687996e+03 2.564842e+03 
1.661273e-01 6.505941e+02 1.205183e+03 1.655996e+03 2.518485e+03 
1.684430e-01 6.376877e+02 1.182513e+03 1.626971e+03 2.476596e+03 
1.707910e-01 6.259967e+02 1.161862e+03 1.600359e+03 2.438387e+03 
1.731717e-01 6.152882e+02 1.142788e+03 1.575567e+03 2.403000e+03 
1.755856e-01 6.053290e+02 1.124868e+03 1.552046e+03 2.369616e+03 
1.780332e-01 5.958604e+02 1.107642e+03 1.529213e+03 2.337365e+03 
1.805149e-01 5.866344e+02 1.090688e+03 1.506554e+03 2.305455e+03 
1.830312e-01 5.773982e+02 1.073592e+03 1.483562e+03 2.273111e+03 
1.855825e-01 5.679116e+02 1.055971e+03 1.459781e+03 2.239621e+03 
1.881694e-01 5.579423e+02 1.037462e+03 1.434769e+03 2.204314e+03 
1.907924e-01 5.473234e+02 1.017818e+03 1.408237e+03 2.166750e+03 
1.934520e-01 5.359587e+02 9.969143e+02 1.380051e+03 2.126728e+03 
1.961486e-01 5.238526e+02 9.747969e+02 1.350296e+03 2.084392e+03 
1.988828e-01 5.111208e+02 9.516941e+02 1.319291e+03 2.040261e+03 
2.016551e-01 4.979441e+02 9.279394e+02 1.287492e+03 1.995049e+03 
2.044661e-01 4.845653e+02 9.039649e+02 1.255474e+03 1.949636e+03 
2.073162e-01 4.712209e+02 8.801820e+02 1.223780e+03 1.904843e+03 
2.102061e-01 4.581371e+02 8.569755e+02 1.192912e+03 1.861418e+03 
2.131362e-01 4.455057e+02 8.346661e+02 1.163284e+03 1.819947e+03 
2.161073e-01 4.334953e+02 8.135308e+02 1.135247e+03 1.780896e+03 
2.191197e-01 4.222434e+02 7.937898e+02 1.109079e+03 1.744633e+03 
2.221741e-01 4.118555e+02 7.756082e+02 1.084986e+03 1.711422e+03 
2.252711e-01 4.023659e+02 7.590301e+02 1.063013e+03 1.681274e+03 
2.284112e-01 3.937492e+02 7.440002e+02 1.043070e+03 1.653995e+03 
2.315951e-01 3.858987e+02 7.303279e+02 1.024890e+03 1.629150e+03 
2.348235e-01 3.786540e+02 7.177335e+02 1.008091e+03 1.606135e+03 
2.380968e-01 3.718165e+02 7.058751e+02 9.922129e+02 1.584227e+03 
2.414157e-01 3.651866e+02 6.944105e+02 9.767937e+02 1.562701e+03 
2.447809e-01 3.585705e+02 6.830085e+02 9.614004e+02 1.540914e+03 
2.481930e-01 3.517989e+02 6.713790e+02 9.456601e+02 1.518312e+03 
2.516527e-01 3.447453e+02 6.593035e+02 9.292985e+02 1.494498e+03 
2.551606e-01 3.373359e+02 6.466487e+02 9.121553e+02 1.469241e+03 
2.587174e-01 3.295677e+02 6.334036e+02 8.942444e+02 1.442623e+03 
2.623238e-01 3.215087e+02 6.196748e+02 8.757326e+02 1.414954e+03 
2.659804e-01 3.132800e+02 6.056588e+02 8.569020e+02 1.386727e+03 
2.696881e-01 3.050359e+02 5.916073e+02 8.380965e+02 1.358511e+03 
2.734474e-01 2.969290e+02 5.777729e+02 8.196662e+02 1.330915e+03 
2.772591e-01 2.890956e+02 5.643816e+02 8.019114e+02 1.304445e+03 
2.811239e-01 2.816382e+02 5.516030e+02 7.850513e+02 1.279463e+03 
2.850426e-01 2.746286e+02 5.395546e+02 7.692281e+02 1.256195e+03 
2.890160e-01 2.680937e+02 5.282857e+02 7.545006e+02 1.234754e+03 
2.930447e-01 2.620137e+02 5.177646e+02 7.408144e+02 1.215049e+03 
2.971296e-01 2.563192e+02 5.078768e+02 7.280028e+02 1.196798e+03 
3.012714e-01 2.508991e+02 4.984363e+02 7.158023e+02 1.179551e+03 
3.054710e-01 2.456253e+02 4.892331e+02 7.039267e+02 1.162839e+03 
3.097291e-01 2.403873e+02 4.800846e+02 6.921231e+02 1.146222e+03 
3.140465e-01 2.351124e+02 4.708719e+02 6.802244e+02 1.129397e+03 
3.184242e-01 2.297608e+02 4.615307e+02 6.681373e+02 1.112175e+03 
3.228628e-01 2.243271e+02 4.520581e+02 6.558572e+02 1.094529e+03 
3.273634e-01 2.188397e+02 4.425055e+02 6.434485e+02 1.076540e+03 
3.319266e-01 2.133611e+02 4.329794e+02 6.310465e+02 1.058402e+03 
3.365535e-01 2.079806e+02 4.236321e+02 6.188508e+02 1.040429e+03 
3.412449e-01 2.027857e+02 4.146135e+02 6.070621e+02 1.022954e+03 
3.460016e-01 1.978360e+02 4.060228e+02 5.958086e+02 1.006190e+03 
3.508247e-01 1.931537e+02 3.978920e+02 5.851248e+02 9.901992e+02 
3.557150e-01 1.887299e+02 3.902013e+02 5.749808e+02 9.749516e+02 
3.606735e-01 1.845407e+02 3.829062e+02 5.653178e+02 9.603802e+02 
3.657011e-01 1.805476e+02 3.759347e+02 5.560398e+02 9.463536e+02 
3.707988e-01 1.766928e+02 3.691802e+02 5.470028e+02 9.326522e+02 
3.759675e-01 1.729156e+02 3.625347e+02 5.380676e+02 9.190777e+02 
3.812083e-01 1.691775e+02 3.559304e+02 5.291526e+02 9.055227e+02 
3.865221e-01 1.654718e+02 3.493531e+02 5.202486e+02 8.919891e+02 
3.919100e-01 1.618075e+02 3.428158e+02 5.113795e+02 8.785190e+02 
3.973730e-01 1.582033e+02 3.363539e+02 5.026049e+02 8.652248e+02 
4.029122e-01 1.546889e+02 3.300229e+02 4.940094e+02 8.522511e+02 
4.085286e-01 1.512931e+02 3.238769e+02 4.856717e+02 8.397265e+02 
4.142232e-01 1.480312e+02 3.179447e+02 4.776290e+02 8.276992e+02 
4.199973e-01 1.448941e+02 3.122200e+02 4.698767e+02 8.161656e+02 
4.258518e-01 1.418654e+02 3.066823e+02 4.623852e+02 8.050727e+02 
4.317880e-01 1.389228e+02 3.012994e+02 4.551070e+02 7.943354e+02 
4.378069e-01 1.360393e+02 2.960269e+02 4.479729e+02 7.838233e+02 
4.439097e-01 1.331873e+02 2.908255e+02 4.409288e+02 7.734484e+02 
4.500975e-01 1.303612e+02 2.856882e+02 4.339612e+02 7.631795e+02 
4.563716e-01 1.275661e+02 2.806236e+02 4.270776e+02 7.530180e+02 
4.627332e-01 1.248117e+02 2.756434e+02 4.202891e+02 7.429652e+02 
4.691835e-01 1.221107e+02 2.707700e+02 4.136285e+02 7.330746e+02 
4.757236e-01 1.194832e+02 2.660333e+02 4.071370e+02 7.234049e+02 
4.823549e-01 1.169357e+02 2.614388e+02 4.008233e+02 7.139639e+02 
4.890787e-01 1.144609e+02 2.569672e+02 3.946610e+02 7.046989e+02 
4.958962e-01 1.120550e+02 2.526110e+02 3.886462e+02 6.956074e+02 
5.028087e-01 1.097077e+02 2.483490e+02 3.827532e+02 6.866466e+02 
5.098176e-01 1.074106e+02 2.441637e+02 3.769607e+02 6.777802e+02 
5.169242e-01 1.051555e+02 2.400382e+02 3.712471e+02 6.689712e+02 
5.241298e-01 1.029471e+02 2.359827e+02 3.656305e+02 6.602552e+02 
5.314359e-01 1.007881e+02 2.320022e+02 3.601180e+02 6.516460e+02 
5.388438e-01 9.868040e+01 2.280996e+02 3.547123e+02 6.431493e+02 
5.463550e-01 9.663011e+01 2.242857e+02 3.494263e+02 6.347884e+02 
5.539709e-01 9.463459e+01 2.205594e+02 3.442575e+02 6.265695e+02 
5.616930e-01 9.268973e+01 2.169150e+02 3.391952e+02 6.184819e+02 
5.695227e-01 9.079312e+01 2.133477e+02 3.342292e+02 6.105139e+02 
5.774615e-01 8.894220e+01 2.098542e+02 3.293516e+02 6.026611e+02 
5.855110e-01 8.713401e+01 2.064308e+02 3.245564e+02 5.949238e+02 
5.936727e-01 8.537363e+01 2.030862e+02 3.198527e+02 5.873226e+02 
6.019482e-01 8.365970e+01 1.998161e+02 3.152321e+02 5.798475e+02 
6.103390e-01 8.199492e+01 1.966254e+02 3.107006e+02 5.725123e+02 
6.188468e-01 8.038070e+01 1.935168e+02 3.062623e+02 5.653275e+02 
6.274732e-01 7.881249e+01 1.904826e+02 3.019069e+02 5.582775e+02 
6.362198e-01 7.728906e+01 1.875185e+02 2.976287e+02 5.513501e+02 
6.450884e-01 7.580903e+01 1.846233e+02 2.934281e+02 5.445449e+02 
6.540806e-01 7.436941e+01 1.817925e+02 2.893014e+02 5.378541e+02 
6.631981e-01 7.296841e+01 1.790231e+02 2.852470e+02 5.312708e+02 
6.724427e-01 7.160449e+01 1.763111e+02 2.812605e+02 5.247819e+02 
6.818162e-01 7.027633e+01 1.736556e+02 2.773445e+02 5.183891e+02 
6.913204e-01 6.898210e+01 1.710543e+02 2.734984e+02 5.120884e+02 
7.009570e-01 6.771942e+01 1.685033e+02 2.697191e+02 5.058735e+02 
7.107280e-01 6.648561e+01 1.659969e+02 2.660002e+02 4.997310e+02 
7.206351e-01 6.527856e+01 1.635335e+02 2.623422e+02 4.936642e+02 
7.306804e-01 6.409667e+01 1.611107e+02 2.587435e+02 4.876717e+02 
7.408657e-01 6.293867e+01 1.587268e+02 2.552029e+02 4.817528e+02 
7.511929e-01 6.180312e+01 1.563779e+02 2.517154e+02 4.759010e+02 
7.616642e-01 6.068932e+01 1.540650e+02 2.482832e+02 4.701229e+02 
7.722814e-01 5.959646e+01 1.517865e+02 2.449048e+02 4.644178e+02 
7.830465e-01 5.852381e+01 1.495415e+02 2.415782e+02 4.587835e+02 
7.939618e-01 5.747049e+01 1.473277e+02 2.382996e+02 4.532135e+02 
8.050292e-01 5.643644e+01 1.451463e+02 2.350702e+02 4.477110e+02 
8.162509e-01 5.542159e+01 1.429973e+02 2.318891e+02 4.422730e+02 
8.276289e-01 5.442576e+01 1.408802e+02 2.287541e+02 4.368950e+02 
8.391656e-01 5.344876e+01 1.387944e+02 2.256625e+02 4.315713e+02 
8.508632e-01 5.249098e+01 1.367414e+02 2.226155e+02 4.263025e+02 
8.627237e-01 5.155259e+01 1.347218e+02 2.196118e+02 4.210857e+02 
8.747496e-01 5.063351e+01 1.327352e+02 2.166495e+02 4.159164e+02 
8.869432e-01 4.973372e+01 1.307814e+02 2.137266e+02 4.107916e+02 
8.993067e-01 4.885354e+01 1.288615e+02 2.108439e+02 4.057124e+02 
9.118425e-01 4.799292e+01 1.269754e+02 2.080005e+02 4.006772e+02 
9.245531e-01 4.715149e+01 1.251220e+02 2.051944e+02 3.956840e+02 
9.374409e-01 4.632902e+01 1.233008e+02 2.024247e+02 3.907322e+02 
9.505083e-01 4.552538e+01 1.215118e+02 1.996918e+02 3.858240e+02 
9.637579e-01 4.474011e+01 1.197541e+02 1.969948e+02 3.809594e+02 
9.771921e-01 4.397250e+01 1.180260e+02 1.943319e+02 3.761377e+02 
9.908137e-01 4.322212e+01 1.163267e+02 1.917026e+02 3.713603e+02 
1.004625e+00 4.248857e+01 1.146558e+02 1.891072e+02 3.666292e+02 
1.018629e+00 4.177122e+01 1.130121e+02 1.865447e+02 3.619449e+02 
1.032828e+00 4.106926e+01 1.113939e+02 1.840133e+02 3.573063e+02 
1.047225e+00 4.038222e+01 1.098006e+02 1.815129e+02 3.527145e+02 
1.061823e+00 3.970954e+01 1.082315e+02 1.790431e+02 3.481694e+02 
1.076624e+00 3.905055e+01 1.066855e+02 1.766032e+02 3.436701e+02 
1.091632e+00 3.840440e+01 1.051610e+02 1.741914e+02 3.392141e+02 
1.106848e+00 3.777068e+01 1.036577e+02 1.718076e+02 3.348008e+02 
1.122277e+00 3.714882e+01 1.021750e+02 1.694515e+02 3.304287e+02 
1.137921e+00 3.653824e+01 1.007120e+02 1.671223e+02 3.260959e+02 
1.153783e+00 3.593828e+01 9.926751e+01 1.648186e+02 3.217996e+02 
1.169866e+00 3.534866e+01 9.784160e+01 1.628283e+02 3.175391e+02 
1.186174e+00 3.476907e+01 9.643386e+01 1.602874e+02 3.133131e+02 
1.202708e+00 3.419922e+01 9.504395e+01 1.580591e+02 3.091202e+02 
1.219473e+00 3.363872e+01 9.367103e+01 1.558541e+02 3.049585e+02 
1.236472e+00 3.308763e+01 9.231548e+01 1.536730e+02 3.008283e+02 
1.253708e+00 3.254587e+01 9.097704e+01 1.515153e+02 2.967289e+02 
1.271184e+00 3.201337e+01 8.965549e+01 1.493805e+02 2.926598e+02 
1.288904e+00 3.148992e+01 8.835022e+01 1.472679e+02 2.886201e+02 
1.306870e+00 3.097567e+01 8.706143e+01 1.451776e+02 2.846102e+02 
1.325087e+00 3.047057e+01 8.578888e+01 1.431093e+02 2.806300e+02 
1.343558e+00 2.997457e+01 8.453226e+01 1.410626e+02 2.766791e+02 
1.362287e+00 2.948748e+01 8.329107e+01 1.390367e+02 2.727573e+02 
1.381276e+00 2.900934e+01 8.206537e+01 1.370319e+02 2.688643e+02 
1.400531e+00 2.854003e+01 8.085493e+01 1.350477e+02 2.650001e+02 
1.420053e+00 2.807934e+01 7.965937e+01 1.330836e+02 2.611643e+02 
1.439848e+00 2.762699e+01 7.847834e+01 1.311392e+02 2.573565e+02 
1.459919e+00 2.718290e+01 7.731184e+01 1.292144e+02 2.535766e+02 
1.480269e+00 2.674685e+01 7.615969e+01 1.273089e+02 2.498244e+02 
1.500903e+00 2.631855e+01 7.502159e+01 1.254222e+02 2.460999e+02 
1.521825e+00 2.589773e+01 7.389727e+01 1.235543e+02 2.424028e+02 
1.543038e+00 2.548423e+01 7.278672e+01 1.217047e+02 2.387337e+02 
1.564548e+00 2.507783e+01 7.168976e+01 1.198736e+02 2.350925e+02 
1.586357e+00 2.467821e+01 7.060600e+01 1.180605e+02 2.314794e+02 
1.608469e+00 2.428512e+01 6.953525e+01 1.162651e+02 2.278945e+02 
1.630891e+00 2.389843e+01 6.847743e+01 1.144876e+02 2.243383e+02 
1.653624e+00 2.351794e+01 6.743231e+01 1.127277e+02 2.208108e+02 
1.676675e+00 2.314338e+01 6.639955e+01 1.109851e+02 2.173122e+02 
1.700047e+00 2.277462e+01 6.537900e+01 1.092596e+02 2.138423e+02 
1.723745e+00 2.241157e+01 6.437054e+01 1.075514e+02 2.104017e+02 
1.747773e+00 2.205410e+01 6.337398e+01 1.058601e+02 2.069900e+02 
1.772136e+00 2.170200e+01 6.238899e+01 1.041856e+02 2.036072e+02 
1.796838e+00 2.135524e+01 6.141541e+01 1.025278e+02 2.002533e+02 
1.821885e+00 2.101375e+01 6.045310e+01 1.008866e+02 1.969306e+02 
1.847281e+00 2.067742e+01 5.950180e+01 9.926185e+01 1.936344e+02 
1.873032e+00 2.034607e+01 5.856120e+01 9.765341e+01 1.903669e+02 
1.899141e+00 2.001969e+01 5.763113e+01 9.606122e+01 1.871282e+02 
1.925614e+00 1.969815e+01 5.671141e+01 9.448520e+01 1.839180e+02 
1.952456e+00 1.938135e+01 5.580184e+01 9.292522e+01 1.807366e+02 
1.979672e+00 1.906909e+01 5.490214e+01 9.138114e+01 1.775838e+02 
2.007267e+00 1.876137e+01 5.401230e+01 8.985293e+01 1.744598e+02 
2.035248e+00 1.845809e+01 5.313222e+01 8.834051e+01 1.713645e+02 
2.063618e+00 1.815914e+01 5.226182e+01 8.684379e+01 1.682982e+02 
2.092383e+00 1.786439e+01 5.140099e+01 8.536267e+01 1.652607e+02 
2.121550e+00 1.757383e+01 5.054979e+01 8.389711e+01 1.622526e+02 
2.151123e+00 1.728736e+01 4.970821e+01 8.244704e+01 1.592738e+02 
2.181109e+00 1.700492e+01 4.887567e+01 8.101238e+01 1.563246e+02 
2.211512e+00 1.672640e+01 4.805374e+01 7.959309e+01 1.534055e+02 
2.242340e+00 1.645178e+01 4.724084e+01 7.818910e+01 1.505168e+02 
2.273597e+00 1.618101e+01 4.643746e+01 7.680039e+01 1.476592e+02 
2.305289e+00 1.591401e+01 4.564353e+01 7.542689e+01 1.448329e+02 
2.337424e+00 1.565076e+01 4.485894e+01 7.406860e+01 1.420385e+02 
2.370006e+00 1.539112e+01 4.408361e+01 7.272546e+01 1.392766e+02 
2.403043e+00 1.513510e+01 4.331745e+01 7.139746e+01 1.365475e+02 
2.436540e+00 1.488260e+01 4.255982e+01 7.008458e+01 1.338517e+02 
2.470504e+00 1.463359e+01 4.181160e+01 6.878515e+01 1.311895e+02 
2.504942e+00 1.438804e+01 4.107219e+01 6.750411e+01 1.285611e+02 
2.539859e+00 1.414589e+01 4.034150e+01 6.623650e+01 1.259670e+02 
2.575263e+00 1.390707e+01 3.961944e+01 6.498398e+01 1.234071e+02 
2.611161e+00 1.367157e+01 3.890593e+01 6.374654e+01 1.208815e+02 
2.647559e+00 1.343935e+01 3.820098e+01 6.252416e+01 1.183904e+02 
2.684465e+00 1.321038e+01 3.750451e+01 6.131686e+01 1.159338e+02 
2.721885e+00 1.298461e+01 3.681652e+01 6.012465e+01 1.135118e+02 
2.759826e+00 1.276200e+01 3.613700e+01 5.894749e+01 1.111242e+02 
2.798297e+00 1.254253e+01 3.546593e+01 5.778539e+01 1.087712e+02 
2.837304e+00 1.232616e+01 3.480332e+01 5.663835e+01 1.064527e+02 
2.876854e+00 1.211284e+01 3.414914e+01 5.550637e+01 1.041686e+02 
2.916956e+00 1.190253e+01 3.350338e+01 5.438941e+01 1.019189e+02 
2.957617e+00 1.169520e+01 3.286602e+01 5.328745e+01 9.970371e+01 
2.998844e+00 1.149080e+01 3.223702e+01 5.220051e+01 9.752270e+01 
3.040646e+00 1.128928e+01 3.161639e+01 5.112854e+01 9.537590e+01 
3.083031e+00 1.109062e+01 3.100405e+01 5.007155e+01 9.326328e+01 
3.126007e+00 1.089470e+01 3.039997e+01 4.902950e+01 9.118467e+01 
3.169582e+00 1.070161e+01 2.980411e+01 4.800238e+01 8.913991e+01 
3.213764e+00 1.051122e+01 2.921641e+01 4.699015e+01 8.712914e+01 
3.258562e+00 1.032350e+01 2.863680e+01 4.599281e+01 8.515220e+01 
3.303985e+00 1.013840e+01 2.806525e+01 4.501030e+01 8.320900e+01 
3.350041e+00 9.955878e+00 2.750167e+01 4.404260e+01 8.129940e+01 
3.396739e+00 9.775887e+00 2.694603e+01 4.308967e+01 7.942326e+01 
3.444087e+00 9.598396e+00 2.639824e+01 4.215147e+01 7.758040e+01 
3.492096e+00 9.423369e+00 2.585827e+01 4.122795e+01 7.577063e+01 
3.540774e+00 9.250769e+00 2.532606e+01 4.031907e+01 7.399370e+01 
3.590130e+00 9.080564e+00 2.480157e+01 3.942476e+01 7.224932e+01 
3.640175e+00 8.912732e+00 2.428474e+01 3.854496e+01 7.053723e+01 
3.690917e+00 8.747253e+00 2.377554e+01 3.767819e+01 6.885712e+01 
3.742366e+00 8.584103e+00 2.327393e+01 3.682723e+01 6.720869e+01 
3.794533e+00 8.423256e+00 2.277986e+01 3.599058e+01 6.559159e+01 
3.847427e+00 8.264699e+00 2.229331e+01 3.516816e+01 6.400554e+01 
3.901058e+00 8.108411e+00 2.181423e+01 3.435990e+01 6.245023e+01 
3.955436e+00 7.954369e+00 2.134260e+01 3.356570e+01 6.092535e+01 
4.010573e+00 7.802553e+00 2.087839e+01 3.278547e+01 5.943062e+01 
4.066478e+00 7.652946e+00 2.042155e+01 3.201913e+01 5.796576e+01 
4.123163e+00 7.505528e+00 1.997206e+01 3.126657e+01 5.653048e+01 
4.180637e+00 7.360277e+00 1.952989e+01 3.052770e+01 5.512449e+01 
4.238913e+00 7.217171e+00 1.909500e+01 2.980243e+01 5.374750e+01 
4.298001e+00 7.076191e+00 1.866735e+01 2.909061e+01 5.239920e+01 
4.357913e+00 6.937317e+00 1.824690e+01 2.839216e+01 5.107930e+01 
4.418660e+00 6.800526e+00 1.783361e+01 2.770697e+01 4.978743e+01 
4.480254e+00 6.665799e+00 1.742742e+01 2.703489e+01 4.852325e+01 
4.542706e+00 6.533114e+00 1.702830e+01 2.637582e+01 4.728640e+01 
4.606029e+00 6.402449e+00 1.663618e+01 2.572963e+01 4.607647e+01 
4.670234e+00 6.273784e+00 1.625121e+01 2.509619e+01 4.489319e+01 
4.735335e+00 6.147096e+00 1.587292e+01 2.447536e+01 4.373608e+01 
4.801343e+00 6.022365e+00 1.550144e+01 2.386702e+01 4.260472e+01 
4.868271e+00 5.899567e+00 1.513671e+01 2.327223e+01 4.149874e+01 
4.936132e+00 5.778681e+00 1.477850e+01 2.268841e+01 4.041773e+01 
5.004939e+00 5.659685e+00 1.442708e+01 2.211666e+01 3.936128e+01 
5.074705e+00 5.542557e+00 1.408221e+01 2.155682e+01 3.832900e+01 
5.145444e+00 5.427277e+00 1.374380e+01 2.100877e+01 3.732049e+01 
5.217169e+00 5.313822e+00 1.341182e+01 2.047230e+01 3.633535e+01 
5.289893e+00 5.202173e+00 1.308617e+01 1.994622e+01 3.537320e+01 
5.363631e+00 5.092312e+00 1.276679e+01 1.943257e+01 3.443361e+01 
5.438397e+00 4.984278e+00 1.245362e+01 1.893010e+01 3.351622e+01 
5.514206e+00 4.877878e+00 1.214661e+01 1.843862e+01 3.262061e+01 
5.591071e+00 4.773269e+00 1.184566e+01 1.795799e+01 3.174639e+01 
5.669007e+00 4.670378e+00 1.155073e+01 1.748805e+01 3.089317e+01 
5.748030e+00 4.569188e+00 1.126176e+01 1.702865e+01 3.006054e+01 
5.828155e+00 4.469681e+00 1.097867e+01 1.657961e+01 2.924812e+01 
5.909396e+00 4.371842e+00 1.070140e+01 1.614079e+01 2.845550e+01 
5.991770e+00 4.275653e+00 1.042988e+01 1.571202e+01 2.768224e+01 
6.075292e+00 4.181099e+00 1.016405e+01 1.529313e+01 2.692818e+01 
6.159978e+00 4.088162e+00 9.903831e+00 1.488398e+01 2.619270e+01 
6.245845e+00 3.996828e+00 9.649184e+00 1.448439e+01 2.547550e+01 
6.332908e+00 3.907076e+00 9.399973e+00 1.409420e+01 2.477620e+01 
6.421186e+00 3.818895e+00 9.156144e+00 1.371326e+01 2.409444e+01 
6.510694e+00 3.732266e+00 8.917660e+00 1.334140e+01 2.342985e+01 
6.601449e+00 3.647174e+00 8.684420e+00 1.297844e+01 2.278206e+01 
6.693470e+00 3.563604e+00 8.456358e+00 1.262421e+01 2.215071e+01 
6.786773e+00 3.481539e+00 8.237652e+00 1.227868e+01 2.153545e+01 
6.881377e+00 3.400963e+00 8.015442e+00 1.194152e+01 2.093536e+01 
6.977300e+00 3.321862e+00 7.802435e+00 1.161266e+01 2.035127e+01 
7.074559e+00 3.244216e+00 7.594290e+00 1.129191e+01 1.978221e+01 
7.173175e+00 3.168013e+00 7.390930e+00 1.097912e+01 1.922788e+01 
7.273165e+00 3.093233e+00 7.192276e+00 1.067415e+01 1.868793e+01 
7.374549e+00 3.019861e+00 6.998250e+00 1.037683e+01 1.816205e+01 
7.477346e+00 2.947880e+00 6.808719e+00 1.008700e+01 1.764990e+01 
7.581576e+00 2.877272e+00 6.623769e+00 9.804523e+00 1.715118e+01 
7.687260e+00 2.808023e+00 6.443159e+00 9.529243e+00 1.666558e+01 
7.794416e+00 2.740163e+00 6.266866e+00 9.261008e+00 1.619278e+01 
7.903066e+00 2.673578e+00 6.094814e+00 8.999669e+00 1.573293e+01 
8.013230e+00 2.608252e+00 5.926926e+00 8.745080e+00 1.528485e+01 
8.124930e+00 2.544267e+00 5.763126e+00 8.497098e+00 1.484871e+01 
8.238187e+00 2.481558e+00 5.603340e+00 8.255574e+00 1.442421e+01 
8.353023e+00 2.420107e+00 5.447492e+00 8.020373e+00 1.401104e+01 
8.469460e+00 2.359899e+00 5.295508e+00 7.791350e+00 1.360898e+01 
8.587519e+00 2.300917e+00 5.147243e+00 7.568369e+00 1.321776e+01 
8.707225e+00 2.243145e+00 5.002836e+00 7.351294e+00 1.283708e+01 
8.828599e+00 2.186567e+00 4.862001e+00 7.139981e+00 1.246671e+01 
8.951665e+00 2.131165e+00 4.724737e+00 6.934323e+00 1.210639e+01 
9.076446e+00 2.076923e+00 4.590972e+00 6.734163e+00 1.175587e+01 
9.202967e+00 2.023868e+00 4.460635e+00 6.539382e+00 1.141492e+01 
9.331251e+00 1.971897e+00 4.333652e+00 6.349850e+00 1.108329e+01 
9.461324e+00 1.920998e+00 4.209956e+00 6.165834e+00 1.076074e+01 
9.593209e+00 1.871235e+00 4.089476e+00 5.986093e+00 1.044705e+01 
9.726934e+00 1.822552e+00 3.972143e+00 5.811539e+00 1.014201e+01 
9.862522e+00 1.774933e+00 3.857891e+00 5.641785e+00 9.845398e+00 
1.000000e+01 1.728361e+00 3.746651e+00 5.476692e+00 9.556974e+00 
