 1.000000e-02  5.597154e+03  1.030760e+04  1.403438e+04  2.114165e+04 
 1.013939e-02  5.628822e+03  1.036578e+04  1.411348e+04  2.126043e+04 
 1.028073e-02  5.660032e+03  1.042313e+04  1.419142e+04  2.137747e+04 
 1.042404e-02  5.690766e+03  1.047959e+04  1.426815e+04  2.149269e+04 
 1.056935e-02  5.721005e+03  1.053514e+04  1.434364e+04  2.160602e+04 
 1.071668e-02  5.750731e+03  1.058973e+04  1.441783e+04  2.171738e+04 
 1.086606e-02  5.779924e+03  1.064334e+04  1.449067e+04  2.182669e+04 
 1.101753e-02  5.808563e+03  1.069594e+04  1.456211e+04  2.193389e+04 
 1.117111e-02  5.836625e+03  1.074746e+04  1.463211e+04  2.203887e+04 
 1.132683e-02  5.864089e+03  1.079787e+04  1.470059e+04  2.214158e+04 
 1.148472e-02  5.890932e+03  1.084714e+04  1.476750e+04  2.224190e+04 
 1.164481e-02  5.917132e+03  1.089522e+04  1.483280e+04  2.233977e+04 
 1.180713e-02  5.942668e+03  1.094207e+04  1.489642e+04  2.243510e+04 
 1.197171e-02  5.967516e+03  1.098765e+04  1.495829e+04  2.252779e+04 
 1.213859e-02  5.991653e+03  1.103192e+04  1.501838e+04  2.261779e+04 
 1.230780e-02  6.015058e+03  1.107485e+04  1.507663e+04  2.270499e+04 
 1.247936e-02  6.037709e+03  1.111637e+04  1.513298e+04  2.278932e+04 
 1.265332e-02  6.059583e+03  1.115647e+04  1.518736e+04  2.287067e+04 
 1.282970e-02  6.080660e+03  1.119509e+04  1.523974e+04  2.294899e+04 
 1.300854e-02  6.100914e+03  1.123218e+04  1.529005e+04  2.302417e+04 
 1.318987e-02  6.120327e+03  1.126774e+04  1.533823e+04  2.309616e+04 
 1.337373e-02  6.138878e+03  1.130169e+04  1.538425e+04  2.316486e+04 
 1.356015e-02  6.156540e+03  1.133401e+04  1.542803e+04  2.323018e+04 
 1.374917e-02  6.173293e+03  1.136464e+04  1.546952e+04  2.329204e+04 
 1.394083e-02  6.189107e+03  1.139354e+04  1.550865e+04  2.335031e+04 
 1.413516e-02  6.203964e+03  1.142068e+04  1.554536e+04  2.340495e+04 
 1.433219e-02  6.217834e+03  1.144600e+04  1.557959e+04  2.345585e+04 
 1.453198e-02  6.230696e+03  1.146946e+04  1.561130e+04  2.350291e+04 
 1.473454e-02  6.242519e+03  1.149100e+04  1.564038e+04  2.354602e+04 
 1.493993e-02  6.253285e+03  1.151059e+04  1.566680e+04  2.358511e+04 
 1.514819e-02  6.263009e+03  1.152828e+04  1.569065e+04  2.362034e+04 
 1.535935e-02  6.271652e+03  1.154398e+04  1.571180e+04  2.365150e+04 
 1.557345e-02  6.279165e+03  1.155761e+04  1.573010e+04  2.367837e+04 
 1.579053e-02  6.285529e+03  1.156910e+04  1.574553e+04  2.370088e+04 
 1.601064e-02  6.290723e+03  1.157845e+04  1.575801e+04  2.371895e+04 
 1.623382e-02  6.294734e+03  1.158561e+04  1.576752e+04  2.373253e+04 
 1.646012e-02  6.297533e+03  1.159054e+04  1.577398e+04  2.374151e+04 
 1.668956e-02  6.299107e+03  1.159321e+04  1.577735e+04  2.374584e+04 
 1.692220e-02  6.299438e+03  1.159358e+04  1.577762e+04  2.374547e+04 
 1.715809e-02  6.298503e+03  1.159163e+04  1.577470e+04  2.374028e+04 
 1.739726e-02  6.296284e+03  1.158732e+04  1.576855e+04  2.373023e+04 
 1.763977e-02  6.292754e+03  1.158058e+04  1.575912e+04  2.371520e+04 
 1.788566e-02  6.287906e+03  1.157141e+04  1.574637e+04  2.369518e+04 
 1.813498e-02  6.281710e+03  1.155975e+04  1.573024e+04  2.367005e+04 
 1.838777e-02  6.274151e+03  1.154559e+04  1.571068e+04  2.363977e+04 
 1.864409e-02  6.265207e+03  1.152888e+04  1.568764e+04  2.360424e+04 
 1.890397e-02  6.254869e+03  1.150960e+04  1.566111e+04  2.356342e+04 
 1.916748e-02  6.243124e+03  1.148772e+04  1.563104e+04  2.351727e+04 
 1.943467e-02  6.229953e+03  1.146322e+04  1.559740e+04  2.346573e+04 
 1.970558e-02  6.215353e+03  1.143608e+04  1.556018e+04  2.340879e+04 
 1.998026e-02  6.199314e+03  1.140629e+04  1.551934e+04  2.334640e+04 
 2.025878e-02  6.181832e+03  1.137385e+04  1.547487e+04  2.327855e+04 
 2.054117e-02  6.162894e+03  1.133872e+04  1.542676e+04  2.320520e+04 
 2.082751e-02  6.142509e+03  1.130093e+04  1.537502e+04  2.312636e+04 
 2.111783e-02  6.120675e+03  1.126047e+04  1.531964e+04  2.304206e+04 
 2.141220e-02  6.097493e+03  1.121749e+04  1.526080e+04  2.295243e+04 
 2.171068e-02  6.073478e+03  1.117274e+04  1.519930e+04  2.285815e+04 
 2.201331e-02  6.048010e+03  1.112531e+04  1.513415e+04  2.275837e+04 
 2.232016e-02  6.021090e+03  1.107521e+04  1.506535e+04  2.265310e+04 
 2.263130e-02  5.992722e+03  1.102244e+04  1.499294e+04  2.254236e+04 
 2.294676e-02  5.962900e+03  1.096700e+04  1.491687e+04  2.242613e+04 
 2.326663e-02  5.931634e+03  1.090888e+04  1.483718e+04  2.230445e+04 
 2.359095e-02  5.898929e+03  1.084813e+04  1.475388e+04  2.217733e+04 
 2.391980e-02  5.864799e+03  1.078475e+04  1.466701e+04  2.204485e+04 
 2.425323e-02  5.829261e+03  1.071878e+04  1.457663e+04  2.190706e+04 
 2.459130e-02  5.792333e+03  1.065026e+04  1.448277e+04  2.176404e+04 
 2.493409e-02  5.754037e+03  1.057921e+04  1.438548e+04  2.161588e+04 
 2.528166e-02  5.714403e+03  1.050572e+04  1.428485e+04  2.146266e+04 
 2.563407e-02  5.673464e+03  1.042981e+04  1.418094e+04  2.130455e+04 
 2.599140e-02  5.631256e+03  1.035158e+04  1.407388e+04  2.114168e+04 
 2.635371e-02  5.587823e+03  1.027109e+04  1.396374e+04  2.097420e+04 
 2.672106e-02  5.543216e+03  1.018845e+04  1.385068e+04  2.080232e+04 
 2.709354e-02  5.497472e+03  1.010372e+04  1.373477e+04  2.062618e+04 
 2.747121e-02  5.450625e+03  1.001696e+04  1.361611e+04  2.044590e+04 
 2.785414e-02  5.402629e+03  9.928113e+03  1.349464e+04  2.026145e+04 
 2.824241e-02  5.353245e+03  9.836839e+03  1.336998e+04  2.007254e+04 
 2.863610e-02  5.302847e+03  9.743703e+03  1.324281e+04  1.987983e+04 
 2.903527e-02  5.251474e+03  9.648783e+03  1.311320e+04  1.968350e+04 
 2.944000e-02  5.199173e+03  9.552156e+03  1.298129e+04  1.948370e+04 
 2.985038e-02  5.145990e+03  9.453908e+03  1.284718e+04  1.928062e+04 
 3.026648e-02  5.091977e+03  9.354147e+03  1.271100e+04  1.907446e+04 
 3.068838e-02  5.037199e+03  9.252983e+03  1.257293e+04  1.886548e+04 
 3.111616e-02  4.981717e+03  9.150531e+03  1.243312e+04  1.865389e+04 
 3.154990e-02  4.925606e+03  9.046925e+03  1.229175e+04  1.843999e+04 
 3.198969e-02  4.868939e+03  8.942309e+03  1.214900e+04  1.822405e+04 
 3.243561e-02  4.811813e+03  8.836852e+03  1.200512e+04  1.800643e+04 
 3.288774e-02  4.754314e+03  8.730714e+03  1.186033e+04  1.778745e+04 
 3.334618e-02  4.696544e+03  8.624086e+03  1.171487e+04  1.756751e+04 
 3.381101e-02  4.638606e+03  8.517150e+03  1.156900e+04  1.734698e+04 
 3.428231e-02  4.580577e+03  8.410050e+03  1.142292e+04  1.712613e+04 
 3.476019e-02  4.522380e+03  8.302981e+03  1.127724e+04  1.690704e+04 
 3.524473e-02  4.464185e+03  8.195924e+03  1.113160e+04  1.668804e+04 
 3.573602e-02  4.406047e+03  8.088971e+03  1.098611e+04  1.646928e+04 
 3.623416e-02  4.348019e+03  7.982227e+03  1.084091e+04  1.625097e+04 
 3.673925e-02  4.290164e+03  7.875802e+03  1.069614e+04  1.603332e+04 
 3.725137e-02  4.232545e+03  7.769816e+03  1.055198e+04  1.581660e+04 
 3.777064e-02  4.175229e+03  7.664386e+03  1.040857e+04  1.560105e+04 
 3.829714e-02  4.118289e+03  7.559649e+03  1.026612e+04  1.538693e+04 
 3.883098e-02  4.061796e+03  7.455742e+03  1.012479e+04  1.517452e+04 
 3.937226e-02  4.005836e+03  7.352819e+03  9.984803e+03  1.496415e+04 
 3.992109e-02  3.950490e+03  7.251026e+03  9.846359e+03  1.475611e+04 
 4.047757e-02  3.895840e+03  7.150483e+03  9.709583e+03  1.455049e+04 
 4.104181e-02  3.841798e+03  7.050471e+03  9.572880e+03  1.434312e+04 
 4.161391e-02  3.788662e+03  6.952134e+03  9.438460e+03  1.413921e+04 
 4.219398e-02  3.736520e+03  6.855631e+03  9.306545e+03  1.393909e+04 
 4.278214e-02  3.685426e+03  6.761058e+03  9.177262e+03  1.374294e+04 
 4.337850e-02  3.635407e+03  6.668466e+03  9.050675e+03  1.355087e+04 
 4.398317e-02  3.586488e+03  6.577904e+03  8.926857e+03  1.336298e+04 
 4.459628e-02  3.538697e+03  6.489422e+03  8.805874e+03  1.317937e+04 
 4.521792e-02  3.492064e+03  6.403075e+03  8.687800e+03  1.300014e+04 
 4.584824e-02  3.446611e+03  6.318900e+03  8.572684e+03  1.282539e+04 
 4.648734e-02  3.402361e+03  6.236946e+03  8.460594e+03  1.265519e+04 
 4.713535e-02  3.359467e+03  6.158257e+03  8.353765e+03  1.249516e+04 
 4.779239e-02  3.317895e+03  6.082458e+03  8.251351e+03  1.234310e+04 
 4.845859e-02  3.277590e+03  6.008978e+03  8.152079e+03  1.219573e+04 
 4.913407e-02  3.238559e+03  5.937833e+03  8.055970e+03  1.205309e+04 
 4.981898e-02  3.200806e+03  5.869020e+03  7.963028e+03  1.191516e+04 
 5.051342e-02  3.164308e+03  5.802507e+03  7.873195e+03  1.178188e+04 
 5.121755e-02  3.129036e+03  5.738238e+03  7.786403e+03  1.165314e+04 
 5.193150e-02  3.094959e+03  5.676152e+03  7.702575e+03  1.152883e+04 
 5.265540e-02  3.062041e+03  5.616188e+03  7.621621e+03  1.140881e+04 
 5.338938e-02  3.029992e+03  5.557345e+03  7.541693e+03  1.128898e+04 
 5.413360e-02  2.998715e+03  5.499355e+03  7.462330e+03  1.116838e+04 
 5.488820e-02  2.968444e+03  5.443212e+03  7.385477e+03  1.105156e+04 
 5.565331e-02  2.939113e+03  5.388798e+03  7.310970e+03  1.093824e+04 
 5.642908e-02  2.910633e+03  5.335944e+03  7.238578e+03  1.082809e+04 
 5.721568e-02  2.882910e+03  5.284479e+03  7.168074e+03  1.072075e+04 
 5.801323e-02  2.855828e+03  5.234190e+03  7.099176e+03  1.061583e+04 
 5.882190e-02  2.829340e+03  5.185014e+03  7.031803e+03  1.051324e+04 
 5.964185e-02  2.803490e+03  5.137352e+03  6.966845e+03  1.041526e+04 
 6.047322e-02  2.778454e+03  5.092080e+03  6.906077e+03  1.032614e+04 
 6.131619e-02  2.753636e+03  5.047199e+03  6.845828e+03  1.023777e+04 
 6.217090e-02  2.728838e+03  5.002336e+03  6.785582e+03  1.014934e+04 
 6.303753e-02  2.704002e+03  4.957387e+03  6.725195e+03  1.006065e+04 
 6.391624e-02  2.678970e+03  4.912067e+03  6.664301e+03  9.971170e+03 
 6.480720e-02  2.653646e+03  4.866211e+03  6.602680e+03  9.880605e+03 
 6.571058e-02  2.627849e+03  4.819492e+03  6.539888e+03  9.788302e+03 
 6.662655e-02  2.600253e+03  4.767504e+03  6.467835e+03  9.676195e+03 
 6.755528e-02  2.571901e+03  4.714077e+03  6.393780e+03  9.560937e+03 
 6.849697e-02  2.542724e+03  4.659148e+03  6.317697e+03  9.442699e+03 
 6.945178e-02  2.512603e+03  4.602500e+03  6.239304e+03  9.321060e+03 
 7.041990e-02  2.481437e+03  4.543958e+03  6.158358e+03  9.195669e+03 
 7.140151e-02  2.449139e+03  4.483368e+03  6.074657e+03  9.066225e+03 
 7.239681e-02  2.415905e+03  4.421359e+03  5.989404e+03  8.935665e+03 
 7.340598e-02  2.381726e+03  4.357982e+03  5.902727e+03  8.804400e+03 
 7.442922e-02  2.346231e+03  4.292211e+03  5.812822e+03  8.668368e+03 
 7.546673e-02  2.309382e+03  4.223981e+03  5.719607e+03  8.527452e+03 
 7.651869e-02  2.271183e+03  4.153302e+03  5.623096e+03  8.381679e+03 
 7.758532e-02  2.231660e+03  4.080224e+03  5.523360e+03  8.231156e+03 
 7.866682e-02  2.191715e+03  4.007576e+03  5.425407e+03  8.086372e+03 
 7.976339e-02  2.151954e+03  3.937191e+03  5.332441e+03  7.953944e+03 
 8.087525e-02  2.111010e+03  3.864586e+03  5.236416e+03  7.816819e+03 
 8.200261e-02  2.068987e+03  3.789951e+03  5.137583e+03  7.675356e+03 
 8.314568e-02  2.026027e+03  3.713534e+03  5.036274e+03  7.530045e+03 
 8.430468e-02  1.982281e+03  3.635616e+03  4.932865e+03  7.381436e+03 
 8.547985e-02  1.937194e+03  3.554000e+03  4.823245e+03  7.220623e+03 
 8.667139e-02  1.891374e+03  3.470457e+03  4.710448e+03  7.053682e+03 
 8.787954e-02  1.845386e+03  3.386593e+03  4.597200e+03  6.886014e+03 
 8.910453e-02  1.799452e+03  3.302811e+03  4.484047e+03  6.718434e+03 
 9.034660e-02  1.753799e+03  3.219528e+03  4.371553e+03  6.551784e+03 
 9.160598e-02  1.709414e+03  3.139606e+03  4.264585e+03  6.395714e+03 
 9.288292e-02  1.666437e+03  3.063170e+03  4.163188e+03  6.249998e+03 
 9.417766e-02  1.624375e+03  2.988314e+03  4.063844e+03  6.107119e+03 
 9.549045e-02  1.583449e+03  2.915451e+03  3.967117e+03  5.967927e+03 
 9.682153e-02  1.543865e+03  2.844961e+03  3.873521e+03  5.833203e+03 
 9.817117e-02  1.506153e+03  2.778323e+03  3.785553e+03  5.707854e+03 
 9.953962e-02  1.470250e+03  2.715099e+03  3.702303e+03  5.589764e+03 
 1.009272e-01  1.436183e+03  2.655147e+03  3.623403e+03  5.477957e+03 
 1.023340e-01  1.404065e+03  2.598684e+03  3.549159e+03  5.372915e+03 
 1.037605e-01  1.373326e+03  2.543873e+03  3.476345e+03  5.268110e+03 
 1.052069e-01  1.342242e+03  2.485365e+03  3.395696e+03  5.145009e+03 
 1.066734e-01  1.313370e+03  2.430974e+03  3.320689e+03  5.030461e+03 
 1.081604e-01  1.286672e+03  2.380625e+03  3.251216e+03  4.924305e+03 
 1.096681e-01  1.262092e+03  2.334205e+03  3.187118e+03  4.826286e+03 
 1.111968e-01  1.239688e+03  2.292073e+03  3.128939e+03  4.736775e+03 
 1.127468e-01  1.219175e+03  2.253456e+03  3.075568e+03  4.654525e+03 
 1.143184e-01  1.200370e+03  2.217999e+03  3.026515e+03  4.578817e+03 
 1.159120e-01  1.183067e+03  2.185322e+03  2.981261e+03  4.508862e+03 
 1.175277e-01  1.167749e+03  2.157027e+03  2.942553e+03  4.449857e+03 
 1.191660e-01  1.153496e+03  2.130758e+03  2.906656e+03  4.395191e+03 
 1.208271e-01  1.139966e+03  2.105818e+03  2.872567e+03  4.343254e+03 
 1.225114e-01  1.126814e+03  2.081533e+03  2.839355e+03  4.292659e+03 
 1.242191e-01  1.113274e+03  2.056117e+03  2.804433e+03  4.239668e+03 
 1.259506e-01  1.099567e+03  2.030398e+03  2.769103e+03  4.186063e+03 
 1.277063e-01  1.085396e+03  2.003835e+03  2.732628e+03  4.130745e+03 
 1.294865e-01  1.070799e+03  1.976655e+03  2.695335e+03  4.073859e+03 
 1.312915e-01  1.055589e+03  1.948538e+03  2.656785e+03  4.014681e+03 
 1.331216e-01  1.039198e+03  1.918251e+03  2.615288e+03  3.951089e+03 
 1.349772e-01  1.021508e+03  1.885624e+03  2.570666e+03  3.882964e+03 
 1.368587e-01  1.003625e+03  1.854651e+03  2.530592e+03  3.828293e+03 
 1.387665e-01  9.842824e+02  1.820938e+03  2.486732e+03  3.767766e+03 
 1.407008e-01  9.634923e+02  1.784494e+03  2.439089e+03  3.701355e+03 
 1.426621e-01  9.423999e+02  1.748000e+03  2.391409e+03  3.633944e+03 
 1.446507e-01  9.204446e+02  1.710002e+03  2.341629e+03  3.562928e+03 
 1.466671e-01  8.974951e+02  1.670059e+03  2.289104e+03  3.487564e+03 
 1.487115e-01  8.719671e+02  1.623527e+03  2.226371e+03  3.394974e+03 
 1.507845e-01  8.448686e+02  1.572887e+03  2.157222e+03  3.291461e+03 
 1.528864e-01  8.178614e+02  1.522427e+03  2.088305e+03  3.188201e+03 
 1.550175e-01  7.933121e+02  1.478727e+03  2.030383e+03  3.105092e+03 
 1.571784e-01  7.708650e+02  1.440373e+03  1.980914e+03  3.037058e+03 
 1.593694e-01  7.493342e+02  1.403551e+03  1.933386e+03  2.971606e+03 
 1.615909e-01  7.295997e+02  1.370365e+03  1.890924e+03  2.913653e+03 
 1.638434e-01  7.115385e+02  1.340324e+03  1.852731e+03  2.861946e+03 
 1.661273e-01  6.950556e+02  1.313070e+03  1.818236e+03  2.815609e+03 
 1.684430e-01  6.769925e+02  1.279894e+03  1.773565e+03  2.750516e+03 
 1.707910e-01  6.603678e+02  1.249044e+03  1.731829e+03  2.689470e+03 
 1.731717e-01  6.459988e+02  1.222747e+03  1.696494e+03  2.638127e+03 
 1.755856e-01  6.351034e+02  1.204303e+03  1.672564e+03  2.603999e+03 
 1.780332e-01  6.256306e+02  1.188501e+03  1.652259e+03  2.575439e+03 
 1.805149e-01  6.154242e+02  1.168904e+03  1.624634e+03  2.531401e+03 
 1.830312e-01  6.050043e+02  1.147472e+03  1.593241e+03  2.479080e+03 
 1.855825e-01  5.952574e+02  1.127547e+03  1.564224e+03  2.431155e+03 
 1.881694e-01  5.860966e+02  1.110081e+03  1.540292e+03  2.395245e+03 
 1.907924e-01  5.768310e+02  1.092422e+03  1.516095e+03  2.358915e+03 
 1.934520e-01  5.665864e+02  1.072669e+03  1.489040e+03  2.319236e+03 
 1.961486e-01  5.554521e+02  1.051170e+03  1.459583e+03  2.276169e+03 
 1.988828e-01  5.446803e+02  1.031203e+03  1.432569e+03  2.236667e+03 
 2.016551e-01  5.347179e+02  1.013973e+03  1.409798e+03  2.203424e+03 
 2.044661e-01  5.235531e+02  9.942314e+02  1.383356e+03  2.164153e+03 
 2.073162e-01  5.106798e+02  9.699460e+02  1.349576e+03  2.111812e+03 
 2.102061e-01  4.969883e+02  9.441023e+02  1.313627e+03  2.056052e+03 
 2.131362e-01  4.868200e+02  9.296574e+02  1.296971e+03  2.035432e+03 
 2.161073e-01  4.764374e+02  9.148484e+02  1.279843e+03  2.014090e+03 
 2.191197e-01  4.631003e+02  8.920975e+02  1.250752e+03  1.975329e+03 
 2.221741e-01  4.494347e+02  8.680923e+02  1.219602e+03  1.933335e+03 
 2.252711e-01  4.369639e+02  8.469283e+02  1.192746e+03  1.897854e+03 
 2.284112e-01  4.255314e+02  8.278558e+02  1.168839e+03  1.866746e+03 
 2.315951e-01  4.154633e+02  8.103638e+02  1.145541e+03  1.831797e+03 
 2.348235e-01  4.066182e+02  7.948293e+02  1.124418e+03  1.798639e+03 
 2.380968e-01  3.966910e+02  7.756272e+02  1.097559e+03  1.757291e+03 
 2.414157e-01  3.873487e+02  7.571687e+02  1.071605e+03  1.717606e+03 
 2.447809e-01  3.782744e+02  7.394723e+02  1.047102e+03  1.680096e+03 
 2.481930e-01  3.699824e+02  7.233674e+02  1.024880e+03  1.646144e+03 
 2.516527e-01  3.652176e+02  7.152600e+02  1.013871e+03  1.628812e+03 
 2.551606e-01  3.596465e+02  7.051079e+02  9.999089e+02  1.607312e+03 
 2.587174e-01  3.509010e+02  6.872873e+02  9.749163e+02  1.569960e+03 
 2.623238e-01  3.436288e+02  6.735725e+02  9.562255e+02  1.542591e+03 
 2.659804e-01  3.378439e+02  6.640876e+02  9.440461e+02  1.525516e+03 
 2.696881e-01  3.298336e+02  6.493665e+02  9.241773e+02  1.495632e+03 
 2.734474e-01  3.208923e+02  6.326142e+02  9.013850e+02  1.461017e+03 
 2.772591e-01  3.140626e+02  6.215956e+02  8.878592e+02  1.444178e+03 
 2.811239e-01  3.065678e+02  6.087124e+02  8.715335e+02  1.423852e+03 
 2.850426e-01  2.985354e+02  5.940431e+02  8.525002e+02  1.400664e+03 
 2.890160e-01  2.910742e+02  5.815593e+02  8.365501e+02  1.378127e+03 
 2.930447e-01  2.840384e+02  5.695675e+02  8.205876e+02  1.353345e+03 
 2.971296e-01  2.773692e+02  5.566297e+02  8.012298e+02  1.319575e+03 
 3.012714e-01  2.713371e+02  5.462249e+02  7.874541e+02  1.299108e+03 
 3.054710e-01  2.655944e+02  5.366273e+02  7.754832e+02  1.283323e+03 
 3.097291e-01  2.589225e+02  5.241978e+02  7.590303e+02  1.260627e+03 
 3.140465e-01  2.530339e+02  5.122375e+02  7.417088e+02  1.231869e+03 
 3.184242e-01  2.479722e+02  5.020557e+02  7.269036e+02  1.207112e+03 
 3.228628e-01  2.440345e+02  4.954599e+02  7.185990e+02  1.197063e+03 
 3.273634e-01  2.384458e+02  4.840678e+02  7.021016e+02  1.170388e+03 
 3.319266e-01  2.326266e+02  4.726703e+02  6.862862e+02  1.146543e+03 
 3.365535e-01  2.270185e+02  4.626430e+02  6.734303e+02  1.129620e+03 
 3.412449e-01  2.230652e+02  4.575092e+02  6.674484e+02  1.120020e+03 
 3.460016e-01  2.186006e+02  4.502785e+02  6.581582e+02  1.106932e+03 
 3.508247e-01  2.141125e+02  4.423048e+02  6.475065e+02  1.091302e+03 
 3.557150e-01  2.096796e+02  4.340989e+02  6.363720e+02  1.074168e+03 
 3.606735e-01  2.045307e+02  4.249152e+02  6.242728e+02  1.057038e+03 
 3.657011e-01  1.984336e+02  4.133266e+02  6.083385e+02  1.034627e+03 
 3.707988e-01  1.935739e+02  4.039678e+02  5.955042e+02  1.015438e+03 
 3.759675e-01  1.892202e+02  3.955905e+02  5.839534e+02  9.979813e+02 
 3.812083e-01  1.848463e+02  3.876144e+02  5.731232e+02  9.819744e+02 
 3.865221e-01  1.812368e+02  3.822683e+02  5.669220e+02  9.716407e+02 
 3.919100e-01  1.775992e+02  3.737567e+02  5.538571e+02  9.535477e+02 
 3.973730e-01  1.734617e+02  3.668402e+02  5.452569e+02  9.399143e+02 
 4.029122e-01  1.701219e+02  3.616299e+02  5.380523e+02  9.264830e+02 
 4.085286e-01  1.667636e+02  3.544055e+02  5.276372e+02  9.114995e+02 
 4.142232e-01  1.626225e+02  3.459046e+02  5.163280e+02  8.974303e+02 
 4.199973e-01  1.584849e+02  3.387120e+02  5.071754e+02  8.839891e+02 
 4.258518e-01  1.551214e+02  3.324468e+02  4.982425e+02  8.684021e+02 
 4.317880e-01  1.515589e+02  3.254801e+02  4.878861e+02  8.523068e+02 
 4.378069e-01  1.484546e+02  3.192871e+02  4.790232e+02  8.375614e+02 
 4.439097e-01  1.458795e+02  3.152778e+02  4.741812e+02  8.329331e+02 
 4.500975e-01  1.419395e+02  3.078901e+02  4.640494e+02  8.178175e+02 
 4.563716e-01  1.386814e+02  3.011492e+02  4.542304e+02  8.001404e+02 
 4.627332e-01  1.366001e+02  2.983422e+02  4.513107e+02  7.976786e+02 
 4.691835e-01  1.331762e+02  2.914925e+02  4.414199e+02  7.809115e+02 
 4.757236e-01  1.307121e+02  2.866662e+02  4.348194e+02  7.708219e+02 
 4.823549e-01  1.273178e+02  2.796960e+02  4.249288e+02  7.574103e+02 
 4.890787e-01  1.245896e+02  2.743423e+02  4.176403e+02  7.458477e+02 
 4.958962e-01  1.224914e+02  2.702688e+02  4.112905e+02  7.340254e+02 
 5.028087e-01  1.196980e+02  2.654120e+02  4.046916e+02  7.242954e+02 
 5.098176e-01  1.174564e+02  2.612886e+02  3.987168e+02  7.123952e+02 
 5.169242e-01  1.154167e+02  2.574465e+02  3.935244e+02  7.054498e+02 
 5.241298e-01  1.116670e+02  2.509557e+02  3.854845e+02  6.955723e+02 
 5.314359e-01  1.097241e+02  2.480071e+02  3.814899e+02  6.889963e+02 
 5.388438e-01  1.074627e+02  2.428729e+02  3.737516e+02  6.771423e+02 
 5.463550e-01  1.055498e+02  2.391084e+02  3.681036e+02  6.675893e+02 
 5.539709e-01  1.027164e+02  2.340541e+02  3.616553e+02  6.574777e+02 
 5.616930e-01  1.008762e+02  2.304634e+02  3.565191e+02  6.496489e+02 
 5.695227e-01  9.885948e+01  2.271295e+02  3.524186e+02  6.410657e+02 
 5.774615e-01  9.662528e+01  2.219233e+02  3.446056e+02  6.297736e+02 
 5.855110e-01  9.488337e+01  2.187019e+02  3.396160e+02  6.211522e+02 
 5.936727e-01  9.271336e+01  2.136576e+02  3.325674e+02  6.105396e+02 
 6.019482e-01  9.113791e+01  2.112707e+02  3.286782e+02  6.032423e+02 
 6.103390e-01  8.898092e+01  2.075539e+02  3.238544e+02  5.946965e+02 
 6.188468e-01  8.700094e+01  2.041887e+02  3.207975e+02  5.925659e+02 
 6.274732e-01  8.555024e+01  2.004847e+02  3.143550e+02  5.819222e+02 
 6.362198e-01  8.380966e+01  1.974639e+02  3.098946e+02  5.731092e+02 
 6.450884e-01  8.184351e+01  1.939078e+02  3.049779e+02  5.645995e+02 
 6.540806e-01  8.016257e+01  1.898525e+02  2.987873e+02  5.555154e+02 
 6.631981e-01  7.837852e+01  1.870139e+02  2.957406e+02  5.501239e+02 
 6.724427e-01  7.689126e+01  1.837786e+02  2.911708e+02  5.445115e+02 
 6.818162e-01  7.522543e+01  1.805609e+02  2.854697e+02  5.338222e+02 
 6.913204e-01  7.361397e+01  1.772632e+02  2.812275e+02  5.265800e+02 
 7.009570e-01  7.257714e+01  1.746922e+02  2.774114e+02  5.199040e+02 
 7.107280e-01  7.070136e+01  1.717386e+02  2.732861e+02  5.118261e+02 
 7.206351e-01  6.961544e+01  1.691551e+02  2.697747e+02  5.075338e+02 
 7.306804e-01  6.819222e+01  1.666231e+02  2.656089e+02  4.987359e+02 
 7.408657e-01  6.668688e+01  1.633920e+02  2.609344e+02  4.922364e+02 
 7.511929e-01  6.527299e+01  1.604390e+02  2.571069e+02  4.857123e+02 
 7.616642e-01  6.402287e+01  1.576007e+02  2.530583e+02  4.794661e+02 
 7.722814e-01  6.315584e+01  1.560323e+02  2.503106e+02  4.727982e+02 
 7.830465e-01  6.184041e+01  1.530862e+02  2.461392e+02  4.666915e+02 
 7.939618e-01  6.067820e+01  1.511154e+02  2.429963e+02  4.619337e+02 
 8.050292e-01  5.934238e+01  1.483218e+02  2.397027e+02  4.559788e+02 
 8.162509e-01  5.829568e+01  1.461987e+02  2.357977e+02  4.480501e+02 
 8.276289e-01  5.687777e+01  1.433124e+02  2.320070e+02  4.423980e+02 
 8.391656e-01  5.615038e+01  1.416826e+02  2.288356e+02  4.375254e+02 
 8.508632e-01  5.513585e+01  1.392680e+02  2.257182e+02  4.316926e+02 
 8.627237e-01  5.390880e+01  1.370630e+02  2.223862e+02  4.249060e+02 
 8.747496e-01  5.292196e+01  1.347663e+02  2.191205e+02  4.193897e+02 
 8.869432e-01  5.199416e+01  1.328564e+02  2.161801e+02  4.141096e+02 
 8.993067e-01  5.094076e+01  1.307698e+02  2.129683e+02  4.081969e+02 
 9.118425e-01  5.014620e+01  1.285817e+02  2.094599e+02  4.011055e+02 
 9.245531e-01  4.904845e+01  1.264505e+02  2.062047e+02  3.966032e+02 
 9.374409e-01  4.810887e+01  1.245214e+02  2.035764e+02  3.914539e+02 
 9.505083e-01  4.730149e+01  1.225870e+02  2.006754e+02  3.859251e+02 
 9.637579e-01  4.629764e+01  1.202711e+02  1.971862e+02  3.804142e+02 
 9.771921e-01  4.566911e+01  1.195810e+02  1.953813e+02  3.754229e+02 
 9.908137e-01  4.478623e+01  1.173736e+02  1.922803e+02  3.706229e+02 
 1.004625e+00  4.392809e+01  1.152475e+02  1.890078e+02  3.644022e+02 
 1.018629e+00  4.319112e+01  1.136732e+02  1.864407e+02  3.592101e+02 
 1.032828e+00  4.235778e+01  1.118866e+02  1.840145e+02  3.554684e+02 
 1.047225e+00  4.152692e+01  1.103026e+02  1.811507e+02  3.494071e+02 
 1.061823e+00  4.087118e+01  1.088363e+02  1.787273e+02  3.444777e+02 
 1.076624e+00  4.010588e+01  1.071174e+02  1.760892e+02  3.394060e+02 
 1.091632e+00  3.942638e+01  1.054120e+02  1.736515e+02  3.343261e+02 
 1.106848e+00  3.866422e+01  1.036187e+02  1.709907e+02  3.297562e+02 
 1.122277e+00  3.796951e+01  1.021985e+02  1.682805e+02  3.244287e+02 
 1.137921e+00  3.727479e+01  1.004646e+02  1.657433e+02  3.196571e+02 
 1.153783e+00  3.666769e+01  9.894152e+01  1.632929e+02  3.151753e+02 
 1.169866e+00  3.601911e+01  9.749815e+01  1.608672e+02  3.107922e+02 
 1.186174e+00  3.535502e+01  9.609681e+01  1.585319e+02  3.059363e+02 
 1.202708e+00  3.477296e+01  9.461253e+01  1.562364e+02  3.013306e+02 
 1.219473e+00  3.418618e+01  9.323594e+01  1.540552e+02  2.964387e+02 
 1.236472e+00  3.357369e+01  9.184304e+01  1.518703e+02  2.922224e+02 
 1.253708e+00  3.301269e+01  9.039864e+01  1.493913e+02  2.879297e+02 
 1.271184e+00  3.245468e+01  8.934796e+01  1.476223e+02  2.834723e+02 
 1.288904e+00  3.189076e+01  8.766313e+01  1.450385e+02  2.794477e+02 
 1.306870e+00  3.131009e+01  8.632312e+01  1.428382e+02  2.748343e+02 
 1.325087e+00  3.082622e+01  8.507166e+01  1.407469e+02  2.702377e+02 
 1.343558e+00  3.029904e+01  8.374555e+01  1.385608e+02  2.659763e+02 
 1.362287e+00  2.981586e+01  8.241554e+01  1.362673e+02  2.616743e+02 
 1.381276e+00  2.929287e+01  8.117374e+01  1.339498e+02  2.574263e+02 
 1.400531e+00  2.881390e+01  7.992678e+01  1.319660e+02  2.529493e+02 
 1.420053e+00  2.830219e+01  7.859218e+01  1.299726e+02  2.487247e+02 
 1.439848e+00  2.783878e+01  7.746496e+01  1.277811e+02  2.447039e+02 
 1.459919e+00  2.733668e+01  7.621977e+01  1.257450e+02  2.403647e+02 
 1.480269e+00  2.694264e+01  7.491081e+01  1.236092e+02  2.359517e+02 
 1.500903e+00  2.648099e+01  7.378109e+01  1.215673e+02  2.323894e+02 
 1.521825e+00  2.602762e+01  7.270858e+01  1.197390e+02  2.282891e+02 
 1.543038e+00  2.558017e+01  7.153351e+01  1.178786e+02  2.245941e+02 
 1.564548e+00  2.519535e+01  7.040423e+01  1.159047e+02  2.205351e+02 
 1.586357e+00  2.478226e+01  6.936436e+01  1.140391e+02  2.166188e+02 
 1.608469e+00  2.434818e+01  6.827179e+01  1.121647e+02  2.130263e+02 
 1.630891e+00  2.402124e+01  6.706174e+01  1.100865e+02  2.089063e+02 
 1.653624e+00  2.358780e+01  6.596777e+01  1.083546e+02  2.054796e+02 
 1.676675e+00  2.319487e+01  6.501427e+01  1.066006e+02  2.015764e+02 
 1.700047e+00  2.280488e+01  6.395419e+01  1.047426e+02  1.979662e+02 
 1.723745e+00  2.244795e+01  6.286695e+01  1.029298e+02  1.940675e+02 
 1.747773e+00  2.205208e+01  6.179262e+01  1.010898e+02  1.904617e+02 
 1.772136e+00  2.169090e+01  6.077237e+01  9.928598e+01  1.870512e+02 
 1.796838e+00  2.134565e+01  5.974297e+01  9.755628e+01  1.834628e+02 
 1.821885e+00  2.102130e+01  5.873192e+01  9.577220e+01  1.800358e+02 
 1.847281e+00  2.066711e+01  5.783230e+01  9.417286e+01  1.766132e+02 
 1.873032e+00  2.033320e+01  5.680668e+01  9.231634e+01  1.732888e+02 
 1.899141e+00  1.999340e+01  5.578963e+01  9.070323e+01  1.699616e+02 
 1.925614e+00  1.968179e+01  5.486675e+01  8.909198e+01  1.665741e+02 
 1.952456e+00  1.941360e+01  5.398105e+01  8.750566e+01  1.633059e+02 
 1.979672e+00  1.905479e+01  5.308870e+01  8.591773e+01  1.601407e+02 
 2.007267e+00  1.877172e+01  5.215521e+01  8.420354e+01  1.570620e+02 
 2.035248e+00  1.844127e+01  5.119562e+01  8.261150e+01  1.538379e+02 
 2.063618e+00  1.813935e+01  5.026323e+01  8.105921e+01  1.506899e+02 
 2.092383e+00  1.785070e+01  4.937317e+01  7.947622e+01  1.476414e+02 
 2.121550e+00  1.754609e+01  4.845855e+01  7.793968e+01  1.445682e+02 
 2.151123e+00  1.726320e+01  4.758706e+01  7.638505e+01  1.415112e+02 
 2.181109e+00  1.697402e+01  4.668949e+01  7.490229e+01  1.386471e+02 
 2.211512e+00  1.669578e+01  4.579925e+01  7.336097e+01  1.355958e+02 
 2.242340e+00  1.642087e+01  4.498800e+01  7.192880e+01  1.327869e+02 
 2.273597e+00  1.613135e+01  4.413747e+01  7.041760e+01  1.299646e+02 
 2.305289e+00  1.588379e+01  4.329953e+01  6.902620e+01  1.272239e+02 
 2.337424e+00  1.561897e+01  4.246303e+01  6.759967e+01  1.245312e+02 
 2.370006e+00  1.535530e+01  4.165523e+01  6.624133e+01  1.219216e+02 
 2.403043e+00  1.508561e+01  4.086235e+01  6.484126e+01  1.192504e+02 
 2.436540e+00  1.484390e+01  4.008862e+01  6.351428e+01  1.166532e+02 
 2.470504e+00  1.459469e+01  3.932002e+01  6.216681e+01  1.141065e+02 
 2.504942e+00  1.435024e+01  3.856865e+01  6.088398e+01  1.116279e+02 
 2.539859e+00  1.411721e+01  3.779407e+01  5.957515e+01  1.091280e+02 
 2.575263e+00  1.386509e+01  3.702606e+01  5.834855e+01  1.067587e+02 
 2.611161e+00  1.363758e+01  3.628730e+01  5.704940e+01  1.043736e+02 
 2.647559e+00  1.340364e+01  3.554698e+01  5.578746e+01  1.019802e+02 
 2.684465e+00  1.317402e+01  3.484653e+01  5.456369e+01  9.966400e+01 
 2.721885e+00  1.293451e+01  3.409485e+01  5.336495e+01  9.739227e+01 
 2.759826e+00  1.271035e+01  3.336969e+01  5.216248e+01  9.516763e+01 
 2.798297e+00  1.248409e+01  3.268851e+01  5.100100e+01  9.302372e+01 
 2.837304e+00  1.226493e+01  3.199307e+01  4.985242e+01  9.087045e+01 
 2.876854e+00  1.204488e+01  3.130538e+01  4.872245e+01  8.878051e+01 
 2.916956e+00  1.183197e+01  3.064923e+01  4.761828e+01  8.669175e+01 
 2.957617e+00  1.162495e+01  3.000025e+01  4.655406e+01  8.469145e+01 
 2.998844e+00  1.141561e+01  2.936245e+01  4.548723e+01  8.271499e+01 
 3.040646e+00  1.121081e+01  2.872396e+01  4.444228e+01  8.083859e+01 
 3.083031e+00  1.100985e+01  2.809619e+01  4.342247e+01  7.894625e+01 
 3.126007e+00  1.081478e+01  2.749269e+01  4.242161e+01  7.708137e+01 
 3.169582e+00  1.061552e+01  2.687399e+01  4.141484e+01  7.526611e+01 
 3.213764e+00  1.042047e+01  2.627914e+01  4.044348e+01  7.348285e+01 
 3.258562e+00  1.022408e+01  2.569964e+01  3.948959e+01  7.172649e+01 
 3.303985e+00  1.003303e+01  2.510765e+01  3.854740e+01  7.000788e+01 
 3.350041e+00  9.846532e+00  2.452894e+01  3.761423e+01  6.831224e+01 
 3.396739e+00  9.655915e+00  2.396712e+01  3.671767e+01  6.664122e+01 
 3.444087e+00  9.473221e+00  2.340669e+01  3.581128e+01  6.501989e+01 
 3.492096e+00  9.292570e+00  2.286851e+01  3.495049e+01  6.345269e+01 
 3.540774e+00  9.108301e+00  2.233945e+01  3.410621e+01  6.190912e+01 
 3.590130e+00  8.933429e+00  2.181139e+01  3.326543e+01  6.040657e+01 
 3.640175e+00  8.762241e+00  2.130117e+01  3.246345e+01  5.892801e+01 
 3.690917e+00  8.588037e+00  2.081056e+01  3.165673e+01  5.748928e+01 
 3.742366e+00  8.418780e+00  2.030841e+01  3.088465e+01  5.610265e+01 
 3.794533e+00  8.255668e+00  1.983450e+01  3.012895e+01  5.472666e+01 
 3.847427e+00  8.091319e+00  1.935854e+01  2.938499e+01  5.339754e+01 
 3.901058e+00  7.927100e+00  1.889848e+01  2.866229e+01  5.207775e+01 
 3.955436e+00  7.771529e+00  1.844254e+01  2.793798e+01  5.078224e+01 
 4.010573e+00  7.611049e+00  1.799384e+01  2.724484e+01  4.952948e+01 
 4.066478e+00  7.454435e+00  1.754974e+01  2.655459e+01  4.828444e+01 
 4.123163e+00  7.298761e+00  1.712261e+01  2.588018e+01  4.706736e+01 
 4.180637e+00  7.148446e+00  1.670161e+01  2.522491e+01  4.587588e+01 
 4.238913e+00  6.997918e+00  1.628328e+01  2.457802e+01  4.472441e+01 
 4.298001e+00  6.847056e+00  1.587764e+01  2.395283e+01  4.358825e+01 
 4.357913e+00  6.705579e+00  1.547953e+01  2.334333e+01  4.249457e+01 
 4.418660e+00  6.561460e+00  1.509654e+01  2.274187e+01  4.142547e+01 
 4.480254e+00  6.420041e+00  1.471675e+01  2.216010e+01  4.037648e+01 
 4.542706e+00  6.283449e+00  1.434552e+01  2.159032e+01  3.935414e+01 
 4.606029e+00  6.147762e+00  1.398923e+01  2.103979e+01  3.836848e+01 
 4.670234e+00  6.014308e+00  1.363754e+01  2.050684e+01  3.740485e+01 
 4.735335e+00  5.884374e+00  1.329617e+01  1.998118e+01  3.645978e+01 
 4.801343e+00  5.757924e+00  1.296418e+01  1.947115e+01  3.544316e+01 
 4.868271e+00  5.631380e+00  1.263565e+01  1.896964e+01  3.463136e+01 
 4.936132e+00  5.506926e+00  1.231332e+01  1.847868e+01  3.374764e+01 
 5.004939e+00  5.383790e+00  1.199921e+01  1.799904e+01  3.288056e+01 
 5.074705e+00  5.262072e+00  1.169051e+01  1.752751e+01  3.203468e+01 
 5.145444e+00  5.143947e+00  1.138946e+01  1.707059e+01  3.120792e+01 
 5.217169e+00  5.026278e+00  1.109401e+01  1.662089e+01  3.039400e+01 
 5.289893e+00  4.913149e+00  1.080774e+01  1.618906e+01  2.960988e+01 
 5.363631e+00  4.799324e+00  1.052779e+01  1.576096e+01  2.884114e+01 
 5.438397e+00  4.689788e+00  1.025412e+01  1.534821e+01  2.808939e+01 
 5.514206e+00  4.581847e+00  9.988624e+00  1.494617e+01  2.736189e+01 
 5.591071e+00  4.475124e+00  9.730981e+00  1.455472e+01  2.665352e+01 
 5.669007e+00  4.372992e+00  9.479048e+00  1.417532e+01  2.596705e+01 
 5.748030e+00  4.271872e+00  9.234960e+00  1.380472e+01  2.529354e+01 
 5.828155e+00  4.173128e+00  8.997290e+00  1.344612e+01  2.464072e+01 
 5.909396e+00  4.076489e+00  8.765616e+00  1.309667e+01  2.400740e+01 
 5.991770e+00  3.981582e+00  8.539130e+00  1.275434e+01  2.338855e+01 
 6.075292e+00  3.888875e+00  8.319122e+00  1.242205e+01  2.277972e+01 
 6.159978e+00  3.797328e+00  8.102951e+00  1.209709e+01  2.218729e+01 
 6.245845e+00  3.707683e+00  7.891828e+00  1.177930e+01  2.160601e+01 
 6.332908e+00  3.619274e+00  7.684992e+00  1.146733e+01  2.103587e+01 
 6.421186e+00  3.533331e+00  7.483942e+00  1.116343e+01  2.048082e+01 
 6.510694e+00  3.448568e+00  7.287613e+00  1.086832e+01  1.994060e+01 
 6.601449e+00  3.366319e+00  7.097013e+00  1.058088e+01  1.941351e+01 
 6.693470e+00  3.285221e+00  6.910555e+00  1.029995e+01  1.889930e+01 
 6.786773e+00  3.206414e+00  6.729745e+00  1.002716e+01  1.840079e+01 
 6.881377e+00  3.129808e+00  6.554344e+00  9.762574e+00  1.791372e+01 
 6.977300e+00  3.054877e+00  6.384014e+00  9.506963e+00  1.744185e+01 
 7.074559e+00  2.982144e+00  6.218079e+00  9.256420e+00  1.698242e+01 
 7.173175e+00  2.910801e+00  6.057410e+00  9.014162e+00  1.653707e+01 
 7.273165e+00  2.841699e+00  5.901232e+00  8.779572e+00  1.610367e+01 
 7.374549e+00  2.773982e+00  5.749055e+00  8.550091e+00  1.568264e+01 
 7.477346e+00  2.707730e+00  5.601331e+00  8.328161e+00  1.527114e+01 
 7.581576e+00  2.643338e+00  5.456406e+00  8.110190e+00  1.486959e+01 
 7.687260e+00  2.579927e+00  5.315428e+00  7.897507e+00  1.447734e+01 
 7.794416e+00  2.517911e+00  5.177607e+00  7.688815e+00  1.409264e+01 
 7.903066e+00  2.457311e+00  5.042410e+00  7.485345e+00  1.371632e+01 
 8.013230e+00  2.397963e+00  4.911594e+00  7.288416e+00  1.335056e+01 
 8.124930e+00  2.339995e+00  4.783729e+00  7.095712e+00  1.299311e+01 
 8.238187e+00  2.283680e+00  4.659215e+00  6.907648e+00  1.264533e+01 
 8.353023e+00  2.228627e+00  4.538313e+00  6.725275e+00  1.230676e+01 
 8.469460e+00  2.175187e+00  4.420961e+00  6.548239e+00  1.197797e+01 
 8.587519e+00  2.123163e+00  4.306783e+00  6.375981e+00  1.165840e+01 
 8.707225e+00  2.072515e+00  4.195780e+00  6.208906e+00  1.134830e+01 
 8.828599e+00  2.023355e+00  4.088603e+00  6.046860e+00  1.104640e+01 
 8.951665e+00  1.975386e+00  3.984458e+00  5.889238e+00  1.075430e+01 
 9.076446e+00  1.928918e+00  3.883229e+00  5.736682e+00  1.047025e+01 
 9.202967e+00  1.883598e+00  3.784801e+00  5.588379e+00  1.019372e+01 
 9.331251e+00  1.839383e+00  3.688882e+00  5.443459e+00  9.924441e+00 
 9.461324e+00  0.000000e+00  0.000000e+00  0.000000e+00  0.000000e+00 
 9.593209e+00  0.000000e+00  0.000000e+00  0.000000e+00  0.000000e+00 
 9.726934e+00  0.000000e+00  0.000000e+00  0.000000e+00  0.000000e+00 
 9.862522e+00  0.000000e+00  0.000000e+00  0.000000e+00  0.000000e+00 
 1.000000e+01  0.000000e+00  0.000000e+00  0.000000e+00  0.000000e+00 
