 1.000000e-02  5.722911e+03  1.053988e+04  1.434680e+04  2.158753e+04 
 1.013939e-02  5.752789e+03  1.059471e+04  1.442131e+04  2.169920e+04 
 1.028073e-02  5.782161e+03  1.064864e+04  1.449455e+04  2.180896e+04 
 1.042404e-02  5.811019e+03  1.070160e+04  1.456647e+04  2.191673e+04 
 1.056935e-02  5.839331e+03  1.075356e+04  1.463705e+04  2.202241e+04 
 1.071668e-02  5.867092e+03  1.080449e+04  1.470620e+04  2.212597e+04 
 1.086606e-02  5.894281e+03  1.085436e+04  1.477391e+04  2.222736e+04 
 1.101753e-02  5.920868e+03  1.090313e+04  1.484012e+04  2.232648e+04 
 1.117111e-02  5.946845e+03  1.095076e+04  1.490478e+04  2.242324e+04 
 1.132683e-02  5.972175e+03  1.099721e+04  1.496781e+04  2.251754e+04 
 1.148472e-02  5.996850e+03  1.104243e+04  1.502917e+04  2.260934e+04 
 1.164481e-02  6.020845e+03  1.108639e+04  1.508884e+04  2.269854e+04 
 1.180713e-02  6.044132e+03  1.112907e+04  1.514671e+04  2.278506e+04 
 1.197171e-02  6.066696e+03  1.117039e+04  1.520276e+04  2.286879e+04 
 1.213859e-02  6.088517e+03  1.121032e+04  1.525693e+04  2.294971e+04 
 1.230780e-02  6.109565e+03  1.124886e+04  1.530916e+04  2.302770e+04 
 1.247936e-02  6.129833e+03  1.128593e+04  1.535942e+04  2.310270e+04 
 1.265332e-02  6.149291e+03  1.132151e+04  1.540763e+04  2.317462e+04 
 1.282970e-02  6.167918e+03  1.135557e+04  1.545377e+04  2.324340e+04 
 1.300854e-02  6.185706e+03  1.138807e+04  1.549777e+04  2.330895e+04 
 1.318987e-02  6.202622e+03  1.141894e+04  1.553957e+04  2.337120e+04 
 1.337373e-02  6.218646e+03  1.144819e+04  1.557916e+04  2.343009e+04 
 1.356015e-02  6.233774e+03  1.147578e+04  1.561646e+04  2.348554e+04 
 1.374917e-02  6.247974e+03  1.150164e+04  1.565143e+04  2.353747e+04 
 1.394083e-02  6.261219e+03  1.152575e+04  1.568399e+04  2.358576e+04 
 1.413516e-02  6.273476e+03  1.154803e+04  1.571409e+04  2.363034e+04 
 1.433219e-02  6.284743e+03  1.156849e+04  1.574167e+04  2.367114e+04 
 1.453198e-02  6.294988e+03  1.158706e+04  1.576670e+04  2.370804e+04 
 1.473454e-02  6.304194e+03  1.160371e+04  1.578911e+04  2.374102e+04 
 1.493993e-02  6.312332e+03  1.161839e+04  1.580881e+04  2.376994e+04 
 1.514819e-02  6.319425e+03  1.163117e+04  1.582595e+04  2.379501e+04 
 1.535935e-02  6.325436e+03  1.164194e+04  1.584037e+04  2.381598e+04 
 1.557345e-02  6.330328e+03  1.165066e+04  1.585199e+04  2.383272e+04 
 1.579053e-02  6.334075e+03  1.165726e+04  1.586074e+04  2.384512e+04 
 1.601064e-02  6.336665e+03  1.166174e+04  1.586656e+04  2.385315e+04 
 1.623382e-02  6.338074e+03  1.166402e+04  1.586942e+04  2.385670e+04 
 1.646012e-02  6.338295e+03  1.166413e+04  1.586930e+04  2.385577e+04 
 1.668956e-02  6.337311e+03  1.166202e+04  1.586616e+04  2.385028e+04 
 1.692220e-02  6.335108e+03  1.165766e+04  1.585995e+04  2.384019e+04 
 1.715809e-02  6.331666e+03  1.165101e+04  1.585063e+04  2.382540e+04 
 1.739726e-02  6.326973e+03  1.164204e+04  1.583818e+04  2.380588e+04 
 1.763977e-02  6.321004e+03  1.163074e+04  1.582253e+04  2.378155e+04 
 1.788566e-02  6.313744e+03  1.161706e+04  1.580363e+04  2.375234e+04 
 1.813498e-02  6.305180e+03  1.160095e+04  1.578144e+04  2.371821e+04 
 1.838777e-02  6.295292e+03  1.158243e+04  1.575596e+04  2.367909e+04 
 1.864409e-02  6.284076e+03  1.156146e+04  1.572715e+04  2.363495e+04 
 1.890397e-02  6.271510e+03  1.153799e+04  1.569494e+04  2.358571e+04 
 1.916748e-02  6.257591e+03  1.151204e+04  1.565935e+04  2.353138e+04 
 1.943467e-02  6.242305e+03  1.148357e+04  1.562033e+04  2.347190e+04 
 1.970558e-02  6.225663e+03  1.145260e+04  1.557791e+04  2.340730e+04 
 1.998026e-02  6.207645e+03  1.141910e+04  1.553204e+04  2.333751e+04 
 2.025878e-02  6.188258e+03  1.138308e+04  1.548273e+04  2.326257e+04 
 2.054117e-02  6.167499e+03  1.134453e+04  1.542999e+04  2.318246e+04 
 2.082751e-02  6.145378e+03  1.130347e+04  1.537384e+04  2.309722e+04 
 2.111783e-02  6.121902e+03  1.125992e+04  1.531429e+04  2.300688e+04 
 2.141220e-02  6.097163e+03  1.121400e+04  1.525151e+04  2.291154e+04 
 2.171068e-02  6.071628e+03  1.116637e+04  1.518610e+04  2.281160e+04 
 2.201331e-02  6.044744e+03  1.111625e+04  1.511732e+04  2.270657e+04 
 2.232016e-02  6.016506e+03  1.106363e+04  1.504514e+04  2.259645e+04 
 2.263130e-02  5.986927e+03  1.100856e+04  1.496960e+04  2.248128e+04 
 2.294676e-02  5.956003e+03  1.095102e+04  1.489071e+04  2.236106e+04 
 2.326663e-02  5.923747e+03  1.089100e+04  1.480848e+04  2.223583e+04 
 2.359095e-02  5.890175e+03  1.082857e+04  1.472295e+04  2.210564e+04 
 2.391980e-02  5.855291e+03  1.076373e+04  1.463413e+04  2.197054e+04 
 2.425323e-02  5.819118e+03  1.069653e+04  1.454211e+04  2.183060e+04 
 2.459130e-02  5.781686e+03  1.062700e+04  1.444693e+04  2.168593e+04 
 2.493409e-02  5.743021e+03  1.055522e+04  1.434869e+04  2.153666e+04 
 2.528166e-02  5.703154e+03  1.048121e+04  1.424743e+04  2.138287e+04 
 2.563407e-02  5.662109e+03  1.040506e+04  1.414326e+04  2.122470e+04 
 2.599140e-02  5.619942e+03  1.032683e+04  1.403625e+04  2.106231e+04 
 2.635371e-02  5.576694e+03  1.024663e+04  1.392655e+04  2.089587e+04 
 2.672106e-02  5.532421e+03  1.016454e+04  1.381431e+04  2.072561e+04 
 2.709354e-02  5.487147e+03  1.008061e+04  1.369958e+04  2.055164e+04 
 2.747121e-02  5.440907e+03  9.994921e+03  1.358244e+04  2.037406e+04 
 2.785414e-02  5.393658e+03  9.907393e+03  1.346284e+04  2.019283e+04 
 2.824241e-02  5.345142e+03  9.817657e+03  1.334036e+04  2.000754e+04 
 2.863610e-02  5.295753e+03  9.726322e+03  1.321568e+04  1.981900e+04 
 2.903527e-02  5.245528e+03  9.633453e+03  1.308894e+04  1.962734e+04 
 2.944000e-02  5.194506e+03  9.539121e+03  1.296022e+04  1.943273e+04 
 2.985038e-02  5.142730e+03  9.443422e+03  1.282963e+04  1.923535e+04 
 3.026648e-02  5.090267e+03  9.346446e+03  1.269734e+04  1.903541e+04 
 3.068838e-02  5.037164e+03  9.248313e+03  1.256346e+04  1.883310e+04 
 3.111616e-02  4.983480e+03  9.149130e+03  1.242816e+04  1.862869e+04 
 3.154990e-02  4.929296e+03  9.049014e+03  1.229161e+04  1.842241e+04 
 3.198969e-02  4.874677e+03  8.948127e+03  1.215400e+04  1.821457e+04 
 3.243561e-02  4.819712e+03  8.846600e+03  1.201554e+04  1.800544e+04 
 3.288774e-02  4.764478e+03  8.744594e+03  1.187644e+04  1.779538e+04 
 3.334618e-02  4.709088e+03  8.642301e+03  1.173693e+04  1.758473e+04 
 3.381101e-02  4.653613e+03  8.539857e+03  1.159725e+04  1.737381e+04 
 3.428231e-02  4.598113e+03  8.437384e+03  1.145752e+04  1.716282e+04 
 3.476019e-02  4.542515e+03  8.335045e+03  1.131834e+04  1.695380e+04 
 3.524473e-02  4.486969e+03  8.232830e+03  1.117935e+04  1.674507e+04 
 3.573602e-02  4.431541e+03  8.130829e+03  1.104065e+04  1.653678e+04 
 3.623416e-02  4.376269e+03  8.029125e+03  1.090235e+04  1.632911e+04 
 3.673925e-02  4.321221e+03  7.927829e+03  1.076462e+04  1.612227e+04 
 3.725137e-02  4.266444e+03  7.827036e+03  1.062756e+04  1.591646e+04 
 3.777064e-02  4.212001e+03  7.726862e+03  1.049135e+04  1.571190e+04 
 3.829714e-02  4.157955e+03  7.627433e+03  1.035614e+04  1.550887e+04 
 3.883098e-02  4.104376e+03  7.528856e+03  1.022210e+04  1.530758e+04 
 3.937226e-02  4.051339e+03  7.431272e+03  1.008941e+04  1.510833e+04 
 3.992109e-02  3.998911e+03  7.334810e+03  9.958251e+03  1.491135e+04 
 4.047757e-02  3.947157e+03  7.239566e+03  9.828692e+03  1.471668e+04 
 4.104181e-02  3.895936e+03  7.144638e+03  9.698881e+03  1.451958e+04 
 4.161391e-02  3.845578e+03  7.051319e+03  9.571235e+03  1.432576e+04 
 4.219398e-02  3.796145e+03  6.959689e+03  9.445897e+03  1.413542e+04 
 4.278214e-02  3.747655e+03  6.869815e+03  9.322930e+03  1.394865e+04 
 4.337850e-02  3.700129e+03  6.781714e+03  9.202398e+03  1.376554e+04 
 4.398317e-02  3.653594e+03  6.695435e+03  9.084344e+03  1.358615e+04 
 4.459628e-02  3.608065e+03  6.611009e+03  8.968802e+03  1.341055e+04 
 4.521792e-02  3.563557e+03  6.528463e+03  8.855831e+03  1.323881e+04 
 4.584824e-02  3.520085e+03  6.447826e+03  8.745450e+03  1.307096e+04 
 4.648734e-02  3.477664e+03  6.369125e+03  8.637708e+03  1.290708e+04 
 4.713535e-02  3.436513e+03  6.293603e+03  8.535155e+03  1.275339e+04 
 4.779239e-02  3.396556e+03  6.220771e+03  8.436796e+03  1.260741e+04 
 4.845859e-02  3.357671e+03  6.149896e+03  8.341076e+03  1.246537e+04 
 4.913407e-02  3.319847e+03  6.080958e+03  8.247977e+03  1.232722e+04 
 4.981898e-02  3.283062e+03  6.013918e+03  8.157459e+03  1.219290e+04 
 5.051342e-02  3.247287e+03  5.948729e+03  8.069433e+03  1.206231e+04 
 5.121755e-02  3.212486e+03  5.885324e+03  7.983819e+03  1.193531e+04 
 5.193150e-02  3.178621e+03  5.823630e+03  7.900528e+03  1.181177e+04 
 5.265540e-02  3.145651e+03  5.763568e+03  7.819445e+03  1.169153e+04 
 5.338938e-02  3.113256e+03  5.704061e+03  7.738603e+03  1.157025e+04 
 5.413360e-02  3.081325e+03  5.644818e+03  7.657490e+03  1.144693e+04 
 5.488820e-02  3.050106e+03  5.586882e+03  7.578154e+03  1.132628e+04 
 5.565331e-02  3.019538e+03  5.530142e+03  7.500451e+03  1.120808e+04 
 5.642908e-02  2.989512e+03  5.474394e+03  7.424104e+03  1.109190e+04 
 5.721568e-02  2.959935e+03  5.419463e+03  7.348857e+03  1.097738e+04 
 5.801323e-02  2.930675e+03  5.365133e+03  7.274434e+03  1.086414e+04 
 5.882190e-02  2.901762e+03  5.311477e+03  7.200963e+03  1.075242e+04 
 5.964185e-02  2.873250e+03  5.258957e+03  7.129456e+03  1.064480e+04 
 6.047322e-02  2.845452e+03  5.208768e+03  7.062194e+03  1.054646e+04 
 6.131619e-02  2.817455e+03  5.158186e+03  6.994364e+03  1.044719e+04 
 6.217090e-02  2.789307e+03  5.107293e+03  6.926070e+03  1.034712e+04 
 6.303753e-02  2.760854e+03  5.055833e+03  6.856995e+03  1.024586e+04 
 6.391624e-02  2.732018e+03  5.003669e+03  6.786970e+03  1.014318e+04 
 6.480720e-02  2.702670e+03  4.950575e+03  6.715692e+03  1.003865e+04 
 6.571058e-02  2.672699e+03  4.896338e+03  6.642865e+03  9.931824e+03 
 6.662655e-02  2.640739e+03  4.836402e+03  6.560118e+03  9.804049e+03 
 6.755528e-02  2.607933e+03  4.774865e+03  6.475147e+03  9.672788e+03 
 6.849697e-02  2.574242e+03  4.711720e+03  6.388013e+03  9.538365e+03 
 6.945178e-02  2.539600e+03  4.646850e+03  6.298570e+03  9.400546e+03 
 7.041990e-02  2.503940e+03  4.580146e+03  6.206654e+03  9.259114e+03 
 7.140151e-02  2.467217e+03  4.511513e+03  6.112160e+03  9.113900e+03 
 7.239681e-02  2.429683e+03  4.441705e+03  6.016459e+03  8.968158e+03 
 7.340598e-02  2.391368e+03  4.370838e+03  5.919774e+03  8.822448e+03 
 7.442922e-02  2.351946e+03  4.297962e+03  5.820389e+03  8.672747e+03 
 7.546673e-02  2.311445e+03  4.223135e+03  5.718373e+03  8.519167e+03 
 7.651869e-02  2.269911e+03  4.146430e+03  5.613838e+03  8.361876e+03 
 7.758532e-02  2.227402e+03  4.067967e+03  5.506944e+03  8.201114e+03 
 7.866682e-02  2.184919e+03  3.990811e+03  5.403059e+03  8.047934e+03 
 7.976339e-02  2.143117e+03  3.916913e+03  5.305564e+03  7.909254e+03 
 8.087525e-02  2.100586e+03  3.841616e+03  5.206112e+03  7.767472e+03 
 8.200261e-02  2.057470e+03  3.765174e+03  5.105037e+03  7.623082e+03 
 8.314568e-02  2.013916e+03  3.687864e+03  5.002704e+03  7.476628e+03 
 8.430468e-02  1.970095e+03  3.609989e+03  4.899531e+03  7.328711e+03 
 8.547985e-02  1.925252e+03  3.528804e+03  4.790503e+03  7.168741e+03 
 8.667139e-02  1.880107e+03  3.446397e+03  4.679172e+03  7.003756e+03 
 8.787954e-02  1.835306e+03  3.364609e+03  4.568654e+03  6.839934e+03 
 8.910453e-02  1.791046e+03  3.283803e+03  4.459453e+03  6.678017e+03 
 9.034660e-02  1.747526e+03  3.204344e+03  4.352062e+03  6.518738e+03 
 9.160598e-02  1.705645e+03  3.128834e+03  4.250881e+03  6.370678e+03 
 9.288292e-02  1.665498e+03  3.057339e+03  4.155890e+03  6.233578e+03 
 9.417766e-02  1.626593e+03  2.988047e+03  4.063817e+03  6.100637e+03 
 9.549045e-02  1.589090e+03  2.921254e+03  3.975055e+03  5.972462e+03 
 9.682153e-02  1.553124e+03  2.857216e+03  3.889959e+03  5.849595e+03 
 9.817117e-02  1.519093e+03  2.797084e+03  3.810503e+03  5.735937e+03 
 9.953962e-02  1.486913e+03  2.740441e+03  3.735849e+03  5.629640e+03 
 1.009272e-01  1.456545e+03  2.687056e+03  3.665552e+03  5.529691e+03 
 1.023340e-01  1.428027e+03  2.637009e+03  3.599718e+03  5.436264e+03 
 1.037605e-01  1.400677e+03  2.588216e+03  3.534776e+03  5.342311e+03 
 1.052069e-01  1.372567e+03  2.534858e+03  3.460752e+03  5.228222e+03 
 1.066734e-01  1.346319e+03  2.484978e+03  3.391496e+03  5.121367e+03 
 1.081604e-01  1.321839e+03  2.438393e+03  3.326753e+03  5.021365e+03 
 1.096681e-01  1.298995e+03  2.394863e+03  3.266194e+03  4.927706e+03 
 1.111968e-01  1.278036e+03  2.355293e+03  3.211293e+03  4.842581e+03 
 1.127468e-01  1.258386e+03  2.318183e+03  3.159772e+03  4.762580e+03 
 1.143184e-01  1.239821e+03  2.283089e+03  3.111009e+03  4.686779e+03 
 1.159120e-01  1.222113e+03  2.249590e+03  3.064434e+03  4.614318e+03 
 1.175277e-01  1.206081e+03  2.220336e+03  3.024618e+03  4.554017e+03 
 1.191660e-01  1.190489e+03  2.191988e+03  2.986123e+03  4.495893e+03 
 1.208271e-01  1.174980e+03  2.163799e+03  2.947847e+03  4.438129e+03 
 1.225114e-01  1.159280e+03  2.135245e+03  2.909097e+03  4.379781e+03 
 1.242191e-01  1.142867e+03  2.105255e+03  2.868517e+03  4.319713e+03 
 1.259506e-01  1.125823e+03  2.074111e+03  2.826372e+03  4.257313e+03 
 1.277063e-01  1.107978e+03  2.041491e+03  2.782224e+03  4.191918e+03 
 1.294865e-01  1.089525e+03  2.007940e+03  2.736826e+03  4.124287e+03 
 1.312915e-01  1.070399e+03  1.973361e+03  2.690054e+03  4.054159e+03 
 1.331216e-01  1.050128e+03  1.936663e+03  2.640392e+03  3.979719e+03 
 1.349772e-01  1.028736e+03  1.897930e+03  2.588015e+03  3.901354e+03 
 1.368587e-01  1.007465e+03  1.861477e+03  2.541084e+03  3.837973e+03 
 1.387665e-01  9.851537e+02  1.823012e+03  2.491323e+03  3.770099e+03 
 1.407008e-01  9.619664e+02  1.782821e+03  2.439110e+03  3.698274e+03 
 1.426621e-01  9.389190e+02  1.743011e+03  2.387064e+03  3.624705e+03 
 1.446507e-01  9.156587e+02  1.702746e+03  2.334212e+03  3.549133e+03 
 1.466671e-01  8.921825e+02  1.661941e+03  2.280516e+03  3.472075e+03 
 1.487115e-01  8.665970e+02  1.615147e+03  2.217235e+03  3.378435e+03 
 1.507845e-01  8.399832e+02  1.565078e+03  2.148550e+03  3.275221e+03 
 1.528864e-01  8.141768e+02  1.516515e+03  2.081922e+03  3.175038e+03 
 1.550175e-01  7.913690e+02  1.475526e+03  2.027188e+03  3.095723e+03 
 1.571784e-01  7.711136e+02  1.440603e+03  1.981776e+03  3.032398e+03 
 1.593694e-01  7.521615e+02  1.407970e+03  1.939384e+03  2.973385e+03 
 1.615909e-01  7.351632e+02  1.379175e+03  1.902262e+03  2.922096e+03 
 1.638434e-01  7.198770e+02  1.353592e+03  1.869503e+03  2.877214e+03 
 1.661273e-01  7.060830e+02  1.330693e+03  1.840344e+03  2.837648e+03 
 1.684430e-01  6.903695e+02  1.301357e+03  1.800481e+03  2.779040e+03 
 1.707910e-01  6.756564e+02  1.273551e+03  1.762493e+03  2.722922e+03 
 1.731717e-01  6.627562e+02  1.249568e+03  1.729972e+03  2.675184e+03 
 1.755856e-01  6.531673e+02  1.233491e+03  1.709165e+03  2.645491e+03 
 1.780332e-01  6.442886e+02  1.218725e+03  1.690151e+03  2.618538e+03 
 1.805149e-01  6.340357e+02  1.199154e+03  1.662640e+03  2.574966e+03 
 1.830312e-01  6.228841e+02  1.176585e+03  1.629899e+03  2.521272e+03 
 1.855825e-01  6.117660e+02  1.154423e+03  1.598098e+03  2.469910e+03 
 1.881694e-01  6.009771e+02  1.134749e+03  1.571850e+03  2.432032e+03 
 1.907924e-01  5.896350e+02  1.114036e+03  1.544153e+03  2.391897e+03 
 1.934520e-01  5.770787e+02  1.090868e+03  1.513190e+03  2.347996e+03 
 1.961486e-01  5.635636e+02  1.065848e+03  1.479704e+03  2.300567e+03 
 1.988828e-01  5.505361e+02  1.042485e+03  1.448709e+03  2.256486e+03 
 2.016551e-01  5.386205e+02  1.022253e+03  1.422328e+03  2.218820e+03 
 2.044661e-01  5.258940e+02  1.000129e+03  1.393051e+03  2.176219e+03 
 2.073162e-01  5.116645e+02  9.734197e+02  1.356059e+03  2.119608e+03 
 2.102061e-01  4.973139e+02  9.464439e+02  1.318672e+03  2.062305e+03 
 2.131362e-01  4.870437e+02  9.315657e+02  1.301087e+03  2.039285e+03 
 2.161073e-01  4.772410e+02  9.176028e+02  1.284795e+03  2.018251e+03 
 2.191197e-01  4.646325e+02  8.957928e+02  1.256700e+03  1.980608e+03 
 2.221741e-01  4.520594e+02  8.734092e+02  1.227526e+03  1.941453e+03 
 2.252711e-01  4.409118e+02  8.542277e+02  1.203024e+03  1.908873e+03 
 2.284112e-01  4.308966e+02  8.373083e+02  1.181687e+03  1.880867e+03 
 2.315951e-01  4.222845e+02  8.220289e+02  1.160988e+03  1.848999e+03 
 2.348235e-01  4.146927e+02  8.083381e+02  1.141938e+03  1.818071e+03 
 2.380968e-01  4.057045e+02  7.906875e+02  1.117101e+03  1.779880e+03 
 2.414157e-01  3.967576e+02  7.728136e+02  1.091901e+03  1.741585e+03 
 2.447809e-01  3.878216e+02  7.555982e+02  1.068240e+03  1.705757e+03 
 2.481930e-01  3.791328e+02  7.389906e+02  1.045499e+03  1.671327e+03 
 2.516527e-01  3.739303e+02  7.304940e+02  1.034208e+03  1.654060e+03 
 2.551606e-01  3.674839e+02  7.191494e+02  1.018896e+03  1.631087e+03 
 2.587174e-01  3.575796e+02  6.997559e+02  9.922354e+02  1.592288e+03 
 2.623238e-01  3.491416e+02  6.843787e+02  9.716328e+02  1.562732e+03 
 2.659804e-01  3.423681e+02  6.734864e+02  9.577745e+02  1.543478e+03 
 2.696881e-01  3.333811e+02  6.572251e+02  9.359231e+02  1.510707e+03 
 2.734474e-01  3.237829e+02  6.394714e+02  9.118561e+02  1.474248e+03 
 2.772591e-01  3.166136e+02  6.278421e+02  8.975031e+02  1.456096e+03 
 2.811239e-01  3.091261e+02  6.149423e+02  8.812535e+02  1.436226e+03 
 2.850426e-01  3.012974e+02  6.005288e+02  8.627694e+02  1.414701e+03 
 2.890160e-01  2.943516e+02  5.887572e+02  8.475868e+02  1.392802e+03 
 2.930447e-01  2.879939e+02  5.777317e+02  8.326699e+02  1.369078e+03 
 2.971296e-01  2.819680e+02  5.655507e+02  8.140688e+02  1.336751e+03 
 3.012714e-01  2.765706e+02  5.562063e+02  8.016198e+02  1.318154e+03 
 3.054710e-01  2.712406e+02  5.474230e+02  7.907543e+02  1.303876e+03 
 3.097291e-01  2.647112e+02  5.354960e+02  7.752334e+02  1.283120e+03 
 3.140465e-01  2.587036e+02  5.233678e+02  7.576823e+02  1.254079e+03 
 3.184242e-01  2.533051e+02  5.126165e+02  7.420787e+02  1.228075e+03 
 3.228628e-01  2.490496e+02  5.057237e+02  7.335790e+02  1.217986e+03 
 3.273634e-01  2.428686e+02  4.933720e+02  7.158415e+02  1.189624e+03 
 3.319266e-01  2.364470e+02  4.810252e+02  6.988308e+02  1.164151e+03 
 3.365535e-01  2.303904e+02  4.703835e+02  6.852670e+02  1.146298e+03 
 3.412449e-01  2.262827e+02  4.649564e+02  6.786690e+02  1.135306e+03 
 3.460016e-01  2.217613e+02  4.575748e+02  6.691042e+02  1.121714e+03 
 3.508247e-01  2.173409e+02  4.496649e+02  6.585131e+02  1.106253e+03 
 3.557150e-01  2.130978e+02  4.417475e+02  6.477496e+02  1.089784e+03 
 3.606735e-01  2.082319e+02  4.330513e+02  6.363298e+02  1.073619e+03 
 3.657011e-01  2.023660e+02  4.219285e+02  6.212105e+02  1.053039e+03 
 3.707988e-01  1.977016e+02  4.130135e+02  6.090874e+02  1.035077e+03 
 3.759675e-01  1.934367e+02  4.048873e+02  5.979548e+02  1.018495e+03 
 3.812083e-01  1.890044e+02  3.968715e+02  5.870930e+02  1.002777e+03 
 3.865221e-01  1.852268e+02  3.913290e+02  5.804210e+02  9.908408e+02 
 3.919100e-01  1.813378e+02  3.822553e+02  5.667857e+02  9.729156e+02 
 3.973730e-01  1.769486e+02  3.750914e+02  5.577766e+02  9.582554e+02 
 4.029122e-01  1.734824e+02  3.696040e+02  5.499944e+02  9.436089e+02 
 4.085286e-01  1.699220e+02  3.619326e+02  5.390708e+02  9.281393e+02 
 4.142232e-01  1.656340e+02  3.532449e+02  5.277378e+02  9.143749e+02 
 4.199973e-01  1.615376e+02  3.462553e+02  5.188877e+02  9.012166e+02 
 4.258518e-01  1.582929e+02  3.401732e+02  5.101299e+02  8.857789e+02 
 4.317880e-01  1.548534e+02  3.333111e+02  4.999766e+02  8.705058e+02 
 4.378069e-01  1.518398e+02  3.273484e+02  4.914617e+02  8.562813e+02 
 4.439097e-01  1.493378e+02  3.235130e+02  4.869518e+02  8.525736e+02 
 4.500975e-01  1.453236e+02  3.160375e+02  4.766596e+02  8.372949e+02 
 4.563716e-01  1.419101e+02  3.090178e+02  4.663807e+02  8.187373e+02 
 4.627332e-01  1.397656e+02  3.061019e+02  4.633034e+02  8.158000e+02 
 4.691835e-01  1.362136e+02  2.986513e+02  4.529743e+02  7.982591e+02 
 4.757236e-01  1.336366e+02  2.940056e+02  4.461997e+02  7.879960e+02 
 4.823549e-01  1.301682e+02  2.868658e+02  4.362674e+02  7.750118e+02 
 4.890787e-01  1.274446e+02  2.816045e+02  4.290820e+02  7.635282e+02 
 4.958962e-01  1.254207e+02  2.776133e+02  4.227822e+02  7.518805e+02 
 5.028087e-01  1.227058e+02  2.728821e+02  4.163797e+02  7.426067e+02 
 5.098176e-01  1.204750e+02  2.687744e+02  4.102392e+02  7.302402e+02 
 5.169242e-01  1.184251e+02  2.649089e+02  4.051124e+02  7.232910e+02 
 5.241298e-01  1.146072e+02  2.584477e+02  3.972254e+02  7.136742e+02 
 5.314359e-01  1.126283e+02  2.553307e+02  3.928307e+02  7.065912e+02 
 5.388438e-01  1.102882e+02  2.500208e+02  3.849239e+02  6.947770e+02 
 5.463550e-01  1.083554e+02  2.461633e+02  3.790972e+02  6.851597e+02 
 5.539709e-01  1.055260e+02  2.412642e+02  3.728066e+02  6.751363e+02 
 5.616930e-01  1.036895e+02  2.376573e+02  3.676682e+02  6.672482e+02 
 5.695227e-01  1.016833e+02  2.344716e+02  3.636351e+02  6.581094e+02 
 5.774615e-01  9.939066e+01  2.291422e+02  3.558267e+02  6.472378e+02 
 5.855110e-01  9.763731e+01  2.258000e+02  3.505568e+02  6.385216e+02 
 5.936727e-01  9.540999e+01  2.206105e+02  3.435054e+02  6.279642e+02 
 6.019482e-01  9.384206e+01  2.181990e+02  3.394129e+02  6.204341e+02 
 6.103390e-01  9.165679e+01  2.144853e+02  3.344776e+02  6.112767e+02 
 6.188468e-01  8.963328e+01  2.112897e+02  3.318003e+02  6.091782e+02 
 6.274732e-01  8.818179e+01  2.074538e+02  3.252319e+02  5.988987e+02 
 6.362198e-01  8.646671e+01  2.043688e+02  3.205192e+02  5.897125e+02 
 6.450884e-01  8.447775e+01  2.008502e+02  3.156292e+02  5.810588e+02 
 6.540806e-01  8.273765e+01  1.966712e+02  3.093380e+02  5.722968e+02 
 6.631981e-01  8.095817e+01  1.939954e+02  3.064129e+02  5.665118e+02 
 6.724427e-01  7.944544e+01  1.906979e+02  3.019212e+02  5.611652e+02 
 6.818162e-01  7.777937e+01  1.873212e+02  2.958534e+02  5.502671e+02 
 6.913204e-01  7.614553e+01  1.840595e+02  2.916515e+02  5.429041e+02 
 7.009570e-01  7.507989e+01  1.813960e+02  2.877751e+02  5.360219e+02 
 7.107280e-01  7.320567e+01  1.784833e+02  2.835304e+02  5.277242e+02 
 7.206351e-01  7.209960e+01  1.758705e+02  2.801045e+02  5.235365e+02 
 7.306804e-01  7.067685e+01  1.732603e+02  2.756817e+02  5.143700e+02 
 7.408657e-01  6.913427e+01  1.699705e+02  2.709613e+02  5.079824e+02 
 7.511929e-01  6.769799e+01  1.670217e+02  2.671782e+02  5.010625e+02 
 7.616642e-01  6.639371e+01  1.641416e+02  2.631216e+02  4.950497e+02 
 7.722814e-01  6.555736e+01  1.624744e+02  2.601217e+02  4.877278e+02 
 7.830465e-01  6.419592e+01  1.594958e+02  2.559601e+02  4.814363e+02 
 7.939618e-01  6.303464e+01  1.574872e+02  2.527194e+02  4.769768e+02 
 8.050292e-01  6.166842e+01  1.547437e+02  2.495019e+02  4.707655e+02 
 8.162509e-01  6.063851e+01  1.525165e+02  2.453128e+02  4.627454e+02 
 8.276289e-01  5.918656e+01  1.496461e+02  2.416008e+02  4.570347e+02 
 8.391656e-01  5.848735e+01  1.479221e+02  2.383549e+02  4.522730e+02 
 8.508632e-01  5.741764e+01  1.454811e+02  2.351811e+02  4.461653e+02 
 8.627237e-01  5.619679e+01  1.432624e+02  2.317624e+02  4.392562e+02 
 8.747496e-01  5.518137e+01  1.409560e+02  2.284788e+02  4.335443e+02 
 8.869432e-01  5.425022e+01  1.389868e+02  2.254321e+02  4.279909e+02 
 8.993067e-01  5.318937e+01  1.368533e+02  2.221268e+02  4.220014e+02 
 9.118425e-01  5.236034e+01  1.345843e+02  2.185000e+02  4.146419e+02 
 9.245531e-01  5.124982e+01  1.324033e+02  2.151934e+02  4.102604e+02 
 9.374409e-01  5.030115e+01  1.304804e+02  2.125581e+02  4.047486e+02 
 9.505083e-01  4.949262e+01  1.285063e+02  2.095524e+02  3.991454e+02 
 9.637579e-01  4.845193e+01  1.261107e+02  2.060213e+02  3.935551e+02 
 9.771921e-01  4.786391e+01  1.253879e+02  2.039879e+02  3.882790e+02 
 9.908137e-01  4.696381e+01  1.231388e+02  2.009191e+02  3.834149e+02 
 1.004625e+00  4.607248e+01  1.209380e+02  1.975193e+02  3.770129e+02 
 1.018629e+00  4.531703e+01  1.193319e+02  1.948271e+02  3.716587e+02 
 1.032828e+00  4.447741e+01  1.175542e+02  1.924468e+02  3.679298e+02 
 1.047225e+00  4.364565e+01  1.159226e+02  1.894307e+02  3.616760e+02 
 1.061823e+00  4.299263e+01  1.143938e+02  1.868980e+02  3.564579e+02 
 1.076624e+00  4.220689e+01  1.126364e+02  1.841941e+02  3.511878e+02 
 1.091632e+00  4.149318e+01  1.109175e+02  1.816247e+02  3.459058e+02 
 1.106848e+00  4.072453e+01  1.090720e+02  1.789711e+02  3.413245e+02 
 1.122277e+00  4.002951e+01  1.075866e+02  1.761275e+02  3.358241e+02 
 1.137921e+00  3.932341e+01  1.058219e+02  1.735679e+02  3.309165e+02 
 1.153783e+00  3.871134e+01  1.042317e+02  1.710040e+02  3.262532e+02 
 1.169866e+00  3.802305e+01  1.027200e+02  1.684686e+02  3.217061e+02 
 1.186174e+00  3.734974e+01  1.012886e+02  1.660654e+02  3.166461e+02 
 1.202708e+00  3.676880e+01  9.976704e+01  1.636427e+02  3.118318e+02 
 1.219473e+00  3.615978e+01  9.834112e+01  1.613511e+02  3.067450e+02 
 1.236472e+00  3.553098e+01  9.692562e+01  1.590945e+02  3.022946e+02 
 1.253708e+00  3.496738e+01  9.539862e+01  1.565548e+02  2.980192e+02 
 1.271184e+00  3.439363e+01  9.435865e+01  1.546466e+02  2.932693e+02 
 1.288904e+00  3.381962e+01  9.258996e+01  1.520663e+02  2.891835e+02 
 1.306870e+00  3.321147e+01  9.122723e+01  1.497576e+02  2.843776e+02 
 1.325087e+00  3.271752e+01  8.992294e+01  1.475549e+02  2.796725e+02 
 1.343558e+00  3.218040e+01  8.854137e+01  1.452993e+02  2.751902e+02 
 1.362287e+00  3.169105e+01  8.714060e+01  1.428916e+02  2.708571e+02 
 1.381276e+00  3.116662e+01  8.582960e+01  1.404934e+02  2.665090e+02 
 1.400531e+00  3.066626e+01  8.454794e+01  1.384107e+02  2.618021e+02 
 1.420053e+00  3.013843e+01  8.318684e+01  1.363191e+02  2.573981e+02 
 1.439848e+00  2.966457e+01  8.197167e+01  1.340504e+02  2.532392e+02 
 1.459919e+00  2.914137e+01  8.067780e+01  1.318894e+02  2.487149e+02 
 1.480269e+00  2.872948e+01  7.930749e+01  1.296787e+02  2.441192e+02 
 1.500903e+00  2.825108e+01  7.811117e+01  1.275352e+02  2.404438e+02 
 1.521825e+00  2.779207e+01  7.700558e+01  1.256047e+02  2.361580e+02 
 1.543038e+00  2.733113e+01  7.578343e+01  1.236693e+02  2.322776e+02 
 1.564548e+00  2.693036e+01  7.459111e+01  1.215934e+02  2.280747e+02 
 1.586357e+00  2.650205e+01  7.349788e+01  1.196305e+02  2.240391e+02 
 1.608469e+00  2.605733e+01  7.237035e+01  1.176751e+02  2.203369e+02 
 1.630891e+00  2.571500e+01  7.109507e+01  1.155152e+02  2.160788e+02 
 1.653624e+00  2.527051e+01  6.995681e+01  1.137201e+02  2.125417e+02 
 1.676675e+00  2.487066e+01  6.895490e+01  1.118595e+02  2.084597e+02 
 1.700047e+00  2.446186e+01  6.783780e+01  1.099196e+02  2.047339e+02 
 1.723745e+00  2.407963e+01  6.670443e+01  1.079979e+02  2.006669e+02 
 1.747773e+00  2.367258e+01  6.557941e+01  1.060917e+02  1.968940e+02 
 1.772136e+00  2.330218e+01  6.448744e+01  1.041844e+02  1.933707e+02 
 1.796838e+00  2.294287e+01  6.341727e+01  1.019560e+02  1.896185e+02 
 1.821885e+00  2.258966e+01  6.234212e+01  1.005017e+02  1.860836e+02 
 1.847281e+00  2.223183e+01  6.139270e+01  9.879913e+01  1.825149e+02 
 1.873032e+00  2.188167e+01  6.027843e+01  9.688177e+01  1.790778e+02 
 1.899141e+00  2.152052e+01  5.922684e+01  9.517876e+01  1.756086e+02 
 1.925614e+00  2.119530e+01  5.825569e+01  9.346846e+01  1.721108e+02 
 1.952456e+00  2.091838e+01  5.730629e+01  9.177564e+01  1.687180e+02 
 1.979672e+00  2.054298e+01  5.635880e+01  9.010600e+01  1.654292e+02 
 2.007267e+00  2.024590e+01  5.535360e+01  8.833631e+01  1.622757e+02 
 2.035248e+00  1.989781e+01  5.436367e+01  8.665672e+01  1.589202e+02 
 2.063618e+00  1.958093e+01  5.338599e+01  8.504053e+01  1.556734e+02 
 2.092383e+00  1.927298e+01  5.244174e+01  8.338198e+01  1.525479e+02 
 2.121550e+00  1.895380e+01  5.147474e+01  8.175502e+01  1.493502e+02 
 2.151123e+00  1.865368e+01  5.054676e+01  8.011941e+01  1.461960e+02 
 2.181109e+00  1.834899e+01  4.960365e+01  7.857033e+01  1.432117e+02 
 2.211512e+00  1.805102e+01  4.866143e+01  7.695970e+01  1.400844e+02 
 2.242340e+00  1.776442e+01  4.778329e+01  7.544084e+01  1.371560e+02 
 2.273597e+00  1.745551e+01  4.688034e+01  7.385148e+01  1.342139e+02 
 2.305289e+00  1.719018e+01  4.599052e+01  7.239187e+01  1.313709e+02 
 2.337424e+00  1.690706e+01  4.510171e+01  7.089054e+01  1.285615e+02 
 2.370006e+00  1.662831e+01  4.424516e+01  6.946402e+01  1.258914e+02 
 2.403043e+00  1.634420e+01  4.339833e+01  6.798958e+01  1.231206e+02 
 2.436540e+00  1.608410e+01  4.257246e+01  6.658944e+01  1.204403e+02 
 2.470504e+00  1.581895e+01  4.175898e+01  6.518426e+01  1.178018e+02 
 2.504942e+00  1.555685e+01  4.096224e+01  6.383861e+01  1.152586e+02 
 2.539859e+00  1.530935e+01  4.014224e+01  6.246562e+01  1.126833e+02 
 2.575263e+00  1.504154e+01  3.933489e+01  6.118781e+01  1.102263e+02 
 2.611161e+00  1.479790e+01  3.854443e+01  5.982193e+01  1.077674e+02 
 2.647559e+00  1.454819e+01  3.775512e+01  5.849831e+01  1.053056e+02 
 2.684465e+00  1.430053e+01  3.700786e+01  5.720582e+01  1.029150e+02 
 2.721885e+00  1.404412e+01  3.621273e+01  5.595511e+01  1.005647e+02 
 2.759826e+00  1.380069e+01  3.544188e+01  5.469206e+01  9.825266e+01 
 2.798297e+00  1.355963e+01  3.471297e+01  5.347521e+01  9.604655e+01 
 2.837304e+00  1.332288e+01  3.397228e+01  5.226805e+01  9.382145e+01 
 2.876854e+00  1.308634e+01  3.323960e+01  5.108270e+01  9.166148e+01 
 2.916956e+00  1.285617e+01  3.254008e+01  4.991905e+01  8.950709e+01 
 2.957617e+00  1.263205e+01  3.185130e+01  4.879828e+01  8.745379e+01 
 2.998844e+00  1.240537e+01  3.117196e+01  4.767928e+01  8.540717e+01 
 3.040646e+00  1.218497e+01  3.049426e+01  4.658841e+01  8.347091e+01 
 3.083031e+00  1.196712e+01  2.983040e+01  4.552029e+01  8.153050e+01 
 3.126007e+00  1.175731e+01  2.918934e+01  4.446974e+01  7.961347e+01 
 3.169582e+00  1.154289e+01  2.853210e+01  4.342500e+01  7.775205e+01 
 3.213764e+00  1.133270e+01  2.790193e+01  4.240759e+01  7.591648e+01 
 3.258562e+00  1.112016e+01  2.728824e+01  4.140551e+01  7.411344e+01 
 3.303985e+00  1.091255e+01  2.666035e+01  4.042587e+01  7.234797e+01 
 3.350041e+00  1.070996e+01  2.604620e+01  3.944633e+01  7.059655e+01 
 3.396739e+00  1.050174e+01  2.545201e+01  3.850632e+01  6.888925e+01 
 3.444087e+00  1.030491e+01  2.485248e+01  3.756189e+01  6.720849e+01 
 3.492096e+00  1.010719e+01  2.428008e+01  3.666129e+01  6.559807e+01 
 3.540774e+00  9.908257e+00  2.372068e+01  3.577515e+01  6.400202e+01 
 3.590130e+00  9.717634e+00  2.315997e+01  3.489426e+01  6.245987e+01 
 3.640175e+00  9.531329e+00  2.261726e+01  3.405340e+01  6.093476e+01 
 3.690917e+00  9.341296e+00  2.209283e+01  3.321236e+01  5.945539e+01 
 3.742366e+00  9.157801e+00  2.156213e+01  3.240367e+01  5.802962e+01 
 3.794533e+00  8.979351e+00  2.106127e+01  3.161477e+01  5.661129e+01 
 3.847427e+00  8.801962e+00  2.055508e+01  3.084117e+01  5.524985e+01 
 3.901058e+00  8.622555e+00  2.007114e+01  3.008610e+01  5.389552e+01 
 3.955436e+00  8.453921e+00  1.958813e+01  2.933304e+01  5.256875e+01 
 4.010573e+00  8.279041e+00  1.911251e+01  2.861013e+01  5.128162e+01 
 4.066478e+00  8.109352e+00  1.864602e+01  2.788935e+01  5.000111e+01 
 4.123163e+00  7.940458e+00  1.819254e+01  2.718649e+01  4.875328e+01 
 4.180637e+00  7.776131e+00  1.774587e+01  2.650063e+01  4.752649e+01 
 4.238913e+00  7.612294e+00  1.730234e+01  2.582707e+01  4.634273e+01 
 4.298001e+00  7.448019e+00  1.687321e+01  2.517284e+01  4.517210e+01 
 4.357913e+00  7.293513e+00  1.645289e+01  2.453450e+01  4.404398e+01 
 4.418660e+00  7.136315e+00  1.604492e+01  2.390838e+01  4.294146e+01 
 4.480254e+00  6.981661e+00  1.564313e+01  2.329891e+01  4.186115e+01 
 4.542706e+00  6.832477e+00  1.524881e+01  2.270300e+01  4.080605e+01 
 4.606029e+00  6.684470e+00  1.487166e+01  2.212871e+01  3.978999e+01 
 4.670234e+00  6.539296e+00  1.449960e+01  2.157136e+01  3.879859e+01 
 4.735335e+00  6.397343e+00  1.413799e+01  2.102287e+01  3.782436e+01 
 4.801343e+00  6.259796e+00  1.378681e+01  2.049034e+01  3.687093e+01 
 4.868271e+00  6.122506e+00  1.343977e+01  1.996720e+01  3.594307e+01 
 4.936132e+00  5.987294e+00  1.309938e+01  1.945741e+01  3.503469e+01 
 5.004939e+00  5.853787e+00  1.276802e+01  1.895661e+01  3.414246e+01 
 5.074705e+00  5.721392e+00  1.244144e+01  1.846539e+01  3.327198e+01 
 5.145444e+00  5.592635e+00  1.212369e+01  1.798672e+01  3.242200e+01 
 5.217169e+00  5.464588e+00  1.181072e+01  1.751812e+01  3.158116e+01 
 5.289893e+00  5.341116e+00  1.150765e+01  1.706583e+01  3.076980e+01 
 5.363631e+00  5.217503e+00  1.121111e+01  1.661772e+01  2.997634e+01 
 5.438397e+00  5.097924e+00  1.092134e+01  1.618497e+01  2.920001e+01 
 5.514206e+00  4.980167e+00  1.063954e+01  1.576397e+01  2.844792e+01 
 5.591071e+00  4.863770e+00  1.036665e+01  1.535273e+01  2.771622e+01 
 5.669007e+00  4.752475e+00  1.009887e+01  1.495591e+01  2.700346e+01 
 5.748030e+00  4.642311e+00  9.840281e+00  1.456768e+01  2.630757e+01 
 5.828155e+00  4.534885e+00  9.588380e+00  1.419166e+01  2.563233e+01 
 5.909396e+00  4.429849e+00  9.342577e+00  1.382509e+01  2.497752e+01 
 5.991770e+00  4.326681e+00  9.102543e+00  1.346735e+01  2.433631e+01 
 6.075292e+00  4.226144e+00  8.870028e+00  1.311955e+01  2.371027e+01 
 6.159978e+00  4.125139e+00  8.642024e+00  1.277929e+01  2.309873e+01 
 6.245845e+00  4.029557e+00  8.418944e+00  1.244643e+01  2.249770e+01 
 6.332908e+00  3.933551e+00  8.199449e+00  1.211967e+01  2.190975e+01 
 6.421186e+00  3.840290e+00  7.986485e+00  1.180054e+01  2.133495e+01 
 6.510694e+00  3.748113e+00  7.778011e+00  1.149097e+01  2.077465e+01 
 6.601449e+00  3.658615e+00  7.575691e+00  1.118849e+01  2.022931e+01 
 6.693470e+00  3.570605e+00  7.377404e+00  1.089274e+01  1.969605e+01 
 6.786773e+00  3.484581e+00  7.185570e+00  1.060557e+01  1.917762e+01 
 6.881377e+00  3.401157e+00  6.998499e+00  1.032696e+01  1.867169e+01 
 6.977300e+00  3.319594e+00  6.817298e+00  1.005699e+01  1.818198e+01 
 7.074559e+00  3.240273e+00  6.640481e+00  9.792957e+00  1.770449e+01 
 7.173175e+00  3.162589e+00  6.469381e+00  9.537686e+00  1.724181e+01 
 7.273165e+00  3.087290e+00  6.303305e+00  9.290077e+00  1.679078e+01 
 7.374549e+00  3.013701e+00  6.141121e+00  9.047889e+00  1.635301e+01 
 7.477346e+00  2.941715e+00  5.984257e+00  8.814305e+00  1.592661e+01 
 7.581576e+00  2.871934e+00  5.830134e+00  8.584876e+00  1.550999e+01 
 7.687260e+00  2.803238e+00  5.680307e+00  8.361100e+00  1.510351e+01 
 7.794416e+00  2.735870e+00  5.533660e+00  8.141297e+00  1.470477e+01 
 7.903066e+00  2.670012e+00  5.390041e+00  7.926725e+00  1.431390e+01 
 8.013230e+00  2.605608e+00  5.250573e+00  7.719097e+00  1.393358e+01 
 8.124930e+00  2.542496e+00  5.114413e+00  7.515385e+00  1.356170e+01 
 8.238187e+00  2.481175e+00  4.981342e+00  7.316691e+00  1.320013e+01 
 8.353023e+00  2.421190e+00  4.852284e+00  7.124008e+00  1.284749e+01 
 8.469460e+00  2.362918e+00  4.726822e+00  6.936494e+00  1.250483e+01 
 8.587519e+00  2.306141e+00  4.604654e+00  6.754205e+00  1.217184e+01 
 8.707225e+00  2.250896e+00  4.485782e+00  6.577257e+00  1.184817e+01 
 8.828599e+00  2.197195e+00  4.371155e+00  6.405297e+00  1.153329e+01 
 8.951665e+00  2.144852e+00  4.259565e+00  6.238515e+00  1.122830e+01 
 9.076446e+00  2.094087e+00  4.151336e+00  6.077061e+00  1.093242e+01 
 9.202967e+00  2.044710e+00  4.046007e+00  5.919865e+00  1.064405e+01 
 9.331251e+00  1.996583e+00  3.943474e+00  5.766634e+00  1.036357e+01 
 9.461324e+00  0.000000e+00  0.000000e+00  0.000000e+00  0.000000e+00 
 9.593209e+00  0.000000e+00  0.000000e+00  0.000000e+00  0.000000e+00 
 9.726934e+00  0.000000e+00  0.000000e+00  0.000000e+00  0.000000e+00 
 9.862522e+00  0.000000e+00  0.000000e+00  0.000000e+00  0.000000e+00 
 1.000000e+01  0.000000e+00  0.000000e+00  0.000000e+00  0.000000e+00 
