 1.000000e-02  6.063319e+03  1.123890e+04  1.535100e+04  2.320851e+04 
 1.013939e-02  6.093985e+03  1.129559e+04  1.542830e+04  2.332500e+04 
 1.028073e-02  6.124098e+03  1.135125e+04  1.550419e+04  2.343934e+04 
 1.042404e-02  6.153636e+03  1.140586e+04  1.557862e+04  2.355144e+04 
 1.056935e-02  6.182581e+03  1.145934e+04  1.565151e+04  2.366122e+04 
 1.071668e-02  6.210915e+03  1.151168e+04  1.572285e+04  2.376862e+04 
 1.086606e-02  6.238617e+03  1.156286e+04  1.579258e+04  2.387356e+04 
 1.101753e-02  6.265659e+03  1.161280e+04  1.586062e+04  2.397596e+04 
 1.117111e-02  6.292019e+03  1.166147e+04  1.592692e+04  2.407571e+04 
 1.132683e-02  6.317674e+03  1.170883e+04  1.599142e+04  2.417272e+04 
 1.148472e-02  6.342606e+03  1.175483e+04  1.605407e+04  2.426692e+04 
 1.164481e-02  6.366788e+03  1.179945e+04  1.611481e+04  2.435821e+04 
 1.180713e-02  6.390198e+03  1.184261e+04  1.617358e+04  2.444648e+04 
 1.197171e-02  6.412811e+03  1.188430e+04  1.623030e+04  2.453168e+04 
 1.213859e-02  6.434603e+03  1.192446e+04  1.628495e+04  2.461371e+04 
 1.230780e-02  6.455559e+03  1.196307e+04  1.633746e+04  2.469249e+04 
 1.247936e-02  6.475652e+03  1.200006e+04  1.638777e+04  2.476793e+04 
 1.265332e-02  6.494858e+03  1.203541e+04  1.643581e+04  2.483994e+04 
 1.282970e-02  6.513161e+03  1.206908e+04  1.648155e+04  2.490844e+04 
 1.300854e-02  6.530538e+03  1.210102e+04  1.652494e+04  2.497336e+04 
 1.318987e-02  6.546968e+03  1.213120e+04  1.656591e+04  2.503461e+04 
 1.337373e-02  6.562426e+03  1.215957e+04  1.660440e+04  2.509212e+04 
 1.356015e-02  6.576895e+03  1.218610e+04  1.664037e+04  2.514580e+04 
 1.374917e-02  6.590346e+03  1.221074e+04  1.667375e+04  2.519553e+04 
 1.394083e-02  6.602757e+03  1.223344e+04  1.670448e+04  2.524125e+04 
 1.413516e-02  6.614093e+03  1.225414e+04  1.673248e+04  2.528281e+04 
 1.433219e-02  6.624338e+03  1.227281e+04  1.675770e+04  2.532016e+04 
 1.453198e-02  6.633465e+03  1.228942e+04  1.678007e+04  2.535320e+04 
 1.473454e-02  6.641455e+03  1.230390e+04  1.679955e+04  2.538184e+04 
 1.493993e-02  6.648277e+03  1.231620e+04  1.681606e+04  2.540599e+04 
 1.514819e-02  6.653901e+03  1.232631e+04  1.682957e+04  2.542562e+04 
 1.535935e-02  6.658308e+03  1.233417e+04  1.684002e+04  2.544062e+04 
 1.557345e-02  6.661494e+03  1.233976e+04  1.684735e+04  2.545091e+04 
 1.579053e-02  6.663425e+03  1.234301e+04  1.685151e+04  2.545637e+04 
 1.601064e-02  6.664095e+03  1.234393e+04  1.685244e+04  2.545697e+04 
 1.623382e-02  6.663468e+03  1.234243e+04  1.685009e+04  2.545257e+04 
 1.646012e-02  6.661549e+03  1.233854e+04  1.684446e+04  2.544319e+04 
 1.668956e-02  6.658312e+03  1.233220e+04  1.683549e+04  2.542875e+04 
 1.692220e-02  6.653750e+03  1.232339e+04  1.682314e+04  2.540920e+04 
 1.715809e-02  6.647824e+03  1.231205e+04  1.680733e+04  2.538442e+04 
 1.739726e-02  6.640526e+03  1.229818e+04  1.678804e+04  2.535436e+04 
 1.763977e-02  6.631836e+03  1.228171e+04  1.676522e+04  2.531895e+04 
 1.788566e-02  6.621739e+03  1.226264e+04  1.673883e+04  2.527812e+04 
 1.813498e-02  6.610216e+03  1.224091e+04  1.670881e+04  2.523181e+04 
 1.838777e-02  6.597254e+03  1.221651e+04  1.667514e+04  2.517998e+04 
 1.864409e-02  6.582837e+03  1.218941e+04  1.663779e+04  2.512256e+04 
 1.890397e-02  6.566952e+03  1.215959e+04  1.659671e+04  2.505950e+04 
 1.916748e-02  6.549593e+03  1.212704e+04  1.655190e+04  2.499079e+04 
 1.943467e-02  6.530753e+03  1.209173e+04  1.650331e+04  2.491638e+04 
 1.970558e-02  6.510436e+03  1.205369e+04  1.645100e+04  2.483631e+04 
 1.998026e-02  6.488623e+03  1.201287e+04  1.639489e+04  2.475052e+04 
 2.025878e-02  6.465322e+03  1.196930e+04  1.633501e+04  2.465901e+04 
 2.054117e-02  6.440534e+03  1.192297e+04  1.627136e+04  2.456179e+04 
 2.082751e-02  6.414275e+03  1.187389e+04  1.620398e+04  2.445894e+04 
 2.111783e-02  6.386546e+03  1.182211e+04  1.613287e+04  2.435045e+04 
 2.141220e-02  6.357444e+03  1.176774e+04  1.605821e+04  2.423647e+04 
 2.171068e-02  6.327483e+03  1.171152e+04  1.598075e+04  2.411759e+04 
 2.201331e-02  6.296053e+03  1.165257e+04  1.589959e+04  2.399309e+04 
 2.232016e-02  6.263156e+03  1.159091e+04  1.581469e+04  2.386297e+04 
 2.263130e-02  6.228796e+03  1.152655e+04  1.572610e+04  2.372724e+04 
 2.294676e-02  6.192982e+03  1.145947e+04  1.563383e+04  2.358596e+04 
 2.326663e-02  6.155729e+03  1.138974e+04  1.553790e+04  2.343918e+04 
 2.359095e-02  6.117046e+03  1.131736e+04  1.543838e+04  2.328693e+04 
 2.391980e-02  6.076949e+03  1.124235e+04  1.533527e+04  2.312930e+04 
 2.425323e-02  6.035463e+03  1.116478e+04  1.522866e+04  2.296636e+04 
 2.459130e-02  5.992615e+03  1.108468e+04  1.511861e+04  2.279823e+04 
 2.493409e-02  5.948436e+03  1.100213e+04  1.500519e+04  2.262504e+04 
 2.528166e-02  5.902958e+03  1.091718e+04  1.488851e+04  2.244691e+04 
 2.563407e-02  5.856225e+03  1.082989e+04  1.476866e+04  2.226401e+04 
 2.599140e-02  5.808283e+03  1.074038e+04  1.464576e+04  2.207653e+04 
 2.635371e-02  5.759188e+03  1.064873e+04  1.451996e+04  2.188466e+04 
 2.672106e-02  5.708983e+03  1.055504e+04  1.439137e+04  2.168860e+04 
 2.709354e-02  5.657705e+03  1.045937e+04  1.426008e+04  2.148847e+04 
 2.747121e-02  5.605383e+03  1.036178e+04  1.412617e+04  2.128441e+04 
 2.785414e-02  5.551977e+03  1.026220e+04  1.398959e+04  2.107639e+04 
 2.824241e-02  5.497248e+03  1.016031e+04  1.384997e+04  2.086410e+04 
 2.863610e-02  5.441587e+03  1.005669e+04  1.370801e+04  2.064830e+04 
 2.903527e-02  5.385040e+03  9.951448e+03  1.356384e+04  2.042918e+04 
 2.944000e-02  5.327657e+03  9.844666e+03  1.341757e+04  2.020691e+04 
 2.985038e-02  5.269496e+03  9.736448e+03  1.326935e+04  1.998174e+04 
 3.026648e-02  5.210618e+03  9.626915e+03  1.311936e+04  1.975388e+04 
 3.068838e-02  5.151093e+03  9.516192e+03  1.296774e+04  1.952363e+04 
 3.111616e-02  5.090994e+03  9.404420e+03  1.281470e+04  1.929125e+04 
 3.154990e-02  5.030401e+03  9.291744e+03  1.266044e+04  1.905705e+04 
 3.198969e-02  4.969403e+03  9.178323e+03  1.250517e+04  1.882137e+04 
 3.243561e-02  4.908098e+03  9.064345e+03  1.234915e+04  1.858458e+04 
 3.288774e-02  4.846584e+03  8.949996e+03  1.219262e+04  1.834706e+04 
 3.334618e-02  4.784981e+03  8.835483e+03  1.203589e+04  1.810923e+04 
 3.381101e-02  4.723361e+03  8.720944e+03  1.187913e+04  1.787140e+04 
 3.428231e-02  4.661782e+03  8.606490e+03  1.172250e+04  1.763377e+04 
 3.476019e-02  4.600153e+03  8.492301e+03  1.156662e+04  1.739846e+04 
 3.524473e-02  4.538662e+03  8.378379e+03  1.141112e+04  1.716378e+04 
 3.573602e-02  4.477372e+03  8.264832e+03  1.125614e+04  1.692989e+04 
 3.623416e-02  4.416337e+03  8.151765e+03  1.110181e+04  1.669700e+04 
 3.673925e-02  4.355624e+03  8.039298e+03  1.094831e+04  1.646537e+04 
 3.725137e-02  4.295298e+03  7.927551e+03  1.079579e+04  1.623523e+04 
 3.777064e-02  4.235428e+03  7.816654e+03  1.064443e+04  1.600688e+04 
 3.829714e-02  4.176088e+03  7.706742e+03  1.049443e+04  1.578057e+04 
 3.883098e-02  4.117359e+03  7.597963e+03  1.034598e+04  1.555661e+04 
 3.937226e-02  4.059321e+03  7.490467e+03  1.019929e+04  1.533532e+04 
 3.992109e-02  4.002058e+03  7.384410e+03  1.005455e+04  1.511699e+04 
 4.047757e-02  3.945654e+03  7.279908e+03  9.911902e+03  1.490171e+04 
 4.104181e-02  3.890001e+03  7.176163e+03  9.769586e+03  1.468497e+04 
 4.161391e-02  3.835409e+03  7.074397e+03  9.629980e+03  1.447233e+04 
 4.219398e-02  3.781929e+03  6.974696e+03  9.493196e+03  1.426398e+04 
 4.278214e-02  3.729592e+03  6.877116e+03  9.359313e+03  1.406003e+04 
 4.337850e-02  3.678422e+03  6.781703e+03  9.228400e+03  1.386058e+04 
 4.398317e-02  3.628445e+03  6.688508e+03  9.100520e+03  1.366572e+04 
 4.459628e-02  3.579685e+03  6.597572e+03  8.975727e+03  1.347553e+04 
 4.521792e-02  3.532163e+03  6.508935e+03  8.854074e+03  1.329013e+04 
 4.584824e-02  3.485901e+03  6.422631e+03  8.735615e+03  1.310954e+04 
 4.648734e-02  3.440917e+03  6.338694e+03  8.620389e+03  1.293384e+04 
 4.713535e-02  3.397398e+03  6.258302e+03  8.510867e+03  1.276910e+04 
 4.779239e-02  3.355289e+03  6.181015e+03  8.406093e+03  1.261294e+04 
 4.845859e-02  3.314496e+03  6.106145e+03  8.304606e+03  1.246168e+04 
 4.913407e-02  3.275007e+03  6.033672e+03  8.206376e+03  1.231531e+04 
 4.981898e-02  3.236797e+03  5.963557e+03  8.111347e+03  1.217373e+04 
 5.051342e-02  3.199838e+03  5.895747e+03  8.019448e+03  1.203683e+04 
 5.121755e-02  3.164095e+03  5.830174e+03  7.930586e+03  1.190448e+04 
 5.193150e-02  3.129525e+03  5.766759e+03  7.844662e+03  1.177652e+04 
 5.265540e-02  3.096078e+03  5.705410e+03  7.761547e+03  1.165276e+04 
 5.338938e-02  3.063443e+03  5.645072e+03  7.679297e+03  1.152893e+04 
 5.413360e-02  3.031507e+03  5.585442e+03  7.597404e+03  1.140401e+04 
 5.488820e-02  3.000500e+03  5.527533e+03  7.517851e+03  1.128261e+04 
 5.565331e-02  2.970350e+03  5.471208e+03  7.440460e+03  1.116447e+04 
 5.642908e-02  2.940936e+03  5.416240e+03  7.364923e+03  1.104910e+04 
 5.721568e-02  2.912173e+03  5.362472e+03  7.291020e+03  1.093619e+04 
 5.801323e-02  2.883923e+03  5.309664e+03  7.218435e+03  1.082529e+04 
 5.882190e-02  2.856175e+03  5.257807e+03  7.147166e+03  1.071645e+04 
 5.964185e-02  2.828936e+03  5.207262e+03  7.078071e+03  1.061193e+04 
 6.047322e-02  2.802448e+03  5.159080e+03  7.013210e+03  1.051654e+04 
 6.131619e-02  2.775997e+03  5.110951e+03  6.948402e+03  1.042120e+04 
 6.217090e-02  2.749434e+03  5.062598e+03  6.883263e+03  1.032527e+04 
 6.303753e-02  2.722674e+03  5.013857e+03  6.817589e+03  1.022849e+04 
 6.391624e-02  2.695558e+03  4.964457e+03  6.751011e+03  1.013035e+04 
 6.480720e-02  2.667986e+03  4.914222e+03  6.683297e+03  1.003051e+04 
 6.571058e-02  2.639796e+03  4.862852e+03  6.614044e+03  9.928387e+03 
 6.662655e-02  2.609619e+03  4.805770e+03  6.534853e+03  9.805265e+03 
 6.755528e-02  2.578548e+03  4.746992e+03  6.453305e+03  9.678468e+03 
 6.849697e-02  2.546528e+03  4.686487e+03  6.369425e+03  9.548233e+03 
 6.945178e-02  2.513471e+03  4.624088e+03  6.283000e+03  9.414247e+03 
 7.041990e-02  2.479283e+03  4.559627e+03  6.193801e+03  9.276189e+03 
 7.140151e-02  2.443897e+03  4.492993e+03  6.101669e+03  9.133832e+03 
 7.239681e-02  2.407555e+03  4.424919e+03  6.007979e+03  8.990414e+03 
 7.340598e-02  2.370265e+03  4.355484e+03  5.912900e+03  8.846420e+03 
 7.442922e-02  2.331669e+03  4.283669e+03  5.814615e+03  8.697687e+03 
 7.546673e-02  2.291773e+03  4.209485e+03  5.713137e+03  8.544243e+03 
 7.651869e-02  2.250606e+03  4.132987e+03  5.608542e+03  8.386208e+03 
 7.758532e-02  2.208224e+03  4.054282e+03  5.500978e+03  8.223804e+03 
 7.866682e-02  2.165593e+03  3.976355e+03  5.395699e+03  8.067938e+03 
 7.976339e-02  2.123354e+03  3.901125e+03  5.296037e+03  7.925446e+03 
 8.087525e-02  2.080131e+03  3.824020e+03  5.193770e+03  7.778902e+03 
 8.200261e-02  2.036064e+03  3.745297e+03  5.089239e+03  7.628802e+03 
 8.314568e-02  1.991315e+03  3.665250e+03  4.982841e+03  7.475728e+03 
 8.430468e-02  1.946066e+03  3.584206e+03  4.875015e+03  7.320325e+03 
 8.547985e-02  1.899677e+03  3.499729e+03  4.761233e+03  7.152840e+03 
 8.667139e-02  1.852838e+03  3.413794e+03  4.644863e+03  6.979984e+03 
 8.787954e-02  1.806165e+03  3.328156e+03  4.528880e+03  6.807656e+03 
 8.910453e-02  1.759892e+03  3.243240e+03  4.413863e+03  6.636713e+03 
 9.034660e-02  1.714247e+03  3.159468e+03  4.300382e+03  6.468011e+03 
 9.160598e-02  1.670168e+03  3.079563e+03  4.193061e+03  6.310675e+03 
 9.288292e-02  1.627793e+03  3.003650e+03  4.091953e+03  6.164499e+03 
 9.417766e-02  1.586644e+03  2.929909e+03  3.993709e+03  6.022384e+03 
 9.549045e-02  1.546919e+03  2.858706e+03  3.898829e+03  5.885091e+03 
 9.682153e-02  1.508794e+03  2.790368e+03  3.807761e+03  5.753303e+03 
 9.817117e-02  1.472732e+03  2.726216e+03  3.722736e+03  5.631388e+03 
 9.953962e-02  1.438661e+03  2.665816e+03  3.642886e+03  5.517392e+03 
 1.009272e-01  1.406568e+03  2.608984e+03  3.567804e+03  5.410340e+03 
 1.023340e-01  1.376529e+03  2.555861e+03  3.497694e+03  5.310562e+03 
 1.037605e-01  1.347920e+03  2.504504e+03  3.429179e+03  5.211296e+03 
 1.052069e-01  1.318919e+03  2.449340e+03  3.352668e+03  5.093503e+03 
 1.066734e-01  1.292070e+03  2.398199e+03  3.281677e+03  4.984093e+03 
 1.081604e-01  1.267303e+03  2.350950e+03  3.216022e+03  4.882782e+03 
 1.096681e-01  1.244503e+03  2.307376e+03  3.155404e+03  4.789116e+03 
 1.111968e-01  1.223788e+03  2.268039e+03  3.100741e+03  4.704285e+03 
 1.127468e-01  1.204718e+03  2.231779e+03  3.050300e+03  4.625846e+03 
 1.143184e-01  1.187069e+03  2.198165e+03  3.003482e+03  4.552911e+03 
 1.159120e-01  1.170603e+03  2.166758e+03  2.959688e+03  4.484576e+03 
 1.175277e-01  1.155934e+03  2.139599e+03  2.922442e+03  4.427602e+03 
 1.191660e-01  1.141969e+03  2.113821e+03  2.887149e+03  4.373714e+03 
 1.208271e-01  1.128335e+03  2.088660e+03  2.852703e+03  4.321127e+03 
 1.225114e-01  1.114704e+03  2.063482e+03  2.818238e+03  4.268596e+03 
 1.242191e-01  1.100399e+03  2.036786e+03  2.781678e+03  4.213491e+03 
 1.259506e-01  1.085562e+03  2.009115e+03  2.743801e+03  4.156428e+03 
 1.277063e-01  1.069951e+03  1.980025e+03  2.704004e+03  4.096499e+03 
 1.294865e-01  1.053687e+03  1.949931e+03  2.662882e+03  4.034299e+03 
 1.312915e-01  1.036633e+03  1.918608e+03  2.620140e+03  3.969333e+03 
 1.331216e-01  1.018273e+03  1.884874e+03  2.574122e+03  3.899473e+03 
 1.349772e-01  9.985699e+02  1.848704e+03  2.524845e+03  3.824883e+03 
 1.368587e-01  9.786882e+02  1.814208e+03  2.480135e+03  3.763760e+03 
 1.387665e-01  9.574530e+02  1.777136e+03  2.431841e+03  3.697041e+03 
 1.407008e-01  9.349911e+02  1.737710e+03  2.380258e+03  3.625139e+03 
 1.426621e-01  9.124208e+02  1.698433e+03  2.328758e+03  3.552026e+03 
 1.446507e-01  8.893030e+02  1.658159e+03  2.275788e+03  3.476107e+03 
 1.466671e-01  8.656064e+02  1.616677e+03  2.221061e+03  3.397307e+03 
 1.487115e-01  8.396416e+02  1.569027e+03  2.156579e+03  3.301703e+03 
 1.507845e-01  8.124751e+02  1.517859e+03  2.086411e+03  3.196109e+03 
 1.528864e-01  7.858863e+02  1.467777e+03  2.017719e+03  3.092659e+03 
 1.550175e-01  7.621009e+02  1.424950e+03  1.960550e+03  3.009786e+03 
 1.571784e-01  7.407371e+02  1.387961e+03  1.912413e+03  2.942619e+03 
 1.593694e-01  7.206493e+02  1.353192e+03  1.867176e+03  2.879527e+03 
 1.615909e-01  7.025675e+02  1.322387e+03  1.827395e+03  2.824421e+03 
 1.638434e-01  6.863113e+02  1.295008e+03  1.792260e+03  2.776127e+03 
 1.661273e-01  6.717264e+02  1.270630e+03  1.761143e+03  2.733758e+03 
 1.684430e-01  6.556091e+02  1.240556e+03  1.720306e+03  2.673653e+03 
 1.707910e-01  6.408020e+02  1.212594e+03  1.682137e+03  2.617241e+03 
 1.731717e-01  6.280679e+02  1.188899e+03  1.650012e+03  2.570062e+03 
 1.755856e-01  6.186867e+02  1.172985e+03  1.629299e+03  2.540328e+03 
 1.780332e-01  6.103799e+02  1.159071e+03  1.611329e+03  2.514810e+03 
 1.805149e-01  6.010411e+02  1.140974e+03  1.585685e+03  2.473731e+03 
 1.830312e-01  5.910983e+02  1.120418e+03  1.555527e+03  2.423506e+03 
 1.855825e-01  5.814017e+02  1.100613e+03  1.526736e+03  2.376176e+03 
 1.881694e-01  5.719962e+02  1.082917e+03  1.502683e+03  2.340546e+03 
 1.907924e-01  5.621149e+02  1.064338e+03  1.477418e+03  2.303040e+03 
 1.934520e-01  5.510246e+02  1.043344e+03  1.448953e+03  2.261826e+03 
 1.961486e-01  5.388791e+02  1.020338e+03  1.417757e+03  2.216780e+03 
 1.988828e-01  5.269830e+02  9.985556e+02  1.388493e+03  2.174332e+03 
 2.016551e-01  5.158780e+02  9.793244e+02  1.363089e+03  2.137297e+03 
 2.044661e-01  5.037077e+02  9.577888e+02  1.334268e+03  2.094576e+03 
 2.073162e-01  4.899587e+02  9.317891e+02  1.298109e+03  2.038635e+03 
 2.102061e-01  4.757690e+02  9.049295e+02  1.260740e+03  1.980743e+03 
 2.131362e-01  4.652449e+02  8.893822e+02  1.242203e+03  1.956497e+03 
 2.161073e-01  4.549241e+02  8.742343e+02  1.224232e+03  1.933113e+03 
 2.191197e-01  4.419552e+02  8.516975e+02  1.195073e+03  1.893493e+03 
 2.221741e-01  4.289895e+02  8.285504e+02  1.164765e+03  1.852094e+03 
 2.252711e-01  4.174376e+02  8.086124e+02  1.139213e+03  1.817820e+03 
 2.284112e-01  4.071116e+02  7.911253e+02  1.117106e+03  1.788702e+03 
 2.315951e-01  3.982053e+02  7.753328e+02  1.095812e+03  1.756292e+03 
 2.348235e-01  3.904796e+02  7.614285e+02  1.076613e+03  1.725626e+03 
 2.380968e-01  3.817021e+02  7.441643e+02  1.052309e+03  1.688107e+03 
 2.414157e-01  3.732680e+02  7.272425e+02  1.028397e+03  1.651528e+03 
 2.447809e-01  3.649808e+02  7.110443e+02  1.005972e+03  1.617216e+03 
 2.481930e-01  3.571333e+02  6.958016e+02  9.849442e+02  1.585068e+03 
 2.516527e-01  3.525568e+02  6.880693e+02  9.744714e+02  1.568706e+03 
 2.551606e-01  3.468564e+02  6.777331e+02  9.602990e+02  1.547019e+03 
 2.587174e-01  3.378237e+02  6.595966e+02  9.350371e+02  1.509470e+03 
 2.623238e-01  3.301125e+02  6.451903e+02  9.154679e+02  1.480820e+03 
 2.659804e-01  3.238178e+02  6.347683e+02  9.019688e+02  1.461628e+03 
 2.696881e-01  3.153083e+02  6.191054e+02  8.807365e+02  1.429441e+03 
 2.734474e-01  3.060273e+02  6.017034e+02  8.569788e+02  1.393113e+03 
 2.772591e-01  2.989109e+02  5.899245e+02  8.422230e+02  1.373932e+03 
 2.811239e-01  2.913907e+02  5.767935e+02  8.254180e+02  1.352474e+03 
 2.850426e-01  2.835635e+02  5.623364e+02  8.065948e+02  1.329277e+03 
 2.890160e-01  2.765129e+02  5.502976e+02  7.910104e+02  1.306837e+03 
 2.930447e-01  2.700338e+02  5.390112e+02  7.757893e+02  1.282901e+03 
 2.971296e-01  2.639792e+02  5.269168e+02  7.574983e+02  1.250985e+03 
 3.012714e-01  2.586461e+02  5.176119e+02  7.451090e+02  1.232580e+03 
 3.054710e-01  2.535337e+02  5.090498e+02  7.344413e+02  1.218612e+03 
 3.097291e-01  2.474199e+02  4.976477e+02  7.193745e+02  1.197887e+03 
 3.140465e-01  2.418664e+02  4.863360e+02  7.029852e+02  1.170707e+03 
 3.184242e-01  2.369298e+02  4.763889e+02  6.885350e+02  1.146634e+03 
 3.228628e-01  2.329611e+02  4.696656e+02  6.800190e+02  1.136138e+03 
 3.273634e-01  2.272572e+02  4.580802e+02  6.632579e+02  1.109034e+03 
 3.319266e-01  2.212714e+02  4.463788e+02  6.469896e+02  1.084328e+03 
 3.365535e-01  2.154956e+02  4.359874e+02  6.335276e+02  1.066125e+03 
 3.412449e-01  2.114156e+02  4.303539e+02  6.265963e+02  1.054699e+03 
 3.460016e-01  2.069171e+02  4.228394e+02  6.167686e+02  1.040584e+03 
 3.508247e-01  2.025156e+02  4.148582e+02  6.059976e+02  1.024601e+03 
 3.557150e-01  1.982824e+02  4.068955e+02  5.950978e+02  1.007643e+03 
 3.606735e-01  1.934757e+02  3.982261e+02  5.836490e+02  9.913920e+02 
 3.657011e-01  1.878496e+02  3.874757e+02  5.689067e+02  9.708386e+02 
 3.707988e-01  1.833779e+02  3.788175e+02  5.570400e+02  9.531191e+02 
 3.759675e-01  1.793277e+02  3.709793e+02  5.462222e+02  9.368087e+02 
 3.812083e-01  1.751865e+02  3.633874e+02  5.358809e+02  9.215689e+02 
 3.865221e-01  1.717091e+02  3.582176e+02  5.297448e+02  9.110673e+02 
 3.919100e-01  1.680524e+02  3.496099e+02  5.166933e+02  8.932195e+02 
 3.973730e-01  1.639220e+02  3.426103e+02  5.077593e+02  8.787105e+02 
 4.029122e-01  1.605542e+02  3.371253e+02  4.999923e+02  8.642987e+02 
 4.085286e-01  1.571328e+02  3.297338e+02  4.893703e+02  8.489147e+02 
 4.142232e-01  1.530459e+02  3.213705e+02  4.782665e+02  8.348587e+02 
 4.199973e-01  1.490797e+02  3.144430e+02  4.693651e+02  8.215290e+02 
 4.258518e-01  1.459075e+02  3.084477e+02  4.607653e+02  8.065303e+02 
 4.317880e-01  1.425815e+02  3.018467e+02  4.509932e+02  7.914735e+02 
 4.378069e-01  1.396687e+02  2.959696e+02  4.425351e+02  7.773297e+02 
 4.439097e-01  1.372555e+02  2.921527e+02  4.379201e+02  7.729197e+02 
 4.500975e-01  1.335024e+02  2.851038e+02  4.282256e+02  7.585187e+02 
 4.563716e-01  1.303158e+02  2.784605e+02  4.185068e+02  7.410636e+02 
 4.627332e-01  1.282575e+02  2.755289e+02  4.152856e+02  7.378095e+02 
 4.691835e-01  1.248861e+02  2.687587e+02  4.054942e+02  7.212729e+02 
 4.757236e-01  1.224318e+02  2.638686e+02  3.987145e+02  7.107018e+02 
 4.823549e-01  1.191365e+02  2.570907e+02  3.891554e+02  6.975793e+02 
 4.890787e-01  1.165062e+02  2.519143e+02  3.820778e+02  6.863466e+02 
 4.958962e-01  1.145145e+02  2.479395e+02  3.758657e+02  6.748954e+02 
 5.028087e-01  1.118990e+02  2.433383e+02  3.696111e+02  6.656485e+02 
 5.098176e-01  1.097714e+02  2.393481e+02  3.637558e+02  6.541641e+02 
 5.169242e-01  1.077998e+02  2.355526e+02  3.586220e+02  6.470812e+02 
 5.241298e-01  1.042268e+02  2.294231e+02  3.510348e+02  6.375281e+02 
 5.314359e-01  1.023401e+02  2.264241e+02  3.468611e+02  6.307034e+02 
 5.388438e-01  1.001125e+02  2.213241e+02  3.392333e+02  6.190358e+02 
 5.463550e-01  9.824058e+01  2.175792e+02  3.336231e+02  6.096341e+02 
 5.539709e-01  9.553568e+01  2.127535e+02  3.273782e+02  5.997923e+02 
 5.616930e-01  9.376587e+01  2.092438e+02  3.223895e+02  5.921731e+02 
 5.695227e-01  9.185963e+01  2.060687e+02  3.183419e+02  5.835910e+02 
 5.774615e-01  8.971138e+01  2.010996e+02  3.109717e+02  5.729454e+02 
 5.855110e-01  8.804177e+01  1.979315e+02  3.061005e+02  5.646804e+02 
 5.936727e-01  8.593337e+01  1.930618e+02  2.993133e+02  5.543012e+02 
 6.019482e-01  8.441320e+01  1.905990e+02  2.953154e+02  5.469702e+02 
 6.103390e-01  8.234597e+01  1.870114e+02  2.905871e+02  5.384859e+02 
 6.188468e-01  8.044988e+01  1.838473e+02  2.876255e+02  5.360195e+02 
 6.274732e-01  7.903638e+01  1.801808e+02  2.813777e+02  5.258472e+02 
 6.362198e-01  7.738774e+01  1.772654e+02  2.770919e+02  5.175561e+02 
 6.450884e-01  7.551928e+01  1.738627e+02  2.723246e+02  5.091307e+02 
 6.540806e-01  7.388829e+01  1.699693e+02  2.664519e+02  5.006004e+02 
 6.631981e-01  7.219742e+01  1.672565e+02  2.633933e+02  4.951243e+02 
 6.724427e-01  7.076028e+01  1.641515e+02  2.590699e+02  4.896063e+02 
 6.818162e-01  6.917431e+01  1.609899e+02  2.535757e+02  4.795518e+02 
 6.913204e-01  6.763843e+01  1.578836e+02  2.495126e+02  4.725181e+02 
 7.009570e-01  6.661807e+01  1.553492e+02  2.457737e+02  4.659708e+02 
 7.107280e-01  6.485374e+01  1.525629e+02  2.418289e+02  4.582508e+02 
 7.206351e-01  6.378953e+01  1.500414e+02  2.384397e+02  4.539876e+02 
 7.306804e-01  6.244492e+01  1.475916e+02  2.343712e+02  4.454956e+02 
 7.408657e-01  6.100322e+01  1.445148e+02  2.299720e+02  4.393986e+02 
 7.511929e-01  5.965475e+01  1.417245e+02  2.263283e+02  4.329477e+02 
 7.616642e-01  5.843961e+01  1.390147e+02  2.224716e+02  4.270369e+02 
 7.722814e-01  5.761026e+01  1.374238e+02  2.197213e+02  4.205176e+02 
 7.830465e-01  5.634370e+01  1.346279e+02  2.157609e+02  4.146024e+02 
 7.939618e-01  5.524599e+01  1.327068e+02  2.127111e+02  4.099336e+02 
 8.050292e-01  5.396115e+01  1.301051e+02  2.096016e+02  4.042084e+02 
 8.162509e-01  5.296489e+01  1.280222e+02  2.058456e+02  3.967755e+02 
 8.276289e-01  5.162125e+01  1.253256e+02  2.022696e+02  3.912756e+02 
 8.391656e-01  5.091519e+01  1.236607e+02  1.991873e+02  3.864890e+02 
 8.508632e-01  4.992333e+01  1.214197e+02  1.962520e+02  3.808940e+02 
 8.627237e-01  4.877241e+01  1.193116e+02  1.930617e+02  3.745074e+02 
 8.747496e-01  4.782487e+01  1.171400e+02  1.899636e+02  3.691346e+02 
 8.869432e-01  4.694268e+01  1.153248e+02  1.871817e+02  3.641412e+02 
 8.993067e-01  4.594084e+01  1.133478e+02  1.841469e+02  3.584969e+02 
 9.118425e-01  4.517585e+01  1.112743e+02  1.808387e+02  3.518085e+02 
 9.245531e-01  4.414648e+01  1.093049e+02  1.778472e+02  3.476159e+02 
 9.374409e-01  4.325062e+01  1.074935e+02  1.753626e+02  3.425975e+02 
 9.505083e-01  4.248671e+01  1.056757e+02  1.726105e+02  3.375031e+02 
 9.637579e-01  4.153618e+01  1.035394e+02  1.694206e+02  3.322246e+02 
 9.771921e-01  4.094545e+01  1.027791e+02  1.676058e+02  3.275060e+02 
 9.908137e-01  4.011449e+01  1.007456e+02  1.647347e+02  3.228828e+02 
 1.004625e+00  3.928948e+01  9.878280e+01  1.617498e+02  3.172004e+02 
 1.018629e+00  3.859559e+01  9.730815e+01  1.593082e+02  3.122979e+02 
 1.032828e+00  3.780561e+01  9.565105e+01  1.570600e+02  3.086431e+02 
 1.047225e+00  3.702711e+01  9.414170e+01  1.543928e+02  3.029997e+02 
 1.061823e+00  3.641167e+01  9.276805e+01  1.521223e+02  2.983954e+02 
 1.076624e+00  3.568509e+01  9.118468e+01  1.497070e+02  2.936140e+02 
 1.091632e+00  3.503856e+01  8.962057e+01  1.473970e+02  2.888827e+02 
 1.106848e+00  3.432500e+01  8.797377e+01  1.449828e+02  2.846429e+02 
 1.122277e+00  3.367669e+01  8.663029e+01  1.424628e+02  2.796088e+02 
 1.137921e+00  3.302472e+01  8.505857e+01  1.401524e+02  2.751952e+02 
 1.153783e+00  3.244766e+01  8.365287e+01  1.379060e+02  2.709966e+02 
 1.169866e+00  3.184199e+01  8.231955e+01  1.357027e+02  2.669458e+02 
 1.186174e+00  3.122011e+01  8.103239e+01  1.335393e+02  2.623289e+02 
 1.202708e+00  3.067460e+01  7.968166e+01  1.314270e+02  2.581269e+02 
 1.219473e+00  3.012435e+01  7.842356e+01  1.294201e+02  2.535777e+02 
 1.236472e+00  2.954991e+01  7.715725e+01  1.274260e+02  2.496718e+02 
 1.253708e+00  2.902783e+01  7.582265e+01  1.251460e+02  2.456620e+02 
 1.271184e+00  2.850654e+01  7.485672e+01  1.234877e+02  2.415241e+02 
 1.288904e+00  2.797784e+01  7.333834e+01  1.212004e+02  2.377628e+02 
 1.306870e+00  2.743421e+01  7.212212e+01  1.191798e+02  2.334694e+02 
 1.325087e+00  2.697929e+01  7.098619e+01  1.172837e+02  2.293061e+02 
 1.343558e+00  2.648868e+01  6.978179e+01  1.153258e+02  2.253333e+02 
 1.362287e+00  2.603802e+01  6.857707e+01  1.132473e+02  2.214019e+02 
 1.381276e+00  2.556032e+01  6.745566e+01  1.111626e+02  2.174849e+02 
 1.400531e+00  2.511209e+01  6.634658e+01  1.093799e+02  2.134090e+02 
 1.420053e+00  2.464110e+01  6.515894e+01  1.075687e+02  2.095600e+02 
 1.439848e+00  2.421478e+01  6.413321e+01  1.056348e+02  2.058992e+02 
 1.459919e+00  2.375329e+01  6.303183e+01  1.038146e+02  2.019591e+02 
 1.480269e+00  2.338366e+01  6.187004e+01  1.018951e+02  1.979398e+02 
 1.500903e+00  2.296133e+01  6.086467e+01  1.000952e+02  1.946659e+02 
 1.521825e+00  2.254933e+01  5.990942e+01  9.844633e+01  1.909652e+02 
 1.543038e+00  2.214087e+01  5.887603e+01  9.680898e+01  1.876150e+02 
 1.564548e+00  2.178320e+01  5.788135e+01  9.506559e+01  1.839280e+02 
 1.586357e+00  2.140357e+01  5.694297e+01  9.340107e+01  1.804041e+02 
 1.608469e+00  2.100753e+01  5.597873e+01  9.174377e+01  1.771606e+02 
 1.630891e+00  2.069852e+01  5.491957e+01  8.990756e+01  1.734087e+02 
 1.653624e+00  2.030886e+01  5.396331e+01  8.838290e+01  1.703354e+02 
 1.676675e+00  1.995385e+01  5.311154e+01  8.682548e+01  1.668302e+02 
 1.700047e+00  1.959922e+01  5.219103e+01  8.521579e+01  1.635974e+02 
 1.723745e+00  1.927283e+01  5.124495e+01  8.361529e+01  1.601088e+02 
 1.747773e+00  1.891445e+01  5.031425e+01  8.201727e+01  1.568564e+02 
 1.772136e+00  1.859229e+01  4.943114e+01  8.044935e+01  1.538254e+02 
 1.796838e+00  1.827805e+01  4.853926e+01  7.893394e+01  1.506278e+02 
 1.821885e+00  1.798181e+01  4.766017e+01  7.739385e+01  1.475986e+02 
 1.847281e+00  1.766334e+01  4.687622e+01  7.599861e+01  1.445523e+02 
 1.873032e+00  1.736410e+01  4.598772e+01  7.442476e+01  1.415992e+02 
 1.899141e+00  1.705823e+01  4.512144e+01  7.301638e+01  1.386647e+02 
 1.925614e+00  1.677935e+01  4.432877e+01  7.161519e+01  1.356762e+02 
 1.952456e+00  1.653584e+01  4.356575e+01  7.024274e+01  1.327962e+02 
 1.979672e+00  1.621751e+01  4.279386e+01  6.887818e+01  1.300150e+02 
 2.007267e+00  1.596033e+01  4.198720e+01  6.743593e+01  1.273067e+02 
 2.035248e+00  1.566866e+01  4.117724e+01  6.605690e+01  1.244639e+02 
 2.063618e+00  1.539769e+01  4.038644e+01  6.471738e+01  1.217111e+02 
 2.092383e+00  1.513846e+01  3.961994e+01  6.336791e+01  1.190477e+02 
 2.121550e+00  1.486809e+01  3.884892e+01  6.206257e+01  1.163903e+02 
 2.151123e+00  1.461654e+01  3.811346e+01  6.074473e+01  1.137434e+02 
 2.181109e+00  1.435979e+01  3.735228e+01  5.948850e+01  1.112453e+02 
 2.211512e+00  1.409307e+01  3.660529e+01  5.819511e+01  1.086295e+02 
 2.242340e+00  1.387247e+01  3.591745e+01  5.698767e+01  1.062003e+02 
 2.273597e+00  1.361763e+01  3.520814e+01  5.572381e+01  1.037587e+02 
 2.305289e+00  1.339767e+01  3.450472e+01  5.455578e+01  1.014090e+02 
 2.337424e+00  1.316712e+01  3.380613e+01  5.335838e+01  9.911288e+01 
 2.370006e+00  1.293481e+01  3.313038e+01  5.222308e+01  9.687658e+01 
 2.403043e+00  1.269931e+01  3.246921e+01  5.105608e+01  9.459661e+01 
 2.436540e+00  1.248743e+01  3.182691e+01  4.995103e+01  9.239613e+01 
 2.470504e+00  1.226914e+01  3.118297e+01  4.883424e+01  9.021689e+01 
 2.504942e+00  1.205490e+01  3.055987e+01  4.777473e+01  8.812938e+01 
 2.539859e+00  1.185168e+01  2.991876e+01  4.668626e+01  8.600946e+01 
 2.575263e+00  1.163208e+01  2.928512e+01  4.567071e+01  8.400879e+01 
 2.611161e+00  1.143299e+01  2.867505e+01  4.460225e+01  8.200939e+01 
 2.647559e+00  1.123030e+01  2.806502e+01  4.356539e+01  7.999989e+01 
 2.684465e+00  1.102891e+01  2.748484e+01  4.256383e+01  7.806897e+01 
 2.721885e+00  1.082298e+01  2.687096e+01  4.158412e+01  7.617792e+01 
 2.759826e+00  1.062851e+01  2.628242e+01  4.060092e+01  7.432192e+01 
 2.798297e+00  1.043386e+01  2.571770e+01  3.965832e+01  7.255191e+01 
 2.837304e+00  1.024485e+01  2.515363e+01  3.872808e+01  7.077644e+01 
 2.876854e+00  1.005579e+01  2.459675e+01  3.781004e+01  6.905405e+01 
 2.916956e+00  9.872439e+00  2.406100e+01  3.691738e+01  6.733280e+01 
 2.957617e+00  9.693731e+00  2.353745e+01  3.605678e+01  6.569785e+01 
 2.998844e+00  9.514528e+00  2.301984e+01  3.519854e+01  6.407859e+01 
 3.040646e+00  9.338755e+00  2.250404e+01  3.435463e+01  6.254575e+01 
 3.083031e+00  9.166364e+00  2.199537e+01  3.353648e+01  6.101130e+01 
 3.126007e+00  8.999091e+00  2.151179e+01  3.273409e+01  5.949009e+01 
 3.169582e+00  8.829136e+00  2.101142e+01  3.193005e+01  5.802173e+01 
 3.213764e+00  8.662489e+00  2.053319e+01  3.115527e+01  5.658052e+01 
 3.258562e+00  8.494895e+00  2.006794e+01  3.039302e+01  5.516695e+01 
 3.303985e+00  8.331729e+00  1.959429e+01  2.964714e+01  5.378650e+01 
 3.350041e+00  8.171535e+00  1.913148e+01  2.890753e+01  5.242912e+01 
 3.396739e+00  8.010065e+00  1.868364e+01  2.819878e+01  5.109741e+01 
 3.444087e+00  7.855780e+00  1.823688e+01  2.748228e+01  4.979887e+01 
 3.492096e+00  7.701818e+00  1.780853e+01  2.680710e+01  4.855832e+01 
 3.540774e+00  7.545896e+00  1.738901e+01  2.614124e+01  4.732936e+01 
 3.590130e+00  7.398240e+00  1.697118e+01  2.548180e+01  4.614484e+01 
 3.640175e+00  7.253050e+00  1.656715e+01  2.485383e+01  4.498004e+01 
 3.690917e+00  7.106279e+00  1.617661e+01  2.422245e+01  4.384195e+01 
 3.742366e+00  6.964169e+00  1.578171e+01  2.362040e+01  4.275193e+01 
 3.794533e+00  6.825801e+00  1.540802e+01  2.303182e+01  4.167141e+01 
 3.847427e+00  6.687915e+00  1.503269e+01  2.245235e+01  4.063134e+01 
 3.901058e+00  6.548889e+00  1.467054e+01  2.188968e+01  3.959620e+01 
 3.955436e+00  6.418408e+00  1.431184e+01  2.132526e+01  3.858213e+01 
 4.010573e+00  6.282317e+00  1.395842e+01  2.078879e+01  3.760837e+01 
 4.066478e+00  6.151088e+00  1.361031e+01  2.025218e+01  3.663755e+01 
 4.123163e+00  6.020894e+00  1.327496e+01  1.973190e+01  3.569362e+01 
 4.180637e+00  5.894173e+00  1.294542e+01  1.922567e+01  3.476957e+01 
 4.238913e+00  5.768469e+00  1.261800e+01  1.872731e+01  3.387775e+01 
 4.298001e+00  5.642338e+00  1.230088e+01  1.824447e+01  3.299933e+01 
 4.357913e+00  5.523654e+00  1.199067e+01  1.777376e+01  3.215418e+01 
 4.418660e+00  5.403429e+00  1.169124e+01  1.731377e+01  3.133095e+01 
 4.480254e+00  5.284837e+00  1.139551e+01  1.686633e+01  3.052453e+01 
 4.542706e+00  5.171052e+00  1.110567e+01  1.642928e+01  2.973882e+01 
 4.606029e+00  5.057571e+00  1.082857e+01  1.600785e+01  2.898190e+01 
 4.670234e+00  4.946344e+00  1.055592e+01  1.559948e+01  2.824372e+01 
 4.735335e+00  4.837634e+00  1.029048e+01  1.519708e+01  2.751799e+01 
 4.801343e+00  4.732523e+00  1.003159e+01  1.480619e+01  2.680758e+01 
 4.868271e+00  4.626919e+00  9.775527e+00  1.442121e+01  2.611572e+01 
 4.936132e+00  4.523060e+00  9.524804e+00  1.404604e+01  2.543783e+01 
 5.004939e+00  4.420473e+00  9.280700e+00  1.367856e+01  2.477444e+01 
 5.074705e+00  4.319051e+00  9.041006e+00  1.331848e+01  2.412797e+01 
 5.145444e+00  4.220886e+00  8.807292e+00  1.296802e+01  2.349752e+01 
 5.217169e+00  4.122897e+00  8.577794e+00  1.262515e+01  2.287358e+01 
 5.289893e+00  4.028733e+00  8.355716e+00  1.229569e+01  2.227672e+01 
 5.363631e+00  3.934290e+00  8.138648e+00  1.196914e+01  2.168985e+01 
 5.438397e+00  3.843155e+00  7.926335e+00  1.165389e+01  2.111768e+01 
 5.514206e+00  3.753480e+00  7.720416e+00  1.134738e+01  2.056487e+01 
 5.591071e+00  3.664864e+00  7.520641e+00  1.104846e+01  2.002596e+01 
 5.669007e+00  3.580100e+00  7.325172e+00  1.075971e+01  1.950322e+01 
 5.748030e+00  3.496233e+00  7.135954e+00  1.047710e+01  1.899139e+01 
 5.828155e+00  3.414197e+00  6.951836e+00  1.020367e+01  1.849508e+01 
 5.909396e+00  3.334062e+00  6.771802e+00  9.937029e+00  1.801354e+01 
 5.991770e+00  3.255141e+00  6.595897e+00  9.675924e+00  1.754133e+01 
 6.075292e+00  3.178055e+00  6.424995e+00  9.422031e+00  1.707890e+01 
 6.159978e+00  3.102105e+00  6.256993e+00  9.173184e+00  1.662782e+01 
 6.245845e+00  3.027557e+00  6.093286e+00  8.930241e+00  1.618588e+01 
 6.332908e+00  2.954217e+00  5.932332e+00  8.692514e+00  1.575331e+01 
 6.421186e+00  2.882846e+00  5.776299e+00  8.460379e+00  1.533165e+01 
 6.510694e+00  2.812498e+00  5.623820e+00  8.235068e+00  1.492115e+01 
 6.601449e+00  2.744315e+00  5.475760e+00  8.015564e+00  1.452161e+01 
 6.693470e+00  2.677082e+00  5.330867e+00  7.801108e+00  1.413203e+01 
 6.786773e+00  2.611643e+00  5.190559e+00  7.593032e+00  1.375387e+01 
 6.881377e+00  2.548144e+00  5.054081e+00  7.391265e+00  1.338494e+01 
 6.977300e+00  2.485942e+00  4.921867e+00  7.195955e+00  1.302771e+01 
 7.074559e+00  2.425709e+00  4.792878e+00  7.005066e+00  1.267988e+01 
 7.173175e+00  2.366536e+00  4.668066e+00  6.820096e+00  1.234290e+01 
 7.273165e+00  2.309187e+00  4.546709e+00  6.641121e+00  1.201481e+01 
 7.374549e+00  2.252988e+00  4.428121e+00  6.465750e+00  1.169614e+01 
 7.477346e+00  2.198011e+00  4.313293e+00  6.296177e+00  1.138455e+01 
 7.581576e+00  2.144529e+00  4.200201e+00  6.129361e+00  1.108011e+01 
 7.687260e+00  2.091845e+00  4.090330e+00  5.966762e+00  1.078338e+01 
 7.794416e+00  2.040372e+00  3.982957e+00  5.807390e+00  1.049254e+01 
 7.903066e+00  1.990033e+00  3.877768e+00  5.651750e+00  1.020796e+01 
 8.013230e+00  1.940853e+00  3.775835e+00  5.501406e+00  9.931564e+00 
 8.124930e+00  1.892742e+00  3.676408e+00  5.354214e+00  9.661935e+00 
 8.238187e+00  1.846061e+00  3.579389e+00  5.210760e+00  9.399785e+00 
 8.353023e+00  1.800401e+00  3.485318e+00  5.071793e+00  9.144575e+00 
 8.469460e+00  1.756071e+00  3.394030e+00  4.936752e+00  8.897056e+00 
 8.587519e+00  1.712972e+00  3.305141e+00  4.805363e+00  8.656606e+00 
 8.707225e+00  1.671025e+00  3.218744e+00  4.678045e+00  8.423130e+00 
 8.828599e+00  1.630254e+00  3.135360e+00  4.554470e+00  8.196246e+00 
 8.951665e+00  1.590482e+00  3.054323e+00  4.434478e+00  7.976561e+00 
 9.076446e+00  1.551955e+00  2.975557e+00  4.318261e+00  7.763327e+00 
 9.202967e+00  1.514391e+00  2.898954e+00  4.205179e+00  7.555446e+00 
 9.331251e+00  1.477747e+00  2.824192e+00  4.094616e+00  7.352946e+00 
 9.461324e+00  0.000000e+00  0.000000e+00  0.000000e+00  0.000000e+00 
 9.593209e+00  0.000000e+00  0.000000e+00  0.000000e+00  0.000000e+00 
 9.726934e+00  0.000000e+00  0.000000e+00  0.000000e+00  0.000000e+00 
 9.862522e+00  0.000000e+00  0.000000e+00  0.000000e+00  0.000000e+00 
 1.000000e+01  0.000000e+00  0.000000e+00  0.000000e+00  0.000000e+00 
