 1.000000e-02  6.291545e+03  1.168803e+04  1.596677e+04  2.409652e+04 
 1.013939e-02  6.322162e+03  1.174472e+04  1.604408e+04  2.421274e+04 
 1.028073e-02  6.352183e+03  1.180032e+04  1.611985e+04  2.432665e+04 
 1.042404e-02  6.381574e+03  1.185473e+04  1.619400e+04  2.443811e+04 
 1.056935e-02  6.410325e+03  1.190793e+04  1.626651e+04  2.454705e+04 
 1.071668e-02  6.438403e+03  1.195989e+04  1.633730e+04  2.465338e+04 
 1.086606e-02  6.465800e+03  1.201058e+04  1.640636e+04  2.475709e+04 
 1.101753e-02  6.492479e+03  1.205993e+04  1.647357e+04  2.485800e+04 
 1.117111e-02  6.518419e+03  1.210790e+04  1.653890e+04  2.495605e+04 
 1.132683e-02  6.543594e+03  1.215444e+04  1.660227e+04  2.505114e+04 
 1.148472e-02  6.567992e+03  1.219953e+04  1.666365e+04  2.514319e+04 
 1.164481e-02  6.591582e+03  1.224310e+04  1.672297e+04  2.523212e+04 
 1.180713e-02  6.614342e+03  1.228515e+04  1.678016e+04  2.531783e+04 
 1.197171e-02  6.636245e+03  1.232557e+04  1.683516e+04  2.540022e+04 
 1.213859e-02  6.657275e+03  1.236439e+04  1.688793e+04  2.547922e+04 
 1.230780e-02  6.677407e+03  1.240152e+04  1.693841e+04  2.555474e+04 
 1.247936e-02  6.696615e+03  1.243692e+04  1.698653e+04  2.562669e+04 
 1.265332e-02  6.714880e+03  1.247057e+04  1.703224e+04  2.569498e+04 
 1.282970e-02  6.732184e+03  1.250243e+04  1.707549e+04  2.575957e+04 
 1.300854e-02  6.748507e+03  1.253246e+04  1.711625e+04  2.582036e+04 
 1.318987e-02  6.763827e+03  1.256061e+04  1.715443e+04  2.587725e+04 
 1.337373e-02  6.778113e+03  1.258684e+04  1.718999e+04  2.593015e+04 
 1.356015e-02  6.791344e+03  1.261111e+04  1.722284e+04  2.597898e+04 
 1.374917e-02  6.803498e+03  1.263336e+04  1.725296e+04  2.602363e+04 
 1.394083e-02  6.814545e+03  1.265356e+04  1.728025e+04  2.606403e+04 
 1.413516e-02  6.824459e+03  1.267164e+04  1.730465e+04  2.610004e+04 
 1.433219e-02  6.833219e+03  1.268758e+04  1.732610e+04  2.613159e+04 
 1.453198e-02  6.840799e+03  1.270131e+04  1.734455e+04  2.615858e+04 
 1.473454e-02  6.847177e+03  1.271280e+04  1.735994e+04  2.618093e+04 
 1.493993e-02  6.852328e+03  1.272202e+04  1.737219e+04  2.619857e+04 
 1.514819e-02  6.856210e+03  1.272890e+04  1.738128e+04  2.621142e+04 
 1.535935e-02  6.858819e+03  1.273342e+04  1.738715e+04  2.621945e+04 
 1.557345e-02  6.860134e+03  1.273553e+04  1.738971e+04  2.622246e+04 
 1.579053e-02  6.860144e+03  1.273520e+04  1.738896e+04  2.622045e+04 
 1.601064e-02  6.858824e+03  1.273240e+04  1.738482e+04  2.621334e+04 
 1.623382e-02  6.856183e+03  1.272715e+04  1.737732e+04  2.620113e+04 
 1.646012e-02  6.852181e+03  1.271937e+04  1.736636e+04  2.618369e+04 
 1.668956e-02  6.846813e+03  1.270904e+04  1.735192e+04  2.616099e+04 
 1.692220e-02  6.840046e+03  1.269611e+04  1.733393e+04  2.613289e+04 
 1.715809e-02  6.831880e+03  1.268058e+04  1.731237e+04  2.609942e+04 
 1.739726e-02  6.822285e+03  1.266239e+04  1.728717e+04  2.606046e+04 
 1.763977e-02  6.811250e+03  1.264153e+04  1.725833e+04  2.601596e+04 
 1.788566e-02  6.798740e+03  1.261791e+04  1.722574e+04  2.596580e+04 
 1.813498e-02  6.784762e+03  1.259158e+04  1.718940e+04  2.591000e+04 
 1.838777e-02  6.769292e+03  1.256247e+04  1.714928e+04  2.584847e+04 
 1.864409e-02  6.752340e+03  1.253059e+04  1.710538e+04  2.578123e+04 
 1.890397e-02  6.733870e+03  1.249590e+04  1.705764e+04  2.570817e+04 
 1.916748e-02  6.713891e+03  1.245840e+04  1.700607e+04  2.562933e+04 
 1.943467e-02  6.692384e+03  1.241807e+04  1.695060e+04  2.554463e+04 
 1.970558e-02  6.669379e+03  1.237496e+04  1.689133e+04  2.545417e+04 
 1.998026e-02  6.644854e+03  1.232901e+04  1.682821e+04  2.535790e+04 
 2.025878e-02  6.618826e+03  1.228027e+04  1.676128e+04  2.525585e+04 
 2.054117e-02  6.591284e+03  1.222872e+04  1.669049e+04  2.514801e+04 
 2.082751e-02  6.562259e+03  1.217441e+04  1.661595e+04  2.503446e+04 
 2.111783e-02  6.531746e+03  1.211735e+04  1.653762e+04  2.491523e+04 
 2.141220e-02  6.499842e+03  1.205766e+04  1.645568e+04  2.479042e+04 
 2.171068e-02  6.467077e+03  1.199612e+04  1.637093e+04  2.466072e+04 
 2.201331e-02  6.432827e+03  1.193181e+04  1.628242e+04  2.452533e+04 
 2.232016e-02  6.397101e+03  1.186476e+04  1.619017e+04  2.438429e+04 
 2.263130e-02  6.359895e+03  1.179497e+04  1.609416e+04  2.423758e+04 
 2.294676e-02  6.321238e+03  1.172248e+04  1.599448e+04  2.408533e+04 
 2.326663e-02  6.281136e+03  1.164731e+04  1.589114e+04  2.392756e+04 
 2.359095e-02  6.239620e+03  1.156951e+04  1.578421e+04  2.376439e+04 
 2.391980e-02  6.196697e+03  1.148912e+04  1.567372e+04  2.359587e+04 
 2.425323e-02  6.152401e+03  1.140617e+04  1.555976e+04  2.342210e+04 
 2.459130e-02  6.106762e+03  1.132073e+04  1.544241e+04  2.324323e+04 
 2.493409e-02  6.059834e+03  1.123290e+04  1.532179e+04  2.305945e+04 
 2.528166e-02  6.011643e+03  1.114273e+04  1.519799e+04  2.287087e+04 
 2.563407e-02  5.962245e+03  1.105033e+04  1.507113e+04  2.267771e+04 
 2.599140e-02  5.911685e+03  1.095579e+04  1.494135e+04  2.248015e+04 
 2.635371e-02  5.860026e+03  1.085920e+04  1.480880e+04  2.227843e+04 
 2.672106e-02  5.807299e+03  1.076064e+04  1.467357e+04  2.207265e+04 
 2.709354e-02  5.753532e+03  1.066015e+04  1.453569e+04  2.186296e+04 
 2.747121e-02  5.698753e+03  1.055780e+04  1.439530e+04  2.164945e+04 
 2.785414e-02  5.642938e+03  1.045357e+04  1.425234e+04  2.143218e+04 
 2.824241e-02  5.585843e+03  1.034708e+04  1.410646e+04  2.121083e+04 
 2.863610e-02  5.527870e+03  1.023898e+04  1.395838e+04  2.098617e+04 
 2.903527e-02  5.469073e+03  1.012936e+04  1.380823e+04  2.075844e+04 
 2.944000e-02  5.409507e+03  1.001832e+04  1.365616e+04  2.052783e+04 
 2.985038e-02  5.349236e+03  9.905983e+03  1.350233e+04  2.029458e+04 
 3.026648e-02  5.288331e+03  9.792486e+03  1.334691e+04  2.005900e+04 
 3.068838e-02  5.226869e+03  9.677962e+03  1.319012e+04  1.982134e+04 
 3.111616e-02  5.164930e+03  9.562562e+03  1.303213e+04  1.958194e+04 
 3.154990e-02  5.102606e+03  9.446458e+03  1.287319e+04  1.934113e+04 
 3.198969e-02  5.039989e+03  9.329823e+03  1.271354e+04  1.909927e+04 
 3.243561e-02  4.977195e+03  9.212865e+03  1.255345e+04  1.885680e+04 
 3.288774e-02  4.914324e+03  9.095774e+03  1.239320e+04  1.861408e+04 
 3.334618e-02  4.851468e+03  8.978717e+03  1.223299e+04  1.837147e+04 
 3.381101e-02  4.788670e+03  8.861780e+03  1.207296e+04  1.812914e+04 
 3.428231e-02  4.725984e+03  8.745056e+03  1.191323e+04  1.788730e+04 
 3.476019e-02  4.663246e+03  8.628605e+03  1.175428e+04  1.764781e+04 
 3.524473e-02  4.600727e+03  8.512575e+03  1.159591e+04  1.740928e+04 
 3.573602e-02  4.538490e+03  8.397071e+03  1.143827e+04  1.717184e+04 
 3.623416e-02  4.476599e+03  8.282209e+03  1.128151e+04  1.693574e+04 
 3.673925e-02  4.415118e+03  8.168117e+03  1.112580e+04  1.670126e+04 
 3.725137e-02  4.354120e+03  8.054926e+03  1.097133e+04  1.646864e+04 
 3.777064e-02  4.293678e+03  7.942769e+03  1.081828e+04  1.623816e+04 
 3.829714e-02  4.233868e+03  7.831788e+03  1.066684e+04  1.601014e+04 
 3.883098e-02  4.174775e+03  7.722139e+03  1.051721e+04  1.578487e+04 
 3.937226e-02  4.116484e+03  7.613982e+03  1.036962e+04  1.556268e+04 
 3.992109e-02  4.059089e+03  7.507485e+03  1.022431e+04  1.534390e+04 
 4.047757e-02  4.002676e+03  7.402773e+03  1.008137e+04  1.512863e+04 
 4.104181e-02  3.947101e+03  7.298938e+03  9.938895e+03  1.491195e+04 
 4.161391e-02  3.892665e+03  7.197220e+03  9.799320e+03  1.469968e+04 
 4.219398e-02  3.839387e+03  7.097661e+03  9.662696e+03  1.449187e+04 
 4.278214e-02  3.787295e+03  7.000309e+03  9.529092e+03  1.428864e+04 
 4.337850e-02  3.736411e+03  6.905201e+03  9.398557e+03  1.409005e+04 
 4.398317e-02  3.686755e+03  6.812382e+03  9.271150e+03  1.389619e+04 
 4.459628e-02  3.638348e+03  6.721885e+03  9.146919e+03  1.370713e+04 
 4.521792e-02  3.591210e+03  6.633743e+03  9.025908e+03  1.352293e+04 
 4.584824e-02  3.545351e+03  6.547986e+03  8.908147e+03  1.334365e+04 
 4.648734e-02  3.500791e+03  6.464633e+03  8.793674e+03  1.316932e+04 
 4.713535e-02  3.457713e+03  6.384876e+03  8.684995e+03  1.300609e+04 
 4.779239e-02  3.416051e+03  6.308251e+03  8.581108e+03  1.285150e+04 
 4.845859e-02  3.375683e+03  6.234011e+03  8.480465e+03  1.270176e+04 
 4.913407e-02  3.336588e+03  6.162114e+03  8.383007e+03  1.255675e+04 
 4.981898e-02  3.298731e+03  6.092504e+03  8.288646e+03  1.241638e+04 
 5.051342e-02  3.262072e+03  6.025100e+03  8.197285e+03  1.228050e+04 
 5.121755e-02  3.226566e+03  5.959821e+03  8.108810e+03  1.214892e+04 
 5.193150e-02  3.192160e+03  5.896573e+03  8.023097e+03  1.202146e+04 
 5.265540e-02  3.158797e+03  5.835248e+03  7.939995e+03  1.189791e+04 
 5.338938e-02  3.126140e+03  5.774726e+03  7.857461e+03  1.177382e+04 
 5.413360e-02  3.094062e+03  5.714670e+03  7.774938e+03  1.164808e+04 
 5.488820e-02  3.062792e+03  5.656110e+03  7.694456e+03  1.152542e+04 
 5.565331e-02  3.032242e+03  5.598883e+03  7.615797e+03  1.140549e+04 
 5.642908e-02  3.002297e+03  5.542781e+03  7.538671e+03  1.128787e+04 
 5.721568e-02  2.972842e+03  5.487584e+03  7.462775e+03  1.117209e+04 
 5.801323e-02  2.943745e+03  5.433057e+03  7.387795e+03  1.105770e+04 
 5.882190e-02  2.914940e+03  5.379094e+03  7.313609e+03  1.094458e+04 
 5.964185e-02  2.886535e+03  5.326269e+03  7.241391e+03  1.083552e+04 
 6.047322e-02  2.858769e+03  5.275683e+03  7.173310e+03  1.073560e+04 
 6.131619e-02  2.830896e+03  5.224887e+03  7.104934e+03  1.063522e+04 
 6.217090e-02  2.802690e+03  5.173457e+03  7.035670e+03  1.053346e+04 
 6.303753e-02  2.774106e+03  5.121299e+03  6.965399e+03  1.043009e+04 
 6.391624e-02  2.744965e+03  5.068112e+03  6.893713e+03  1.032459e+04 
 6.480720e-02  2.715199e+03  5.013772e+03  6.820460e+03  1.021677e+04 
 6.571058e-02  2.684656e+03  4.958002e+03  6.745274e+03  1.010606e+04 
 6.662655e-02  2.651976e+03  4.896216e+03  6.659727e+03  9.973812e+03 
 6.755528e-02  2.618259e+03  4.832474e+03  6.571479e+03  9.837402e+03 
 6.849697e-02  2.583479e+03  4.766793e+03  6.480618e+03  9.697152e+03 
 6.945178e-02  2.547551e+03  4.699019e+03  6.386940e+03  9.552778e+03 
 7.041990e-02  2.510414e+03  4.629043e+03  6.290302e+03  9.404075e+03 
 7.140151e-02  2.472025e+03  4.556795e+03  6.190617e+03  9.250918e+03 
 7.239681e-02  2.432683e+03  4.483157e+03  6.089482e+03  9.096990e+03 
 7.340598e-02  2.392433e+03  4.408279e+03  5.987174e+03  8.942938e+03 
 7.442922e-02  2.350911e+03  4.331080e+03  5.881741e+03  8.784288e+03 
 7.546673e-02  2.308156e+03  4.251637e+03  5.773289e+03  8.621202e+03 
 7.651869e-02  2.264227e+03  4.170055e+03  5.661961e+03  8.453898e+03 
 7.758532e-02  2.219214e+03  4.086509e+03  5.547997e+03  8.282730e+03 
 7.866682e-02  2.174151e+03  4.004149e+03  5.436904e+03  8.119023e+03 
 7.976339e-02  2.129722e+03  3.924991e+03  5.332167e+03  7.969845e+03 
 8.087525e-02  2.084530e+03  3.844357e+03  5.225356e+03  7.817391e+03 
 8.200261e-02  2.038743e+03  3.762549e+03  5.116875e+03  7.662254e+03 
 8.314568e-02  1.992545e+03  3.679905e+03  5.007180e+03  7.505097e+03 
 8.430468e-02  1.946140e+03  3.596798e+03  4.896771e+03  7.346661e+03 
 8.547985e-02  1.898821e+03  3.510581e+03  4.780767e+03  7.176515e+03 
 8.667139e-02  1.851330e+03  3.423383e+03  4.662782e+03  7.001829e+03 
 8.787954e-02  1.804346e+03  3.337103e+03  4.546025e+03  6.828910e+03 
 8.910453e-02  1.758089e+03  3.252150e+03  4.431048e+03  6.658582e+03 
 9.034660e-02  1.712785e+03  3.168936e+03  4.318414e+03  6.491679e+03 
 9.160598e-02  1.669319e+03  3.090034e+03  4.212473e+03  6.336718e+03 
 9.288292e-02  1.627811e+03  3.015547e+03  4.113262e+03  6.193500e+03 
 9.417766e-02  1.587804e+03  2.943745e+03  4.017613e+03  6.055392e+03 
 9.549045e-02  1.549476e+03  2.874961e+03  3.925986e+03  5.923090e+03 
 9.682153e-02  1.512966e+03  2.809458e+03  3.838739e+03  5.797141e+03 
 9.817117e-02  1.478599e+03  2.748191e+03  3.757502e+03  5.680730e+03 
 9.953962e-02  1.446332e+03  2.690856e+03  3.681653e+03  5.572459e+03 
 1.009272e-01  1.416143e+03  2.637291e+03  3.610858e+03  5.471578e+03 
 1.023340e-01  1.388061e+03  2.587554e+03  3.545208e+03  5.378246e+03 
 1.037605e-01  1.361373e+03  2.539483e+03  3.480994e+03  5.285146e+03 
 1.052069e-01  1.334102e+03  2.487097e+03  3.407959e+03  5.172061e+03 
 1.066734e-01  1.308865e+03  2.438523e+03  3.340159e+03  5.066919e+03 
 1.081604e-01  1.285538e+03  2.393527e+03  3.277267e+03  4.969220e+03 
 1.096681e-01  1.263968e+03  2.351819e+03  3.218883e+03  4.878358e+03 
 1.111968e-01  1.244305e+03  2.314096e+03  3.166178e+03  4.796071e+03 
 1.127468e-01  1.225986e+03  2.278905e+03  3.116954e+03  4.719071e+03 
 1.143184e-01  1.208745e+03  2.245732e+03  3.070500e+03  4.646283e+03 
 1.159120e-01  1.192313e+03  2.214077e+03  3.026134e+03  4.576685e+03 
 1.175277e-01  1.177489e+03  2.186560e+03  2.988387e+03  4.519046e+03 
 1.191660e-01  1.162985e+03  2.159744e+03  2.951687e+03  4.463182e+03 
 1.208271e-01  1.148409e+03  2.132804e+03  2.914829e+03  4.407112e+03 
 1.225114e-01  1.133457e+03  2.105167e+03  2.877051e+03  4.349813e+03 
 1.242191e-01  1.117624e+03  2.075820e+03  2.837121e+03  4.290380e+03 
 1.259506e-01  1.100940e+03  2.044912e+03  2.795077e+03  4.227797e+03 
 1.277063e-01  1.083205e+03  2.012071e+03  2.750413e+03  4.161305e+03 
 1.294865e-01  1.064698e+03  1.978103e+03  2.704353e+03  4.092645e+03 
 1.312915e-01  1.045394e+03  1.943001e+03  2.656893e+03  4.021795e+03 
 1.331216e-01  1.024730e+03  1.905380e+03  2.606006e+03  3.945812e+03 
 1.349772e-01  1.002767e+03  1.865386e+03  2.551941e+03  3.865206e+03 
 1.368587e-01  9.808275e+02  1.827523e+03  2.503138e+03  3.799200e+03 
 1.387665e-01  9.577494e+02  1.787450e+03  2.451221e+03  3.728243e+03 
 1.407008e-01  9.337415e+02  1.745538e+03  2.396686e+03  3.653042e+03 
 1.426621e-01  9.099441e+02  1.704278e+03  2.342819e+03  3.577261e+03 
 1.446507e-01  8.860010e+02  1.662720e+03  2.288390e+03  3.499934e+03 
 1.466671e-01  8.619311e+02  1.620766e+03  2.233290e+03  3.421310e+03 
 1.487115e-01  8.358760e+02  1.572944e+03  2.168653e+03  3.325821e+03 
 1.507845e-01  8.089712e+02  1.522116e+03  2.098907e+03  3.220966e+03 
 1.528864e-01  7.830757e+02  1.473177e+03  2.031730e+03  3.119895e+03 
 1.550175e-01  7.602527e+02  1.431854e+03  1.976428e+03  3.039518e+03 
 1.571784e-01  7.401170e+02  1.396790e+03  1.930652e+03  2.975348e+03 
 1.593694e-01  7.215056e+02  1.364441e+03  1.888477e+03  2.916381e+03 
 1.615909e-01  7.049405e+02  1.336002e+03  1.851562e+03  2.864793e+03 
 1.638434e-01  6.902400e+02  1.311036e+03  1.819323e+03  2.819977e+03 
 1.661273e-01  6.771898e+02  1.289073e+03  1.791144e+03  2.781219e+03 
 1.684430e-01  6.623383e+02  1.260808e+03  1.752354e+03  2.723376e+03 
 1.707910e-01  6.485585e+02  1.234220e+03  1.715645e+03  2.668371e+03 
 1.731717e-01  6.365826e+02  1.211461e+03  1.684432e+03  2.621853e+03 
 1.755856e-01  6.278123e+02  1.196438e+03  1.664732e+03  2.593198e+03 
 1.780332e-01  6.196779e+02  1.182602e+03  1.646665e+03  2.567069e+03 
 1.805149e-01  6.101812e+02  1.164113e+03  1.620435e+03  2.525083e+03 
 1.830312e-01  5.997131e+02  1.142568e+03  1.588958e+03  2.473097e+03 
 1.855825e-01  5.891018e+02  1.121089e+03  1.557948e+03  2.422695e+03 
 1.881694e-01  5.786720e+02  1.101796e+03  1.532026e+03  2.384986e+03 
 1.907924e-01  5.674714e+02  1.081070e+03  1.504129e+03  2.344221e+03 
 1.934520e-01  5.550424e+02  1.058055e+03  1.473351e+03  2.300553e+03 
 1.961486e-01  5.415842e+02  1.033105e+03  1.439971e+03  2.253287e+03 
 1.988828e-01  5.284645e+02  1.009523e+03  1.408684e+03  2.208766e+03 
 2.016551e-01  5.163408e+02  9.888406e+02  1.381691e+03  2.170212e+03 
 2.044661e-01  5.034281e+02  9.662951e+02  1.351828e+03  2.126691e+03 
 2.073162e-01  4.891700e+02  9.395130e+02  1.314766e+03  2.069829e+03 
 2.102061e-01  4.748798e+02  9.126149e+02  1.277501e+03  2.012529e+03 
 2.131362e-01  4.644930e+02  8.973409e+02  1.259361e+03  1.988902e+03 
 2.161073e-01  4.546886e+02  8.831880e+02  1.242789e+03  1.967691e+03 
 2.191197e-01  4.423035e+02  8.614757e+02  1.214581e+03  1.929215e+03 
 2.221741e-01  4.301362e+02  8.395250e+02  1.185721e+03  1.889725e+03 
 2.252711e-01  4.193991e+02  8.207373e+02  1.161486e+03  1.856977e+03 
 2.284112e-01  4.098670e+02  8.043629e+02  1.140650e+03  1.829303e+03 
 2.315951e-01  4.016824e+02  7.895335e+02  1.120400e+03  1.798002e+03 
 2.348235e-01  3.945012e+02  7.762682e+02  1.101800e+03  1.767760e+03 
 2.380968e-01  3.860447e+02  7.592872e+02  1.077676e+03  1.730249e+03 
 2.414157e-01  3.776076e+02  7.420507e+02  1.053132e+03  1.692457e+03 
 2.447809e-01  3.692283e+02  7.256388e+02  1.030404e+03  1.657704e+03 
 2.481930e-01  3.609646e+02  7.095961e+02  1.008276e+03  1.623873e+03 
 2.516527e-01  3.559456e+02  7.012636e+02  9.971579e+02  1.606858e+03 
 2.551606e-01  3.496235e+02  6.899789e+02  9.818561e+02  1.583777e+03 
 2.587174e-01  3.399221e+02  6.708389e+02  9.554321e+02  1.544937e+03 
 2.623238e-01  3.316082e+02  6.555856e+02  9.349189e+02  1.515267e+03 
 2.659804e-01  3.249012e+02  6.447252e+02  9.210599e+02  1.495936e+03 
 2.696881e-01  3.160691e+02  6.286481e+02  8.993950e+02  1.463366e+03 
 2.734474e-01  3.066958e+02  6.111984e+02  8.756653e+02  1.427312e+03 
 2.772591e-01  2.996193e+02  5.995388e+02  8.611310e+02  1.408561e+03 
 2.811239e-01  2.923585e+02  5.868856e+02  8.450234e+02  1.388298e+03 
 2.850426e-01  2.849111e+02  5.730380e+02  8.270390e+02  1.366528e+03 
 2.890160e-01  2.782203e+02  5.614832e+02  8.120116e+02  1.344788e+03 
 2.930447e-01  2.721237e+02  5.507115e+02  7.973714e+02  1.321566e+03 
 2.971296e-01  2.663594e+02  5.388898e+02  7.792699e+02  1.289759e+03 
 3.012714e-01  2.612282e+02  5.298254e+02  7.671459e+02  1.271699e+03 
 3.054710e-01  2.561665e+02  5.212796e+02  7.564797e+02  1.257706e+03 
 3.097291e-01  2.499643e+02  5.096377e+02  7.410431e+02  1.236370e+03 
 3.140465e-01  2.441871e+02  4.978968e+02  7.240511e+02  1.208234e+03 
 3.184242e-01  2.389280e+02  4.873875e+02  7.088485e+02  1.183021e+03 
 3.228628e-01  2.346954e+02  4.803161e+02  6.999657e+02  1.172157e+03 
 3.273634e-01  2.287453e+02  4.683583e+02  6.827310e+02  1.144419e+03 
 3.319266e-01  2.225559e+02  4.563434e+02  6.660686e+02  1.119203e+03 
 3.365535e-01  2.166948e+02  4.458693e+02  6.525548e+02  1.101056e+03 
 3.412449e-01  2.126729e+02  4.404680e+02  6.460102e+02  1.090257e+03 
 3.460016e-01  2.083034e+02  4.332256e+02  6.366051e+02  1.076912e+03 
 3.508247e-01  2.040709e+02  4.255404e+02  6.262408e+02  1.061576e+03 
 3.557150e-01  2.000278e+02  4.178905e+02  6.157336e+02  1.045133e+03 
 3.606735e-01  1.953668e+02  4.094259e+02  6.045786e+02  1.029409e+03 
 3.657011e-01  1.898086e+02  3.986905e+02  5.898394e+02  1.009025e+03 
 3.707988e-01  1.853398e+02  3.899853e+02  5.778941e+02  9.911996e+02 
 3.759675e-01  1.812260e+02  3.819963e+02  5.668500e+02  9.745326e+02 
 3.812083e-01  1.769607e+02  3.741495e+02  5.561337e+02  9.587223e+02 
 3.865221e-01  1.733507e+02  3.688129e+02  5.497751e+02  9.477010e+02 
 3.919100e-01  1.695571e+02  3.599143e+02  5.363484e+02  9.294937e+02 
 3.973730e-01  1.653704e+02  3.528510e+02  5.273157e+02  9.146982e+02 
 4.029122e-01  1.619909e+02  3.473818e+02  5.195578e+02  9.002612e+02 
 4.085286e-01  1.585760e+02  3.399935e+02  5.089542e+02  8.850318e+02 
 4.142232e-01  1.545442e+02  3.317192e+02  4.980037e+02  8.713236e+02 
 4.199973e-01  1.506798e+02  3.249960e+02  4.894008e+02  8.584421e+02 
 4.258518e-01  1.475857e+02  3.191509e+02  4.810072e+02  8.437602e+02 
 4.317880e-01  1.442985e+02  3.125767e+02  4.712544e+02  8.288051e+02 
 4.378069e-01  1.413773e+02  3.066428e+02  4.626653e+02  8.144011e+02 
 4.439097e-01  1.389306e+02  3.028116e+02  4.580879e+02  8.101421e+02 
 4.500975e-01  1.351104e+02  2.955980e+02  4.481369e+02  7.953692e+02 
 4.563716e-01  1.318447e+02  2.887563e+02  4.380886e+02  7.772906e+02 
 4.627332e-01  1.297790e+02  2.858770e+02  4.349827e+02  7.741761e+02 
 4.691835e-01  1.263873e+02  2.790575e+02  4.250980e+02  7.575007e+02 
 4.757236e-01  1.239403e+02  2.741634e+02  4.182867e+02  7.468879e+02 
 4.823549e-01  1.206673e+02  2.673941e+02  4.087368e+02  7.338338e+02 
 4.890787e-01  1.180754e+02  2.623101e+02  4.018060e+02  7.228167e+02 
 4.958962e-01  1.161347e+02  2.584390e+02  3.957147e+02  7.115504e+02 
 5.028087e-01  1.135282e+02  2.538521e+02  3.894820e+02  7.023656e+02 
 5.098176e-01  1.113831e+02  2.498231e+02  3.835287e+02  6.906066e+02 
 5.169242e-01  1.093811e+02  2.459727e+02  3.783202e+02  6.833635e+02 
 5.241298e-01  1.057681e+02  2.397471e+02  3.706220e+02  6.736936e+02 
 5.314359e-01  1.038856e+02  2.367791e+02  3.664593e+02  6.668633e+02 
 5.388438e-01  1.016429e+02  2.315948e+02  3.586886e+02  6.550079e+02 
 5.463550e-01  9.979006e+01  2.279017e+02  3.531370e+02  6.457147e+02 
 5.539709e-01  9.710133e+01  2.230986e+02  3.469302e+02  6.359561e+02 
 5.616930e-01  9.534628e+01  2.196281e+02  3.419976e+02  6.284298e+02 
 5.695227e-01  9.345105e+01  2.165036e+02  3.380015e+02  6.197330e+02 
 5.774615e-01  9.128640e+01  2.114456e+02  3.304768e+02  6.089378e+02 
 5.855110e-01  8.961618e+01  2.082817e+02  3.255821e+02  6.005860e+02 
 5.936727e-01  8.748671e+01  2.032866e+02  3.185835e+02  5.898932e+02 
 6.019482e-01  8.596352e+01  2.008324e+02  3.145594e+02  5.824731e+02 
 6.103390e-01  8.389465e+01  1.972484e+02  3.098288e+02  5.738445e+02 
 6.188468e-01  8.201533e+01  1.941523e+02  3.070312e+02  5.716780e+02 
 6.274732e-01  8.060314e+01  1.904248e+02  3.006432e+02  5.613750e+02 
 6.362198e-01  7.896591e+01  1.875401e+02  2.963815e+02  5.530325e+02 
 6.450884e-01  7.708884e+01  1.841004e+02  2.915212e+02  5.443976e+02 
 6.540806e-01  7.544841e+01  1.801301e+02  2.855017e+02  5.356832e+02 
 6.631981e-01  7.375893e+01  1.774275e+02  2.824627e+02  5.301992e+02 
 6.724427e-01  7.231936e+01  1.743156e+02  2.781470e+02  5.246892e+02 
 6.818162e-01  7.073026e+01  1.710917e+02  2.724721e+02  5.143814e+02 
 6.913204e-01  6.919212e+01  1.679519e+02  2.683519e+02  5.071511e+02 
 7.009570e-01  6.817071e+01  1.653883e+02  2.645646e+02  5.005359e+02 
 7.107280e-01  6.640868e+01  1.626077e+02  2.605637e+02  4.925966e+02 
 7.206351e-01  6.534158e+01  1.600681e+02  2.571833e+02  4.883353e+02 
 7.306804e-01  6.400005e+01  1.575831e+02  2.529677e+02  4.795494e+02 
 7.408657e-01  6.254979e+01  1.544522e+02  2.484866e+02  4.734217e+02 
 7.511929e-01  6.119691e+01  1.516240e+02  2.447828e+02  4.667297e+02 
 7.616642e-01  5.997379e+01  1.488641e+02  2.408344e+02  4.607675e+02 
 7.722814e-01  5.915807e+01  1.472879e+02  2.380617e+02  4.540554e+02 
 7.830465e-01  5.788390e+01  1.444279e+02  2.339959e+02  4.479814e+02 
 7.939618e-01  5.679202e+01  1.425059e+02  2.308838e+02  4.432875e+02 
 8.050292e-01  5.550369e+01  1.398794e+02  2.277597e+02  4.374371e+02 
 8.162509e-01  5.451273e+01  1.377774e+02  2.239112e+02  4.297917e+02 
 8.276289e-01  5.316529e+01  1.350264e+02  2.202462e+02  4.241978e+02 
 8.391656e-01  5.247050e+01  1.333416e+02  2.170901e+02  4.193539e+02 
 8.508632e-01  5.147525e+01  1.310788e+02  2.140878e+02  4.135944e+02 
 8.627237e-01  5.032422e+01  1.289203e+02  2.108095e+02  4.069831e+02 
 8.747496e-01  4.937115e+01  1.267060e+02  2.076400e+02  4.013967e+02 
 8.869432e-01  4.849327e+01  1.248678e+02  2.047965e+02  3.963236e+02 
 8.993067e-01  4.748583e+01  1.228451e+02  2.016328e+02  3.904608e+02 
 9.118425e-01  4.672037e+01  1.207090e+02  1.982056e+02  3.834697e+02 
 9.245531e-01  4.568582e+01  1.186884e+02  1.951082e+02  3.792053e+02 
 9.374409e-01  4.478234e+01  1.168293e+02  1.925468e+02  3.739414e+02 
 9.505083e-01  4.401805e+01  1.149581e+02  1.896930e+02  3.687167e+02 
 9.637579e-01  4.305824e+01  1.127478e+02  1.863635e+02  3.631454e+02 
 9.771921e-01  4.247342e+01  1.120017e+02  1.844890e+02  3.582873e+02 
 9.908137e-01  4.163781e+01  1.098851e+02  1.814973e+02  3.534582e+02 
 1.004625e+00  4.080200e+01  1.078542e+02  1.783711e+02  3.475302e+02 
 1.018629e+00  4.011135e+01  1.063430e+02  1.758264e+02  3.424459e+02 
 1.032828e+00  3.931523e+01  1.046428e+02  1.735116e+02  3.386653e+02 
 1.047225e+00  3.853064e+01  1.030876e+02  1.707142e+02  3.327367e+02 
 1.061823e+00  3.791825e+01  1.016721e+02  1.683583e+02  3.279775e+02 
 1.076624e+00  3.718553e+01  1.000366e+02  1.658349e+02  3.229511e+02 
 1.091632e+00  3.653205e+01  9.840577e+01  1.633894e+02  3.179901e+02 
 1.106848e+00  3.581279e+01  9.668744e+01  1.608680e+02  3.135741e+02 
 1.122277e+00  3.515852e+01  9.528779e+01  1.581916e+02  3.082492e+02 
 1.137921e+00  3.450160e+01  9.364414e+01  1.557677e+02  3.036260e+02 
 1.153783e+00  3.391532e+01  9.217642e+01  1.533889e+02  2.992022e+02 
 1.169866e+00  3.330406e+01  9.077931e+01  1.510700e+02  2.949492e+02 
 1.186174e+00  3.267448e+01  8.942656e+01  1.487594e+02  2.900692e+02 
 1.202708e+00  3.212452e+01  8.801679e+01  1.465452e+02  2.856397e+02 
 1.219473e+00  3.156829e+01  8.669823e+01  1.444061e+02  2.808341e+02 
 1.236472e+00  3.098566e+01  8.537633e+01  1.422973e+02  2.767221e+02 
 1.253708e+00  3.046000e+01  8.395726e+01  1.398564e+02  2.725345e+02 
 1.271184e+00  2.993353e+01  8.295884e+01  1.381162e+02  2.681452e+02 
 1.288904e+00  2.939907e+01  8.135346e+01  1.356888e+02  2.641980e+02 
 1.306870e+00  2.884558e+01  8.007768e+01  1.335312e+02  2.596361e+02 
 1.325087e+00  2.838776e+01  7.888346e+01  1.315195e+02  2.552346e+02 
 1.343558e+00  2.788928e+01  7.761343e+01  1.294298e+02  2.509996e+02 
 1.362287e+00  2.743288e+01  7.632956e+01  1.271998e+02  2.468635e+02 
 1.381276e+00  2.694935e+01  7.512373e+01  1.249447e+02  2.427048e+02 
 1.400531e+00  2.649110e+01  7.394881e+01  1.230361e+02  2.383461e+02 
 1.420053e+00  2.600967e+01  7.268740e+01  1.210962e+02  2.342398e+02 
 1.439848e+00  2.557506e+01  7.158221e+01  1.190203e+02  2.303224e+02 
 1.459919e+00  2.510186e+01  7.040657e+01  1.170334e+02  2.261010e+02 
 1.480269e+00  2.472439e+01  6.915137e+01  1.149675e+02  2.217940e+02 
 1.500903e+00  2.429183e+01  6.807149e+01  1.130062e+02  2.182698e+02 
 1.521825e+00  2.387111e+01  6.704813e+01  1.112209e+02  2.143656e+02 
 1.543038e+00  2.345201e+01  6.594099e+01  1.094549e+02  2.107418e+02 
 1.564548e+00  2.308646e+01  6.487387e+01  1.075602e+02  2.067678e+02 
 1.586357e+00  2.269696e+01  6.386311e+01  1.057546e+02  2.029943e+02 
 1.608469e+00  2.229087e+01  6.282264e+01  1.039611e+02  1.995058e+02 
 1.630891e+00  2.197516e+01  6.167531e+01  1.019452e+02  1.954845e+02 
 1.653624e+00  2.157623e+01  6.064810e+01  1.002978e+02  1.921821e+02 
 1.676675e+00  2.121071e+01  5.972162e+01  9.860471e+01  1.883991e+02 
 1.700047e+00  2.084549e+01  5.872690e+01  9.683246e+01  1.849117e+02 
 1.723745e+00  2.050805e+01  5.769893e+01  9.507981e+01  1.811436e+02 
 1.747773e+00  2.013776e+01  5.668447e+01  9.332098e+01  1.776009e+02 
 1.772136e+00  1.980460e+01  5.571377e+01  9.160231e+01  1.743165e+02 
 1.796838e+00  1.947970e+01  5.474208e+01  8.993370e+01  1.708428e+02 
 1.821885e+00  1.917105e+01  5.377793e+01  8.823322e+01  1.675618e+02 
 1.847281e+00  1.884094e+01  5.292094e+01  8.669548e+01  1.642403e+02 
 1.873032e+00  1.853122e+01  5.193875e+01  8.495589e+01  1.610095e+02 
 1.899141e+00  1.821237e+01  5.098839e+01  8.339926e+01  1.578164e+02 
 1.925614e+00  1.792253e+01  5.012069e+01  8.184307e+01  1.545614e+02 
 1.952456e+00  1.767003e+01  4.928041e+01  8.032132e+01  1.514333e+02 
 1.979672e+00  1.734016e+01  4.842804e+01  7.881458e+01  1.483787e+02 
 2.007267e+00  1.707260e+01  4.754269e+01  7.722088e+01  1.454107e+02 
 2.035248e+00  1.677024e+01  4.665127e+01  7.568934e+01  1.423018e+02 
 2.063618e+00  1.648682e+01  4.577550e+01  7.419581e+01  1.392918e+02 
 2.092383e+00  1.621492e+01  4.492578e+01  7.269749e+01  1.363792e+02 
 2.121550e+00  1.593349e+01  4.407136e+01  7.123541e+01  1.334386e+02 
 2.151123e+00  1.566965e+01  4.325129e+01  6.975898e+01  1.305224e+02 
 2.181109e+00  1.540118e+01  4.240840e+01  6.835234e+01  1.277700e+02 
 2.211512e+00  1.514067e+01  4.157440e+01  6.689994e+01  1.248691e+02 
 2.242340e+00  1.488774e+01  4.080642e+01  6.553948e+01  1.221798e+02 
 2.273597e+00  1.461955e+01  4.001133e+01  6.411501e+01  1.194674e+02 
 2.305289e+00  1.438735e+01  3.922527e+01  6.279661e+01  1.168511e+02 
 2.337424e+00  1.414377e+01  3.843903e+01  6.145709e+01  1.142864e+02 
 2.370006e+00  1.389907e+01  3.768264e+01  6.016783e+01  1.117988e+02 
 2.403043e+00  1.365091e+01  3.694216e+01  5.884677e+01  1.092571e+02 
 2.436540e+00  1.342775e+01  3.621918e+01  5.759751e+01  1.067999e+02 
 2.470504e+00  1.319731e+01  3.549836e+01  5.633367e+01  1.043712e+02 
 2.504942e+00  1.297126e+01  3.480073e+01  5.513628e+01  1.020375e+02 
 2.539859e+00  1.275660e+01  3.407965e+01  5.389960e+01  9.966431e+01 
 2.575263e+00  1.252346e+01  3.336611e+01  5.274926e+01  9.741638e+01 
 2.611161e+00  1.231338e+01  3.267529e+01  5.153632e+01  9.516231e+01 
 2.647559e+00  1.209772e+01  3.198515e+01  5.034937e+01  9.289614e+01 
 2.684465e+00  1.188303e+01  3.132921e+01  4.920517e+01  9.070805e+01 
 2.721885e+00  1.166399e+01  3.063395e+01  4.808597e+01  8.857087e+01 
 2.759826e+00  1.145589e+01  2.996472e+01  4.695814e+01  8.645981e+01 
 2.798297e+00  1.124920e+01  2.932449e+01  4.588255e+01  8.444710e+01 
 2.837304e+00  1.104777e+01  2.868389e+01  4.481097e+01  8.242517e+01 
 2.876854e+00  1.084581e+01  2.804920e+01  4.375623e+01  8.046095e+01 
 2.916956e+00  1.064970e+01  2.744073e+01  4.272913e+01  7.849143e+01 
 2.957617e+00  1.045899e+01  2.684282e+01  4.173765e+01  7.662737e+01 
 2.998844e+00  1.026733e+01  2.625430e+01  4.074946e+01  7.477344e+01 
 3.040646e+00  1.007977e+01  2.566521e+01  3.978077e+01  7.301559e+01 
 3.083031e+00  9.895542e+00  2.508782e+01  3.883789e+01  7.126062e+01 
 3.126007e+00  9.717310e+00  2.453571e+01  3.791277e+01  6.951081e+01 
 3.169582e+00  9.535944e+00  2.396544e+01  3.698553e+01  6.782562e+01 
 3.213764e+00  9.357616e+00  2.341982e+01  3.608975e+01  6.616551e+01 
 3.258562e+00  9.177884e+00  2.288752e+01  3.520819e+01  6.453483e+01 
 3.303985e+00  9.002656e+00  2.234571e+01  3.434220e+01  6.293887e+01 
 3.350041e+00  8.830384e+00  2.181550e+01  3.348489e+01  6.136362e+01 
 3.396739e+00  8.656517e+00  2.130317e+01  3.266019e+01  5.981771e+01 
 3.444087e+00  8.490754e+00  2.078936e+01  3.182726e+01  5.830989e+01 
 3.492096e+00  8.324900e+00  2.029759e+01  3.104135e+01  5.686707e+01 
 3.540774e+00  8.156647e+00  1.981575e+01  3.026556e+01  5.543289e+01 
 3.590130e+00  7.997817e+00  1.933505e+01  2.949768e+01  5.405052e+01 
 3.640175e+00  7.841612e+00  1.887165e+01  2.876510e+01  5.269010e+01 
 3.690917e+00  7.683510e+00  1.842236e+01  2.803082e+01  5.136227e+01 
 3.742366e+00  7.530521e+00  1.796941e+01  2.732711e+01  5.008827e+01 
 3.794533e+00  7.381543e+00  1.754032e+01  2.664139e+01  4.882523e+01 
 3.847427e+00  7.233507e+00  1.710970e+01  2.596723e+01  4.761042e+01 
 3.901058e+00  7.084091e+00  1.669545e+01  2.531192e+01  4.640166e+01 
 3.955436e+00  6.943503e+00  1.628296e+01  2.465594e+01  4.521635e+01 
 4.010573e+00  6.797476e+00  1.587828e+01  2.403036e+01  4.407418e+01 
 4.066478e+00  6.656268e+00  1.547890e+01  2.340514e+01  4.293590e+01 
 4.123163e+00  6.515515e+00  1.509390e+01  2.279764e+01  4.182758e+01 
 4.180637e+00  6.378677e+00  1.471440e+01  2.220688e+01  4.074205e+01 
 4.238913e+00  6.242845e+00  1.433854e+01  2.162454e+01  3.969304e+01 
 4.298001e+00  6.106684e+00  1.397417e+01  2.106091e+01  3.866064e+01 
 4.357913e+00  5.978221e+00  1.361753e+01  2.051068e+01  3.766517e+01 
 4.418660e+00  5.848359e+00  1.327377e+01  1.997417e+01  3.669530e+01 
 4.480254e+00  5.720325e+00  1.293357e+01  1.945195e+01  3.574671e+01 
 4.542706e+00  5.597498e+00  1.260205e+01  1.894238e+01  3.482130e+01 
 4.606029e+00  5.474963e+00  1.228372e+01  1.845164e+01  3.393092e+01 
 4.670234e+00  5.355179e+00  1.197130e+01  1.797569e+01  3.306264e+01 
 4.735335e+00  5.237836e+00  1.166765e+01  1.750772e+01  3.221023e+01 
 4.801343e+00  5.124595e+00  1.137203e+01  1.705375e+01  3.137864e+01 
 4.868271e+00  5.011199e+00  1.108021e+01  1.660785e+01  3.056688e+01 
 4.936132e+00  4.899550e+00  1.079441e+01  1.617299e+01  2.977294e+01 
 5.004939e+00  4.789310e+00  1.051619e+01  1.574726e+01  2.899474e+01 
 5.074705e+00  4.679964e+00  1.024276e+01  1.532985e+01  2.823696e+01 
 5.145444e+00  4.574186e+00  9.976072e+00  1.492388e+01  2.749788e+01 
 5.217169e+00  4.468526e+00  9.714802e+00  1.452624e+01  2.676641e+01 
 5.289893e+00  4.366831e+00  9.461598e+00  1.414462e+01  2.606524e+01 
 5.363631e+00  4.264960e+00  9.214314e+00  1.376618e+01  2.537686e+01 
 5.438397e+00  4.166612e+00  8.972685e+00  1.340140e+01  2.470596e+01 
 5.514206e+00  4.069892e+00  8.738327e+00  1.304697e+01  2.405746e+01 
 5.591071e+00  3.974356e+00  8.511038e+00  1.270114e+01  2.342599e+01 
 5.669007e+00  3.883062e+00  8.288994e+00  1.236804e+01  2.281382e+01 
 5.748030e+00  3.792698e+00  8.074389e+00  1.204212e+01  2.221465e+01 
 5.828155e+00  3.704400e+00  7.865622e+00  1.172713e+01  2.163415e+01 
 5.909396e+00  3.618300e+00  7.662060e+00  1.142012e+01  2.107150e+01 
 5.991770e+00  3.533610e+00  7.463256e+00  1.112032e+01  2.052079e+01 
 6.075292e+00  3.450995e+00  7.270607e+00  1.082913e+01  1.998255e+01 
 6.159978e+00  3.369624e+00  7.081397e+00  1.054411e+01  1.945736e+01 
 6.245845e+00  3.289603e+00  6.896774e+00  1.026571e+01  1.894262e+01 
 6.332908e+00  3.210914e+00  6.715452e+00  9.993341e+00  1.843889e+01 
 6.421186e+00  3.134316e+00  6.539547e+00  9.727294e+00  1.794770e+01 
 6.510694e+00  3.058748e+00  6.367553e+00  9.468990e+00  1.746921e+01 
 6.601449e+00  2.985404e+00  6.200643e+00  9.217220e+00  1.700341e+01 
 6.693470e+00  2.913153e+00  6.037213e+00  8.971384e+00  1.654882e+01 
 6.786773e+00  2.842745e+00  5.879133e+00  8.732878e+00  1.610741e+01 
 6.881377e+00  2.774477e+00  5.725321e+00  8.501532e+00  1.567713e+01 
 6.977300e+00  2.707612e+00  5.576346e+00  8.277703e+00  1.526062e+01 
 7.074559e+00  2.642864e+00  5.431204e+00  8.059018e+00  1.485506e+01 
 7.173175e+00  2.579326e+00  5.290656e+00  7.847392e+00  1.446215e+01 
 7.273165e+00  2.517759e+00  5.154251e+00  7.642574e+00  1.407960e+01 
 7.374549e+00  2.457550e+00  5.021156e+00  7.442141e+00  1.370831e+01 
 7.477346e+00  2.398634e+00  4.892311e+00  7.248463e+00  1.334620e+01 
 7.581576e+00  2.341451e+00  4.765595e+00  7.058296e+00  1.299234e+01 
 7.687260e+00  2.285078e+00  4.642482e+00  6.872819e+00  1.264740e+01 
 7.794416e+00  2.229955e+00  4.522060e+00  6.691006e+00  1.230900e+01 
 7.903066e+00  2.176016e+00  4.404053e+00  6.513189e+00  1.197768e+01 
 8.013230e+00  2.123295e+00  4.289584e+00  6.341351e+00  1.165538e+01 
 8.124930e+00  2.071635e+00  4.177893e+00  6.172946e+00  1.134098e+01 
 8.238187e+00  2.021453e+00  4.068766e+00  6.008644e+00  1.103498e+01 
 8.353023e+00  1.972355e+00  3.962899e+00  5.849463e+00  1.073688e+01 
 8.469460e+00  1.924642e+00  3.860100e+00  5.694601e+00  1.044731e+01 
 8.587519e+00  1.878234e+00  3.759944e+00  5.543896e+00  1.016610e+01 
 8.707225e+00  1.833075e+00  3.662578e+00  5.397851e+00  9.892763e+00 
 8.828599e+00  1.789173e+00  3.568651e+00  5.255936e+00  9.627172e+00 
 8.951665e+00  1.746395e+00  3.477275e+00  5.118305e+00  9.369944e+00 
 9.076446e+00  1.704897e+00  3.388599e+00  4.984989e+00  9.120416e+00 
 9.202967e+00  1.664505e+00  3.302294e+00  4.855281e+00  8.877019e+00 
 9.331251e+00  1.625116e+00  3.218148e+00  4.728595e+00  8.640184e+00 
 9.461324e+00  0.000000e+00  0.000000e+00  0.000000e+00  0.000000e+00 
 9.593209e+00  0.000000e+00  0.000000e+00  0.000000e+00  0.000000e+00 
 9.726934e+00  0.000000e+00  0.000000e+00  0.000000e+00  0.000000e+00 
 9.862522e+00  0.000000e+00  0.000000e+00  0.000000e+00  0.000000e+00 
 1.000000e+01  0.000000e+00  0.000000e+00  0.000000e+00  0.000000e+00 
