 1.000000e-02  6.242167e+03  1.161854e+04  1.590197e+04  2.409438e+04 
 1.013939e-02  6.276039e+03  1.168146e+04  1.598795e+04  2.422417e+04 
 1.028073e-02  6.309383e+03  1.174340e+04  1.607256e+04  2.435189e+04 
 1.042404e-02  6.342179e+03  1.180430e+04  1.615576e+04  2.447743e+04 
 1.056935e-02  6.374405e+03  1.186415e+04  1.623750e+04  2.460075e+04 
 1.071668e-02  6.406043e+03  1.192289e+04  1.631772e+04  2.472175e+04 
 1.086606e-02  6.437067e+03  1.198048e+04  1.639637e+04  2.484035e+04 
 1.101753e-02  6.467455e+03  1.203688e+04  1.647338e+04  2.495643e+04 
 1.117111e-02  6.497186e+03  1.209205e+04  1.654870e+04  2.506994e+04 
 1.132683e-02  6.526232e+03  1.214595e+04  1.662225e+04  2.518076e+04 
 1.148472e-02  6.554569e+03  1.219851e+04  1.669400e+04  2.528880e+04 
 1.164481e-02  6.582171e+03  1.224971e+04  1.676384e+04  2.539396e+04 
 1.180713e-02  6.609021e+03  1.229949e+04  1.683177e+04  2.549617e+04 
 1.197171e-02  6.635095e+03  1.234782e+04  1.689768e+04  2.559534e+04 
 1.213859e-02  6.660363e+03  1.239465e+04  1.696154e+04  2.569135e+04 
 1.230780e-02  6.684807e+03  1.243993e+04  1.702328e+04  2.578413e+04 
 1.247936e-02  6.708401e+03  1.248363e+04  1.708285e+04  2.587359e+04 
 1.265332e-02  6.731126e+03  1.252571e+04  1.714017e+04  2.595964e+04 
 1.282970e-02  6.752948e+03  1.256610e+04  1.719519e+04  2.604217e+04 
 1.300854e-02  6.773861e+03  1.260479e+04  1.724788e+04  2.612114e+04 
 1.318987e-02  6.793834e+03  1.264172e+04  1.729815e+04  2.619644e+04 
 1.337373e-02  6.812849e+03  1.267686e+04  1.734597e+04  2.626799e+04 
 1.356015e-02  6.830861e+03  1.271015e+04  1.739122e+04  2.633563e+04 
 1.374917e-02  6.847867e+03  1.274153e+04  1.743389e+04  2.639933e+04 
 1.394083e-02  6.863825e+03  1.277098e+04  1.747389e+04  2.645896e+04 
 1.413516e-02  6.878726e+03  1.279843e+04  1.751117e+04  2.651445e+04 
 1.433219e-02  6.892526e+03  1.282384e+04  1.754563e+04  2.656564e+04 
 1.453198e-02  6.905209e+03  1.284717e+04  1.757722e+04  2.661248e+04 
 1.473454e-02  6.916745e+03  1.286835e+04  1.760589e+04  2.665484e+04 
 1.493993e-02  6.927117e+03  1.288737e+04  1.763158e+04  2.669267e+04 
 1.514819e-02  6.936308e+03  1.290419e+04  1.765429e+04  2.672599e+04 
 1.535935e-02  6.944293e+03  1.291879e+04  1.767393e+04  2.675468e+04 
 1.557345e-02  6.951040e+03  1.293107e+04  1.769042e+04  2.677853e+04 
 1.579053e-02  6.956527e+03  1.294100e+04  1.770367e+04  2.679748e+04 
 1.601064e-02  6.960736e+03  1.294856e+04  1.771366e+04  2.681145e+04 
 1.623382e-02  6.963645e+03  1.295369e+04  1.772032e+04  2.682036e+04 
 1.646012e-02  6.965242e+03  1.295635e+04  1.772363e+04  2.682416e+04 
 1.668956e-02  6.965504e+03  1.295654e+04  1.772351e+04  2.682277e+04 
 1.692220e-02  6.964414e+03  1.295421e+04  1.771995e+04  2.681611e+04 
 1.715809e-02  6.961945e+03  1.294931e+04  1.771286e+04  2.680409e+04 
 1.739726e-02  6.958081e+03  1.294179e+04  1.770220e+04  2.678663e+04 
 1.763977e-02  6.952797e+03  1.293164e+04  1.768790e+04  2.676366e+04 
 1.788566e-02  6.946075e+03  1.291881e+04  1.766993e+04  2.673509e+04 
 1.813498e-02  6.937897e+03  1.290325e+04  1.764824e+04  2.670086e+04 
 1.838777e-02  6.928243e+03  1.288495e+04  1.762278e+04  2.666089e+04 
 1.864409e-02  6.917100e+03  1.286387e+04  1.759352e+04  2.661515e+04 
 1.890397e-02  6.904458e+03  1.284001e+04  1.756042e+04  2.656358e+04 
 1.916748e-02  6.890303e+03  1.281331e+04  1.752345e+04  2.650612e+04 
 1.943467e-02  6.874624e+03  1.278377e+04  1.748259e+04  2.644275e+04 
 1.970558e-02  6.857412e+03  1.275138e+04  1.743782e+04  2.637343e+04 
 1.998026e-02  6.838669e+03  1.271614e+04  1.738915e+04  2.629817e+04 
 2.025878e-02  6.818385e+03  1.267803e+04  1.733652e+04  2.621693e+04 
 2.054117e-02  6.796567e+03  1.263705e+04  1.727999e+04  2.612974e+04 
 2.082751e-02  6.773221e+03  1.259323e+04  1.721957e+04  2.603661e+04 
 2.111783e-02  6.748348e+03  1.254656e+04  1.715523e+04  2.593757e+04 
 2.141220e-02  6.722040e+03  1.249719e+04  1.708713e+04  2.583270e+04 
 2.171068e-02  6.694825e+03  1.244584e+04  1.701607e+04  2.572255e+04 
 2.201331e-02  6.666078e+03  1.239164e+04  1.694107e+04  2.560644e+04 
 2.232016e-02  6.635798e+03  1.233458e+04  1.686218e+04  2.548439e+04 
 2.263130e-02  6.603989e+03  1.227468e+04  1.677937e+04  2.535642e+04 
 2.294676e-02  6.570660e+03  1.221193e+04  1.669268e+04  2.522257e+04 
 2.326663e-02  6.535828e+03  1.214640e+04  1.660217e+04  2.508290e+04 
 2.359095e-02  6.499493e+03  1.207806e+04  1.650782e+04  2.493742e+04 
 2.391980e-02  6.461674e+03  1.200697e+04  1.640971e+04  2.478622e+04 
 2.425323e-02  6.422394e+03  1.193315e+04  1.630786e+04  2.462938e+04 
 2.459130e-02  6.381694e+03  1.185670e+04  1.620241e+04  2.446707e+04 
 2.493409e-02  6.339590e+03  1.177763e+04  1.609338e+04  2.429933e+04 
 2.528166e-02  6.296124e+03  1.169603e+04  1.598087e+04  2.412636e+04 
 2.563407e-02  6.251328e+03  1.161195e+04  1.586500e+04  2.394829e+04 
 2.599140e-02  6.205261e+03  1.152552e+04  1.574589e+04  2.376533e+04 
 2.635371e-02  6.157975e+03  1.143682e+04  1.562367e+04  2.357768e+04 
 2.672106e-02  6.109508e+03  1.134592e+04  1.549847e+04  2.338549e+04 
 2.709354e-02  6.059895e+03  1.125288e+04  1.537035e+04  2.318893e+04 
 2.747121e-02  6.009158e+03  1.115777e+04  1.523939e+04  2.298809e+04 
 2.785414e-02  5.957259e+03  1.106053e+04  1.510553e+04  2.278294e+04 
 2.824241e-02  5.903925e+03  1.096074e+04  1.496833e+04  2.257307e+04 
 2.863610e-02  5.849580e+03  1.085909e+04  1.482859e+04  2.235936e+04 
 2.903527e-02  5.794274e+03  1.075564e+04  1.468639e+04  2.214199e+04 
 2.944000e-02  5.738056e+03  1.065051e+04  1.454191e+04  2.192118e+04 
 2.985038e-02  5.680984e+03  1.054381e+04  1.439527e+04  2.169714e+04 
 3.026648e-02  5.623118e+03  1.043562e+04  1.424663e+04  2.147012e+04 
 3.068838e-02  5.564530e+03  1.032610e+04  1.409617e+04  2.124040e+04 
 3.111616e-02  5.505293e+03  1.021539e+04  1.394409e+04  2.100824e+04 
 3.154990e-02  5.445493e+03  1.010363e+04  1.379058e+04  2.077400e+04 
 3.198969e-02  5.385215e+03  9.990996e+03  1.363589e+04  2.053800e+04 
 3.243561e-02  5.324564e+03  9.877675e+03  1.348028e+04  2.030064e+04 
 3.288774e-02  5.263639e+03  9.763853e+03  1.332398e+04  2.006231e+04 
 3.334618e-02  5.202555e+03  9.649743e+03  1.316730e+04  1.982344e+04 
 3.381101e-02  5.141374e+03  9.535454e+03  1.301039e+04  1.958425e+04 
 3.428231e-02  5.080150e+03  9.421093e+03  1.285339e+04  1.934498e+04 
 3.476019e-02  5.018750e+03  9.306793e+03  1.269690e+04  1.910781e+04 
 3.524473e-02  4.957403e+03  9.192613e+03  1.254061e+04  1.887100e+04 
 3.573602e-02  4.896174e+03  9.078654e+03  1.238462e+04  1.863470e+04 
 3.623416e-02  4.835126e+03  8.965029e+03  1.222911e+04  1.839914e+04 
 3.673925e-02  4.774319e+03  8.851864e+03  1.207423e+04  1.816461e+04 
 3.725137e-02  4.713824e+03  8.739286e+03  1.192015e+04  1.793132e+04 
 3.777064e-02  4.653712e+03  8.627425e+03  1.176707e+04  1.769959e+04 
 3.829714e-02  4.594063e+03  8.516425e+03  1.161517e+04  1.746969e+04 
 3.883098e-02  4.534953e+03  8.406435e+03  1.146467e+04  1.724193e+04 
 3.937226e-02  4.476470e+03  8.297617e+03  1.131577e+04  1.701664e+04 
 3.992109e-02  4.418704e+03  8.190134e+03  1.116871e+04  1.679418e+04 
 4.047757e-02  4.361743e+03  8.084107e+03  1.102360e+04  1.657455e+04 
 4.104181e-02  4.305415e+03  7.978515e+03  1.087827e+04  1.635235e+04 
 4.161391e-02  4.250094e+03  7.874802e+03  1.073552e+04  1.613407e+04 
 4.219398e-02  4.195811e+03  7.773028e+03  1.059543e+04  1.591986e+04 
 4.278214e-02  4.142596e+03  7.673243e+03  1.045807e+04  1.570983e+04 
 4.337850e-02  4.090475e+03  7.575495e+03  1.032351e+04  1.550406e+04 
 4.398317e-02  4.039468e+03  7.479832e+03  1.019180e+04  1.530265e+04 
 4.459628e-02  3.989601e+03  7.386290e+03  1.006301e+04  1.510567e+04 
 4.521792e-02  3.940894e+03  7.294908e+03  9.937183e+03  1.491320e+04 
 4.584824e-02  3.893362e+03  7.205717e+03  9.814356e+03  1.472528e+04 
 4.648734e-02  3.847031e+03  7.118761e+03  9.694592e+03  1.454203e+04 
 4.713535e-02  3.802137e+03  7.035426e+03  9.580770e+03  1.437044e+04 
 4.779239e-02  3.758603e+03  6.955183e+03  9.471769e+03  1.420774e+04 
 4.845859e-02  3.716290e+03  6.877194e+03  9.365832e+03  1.404964e+04 
 4.913407e-02  3.675178e+03  6.801426e+03  9.262920e+03  1.389606e+04 
 4.981898e-02  3.635239e+03  6.727826e+03  9.162960e+03  1.374691e+04 
 5.051342e-02  3.596438e+03  6.656332e+03  9.065866e+03  1.360205e+04 
 5.121755e-02  3.558738e+03  6.586867e+03  8.971534e+03  1.346133e+04 
 5.193150e-02  3.522089e+03  6.519346e+03  8.879849e+03  1.332457e+04 
 5.265540e-02  3.486439e+03  6.453669e+03  8.790675e+03  1.319156e+04 
 5.338938e-02  3.451424e+03  6.388610e+03  8.701761e+03  1.305738e+04 
 5.413360e-02  3.416923e+03  6.323832e+03  8.612538e+03  1.292087e+04 
 5.488820e-02  3.383206e+03  6.260505e+03  8.525301e+03  1.278735e+04 
 5.565331e-02  3.350203e+03  6.198506e+03  8.439869e+03  1.265654e+04 
 5.642908e-02  3.317753e+03  6.137529e+03  8.355831e+03  1.252780e+04 
 5.721568e-02  3.285803e+03  6.077483e+03  8.273071e+03  1.240100e+04 
 5.801323e-02  3.254207e+03  6.018114e+03  8.191259e+03  1.227569e+04 
 5.882190e-02  3.222957e+03  5.959420e+03  8.110398e+03  1.215190e+04 
 5.964185e-02  3.192082e+03  5.901865e+03  8.031546e+03  1.203237e+04 
 6.047322e-02  3.161955e+03  5.846869e+03  7.957400e+03  1.192319e+04 
 6.131619e-02  3.131632e+03  5.791486e+03  7.882698e+03  1.181313e+04 
 6.217090e-02  3.101061e+03  5.735618e+03  7.807310e+03  1.170194e+04 
 6.303753e-02  3.070093e+03  5.679008e+03  7.730903e+03  1.158921e+04 
 6.391624e-02  3.038615e+03  5.621458e+03  7.653216e+03  1.147458e+04 
 6.480720e-02  3.006499e+03  5.562735e+03  7.573941e+03  1.135758e+04 
 6.571058e-02  2.973615e+03  5.502601e+03  7.492752e+03  1.123773e+04 
 6.662655e-02  2.938437e+03  5.435902e+03  7.400159e+03  1.109393e+04 
 6.755528e-02  2.902233e+03  5.367256e+03  7.304863e+03  1.094595e+04 
 6.849697e-02  2.864966e+03  5.296672e+03  7.206962e+03  1.079416e+04 
 6.945178e-02  2.826551e+03  5.223999e+03  7.106247e+03  1.063827e+04 
 7.041990e-02  2.786923e+03  5.149116e+03  7.002566e+03  1.047806e+04 
 7.140151e-02  2.746029e+03  5.071935e+03  6.895805e+03  1.031337e+04 
 7.239681e-02  2.704178e+03  4.993382e+03  6.787641e+03  1.014814e+04 
 7.340598e-02  2.661415e+03  4.913603e+03  6.678371e+03  9.983076e+03 
 7.442922e-02  2.617350e+03  4.831452e+03  6.565910e+03  9.813339e+03 
 7.546673e-02  2.572022e+03  4.747002e+03  6.450356e+03  9.639085e+03 
 7.651869e-02  2.525482e+03  4.660353e+03  6.331851e+03  9.460528e+03 
 7.758532e-02  2.477812e+03  4.571651e+03  6.210597e+03  9.277970e+03 
 7.866682e-02  2.430152e+03  4.484420e+03  6.092763e+03  9.104129e+03 
 7.976339e-02  2.383252e+03  4.400899e+03  5.982248e+03  8.946945e+03 
 8.087525e-02  2.335523e+03  4.315779e+03  5.869495e+03  8.786271e+03 
 8.200261e-02  2.287132e+03  4.229362e+03  5.754909e+03  8.622686e+03 
 8.314568e-02  2.238258e+03  4.141976e+03  5.638932e+03  8.456840e+03 
 8.430468e-02  2.189100e+03  4.053980e+03  5.522046e+03  8.289438e+03 
 8.547985e-02  2.138804e+03  3.962241e+03  5.398505e+03  8.108291e+03 
 8.667139e-02  2.088191e+03  3.869153e+03  5.272398e+03  7.921529e+03 
 8.787954e-02  2.038012e+03  3.776852e+03  5.147346e+03  7.736303e+03 
 8.910453e-02  1.988500e+03  3.685766e+03  5.023936e+03  7.553481e+03 
 9.034660e-02  1.939878e+03  3.596307e+03  4.902721e+03  7.373891e+03 
 9.160598e-02  1.893141e+03  3.511378e+03  4.788620e+03  7.207127e+03 
 9.288292e-02  1.848400e+03  3.431055e+03  4.681617e+03  7.052899e+03 
 9.417766e-02  1.805128e+03  3.353352e+03  4.578098e+03  6.903673e+03 
 9.549045e-02  1.763504e+03  3.278609e+03  4.478524e+03  6.760146e+03 
 9.682153e-02  1.723684e+03  3.207111e+03  4.383288e+03  6.622917e+03 
 9.817117e-02  1.686059e+03  3.140018e+03  4.294374e+03  6.495898e+03 
 9.953962e-02  1.650567e+03  3.076940e+03  4.210992e+03  6.377312e+03 
 1.009272e-01  1.617171e+03  3.017653e+03  4.132696e+03  6.266157e+03 
 1.023340e-01  1.585911e+03  2.962240e+03  4.059607e+03  6.162639e+03 
 1.037605e-01  1.555991e+03  2.908270e+03  3.987544e+03  6.058492e+03 
 1.052069e-01  1.525200e+03  2.848998e+03  3.904924e+03  5.930862e+03 
 1.066734e-01  1.496521e+03  2.793684e+03  3.827744e+03  5.811485e+03 
 1.081604e-01  1.469839e+03  2.742113e+03  3.755708e+03  5.699917e+03 
 1.096681e-01  1.444996e+03  2.693985e+03  3.688401e+03  5.595519e+03 
 1.111968e-01  1.422255e+03  2.650317e+03  3.627488e+03  5.500822e+03 
 1.127468e-01  1.400955e+03  2.609360e+03  3.570309e+03  5.411784e+03 
 1.143184e-01  1.380828e+03  2.570593e+03  3.516133e+03  5.327296e+03 
 1.159120e-01  1.361604e+03  2.533515e+03  3.464279e+03  5.246341e+03 
 1.175277e-01  1.344256e+03  2.501286e+03  3.420209e+03  5.179493e+03 
 1.191660e-01  1.327322e+03  2.469941e+03  3.377447e+03  5.114817e+03 
 1.208271e-01  1.310393e+03  2.438606e+03  3.334704e+03  5.050183e+03 
 1.225114e-01  1.293155e+03  2.406699e+03  3.291213e+03  4.984572e+03 
 1.242191e-01  1.275065e+03  2.373140e+03  3.245682e+03  4.917211e+03 
 1.259506e-01  1.256172e+03  2.338107e+03  3.198152e+03  4.846841e+03 
 1.277063e-01  1.236265e+03  2.301209e+03  3.148087e+03  4.772650e+03 
 1.294865e-01  1.215630e+03  2.263251e+03  3.096665e+03  4.696137e+03 
 1.312915e-01  1.194227e+03  2.224199e+03  3.043851e+03  4.617204e+03 
 1.331216e-01  1.171462e+03  2.182631e+03  2.987609e+03  4.533112e+03 
 1.349772e-01  1.147376e+03  2.138664e+03  2.928159e+03  4.444353e+03 
 1.368587e-01  1.123432e+03  2.097365e+03  2.875065e+03  4.372979e+03 
 1.387665e-01  1.098300e+03  2.053767e+03  2.818728e+03  4.296413e+03 
 1.407008e-01  1.072172e+03  2.008212e+03  2.759603e+03  4.215300e+03 
 1.426621e-01  1.046250e+03  1.963232e+03  2.700893e+03  4.132601e+03 
 1.446507e-01  1.020139e+03  1.917863e+03  2.641450e+03  4.047899e+03 
 1.466671e-01  9.938336e+02  1.871981e+03  2.581179e+03  3.961664e+03 
 1.487115e-01  9.651424e+02  1.819195e+03  2.509761e+03  3.855857e+03 
 1.507845e-01  9.353272e+02  1.762703e+03  2.432152e+03  3.738877e+03 
 1.528864e-01  9.065063e+02  1.708092e+03  2.357108e+03  3.625695e+03 
 1.550175e-01  8.810883e+02  1.662066e+03  2.295532e+03  3.536118e+03 
 1.571784e-01  8.585946e+02  1.622989e+03  2.244612e+03  3.464821e+03 
 1.593694e-01  8.376526e+02  1.586679e+03  2.197366e+03  3.398841e+03 
 1.615909e-01  8.189093e+02  1.554649e+03  2.155936e+03  3.341222e+03 
 1.638434e-01  8.021378e+02  1.526324e+03  2.119525e+03  3.290956e+03 
 1.661273e-01  7.870829e+02  1.501117e+03  2.087319e+03  3.246973e+03 
 1.684430e-01  7.698215e+02  1.468445e+03  2.042659e+03  3.180738e+03 
 1.707910e-01  7.536812e+02  1.437488e+03  2.000099e+03  3.117335e+03 
 1.731717e-01  7.395589e+02  1.410838e+03  1.963727e+03  3.063501e+03 
 1.755856e-01  7.291648e+02  1.393212e+03  1.940799e+03  3.030570e+03 
 1.780332e-01  7.194997e+02  1.376926e+03  1.919701e+03  3.000446e+03 
 1.805149e-01  7.082717e+02  1.355210e+03  1.889026e+03  2.951632e+03 
 1.830312e-01  6.959753e+02  1.330008e+03  1.852302e+03  2.891168e+03 
 1.855825e-01  6.836263e+02  1.305087e+03  1.816394e+03  2.832955e+03 
 1.881694e-01  6.716227e+02  1.283012e+03  1.786879e+03  2.790371e+03 
 1.907924e-01  6.588776e+02  1.259529e+03  1.755399e+03  2.744678e+03 
 1.934520e-01  6.447930e+02  1.233435e+03  1.720542e+03  2.695388e+03 
 1.961486e-01  6.296102e+02  1.205232e+03  1.682812e+03  2.642073e+03 
 1.988828e-01  6.149367e+02  1.178819e+03  1.647773e+03  2.592261e+03 
 2.016551e-01  6.014937e+02  1.155905e+03  1.617877e+03  2.549529e+03 
 2.044661e-01  5.871691e+02  1.130885e+03  1.584718e+03  2.501116e+03 
 2.073162e-01  5.711840e+02  1.100675e+03  1.542751e+03  2.436465e+03 
 2.102061e-01  5.551369e+02  1.070304e+03  1.500525e+03  2.371290e+03 
 2.131362e-01  5.436430e+02  1.053561e+03  1.480696e+03  2.345229e+03 
 2.161073e-01  5.327560e+02  1.038026e+03  1.462587e+03  2.321858e+03 
 2.191197e-01  5.187053e+02  1.013444e+03  1.430721e+03  2.278636e+03 
 2.221741e-01  5.047667e+02  9.883393e+02  1.397796e+03  2.233931e+03 
 2.252711e-01  4.924229e+02  9.668225e+02  1.370125e+03  2.196732e+03 
 2.284112e-01  4.813904e+02  9.479594e+02  1.346206e+03  2.165090e+03 
 2.315951e-01  4.719170e+02  9.308876e+02  1.322916e+03  2.128967e+03 
 2.348235e-01  4.635669e+02  9.155530e+02  1.301420e+03  2.093826e+03 
 2.380968e-01  4.536655e+02  8.957837e+02  1.273426e+03  2.050505e+03 
 2.414157e-01  4.437721e+02  8.756834e+02  1.244912e+03  2.006904e+03 
 2.447809e-01  4.339351e+02  8.565133e+02  1.218468e+03  1.966674e+03 
 2.481930e-01  4.242893e+02  8.378609e+02  1.192829e+03  1.927643e+03 
 2.516527e-01  4.185660e+02  8.284739e+02  1.180377e+03  1.908717e+03 
 2.551606e-01  4.113721e+02  8.157038e+02  1.163117e+03  1.882822e+03 
 2.587174e-01  4.002395e+02  7.937101e+02  1.132798e+03  1.838483e+03 
 2.623238e-01  3.907752e+02  7.763295e+02  1.109451e+03  1.804847e+03 
 2.659804e-01  3.832163e+02  7.641241e+02  1.093905e+03  1.783219e+03 
 2.696881e-01  3.731296e+02  7.456985e+02  1.069029e+03  1.745633e+03 
 2.734474e-01  3.623826e+02  7.256149e+02  1.041662e+03  1.703826e+03 
 2.772591e-01  3.543542e+02  7.124262e+02  1.025280e+03  1.682864e+03 
 2.811239e-01  3.460209e+02  6.978980e+02  1.006865e+03  1.660071e+03 
 2.850426e-01  3.373506e+02  6.817306e+02  9.859897e+02  1.635435e+03 
 2.890160e-01  3.296342e+02  6.684453e+02  9.687270e+02  1.610308e+03 
 2.930447e-01  3.225860e+02  6.560209e+02  9.518015e+02  1.583186e+03 
 2.971296e-01  3.158952e+02  6.422326e+02  9.305924e+02  1.545941e+03 
 3.012714e-01  3.099442e+02  6.317888e+02  9.166342e+02  1.525080e+03 
 3.054710e-01  3.040683e+02  6.219948e+02  9.045098e+02  1.509250e+03 
 3.097291e-01  2.968325e+02  6.085671e+02  8.869108e+02  1.485434e+03 
 3.140465e-01  2.901276e+02  5.948938e+02  8.670700e+02  1.452425e+03 
 3.184242e-01  2.840844e+02  5.827507e+02  8.494210e+02  1.422921e+03 
 3.228628e-01  2.793160e+02  5.749183e+02  8.397361e+02  1.411478e+03 
 3.273634e-01  2.724039e+02  5.609456e+02  8.195638e+02  1.378952e+03 
 3.319266e-01  2.652153e+02  5.469497e+02  8.001636e+02  1.349625e+03 
 3.365535e-01  2.584332e+02  5.348681e+02  7.846601e+02  1.329004e+03 
 3.412449e-01  2.538534e+02  5.287698e+02  7.772221e+02  1.316465e+03 
 3.460016e-01  2.488099e+02  5.204082e+02  7.663347e+02  1.300935e+03 
 3.508247e-01  2.438980e+02  5.114779e+02  7.542952e+02  1.283168e+03 
 3.557150e-01  2.391908e+02  5.025626e+02  7.420760e+02  1.264148e+03 
 3.606735e-01  2.337610e+02  4.927130e+02  7.290988e+02  1.245735e+03 
 3.657011e-01  2.272317e+02  4.801324e+02  7.118962e+02  1.222182e+03 
 3.707988e-01  2.220350e+02  4.700530e+02  6.981195e+02  1.201638e+03 
 3.759675e-01  2.172732e+02  4.608454e+02  6.854359e+02  1.182586e+03 
 3.812083e-01  2.123161e+02  4.517572e+02  6.730514e+02  1.164492e+03 
 3.865221e-01  2.081239e+02  4.456091e+02  6.656845e+02  1.151216e+03 
 3.919100e-01  2.037451e+02  4.352177e+02  6.500185e+02  1.130504e+03 
 3.973730e-01  1.988425e+02  4.270651e+02  6.396518e+02  1.113348e+03 
 4.029122e-01  1.949527e+02  4.207925e+02  6.306739e+02  1.096304e+03 
 4.085286e-01  1.909589e+02  4.120621e+02  6.181705e+02  1.078464e+03 
 4.142232e-01  1.861785e+02  4.022395e+02  6.052804e+02  1.062625e+03 
 4.199973e-01  1.816169e+02  3.943461e+02  5.952170e+02  1.047470e+03 
 4.258518e-01  1.780036e+02  3.874822e+02  5.852906e+02  1.029850e+03 
 4.317880e-01  1.741714e+02  3.797348e+02  5.737698e+02  1.012344e+03 
 4.378069e-01  1.707922e+02  3.729065e+02  5.639119e+02  9.956935e+02 
 4.439097e-01  1.679894e+02  3.685669e+02  5.588100e+02  9.914586e+02 
 4.500975e-01  1.634918e+02  3.600782e+02  5.470684e+02  9.739503e+02 
 4.563716e-01  1.596576e+02  3.520459e+02  5.352299e+02  9.523975e+02 
 4.627332e-01  1.572754e+02  3.487784e+02  5.317803e+02  9.490819e+02 
 4.691835e-01  1.532787e+02  3.406899e+02  5.199740e+02  9.289274e+02 
 4.757236e-01  1.503970e+02  3.349613e+02  5.120895e+02  9.167344e+02 
 4.823549e-01  1.465158e+02  3.268717e+02  5.007491e+02  9.015930e+02 
 4.890787e-01  1.434632e+02  3.208891e+02  4.925579e+02  8.884149e+02 
 4.958962e-01  1.412066e+02  3.163498e+02  4.853424e+02  8.749516e+02 
 5.028087e-01  1.381651e+02  3.109824e+02  4.780469e+02  8.642459e+02 
 5.098176e-01  1.356664e+02  3.062953e+02  4.710095e+02  8.500030e+02 
 5.169242e-01  1.333539e+02  3.018515e+02  4.650594e+02  8.417713e+02 
 5.241298e-01  1.290569e+02  2.944967e+02  4.560341e+02  8.305613e+02 
 5.314359e-01  1.268519e+02  2.909952e+02  4.510554e+02  8.223999e+02 
 5.388438e-01  1.242118e+02  2.848636e+02  4.418746e+02  8.085150e+02 
 5.463550e-01  1.220417e+02  2.804816e+02  4.352256e+02  7.973986e+02 
 5.539709e-01  1.188563e+02  2.748624e+02  4.279599e+02  7.857620e+02 
 5.616930e-01  1.167947e+02  2.707527e+02  4.220890e+02  7.766839e+02 
 5.695227e-01  1.145562e+02  2.671348e+02  4.174519e+02  7.660568e+02 
 5.774615e-01  1.119772e+02  2.610538e+02  4.084634e+02  7.533361e+02 
 5.855110e-01  1.100107e+02  2.572663e+02  4.024968e+02  7.432637e+02 
 5.936727e-01  1.074914e+02  2.512967e+02  3.942573e+02  7.307022e+02 
 6.019482e-01  1.057210e+02  2.484841e+02  3.894929e+02  7.218432e+02 
 6.103390e-01  1.032626e+02  2.442483e+02  3.838455e+02  7.112137e+02 
 6.188468e-01  1.010018e+02  2.406281e+02  3.807521e+02  7.087600e+02 
 6.274732e-01  9.935349e+01  2.361718e+02  3.730847e+02  6.965956e+02 
 6.362198e-01  9.742433e+01  2.326896e+02  3.677986e+02  6.861427e+02 
 6.450884e-01  9.518499e+01  2.286418e+02  3.620802e+02  6.758116e+02 
 6.540806e-01  9.322040e+01  2.238476e+02  3.548151e+02  6.654896e+02 
 6.631981e-01  9.121417e+01  2.207369e+02  3.513479e+02  6.587056e+02 
 6.724427e-01  8.950348e+01  2.169821e+02  3.461913e+02  6.523021e+02 
 6.818162e-01  8.761842e+01  2.130872e+02  3.391904e+02  6.396092e+02 
 6.913204e-01  8.577768e+01  2.093441e+02  3.342986e+02  6.308732e+02 
 7.009570e-01  8.457332e+01  2.062667e+02  3.297737e+02  6.227773e+02 
 7.107280e-01  8.246135e+01  2.029540e+02  3.249018e+02  6.130268e+02 
 7.206351e-01  8.120578e+01  1.999280e+02  3.209132e+02  6.079941e+02 
 7.306804e-01  7.960651e+01  1.969380e+02  3.157645e+02  5.971724e+02 
 7.408657e-01  7.786229e+01  1.931599e+02  3.103250e+02  5.897410e+02 
 7.511929e-01  7.624159e+01  1.897710e+02  3.059234e+02  5.814839e+02 
 7.616642e-01  7.476543e+01  1.864491e+02  3.011796e+02  5.743701e+02 
 7.722814e-01  7.382138e+01  1.845364e+02  2.977242e+02  5.658169e+02 
 7.830465e-01  7.228058e+01  1.810949e+02  2.928432e+02  5.583611e+02 
 7.939618e-01  7.097301e+01  1.787852e+02  2.890605e+02  5.528535e+02 
 8.050292e-01  6.942081e+01  1.756255e+02  2.853186e+02  5.455325e+02 
 8.162509e-01  6.824824e+01  1.730528e+02  2.804860e+02  5.360672e+02 
 8.276289e-01  6.660595e+01  1.697336e+02  2.761021e+02  5.292091e+02 
 8.391656e-01  6.580235e+01  1.676955e+02  2.722489e+02  5.233543e+02 
 8.508632e-01  6.458655e+01  1.649139e+02  2.685624e+02  5.161154e+02 
 8.627237e-01  6.320293e+01  1.623183e+02  2.645417e+02  5.079038e+02 
 8.747496e-01  6.204927e+01  1.596385e+02  2.606895e+02  5.009993e+02 
 8.869432e-01  6.099530e+01  1.573771e+02  2.571458e+02  4.945196e+02 
 8.993067e-01  5.978481e+01  1.549106e+02  2.532647e+02  4.873016e+02 
 9.118425e-01  5.885138e+01  1.522820e+02  2.490266e+02  4.785650e+02 
 9.245531e-01  5.759489e+01  1.497911e+02  2.451891e+02  4.733055e+02 
 9.374409e-01  5.651085e+01  1.475505e+02  2.420754e+02  4.666885e+02 
 9.505083e-01  5.559437e+01  1.452555e+02  2.385427e+02  4.600894e+02 
 9.637579e-01  5.441589e+01  1.425156e+02  2.344332e+02  4.532756e+02 
 9.771921e-01  5.373956e+01  1.416363e+02  2.320253e+02  4.470462e+02 
 9.908137e-01  5.272092e+01  1.390289e+02  2.283921e+02  4.410906e+02 
 1.004625e+00  5.170034e+01  1.364976e+02  2.244514e+02  4.335841e+02 
 1.018629e+00  5.085070e+01  1.346322e+02  2.212646e+02  4.271613e+02 
 1.032828e+00  4.988675e+01  1.325560e+02  2.184389e+02  4.224866e+02 
 1.047225e+00  4.893560e+01  1.306397e+02  2.148967e+02  4.150244e+02 
 1.061823e+00  4.819373e+01  1.288636e+02  2.119186e+02  4.088797e+02 
 1.076624e+00  4.729646e+01  1.268314e+02  2.087508e+02  4.025398e+02 
 1.091632e+00  4.648793e+01  1.248201e+02  2.056946e+02  3.962272e+02 
 1.106848e+00  4.561119e+01  1.226802e+02  2.025655e+02  3.907012e+02 
 1.122277e+00  4.481712e+01  1.209442e+02  1.991981e+02  3.840595e+02 
 1.137921e+00  4.401264e+01  1.188934e+02  1.961795e+02  3.781990e+02 
 1.153783e+00  4.330615e+01  1.170522e+02  1.931732e+02  3.725807e+02 
 1.169866e+00  4.253530e+01  1.152966e+02  1.902127e+02  3.671685e+02 
 1.186174e+00  4.176634e+01  1.136213e+02  1.873373e+02  3.610559e+02 
 1.202708e+00  4.109971e+01  1.118538e+02  1.845049e+02  3.553702e+02 
 1.219473e+00  4.040936e+01  1.101918e+02  1.817990e+02  3.492690e+02 
 1.236472e+00  3.969060e+01  1.085430e+02  1.791282e+02  3.439689e+02 
 1.253708e+00  3.904696e+01  1.067544e+02  1.760819e+02  3.387608e+02 
 1.271184e+00  3.839349e+01  1.055142e+02  1.738240e+02  3.331222e+02 
 1.288904e+00  3.773385e+01  1.034657e+02  1.707881e+02  3.281461e+02 
 1.306870e+00  3.704008e+01  1.018688e+02  1.680351e+02  3.223591e+02 
 1.325087e+00  3.647352e+01  1.003444e+02  1.654493e+02  3.167627e+02 
 1.343558e+00  3.585823e+01  9.872882e+01  1.627880e+02  3.113864e+02 
 1.362287e+00  3.529522e+01  9.709256e+01  1.599488e+02  3.061820e+02 
 1.381276e+00  3.469667e+01  9.555979e+01  1.571014e+02  3.009555e+02 
 1.400531e+00  3.412353e+01  9.406750e+01  1.546489e+02  2.953941e+02 
 1.420053e+00  3.352191e+01  9.247529e+01  1.521776e+02  2.901494e+02 
 1.439848e+00  3.298047e+01  9.105551e+01  1.495239e+02  2.851916e+02 
 1.459919e+00  3.238596e+01  8.955616e+01  1.469769e+02  2.798438e+02 
 1.480269e+00  3.191381e+01  8.795830e+01  1.443645e+02  2.743991e+02 
 1.500903e+00  3.136955e+01  8.657100e+01  1.418533e+02  2.699795e+02 
 1.521825e+00  3.084521e+01  8.526883e+01  1.395718e+02  2.649651e+02 
 1.543038e+00  3.031954e+01  8.385179e+01  1.373002e+02  2.603576e+02 
 1.564548e+00  2.985891e+01  8.246968e+01  1.348684e+02  2.553660e+02 
 1.586357e+00  2.936770e+01  8.117938e+01  1.325517e+02  2.506000e+02 
 1.608469e+00  2.885697e+01  7.985333e+01  1.302454e+02  2.461951e+02 
 1.630891e+00  2.845904e+01  7.837333e+01  1.276936e+02  2.411475e+02 
 1.653624e+00  2.795309e+01  7.704774e+01  1.255825e+02  2.369632e+02 
 1.676675e+00  2.749343e+01  7.586107e+01  1.233988e+02  2.321691e+02 
 1.700047e+00  2.702713e+01  7.457097e+01  1.211309e+02  2.277921e+02 
 1.723745e+00  2.659300e+01  7.325015e+01  1.188873e+02  2.230393e+02 
 1.747773e+00  2.612548e+01  7.194590e+01  1.166566e+02  2.185888e+02 
 1.772136e+00  2.570232e+01  7.068449e+01  1.144419e+02  2.144619e+02 
 1.796838e+00  2.529103e+01  6.944050e+01  1.123161e+02  2.100886e+02 
 1.821885e+00  2.489053e+01  6.819589e+01  1.101472e+02  2.059795e+02 
 1.847281e+00  2.447589e+01  6.708786e+01  1.081703e+02  2.018179e+02 
 1.873032e+00  2.407823e+01  6.580985e+01  1.059573e+02  1.978007e+02 
 1.899141e+00  2.366765e+01  6.459215e+01  1.039733e+02  1.937801e+02 
 1.925614e+00  2.329600e+01  6.346897e+01  1.019868e+02  1.897203e+02 
 1.952456e+00  2.297564e+01  6.237082e+01  1.000327e+02  1.857981e+02 
 1.979672e+00  2.254873e+01  6.127040e+01  9.809853e+01  1.819783e+02 
 2.007267e+00  2.220478e+01  6.011348e+01  9.606685e+01  1.783067e+02 
 2.035248e+00  2.181084e+01  5.896977e+01  9.411996e+01  1.744221e+02 
 2.063618e+00  2.144598e+01  5.784118e+01  9.223613e+01  1.706776e+02 
 2.092383e+00  2.109387e+01  5.674845e+01  9.033094e+01  1.670653e+02 
 2.121550e+00  2.072949e+01  5.564098e+01  8.846327e+01  1.634086e+02 
 2.151123e+00  2.038643e+01  5.457900e+01  8.658884e+01  1.597865e+02 
 2.181109e+00  2.003895e+01  5.349547e+01  8.481190e+01  1.563650e+02 
 2.211512e+00  1.969969e+01  5.242120e+01  8.297471e+01  1.527985e+02 
 2.242340e+00  1.937290e+01  5.141959e+01  8.124702e+01  1.494582e+02 
 2.273597e+00  1.902288e+01  5.039398e+01  7.944523e+01  1.461027e+02 
 2.305289e+00  1.871946e+01  4.937981e+01  7.778223e+01  1.428692e+02 
 2.337424e+00  1.840004e+01  4.836898e+01  7.608656e+01  1.396858e+02 
 2.370006e+00  1.808250e+01  4.739667e+01  7.446301e+01  1.366444e+02 
 2.403043e+00  1.775964e+01  4.643854e+01  7.279744e+01  1.335103e+02 
 2.436540e+00  1.746455e+01  4.550322e+01  7.121738e+01  1.304785e+02 
 2.470504e+00  1.716341e+01  4.457853e+01  6.963121e+01  1.274913e+02 
 2.504942e+00  1.686569e+01  4.367716e+01  6.811555e+01  1.246193e+02 
 2.539859e+00  1.658393e+01  4.274955e+01  6.656568e+01  1.217040e+02 
 2.575263e+00  1.627932e+01  4.183618e+01  6.512563e+01  1.189353e+02 
 2.611161e+00  1.600265e+01  4.094829e+01  6.359804e+01  1.161671e+02 
 2.647559e+00  1.571980e+01  4.006194e+01  6.211533e+01  1.133981e+02 
 2.684465e+00  1.543795e+01  3.922208e+01  6.067602e+01  1.107191e+02 
 2.721885e+00  1.514949e+01  3.833351e+01  5.928113e+01  1.080963e+02 
 2.759826e+00  1.487464e+01  3.747630e+01  5.787601e+01  1.055104e+02 
 2.798297e+00  1.460347e+01  3.666030e+01  5.652903e+01  1.030501e+02 
 2.837304e+00  1.433748e+01  3.583930e+01  5.519268e+01  1.005794e+02 
 2.876854e+00  1.407166e+01  3.502749e+01  5.388315e+01  9.817903e+01 
 2.916956e+00  1.381331e+01  3.425269e+01  5.260138e+01  9.578203e+01 
 2.957617e+00  1.356150e+01  3.349009e+01  5.136709e+01  9.350804e+01 
 2.998844e+00  1.330788e+01  3.274045e+01  5.013814e+01  9.124184e+01 
 3.040646e+00  1.306066e+01  3.199251e+01  4.893699e+01  8.909644e+01 
 3.083031e+00  1.281672e+01  3.125966e+01  4.776542e+01  8.695296e+01 
 3.126007e+00  1.258096e+01  3.055546e+01  4.661379e+01  8.482603e+01 
 3.169582e+00  1.234137e+01  2.983226e+01  4.546775e+01  8.276992e+01 
 3.213764e+00  1.210592e+01  2.914043e+01  4.435665e+01  8.074476e+01 
 3.258562e+00  1.186876e+01  2.846780e+01  4.326388e+01  7.875947e+01 
 3.303985e+00  1.163725e+01  2.778260e+01  4.219604e+01  7.681823e+01 
 3.350041e+00  1.141105e+01  2.711345e+01  4.113586e+01  7.489690e+01 
 3.396739e+00  1.118051e+01  2.646747e+01  4.011667e+01  7.302527e+01 
 3.444087e+00  1.096216e+01  2.581810e+01  3.909336e+01  7.118722e+01 
 3.492096e+00  1.074327e+01  2.519823e+01  3.812352e+01  6.943109e+01 
 3.540774e+00  1.052279e+01  2.459338e+01  3.716801e+01  6.768810e+01 
 3.590130e+00  1.031299e+01  2.398971e+01  3.622163e+01  6.600996e+01 
 3.640175e+00  1.010720e+01  2.340625e+01  3.531928e+01  6.435420e+01 
 3.690917e+00  9.898487e+00  2.284228e+01  3.441682e+01  6.274372e+01 
 3.742366e+00  9.697020e+00  2.227391e+01  3.355125e+01  6.119550e+01 
 3.794533e+00  9.500486e+00  2.173674e+01  3.270789e+01  5.965709e+01 
 3.847427e+00  9.305690e+00  2.119575e+01  3.188020e+01  5.818117e+01 
 3.901058e+00  9.108746e+00  2.067774e+01  3.107319e+01  5.671127e+01 
 3.955436e+00  8.923764e+00  2.016170e+01  3.026903e+01  5.527221e+01 
 4.010573e+00  8.731864e+00  1.965507e+01  2.949969e+01  5.388156e+01 
 4.066478e+00  8.546475e+00  1.915853e+01  2.873296e+01  5.249820e+01 
 4.123163e+00  8.362072e+00  1.867767e+01  2.798749e+01  5.115273e+01 
 4.180637e+00  8.183033e+00  1.820484e+01  2.726203e+01  4.983306e+01 
 4.238913e+00  8.005078e+00  1.773644e+01  2.654973e+01  4.856040e+01 
 4.298001e+00  7.826939e+00  1.728375e+01  2.585955e+01  4.730505e+01 
 4.357913e+00  7.659210e+00  1.684144e+01  2.518604e+01  4.609627e+01 
 4.418660e+00  7.489588e+00  1.641338e+01  2.452886e+01  4.491728e+01 
 4.480254e+00  7.322493e+00  1.599236e+01  2.388900e+01  4.376397e+01 
 4.542706e+00  7.161904e+00  1.557982e+01  2.326479e+01  4.263883e+01 
 4.606029e+00  7.002353e+00  1.518553e+01  2.266366e+01  4.155576e+01 
 4.670234e+00  6.846287e+00  1.479889e+01  2.208124e+01  4.050017e+01 
 4.735335e+00  6.693596e+00  1.442074e+01  2.150832e+01  3.946289e+01 
 4.801343e+00  6.545960e+00  1.405343e+01  2.095204e+01  3.844914e+01 
 4.868271e+00  6.398483e+00  1.369313e+01  2.040559e+01  3.746078e+01 
 4.936132e+00  6.253462e+00  1.333895e+01  1.987362e+01  3.649424e+01 
 5.004939e+00  6.110414e+00  1.299472e+01  1.935210e+01  3.554585e+01 
 5.074705e+00  5.968738e+00  1.265640e+01  1.884137e+01  3.462321e+01 
 5.145444e+00  5.831544e+00  1.232730e+01  1.834418e+01  3.372300e+01 
 5.217169e+00  5.694964e+00  1.200412e+01  1.785875e+01  3.283293e+01 
 5.289893e+00  5.563585e+00  1.169155e+01  1.739112e+01  3.197676e+01 
 5.363631e+00  5.432339e+00  1.138622e+01  1.692831e+01  3.113909e+01 
 5.438397e+00  5.305486e+00  1.108830e+01  1.648204e+01  3.032147e+01 
 5.514206e+00  5.180874e+00  1.079904e+01  1.604846e+01  2.953041e+01 
 5.591071e+00  5.057823e+00  1.051918e+01  1.562531e+01  2.876083e+01 
 5.669007e+00  4.940369e+00  1.024512e+01  1.521784e+01  2.801295e+01 
 5.748030e+00  4.824152e+00  9.980445e+00  1.481940e+01  2.728221e+01 
 5.828155e+00  4.710878e+00  9.723032e+00  1.443374e+01  2.657380e+01 
 5.909396e+00  4.600310e+00  9.471891e+00  1.405779e+01  2.588680e+01 
 5.991770e+00  4.491632e+00  9.226664e+00  1.369104e+01  2.521374e+01 
 6.075292e+00  4.385687e+00  8.989008e+00  1.333426e+01  2.455634e+01 
 6.159978e+00  4.281313e+00  8.755920e+00  1.298512e+01  2.391433e+01 
 6.245845e+00  4.178931e+00  8.528373e+00  1.264418e+01  2.328446e+01 
 6.332908e+00  4.078202e+00  8.304738e+00  1.231029e+01  2.266895e+01 
 6.421186e+00  3.980397e+00  8.088047e+00  1.198428e+01  2.206798e+01 
 6.510694e+00  3.883962e+00  7.876126e+00  1.166828e+01  2.148260e+01 
 6.601449e+00  3.790425e+00  7.670669e+00  1.135989e+01  2.091346e+01 
 6.693470e+00  3.698512e+00  7.469537e+00  1.105877e+01  2.035745e+01 
 6.786773e+00  3.608828e+00  7.275110e+00  1.076656e+01  1.981750e+01 
 6.881377e+00  3.521937e+00  7.085629e+00  1.048329e+01  1.929125e+01 
 6.977300e+00  3.437017e+00  6.902313e+00  1.020904e+01  1.878192e+01 
 7.074559e+00  3.354632e+00  6.723614e+00  9.941028e+00  1.828571e+01 
 7.173175e+00  3.273939e+00  6.551481e+00  9.681784e+00  1.780507e+01 
 7.273165e+00  3.195769e+00  6.382839e+00  9.430444e+00  1.733660e+01 
 7.374549e+00  3.119356e+00  6.218863e+00  9.184573e+00  1.688179e+01 
 7.477346e+00  3.044604e+00  6.060244e+00  8.947147e+00  1.643848e+01 
 7.581576e+00  2.972091e+00  5.904127e+00  8.713690e+00  1.600484e+01 
 7.687260e+00  2.900679e+00  5.752392e+00  8.485957e+00  1.558182e+01 
 7.794416e+00  2.830750e+00  5.604047e+00  8.262507e+00  1.516711e+01 
 7.903066e+00  2.762462e+00  5.458797e+00  8.044274e+00  1.476087e+01 
 8.013230e+00  2.695777e+00  5.317826e+00  7.833322e+00  1.436578e+01 
 8.124930e+00  2.630444e+00  5.180340e+00  7.626503e+00  1.398005e+01 
 8.238187e+00  2.567052e+00  5.046022e+00  7.424860e+00  1.360496e+01 
 8.353023e+00  2.505065e+00  4.915774e+00  7.229406e+00  1.323940e+01 
 8.469460e+00  2.444874e+00  4.789241e+00  7.039266e+00  1.288433e+01 
 8.587519e+00  2.386319e+00  4.666015e+00  6.854393e+00  1.253945e+01 
 8.707225e+00  2.329374e+00  4.546204e+00  6.675097e+00  1.220414e+01 
 8.828599e+00  2.274030e+00  4.430674e+00  6.500796e+00  1.187824e+01 
 8.951665e+00  2.220103e+00  4.318207e+00  6.331809e+00  1.156250e+01 
 9.076446e+00  2.167807e+00  4.209084e+00  6.168126e+00  1.125617e+01 
 9.202967e+00  2.116924e+00  4.102819e+00  6.008696e+00  1.095732e+01 
 9.331251e+00  2.067299e+00  3.999228e+00  5.853086e+00  1.066646e+01 
 9.461324e+00  0.000000e+00  0.000000e+00  0.000000e+00  0.000000e+00 
 9.593209e+00  0.000000e+00  0.000000e+00  0.000000e+00  0.000000e+00 
 9.726934e+00  0.000000e+00  0.000000e+00  0.000000e+00  0.000000e+00 
 9.862522e+00  0.000000e+00  0.000000e+00  0.000000e+00  0.000000e+00 
 1.000000e+01  0.000000e+00  0.000000e+00  0.000000e+00  0.000000e+00 
