 1.000000e-02  5.829848e+03  1.081777e+04  1.478115e+04  2.234707e+04 
 1.013939e-02  5.860176e+03  1.087390e+04  1.485770e+04  2.246240e+04 
 1.028073e-02  5.889987e+03  1.092905e+04  1.493292e+04  2.257571e+04 
 1.042404e-02  5.919254e+03  1.098320e+04  1.500674e+04  2.268689e+04 
 1.056935e-02  5.947964e+03  1.103630e+04  1.507914e+04  2.279589e+04 
 1.071668e-02  5.976095e+03  1.108832e+04  1.515005e+04  2.290263e+04 
 1.086606e-02  6.003633e+03  1.113924e+04  1.521945e+04  2.300707e+04 
 1.101753e-02  6.030544e+03  1.118898e+04  1.528725e+04  2.310908e+04 
 1.117111e-02  6.056818e+03  1.123754e+04  1.535341e+04  2.320858e+04 
 1.132683e-02  6.082417e+03  1.128483e+04  1.541784e+04  2.330546e+04 
 1.148472e-02  6.107331e+03  1.133086e+04  1.548052e+04  2.339970e+04 
 1.164481e-02  6.131537e+03  1.137556e+04  1.554140e+04  2.349116e+04 
 1.180713e-02  6.155020e+03  1.141890e+04  1.560043e+04  2.357981e+04 
 1.197171e-02  6.177735e+03  1.146082e+04  1.565748e+04  2.366549e+04 
 1.213859e-02  6.199681e+03  1.150130e+04  1.571258e+04  2.374818e+04 
 1.230780e-02  6.220824e+03  1.154030e+04  1.576563e+04  2.382774e+04 
 1.247936e-02  6.241158e+03  1.157778e+04  1.581661e+04  2.390418e+04 
 1.265332e-02  6.260650e+03  1.161369e+04  1.586543e+04  2.397733e+04 
 1.282970e-02  6.279281e+03  1.164800e+04  1.591206e+04  2.404715e+04 
 1.300854e-02  6.297032e+03  1.168066e+04  1.595645e+04  2.411355e+04 
 1.318987e-02  6.313884e+03  1.171165e+04  1.599853e+04  2.417647e+04 
 1.337373e-02  6.329816e+03  1.174093e+04  1.603827e+04  2.423582e+04 
 1.356015e-02  6.344804e+03  1.176844e+04  1.607560e+04  2.429151e+04 
 1.374917e-02  6.358821e+03  1.179416e+04  1.611045e+04  2.434344e+04 
 1.394083e-02  6.371846e+03  1.181803e+04  1.614277e+04  2.439153e+04 
 1.413516e-02  6.383855e+03  1.184000e+04  1.617251e+04  2.443569e+04 
 1.433219e-02  6.394825e+03  1.186003e+04  1.619960e+04  2.447582e+04 
 1.453198e-02  6.404732e+03  1.187810e+04  1.622398e+04  2.451185e+04 
 1.473454e-02  6.413555e+03  1.189414e+04  1.624558e+04  2.454369e+04 
 1.493993e-02  6.421271e+03  1.190811e+04  1.626437e+04  2.457123e+04 
 1.514819e-02  6.427883e+03  1.192006e+04  1.628040e+04  2.459461e+04 
 1.535935e-02  6.433355e+03  1.192991e+04  1.629355e+04  2.461364e+04 
 1.557345e-02  6.437661e+03  1.193757e+04  1.630371e+04  2.462817e+04 
 1.579053e-02  6.440781e+03  1.194304e+04  1.631087e+04  2.463811e+04 
 1.601064e-02  6.442703e+03  1.194627e+04  1.631497e+04  2.464341e+04 
 1.623382e-02  6.443411e+03  1.194725e+04  1.631599e+04  2.464404e+04 
 1.646012e-02  6.442884e+03  1.194593e+04  1.631386e+04  2.463992e+04 
 1.668956e-02  6.441116e+03  1.194230e+04  1.630858e+04  2.463099e+04 
 1.692220e-02  6.438075e+03  1.193631e+04  1.630005e+04  2.461717e+04 
 1.715809e-02  6.433757e+03  1.192795e+04  1.628827e+04  2.459841e+04 
 1.739726e-02  6.428141e+03  1.191717e+04  1.627320e+04  2.457463e+04 
 1.763977e-02  6.421209e+03  1.190393e+04  1.625477e+04  2.454579e+04 
 1.788566e-02  6.412930e+03  1.188820e+04  1.623293e+04  2.451177e+04 
 1.813498e-02  6.403298e+03  1.186996e+04  1.620765e+04  2.447254e+04 
 1.838777e-02  6.392296e+03  1.184917e+04  1.617888e+04  2.442803e+04 
 1.864409e-02  6.379920e+03  1.182582e+04  1.614662e+04  2.437823e+04 
 1.890397e-02  6.366147e+03  1.179988e+04  1.611080e+04  2.432305e+04 
 1.916748e-02  6.350976e+03  1.177134e+04  1.607144e+04  2.426249e+04 
 1.943467e-02  6.334393e+03  1.174018e+04  1.602849e+04  2.419651e+04 
 1.970558e-02  6.316394e+03  1.170640e+04  1.598195e+04  2.412507e+04 
 1.998026e-02  6.296979e+03  1.166998e+04  1.593180e+04  2.404820e+04 
 2.025878e-02  6.276144e+03  1.163092e+04  1.587806e+04  2.396586e+04 
 2.054117e-02  6.253897e+03  1.158925e+04  1.582073e+04  2.387812e+04 
 2.082751e-02  6.230238e+03  1.154494e+04  1.575982e+04  2.378495e+04 
 2.111783e-02  6.205173e+03  1.149803e+04  1.569534e+04  2.368638e+04 
 2.141220e-02  6.178799e+03  1.144867e+04  1.562746e+04  2.358254e+04 
 2.171068e-02  6.151607e+03  1.139753e+04  1.555691e+04  2.347402e+04 
 2.201331e-02  6.123011e+03  1.134378e+04  1.548280e+04  2.336011e+04 
 2.232016e-02  6.093002e+03  1.128742e+04  1.540511e+04  2.324077e+04 
 2.263130e-02  6.061608e+03  1.122849e+04  1.532391e+04  2.311615e+04 
 2.294676e-02  6.028815e+03  1.116696e+04  1.523916e+04  2.298615e+04 
 2.326663e-02  5.994640e+03  1.110287e+04  1.515091e+04  2.285087e+04 
 2.359095e-02  5.959086e+03  1.103621e+04  1.505917e+04  2.271031e+04 
 2.391980e-02  5.922189e+03  1.096708e+04  1.496404e+04  2.256462e+04 
 2.425323e-02  5.883963e+03  1.089548e+04  1.486554e+04  2.241385e+04 
 2.459130e-02  5.844435e+03  1.082147e+04  1.476374e+04  2.225812e+04 
 2.493409e-02  5.803632e+03  1.074510e+04  1.465872e+04  2.209752e+04 
 2.528166e-02  5.761587e+03  1.066643e+04  1.455058e+04  2.193221e+04 
 2.563407e-02  5.718347e+03  1.058555e+04  1.443942e+04  2.176233e+04 
 2.599140e-02  5.673954e+03  1.050253e+04  1.432534e+04  2.158807e+04 
 2.635371e-02  5.628459e+03  1.041748e+04  1.420848e+04  2.140962e+04 
 2.672106e-02  5.581904e+03  1.033046e+04  1.408895e+04  2.122716e+04 
 2.709354e-02  5.534320e+03  1.024155e+04  1.396682e+04  2.104079e+04 
 2.747121e-02  5.485733e+03  1.015078e+04  1.384218e+04  2.085062e+04 
 2.785414e-02  5.436101e+03  1.005810e+04  1.371496e+04  2.065663e+04 
 2.824241e-02  5.385185e+03  9.963161e+03  1.358476e+04  2.045847e+04 
 2.863610e-02  5.333373e+03  9.866569e+03  1.345232e+04  2.025693e+04 
 2.903527e-02  5.280705e+03  9.768400e+03  1.331774e+04  2.005217e+04 
 2.944000e-02  5.227234e+03  9.668750e+03  1.318114e+04  1.984438e+04 
 2.985038e-02  5.173013e+03  9.567716e+03  1.304266e+04  1.963378e+04 
 3.026648e-02  5.118098e+03  9.465405e+03  1.290244e+04  1.942060e+04 
 3.068838e-02  5.062554e+03  9.361936e+03  1.276065e+04  1.920506e+04 
 3.111616e-02  5.006453e+03  9.257443e+03  1.261748e+04  1.898746e+04 
 3.154990e-02  4.949871e+03  9.152072e+03  1.247311e+04  1.876809e+04 
 3.198969e-02  4.892895e+03  9.045975e+03  1.232775e+04  1.854727e+04 
 3.243561e-02  4.835611e+03  8.939319e+03  1.218165e+04  1.832534e+04 
 3.288774e-02  4.778119e+03  8.832286e+03  1.203504e+04  1.810267e+04 
 3.334618e-02  4.720524e+03  8.725067e+03  1.188818e+04  1.787964e+04 
 3.381101e-02  4.662887e+03  8.617778e+03  1.174124e+04  1.765652e+04 
 3.428231e-02  4.605254e+03  8.510509e+03  1.159433e+04  1.743347e+04 
 3.476019e-02  4.547503e+03  8.403354e+03  1.144795e+04  1.721237e+04 
 3.524473e-02  4.489849e+03  8.296394e+03  1.130185e+04  1.699172e+04 
 3.573602e-02  4.432350e+03  8.189726e+03  1.115618e+04  1.677172e+04 
 3.623416e-02  4.375066e+03  8.083462e+03  1.101103e+04  1.655257e+04 
 3.673925e-02  4.318052e+03  7.977707e+03  1.086660e+04  1.633449e+04 
 3.725137e-02  4.261373e+03  7.872580e+03  1.072303e+04  1.611774e+04 
 3.777064e-02  4.205097e+03  7.768206e+03  1.058049e+04  1.590256e+04 
 3.829714e-02  4.149295e+03  7.664710e+03  1.043916e+04  1.568922e+04 
 3.883098e-02  4.094039e+03  7.562231e+03  1.029922e+04  1.547801e+04 
 3.937226e-02  4.039408e+03  7.460917e+03  1.016088e+04  1.526922e+04 
 3.992109e-02  3.985485e+03  7.360921e+03  1.002433e+04  1.506315e+04 
 4.047757e-02  3.932354e+03  7.262357e+03  9.889710e+03  1.485990e+04 
 4.104181e-02  3.879892e+03  7.164411e+03  9.755239e+03  1.465494e+04 
 4.161391e-02  3.828410e+03  7.068279e+03  9.623257e+03  1.445374e+04 
 4.219398e-02  3.777931e+03  6.974018e+03  9.493835e+03  1.425644e+04 
 4.278214e-02  3.728489e+03  6.881686e+03  9.367048e+03  1.406314e+04 
 4.337850e-02  3.680107e+03  6.791324e+03  9.242955e+03  1.387391e+04 
 4.398317e-02  3.632804e+03  6.702966e+03  9.121606e+03  1.368886e+04 
 4.459628e-02  3.586601e+03  6.616651e+03  9.003054e+03  1.350805e+04 
 4.521792e-02  3.541516e+03  6.532411e+03  8.887342e+03  1.333153e+04 
 4.584824e-02  3.497566e+03  6.450285e+03  8.774513e+03  1.315938e+04 
 4.648734e-02  3.454767e+03  6.370291e+03  8.664602e+03  1.299165e+04 
 4.713535e-02  3.413294e+03  6.293562e+03  8.559994e+03  1.283421e+04 
 4.779239e-02  3.373093e+03  6.219668e+03  8.459755e+03  1.268473e+04 
 4.845859e-02  3.334067e+03  6.147939e+03  8.362460e+03  1.253967e+04 
 4.913407e-02  3.296201e+03  6.078346e+03  8.268069e+03  1.239894e+04 
 4.981898e-02  3.259466e+03  6.010837e+03  8.176511e+03  1.226246e+04 
 5.051342e-02  3.223834e+03  5.945361e+03  8.087719e+03  1.213012e+04 
 5.121755e-02  3.189267e+03  5.881847e+03  8.001593e+03  1.200176e+04 
 5.193150e-02  3.155719e+03  5.820216e+03  7.918025e+03  1.187724e+04 
 5.265540e-02  3.123147e+03  5.760385e+03  7.836900e+03  1.175637e+04 
 5.338938e-02  3.091245e+03  5.701307e+03  7.756303e+03  1.163494e+04 
 5.413360e-02  3.059897e+03  5.642675e+03  7.675719e+03  1.151193e+04 
 5.488820e-02  3.029323e+03  5.585480e+03  7.597092e+03  1.139186e+04 
 5.565331e-02  2.999443e+03  5.529575e+03  7.520226e+03  1.127446e+04 
 5.642908e-02  2.970168e+03  5.474786e+03  7.444882e+03  1.115933e+04 
 5.721568e-02  2.941383e+03  5.420906e+03  7.370775e+03  1.104607e+04 
 5.801323e-02  2.912976e+03  5.367720e+03  7.297617e+03  1.093424e+04 
 5.882190e-02  2.884863e+03  5.315100e+03  7.225251e+03  1.082365e+04 
 5.964185e-02  2.857181e+03  5.263657e+03  7.154887e+03  1.071714e+04 
 6.047322e-02  2.830132e+03  5.214382e+03  7.088506e+03  1.061946e+04 
 6.131619e-02  2.803035e+03  5.165017e+03  7.022001e+03  1.052157e+04 
 6.217090e-02  2.775682e+03  5.115159e+03  6.954812e+03  1.042260e+04 
 6.303753e-02  2.748035e+03  5.064737e+03  6.886822e+03  1.032236e+04 
 6.391624e-02  2.719919e+03  5.013437e+03  6.817633e+03  1.022029e+04 
 6.480720e-02  2.691262e+03  4.961137e+03  6.747084e+03  1.011617e+04 
 6.571058e-02  2.661932e+03  4.907602e+03  6.674859e+03  1.000957e+04 
 6.662655e-02  2.630612e+03  4.848419e+03  6.592848e+03  9.882432e+03 
 6.755528e-02  2.598371e+03  4.787492e+03  6.508424e+03  9.751554e+03 
 6.849697e-02  2.565164e+03  4.724803e+03  6.421625e+03  9.617178e+03 
 6.945178e-02  2.530913e+03  4.660216e+03  6.332273e+03  9.479053e+03 
 7.041990e-02  2.495552e+03  4.593606e+03  6.240201e+03  9.336947e+03 
 7.140151e-02  2.459029e+03  4.524886e+03  6.145292e+03  9.190698e+03 
 7.239681e-02  2.421609e+03  4.454846e+03  6.048987e+03  9.043626e+03 
 7.340598e-02  2.383325e+03  4.383597e+03  5.951503e+03  8.896295e+03 
 7.442922e-02  2.343827e+03  4.310135e+03  5.851036e+03  8.744575e+03 
 7.546673e-02  2.303144e+03  4.234519e+03  5.747670e+03  8.588590e+03 
 7.651869e-02  2.261317e+03  4.156821e+03  5.641508e+03  8.428497e+03 
 7.758532e-02  2.218419e+03  4.077181e+03  5.532736e+03  8.264586e+03 
 7.866682e-02  2.175424e+03  3.998593e+03  5.426615e+03  8.107731e+03 
 7.976339e-02  2.132974e+03  3.922976e+03  5.326472e+03  7.964742e+03 
 8.087525e-02  2.089721e+03  3.845816e+03  5.224176e+03  7.818386e+03 
 8.200261e-02  2.045812e+03  3.767382e+03  5.120084e+03  7.669182e+03 
 8.314568e-02  2.001410e+03  3.687974e+03  5.014600e+03  7.517723e+03 
 8.430468e-02  1.956698e+03  3.607920e+03  4.908166e+03  7.364655e+03 
 8.547985e-02  1.910998e+03  3.524681e+03  4.796086e+03  7.199923e+03 
 8.667139e-02  1.865009e+03  3.440270e+03  4.681793e+03  7.030367e+03 
 8.787954e-02  1.819365e+03  3.356483e+03  4.568336e+03  6.862011e+03 
 8.910453e-02  1.774275e+03  3.273706e+03  4.456234e+03  6.695629e+03 
 9.034660e-02  1.729958e+03  3.192340e+03  4.346032e+03  6.532035e+03 
 9.160598e-02  1.687291e+03  3.114947e+03  4.242084e+03  6.379795e+03 
 9.288292e-02  1.646395e+03  3.041632e+03  4.144425e+03  6.238711e+03 
 9.417766e-02  1.606809e+03  2.970654e+03  4.049861e+03  6.102062e+03 
 9.549045e-02  1.568707e+03  2.902334e+03  3.958835e+03  5.970512e+03 
 9.682153e-02  1.532239e+03  2.836950e+03  3.871727e+03  5.844641e+03 
 9.817117e-02  1.497773e+03  2.775581e+03  3.790373e+03  5.728072e+03 
 9.953962e-02  1.465259e+03  2.717878e+03  3.714064e+03  5.619192e+03 
 1.009272e-01  1.434666e+03  2.663651e+03  3.642412e+03  5.517110e+03 
 1.023340e-01  1.406047e+03  2.612999e+03  3.575559e+03  5.422069e+03 
 1.037605e-01  1.378734e+03  2.563875e+03  3.509972e+03  5.327035e+03 
 1.052069e-01  1.350847e+03  2.510555e+03  3.435814e+03  5.212508e+03 
 1.066734e-01  1.324938e+03  2.460937e+03  3.366734e+03  5.105692e+03 
 1.081604e-01  1.300905e+03  2.414827e+03  3.302466e+03  5.006179e+03 
 1.096681e-01  1.278612e+03  2.371969e+03  3.242657e+03  4.913429e+03 
 1.111968e-01  1.258216e+03  2.333056e+03  3.188460e+03  4.829125e+03 
 1.127468e-01  1.239213e+03  2.296758e+03  3.137857e+03  4.750274e+03 
 1.143184e-01  1.221362e+03  2.262609e+03  3.090199e+03  4.675902e+03 
 1.159120e-01  1.204421e+03  2.230158e+03  3.044871e+03  4.605074e+03 
 1.175277e-01  1.189125e+03  2.201824e+03  3.006062e+03  4.545941e+03 
 1.191660e-01  1.174283e+03  2.174422e+03  2.968606e+03  4.489024e+03 
 1.208271e-01  1.159529e+03  2.147188e+03  2.931386e+03  4.432487e+03 
 1.225114e-01  1.144561e+03  2.119551e+03  2.893638e+03  4.375269e+03 
 1.242191e-01  1.128840e+03  2.090367e+03  2.853875e+03  4.315886e+03 
 1.259506e-01  1.112437e+03  2.059935e+03  2.812422e+03  4.253982e+03 
 1.277063e-01  1.095149e+03  2.027880e+03  2.768770e+03  4.188790e+03 
 1.294865e-01  1.077189e+03  1.994830e+03  2.723853e+03  4.121512e+03 
 1.312915e-01  1.058490e+03  1.960698e+03  2.677559e+03  4.051962e+03 
 1.331216e-01  1.038532e+03  1.924241e+03  2.628107e+03  3.977683e+03 
 1.349772e-01  1.017339e+03  1.885538e+03  2.575651e+03  3.899046e+03 
 1.368587e-01  9.961513e+02  1.848865e+03  2.528255e+03  3.834601e+03 
 1.387665e-01  9.738156e+02  1.809985e+03  2.477769e+03  3.765275e+03 
 1.407008e-01  9.505015e+02  1.769200e+03  2.424592e+03  3.691635e+03 
 1.426621e-01  9.272989e+02  1.728895e+03  2.371876e+03  3.617174e+03 
 1.446507e-01  9.038282e+02  1.688088e+03  2.318337e+03  3.540824e+03 
 1.466671e-01  8.800912e+02  1.646648e+03  2.263821e+03  3.462755e+03 
 1.487115e-01  8.542934e+02  1.599318e+03  2.199826e+03  3.368044e+03 
 1.507845e-01  8.275152e+02  1.548814e+03  2.130551e+03  3.263807e+03 
 1.528864e-01  8.015614e+02  1.499857e+03  2.063378e+03  3.162663e+03 
 1.550175e-01  7.785258e+02  1.458285e+03  2.007831e+03  3.082057e+03 
 1.571784e-01  7.580253e+02  1.422729e+03  1.961523e+03  3.017375e+03 
 1.593694e-01  7.389036e+02  1.389610e+03  1.918431e+03  2.957296e+03 
 1.615909e-01  7.217490e+02  1.360320e+03  1.880564e+03  2.904755e+03 
 1.638434e-01  7.063822e+02  1.334380e+03  1.847231e+03  2.858842e+03 
 1.661273e-01  6.925970e+02  1.311293e+03  1.817733e+03  2.818609e+03 
 1.684430e-01  6.770471e+02  1.281998e+03  1.777736e+03  2.759309e+03 
 1.707910e-01  6.625967e+02  1.254420e+03  1.739864e+03  2.702871e+03 
 1.731717e-01  6.499935e+02  1.230726e+03  1.707549e+03  2.655006e+03 
 1.755856e-01  6.406333e+02  1.214765e+03  1.686712e+03  2.624992e+03 
 1.780332e-01  6.320275e+02  1.200201e+03  1.667788e+03  2.597913e+03 
 1.805149e-01  6.221606e+02  1.181106e+03  1.640776e+03  2.554776e+03 
 1.830312e-01  6.114578e+02  1.159166e+03  1.608756e+03  2.501813e+03 
 1.855825e-01  6.007692e+02  1.137569e+03  1.577567e+03  2.450983e+03 
 1.881694e-01  5.903414e+02  1.118196e+03  1.551449e+03  2.412769e+03 
 1.907924e-01  5.793054e+02  1.097683e+03  1.523752e+03  2.372095e+03 
 1.934520e-01  5.670742e+02  1.074828e+03  1.492985e+03  2.327959e+03 
 1.961486e-01  5.538422e+02  1.050069e+03  1.459638e+03  2.280206e+03 
 1.988828e-01  5.409886e+02  1.026799e+03  1.428601e+03  2.235673e+03 
 2.016551e-01  5.291219e+02  1.006475e+03  1.401996e+03  2.197507e+03 
 2.044661e-01  5.164107e+02  9.842202e+02  1.372453e+03  2.154310e+03 
 2.073162e-01  5.022801e+02  9.576631e+02  1.335669e+03  2.097722e+03 
 2.102061e-01  4.879852e+02  9.307585e+02  1.298378e+03  2.040256e+03 
 2.131362e-01  4.775485e+02  9.154666e+02  1.280283e+03  2.016909e+03 
 2.161073e-01  4.675590e+02  9.010410e+02  1.263407e+03  1.995443e+03 
 2.191197e-01  4.549268e+02  8.790293e+02  1.234907e+03  1.956769e+03 
 2.221741e-01  4.424053e+02  8.565858e+02  1.205490e+03  1.916662e+03 
 2.252711e-01  4.312715e+02  8.372469e+02  1.180637e+03  1.883272e+03 
 2.284112e-01  4.213006e+02  8.202275e+02  1.159043e+03  1.854726e+03 
 2.315951e-01  4.127098e+02  8.048594e+02  1.138203e+03  1.822761e+03 
 2.348235e-01  4.051636e+02  7.911449e+02  1.119142e+03  1.792036e+03 
 2.380968e-01  3.963399e+02  7.736276e+02  1.094362e+03  1.753556e+03 
 2.414157e-01  3.876175e+02  7.559851e+02  1.069322e+03  1.714999e+03 
 2.447809e-01  3.789395e+02  7.390091e+02  1.045815e+03  1.679087e+03 
 2.481930e-01  3.705047e+02  7.226272e+02  1.023212e+03  1.644582e+03 
 2.516527e-01  3.653849e+02  7.140709e+02  1.011763e+03  1.627005e+03 
 2.551606e-01  3.590491e+02  7.027163e+02  9.963290e+02  1.603643e+03 
 2.587174e-01  3.493665e+02  6.835132e+02  9.697199e+02  1.564306e+03 
 2.623238e-01  3.410689e+02  6.682001e+02  9.490577e+02  1.534288e+03 
 2.659804e-01  3.343529e+02  6.572426e+02  9.350294e+02  1.514673e+03 
 2.696881e-01  3.255021e+02  6.410889e+02  9.132514e+02  1.481924e+03 
 2.734474e-01  3.160422e+02  6.234565e+02  8.892752e+02  1.445495e+03 
 2.772591e-01  3.088908e+02  6.117050e+02  8.746403e+02  1.426704e+03 
 2.811239e-01  3.014676e+02  5.987905e+02  8.581853e+02  1.405986e+03 
 2.850426e-01  2.937817e+02  5.845366e+02  8.396388e+02  1.383394e+03 
 2.890160e-01  2.868622e+02  5.726745e+02  8.242768e+02  1.361323e+03 
 2.930447e-01  2.805314e+02  5.616035e+02  8.093264e+02  1.337774e+03 
 2.971296e-01  2.745576e+02  5.495685e+02  7.910402e+02  1.305693e+03 
 3.012714e-01  2.691931e+02  5.401466e+02  7.784627e+02  1.286944e+03 
 3.054710e-01  2.639203e+02  5.312448e+02  7.673259e+02  1.272273e+03 
 3.097291e-01  2.575186e+02  5.192782e+02  7.514981e+02  1.250516e+03 
 3.140465e-01  2.516297e+02  5.073104e+02  7.341735e+02  1.221828e+03 
 3.184242e-01  2.463117e+02  4.966630e+02  7.187425e+02  1.196166e+03 
 3.228628e-01  2.420448e+02  4.895312e+02  7.097611e+02  1.185105e+03 
 3.273634e-01  2.360129e+02  4.774015e+02  6.922948e+02  1.156977e+03 
 3.319266e-01  2.297334e+02  4.652051e+02  6.753892e+02  1.131398e+03 
 3.365535e-01  2.237738e+02  4.545448e+02  6.616286e+02  1.112938e+03 
 3.412449e-01  2.196444e+02  4.489592e+02  6.548904e+02  1.102045e+03 
 3.460016e-01  2.151486e+02  4.415252e+02  6.452401e+02  1.088306e+03 
 3.508247e-01  2.107794e+02  4.336205e+02  6.346009e+02  1.072611e+03 
 3.557150e-01  2.066018e+02  4.257384e+02  6.238170e+02  1.055937e+03 
 3.606735e-01  2.017868e+02  4.170311e+02  6.123191e+02  1.039662e+03 
 3.657011e-01  1.960295e+02  4.060016e+02  5.971877e+02  1.018557e+03 
 3.707988e-01  1.914289e+02  3.970775e+02  5.849540e+02  1.000313e+03 
 3.759675e-01  1.872117e+02  3.889174e+02  5.736951e+02  9.833526e+02 
 3.812083e-01  1.828377e+02  3.808889e+02  5.627592e+02  9.672193e+02 
 3.865221e-01  1.791103e+02  3.752618e+02  5.560243e+02  9.558359e+02 
 3.919100e-01  1.752765e+02  3.663562e+02  5.425135e+02  9.371114e+02 
 3.973730e-01  1.709711e+02  3.590941e+02  5.333131e+02  9.223863e+02 
 4.029122e-01  1.674951e+02  3.535034e+02  5.254799e+02  9.079778e+02 
 4.085286e-01  1.640112e+02  3.459797e+02  5.146545e+02  8.922891e+02 
 4.142232e-01  1.598614e+02  3.374574e+02  5.033227e+02  8.779958e+02 
 4.199973e-01  1.558496e+02  3.304651e+02  4.943869e+02  8.647897e+02 
 4.258518e-01  1.526420e+02  3.244208e+02  4.857321e+02  8.497201e+02 
 4.317880e-01  1.492378e+02  3.176707e+02  4.757267e+02  8.342734e+02 
 4.378069e-01  1.462494e+02  3.116544e+02  4.670877e+02  8.199122e+02 
 4.439097e-01  1.437298e+02  3.076731e+02  4.622799e+02  8.153056e+02 
 4.500975e-01  1.397921e+02  3.002612e+02  4.520757e+02  8.000498e+02 
 4.563716e-01  1.364529e+02  2.933199e+02  4.419361e+02  7.818840e+02 
 4.627332e-01  1.343019e+02  2.902664e+02  4.385896e+02  7.785424e+02 
 4.691835e-01  1.308195e+02  2.832845e+02  4.284851e+02  7.614352e+02 
 4.757236e-01  1.282955e+02  2.782766e+02  4.215830e+02  7.508245e+02 
 4.823549e-01  1.249137e+02  2.713109e+02  4.117436e+02  7.373724e+02 
 4.890787e-01  1.222473e+02  2.660712e+02  4.045904e+02  7.260156e+02 
 4.958962e-01  1.202306e+02  2.620905e+02  3.983825e+02  7.145353e+02 
 5.028087e-01  1.175231e+02  2.573400e+02  3.919243e+02  7.050190e+02 
 5.098176e-01  1.153108e+02  2.532008e+02  3.858714e+02  6.931189e+02 
 5.169242e-01  1.132606e+02  2.492760e+02  3.805544e+02  6.858216e+02 
 5.241298e-01  1.095239e+02  2.428280e+02  3.725452e+02  6.757681e+02 
 5.314359e-01  1.075562e+02  2.396869e+02  3.681881e+02  6.686669e+02 
 5.388438e-01  1.052556e+02  2.344614e+02  3.603598e+02  6.566090e+02 
 5.463550e-01  1.033416e+02  2.306450e+02  3.546433e+02  6.470129e+02 
 5.539709e-01  1.005596e+02  2.256880e+02  3.482600e+02  6.370028e+02 
 5.616930e-01  9.874332e+01  2.221047e+02  3.431473e+02  6.291639e+02 
 5.695227e-01  9.676693e+01  2.188145e+02  3.389920e+02  6.204674e+02 
 5.774615e-01  9.454236e+01  2.136552e+02  3.313251e+02  6.093712e+02 
 5.855110e-01  9.280893e+01  2.103740e+02  3.262573e+02  6.006775e+02 
 5.936727e-01  9.062014e+01  2.053004e+02  3.191643e+02  5.899653e+02 
 6.019482e-01  8.903892e+01  2.027971e+02  3.151181e+02  5.824305e+02 
 6.103390e-01  8.689064e+01  1.990637e+02  3.102002e+02  5.736249e+02 
 6.188468e-01  8.493085e+01  1.957617e+02  3.071208e+02  5.712366e+02 
 6.274732e-01  8.348386e+01  1.920360e+02  3.007554e+02  5.607526e+02 
 6.362198e-01  8.177434e+01  1.890149e+02  2.962743e+02  5.520133e+02 
 6.450884e-01  7.982620e+01  1.854678e+02  2.913337e+02  5.434287e+02 
 6.540806e-01  7.814117e+01  1.814255e+02  2.852115e+02  5.344290e+02 
 6.631981e-01  7.638323e+01  1.786136e+02  2.820776e+02  5.288626e+02 
 6.724427e-01  7.489665e+01  1.753944e+02  2.775676e+02  5.231300e+02 
 6.818162e-01  7.324764e+01  1.721293e+02  2.718688e+02  5.125670e+02 
 6.913204e-01  7.165169e+01  1.688814e+02  2.676268e+02  5.052810e+02 
 7.009570e-01  7.059619e+01  1.662656e+02  2.637605e+02  4.985236e+02 
 7.107280e-01  6.875992e+01  1.633465e+02  2.596245e+02  4.904808e+02 
 7.206351e-01  6.766057e+01  1.607514e+02  2.561212e+02  4.860259e+02 
 7.306804e-01  6.625405e+01  1.581820e+02  2.518789e+02  4.772113e+02 
 7.408657e-01  6.475660e+01  1.549752e+02  2.472670e+02  4.707148e+02 
 7.511929e-01  6.334852e+01  1.520565e+02  2.434341e+02  4.640098e+02 
 7.616642e-01  6.208954e+01  1.492306e+02  2.394106e+02  4.578444e+02 
 7.722814e-01  6.122775e+01  1.475880e+02  2.365576e+02  4.510514e+02 
 7.830465e-01  5.991167e+01  1.446641e+02  2.324173e+02  4.448432e+02 
 7.939618e-01  5.876480e+01  1.426628e+02  2.292384e+02  4.400022e+02 
 8.050292e-01  5.743444e+01  1.399368e+02  2.259694e+02  4.340357e+02 
 8.162509e-01  5.639955e+01  1.377941e+02  2.220728e+02  4.262026e+02 
 8.276289e-01  5.499975e+01  1.349666e+02  2.183212e+02  4.204948e+02 
 8.391656e-01  5.427491e+01  1.332830e+02  2.151676e+02  4.155623e+02 
 8.508632e-01  5.325509e+01  1.309129e+02  2.120334e+02  4.096938e+02 
 8.627237e-01  5.204759e+01  1.287148e+02  2.087209e+02  4.030103e+02 
 8.747496e-01  5.106194e+01  1.264540e+02  2.054781e+02  3.973734e+02 
 8.869432e-01  5.014324e+01  1.245438e+02  2.025481e+02  3.920772e+02 
 8.993067e-01  4.910006e+01  1.224680e+02  1.993410e+02  3.861727e+02 
 9.118425e-01  4.830090e+01  1.203003e+02  1.958745e+02  3.791437e+02 
 9.245531e-01  4.722121e+01  1.182024e+02  1.926813e+02  3.746268e+02 
 9.374409e-01  4.628793e+01  1.162960e+02  1.900545e+02  3.693572e+02 
 9.505083e-01  4.548646e+01  1.143879e+02  1.871655e+02  3.639392e+02 
 9.637579e-01  4.449203e+01  1.121172e+02  1.837471e+02  3.583633e+02 
 9.771921e-01  4.387490e+01  1.113513e+02  1.818709e+02  3.533826e+02 
 9.908137e-01  4.300210e+01  1.091963e+02  1.788340e+02  3.485253e+02 
 1.004625e+00  4.214547e+01  1.071245e+02  1.756337e+02  3.424311e+02 
 1.018629e+00  4.141850e+01  1.055616e+02  1.730720e+02  3.372570e+02 
 1.032828e+00  4.059709e+01  1.038223e+02  1.706782e+02  3.334439e+02 
 1.047225e+00  3.978079e+01  1.022509e+02  1.678756e+02  3.274658e+02 
 1.061823e+00  3.913600e+01  1.007965e+02  1.654744e+02  3.225636e+02 
 1.076624e+00  3.837929e+01  9.911612e+01  1.628905e+02  3.174928e+02 
 1.091632e+00  3.769945e+01  9.744440e+01  1.604403e+02  3.124509e+02 
 1.106848e+00  3.695204e+01  9.570751e+01  1.578481e+02  3.079526e+02 
 1.122277e+00  3.626877e+01  9.429034e+01  1.551829e+02  3.026399e+02 
 1.137921e+00  3.558463e+01  9.261767e+01  1.527203e+02  2.979181e+02 
 1.153783e+00  3.498104e+01  9.112103e+01  1.502927e+02  2.934139e+02 
 1.169866e+00  3.433955e+01  8.969416e+01  1.479253e+02  2.890505e+02 
 1.186174e+00  3.368543e+01  8.831415e+01  1.456222e+02  2.842040e+02 
 1.202708e+00  3.311171e+01  8.687575e+01  1.433632e+02  2.796385e+02 
 1.219473e+00  3.253192e+01  8.553042e+01  1.412022e+02  2.748106e+02 
 1.236472e+00  3.192919e+01  8.417780e+01  1.390557e+02  2.706054e+02 
 1.253708e+00  3.137894e+01  8.275974e+01  1.366310e+02  2.664043e+02 
 1.271184e+00  3.082996e+01  8.172499e+01  1.348751e+02  2.619598e+02 
 1.288904e+00  3.027601e+01  8.011452e+01  1.324027e+02  2.579413e+02 
 1.306870e+00  2.970457e+01  7.881409e+01  1.302496e+02  2.533975e+02 
 1.325087e+00  2.922919e+01  7.760312e+01  1.282067e+02  2.489277e+02 
 1.343558e+00  2.871138e+01  7.631991e+01  1.260978e+02  2.446828e+02 
 1.362287e+00  2.823693e+01  7.502852e+01  1.238667e+02  2.404781e+02 
 1.381276e+00  2.772932e+01  7.382150e+01  1.216286e+02  2.363041e+02 
 1.400531e+00  2.725759e+01  7.262086e+01  1.196980e+02  2.319171e+02 
 1.420053e+00  2.675612e+01  7.134764e+01  1.177471e+02  2.277731e+02 
 1.439848e+00  2.630467e+01  7.024216e+01  1.156582e+02  2.238018e+02 
 1.459919e+00  2.581350e+01  6.904577e+01  1.136688e+02  2.195669e+02 
 1.480269e+00  2.542307e+01  6.779058e+01  1.116077e+02  2.152713e+02 
 1.500903e+00  2.497222e+01  6.669480e+01  1.096391e+02  2.117192e+02 
 1.521825e+00  2.453324e+01  6.566553e+01  1.078617e+02  2.077481e+02 
 1.543038e+00  2.409701e+01  6.454762e+01  1.060655e+02  2.041130e+02 
 1.564548e+00  2.371903e+01  6.346525e+01  1.041735e+02  2.001549e+02 
 1.586357e+00  2.331760e+01  6.246090e+01  1.023733e+02  1.963744e+02 
 1.608469e+00  2.289703e+01  6.141809e+01  1.005859e+02  1.928622e+02 
 1.630891e+00  2.257352e+01  6.027214e+01  9.859508e+01  1.888945e+02 
 1.653624e+00  2.215720e+01  5.923886e+01  9.693563e+01  1.855658e+02 
 1.676675e+00  2.177757e+01  5.831782e+01  9.525747e+01  1.817923e+02 
 1.700047e+00  2.140034e+01  5.731370e+01  9.348855e+01  1.783036e+02 
 1.723745e+00  2.104969e+01  5.628211e+01  9.175252e+01  1.745493e+02 
 1.747773e+00  2.066790e+01  5.526634e+01  9.000565e+01  1.710480e+02 
 1.772136e+00  2.032029e+01  5.429858e+01  8.829149e+01  1.677442e+02 
 1.796838e+00  1.998414e+01  5.332890e+01  8.663858e+01  1.642941e+02 
 1.821885e+00  1.966599e+01  5.236720e+01  8.494981e+01  1.610124e+02 
 1.847281e+00  1.932455e+01  5.151154e+01  8.342701e+01  1.577117e+02 
 1.873032e+00  1.900283e+01  5.053901e+01  8.169187e+01  1.545134e+02 
 1.899141e+00  1.867235e+01  4.958630e+01  8.015483e+01  1.513229e+02 
 1.925614e+00  1.837205e+01  4.871958e+01  7.862194e+01  1.481007e+02 
 1.952456e+00  1.811023e+01  4.788255e+01  7.711957e+01  1.449863e+02 
 1.979672e+00  1.776852e+01  4.703973e+01  7.562720e+01  1.419690e+02 
 2.007267e+00  1.749489e+01  4.616424e+01  7.404840e+01  1.390337e+02 
 2.035248e+00  1.717940e+01  4.527705e+01  7.254893e+01  1.359708e+02 
 2.063618e+00  1.688921e+01  4.441029e+01  7.109079e+01  1.330123e+02 
 2.092383e+00  1.661002e+01  4.357564e+01  6.962071e+01  1.301417e+02 
 2.121550e+00  1.631845e+01  4.272805e+01  6.818378e+01  1.272384e+02 
 2.151123e+00  1.604650e+01  4.191477e+01  6.673825e+01  1.243696e+02 
 2.181109e+00  1.576961e+01  4.108628e+01  6.535995e+01  1.216670e+02 
 2.211512e+00  1.550112e+01  4.026272e+01  6.393647e+01  1.188305e+02 
 2.242340e+00  1.523906e+01  3.950563e+01  6.260535e+01  1.161858e+02 
 2.273597e+00  1.496268e+01  3.872017e+01  6.121391e+01  1.135311e+02 
 2.305289e+00  1.472386e+01  3.794499e+01  5.992622e+01  1.109722e+02 
 2.337424e+00  1.447100e+01  3.717447e+01  5.861814e+01  1.084483e+02 
 2.370006e+00  1.421915e+01  3.643051e+01  5.736315e+01  1.060356e+02 
 2.403043e+00  1.396337e+01  3.570250e+01  5.607866e+01  1.035579e+02 
 2.436540e+00  1.373246e+01  3.499237e+01  5.486442e+01  1.011587e+02 
 2.470504e+00  1.349571e+01  3.428906e+01  5.363975e+01  9.880255e+01 
 2.504942e+00  1.326349e+01  3.360392e+01  5.247547e+01  9.653094e+01 
 2.539859e+00  1.304261e+01  3.290016e+01  5.128487e+01  9.423850e+01 
 2.575263e+00  1.280400e+01  3.220321e+01  5.017212e+01  9.206491e+01 
 2.611161e+00  1.258775e+01  3.153045e+01  4.899957e+01  8.988279e+01 
 2.647559e+00  1.236569e+01  3.085858e+01  4.785749e+01  8.770047e+01 
 2.684465e+00  1.214661e+01  3.022151e+01  4.675421e+01  8.558662e+01 
 2.721885e+00  1.192032e+01  2.954347e+01  4.567507e+01  8.352597e+01 
 2.759826e+00  1.170701e+01  2.889041e+01  4.459063e+01  8.149841e+01 
 2.798297e+00  1.149391e+01  2.827195e+01  4.355544e+01  7.956049e+01 
 2.837304e+00  1.128654e+01  2.764786e+01  4.252467e+01  7.761799e+01 
 2.876854e+00  1.107855e+01  2.702914e+01  4.151554e+01  7.573361e+01 
 2.916956e+00  1.087730e+01  2.643909e+01  4.053128e+01  7.384735e+01 
 2.957617e+00  1.068163e+01  2.585861e+01  3.958260e+01  7.206108e+01 
 2.998844e+00  1.048438e+01  2.528815e+01  3.863688e+01  7.029110e+01 
 3.040646e+00  1.029203e+01  2.471920e+01  3.771313e+01  6.861239e+01 
 3.083031e+00  1.010306e+01  2.416160e+01  3.681307e+01  6.693533e+01 
 3.126007e+00  9.920056e+00  2.362667e+01  3.593262e+01  6.527941e+01 
 3.169582e+00  9.733990e+00  2.307899e+01  3.505015e+01  6.367623e+01 
 3.213764e+00  9.551475e+00  2.255324e+01  3.419932e+01  6.210190e+01 
 3.258562e+00  9.367446e+00  2.204058e+01  3.336398e+01  6.055622e+01 
 3.303985e+00  9.188322e+00  2.151909e+01  3.254226e+01  5.904603e+01 
 3.350041e+00  9.012879e+00  2.100945e+01  3.172851e+01  5.755754e+01 
 3.396739e+00  8.834471e+00  2.051619e+01  3.094786e+01  5.610009e+01 
 3.444087e+00  8.664000e+00  2.002268e+01  3.016025e+01  5.467606e+01 
 3.492096e+00  8.494633e+00  1.954994e+01  2.941559e+01  5.331324e+01 
 3.540774e+00  8.322381e+00  1.908765e+01  2.868373e+01  5.196499e+01 
 3.590130e+00  8.159417e+00  1.862577e+01  2.795711e+01  5.066134e+01 
 3.640175e+00  7.999676e+00  1.818122e+01  2.726485e+01  4.938101e+01 
 3.690917e+00  7.837498e+00  1.775129e+01  2.657391e+01  4.813543e+01 
 3.742366e+00  7.680445e+00  1.731595e+01  2.590891e+01  4.693967e+01 
 3.794533e+00  7.528268e+00  1.690534e+01  2.526251e+01  4.575599e+01 
 3.847427e+00  7.376375e+00  1.649299e+01  2.462778e+01  4.461686e+01 
 3.901058e+00  7.224041e+00  1.609663e+01  2.401160e+01  4.348794e+01 
 3.955436e+00  7.080024e+00  1.570256e+01  2.339644e+01  4.238059e+01 
 4.010573e+00  6.931397e+00  1.531601e+01  2.280771e+01  4.131213e+01 
 4.066478e+00  6.786906e+00  1.493445e+01  2.222144e+01  4.025077e+01 
 4.123163e+00  6.643011e+00  1.456699e+01  2.165032e+01  3.921640e+01 
 4.180637e+00  6.503631e+00  1.420417e+01  2.109550e+01  3.820423e+01 
 4.238913e+00  6.364576e+00  1.384485e+01  2.054847e+01  3.722513e+01 
 4.298001e+00  6.225282e+00  1.349691e+01  2.001955e+01  3.626368e+01 
 4.357913e+00  6.093974e+00  1.315574e+01  1.950333e+01  3.533581e+01 
 4.418660e+00  5.961224e+00  1.282730e+01  1.899810e+01  3.443058e+01 
 4.480254e+00  5.830431e+00  1.250215e+01  1.850712e+01  3.354603e+01 
 4.542706e+00  5.704511e+00  1.218443e+01  1.802752e+01  3.268286e+01 
 4.606029e+00  5.579405e+00  1.187998e+01  1.756585e+01  3.185300e+01 
 4.670234e+00  5.456745e+00  1.158034e+01  1.711820e+01  3.104277e+01 
 4.735335e+00  5.336965e+00  1.128954e+01  1.667782e+01  3.024854e+01 
 4.801343e+00  5.221035e+00  1.100708e+01  1.625072e+01  2.947355e+01 
 4.868271e+00  5.105101e+00  1.072796e+01  1.583185e+01  2.871738e+01 
 4.936132e+00  4.991101e+00  1.045440e+01  1.542243e+01  2.797886e+01 
 5.004939e+00  4.878447e+00  1.018808e+01  1.502189e+01  2.725370e+01 
 5.074705e+00  4.766733e+00  9.926148e+00  1.462844e+01  2.654757e+01 
 5.145444e+00  4.658576e+00  9.670577e+00  1.424630e+01  2.585831e+01 
 5.217169e+00  4.550759e+00  9.419881e+00  1.387137e+01  2.517692e+01 
 5.289893e+00  4.446854e+00  9.176786e+00  1.351059e+01  2.452199e+01 
 5.363631e+00  4.342652e+00  8.939248e+00  1.315303e+01  2.387942e+01 
 5.438397e+00  4.242103e+00  8.706904e+00  1.280794e+01  2.325188e+01 
 5.514206e+00  4.143129e+00  8.481314e+00  1.247243e+01  2.264503e+01 
 5.591071e+00  4.045390e+00  8.262571e+00  1.214489e+01  2.205408e+01 
 5.669007e+00  3.951878e+00  8.048414e+00  1.182871e+01  2.148063e+01 
 5.748030e+00  3.859282e+00  7.841476e+00  1.151946e+01  2.091931e+01 
 5.828155e+00  3.768953e+00  7.639927e+00  1.122015e+01  2.037540e+01 
 5.909396e+00  3.680719e+00  7.443411e+00  1.092850e+01  1.984771e+01 
 5.991770e+00  3.594072e+00  7.251323e+00  1.064349e+01  1.933173e+01 
 6.075292e+00  3.509545e+00  7.065185e+00  1.036672e+01  1.882679e+01 
 6.159978e+00  3.426254e+00  6.882410e+00  1.009589e+01  1.833468e+01 
 6.245845e+00  3.344399e+00  6.703690e+00  9.830929e+00  1.785123e+01 
 6.332908e+00  3.263834e+00  6.528208e+00  9.571076e+00  1.737792e+01 
 6.421186e+00  3.185460e+00  6.357708e+00  9.317415e+00  1.691628e+01 
 6.510694e+00  3.108101e+00  6.190914e+00  9.070930e+00  1.646635e+01 
 6.601449e+00  3.032992e+00  6.028948e+00  8.830579e+00  1.602795e+01 
 6.693470e+00  2.958964e+00  5.870270e+00  8.595425e+00  1.559973e+01 
 6.786773e+00  2.886850e+00  5.716601e+00  8.367173e+00  1.518371e+01 
 6.881377e+00  2.816822e+00  5.567027e+00  8.145629e+00  1.477801e+01 
 6.977300e+00  2.748291e+00  5.421909e+00  7.931315e+00  1.438515e+01 
 7.074559e+00  2.681821e+00  5.280503e+00  7.721470e+00  1.400239e+01 
 7.173175e+00  2.616648e+00  5.143527e+00  7.518604e+00  1.363147e+01 
 7.273165e+00  2.553483e+00  5.010511e+00  7.322001e+00  1.327027e+01 
 7.374549e+00  2.491716e+00  4.880742e+00  7.129697e+00  1.291954e+01 
 7.477346e+00  2.431287e+00  4.755020e+00  6.943959e+00  1.257786e+01 
 7.581576e+00  2.372663e+00  4.631574e+00  6.761611e+00  1.224415e+01 
 7.687260e+00  2.314939e+00  4.511575e+00  6.583753e+00  1.191873e+01 
 7.794416e+00  2.258428e+00  4.394159e+00  6.409215e+00  1.159942e+01 
 7.903066e+00  2.203193e+00  4.279011e+00  6.238712e+00  1.128683e+01 
 8.013230e+00  2.149130e+00  4.167382e+00  6.073857e+00  1.098278e+01 
 8.124930e+00  2.096213e+00  4.058330e+00  5.912238e+00  1.068593e+01 
 8.238187e+00  2.044804e+00  3.951881e+00  5.754451e+00  1.039711e+01 
 8.353023e+00  1.994504e+00  3.848563e+00  5.601516e+00  1.011574e+01 
 8.469460e+00  1.945633e+00  3.748143e+00  5.452831e+00  9.842364e+00 
 8.587519e+00  1.898060e+00  3.650390e+00  5.308157e+00  9.576829e+00 
 8.707225e+00  1.851775e+00  3.555298e+00  5.167838e+00  9.318856e+00 
 8.828599e+00  1.806798e+00  3.463563e+00  5.031557e+00  9.068072e+00 
 8.951665e+00  1.762958e+00  3.374367e+00  4.899342e+00  8.825365e+00 
 9.076446e+00  1.720464e+00  3.287776e+00  4.771332e+00  8.589824e+00 
 9.202967e+00  1.679111e+00  3.203556e+00  4.646863e+00  8.360355e+00 
 9.331251e+00  1.638789e+00  3.121529e+00  4.525410e+00  8.137221e+00 
 9.461324e+00  0.000000e+00  0.000000e+00  0.000000e+00  0.000000e+00 
 9.593209e+00  0.000000e+00  0.000000e+00  0.000000e+00  0.000000e+00 
 9.726934e+00  0.000000e+00  0.000000e+00  0.000000e+00  0.000000e+00 
 9.862522e+00  0.000000e+00  0.000000e+00  0.000000e+00  0.000000e+00 
 1.000000e+01  0.000000e+00  0.000000e+00  0.000000e+00  0.000000e+00 
