 1.000000e-02  5.409827e+03  1.003853e+04  1.373351e+04  2.084010e+04 
 1.013939e-02  5.439831e+03  1.009406e+04  1.380935e+04  2.095487e+04 
 1.028073e-02  5.469374e+03  1.014873e+04  1.388401e+04  2.106782e+04 
 1.042404e-02  5.498428e+03  1.020248e+04  1.395741e+04  2.117883e+04 
 1.056935e-02  5.526979e+03  1.025530e+04  1.402952e+04  2.128788e+04 
 1.071668e-02  5.555009e+03  1.030713e+04  1.410029e+04  2.139489e+04 
 1.086606e-02  5.582495e+03  1.035797e+04  1.416969e+04  2.149980e+04 
 1.101753e-02  5.609423e+03  1.040776e+04  1.423764e+04  2.160253e+04 
 1.117111e-02  5.635762e+03  1.045645e+04  1.430410e+04  2.170295e+04 
 1.132683e-02  5.661495e+03  1.050401e+04  1.436901e+04  2.180101e+04 
 1.148472e-02  5.686603e+03  1.055040e+04  1.443231e+04  2.189662e+04 
 1.164481e-02  5.711053e+03  1.059558e+04  1.449394e+04  2.198970e+04 
 1.180713e-02  5.734837e+03  1.063950e+04  1.455386e+04  2.208016e+04 
 1.197171e-02  5.757928e+03  1.068214e+04  1.461200e+04  2.216791e+04 
 1.213859e-02  5.780299e+03  1.072343e+04  1.466831e+04  2.225286e+04 
 1.230780e-02  5.801932e+03  1.076335e+04  1.472273e+04  2.233495e+04 
 1.247936e-02  5.822806e+03  1.080185e+04  1.477521e+04  2.241408e+04 
 1.265332e-02  5.842891e+03  1.083889e+04  1.482569e+04  2.249015e+04 
 1.282970e-02  5.862179e+03  1.087445e+04  1.487411e+04  2.256311e+04 
 1.300854e-02  5.880642e+03  1.090845e+04  1.492044e+04  2.263285e+04 
 1.318987e-02  5.898257e+03  1.094089e+04  1.496460e+04  2.269931e+04 
 1.337373e-02  5.915010e+03  1.097173e+04  1.500656e+04  2.276242e+04 
 1.356015e-02  5.930865e+03  1.100089e+04  1.504623e+04  2.282203e+04 
 1.374917e-02  5.945804e+03  1.102834e+04  1.508357e+04  2.287811e+04 
 1.394083e-02  5.959806e+03  1.105406e+04  1.511851e+04  2.293052e+04 
 1.413516e-02  5.972858e+03  1.107800e+04  1.515102e+04  2.297925e+04 
 1.433219e-02  5.984917e+03  1.110009e+04  1.518101e+04  2.302413e+04 
 1.453198e-02  5.995964e+03  1.112029e+04  1.520842e+04  2.306509e+04 
 1.473454e-02  6.005973e+03  1.113857e+04  1.523317e+04  2.310201e+04 
 1.493993e-02  6.014930e+03  1.115489e+04  1.525525e+04  2.313486e+04 
 1.514819e-02  6.022876e+03  1.116936e+04  1.527480e+04  2.316388e+04 
 1.535935e-02  6.029756e+03  1.118184e+04  1.529163e+04  2.318880e+04 
 1.557345e-02  6.035503e+03  1.119224e+04  1.530561e+04  2.320936e+04 
 1.579053e-02  6.040111e+03  1.120050e+04  1.531667e+04  2.322548e+04 
 1.601064e-02  6.043554e+03  1.120660e+04  1.532475e+04  2.323710e+04 
 1.623382e-02  6.045813e+03  1.121050e+04  1.532984e+04  2.324414e+04 
 1.646012e-02  6.046867e+03  1.121216e+04  1.533184e+04  2.324650e+04 
 1.668956e-02  6.046700e+03  1.121155e+04  1.533076e+04  2.324417e+04 
 1.692220e-02  6.045291e+03  1.120863e+04  1.532650e+04  2.323702e+04 
 1.715809e-02  6.042632e+03  1.120339e+04  1.531908e+04  2.322504e+04 
 1.739726e-02  6.038694e+03  1.119578e+04  1.530839e+04  2.320812e+04 
 1.763977e-02  6.033462e+03  1.118576e+04  1.529441e+04  2.318621e+04 
 1.788566e-02  6.026904e+03  1.117328e+04  1.527707e+04  2.315918e+04 
 1.813498e-02  6.019017e+03  1.115833e+04  1.525634e+04  2.312700e+04 
 1.838777e-02  6.009776e+03  1.114086e+04  1.523217e+04  2.308960e+04 
 1.864409e-02  5.999171e+03  1.112087e+04  1.520454e+04  2.304695e+04 
 1.890397e-02  5.987181e+03  1.109830e+04  1.517339e+04  2.299894e+04 
 1.916748e-02  5.973803e+03  1.107314e+04  1.513870e+04  2.294556e+04 
 1.943467e-02  5.959009e+03  1.104538e+04  1.510044e+04  2.288676e+04 
 1.970558e-02  5.942807e+03  1.101499e+04  1.505859e+04  2.282252e+04 
 1.998026e-02  5.925186e+03  1.098197e+04  1.501312e+04  2.275281e+04 
 2.025878e-02  5.906140e+03  1.094630e+04  1.496405e+04  2.267760e+04 
 2.054117e-02  5.885670e+03  1.090800e+04  1.491137e+04  2.259691e+04 
 2.082751e-02  5.863771e+03  1.086703e+04  1.485505e+04  2.251072e+04 
 2.111783e-02  5.840448e+03  1.082343e+04  1.479512e+04  2.241903e+04 
 2.141220e-02  5.815804e+03  1.077735e+04  1.473175e+04  2.232204e+04 
 2.171068e-02  5.790371e+03  1.072958e+04  1.466588e+04  2.222064e+04 
 2.201331e-02  5.763521e+03  1.067918e+04  1.459640e+04  2.211376e+04 
 2.232016e-02  5.735249e+03  1.062614e+04  1.452329e+04  2.200140e+04 
 2.263130e-02  5.705555e+03  1.057047e+04  1.444659e+04  2.188357e+04 
 2.294676e-02  5.674443e+03  1.051217e+04  1.436629e+04  2.176029e+04 
 2.326663e-02  5.641924e+03  1.045125e+04  1.428242e+04  2.163160e+04 
 2.359095e-02  5.608000e+03  1.038774e+04  1.419500e+04  2.149752e+04 
 2.391980e-02  5.572688e+03  1.032165e+04  1.410407e+04  2.135812e+04 
 2.425323e-02  5.536002e+03  1.025302e+04  1.400964e+04  2.121344e+04 
 2.459130e-02  5.497966e+03  1.018189e+04  1.391181e+04  2.106359e+04 
 2.493409e-02  5.458600e+03  1.010829e+04  1.381062e+04  2.090866e+04 
 2.528166e-02  5.417943e+03  1.003229e+04  1.370614e+04  2.074874e+04 
 2.563407e-02  5.376011e+03  9.953950e+03  1.359845e+04  2.058398e+04 
 2.599140e-02  5.332853e+03  9.873338e+03  1.348767e+04  2.041454e+04 
 2.635371e-02  5.288516e+03  9.790537e+03  1.337389e+04  2.024059e+04 
 2.672106e-02  5.243043e+03  9.705646e+03  1.325727e+04  2.006232e+04 
 2.709354e-02  5.196482e+03  9.618731e+03  1.313789e+04  1.987987e+04 
 2.747121e-02  5.148856e+03  9.529860e+03  1.301584e+04  1.969339e+04 
 2.785414e-02  5.100138e+03  9.438983e+03  1.289107e+04  1.950287e+04 
 2.824241e-02  5.050101e+03  9.345794e+03  1.276327e+04  1.930809e+04 
 2.863610e-02  4.999103e+03  9.250824e+03  1.263304e+04  1.910963e+04 
 2.903527e-02  4.947172e+03  9.154144e+03  1.250048e+04  1.890765e+04 
 2.944000e-02  4.894360e+03  9.055837e+03  1.236570e+04  1.870234e+04 
 2.985038e-02  4.840724e+03  8.955999e+03  1.222884e+04  1.849389e+04 
 3.026648e-02  4.786300e+03  8.854722e+03  1.209002e+04  1.828249e+04 
 3.068838e-02  4.731160e+03  8.752123e+03  1.194940e+04  1.806838e+04 
 3.111616e-02  4.675370e+03  8.648328e+03  1.180715e+04  1.785184e+04 
 3.154990e-02  4.619001e+03  8.543470e+03  1.166345e+04  1.763312e+04 
 3.198969e-02  4.562129e+03  8.437687e+03  1.151851e+04  1.741254e+04 
 3.243561e-02  4.504841e+03  8.331141e+03  1.137253e+04  1.719040e+04 
 3.288774e-02  4.447231e+03  8.224010e+03  1.122575e+04  1.696708e+04 
 3.334618e-02  4.389401e+03  8.116473e+03  1.107843e+04  1.674295e+04 
 3.381101e-02  4.331454e+03  8.008729e+03  1.093084e+04  1.651844e+04 
 3.428231e-02  4.273459e+03  7.900916e+03  1.078315e+04  1.629379e+04 
 3.476019e-02  4.215374e+03  7.793235e+03  1.063599e+04  1.607102e+04 
 3.524473e-02  4.157338e+03  7.685667e+03  1.048900e+04  1.584853e+04 
 3.573602e-02  4.099421e+03  7.578316e+03  1.034232e+04  1.562650e+04 
 3.623416e-02  4.041671e+03  7.471280e+03  1.019606e+04  1.540513e+04 
 3.673925e-02  3.984148e+03  7.364668e+03  1.005037e+04  1.518465e+04 
 3.725137e-02  3.926913e+03  7.258598e+03  9.905443e+03  1.496529e+04 
 3.777064e-02  3.870038e+03  7.153198e+03  9.761432e+03  1.474734e+04 
 3.829714e-02  3.813595e+03  7.048598e+03  9.618516e+03  1.453106e+04 
 3.883098e-02  3.757654e+03  6.944936e+03  9.476884e+03  1.431674e+04 
 3.937226e-02  3.702300e+03  6.842362e+03  9.336738e+03  1.410466e+04 
 3.992109e-02  3.647611e+03  6.741026e+03  9.198285e+03  1.389516e+04 
 4.047757e-02  3.593675e+03  6.641054e+03  9.061665e+03  1.368835e+04 
 4.104181e-02  3.540438e+03  6.541868e+03  8.925536e+03  1.348058e+04 
 4.161391e-02  3.488156e+03  6.444454e+03  8.791840e+03  1.327651e+04 
 4.219398e-02  3.436921e+03  6.348989e+03  8.660812e+03  1.307651e+04 
 4.278214e-02  3.386786e+03  6.255566e+03  8.532578e+03  1.288076e+04 
 4.337850e-02  3.337784e+03  6.164245e+03  8.407224e+03  1.268938e+04 
 4.398317e-02  3.289940e+03  6.075083e+03  8.284824e+03  1.250247e+04 
 4.459628e-02  3.243287e+03  5.988124e+03  8.165440e+03  1.232016e+04 
 4.521792e-02  3.197847e+03  5.903422e+03  8.049141e+03  1.214253e+04 
 4.584824e-02  3.153649e+03  5.821022e+03  7.935996e+03  1.196968e+04 
 4.648734e-02  3.110719e+03  5.740974e+03  7.826063e+03  1.180171e+04 
 4.713535e-02  3.069145e+03  5.664125e+03  7.721230e+03  1.164349e+04 
 4.779239e-02  3.028924e+03  5.590177e+03  7.620797e+03  1.149312e+04 
 4.845859e-02  2.990036e+03  5.518688e+03  7.523710e+03  1.134777e+04 
 4.913407e-02  2.952494e+03  5.449674e+03  7.429993e+03  1.120749e+04 
 4.981898e-02  2.916294e+03  5.383142e+03  7.339647e+03  1.107227e+04 
 5.051342e-02  2.881421e+03  5.319054e+03  7.252627e+03  1.094206e+04 
 5.121755e-02  2.847851e+03  5.257367e+03  7.168878e+03  1.081675e+04 
 5.193150e-02  2.815558e+03  5.198027e+03  7.088326e+03  1.069626e+04 
 5.265540e-02  2.784502e+03  5.140978e+03  7.010888e+03  1.058045e+04 
 5.338938e-02  2.754424e+03  5.085301e+03  6.934865e+03  1.046553e+04 
 5.413360e-02  2.725240e+03  5.030760e+03  6.859844e+03  1.035064e+04 
 5.488820e-02  2.697147e+03  4.978243e+03  6.787591e+03  1.023991e+04 
 5.565331e-02  2.670094e+03  4.927650e+03  6.717961e+03  1.013315e+04 
 5.642908e-02  2.643974e+03  4.878776e+03  6.650673e+03  1.002994e+04 
 5.721568e-02  2.618717e+03  4.831502e+03  6.585567e+03  9.930002e+03 
 5.801323e-02  2.594203e+03  4.785607e+03  6.522358e+03  9.832967e+03 
 5.882190e-02  2.570418e+03  4.741075e+03  6.461027e+03  9.738821e+03 
 5.964185e-02  2.547309e+03  4.698081e+03  6.402094e+03  9.649138e+03 
 6.047322e-02  2.525024e+03  4.657360e+03  6.347055e+03  9.567555e+03 
 6.131619e-02  2.503030e+03  4.617170e+03  6.292727e+03  9.486999e+03 
 6.217090e-02  2.481206e+03  4.577274e+03  6.238784e+03  9.406974e+03 
 6.303753e-02  2.459438e+03  4.537471e+03  6.184957e+03  9.327100e+03 
 6.391624e-02  2.437593e+03  4.497525e+03  6.130934e+03  9.246930e+03 
 6.480720e-02  2.415555e+03  4.457224e+03  6.076429e+03  9.166042e+03 
 6.571058e-02  2.393146e+03  4.416249e+03  6.021011e+03  9.083787e+03 
 6.662655e-02  2.369162e+03  4.370585e+03  5.957286e+03  8.983548e+03 
 6.755528e-02  2.344515e+03  4.323651e+03  5.891782e+03  8.880493e+03 
 6.849697e-02  2.319125e+03  4.275353e+03  5.824434e+03  8.774698e+03 
 6.945178e-02  2.292852e+03  4.225448e+03  5.754913e+03  8.665681e+03 
 7.041990e-02  2.265593e+03  4.173740e+03  5.682954e+03  8.553047e+03 
 7.140151e-02  2.237251e+03  4.120049e+03  5.608318e+03  8.436447e+03 
 7.239681e-02  2.207979e+03  4.064923e+03  5.532061e+03  8.318504e+03 
 7.340598e-02  2.177764e+03  4.008376e+03  5.454264e+03  8.199543e+03 
 7.442922e-02  2.146228e+03  3.949423e+03  5.373213e+03  8.075738e+03 
 7.546673e-02  2.113327e+03  3.887969e+03  5.288780e+03  7.946912e+03 
 7.651869e-02  2.079045e+03  3.823997e+03  5.200945e+03  7.813035e+03 
 7.758532e-02  2.043387e+03  3.757513e+03  5.109719e+03  7.674129e+03 
 7.866682e-02  2.007151e+03  3.691042e+03  5.019606e+03  7.539737e+03 
 7.976339e-02  1.970865e+03  3.626213e+03  4.933474e+03  7.415879e+03 
 8.087525e-02  1.933302e+03  3.558985e+03  4.844039e+03  7.286943e+03 
 8.200261e-02  1.894558e+03  3.489534e+03  4.751530e+03  7.153263e+03 
 8.314568e-02  1.854752e+03  3.418075e+03  4.656240e+03  7.015262e+03 
 8.430468e-02  1.814024e+03  3.344865e+03  4.558508e+03  6.873441e+03 
 8.547985e-02  1.771977e+03  3.268190e+03  4.455050e+03  6.720495e+03 
 8.667139e-02  1.729113e+03  3.189529e+03  4.348408e+03  6.561569e+03 
 8.787954e-02  1.685913e+03  3.110236e+03  4.240894e+03  6.401276e+03 
 8.910453e-02  1.642594e+03  3.030715e+03  4.133051e+03  6.240432e+03 
 9.034660e-02  1.599381e+03  2.951375e+03  4.025437e+03  6.079869e+03 
 9.160598e-02  1.557221e+03  2.874970e+03  3.922765e+03  5.929063e+03 
 9.288292e-02  1.516256e+03  2.801630e+03  3.825087e+03  5.787782e+03 
 9.417766e-02  1.476039e+03  2.729580e+03  3.729068e+03  5.648740e+03 
 9.549045e-02  1.436805e+03  2.659249e+03  3.635297e+03  5.512830e+03 
 9.682153e-02  1.398766e+03  2.591035e+03  3.544316e+03  5.380874e+03 
 9.817117e-02  1.362453e+03  2.526413e+03  3.458616e+03  5.257806e+03 
 9.953962e-02  1.327831e+03  2.464994e+03  3.377353e+03  5.141588e+03 
 1.009272e-01  1.294939e+03  2.406674e+03  3.300210e+03  5.031307e+03 
 1.023340e-01  1.263916e+03  2.351711e+03  3.227551e+03  4.927541e+03 
 1.037605e-01  1.234293e+03  2.298539e+03  3.156577e+03  4.824511e+03 
 1.052069e-01  1.204584e+03  2.242476e+03  3.079102e+03  4.705587e+03 
 1.066734e-01  1.177070e+03  2.190517e+03  3.007262e+03  4.595241e+03 
 1.081604e-01  1.151739e+03  2.142637e+03  2.941020e+03  4.493413e+03 
 1.096681e-01  1.128563e+03  2.098776e+03  2.880288e+03  4.399968e+03 
 1.111968e-01  1.107501e+03  2.058980e+03  2.825091e+03  4.314268e+03 
 1.127468e-01  1.088409e+03  2.022867e+03  2.774942e+03  4.236235e+03 
 1.143184e-01  1.071145e+03  1.990155e+03  2.729460e+03  4.165316e+03 
 1.159120e-01  1.055525e+03  1.960507e+03  2.688176e+03  4.100800e+03 
 1.175277e-01  1.041813e+03  1.934856e+03  2.652698e+03  4.045694e+03 
 1.191660e-01  1.029327e+03  1.911521e+03  2.620418e+03  3.995507e+03 
 1.208271e-01  1.017754e+03  1.889889e+03  2.590473e+03  3.948883e+03 
 1.225114e-01  1.006761e+03  1.869287e+03  2.561914e+03  3.904367e+03 
 1.242191e-01  9.955429e+02  1.847776e+03  2.531833e+03  3.857338e+03 
 1.259506e-01  9.843503e+02  1.826324e+03  2.501846e+03  3.810490e+03 
 1.277063e-01  9.728778e+02  1.804372e+03  2.471192e+03  3.762672e+03 
 1.294865e-01  9.610797e+02  1.781971e+03  2.439947e+03  3.713710e+03 
 1.312915e-01  9.487371e+02  1.758729e+03  2.407581e+03  3.662743e+03 
 1.331216e-01  9.353111e+02  1.733502e+03  2.372524e+03  3.607769e+03 
 1.349772e-01  9.206381e+02  1.706023e+03  2.334464e+03  3.548450e+03 
 1.368587e-01  9.056610e+02  1.679789e+03  2.300185e+03  3.500876e+03 
 1.387665e-01  8.891783e+02  1.650740e+03  2.262038e+03  3.447380e+03 
 1.407008e-01  8.711749e+02  1.618840e+03  2.219960e+03  3.387830e+03 
 1.426621e-01  8.527165e+02  1.586725e+03  2.177800e+03  3.327818e+03 
 1.446507e-01  8.332161e+02  1.552819e+03  2.133208e+03  3.263911e+03 
 1.466671e-01  8.125182e+02  1.516597e+03  2.085374e+03  3.194922e+03 
 1.487115e-01  7.893419e+02  1.474250e+03  2.028152e+03  3.110211e+03 
 1.507845e-01  7.645512e+02  1.427898e+03  1.964768e+03  3.015125e+03 
 1.528864e-01  7.395476e+02  1.381145e+03  1.900814e+03  2.919056e+03 
 1.550175e-01  7.165510e+02  1.340192e+03  1.846496e+03  2.841143e+03 
 1.571784e-01  6.952652e+02  1.303762e+03  1.799467e+03  2.776562e+03 
 1.593694e-01  6.746422e+02  1.268375e+03  1.753694e+03  2.713467e+03 
 1.615909e-01  6.555845e+02  1.236183e+03  1.712397e+03  2.656999e+03 
 1.638434e-01  6.380108e+02  1.206764e+03  1.674856e+03  2.605966e+03 
 1.661273e-01  6.218813e+02  1.179867e+03  1.640628e+03  2.559673e+03 
 1.684430e-01  6.044760e+02  1.147829e+03  1.597367e+03  2.496285e+03 
 1.707910e-01  5.885350e+02  1.118187e+03  1.557141e+03  2.437077e+03 
 1.731717e-01  5.747992e+02  1.092933e+03  1.523060e+03  2.387157e+03 
 1.755856e-01  5.642257e+02  1.074668e+03  1.499046e+03  2.352321e+03 
 1.780332e-01  5.552307e+02  1.059349e+03  1.479092e+03  2.323749e+03 
 1.805149e-01  5.458340e+02  1.041027e+03  1.453004e+03  2.281550e+03 
 1.830312e-01  5.365449e+02  1.021584e+03  1.424201e+03  2.232725e+03 
 1.855825e-01  5.281557e+02  1.004032e+03  1.398267e+03  2.188986e+03 
 1.881694e-01  5.204303e+02  9.887534e+02  1.376847e+03  2.155759e+03 
 1.907924e-01  5.128207e+02  9.737329e+02  1.355815e+03  2.123191e+03 
 1.934520e-01  5.044315e+02  9.570021e+02  1.332431e+03  2.087881e+03 
 1.961486e-01  4.952949e+02  9.388091e+02  1.307045e+03  2.049790e+03 
 1.988828e-01  4.864755e+02  9.220561e+02  1.284028e+03  2.015408e+03 
 2.016551e-01  4.783216e+02  9.077435e+02  1.264908e+03  1.987075e+03 
 2.044661e-01  4.689558e+02  8.909798e+02  1.242258e+03  1.953017e+03 
 2.073162e-01  4.580119e+02  8.702536e+02  1.213314e+03  1.907803e+03 
 2.102061e-01  4.460621e+02  8.476219e+02  1.181728e+03  1.858443e+03 
 2.131362e-01  4.370491e+02  8.349501e+02  1.167334e+03  1.841316e+03 
 2.161073e-01  4.275540e+02  8.214041e+02  1.151764e+03  1.822384e+03 
 2.191197e-01  4.153310e+02  8.006412e+02  1.125278e+03  1.787217e+03 
 2.221741e-01  4.025996e+02  7.783308e+02  1.096319e+03  1.748042e+03 
 2.252711e-01  3.907986e+02  7.583167e+02  1.070905e+03  1.714408e+03 
 2.284112e-01  3.798484e+02  7.399985e+02  1.047874e+03  1.684282e+03 
 2.315951e-01  3.700363e+02  7.229299e+02  1.025154e+03  1.650277e+03 
 2.348235e-01  3.613784e+02  7.077032e+02  1.004492e+03  1.618002e+03 
 2.380968e-01  3.518512e+02  6.892251e+02  9.785500e+02  1.577668e+03 
 2.414157e-01  3.430303e+02  6.717211e+02  9.538022e+02  1.539307e+03 
 2.447809e-01  3.345693e+02  6.549792e+02  9.303747e+02  1.502885e+03 
 2.481930e-01  3.270586e+02  6.401498e+02  9.096837e+02  1.470792e+03 
 2.516527e-01  3.227446e+02  6.324969e+02  8.990631e+02  1.453644e+03 
 2.551606e-01  3.179419e+02  6.234712e+02  8.864257e+02  1.433721e+03 
 2.587174e-01  3.105236e+02  6.079891e+02  8.643998e+02  1.400168e+03 
 2.623238e-01  3.044839e+02  5.963407e+02  8.483187e+02  1.376249e+03 
 2.659804e-01  2.997146e+02  5.884089e+02  8.380542e+02  1.361746e+03 
 2.696881e-01  2.930406e+02  5.760600e+02  8.213510e+02  1.336586e+03 
 2.734474e-01  2.854458e+02  5.617776e+02  8.019034e+02  1.307033e+03 
 2.772591e-01  2.795730e+02  5.523725e+02  7.904335e+02  1.293021e+03 
 2.811239e-01  2.729552e+02  5.410270e+02  7.760358e+02  1.275082e+03 
 2.850426e-01  2.657440e+02  5.278890e+02  7.588851e+02  1.253879e+03 
 2.890160e-01  2.588588e+02  5.164093e+02  7.442544e+02  1.233346e+03 
 2.930447e-01  2.522022e+02  5.050794e+02  7.292103e+02  1.210091e+03 
 2.971296e-01  2.458463e+02  4.928956e+02  7.110749e+02  1.178281e+03 
 3.012714e-01  2.400105e+02  4.827285e+02  6.975410e+02  1.157954e+03 
 3.054710e-01  2.344537e+02  4.732286e+02  6.854851e+02  1.141605e+03 
 3.097291e-01  2.281923e+02  4.613652e+02  6.695328e+02  1.119020e+03 
 3.140465e-01  2.227939e+02  4.503131e+02  6.534491e+02  1.092088e+03 
 3.184242e-01  2.182583e+02  4.410890e+02  6.399604e+02  1.069343e+03 
 3.228628e-01  2.147737e+02  4.350810e+02  6.322263e+02  1.059724e+03 
 3.273634e-01  2.100065e+02  4.252565e+02  6.179086e+02  1.036391e+03 
 3.319266e-01  2.051101e+02  4.155751e+02  6.044131e+02  1.015947e+03 
 3.365535e-01  2.003548e+02  4.070115e+02  5.934125e+02  1.001495e+03 
 3.412449e-01  1.969766e+02  4.027173e+02  5.885567e+02  9.938761e+02 
 3.460016e-01  1.931145e+02  3.965337e+02  5.806629e+02  9.828529e+02 
 3.508247e-01  1.891267e+02  3.894820e+02  5.712453e+02  9.689955e+02 
 3.557150e-01  1.850713e+02  3.819740e+02  5.610367e+02  9.531914e+02 
 3.606735e-01  1.802953e+02  3.734264e+02  5.497065e+02  9.370119e+02 
 3.657011e-01  1.746592e+02  3.626715e+02  5.347841e+02  9.156115e+02 
 3.707988e-01  1.700837e+02  3.537854e+02  5.224860e+02  8.969869e+02 
 3.759675e-01  1.660010e+02  3.458464e+02  5.114388e+02  8.800097e+02 
 3.812083e-01  1.620020e+02  3.384662e+02  5.013330e+02  8.647568e+02 
 3.865221e-01  1.587459e+02  3.335121e+02  4.955643e+02  8.553735e+02 
 3.919100e-01  1.555624e+02  3.260656e+02  4.839933e+02  8.388675e+02 
 3.973730e-01  1.519809e+02  3.200195e+02  4.765139e+02  8.270958e+02 
 4.029122e-01  1.491190e+02  3.156142e+02  4.705068e+02  8.159075e+02 
 4.085286e-01  1.462654e+02  3.094684e+02  4.615876e+02  8.030330e+02 
 4.142232e-01  1.426687e+02  3.020301e+02  4.515915e+02  7.905120e+02 
 4.199973e-01  1.389836e+02  2.955735e+02  4.433526e+02  7.784206e+02 
 4.258518e-01  1.359170e+02  2.898732e+02  4.352472e+02  7.642387e+02 
 4.317880e-01  1.326256e+02  2.834596e+02  4.256521e+02  7.491131e+02 
 4.378069e-01  1.297209e+02  2.776289e+02  4.172900e+02  7.351847e+02 
 4.439097e-01  1.273068e+02  2.737618e+02  4.124570e+02  7.300790e+02 
 4.500975e-01  1.237609e+02  2.670677e+02  4.032443e+02  7.161413e+02 
 4.563716e-01  1.208730e+02  2.610836e+02  3.945481e+02  7.003873e+02 
 4.627332e-01  1.190190e+02  2.585292e+02  3.918409e+02  6.981306e+02 
 4.691835e-01  1.160543e+02  2.526119e+02  3.833087e+02  6.835692e+02 
 4.757236e-01  1.139316e+02  2.484422e+02  3.776039e+02  6.749013e+02 
 4.823549e-01  1.109557e+02  2.423314e+02  3.688258e+02  6.628644e+02 
 4.890787e-01  1.085221e+02  2.375297e+02  3.622874e+02  6.524122e+02 
 4.958962e-01  1.066045e+02  2.338278e+02  3.565462e+02  6.416874e+02 
 5.028087e-01  1.040470e+02  2.293517e+02  3.504112e+02  6.325375e+02 
 5.098176e-01  1.019806e+02  2.255307e+02  3.449309e+02  6.215916e+02 
 5.169242e-01  1.001171e+02  2.219946e+02  3.400826e+02  6.151335e+02 
 5.241298e-01  9.679976e+01  2.161759e+02  3.327658e+02  6.060683e+02 
 5.314359e-01  9.507093e+01  2.135662e+02  3.292677e+02  6.002315e+02 
 5.388438e-01  9.309246e+01  2.090933e+02  3.224826e+02  5.897252e+02 
 5.463550e-01  9.140351e+01  2.057848e+02  3.175130e+02  5.812260e+02 
 5.539709e-01  8.889921e+01  2.012796e+02  3.117923e+02  5.721477e+02 
 5.616930e-01  8.724975e+01  1.980630e+02  3.071625e+02  5.650861e+02 
 5.695227e-01  8.541507e+01  1.949563e+02  3.033835e+02  5.573745e+02 
 5.774615e-01  8.342382e+01  1.903115e+02  2.963242e+02  5.470446e+02 
 5.855110e-01  8.185208e+01  1.874355e+02  2.918597e+02  5.392041e+02 
 5.936727e-01  7.994803e+01  1.829936e+02  2.856229e+02  5.296767e+02 
 6.019482e-01  7.852416e+01  1.808569e+02  2.821487e+02  5.232128e+02 
 6.103390e-01  7.661625e+01  1.775529e+02  2.778852e+02  5.157665e+02 
 6.188468e-01  7.487385e+01  1.744761e+02  2.750201e+02  5.137308e+02 
 6.274732e-01  7.358455e+01  1.712578e+02  2.693664e+02  5.043005e+02 
 6.362198e-01  7.202075e+01  1.685666e+02  2.654189e+02  4.963571e+02 
 6.450884e-01  7.026468e+01  1.653643e+02  2.609906e+02  4.887790e+02 
 6.540806e-01  6.877181e+01  1.617718e+02  2.554486e+02  4.804320e+02 
 6.631981e-01  6.716271e+01  1.591380e+02  2.526262e+02  4.755430e+02 
 6.724427e-01  6.583513e+01  1.562371e+02  2.484537e+02  4.703581e+02 
 6.818162e-01  6.434221e+01  1.534295e+02  2.434493e+02  4.608871e+02 
 6.913204e-01  6.290722e+01  1.504550e+02  2.396520e+02  4.543151e+02 
 7.009570e-01  6.198213e+01  1.481712e+02  2.362662e+02  4.483659e+02 
 7.107280e-01  6.031707e+01  1.455312e+02  2.326033e+02  4.411700e+02 
 7.206351e-01  5.935276e+01  1.432395e+02  2.294295e+02  4.372480e+02 
 7.306804e-01  5.808753e+01  1.410119e+02  2.258200e+02  4.296402e+02 
 7.408657e-01  5.676966e+01  1.381962e+02  2.217081e+02  4.238232e+02 
 7.511929e-01  5.553024e+01  1.355934e+02  2.183380e+02  4.182335e+02 
 7.616642e-01  5.444507e+01  1.331106e+02  2.147868e+02  4.125480e+02 
 7.722814e-01  5.366252e+01  1.317407e+02  2.124272e+02  4.068790e+02 
 7.830465e-01  5.251999e+01  1.291758e+02  2.087942e+02  4.015725e+02 
 7.939618e-01  5.148884e+01  1.274495e+02  2.060108e+02  3.974354e+02 
 8.050292e-01  5.033124e+01  1.249870e+02  2.031050e+02  3.921583e+02 
 8.162509e-01  4.939959e+01  1.231593e+02  1.997663e+02  3.851898e+02 
 8.276289e-01  4.816484e+01  1.206261e+02  1.964436e+02  3.802252e+02 
 8.391656e-01  4.750440e+01  1.192146e+02  1.936562e+02  3.760305e+02 
 8.508632e-01  4.662850e+01  1.170903e+02  1.909253e+02  3.709259e+02 
 8.627237e-01  4.554679e+01  1.151668e+02  1.880480e+02  3.648653e+02 
 8.747496e-01  4.468180e+01  1.131588e+02  1.851948e+02  3.601076e+02 
 8.869432e-01  4.386133e+01  1.114860e+02  1.826265e+02  3.554628e+02 
 8.993067e-01  4.293716e+01  1.096648e+02  1.798071e+02  3.503142e+02 
 9.118425e-01  4.223841e+01  1.077713e+02  1.767960e+02  3.441353e+02 
 9.245531e-01  4.127489e+01  1.059016e+02  1.739191e+02  3.401039e+02 
 9.374409e-01  4.044948e+01  1.041990e+02  1.716004e+02  3.356658e+02 
 9.505083e-01  3.973393e+01  1.025085e+02  1.691078e+02  3.307366e+02 
 9.637579e-01  3.885984e+01  1.004980e+02  1.660377e+02  3.259130e+02 
 9.771921e-01  3.827787e+01  9.986932e+01  1.644745e+02  3.215367e+02 
 9.908137e-01  3.750463e+01  9.794554e+01  1.617436e+02  3.173718e+02 
 1.004625e+00  3.675902e+01  9.610080e+01  1.589049e+02  3.118146e+02 
 1.018629e+00  3.610523e+01  9.471665e+01  1.566827e+02  3.073001e+02 
 1.032828e+00  3.537353e+01  9.314859e+01  1.545086e+02  3.039567e+02 
 1.047225e+00  3.463952e+01  9.178033e+01  1.520248e+02  2.986975e+02 
 1.061823e+00  3.405646e+01  9.049890e+01  1.499308e+02  2.943725e+02 
 1.076624e+00  3.339118e+01  8.900995e+01  1.476280e+02  2.899600e+02 
 1.091632e+00  3.280381e+01  8.754220e+01  1.455513e+02  2.855540e+02 
 1.106848e+00  3.213746e+01  8.597987e+01  1.432592e+02  2.814600e+02 
 1.122277e+00  3.152873e+01  8.476654e+01  1.409363e+02  2.769039e+02 
 1.137921e+00  3.092732e+01  8.326875e+01  1.387462e+02  2.727365e+02 
 1.153783e+00  3.040017e+01  8.197215e+01  1.366568e+02  2.689350e+02 
 1.169866e+00  2.983953e+01  8.075055e+01  1.345610e+02  2.651147e+02 
 1.186174e+00  2.926637e+01  7.954692e+01  1.325607e+02  2.609698e+02 
 1.202708e+00  2.876143e+01  7.827332e+01  1.306391e+02  2.569864e+02 
 1.219473e+00  2.825473e+01  7.710116e+01  1.287796e+02  2.527973e+02 
 1.236472e+00  2.772793e+01  7.591054e+01  1.269245e+02  2.491624e+02 
 1.253708e+00  2.724047e+01  7.467823e+01  1.248217e+02  2.454371e+02 
 1.271184e+00  2.675809e+01  7.378500e+01  1.233046e+02  2.415772e+02 
 1.288904e+00  2.627400e+01  7.235753e+01  1.210768e+02  2.381521e+02 
 1.306870e+00  2.577642e+01  7.121626e+01  1.192039e+02  2.342013e+02 
 1.325087e+00  2.535910e+01  7.015237e+01  1.174417e+02  2.301553e+02 
 1.343558e+00  2.490523e+01  6.903716e+01  1.155557e+02  2.265160e+02 
 1.362287e+00  2.449067e+01  6.792302e+01  1.136191e+02  2.228039e+02 
 1.381276e+00  2.403749e+01  6.685937e+01  1.116549e+02  2.191858e+02 
 1.400531e+00  2.362976e+01  6.580406e+01  1.099790e+02  2.152678e+02 
 1.420053e+00  2.319221e+01  6.467251e+01  1.083129e+02  2.116731e+02 
 1.439848e+00  2.279208e+01  6.372740e+01  1.064422e+02  2.082097e+02 
 1.459919e+00  2.236510e+01  6.267611e+01  1.047232e+02  2.044728e+02 
 1.480269e+00  2.203043e+01  6.157009e+01  1.029441e+02  2.006549e+02 
 1.500903e+00  2.163602e+01  6.062644e+01  1.011808e+02  1.976168e+02 
 1.521825e+00  2.124601e+01  5.971534e+01  9.964641e+01  1.940901e+02 
 1.543038e+00  2.086495e+01  5.871837e+01  9.807200e+01  1.908888e+02 
 1.564548e+00  2.053861e+01  5.777419e+01  9.639002e+01  1.873742e+02 
 1.586357e+00  2.018417e+01  5.690042e+01  9.481359e+01  1.839408e+02 
 1.608469e+00  1.981455e+01  5.597587e+01  9.322770e+01  1.808137e+02 
 1.630891e+00  1.953971e+01  5.496308e+01  9.147022e+01  1.772843e+02 
 1.653624e+00  1.917034e+01  5.403808e+01  9.000180e+01  1.742768e+02 
 1.676675e+00  1.883561e+01  5.324332e+01  8.852703e+01  1.709486e+02 
 1.700047e+00  1.850519e+01  5.235745e+01  8.694339e+01  1.677938e+02 
 1.723745e+00  1.820765e+01  5.145731e+01  8.541621e+01  1.644771e+02 
 1.747773e+00  1.787492e+01  5.056132e+01  8.385656e+01  1.613876e+02 
 1.772136e+00  1.756876e+01  4.970204e+01  8.235411e+01  1.584523e+02 
 1.796838e+00  1.727998e+01  4.884064e+01  8.091623e+01  1.553714e+02 
 1.821885e+00  1.700953e+01  4.800749e+01  7.941098e+01  1.524004e+02 
 1.847281e+00  1.671477e+01  4.726571e+01  7.806150e+01  1.494819e+02 
 1.873032e+00  1.643450e+01  4.641657e+01  7.649335e+01  1.466023e+02 
 1.899141e+00  1.615338e+01  4.556913e+01  7.515265e+01  1.437535e+02 
 1.925614e+00  1.589180e+01  4.480452e+01  7.380341e+01  1.408332e+02 
 1.952456e+00  1.566791e+01  4.407326e+01  7.247112e+01  1.380466e+02 
 1.979672e+00  1.536856e+01  4.333250e+01  7.114478e+01  1.353000e+02 
 2.007267e+00  1.513252e+01  4.256485e+01  6.967376e+01  1.326241e+02 
 2.035248e+00  1.485796e+01  4.176249e+01  6.834739e+01  1.298633e+02 
 2.063618e+00  1.460628e+01  4.098028e+01  6.704576e+01  1.271396e+02 
 2.092383e+00  1.436811e+01  4.024931e+01  6.570825e+01  1.245136e+02 
 2.121550e+00  1.411791e+01  3.949019e+01  6.443088e+01  1.218439e+02 
 2.151123e+00  1.388523e+01  3.877174e+01  6.312317e+01  1.192273e+02 
 2.181109e+00  1.364709e+01  3.803089e+01  6.187860e+01  1.167824e+02 
 2.211512e+00  1.341877e+01  3.729451e+01  6.058644e+01  1.140988e+02 
 2.242340e+00  1.319060e+01  3.662991e+01  5.937778e+01  1.117140e+02 
 2.273597e+00  1.295334e+01  3.592560e+01  5.811051e+01  1.093146e+02 
 2.305289e+00  1.275257e+01  3.524248e+01  5.693813e+01  1.069540e+02 
 2.337424e+00  1.253366e+01  3.454527e+01  5.575456e+01  1.046493e+02 
 2.370006e+00  1.231773e+01  3.387899e+01  5.460658e+01  1.023602e+02 
 2.403043e+00  1.209572e+01  3.322360e+01  5.343063e+01  1.000680e+02 
 2.436540e+00  1.189908e+01  3.258455e+01  5.231681e+01  9.783869e+01 
 2.470504e+00  1.169435e+01  3.195116e+01  5.117724e+01  9.565750e+01 
 2.504942e+00  1.149445e+01  3.133168e+01  5.009535e+01  9.350922e+01 
 2.539859e+00  1.130347e+01  3.069242e+01  4.899625e+01  9.136503e+01 
 2.575263e+00  1.109720e+01  3.005727e+01  4.795988e+01  8.932055e+01 
 2.611161e+00  1.091366e+01  2.944702e+01  4.687736e+01  8.726551e+01 
 2.647559e+00  1.072318e+01  2.883972e+01  4.581909e+01  8.521368e+01 
 2.684465e+00  1.053846e+01  2.826390e+01  4.479339e+01  8.322288e+01 
 2.721885e+00  1.034414e+01  2.764692e+01  4.379142e+01  8.127528e+01 
 2.759826e+00  1.016271e+01  2.704653e+01  4.278655e+01  7.937956e+01 
 2.798297e+00  9.979308e+00  2.649353e+01  4.181086e+01  7.753598e+01 
 2.837304e+00  9.802301e+00  2.592174e+01  4.085074e+01  7.567888e+01 
 2.876854e+00  9.625112e+00  2.535956e+01  3.989997e+01  7.389894e+01 
 2.916956e+00  9.453365e+00  2.482161e+01  3.898049e+01  7.212269e+01 
 2.957617e+00  9.286597e+00  2.428700e+01  3.808936e+01  7.040296e+01 
 2.998844e+00  9.118140e+00  2.376491e+01  3.719534e+01  6.871748e+01 
 3.040646e+00  8.952671e+00  2.323650e+01  3.632558e+01  6.711155e+01 
 3.083031e+00  8.790453e+00  2.272324e+01  3.547102e+01  6.549351e+01 
 3.126007e+00  8.633843e+00  2.222339e+01  3.463196e+01  6.389584e+01 
 3.169582e+00  8.472901e+00  2.171646e+01  3.379237e+01  6.233938e+01 
 3.213764e+00  8.315680e+00  2.122873e+01  3.297943e+01  6.082195e+01 
 3.258562e+00  8.158198e+00  2.075310e+01  3.218399e+01  5.932419e+01 
 3.303985e+00  8.005168e+00  2.026879e+01  3.139688e+01  5.786000e+01 
 3.350041e+00  7.855956e+00  1.979440e+01  3.061804e+01  5.641993e+01 
 3.396739e+00  7.703321e+00  1.933410e+01  2.987129e+01  5.499005e+01 
 3.444087e+00  7.556746e+00  1.887705e+01  2.911847e+01  5.362378e+01 
 3.492096e+00  7.412880e+00  1.843834e+01  2.839843e+01  5.229263e+01 
 3.540774e+00  7.265192e+00  1.800332e+01  2.769898e+01  5.098734e+01 
 3.590130e+00  7.125290e+00  1.757123e+01  2.700141e+01  4.971241e+01 
 3.640175e+00  6.989009e+00  1.715414e+01  2.633710e+01  4.846031e+01 
 3.690917e+00  6.849485e+00  1.675544e+01  2.566540e+01  4.724678e+01 
 3.742366e+00  6.713804e+00  1.634520e+01  2.502556e+01  4.607261e+01 
 3.794533e+00  6.584144e+00  1.595681e+01  2.439713e+01  4.491134e+01 
 3.847427e+00  6.452567e+00  1.556783e+01  2.378051e+01  4.378698e+01 
 3.901058e+00  6.321124e+00  1.519118e+01  2.318101e+01  4.267244e+01 
 3.955436e+00  6.196409e+00  1.481843e+01  2.258061e+01  4.158148e+01 
 4.010573e+00  6.068950e+00  1.445332e+01  2.200788e+01  4.052704e+01 
 4.066478e+00  5.943667e+00  1.409035e+01  2.143809e+01  3.948088e+01 
 4.123163e+00  5.819072e+00  1.374254e+01  2.088221e+01  3.845781e+01 
 4.180637e+00  5.699602e+00  1.340086e+01  2.034344e+01  3.745902e+01 
 4.238913e+00  5.579521e+00  1.306174e+01  1.980943e+01  3.649378e+01 
 4.298001e+00  5.459299e+00  1.273176e+01  1.929587e+01  3.554505e+01 
 4.357913e+00  5.347044e+00  1.240834e+01  1.879848e+01  3.463301e+01 
 4.418660e+00  5.231702e+00  1.209829e+01  1.830315e+01  3.374374e+01 
 4.480254e+00  5.119853e+00  1.179011e+01  1.782798e+01  3.286870e+01 
 4.542706e+00  5.011091e+00  1.149023e+01  1.736226e+01  3.201729e+01 
 4.606029e+00  4.903256e+00  1.120195e+01  1.691150e+01  3.119756e+01 
 4.670234e+00  4.797120e+00  1.091741e+01  1.647528e+01  3.039596e+01 
 4.735335e+00  4.693657e+00  1.064128e+01  1.604519e+01  2.961170e+01 
 4.801343e+00  4.592776e+00  1.037233e+01  1.562911e+01  2.884334e+01 
 4.868271e+00  4.491670e+00  1.010661e+01  1.521997e+01  2.809376e+01 
 4.936132e+00  4.392527e+00  9.846209e+00  1.481873e+01  2.736004e+01 
 5.004939e+00  4.294305e+00  9.592242e+00  1.442885e+01  2.664370e+01 
 5.074705e+00  4.197674e+00  9.343231e+00  1.404527e+01  2.594266e+01 
 5.145444e+00  4.103501e+00  9.100271e+00  1.367533e+01  2.525921e+01 
 5.217169e+00  4.009915e+00  8.863052e+00  1.330910e+01  2.459074e+01 
 5.289893e+00  3.920062e+00  8.632894e+00  1.296014e+01  2.394518e+01 
 5.363631e+00  3.829397e+00  8.407974e+00  1.261343e+01  2.331388e+01 
 5.438397e+00  3.742454e+00  8.188245e+00  1.228070e+01  2.269671e+01 
 5.514206e+00  3.656749e+00  7.975522e+00  1.195577e+01  2.209956e+01 
 5.591071e+00  3.571999e+00  7.768573e+00  1.164036e+01  2.151928e+01 
 5.669007e+00  3.490813e+00  7.567512e+00  1.133418e+01  2.095820e+01 
 5.748030e+00  3.410503e+00  7.371794e+00  1.103526e+01  2.040665e+01 
 5.828155e+00  3.331911e+00  7.181212e+00  1.074645e+01  1.987149e+01 
 5.909396e+00  3.254949e+00  6.995941e+00  1.046476e+01  1.935391e+01 
 5.991770e+00  3.179402e+00  6.814681e+00  1.018824e+01  1.884897e+01 
 6.075292e+00  3.105427e+00  6.638467e+00  9.920302e+00  1.834996e+01 
 6.159978e+00  3.032394e+00  6.464873e+00  9.659049e+00  1.786547e+01 
 6.245845e+00  2.961002e+00  6.295730e+00  9.403768e+00  1.739174e+01 
 6.332908e+00  2.890619e+00  6.130584e+00  9.152903e+00  1.692657e+01 
 6.421186e+00  2.822157e+00  5.970077e+00  8.909135e+00  1.647520e+01 
 6.510694e+00  2.754741e+00  5.813366e+00  8.672438e+00  1.603681e+01 
 6.601449e+00  2.689309e+00  5.661359e+00  8.442168e+00  1.560842e+01 
 6.693470e+00  2.624789e+00  5.512721e+00  8.217588e+00  1.519164e+01 
 6.786773e+00  2.562164e+00  5.368615e+00  7.999629e+00  1.478830e+01 
 6.881377e+00  2.501355e+00  5.229213e+00  7.787671e+00  1.439363e+01 
 6.977300e+00  2.441773e+00  5.093490e+00  7.583464e+00  1.401139e+01 
 7.074559e+00  2.383918e+00  4.962295e+00  7.383157e+00  1.363968e+01 
 7.173175e+00  2.327123e+00  4.833428e+00  7.189581e+00  1.327880e+01 
 7.273165e+00  2.272108e+00  4.708930e+00  7.002079e+00  1.292853e+01 
 7.374549e+00  2.218167e+00  4.587848e+00  6.818533e+00  1.258795e+01 
 7.477346e+00  2.165260e+00  4.469893e+00  6.640658e+00  1.225423e+01 
 7.581576e+00  2.113759e+00  4.354174e+00  6.465972e+00  1.192889e+01 
 7.687260e+00  2.063013e+00  4.241583e+00  6.295588e+00  1.161102e+01 
 7.794416e+00  2.013518e+00  4.131543e+00  6.128590e+00  1.129953e+01 
 7.903066e+00  1.965090e+00  4.023567e+00  5.965753e+00  1.099521e+01 
 8.013230e+00  1.917674e+00  3.919269e+00  5.808134e+00  1.069944e+01 
 8.124930e+00  1.871407e+00  3.817172e+00  5.654269e+00  1.041062e+01 
 8.238187e+00  1.826430e+00  3.717898e+00  5.503927e+00  1.012978e+01 
 8.353023e+00  1.782489e+00  3.621469e+00  5.358301e+00  9.856557e+00 
 8.469460e+00  1.739827e+00  3.527964e+00  5.216833e+00  9.591270e+00 
 8.587519e+00  1.698268e+00  3.436898e+00  5.079175e+00  9.333535e+00 
 8.707225e+00  1.657793e+00  3.348438e+00  4.945746e+00  9.083626e+00 
 8.828599e+00  1.618475e+00  3.262766e+00  4.816371e+00  8.840123e+00 
 8.951665e+00  1.580153e+00  3.179567e+00  4.690235e+00  8.604609e+00 
 9.076446e+00  1.542944e+00  3.098597e+00  4.568082e+00  8.375396e+00 
 9.202967e+00  1.506579e+00  3.019825e+00  4.449462e+00  8.152134e+00 
 9.331251e+00  1.471043e+00  2.942931e+00  4.333268e+00  7.934555e+00 
 9.461324e+00  0.000000e+00  0.000000e+00  0.000000e+00  0.000000e+00 
 9.593209e+00  0.000000e+00  0.000000e+00  0.000000e+00  0.000000e+00 
 9.726934e+00  0.000000e+00  0.000000e+00  0.000000e+00  0.000000e+00 
 9.862522e+00  0.000000e+00  0.000000e+00  0.000000e+00  0.000000e+00 
 1.000000e+01  0.000000e+00  0.000000e+00  0.000000e+00  0.000000e+00 
