 1.000000e-02  6.123536e+03  1.133604e+04  1.546063e+04  2.329258e+04 
 1.013939e-02  6.154715e+03  1.139357e+04  1.553893e+04  2.341008e+04 
 1.028073e-02  6.185340e+03  1.145007e+04  1.561581e+04  2.352545e+04 
 1.042404e-02  6.215387e+03  1.150550e+04  1.569123e+04  2.363860e+04 
 1.056935e-02  6.244844e+03  1.155982e+04  1.576513e+04  2.374942e+04 
 1.071668e-02  6.273686e+03  1.161300e+04  1.583746e+04  2.385787e+04 
 1.086606e-02  6.301893e+03  1.166501e+04  1.590818e+04  2.396389e+04 
 1.101753e-02  6.329441e+03  1.171578e+04  1.597722e+04  2.406736e+04 
 1.117111e-02  6.356306e+03  1.176528e+04  1.604453e+04  2.416819e+04 
 1.132683e-02  6.382466e+03  1.181347e+04  1.611004e+04  2.426631e+04 
 1.148472e-02  6.407901e+03  1.186031e+04  1.617370e+04  2.436163e+04 
 1.164481e-02  6.432587e+03  1.190576e+04  1.623545e+04  2.445405e+04 
 1.180713e-02  6.456501e+03  1.194977e+04  1.629523e+04  2.454351e+04 
 1.197171e-02  6.479621e+03  1.199231e+04  1.635301e+04  2.462990e+04 
 1.213859e-02  6.501925e+03  1.203332e+04  1.640869e+04  2.471314e+04 
 1.230780e-02  6.523393e+03  1.207279e+04  1.646227e+04  2.479317e+04 
 1.247936e-02  6.544004e+03  1.211066e+04  1.651366e+04  2.486990e+04 
 1.265332e-02  6.563732e+03  1.214690e+04  1.656280e+04  2.494325e+04 
 1.282970e-02  6.582564e+03  1.218146e+04  1.660967e+04  2.501313e+04 
 1.300854e-02  6.600477e+03  1.221431e+04  1.665420e+04  2.507949e+04 
 1.318987e-02  6.617451e+03  1.224542e+04  1.669634e+04  2.514223e+04 
 1.337373e-02  6.633462e+03  1.227474e+04  1.673604e+04  2.520126e+04 
 1.356015e-02  6.648489e+03  1.230224e+04  1.677324e+04  2.525653e+04 
 1.374917e-02  6.662502e+03  1.232784e+04  1.680787e+04  2.530790e+04 
 1.394083e-02  6.675482e+03  1.235154e+04  1.683987e+04  2.535529e+04 
 1.413516e-02  6.687399e+03  1.237326e+04  1.686918e+04  2.539861e+04 
 1.433219e-02  6.698233e+03  1.239296e+04  1.689573e+04  2.543778e+04 
 1.453198e-02  6.707962e+03  1.241061e+04  1.691949e+04  2.547270e+04 
 1.473454e-02  6.716557e+03  1.242617e+04  1.694036e+04  2.550329e+04 
 1.493993e-02  6.724007e+03  1.243959e+04  1.695834e+04  2.552948e+04 
 1.514819e-02  6.730302e+03  1.245090e+04  1.697343e+04  2.555134e+04 
 1.535935e-02  6.735420e+03  1.246002e+04  1.698556e+04  2.556873e+04 
 1.557345e-02  6.739318e+03  1.246689e+04  1.699460e+04  2.558147e+04 
 1.579053e-02  6.741990e+03  1.247148e+04  1.700053e+04  2.558950e+04 
 1.601064e-02  6.743416e+03  1.247376e+04  1.700330e+04  2.559277e+04 
 1.623382e-02  6.743578e+03  1.247370e+04  1.700288e+04  2.559120e+04 
 1.646012e-02  6.742465e+03  1.247128e+04  1.699923e+04  2.558477e+04 
 1.668956e-02  6.740063e+03  1.246646e+04  1.699231e+04  2.557340e+04 
 1.692220e-02  6.736353e+03  1.245921e+04  1.698208e+04  2.555703e+04 
 1.715809e-02  6.731305e+03  1.244949e+04  1.696846e+04  2.553556e+04 
 1.739726e-02  6.724911e+03  1.243728e+04  1.695145e+04  2.550893e+04 
 1.763977e-02  6.717151e+03  1.242252e+04  1.693097e+04  2.547710e+04 
 1.788566e-02  6.708011e+03  1.240521e+04  1.690700e+04  2.543999e+04 
 1.813498e-02  6.697473e+03  1.238532e+04  1.687950e+04  2.539753e+04 
 1.838777e-02  6.685526e+03  1.236280e+04  1.684842e+04  2.534971e+04 
 1.864409e-02  6.672157e+03  1.233766e+04  1.681376e+04  2.529646e+04 
 1.890397e-02  6.657359e+03  1.230987e+04  1.677548e+04  2.523776e+04 
 1.916748e-02  6.641124e+03  1.227942e+04  1.673358e+04  2.517359e+04 
 1.943467e-02  6.623448e+03  1.224629e+04  1.668803e+04  2.510393e+04 
 1.970558e-02  6.604325e+03  1.221048e+04  1.663881e+04  2.502874e+04 
 1.998026e-02  6.583757e+03  1.217201e+04  1.658596e+04  2.494804e+04 
 2.025878e-02  6.561752e+03  1.213086e+04  1.652947e+04  2.486189e+04 
 2.054117e-02  6.538313e+03  1.208707e+04  1.646935e+04  2.477027e+04 
 2.082751e-02  6.513446e+03  1.204063e+04  1.640564e+04  2.467321e+04 
 2.111783e-02  6.487159e+03  1.199157e+04  1.633834e+04  2.457075e+04 
 2.141220e-02  6.459542e+03  1.193999e+04  1.626757e+04  2.446296e+04 
 2.171068e-02  6.431092e+03  1.188661e+04  1.619406e+04  2.435033e+04 
 2.201331e-02  6.401223e+03  1.183060e+04  1.611697e+04  2.423230e+04 
 2.232016e-02  6.369936e+03  1.177196e+04  1.603631e+04  2.410888e+04 
 2.263130e-02  6.337235e+03  1.171071e+04  1.595207e+04  2.398007e+04 
 2.294676e-02  6.303133e+03  1.164686e+04  1.586430e+04  2.384594e+04 
 2.326663e-02  6.267641e+03  1.158044e+04  1.577302e+04  2.370653e+04 
 2.359095e-02  6.230775e+03  1.151148e+04  1.567827e+04  2.356192e+04 
 2.391980e-02  6.192553e+03  1.144002e+04  1.558011e+04  2.341216e+04 
 2.425323e-02  6.153002e+03  1.136610e+04  1.547860e+04  2.325735e+04 
 2.459130e-02  6.112149e+03  1.128977e+04  1.537383e+04  2.309763e+04 
 2.493409e-02  6.070026e+03  1.121110e+04  1.526585e+04  2.293312e+04 
 2.528166e-02  6.026673e+03  1.113015e+04  1.515478e+04  2.276395e+04 
 2.563407e-02  5.982130e+03  1.104701e+04  1.504073e+04  2.259029e+04 
 2.599140e-02  5.936447e+03  1.096177e+04  1.492380e+04  2.241234e+04 
 2.635371e-02  5.889678e+03  1.087453e+04  1.480415e+04  2.223029e+04 
 2.672106e-02  5.841855e+03  1.078533e+04  1.468187e+04  2.204428e+04 
 2.709354e-02  5.793004e+03  1.069425e+04  1.455701e+04  2.185441e+04 
 2.747121e-02  5.743155e+03  1.060133e+04  1.442964e+04  2.166080e+04 
 2.785414e-02  5.692268e+03  1.050652e+04  1.429973e+04  2.146344e+04 
 2.824241e-02  5.640087e+03  1.040944e+04  1.416686e+04  2.126191e+04 
 2.863610e-02  5.587021e+03  1.031074e+04  1.403178e+04  2.105708e+04 
 2.903527e-02  5.533118e+03  1.021050e+04  1.389460e+04  2.084912e+04 
 2.944000e-02  5.478429e+03  1.010882e+04  1.375547e+04  2.063825e+04 
 2.985038e-02  5.423009e+03  1.000578e+04  1.361452e+04  2.042465e+04 
 3.026648e-02  5.366919e+03  9.901522e+03  1.347189e+04  2.020858e+04 
 3.068838e-02  5.310228e+03  9.796163e+03  1.332779e+04  1.999029e+04 
 3.111616e-02  5.253014e+03  9.689848e+03  1.318238e+04  1.977009e+04 
 3.154990e-02  5.195353e+03  9.582716e+03  1.303588e+04  1.954824e+04 
 3.198969e-02  5.137336e+03  9.474933e+03  1.288849e+04  1.932511e+04 
 3.243561e-02  5.079060e+03  9.366676e+03  1.274048e+04  1.910104e+04 
 3.288774e-02  5.020622e+03  9.258133e+03  1.259207e+04  1.887642e+04 
 3.334618e-02  4.962118e+03  9.149472e+03  1.244351e+04  1.865158e+04 
 3.381101e-02  4.903601e+03  9.040792e+03  1.229493e+04  1.842674e+04 
 3.428231e-02  4.845109e+03  8.932174e+03  1.214644e+04  1.820205e+04 
 3.476019e-02  4.786486e+03  8.823677e+03  1.199853e+04  1.797944e+04 
 3.524473e-02  4.727984e+03  8.715416e+03  1.185096e+04  1.775739e+04 
 3.573602e-02  4.669669e+03  8.607503e+03  1.170386e+04  1.753606e+04 
 3.623416e-02  4.611587e+03  8.500029e+03  1.155737e+04  1.731566e+04 
 3.673925e-02  4.553805e+03  8.393111e+03  1.141163e+04  1.709641e+04 
 3.725137e-02  4.496380e+03  8.286860e+03  1.126681e+04  1.687855e+04 
 3.777064e-02  4.439385e+03  8.181407e+03  1.112309e+04  1.666235e+04 
 3.829714e-02  4.382888e+03  8.076878e+03  1.098062e+04  1.644807e+04 
 3.883098e-02  4.326964e+03  7.973413e+03  1.083960e+04  1.623596e+04 
 3.937226e-02  4.271690e+03  7.871153e+03  1.070023e+04  1.602635e+04 
 3.992109e-02  4.217150e+03  7.770247e+03  1.056270e+04  1.581952e+04 
 4.047757e-02  4.163421e+03  7.670801e+03  1.042713e+04  1.561549e+04 
 4.104181e-02  4.110306e+03  7.571764e+03  1.029131e+04  1.540889e+04 
 4.161391e-02  4.058162e+03  7.474524e+03  1.015795e+04  1.520599e+04 
 4.219398e-02  4.007005e+03  7.379115e+03  1.002708e+04  1.500688e+04 
 4.278214e-02  3.956856e+03  7.285579e+03  9.898771e+03  1.481163e+04 
 4.337850e-02  3.907737e+03  7.193954e+03  9.773073e+03  1.462033e+04 
 4.398317e-02  3.859667e+03  7.104269e+03  9.650028e+03  1.443303e+04 
 4.459628e-02  3.812662e+03  7.016560e+03  9.529678e+03  1.424981e+04 
 4.521792e-02  3.766740e+03  6.930860e+03  9.412064e+03  1.407071e+04 
 4.584824e-02  3.721907e+03  6.847178e+03  9.297211e+03  1.389577e+04 
 4.648734e-02  3.678181e+03  6.765541e+03  9.185147e+03  1.372503e+04 
 4.713535e-02  3.635800e+03  6.687304e+03  9.078661e+03  1.356524e+04 
 4.779239e-02  3.594672e+03  6.611928e+03  8.976636e+03  1.341367e+04 
 4.845859e-02  3.554643e+03  6.538567e+03  8.877343e+03  1.326616e+04 
 4.913407e-02  3.515685e+03  6.467173e+03  8.780717e+03  1.312265e+04 
 4.981898e-02  3.477763e+03  6.397684e+03  8.686671e+03  1.298297e+04 
 5.051342e-02  3.440840e+03  6.330031e+03  8.595118e+03  1.284700e+04 
 5.121755e-02  3.404874e+03  6.264137e+03  8.505951e+03  1.271459e+04 
 5.193150e-02  3.369813e+03  6.199906e+03  8.419036e+03  1.258556e+04 
 5.265540e-02  3.335600e+03  6.137228e+03  8.334227e+03  1.245965e+04 
 5.338938e-02  3.301877e+03  6.074916e+03  8.249364e+03  1.233219e+04 
 5.413360e-02  3.268526e+03  6.012649e+03  8.163897e+03  1.220208e+04 
 5.488820e-02  3.235795e+03  5.951528e+03  8.079995e+03  1.207432e+04 
 5.565331e-02  3.203624e+03  5.891439e+03  7.997501e+03  1.194868e+04 
 5.642908e-02  3.171850e+03  5.832082e+03  7.916004e+03  1.182451e+04 
 5.721568e-02  3.140420e+03  5.773361e+03  7.835367e+03  1.170166e+04 
 5.801323e-02  3.109158e+03  5.714980e+03  7.755225e+03  1.157963e+04 
 5.882190e-02  3.078182e+03  5.657166e+03  7.675899e+03  1.145893e+04 
 5.964185e-02  3.047427e+03  5.600205e+03  7.598198e+03  1.134192e+04 
 6.047322e-02  3.017327e+03  5.545596e+03  7.524870e+03  1.123462e+04 
 6.131619e-02  2.986867e+03  5.490288e+03  7.450555e+03  1.112575e+04 
 6.217090e-02  2.956087e+03  5.434369e+03  7.375382e+03  1.101552e+04 
 6.303753e-02  2.924809e+03  5.377525e+03  7.298953e+03  1.090341e+04 
 6.391624e-02  2.892988e+03  5.319688e+03  7.221183e+03  1.078932e+04 
 6.480720e-02  2.860466e+03  5.260567e+03  7.141681e+03  1.067266e+04 
 6.571058e-02  2.827148e+03  5.199985e+03  7.060196e+03  1.055304e+04 
 6.662655e-02  2.791600e+03  5.133107e+03  6.967842e+03  1.041076e+04 
 6.755528e-02  2.755056e+03  5.064346e+03  6.872883e+03  1.026446e+04 
 6.849697e-02  2.717488e+03  4.993734e+03  6.775435e+03  1.011451e+04 
 6.945178e-02  2.678832e+03  4.921143e+03  6.675342e+03  9.960711e+03 
 7.041990e-02  2.639059e+03  4.846531e+03  6.572538e+03  9.802966e+03 
 7.140151e-02  2.598141e+03  4.769846e+03  6.466954e+03  9.641180e+03 
 7.239681e-02  2.556383e+03  4.691999e+03  6.360259e+03  9.479202e+03 
 7.340598e-02  2.513867e+03  4.613206e+03  6.252811e+03  9.317823e+03 
 7.442922e-02  2.470237e+03  4.532390e+03  6.142647e+03  9.152454e+03 
 7.546673e-02  2.425548e+03  4.449656e+03  6.029909e+03  8.983311e+03 
 7.651869e-02  2.379879e+03  4.365148e+03  5.914793e+03  8.810689e+03 
 7.758532e-02  2.333324e+03  4.279040e+03  5.797532e+03  8.634934e+03 
 7.866682e-02  2.286993e+03  4.194714e+03  5.684031e+03  8.468118e+03 
 7.976339e-02  2.241620e+03  4.114333e+03  5.578017e+03  8.317772e+03 
 8.087525e-02  2.195692e+03  4.032859e+03  5.470446e+03  8.164916e+03 
 8.200261e-02  2.149378e+03  3.950597e+03  5.361728e+03  8.010143e+03 
 8.314568e-02  2.102858e+03  3.867874e+03  5.252299e+03  7.854097e+03 
 8.430468e-02  2.056325e+03  3.785038e+03  5.142634e+03  7.697475e+03 
 8.547985e-02  2.008888e+03  3.698931e+03  5.026985e+03  7.528215e+03 
 8.667139e-02  1.961368e+03  3.611913e+03  4.909380e+03  7.354281e+03 
 8.787954e-02  1.914504e+03  3.526093e+03  4.793378e+03  7.182680e+03 
 8.910453e-02  1.868503e+03  3.441843e+03  4.679490e+03  7.014166e+03 
 9.034660e-02  1.823557e+03  3.359522e+03  4.568197e+03  6.849461e+03 
 9.160598e-02  1.780553e+03  3.281700e+03  4.463836e+03  6.696950e+03 
 9.288292e-02  1.739572e+03  3.208419e+03  4.366364e+03  6.556347e+03 
 9.417766e-02  1.700127e+03  3.137886e+03  4.272548e+03  6.421015e+03 
 9.549045e-02  1.662353e+03  3.070357e+03  4.182736e+03  6.291483e+03 
 9.682153e-02  1.626365e+03  3.006049e+03  4.097229e+03  6.168214e+03 
 9.817117e-02  1.592448e+03  2.945827e+03  4.017518e+03  6.054156e+03 
 9.953962e-02  1.560530e+03  2.889347e+03  3.942938e+03  5.947867e+03 
 1.009272e-01  1.530563e+03  2.836397e+03  3.873089e+03  5.848500e+03 
 1.023340e-01  1.502551e+03  2.786991e+03  3.808000e+03  5.756117e+03 
 1.037605e-01  1.475679e+03  2.738716e+03  3.743570e+03  5.662735e+03 
 1.052069e-01  1.447780e+03  2.685059e+03  3.668684e+03  5.546600e+03 
 1.066734e-01  1.421688e+03  2.634786e+03  3.598442e+03  5.437518e+03 
 1.081604e-01  1.397262e+03  2.587633e+03  3.532485e+03  5.334943e+03 
 1.096681e-01  1.374322e+03  2.543264e+03  3.470347e+03  5.238166e+03 
 1.111968e-01  1.353199e+03  2.502879e+03  3.414013e+03  5.150405e+03 
 1.127468e-01  1.333148e+03  2.464524e+03  3.360483e+03  5.066912e+03 
 1.143184e-01  1.313899e+03  2.427670e+03  3.309013e+03  4.986566e+03 
 1.159120e-01  1.295191e+03  2.391840e+03  3.258960e+03  4.908403e+03 
 1.175277e-01  1.278113e+03  2.360496e+03  3.216286e+03  4.843973e+03 
 1.191660e-01  1.261144e+03  2.329484e+03  3.174178e+03  4.780644e+03 
 1.208271e-01  1.243907e+03  2.297982e+03  3.131416e+03  4.716367e+03 
 1.225114e-01  1.226147e+03  2.265530e+03  3.087406e+03  4.650413e+03 
 1.242191e-01  1.207479e+03  2.231470e+03  3.041547e+03  4.583281e+03 
 1.259506e-01  1.187906e+03  2.195742e+03  2.993424e+03  4.512749e+03 
 1.277063e-01  1.167291e+03  2.158099e+03  2.942703e+03  4.438326e+03 
 1.294865e-01  1.145992e+03  2.119488e+03  2.890767e+03  4.361875e+03 
 1.312915e-01  1.124046e+03  2.080008e+03  2.837758e+03  4.283560e+03 
 1.331216e-01  1.100906e+03  2.038302e+03  2.781710e+03  4.200659e+03 
 1.349772e-01  1.076697e+03  1.994642e+03  2.723039e+03  4.113953e+03 
 1.368587e-01  1.052827e+03  1.953830e+03  2.670760e+03  4.044023e+03 
 1.387665e-01  1.028118e+03  1.911344e+03  2.616077e+03  3.970158e+03 
 1.407008e-01  1.002799e+03  1.867595e+03  2.559541e+03  3.893151e+03 
 1.426621e-01  9.779280e+02  1.824689e+03  2.503653e+03  3.814682e+03 
 1.446507e-01  9.532113e+02  1.781961e+03  2.447762e+03  3.735247e+03 
 1.466671e-01  9.286866e+02  1.739431e+03  2.392014e+03  3.655761e+03 
 1.487115e-01  9.021193e+02  1.690678e+03  2.326088e+03  3.558237e+03 
 1.507845e-01  8.747235e+02  1.638790e+03  2.254771e+03  3.450788e+03 
 1.528864e-01  8.485344e+02  1.589167e+03  2.186548e+03  3.347950e+03 
 1.550175e-01  8.256918e+02  1.547738e+03  2.131006e+03  3.266934e+03 
 1.571784e-01  8.057119e+02  1.512952e+03  2.085535e+03  3.202905e+03 
 1.593694e-01  7.872705e+02  1.480921e+03  2.043738e+03  3.144236e+03 
 1.615909e-01  7.708581e+02  1.452779e+03  2.007176e+03  3.092978e+03 
 1.638434e-01  7.562077e+02  1.427929e+03  1.975053e+03  3.048176e+03 
 1.661273e-01  7.430349e+02  1.405765e+03  1.946562e+03  3.008799e+03 
 1.684430e-01  7.275655e+02  1.376309e+03  1.906140e+03  2.948574e+03 
 1.707910e-01  7.128591e+02  1.347932e+03  1.866978e+03  2.889944e+03 
 1.731717e-01  6.997849e+02  1.323139e+03  1.833015e+03  2.839389e+03 
 1.755856e-01  6.900955e+02  1.306743e+03  1.811666e+03  2.808596e+03 
 1.780332e-01  6.807280e+02  1.290934e+03  1.791114e+03  2.779026e+03 
 1.805149e-01  6.696544e+02  1.269758e+03  1.761387e+03  2.732130e+03 
 1.830312e-01  6.573408e+02  1.244978e+03  1.725648e+03  2.674099e+03 
 1.855825e-01  6.447700e+02  1.220111e+03  1.690220e+03  2.617523e+03 
 1.881694e-01  6.324957e+02  1.198020e+03  1.661045e+03  2.576124e+03 
 1.907924e-01  6.194275e+02  1.174433e+03  1.629790e+03  2.531463e+03 
 1.934520e-01  6.051541e+02  1.148550e+03  1.595626e+03  2.483917e+03 
 1.961486e-01  5.899816e+02  1.120944e+03  1.559130e+03  2.433172e+03 
 1.988828e-01  5.754427e+02  1.095211e+03  1.525331e+03  2.385821e+03 
 2.016551e-01  5.622836e+02  1.073046e+03  1.496645e+03  2.345350e+03 
 2.044661e-01  5.485622e+02  1.049370e+03  1.465517e+03  2.300497e+03 
 2.073162e-01  5.334292e+02  1.020919e+03  1.426142e+03  2.240274e+03 
 2.102061e-01  5.185672e+02  9.929355e+02  1.387378e+03  2.180897e+03 
 2.131362e-01  5.081242e+02  9.777323e+02  1.369311e+03  2.156907e+03 
 2.161073e-01  4.984839e+02  9.640974e+02  1.353453e+03  2.136341e+03 
 2.191197e-01  4.858582e+02  9.419128e+02  1.324632e+03  2.097193e+03 
 2.221741e-01  4.733796e+02  9.193171e+02  1.294941e+03  2.056886e+03 
 2.252711e-01  4.623822e+02  9.000315e+02  1.270058e+03  2.023258e+03 
 2.284112e-01  4.525082e+02  8.830241e+02  1.248381e+03  1.994290e+03 
 2.315951e-01  4.439964e+02  8.675449e+02  1.227123e+03  1.961014e+03 
 2.348235e-01  4.363438e+02  8.533316e+02  1.207041e+03  1.927890e+03 
 2.380968e-01  4.270723e+02  8.348411e+02  1.180881e+03  1.887503e+03 
 2.414157e-01  4.175585e+02  8.156088e+02  1.153670e+03  1.846041e+03 
 2.447809e-01  4.080386e+02  7.973254e+02  1.128615e+03  1.808190e+03 
 2.481930e-01  3.985227e+02  7.792207e+02  1.103900e+03  1.770828e+03 
 2.516527e-01  3.927204e+02  7.698694e+02  1.091629e+03  1.752445e+03 
 2.551606e-01  3.854835e+02  7.572729e+02  1.074786e+03  1.727510e+03 
 2.587174e-01  3.745869e+02  7.362178e+02  1.046085e+03  1.686116e+03 
 2.623238e-01  3.653611e+02  7.195990e+02  1.023987e+03  1.654684e+03 
 2.659804e-01  3.580715e+02  7.080117e+02  1.009358e+03  1.634568e+03 
 2.696881e-01  3.485054e+02  6.907363e+02  9.861745e+02  1.599822e+03 
 2.734474e-01  3.384961e+02  6.722212e+02  9.610896e+02  1.561810e+03 
 2.772591e-01  3.311006e+02  6.601044e+02  9.460708e+02  1.542645e+03 
 2.811239e-01  3.235275e+02  6.469284e+02  9.294431e+02  1.522303e+03 
 2.850426e-01  3.156476e+02  6.322121e+02  9.105277e+02  1.500341e+03 
 2.890160e-01  3.086643e+02  6.201425e+02  8.948007e+02  1.477336e+03 
 2.930447e-01  3.022465e+02  6.087489e+02  8.791922e+02  1.452168e+03 
 2.971296e-01  2.960703e+02  5.959059e+02  8.593855e+02  1.417537e+03 
 3.012714e-01  2.905269e+02  5.861779e+02  8.463607e+02  1.398016e+03 
 3.054710e-01  2.849337e+02  5.768875e+02  8.348378e+02  1.382819e+03 
 3.097291e-01  2.779959e+02  5.641674e+02  8.182481e+02  1.360465e+03 
 3.140465e-01  2.714999e+02  5.511090e+02  7.994099e+02  1.329347e+03 
 3.184242e-01  2.656093e+02  5.394591e+02  7.825928e+02  1.301464e+03 
 3.228628e-01  2.609793e+02  5.319770e+02  7.734126e+02  1.290679e+03 
 3.273634e-01  2.543651e+02  5.188076e+02  7.545380e+02  1.260541e+03 
 3.319266e-01  2.475567e+02  5.057323e+02  7.365385e+02  1.233580e+03 
 3.365535e-01  2.412009e+02  4.945557e+02  7.222999e+02  1.214820e+03 
 3.412449e-01  2.369873e+02  4.889947e+02  7.154952e+02  1.203261e+03 
 3.460016e-01  2.323701e+02  4.813754e+02  7.056028e+02  1.189229e+03 
 3.508247e-01  2.278776e+02  4.732163e+02  6.946224e+02  1.173098e+03 
 3.557150e-01  2.235450e+02  4.649999e+02  6.833570e+02  1.155573e+03 
 3.606735e-01  2.184956e+02  4.558624e+02  6.713463e+02  1.138552e+03 
 3.657011e-01  2.123770e+02  4.441533e+02  6.554230e+02  1.117013e+03 
 3.707988e-01  2.074640e+02  4.347088e+02  6.425705e+02  1.097937e+03 
 3.759675e-01  2.029286e+02  4.260228e+02  6.306508e+02  1.080112e+03 
 3.812083e-01  1.981960e+02  4.174232e+02  6.189640e+02  1.063133e+03 
 3.865221e-01  1.941894e+02  4.115905e+02  6.119155e+02  1.050304e+03 
 3.919100e-01  1.900208e+02  4.018128e+02  5.973278e+02  1.031361e+03 
 3.973730e-01  1.854100e+02  3.942554e+02  5.877429e+02  1.015457e+03 
 4.029122e-01  1.818066e+02  3.884860e+02  5.794728e+02  9.998055e+02 
 4.085286e-01  1.780893e+02  3.804079e+02  5.679950e+02  9.836648e+02 
 4.142232e-01  1.736293e+02  3.713321e+02  5.561940e+02  9.693558e+02 
 4.199973e-01  1.693917e+02  3.640764e+02  5.469794e+02  9.554797e+02 
 4.258518e-01  1.660299e+02  3.577205e+02  5.378049e+02  9.392681e+02 
 4.317880e-01  1.624461e+02  3.504901e+02  5.270981e+02  9.232138e+02 
 4.378069e-01  1.592551e+02  3.440885e+02  5.178795e+02  9.077441e+02 
 4.439097e-01  1.566012e+02  3.399890e+02  5.130550e+02  9.036846e+02 
 4.500975e-01  1.523593e+02  3.320690e+02  5.021358e+02  8.874698e+02 
 4.563716e-01  1.487304e+02  3.245501e+02  4.911145e+02  8.675505e+02 
 4.627332e-01  1.465018e+02  3.214949e+02  4.878582e+02  8.642848e+02 
 4.691835e-01  1.427748e+02  3.140434e+02  4.770371e+02  8.459365e+02 
 4.757236e-01  1.400846e+02  3.087339e+02  4.697821e+02  8.348585e+02 
 4.823549e-01  1.364665e+02  3.012619e+02  4.593914e+02  8.212123e+02 
 4.890787e-01  1.336099e+02  2.957297e+02  4.518514e+02  8.090977e+02 
 4.958962e-01  1.315035e+02  2.914986e+02  4.451461e+02  7.967225e+02 
 5.028087e-01  1.286668e+02  2.865206e+02  4.384017e+02  7.869146e+02 
 5.098176e-01  1.263123e+02  2.821249e+02  4.317929e+02  7.735979e+02 
 5.169242e-01  1.241314e+02  2.779602e+02  4.262429e+02  7.659378e+02 
 5.241298e-01  1.201151e+02  2.711973e+02  4.180054e+02  7.557790e+02 
 5.314359e-01  1.180639e+02  2.679369e+02  4.133279e+02  7.481581e+02 
 5.388438e-01  1.155934e+02  2.622506e+02  4.049010e+02  7.356101e+02 
 5.463550e-01  1.135714e+02  2.581933e+02  3.987633e+02  7.254822e+02 
 5.539709e-01  1.106124e+02  2.530629e+02  3.921706e+02  7.149441e+02 
 5.616930e-01  1.086838e+02  2.492440e+02  3.867352e+02  7.065687e+02 
 5.695227e-01  1.065893e+02  2.459082e+02  3.824565e+02  6.966915e+02 
 5.774615e-01  1.041583e+02  2.402330e+02  3.741544e+02  6.851454e+02 
 5.855110e-01  1.023127e+02  2.366903e+02  3.685767e+02  6.758243e+02 
 5.936727e-01  9.996494e+01  2.311529e+02  3.610241e+02  6.644891e+02 
 6.019482e-01  9.831556e+01  2.285595e+02  3.566050e+02  6.563752e+02 
 6.103390e-01  9.602772e+01  2.246779e+02  3.514428e+02  6.465770e+02 
 6.188468e-01  9.391725e+01  2.213766e+02  3.486801e+02  6.443395e+02 
 6.274732e-01  9.237516e+01  2.172148e+02  3.416017e+02  6.334147e+02 
 6.362198e-01  9.058338e+01  2.139855e+02  3.366963e+02  6.237809e+02 
 6.450884e-01  8.849060e+01  2.102664e+02  3.314474e+02  6.143467e+02 
 6.540806e-01  8.664484e+01  2.058148e+02  3.247644e+02  6.050136e+02 
 6.631981e-01  8.477769e+01  2.029636e+02  3.215971e+02  5.987047e+02 
 6.724427e-01  8.317630e+01  1.994946e+02  3.168956e+02  5.929685e+02 
 6.818162e-01  8.141851e+01  1.958698e+02  3.103779e+02  5.813927e+02 
 6.913204e-01  7.969985e+01  1.924152e+02  3.059008e+02  5.733838e+02 
 7.009570e-01  7.856782e+01  1.895351e+02  3.017383e+02  5.660135e+02 
 7.107280e-01  7.661019e+01  1.865253e+02  2.972622e+02  5.571088e+02 
 7.206351e-01  7.543660e+01  1.837263e+02  2.936492e+02  5.525597e+02 
 7.306804e-01  7.395279e+01  1.809545e+02  2.888632e+02  5.426837e+02 
 7.408657e-01  7.232588e+01  1.774889e+02  2.839122e+02  5.360656e+02 
 7.511929e-01  7.081972e+01  1.743838e+02  2.799367e+02  5.284901e+02 
 7.616642e-01  6.943591e+01  1.713202e+02  2.756001e+02  5.221918e+02 
 7.722814e-01  6.856849e+01  1.695323e+02  2.723878e+02  5.143256e+02 
 7.830465e-01  6.712960e+01  1.663764e+02  2.679512e+02  5.076105e+02 
 7.939618e-01  6.591742e+01  1.642614e+02  2.644739e+02  5.026964e+02 
 8.050292e-01  6.447922e+01  1.613820e+02  2.611295e+02  4.960700e+02 
 8.162509e-01  6.339576e+01  1.590140e+02  2.566912e+02  4.874960e+02 
 8.276289e-01  6.186991e+01  1.559898e+02  2.527393e+02  4.813778e+02 
 8.391656e-01  6.113078e+01  1.540996e+02  2.491972e+02  4.761446e+02 
 8.508632e-01  5.999209e+01  1.515467e+02  2.458347e+02  4.695896e+02 
 8.627237e-01  5.871463e+01  1.491692e+02  2.421770e+02  4.621431e+02 
 8.747496e-01  5.763669e+01  1.467223e+02  2.387009e+02  4.558939e+02 
 8.869432e-01  5.666309e+01  1.446385e+02  2.354522e+02  4.500580e+02 
 8.993067e-01  5.554066e+01  1.423760e+02  2.318962e+02  4.435633e+02 
 9.118425e-01  5.466747e+01  1.399514e+02  2.280488e+02  4.356676e+02 
 9.245531e-01  5.350306e+01  1.376690e+02  2.245423e+02  4.309537e+02 
 9.374409e-01  5.249757e+01  1.356225e+02  2.217266e+02  4.249558e+02 
 9.505083e-01  5.165154e+01  1.335044e+02  2.185118e+02  4.189911e+02 
 9.637579e-01  5.055130e+01  1.309979e+02  2.147758e+02  4.128733e+02 
 9.771921e-01  4.992978e+01  1.301929e+02  2.125167e+02  4.072074e+02 
 9.908137e-01  4.898514e+01  1.277896e+02  2.092441e+02  4.018539e+02 
 1.004625e+00  4.803129e+01  1.254661e+02  2.056361e+02  3.950853e+02 
 1.018629e+00  4.724148e+01  1.237546e+02  2.027239e+02  3.892698e+02 
 1.032828e+00  4.634798e+01  1.218740e+02  2.001910e+02  3.850626e+02 
 1.047225e+00  4.546658e+01  1.201267e+02  1.969391e+02  3.783354e+02 
 1.061823e+00  4.478162e+01  1.184826e+02  1.942300e+02  3.727944e+02 
 1.076624e+00  4.394842e+01  1.166334e+02  1.913572e+02  3.670750e+02 
 1.091632e+00  4.319439e+01  1.147883e+02  1.885790e+02  3.613278e+02 
 1.106848e+00  4.238441e+01  1.128334e+02  1.857594e+02  3.564021e+02 
 1.122277e+00  4.164985e+01  1.112545e+02  1.826728e+02  3.504509e+02 
 1.137921e+00  4.090668e+01  1.093745e+02  1.799660e+02  3.451656e+02 
 1.153783e+00  4.025332e+01  1.076946e+02  1.772300e+02  3.400824e+02 
 1.169866e+00  3.953233e+01  1.060905e+02  1.745230e+02  3.352453e+02 
 1.186174e+00  3.882412e+01  1.045658e+02  1.719120e+02  3.297741e+02 
 1.202708e+00  3.821132e+01  1.029549e+02  1.693645e+02  3.246354e+02 
 1.219473e+00  3.757063e+01  1.014343e+02  1.669104e+02  3.191018e+02 
 1.236472e+00  3.690514e+01  9.994737e+01  1.644898e+02  3.142968e+02 
 1.253708e+00  3.631418e+01  9.830273e+01  1.617162e+02  3.096902e+02 
 1.271184e+00  3.570910e+01  9.718736e+01  1.596732e+02  3.045732e+02 
 1.288904e+00  3.510094e+01  9.530999e+01  1.569539e+02  3.001297e+02 
 1.306870e+00  3.445541e+01  9.387105e+01  1.544338e+02  2.948898e+02 
 1.325087e+00  3.393379e+01  9.247965e+01  1.521031e+02  2.898367e+02 
 1.343558e+00  3.336762e+01  9.100914e+01  1.496892e+02  2.849913e+02 
 1.362287e+00  3.284932e+01  8.951071e+01  1.471130e+02  2.803315e+02 
 1.381276e+00  3.229824e+01  8.810536e+01  1.445225e+02  2.756568e+02 
 1.400531e+00  3.176673e+01  8.675154e+01  1.423017e+02  2.705934e+02 
 1.420053e+00  3.121008e+01  8.530540e+01  1.400798e+02  2.658110e+02 
 1.439848e+00  3.070999e+01  8.400456e+01  1.376757e+02  2.613326e+02 
 1.459919e+00  3.016034e+01  8.264317e+01  1.353379e+02  2.564965e+02 
 1.480269e+00  2.972420e+01  8.117681e+01  1.329887e+02  2.515568e+02 
 1.500903e+00  2.922012e+01  7.991554e+01  1.306860e+02  2.475858e+02 
 1.521825e+00  2.873819e+01  7.873005e+01  1.286279e+02  2.430369e+02 
 1.543038e+00  2.825336e+01  7.744513e+01  1.265596e+02  2.388349e+02 
 1.564548e+00  2.782735e+01  7.618079e+01  1.243459e+02  2.343068e+02 
 1.586357e+00  2.737261e+01  7.500930e+01  1.222316e+02  2.299993e+02 
 1.608469e+00  2.690161e+01  7.380454e+01  1.201320e+02  2.259854e+02 
 1.630891e+00  2.653512e+01  7.245070e+01  1.178001e+02  2.214374e+02 
 1.653624e+00  2.606925e+01  7.124151e+01  1.158940e+02  2.176255e+02 
 1.676675e+00  2.564495e+01  7.015901e+01  1.139088e+02  2.132520e+02 
 1.700047e+00  2.521355e+01  6.898607e+01  1.118318e+02  2.092992e+02 
 1.723745e+00  2.481178e+01  6.778180e+01  1.097956e+02  2.049858e+02 
 1.747773e+00  2.438137e+01  6.659419e+01  1.077672e+02  2.009092e+02 
 1.772136e+00  2.399052e+01  6.543325e+01  1.057407e+02  1.971483e+02 
 1.796838e+00  2.361401e+01  6.430522e+01  1.038041e+02  1.931578e+02 
 1.821885e+00  2.324159e+01  6.317085e+01  1.018218e+02  1.894383e+02 
 1.847281e+00  2.286034e+01  6.215942e+01  1.000212e+02  1.856465e+02 
 1.873032e+00  2.249425e+01  6.098715e+01  9.799498e+01  1.819914e+02 
 1.899141e+00  2.211507e+01  5.987599e+01  9.619045e+01  1.782966e+02 
 1.925614e+00  2.177248e+01  5.885268e+01  9.437313e+01  1.745929e+02 
 1.952456e+00  2.147967e+01  5.784247e+01  9.258369e+01  1.710265e+02 
 1.979672e+00  2.108486e+01  5.683883e+01  9.080701e+01  1.675088e+02 
 2.007267e+00  2.076746e+01  5.577927e+01  8.894990e+01  1.641717e+02 
 2.035248e+00  2.040431e+01  5.473884e+01  8.717327e+01  1.606019e+02 
 2.063618e+00  2.006706e+01  5.370218e+01  8.545124e+01  1.571905e+02 
 2.092383e+00  1.974249e+01  5.270640e+01  8.370967e+01  1.538947e+02 
 2.121550e+00  1.940708e+01  5.169020e+01  8.198907e+01  1.505372e+02 
 2.151123e+00  1.908946e+01  5.071575e+01  8.026494e+01  1.472112e+02 
 2.181109e+00  1.877037e+01  4.972663e+01  7.863856e+01  1.440729e+02 
 2.211512e+00  1.845576e+01  4.874308e+01  7.695056e+01  1.408152e+02 
 2.242340e+00  1.815504e+01  4.781917e+01  7.535935e+01  1.377428e+02 
 2.273597e+00  1.783147e+01  4.687863e+01  7.370244e+01  1.346594e+02 
 2.305289e+00  1.755057e+01  4.594601e+01  7.217048e+01  1.316827e+02 
 2.337424e+00  1.725460e+01  4.501453e+01  7.062356e+01  1.287306e+02 
 2.370006e+00  1.696247e+01  4.412353e+01  6.911683e+01  1.259580e+02 
 2.403043e+00  1.666473e+01  4.324218e+01  6.757967e+01  1.230763e+02 
 2.436540e+00  1.639053e+01  4.237851e+01  6.612263e+01  1.202817e+02 
 2.470504e+00  1.611347e+01  4.153231e+01  6.466285e+01  1.175436e+02 
 2.504942e+00  1.583791e+01  4.070390e+01  6.326134e+01  1.149036e+02 
 2.539859e+00  1.557802e+01  3.984774e+01  6.183221e+01  1.122176e+02 
 2.575263e+00  1.529598e+01  3.900485e+01  6.050967e+01  1.096652e+02 
 2.611161e+00  1.504080e+01  3.818651e+01  5.909503e+01  1.071060e+02 
 2.647559e+00  1.477889e+01  3.736753e+01  5.772286e+01  1.045608e+02 
 2.684465e+00  1.451715e+01  3.659528e+01  5.638698e+01  1.020858e+02 
 2.721885e+00  1.424946e+01  3.577288e+01  5.510099e+01  9.966969e+01 
 2.759826e+00  1.399301e+01  3.497810e+01  5.379977e+01  9.727651e+01 
 2.798297e+00  1.374309e+01  3.422683e+01  5.255283e+01  9.500718e+01 
 2.837304e+00  1.349620e+01  3.346609e+01  5.131058e+01  9.273002e+01 
 2.876854e+00  1.324958e+01  3.271096e+01  5.010209e+01  9.051968e+01 
 2.916956e+00  1.301002e+01  3.199707e+01  4.891321e+01  8.830206e+01 
 2.957617e+00  1.277620e+01  3.128832e+01  4.776842e+01  8.621067e+01 
 2.998844e+00  1.254032e+01  3.059580e+01  4.662907e+01  8.411738e+01 
 3.040646e+00  1.231128e+01  2.990148e+01  4.551862e+01  8.213436e+01 
 3.083031e+00  1.208423e+01  2.922458e+01  4.443121e+01  8.015744e+01 
 3.126007e+00  1.186528e+01  2.856957e+01  4.336078e+01  7.819660e+01 
 3.169582e+00  1.164318e+01  2.789910e+01  4.229825e+01  7.629812e+01 
 3.213764e+00  1.142401e+01  2.725694e+01  4.126613e+01  7.442801e+01 
 3.258562e+00  1.120312e+01  2.663306e+01  4.025147e+01  7.259698e+01 
 3.303985e+00  1.098721e+01  2.599629e+01  3.925877e+01  7.080569e+01 
 3.350041e+00  1.077707e+01  2.537431e+01  3.827509e+01  6.902811e+01 
 3.396739e+00  1.056100e+01  2.477431e+01  3.732610e+01  6.730613e+01 
 3.444087e+00  1.035737e+01  2.416789e+01  3.637639e+01  6.560657e+01 
 3.492096e+00  1.015311e+01  2.359064e+01  3.547500e+01  6.398626e+01 
 3.540774e+00  9.946948e+00  2.302791e+01  3.458711e+01  6.237455e+01 
 3.590130e+00  9.751214e+00  2.246567e+01  3.370694e+01  6.082737e+01 
 3.640175e+00  9.559017e+00  2.192204e+01  3.286828e+01  5.929813e+01 
 3.690917e+00  9.363376e+00  2.139685e+01  3.202950e+01  5.781512e+01 
 3.742366e+00  9.175072e+00  2.086681e+01  3.122367e+01  5.638590e+01 
 3.794533e+00  8.990871e+00  2.036678e+01  3.043994e+01  5.496423e+01 
 3.847427e+00  8.808771e+00  1.986107e+01  2.967186e+01  5.360444e+01 
 3.901058e+00  8.624122e+00  1.937923e+01  2.891984e+01  5.224889e+01 
 3.955436e+00  8.450912e+00  1.889656e+01  2.817513e+01  5.092330e+01 
 4.010573e+00  8.271062e+00  1.842397e+01  2.745927e+01  4.963966e+01 
 4.066478e+00  8.097187e+00  1.796131e+01  2.674728e+01  4.836284e+01 
 4.123163e+00  7.923628e+00  1.751230e+01  2.605328e+01  4.712211e+01 
 4.180637e+00  7.755856e+00  1.707006e+01  2.537881e+01  4.590533e+01 
 4.238913e+00  7.588351e+00  1.663212e+01  2.471658e+01  4.473243e+01 
 4.298001e+00  7.420632e+00  1.620928e+01  2.407602e+01  4.357556e+01 
 4.357913e+00  7.262716e+00  1.579608e+01  2.344909e+01  4.246053e+01 
 4.418660e+00  7.103169e+00  1.539551e+01  2.283837e+01  4.137297e+01 
 4.480254e+00  6.945831e+00  1.500234e+01  2.224276e+01  4.030977e+01 
 4.542706e+00  6.794377e+00  1.461608e+01  2.166238e+01  3.927216e+01 
 4.606029e+00  6.644035e+00  1.424793e+01  2.110329e+01  3.827362e+01 
 4.670234e+00  6.497105e+00  1.388428e+01  2.056245e+01  3.730093e+01 
 4.735335e+00  6.353000e+00  1.353181e+01  2.002991e+01  3.634574e+01 
 4.801343e+00  6.213638e+00  1.319015e+01  1.951244e+01  3.541258e+01 
 4.868271e+00  6.074516e+00  1.285167e+01  1.900526e+01  3.450164e+01 
 4.936132e+00  5.937913e+00  1.252025e+01  1.851088e+01  3.361228e+01 
 5.004939e+00  5.802863e+00  1.219813e+01  1.802633e+01  3.273780e+01 
 5.074705e+00  5.668808e+00  1.188159e+01  1.755155e+01  3.188927e+01 
 5.145444e+00  5.539074e+00  1.157341e+01  1.708907e+01  3.106027e+01 
 5.217169e+00  5.409764e+00  1.127087e+01  1.663829e+01  3.024219e+01 
 5.289893e+00  5.285378e+00  1.097789e+01  1.620291e+01  2.945157e+01 
 5.363631e+00  5.161234e+00  1.069187e+01  1.577214e+01  2.868106e+01 
 5.438397e+00  5.040958e+00  1.041285e+01  1.535705e+01  2.792794e+01 
 5.514206e+00  4.922907e+00  1.014158e+01  1.495355e+01  2.719892e+01 
 5.591071e+00  4.806162e+00  9.879498e+00  1.455944e+01  2.649055e+01 
 5.669007e+00  4.694851e+00  9.622607e+00  1.418065e+01  2.580166e+01 
 5.748030e+00  4.584484e+00  9.374303e+00  1.381021e+01  2.512875e+01 
 5.828155e+00  4.477095e+00  9.132874e+00  1.345102e+01  2.447626e+01 
 5.909396e+00  4.372201e+00  8.897515e+00  1.310079e+01  2.384398e+01 
 5.991770e+00  4.269082e+00  8.667454e+00  1.275967e+01  2.322441e+01 
 6.075292e+00  4.168496e+00  8.444650e+00  1.242756e+01  2.261922e+01 
 6.159978e+00  4.069382e+00  8.226218e+00  1.210266e+01  2.202885e+01 
 6.245845e+00  3.972110e+00  8.012668e+00  1.178545e+01  2.144867e+01 
 6.332908e+00  3.876306e+00  7.802874e+00  1.147448e+01  2.088255e+01 
 6.421186e+00  3.783346e+00  7.599570e+00  1.117069e+01  2.032925e+01 
 6.510694e+00  3.691658e+00  7.400409e+00  1.087648e+01  1.979016e+01 
 6.601449e+00  3.602584e+00  7.207487e+00  1.058893e+01  1.926616e+01 
 6.693470e+00  3.515155e+00  7.018559e+00  1.030818e+01  1.875372e+01 
 6.786773e+00  3.429691e+00  6.836031e+00  1.003571e+01  1.825585e+01 
 6.881377e+00  3.346858e+00  6.657749e+00  9.771590e+00  1.777105e+01 
 6.977300e+00  3.265957e+00  6.485311e+00  9.515758e+00  1.730180e+01 
 7.074559e+00  3.187327e+00  6.317356e+00  9.265717e+00  1.684439e+01 
 7.173175e+00  3.110404e+00  6.154613e+00  9.024039e+00  1.640135e+01 
 7.273165e+00  3.035861e+00  5.996824e+00  8.789238e+00  1.596938e+01 
 7.374549e+00  2.963002e+00  5.842555e+00  8.559922e+00  1.554972e+01 
 7.477346e+00  2.891663e+00  5.693296e+00  8.338477e+00  1.514163e+01 
 7.581576e+00  2.822549e+00  5.546396e+00  8.120700e+00  1.474192e+01 
 7.687260e+00  2.754459e+00  5.403553e+00  7.908307e+00  1.435198e+01 
 7.794416e+00  2.687650e+00  5.263995e+00  7.699716e+00  1.396980e+01 
 7.903066e+00  2.622492e+00  5.127279e+00  7.496037e+00  1.359545e+01 
 8.013230e+00  2.558860e+00  4.994491e+00  7.299150e+00  1.323105e+01 
 8.124930e+00  2.496440e+00  4.865011e+00  7.106079e+00  1.287536e+01 
 8.238187e+00  2.435859e+00  4.738451e+00  6.917768e+00  1.252958e+01 
 8.353023e+00  2.376603e+00  4.615707e+00  6.735129e+00  1.219235e+01 
 8.469460e+00  2.319043e+00  4.496365e+00  6.557430e+00  1.186478e+01 
 8.587519e+00  2.263034e+00  4.380109e+00  6.384748e+00  1.154675e+01 
 8.707225e+00  2.208573e+00  4.267093e+00  6.217266e+00  1.123725e+01 
 8.828599e+00  2.155598e+00  4.158153e+00  6.054219e+00  1.093664e+01 
 8.951665e+00  2.104018e+00  4.052032e+00  5.896336e+00  1.064536e+01 
 9.076446e+00  2.053954e+00  3.949151e+00  5.743360e+00  1.036279e+01 
 9.202967e+00  2.005279e+00  3.848832e+00  5.594266e+00  1.008703e+01 
 9.331251e+00  1.957794e+00  3.751120e+00  5.448913e+00  9.818710e+00 
 9.461324e+00  0.000000e+00  0.000000e+00  0.000000e+00  0.000000e+00 
 9.593209e+00  0.000000e+00  0.000000e+00  0.000000e+00  0.000000e+00 
 9.726934e+00  0.000000e+00  0.000000e+00  0.000000e+00  0.000000e+00 
 9.862522e+00  0.000000e+00  0.000000e+00  0.000000e+00  0.000000e+00 
 1.000000e+01  0.000000e+00  0.000000e+00  0.000000e+00  0.000000e+00 
