 1.000000e-02  5.850078e+03  1.088782e+04  1.490967e+04  2.262857e+04 
 1.013939e-02  5.880933e+03  1.094507e+04  1.498792e+04  2.274689e+04 
 1.028073e-02  5.911276e+03  1.100137e+04  1.506485e+04  2.286320e+04 
 1.042404e-02  5.941086e+03  1.105666e+04  1.514039e+04  2.297741e+04 
 1.056935e-02  5.970342e+03  1.111093e+04  1.521451e+04  2.308943e+04 
 1.071668e-02  5.999028e+03  1.116412e+04  1.528717e+04  2.319920e+04 
 1.086606e-02  6.027127e+03  1.121620e+04  1.535832e+04  2.330668e+04 
 1.101753e-02  6.054609e+03  1.126714e+04  1.542788e+04  2.341174e+04 
 1.117111e-02  6.081455e+03  1.131690e+04  1.549581e+04  2.351430e+04 
 1.132683e-02  6.107644e+03  1.136542e+04  1.556204e+04  2.361427e+04 
 1.148472e-02  6.133155e+03  1.141266e+04  1.562655e+04  2.371158e+04 
 1.164481e-02  6.157963e+03  1.145861e+04  1.568923e+04  2.380614e+04 
 1.180713e-02  6.182048e+03  1.150318e+04  1.575006e+04  2.389787e+04 
 1.197171e-02  6.205387e+03  1.154638e+04  1.580898e+04  2.398667e+04 
 1.213859e-02  6.227958e+03  1.158813e+04  1.586592e+04  2.407246e+04 
 1.230780e-02  6.249739e+03  1.162840e+04  1.592083e+04  2.415516e+04 
 1.247936e-02  6.270709e+03  1.166717e+04  1.597367e+04  2.423468e+04 
 1.265332e-02  6.290848e+03  1.170437e+04  1.602437e+04  2.431095e+04 
 1.282970e-02  6.310140e+03  1.174000e+04  1.607289e+04  2.438389e+04 
 1.300854e-02  6.328559e+03  1.177399e+04  1.611918e+04  2.445343e+04 
 1.318987e-02  6.346080e+03  1.180631e+04  1.616317e+04  2.451946e+04 
 1.337373e-02  6.362688e+03  1.183692e+04  1.620480e+04  2.458190e+04 
 1.356015e-02  6.378362e+03  1.186579e+04  1.624405e+04  2.464071e+04 
 1.374917e-02  6.393082e+03  1.189287e+04  1.628085e+04  2.469578e+04 
 1.394083e-02  6.406816e+03  1.191812e+04  1.631513e+04  2.474701e+04 
 1.413516e-02  6.419537e+03  1.194147e+04  1.634681e+04  2.479428e+04 
 1.433219e-02  6.431226e+03  1.196289e+04  1.637583e+04  2.483752e+04 
 1.453198e-02  6.441858e+03  1.198234e+04  1.640217e+04  2.487664e+04 
 1.473454e-02  6.451415e+03  1.199979e+04  1.642574e+04  2.491155e+04 
 1.493993e-02  6.459872e+03  1.201518e+04  1.644650e+04  2.494218e+04 
 1.514819e-02  6.467247e+03  1.202857e+04  1.646453e+04  2.496867e+04 
 1.535935e-02  6.473494e+03  1.203987e+04  1.647969e+04  2.499082e+04 
 1.557345e-02  6.478580e+03  1.204901e+04  1.649189e+04  2.500846e+04 
 1.579053e-02  6.482485e+03  1.205593e+04  1.650106e+04  2.502148e+04 
 1.601064e-02  6.485191e+03  1.206063e+04  1.650716e+04  2.502984e+04 
 1.623382e-02  6.486671e+03  1.206304e+04  1.651013e+04  2.503342e+04 
 1.646012e-02  6.486916e+03  1.206314e+04  1.650995e+04  2.503220e+04 
 1.668956e-02  6.485913e+03  1.206093e+04  1.650658e+04  2.502613e+04 
 1.692220e-02  6.483647e+03  1.205636e+04  1.649997e+04  2.501516e+04 
 1.715809e-02  6.480095e+03  1.204938e+04  1.649009e+04  2.499917e+04 
 1.739726e-02  6.475238e+03  1.203998e+04  1.647687e+04  2.497811e+04 
 1.763977e-02  6.469055e+03  1.202811e+04  1.646025e+04  2.495191e+04 
 1.788566e-02  6.461537e+03  1.201374e+04  1.644023e+04  2.492052e+04 
 1.813498e-02  6.452660e+03  1.199684e+04  1.641673e+04  2.488383e+04 
 1.838777e-02  6.442413e+03  1.197740e+04  1.638975e+04  2.484185e+04 
 1.864409e-02  6.430773e+03  1.195536e+04  1.635920e+04  2.479447e+04 
 1.890397e-02  6.417743e+03  1.193073e+04  1.632511e+04  2.474168e+04 
 1.916748e-02  6.403308e+03  1.190348e+04  1.628743e+04  2.468344e+04 
 1.943467e-02  6.387463e+03  1.187360e+04  1.624615e+04  2.461973e+04 
 1.970558e-02  6.370194e+03  1.184108e+04  1.620124e+04  2.455050e+04 
 1.998026e-02  6.351502e+03  1.180591e+04  1.615271e+04  2.447577e+04 
 2.025878e-02  6.331390e+03  1.176809e+04  1.610054e+04  2.439554e+04 
 2.054117e-02  6.309859e+03  1.172763e+04  1.604477e+04  2.430979e+04 
 2.082751e-02  6.286913e+03  1.168453e+04  1.598538e+04  2.421857e+04 
 2.111783e-02  6.262563e+03  1.163883e+04  1.592241e+04  2.412192e+04 
 2.141220e-02  6.236904e+03  1.159064e+04  1.585602e+04  2.401994e+04 
 2.171068e-02  6.210432e+03  1.154068e+04  1.578693e+04  2.391318e+04 
 2.201331e-02  6.182555e+03  1.148811e+04  1.571425e+04  2.380097e+04 
 2.232016e-02  6.153272e+03  1.143293e+04  1.563799e+04  2.368332e+04 
 2.263130e-02  6.122587e+03  1.137513e+04  1.555816e+04  2.356025e+04 
 2.294676e-02  6.090507e+03  1.131474e+04  1.547477e+04  2.343179e+04 
 2.326663e-02  6.057041e+03  1.125177e+04  1.538787e+04  2.329797e+04 
 2.359095e-02  6.022203e+03  1.118625e+04  1.529746e+04  2.315886e+04 
 2.391980e-02  5.986007e+03  1.111820e+04  1.520360e+04  2.301450e+04 
 2.425323e-02  5.948466e+03  1.104766e+04  1.510632e+04  2.286497e+04 
 2.459130e-02  5.909608e+03  1.097466e+04  1.500570e+04  2.271036e+04 
 2.493409e-02  5.869463e+03  1.089928e+04  1.490180e+04  2.255080e+04 
 2.528166e-02  5.828063e+03  1.082156e+04  1.479472e+04  2.238640e+04 
 2.563407e-02  5.785442e+03  1.074158e+04  1.468452e+04  2.221733e+04 
 2.599140e-02  5.741645e+03  1.065942e+04  1.457137e+04  2.204376e+04 
 2.635371e-02  5.696719e+03  1.057516e+04  1.445534e+04  2.186584e+04 
 2.672106e-02  5.650712e+03  1.048890e+04  1.433658e+04  2.168379e+04 
 2.709354e-02  5.603655e+03  1.040070e+04  1.421516e+04  2.149773e+04 
 2.747121e-02  5.555578e+03  1.031060e+04  1.409117e+04  2.130778e+04 
 2.785414e-02  5.506439e+03  1.021856e+04  1.396454e+04  2.111391e+04 
 2.824241e-02  5.455987e+03  1.012420e+04  1.383485e+04  2.091572e+04 
 2.863610e-02  5.404615e+03  1.002814e+04  1.370284e+04  2.071403e+04 
 2.903527e-02  5.352365e+03  9.930453e+03  1.356863e+04  2.050900e+04 
 2.944000e-02  5.299280e+03  9.831227e+03  1.343231e+04  2.030081e+04 
 2.985038e-02  5.245413e+03  9.730559e+03  1.329402e+04  2.008967e+04 
 3.026648e-02  5.190819e+03  9.628548e+03  1.315391e+04  1.987580e+04 
 3.068838e-02  5.135566e+03  9.525320e+03  1.301214e+04  1.965944e+04 
 3.111616e-02  5.079720e+03  9.420998e+03  1.286889e+04  1.944086e+04 
 3.154990e-02  5.023351e+03  9.315715e+03  1.272433e+04  1.922033e+04 
 3.198969e-02  4.966543e+03  9.209630e+03  1.257869e+04  1.899818e+04 
 3.243561e-02  4.909387e+03  9.102905e+03  1.243217e+04  1.877474e+04 
 3.288774e-02  4.851976e+03  8.995712e+03  1.228503e+04  1.855038e+04 
 3.334618e-02  4.794413e+03  8.888248e+03  1.213752e+04  1.832549e+04 
 3.381101e-02  4.736782e+03  8.780663e+03  1.198986e+04  1.810038e+04 
 3.428231e-02  4.679140e+03  8.673063e+03  1.184218e+04  1.787528e+04 
 3.476019e-02  4.621383e+03  8.565598e+03  1.169507e+04  1.765223e+04 
 3.524473e-02  4.563702e+03  8.458283e+03  1.154819e+04  1.742955e+04 
 3.573602e-02  4.506152e+03  8.351216e+03  1.140165e+04  1.720741e+04 
 3.623416e-02  4.448789e+03  8.244502e+03  1.125560e+04  1.698603e+04 
 3.673925e-02  4.391667e+03  8.138243e+03  1.111017e+04  1.676560e+04 
 3.725137e-02  4.334851e+03  8.032556e+03  1.096553e+04  1.654640e+04 
 3.777064e-02  4.278404e+03  7.927557e+03  1.082184e+04  1.632864e+04 
 3.829714e-02  4.222390e+03  7.823368e+03  1.067926e+04  1.611259e+04 
 3.883098e-02  4.166886e+03  7.720133e+03  1.053800e+04  1.589854e+04 
 3.937226e-02  4.111971e+03  7.617995e+03  1.039822e+04  1.568677e+04 
 3.992109e-02  4.057718e+03  7.517090e+03  1.026014e+04  1.547758e+04 
 4.047757e-02  4.004203e+03  7.417523e+03  1.012386e+04  1.527101e+04 
 4.104181e-02  3.951293e+03  7.318432e+03  9.987514e+03  1.506231e+04 
 4.161391e-02  3.899320e+03  7.221090e+03  9.853562e+03  1.485727e+04 
 4.219398e-02  3.848326e+03  7.125575e+03  9.722121e+03  1.465604e+04 
 4.278214e-02  3.798348e+03  7.031954e+03  9.593274e+03  1.445877e+04 
 4.337850e-02  3.749403e+03  6.940263e+03  9.467069e+03  1.426553e+04 
 4.398317e-02  3.701516e+03  6.850540e+03  9.343566e+03  1.407639e+04 
 4.459628e-02  3.654707e+03  6.762824e+03  9.222817e+03  1.389144e+04 
 4.521792e-02  3.608997e+03  6.677155e+03  9.104873e+03  1.371076e+04 
 4.584824e-02  3.564401e+03  6.593563e+03  8.989775e+03  1.353440e+04 
 4.648734e-02  3.520937e+03  6.512076e+03  8.877556e+03  1.336241e+04 
 4.713535e-02  3.478800e+03  6.433894e+03  8.770743e+03  1.320103e+04 
 4.779239e-02  3.437929e+03  6.358566e+03  8.668355e+03  1.304780e+04 
 4.845859e-02  3.398222e+03  6.285383e+03  8.568888e+03  1.289895e+04 
 4.913407e-02  3.359664e+03  6.214325e+03  8.472313e+03  1.275444e+04 
 4.981898e-02  3.322233e+03  6.145349e+03  8.378573e+03  1.261418e+04 
 5.051342e-02  3.285902e+03  6.078401e+03  8.287600e+03  1.247808e+04 
 5.121755e-02  3.250633e+03  6.013415e+03  8.199299e+03  1.234597e+04 
 5.193150e-02  3.216384e+03  5.950316e+03  8.113561e+03  1.221774e+04 
 5.265540e-02  3.183113e+03  5.889021e+03  8.030283e+03  1.209319e+04 
 5.338938e-02  3.150502e+03  5.828445e+03  7.947458e+03  1.196791e+04 
 5.413360e-02  3.118435e+03  5.768277e+03  7.864567e+03  1.184084e+04 
 5.488820e-02  3.087152e+03  5.709567e+03  7.783670e+03  1.171679e+04 
 5.565331e-02  3.056587e+03  5.652184e+03  7.704590e+03  1.159547e+04 
 5.642908e-02  3.026637e+03  5.595944e+03  7.627072e+03  1.147650e+04 
 5.721568e-02  2.997195e+03  5.540650e+03  7.550838e+03  1.135948e+04 
 5.801323e-02  2.968146e+03  5.486089e+03  7.475612e+03  1.124402e+04 
 5.882190e-02  2.939442e+03  5.432184e+03  7.401311e+03  1.112999e+04 
 5.964185e-02  2.911184e+03  5.379504e+03  7.329093e+03  1.102024e+04 
 6.047322e-02  2.883607e+03  5.329120e+03  7.261085e+03  1.091981e+04 
 6.131619e-02  2.856006e+03  5.278683e+03  7.192999e+03  1.081923e+04 
 6.217090e-02  2.828177e+03  5.227801e+03  7.124288e+03  1.071765e+04 
 6.303753e-02  2.800087e+03  5.176415e+03  7.054868e+03  1.061494e+04 
 6.391624e-02  2.771568e+03  5.124229e+03  6.984345e+03  1.051055e+04 
 6.480720e-02  2.742548e+03  5.071118e+03  6.912562e+03  1.040427e+04 
 6.571058e-02  2.712879e+03  5.016814e+03  6.839165e+03  1.029558e+04 
 6.662655e-02  2.681203e+03  4.956732e+03  6.755682e+03  1.016551e+04 
 6.755528e-02  2.648631e+03  4.894947e+03  6.669831e+03  1.003175e+04 
 6.849697e-02  2.615122e+03  4.831452e+03  6.581677e+03  9.894593e+03 
 6.945178e-02  2.580601e+03  4.766107e+03  6.491034e+03  9.753771e+03 
 7.041990e-02  2.544990e+03  4.698778e+03  6.397718e+03  9.609027e+03 
 7.140151e-02  2.508237e+03  4.629370e+03  6.301604e+03  9.460182e+03 
 7.239681e-02  2.470603e+03  4.558672e+03  6.204135e+03  9.310633e+03 
 7.340598e-02  2.432107e+03  4.486772e+03  6.105506e+03  9.160916e+03 
 7.442922e-02  2.392407e+03  4.412670e+03  6.003913e+03  9.006821e+03 
 7.546673e-02  2.351522e+03  4.336412e+03  5.899412e+03  8.848441e+03 
 7.651869e-02  2.309491e+03  4.258067e+03  5.792104e+03  8.685926e+03 
 7.758532e-02  2.266381e+03  4.177762e+03  5.682158e+03  8.519534e+03 
 7.866682e-02  2.223186e+03  4.098586e+03  5.575022e+03  8.360589e+03 
 7.976339e-02  2.180571e+03  4.022524e+03  5.474156e+03  8.216200e+03 
 8.087525e-02  2.137124e+03  3.944868e+03  5.371063e+03  8.068322e+03 
 8.200261e-02  2.092987e+03  3.865874e+03  5.266088e+03  7.917458e+03 
 8.314568e-02  2.048319e+03  3.785835e+03  5.159621e+03  7.764180e+03 
 8.430468e-02  2.003296e+03  3.705067e+03  5.052087e+03  7.609113e+03 
 8.547985e-02  1.957206e+03  3.620914e+03  4.938579e+03  7.441745e+03 
 8.667139e-02  1.910763e+03  3.535448e+03  4.822640e+03  7.269160e+03 
 8.787954e-02  1.864613e+03  3.450513e+03  4.707412e+03  7.097589e+03 
 8.910453e-02  1.818964e+03  3.366493e+03  4.593412e+03  6.927806e+03 
 9.034660e-02  1.774032e+03  3.283788e+03  4.481184e+03  6.760625e+03 
 9.160598e-02  1.730735e+03  3.205083e+03  4.375304e+03  6.605068e+03 
 9.288292e-02  1.689195e+03  3.130488e+03  4.275806e+03  6.460927e+03 
 9.417766e-02  1.648915e+03  3.058140e+03  4.179284e+03  6.321043e+03 
 9.549045e-02  1.610075e+03  2.988370e+03  4.086193e+03  6.186105e+03 
 9.682153e-02  1.572821e+03  2.921460e+03  3.996920e+03  6.056711e+03 
 9.817117e-02  1.537576e+03  2.858618e+03  3.913520e+03  5.936926e+03 
 9.953962e-02  1.504256e+03  2.799416e+03  3.835153e+03  5.824868e+03 
 1.009272e-01  1.472836e+03  2.743648e+03  3.761385e+03  5.719525e+03 
 1.023340e-01  1.443370e+03  2.691424e+03  3.692375e+03  5.621163e+03 
 1.037605e-01  1.415194e+03  2.640670e+03  3.624523e+03  5.522583e+03 
 1.052069e-01  1.386373e+03  2.585476e+03  3.547641e+03  5.403522e+03 
 1.066734e-01  1.359535e+03  2.534002e+03  3.475872e+03  5.292244e+03 
 1.081604e-01  1.334602e+03  2.486093e+03  3.409001e+03  5.188418e+03 
 1.096681e-01  1.311446e+03  2.441519e+03  3.346712e+03  5.091579e+03 
 1.111968e-01  1.290250e+03  2.401025e+03  3.290222e+03  5.003413e+03 
 1.127468e-01  1.270488e+03  2.363227e+03  3.237442e+03  4.920889e+03 
 1.143184e-01  1.251937e+03  2.327692e+03  3.187768e+03  4.843103e+03 
 1.159120e-01  1.234367e+03  2.293996e+03  3.140625e+03  4.769189e+03 
 1.175277e-01  1.218521e+03  2.264596e+03  3.100284e+03  4.707476e+03 
 1.191660e-01  1.203199e+03  2.236263e+03  3.061486e+03  4.648275e+03 
 1.208271e-01  1.188033e+03  2.208227e+03  3.023101e+03  4.589727e+03 
 1.225114e-01  1.172723e+03  2.179914e+03  2.984356e+03  4.530760e+03 
 1.242191e-01  1.156702e+03  2.150119e+03  2.943683e+03  4.469810e+03 
 1.259506e-01  1.140059e+03  2.119189e+03  2.901473e+03  4.406564e+03 
 1.277063e-01  1.122585e+03  2.086730e+03  2.857192e+03  4.340219e+03 
 1.294865e-01  1.104479e+03  2.053329e+03  2.811682e+03  4.271743e+03 
 1.312915e-01  1.085651e+03  2.018849e+03  2.764766e+03  4.200816e+03 
 1.331216e-01  1.065576e+03  1.982059e+03  2.714707e+03  4.125175e+03 
 1.349772e-01  1.044283e+03  1.943060e+03  2.661693e+03  4.045251e+03 
 1.368587e-01  1.023028e+03  1.906268e+03  2.614125e+03  3.980596e+03 
 1.387665e-01  1.000595e+03  1.867204e+03  2.563373e+03  3.910904e+03 
 1.407008e-01  9.771519e+02  1.826175e+03  2.509841e+03  3.836744e+03 
 1.426621e-01  9.537841e+02  1.785531e+03  2.456594e+03  3.761288e+03 
 1.446507e-01  9.300928e+02  1.744271e+03  2.402354e+03  3.683610e+03 
 1.466671e-01  9.060686e+02  1.702252e+03  2.346964e+03  3.603949e+03 
 1.487115e-01  8.798569e+02  1.654061e+03  2.281679e+03  3.507016e+03 
 1.507845e-01  8.525589e+02  1.602465e+03  2.210774e+03  3.400037e+03 
 1.528864e-01  8.260088e+02  1.552273e+03  2.141779e+03  3.295864e+03 
 1.550175e-01  8.024439e+02  1.509718e+03  2.084868e+03  3.213143e+03 
 1.571784e-01  7.814291e+02  1.473287e+03  2.037416e+03  3.146821e+03 
 1.593694e-01  7.617433e+02  1.439196e+03  1.993043e+03  3.084891e+03 
 1.615909e-01  7.440470e+02  1.409010e+03  1.954029e+03  3.030771e+03 
 1.638434e-01  7.281306e+02  1.382169e+03  1.919554e+03  2.983315e+03 
 1.661273e-01  7.138130e+02  1.358215e+03  1.888960e+03  2.941612e+03 
 1.684430e-01  6.976041e+02  1.327690e+03  1.847279e+03  2.879791e+03 
 1.707910e-01  6.825321e+02  1.298942e+03  1.807800e+03  2.820947e+03 
 1.731717e-01  6.693860e+02  1.274242e+03  1.774108e+03  2.771023e+03 
 1.755856e-01  6.595984e+02  1.257544e+03  1.752290e+03  2.739498e+03 
 1.780332e-01  6.506546e+02  1.242420e+03  1.732637e+03  2.711319e+03 
 1.805149e-01  6.404233e+02  1.222565e+03  1.704483e+03  2.666171e+03 
 1.830312e-01  6.293719e+02  1.199812e+03  1.671167e+03  2.610802e+03 
 1.855825e-01  6.184139e+02  1.177573e+03  1.638950e+03  2.558040e+03 
 1.881694e-01  6.077947e+02  1.157824e+03  1.612304e+03  2.518970e+03 
 1.907924e-01  5.966277e+02  1.137048e+03  1.584230e+03  2.477663e+03 
 1.934520e-01  5.842493e+02  1.113850e+03  1.552956e+03  2.432734e+03 
 1.961486e-01  5.708597e+02  1.088712e+03  1.519040e+03  2.384099e+03 
 1.988828e-01  5.579005e+02  1.065201e+03  1.487645e+03  2.338984e+03 
 2.016551e-01  5.460088e+02  1.044852e+03  1.461002e+03  2.300705e+03 
 2.044661e-01  5.331962e+02  1.022411e+03  1.431184e+03  2.257006e+03 
 2.073162e-01  5.188629e+02  9.954005e+02  1.393681e+03  2.199194e+03 
 2.102061e-01  5.043014e+02  9.679151e+02  1.355487e+03  2.140200e+03 
 2.131362e-01  4.937681e+02  9.526318e+02  1.337498e+03  2.116961e+03 
 2.161073e-01  4.836369e+02  9.381388e+02  1.320628e+03  2.095450e+03 
 2.191197e-01  4.706706e+02  9.156095e+02  1.291522e+03  2.056165e+03 
 2.221741e-01  4.577326e+02  8.924653e+02  1.261241e+03  2.015116e+03 
 2.252711e-01  4.462138e+02  8.725097e+02  1.235641e+03  1.980812e+03 
 2.284112e-01  4.358678e+02  8.548927e+02  1.213324e+03  1.951324e+03 
 2.315951e-01  4.269145e+02  8.388687e+02  1.191544e+03  1.917682e+03 
 2.348235e-01  4.190662e+02  8.245950e+02  1.171643e+03  1.885322e+03 
 2.380968e-01  4.098660e+02  8.063046e+02  1.145729e+03  1.844990e+03 
 2.414157e-01  4.007891e+02  7.879187e+02  1.119601e+03  1.804729e+03 
 2.447809e-01  3.917736e+02  7.702471e+02  1.095085e+03  1.767130e+03 
 2.481930e-01  3.830720e+02  7.533207e+02  1.071695e+03  1.731287e+03 
 2.516527e-01  3.778848e+02  7.446705e+02  1.060093e+03  1.713356e+03 
 2.551606e-01  3.714650e+02  7.331676e+02  1.044431e+03  1.689570e+03 
 2.587174e-01  3.616096e+02  7.135766e+02  1.017265e+03  1.649480e+03 
 2.623238e-01  3.532152e+02  6.980855e+02  9.963655e+02  1.619170e+03 
 2.659804e-01  3.464517e+02  6.871163e+02  9.823629e+02  1.599629e+03 
 2.696881e-01  3.374647e+02  6.707352e+02  9.602724e+02  1.566301e+03 
 2.734474e-01  3.278099e+02  6.527494e+02  9.357978e+02  1.528974e+03 
 2.772591e-01  3.205525e+02  6.409310e+02  9.211838e+02  1.510439e+03 
 2.811239e-01  3.129343e+02  6.277330e+02  9.044620e+02  1.489714e+03 
 2.850426e-01  3.049761e+02  6.130016e+02  8.854127e+02  1.467032e+03 
 2.890160e-01  2.978358e+02  6.008046e+02  8.696252e+02  1.444204e+03 
 2.930447e-01  2.912686e+02  5.893256e+02  8.540676e+02  1.419431e+03 
 2.971296e-01  2.850613e+02  5.767423e+02  8.348335e+02  1.385632e+03 
 3.012714e-01  2.794916e+02  5.669593e+02  8.217322e+02  1.365925e+03 
 3.054710e-01  2.740178e+02  5.577504e+02  8.102190e+02  1.350635e+03 
 3.097291e-01  2.673798e+02  5.453777e+02  7.939049e+02  1.328345e+03 
 3.140465e-01  2.613191e+02  5.329939e+02  7.758912e+02  1.298281e+03 
 3.184242e-01  2.558925e+02  5.220642e+02  7.599592e+02  1.271530e+03 
 3.228628e-01  2.515984e+02  5.149775e+02  7.511212e+02  1.260875e+03 
 3.273634e-01  2.454375e+02  5.025451e+02  7.331688e+02  1.231876e+03 
 3.319266e-01  2.390273e+02  4.900946e+02  7.159128e+02  1.205778e+03 
 3.365535e-01  2.329470e+02  4.792901e+02  7.020475e+02  1.187349e+03 
 3.412449e-01  2.287868e+02  4.737845e+02  6.954209e+02  1.176411e+03 
 3.460016e-01  2.242046e+02  4.662692e+02  6.856762e+02  1.162518e+03 
 3.508247e-01  2.197085e+02  4.581699e+02  6.747858e+02  1.146465e+03 
 3.557150e-01  2.153674e+02  4.499964e+02  6.636072e+02  1.129165e+03 
 3.606735e-01  2.103815e+02  4.409856e+02  6.516979e+02  1.112182e+03 
 3.657011e-01  2.043983e+02  4.294986e+02  6.359381e+02  1.090298e+03 
 3.707988e-01  1.996249e+02  4.202377e+02  6.232345e+02  1.071259e+03 
 3.759675e-01  1.952697e+02  4.118133e+02  6.116009e+02  1.053700e+03 
 3.812083e-01  1.907760e+02  4.035743e+02  6.003646e+02  1.037179e+03 
 3.865221e-01  1.869714e+02  3.979122e+02  5.935763e+02  1.025230e+03 
 3.919100e-01  1.830614e+02  3.887343e+02  5.796524e+02  1.006406e+03 
 3.973730e-01  1.786548e+02  3.814200e+02  5.704228e+02  9.914035e+02 
 4.029122e-01  1.751502e+02  3.758440e+02  5.625481e+02  9.765757e+02 
 4.085286e-01  1.715731e+02  3.680884e+02  5.514094e+02  9.605593e+02 
 4.142232e-01  1.672570e+02  3.592365e+02  5.397189e+02  9.460559e+02 
 4.199973e-01  1.631025e+02  3.520412e+02  5.305439e+02  9.323549e+02 
 4.258518e-01  1.597931e+02  3.457918e+02  5.215310e+02  9.163942e+02 
 4.317880e-01  1.562726e+02  3.387379e+02  5.110310e+02  9.002744e+02 
 4.378069e-01  1.531854e+02  3.325401e+02  5.021236e+02  8.853008e+02 
 4.439097e-01  1.506186e+02  3.285373e+02  4.973508e+02  8.811069e+02 
 4.500975e-01  1.465610e+02  3.208909e+02  4.867797e+02  8.652681e+02 
 4.563716e-01  1.431231e+02  3.137406e+02  4.762694e+02  8.461493e+02 
 4.627332e-01  1.409471e+02  3.107450e+02  4.730938e+02  8.431589e+02 
 4.691835e-01  1.373654e+02  3.035281e+02  4.625601e+02  8.251274e+02 
 4.757236e-01  1.347724e+02  2.984312e+02  4.555804e+02  8.144165e+02 
 4.823549e-01  1.312669e+02  2.911555e+02  4.453379e+02  8.006707e+02 
 4.890787e-01  1.285055e+02  2.857487e+02  4.379260e+02  7.887481e+02 
 4.958962e-01  1.264382e+02  2.816556e+02  4.314637e+02  7.766745e+02 
 5.028087e-01  1.236596e+02  2.767701e+02  4.248088e+02  7.668768e+02 
 5.098176e-01  1.213845e+02  2.725341e+02  4.185117e+02  7.541705e+02 
 5.169242e-01  1.192928e+02  2.685453e+02  4.131551e+02  7.468394e+02 
 5.241298e-01  1.154297e+02  2.618963e+02  4.049395e+02  7.366515e+02 
 5.314359e-01  1.134242e+02  2.587264e+02  4.005002e+02  7.294123e+02 
 5.388438e-01  1.110589e+02  2.533185e+02  3.923744e+02  7.170068e+02 
 5.463550e-01  1.090954e+02  2.493819e+02  3.864164e+02  7.070002e+02 
 5.539709e-01  1.062202e+02  2.443024e+02  3.798612e+02  6.965166e+02 
 5.616930e-01  1.043538e+02  2.406136e+02  3.745797e+02  6.883571e+02 
 5.695227e-01  1.023133e+02  2.372884e+02  3.703666e+02  6.789895e+02 
 5.774615e-01  1.000015e+02  2.322468e+02  3.623216e+02  6.675186e+02 
 5.855110e-01  9.822256e+01  2.284775e+02  3.569813e+02  6.584620e+02 
 5.936727e-01  9.596661e+01  2.231846e+02  3.496679e+02  6.473385e+02 
 6.019482e-01  9.436239e+01  2.206880e+02  3.454876e+02  6.395357e+02 
 6.103390e-01  9.214377e+01  2.168572e+02  3.403921e+02  6.301399e+02 
 6.188468e-01  9.010294e+01  2.135178e+02  3.374753e+02  6.278875e+02 
 6.274732e-01  8.862473e+01  2.096264e+02  3.307560e+02  6.170325e+02 
 6.362198e-01  8.687485e+01  2.064918e+02  3.259941e+02  6.075987e+02 
 6.450884e-01  8.485701e+01  2.028456e+02  3.208990e+02  5.985808e+02 
 6.540806e-01  8.310350e+01  1.985941e+02  3.144334e+02  5.892832e+02 
 6.631981e-01  8.129230e+01  1.957887e+02  3.113470e+02  5.833880e+02 
 6.724427e-01  7.976131e+01  1.924265e+02  3.066815e+02  5.776338e+02 
 6.818162e-01  7.806655e+01  1.890070e+02  3.005525e+02  5.663726e+02 
 6.913204e-01  7.641259e+01  1.856478e+02  2.961875e+02  5.586833e+02 
 7.009570e-01  7.533188e+01  1.829373e+02  2.921854e+02  5.515346e+02 
 7.107280e-01  7.342712e+01  1.799217e+02  2.878219e+02  5.429117e+02 
 7.206351e-01  7.230002e+01  1.772406e+02  2.842345e+02  5.384234e+02 
 7.306804e-01  7.084964e+01  1.745657e+02  2.797220e+02  5.289514e+02 
 7.408657e-01  6.928873e+01  1.711955e+02  2.748478e+02  5.221627e+02 
 7.511929e-01  6.782873e+01  1.681552e+02  2.708806e+02  5.150006e+02 
 7.616642e-01  6.651452e+01  1.652037e+02  2.666792e+02  5.085581e+02 
 7.722814e-01  6.564865e+01  1.635081e+02  2.636412e+02  5.010920e+02 
 7.830465e-01  6.427425e+01  1.604449e+02  2.593163e+02  4.945089e+02 
 7.939618e-01  6.309092e+01  1.583766e+02  2.559693e+02  4.896996e+02 
 8.050292e-01  6.170719e+01  1.555474e+02  2.525964e+02  4.832371e+02 
 8.162509e-01  6.065323e+01  1.532909e+02  2.483653e+02  4.748806e+02 
 8.276289e-01  5.919022e+01  1.503375e+02  2.444878e+02  4.688761e+02 
 8.391656e-01  5.846837e+01  1.485907e+02  2.411691e+02  4.638632e+02 
 8.508632e-01  5.740015e+01  1.461049e+02  2.378926e+02  4.575334e+02 
 8.627237e-01  5.615577e+01  1.438230e+02  2.343867e+02  4.503425e+02 
 8.747496e-01  5.513099e+01  1.414551e+02  2.309809e+02  4.443643e+02 
 8.869432e-01  5.418316e+01  1.394477e+02  2.278631e+02  4.386113e+02 
 8.993067e-01  5.310398e+01  1.372647e+02  2.244527e+02  4.323245e+02 
 9.118425e-01  5.226800e+01  1.349549e+02  2.207277e+02  4.246655e+02 
 9.245531e-01  5.114169e+01  1.327222e+02  2.173130e+02  4.199921e+02 
 9.374409e-01  5.017462e+01  1.307324e+02  2.145571e+02  4.142468e+02 
 9.505083e-01  4.934705e+01  1.287134e+02  2.114657e+02  4.084034e+02 
 9.637579e-01  4.829850e+01  1.262663e+02  2.078021e+02  4.024589e+02 
 9.771921e-01  4.768277e+01  1.255072e+02  2.057555e+02  3.970086e+02 
 9.908137e-01  4.677001e+01  1.232072e+02  2.025434e+02  3.918643e+02 
 1.004625e+00  4.587135e+01  1.209759e+02  1.990701e+02  3.851851e+02 
 1.018629e+00  4.510933e+01  1.193256e+02  1.963089e+02  3.796117e+02 
 1.032828e+00  4.425758e+01  1.174943e+02  1.938043e+02  3.756442e+02 
 1.047225e+00  4.341097e+01  1.158305e+02  1.907456e+02  3.691416e+02 
 1.061823e+00  4.274671e+01  1.142816e+02  1.881538e+02  3.637460e+02 
 1.076624e+00  4.195391e+01  1.124843e+02  1.853651e+02  3.582389e+02 
 1.091632e+00  4.123647e+01  1.107212e+02  1.827213e+02  3.527734e+02 
 1.106848e+00  4.045565e+01  1.088387e+02  1.799632e+02  3.479161e+02 
 1.122277e+00  3.974620e+01  1.073160e+02  1.770503e+02  3.421463e+02 
 1.137921e+00  3.903011e+01  1.055144e+02  1.743919e+02  3.370096e+02 
 1.153783e+00  3.840441e+01  1.038928e+02  1.717483e+02  3.321387e+02 
 1.169866e+00  3.771616e+01  1.023496e+02  1.691539e+02  3.273556e+02 
 1.186174e+00  3.703046e+01  1.008719e+02  1.666584e+02  3.220525e+02 
 1.202708e+00  3.643505e+01  9.931462e+01  1.641722e+02  3.170287e+02 
 1.219473e+00  3.582105e+01  9.786046e+01  1.618077e+02  3.117455e+02 
 1.236472e+00  3.518489e+01  9.640192e+01  1.594762e+02  3.071234e+02 
 1.253708e+00  3.460984e+01  9.484972e+01  1.568565e+02  3.026029e+02 
 1.271184e+00  3.403154e+01  9.376945e+01  1.549076e+02  2.976792e+02 
 1.288904e+00  3.345085e+01  9.199137e+01  1.522281e+02  2.933814e+02 
 1.306870e+00  3.284242e+01  9.059294e+01  1.498773e+02  2.884151e+02 
 1.325087e+00  3.234365e+01  8.927247e+01  1.476225e+02  2.835084e+02 
 1.343558e+00  3.179906e+01  8.787256e+01  1.453061e+02  2.788477e+02 
 1.362287e+00  3.130288e+01  8.645429e+01  1.428415e+02  2.743043e+02 
 1.381276e+00  3.076973e+01  8.511944e+01  1.403755e+02  2.697562e+02 
 1.400531e+00  3.026674e+01  8.380953e+01  1.382382e+02  2.648796e+02 
 1.420053e+00  2.973274e+01  8.241714e+01  1.360849e+02  2.603276e+02 
 1.439848e+00  2.925279e+01  8.118568e+01  1.337558e+02  2.559707e+02 
 1.459919e+00  2.872553e+01  7.986480e+01  1.315441e+02  2.512720e+02 
 1.480269e+00  2.830924e+01  7.847031e+01  1.292650e+02  2.465051e+02 
 1.500903e+00  2.782619e+01  7.725094e+01  1.270635e+02  2.426304e+02 
 1.521825e+00  2.735927e+01  7.611887e+01  1.250759e+02  2.382172e+02 
 1.543038e+00  2.689309e+01  7.487310e+01  1.230892e+02  2.341815e+02 
 1.564548e+00  2.648917e+01  7.366620e+01  1.209640e+02  2.298095e+02 
 1.586357e+00  2.605803e+01  7.255278e+01  1.189604e+02  2.256121e+02 
 1.608469e+00  2.560970e+01  7.140273e+01  1.169675e+02  2.217695e+02 
 1.630891e+00  2.526624e+01  7.011719e+01  1.147587e+02  2.173770e+02 
 1.653624e+00  2.481911e+01  6.896667e+01  1.129169e+02  2.137083e+02 
 1.676675e+00  2.441515e+01  6.794784e+01  1.110272e+02  2.095147e+02 
 1.700047e+00  2.400615e+01  6.681900e+01  1.090429e+02  2.056408e+02 
 1.723745e+00  2.362392e+01  6.566903e+01  1.070816e+02  2.014530e+02 
 1.747773e+00  2.321347e+01  6.452745e+01  1.051236e+02  1.975695e+02 
 1.772136e+00  2.283924e+01  6.342594e+01  1.031896e+02  1.939174e+02 
 1.796838e+00  2.247587e+01  6.233487e+01  1.013331e+02  1.900577e+02 
 1.821885e+00  2.212403e+01  6.124627e+01  9.942486e+01  1.863930e+02 
 1.847281e+00  2.176058e+01  6.028384e+01  9.768844e+01  1.827078e+02 
 1.873032e+00  2.140861e+01  5.916387e+01  9.573172e+01  1.791409e+02 
 1.899141e+00  2.104665e+01  5.809396e+01  9.399240e+01  1.755866e+02 
 1.925614e+00  2.071924e+01  5.711072e+01  9.225069e+01  1.719855e+02 
 1.952456e+00  2.043801e+01  5.615672e+01  9.053518e+01  1.684999e+02 
 1.979672e+00  2.006364e+01  5.519890e+01  8.884759e+01  1.651301e+02 
 2.007267e+00  1.976676e+01  5.419666e+01  8.705049e+01  1.618686e+02 
 2.035248e+00  1.942035e+01  5.319411e+01  8.535017e+01  1.584561e+02 
 2.063618e+00  1.910383e+01  5.221024e+01  8.370769e+01  1.551336e+02 
 2.092383e+00  1.879673e+01  5.125955e+01  8.203059e+01  1.519322e+02 
 2.121550e+00  1.847803e+01  5.028956e+01  8.039168e+01  1.486605e+02 
 2.151123e+00  1.817885e+01  4.935659e+01  7.873822e+01  1.454444e+02 
 2.181109e+00  1.787394e+01  4.840828e+01  7.716618e+01  1.424038e+02 
 2.211512e+00  1.757655e+01  4.745972e+01  7.553577e+01  1.391879e+02 
 2.242340e+00  1.728842e+01  4.658363e+01  7.400220e+01  1.362080e+02 
 2.273597e+00  1.698074e+01  4.567489e+01  7.239657e+01  1.332119e+02 
 2.305289e+00  1.671620e+01  4.478288e+01  7.091844e+01  1.303133e+02 
 2.337424e+00  1.643357e+01  4.388945e+01  6.940510e+01  1.274602e+02 
 2.370006e+00  1.615462e+01  4.302930e+01  6.796563e+01  1.247186e+02 
 2.403043e+00  1.587079e+01  4.218281e+01  6.648104e+01  1.219045e+02 
 2.436540e+00  1.561312e+01  4.135789e+01  6.507487e+01  1.191836e+02 
 2.470504e+00  1.534897e+01  4.054368e+01  6.365865e+01  1.165057e+02 
 2.504942e+00  1.508946e+01  3.974951e+01  6.231199e+01  1.139244e+02 
 2.539859e+00  1.484364e+01  3.893406e+01  6.093574e+01  1.113249e+02 
 2.575263e+00  1.457773e+01  3.812912e+01  5.965213e+01  1.088445e+02 
 2.611161e+00  1.433660e+01  3.734202e+01  5.829095e+01  1.063612e+02 
 2.647559e+00  1.408881e+01  3.655850e+01  5.696508e+01  1.038690e+02 
 2.684465e+00  1.384381e+01  3.581445e+01  5.567724e+01  1.014537e+02 
 2.721885e+00  1.358984e+01  3.502418e+01  5.442358e+01  9.908309e+01 
 2.759826e+00  1.334934e+01  3.425810e+01  5.316044e+01  9.675584e+01 
 2.798297e+00  1.310990e+01  3.353380e+01  5.194771e+01  9.452582e+01 
 2.837304e+00  1.287573e+01  3.279994e+01  5.074296e+01  9.227975e+01 
 2.876854e+00  1.264127e+01  3.207438e+01  4.955748e+01  9.010153e+01 
 2.916956e+00  1.241351e+01  3.137958e+01  4.839943e+01  8.793037e+01 
 2.957617e+00  1.219216e+01  3.069688e+01  4.728355e+01  8.585984e+01 
 2.998844e+00  1.196850e+01  3.002423e+01  4.616987e+01  8.380510e+01 
 3.040646e+00  1.175074e+01  2.935333e+01  4.508561e+01  8.186039e+01 
 3.083031e+00  1.153647e+01  2.869737e+01  4.402615e+01  7.991457e+01 
 3.126007e+00  1.133018e+01  2.806603e+01  4.298773e+01  7.799194e+01 
 3.169582e+00  1.111946e+01  2.742035e+01  4.195362e+01  7.613148e+01 
 3.213764e+00  1.091312e+01  2.680081e+01  4.094913e+01  7.429928e+01 
 3.258562e+00  1.070455e+01  2.619627e+01  3.996072e+01  7.249696e+01 
 3.303985e+00  1.050102e+01  2.557983e+01  3.899175e+01  7.073279e+01 
 3.350041e+00  1.030184e+01  2.497646e+01  3.802551e+01  6.898663e+01 
 3.396739e+00  1.009832e+01  2.439261e+01  3.709848e+01  6.727497e+01 
 3.444087e+00  9.904838e+00  2.380560e+01  3.616527e+01  6.560209e+01 
 3.492096e+00  9.711157e+00  2.324438e+01  3.527713e+01  6.399489e+01 
 3.540774e+00  9.515492e+00  2.269486e+01  3.440429e+01  6.240450e+01 
 3.590130e+00  9.328728e+00  2.214479e+01  3.353737e+01  6.086410e+01 
 3.640175e+00  9.146368e+00  2.161402e+01  3.270998e+01  5.934527e+01 
 3.690917e+00  8.960658e+00  2.110118e+01  3.188337e+01  5.787136e+01 
 3.742366e+00  8.780921e+00  2.058272e+01  3.108866e+01  5.645326e+01 
 3.794533e+00  8.606950e+00  2.009314e+01  3.031453e+01  5.504681e+01 
 3.847427e+00  8.433709e+00  1.960090e+01  2.955609e+01  5.369486e+01 
 3.901058e+00  8.259277e+00  1.912951e+01  2.881909e+01  5.235460e+01 
 3.955436e+00  8.095061e+00  1.866052e+01  2.808311e+01  5.104178e+01 
 4.010573e+00  7.925516e+00  1.819979e+01  2.737872e+01  4.977029e+01 
 4.066478e+00  7.760583e+00  1.774602e+01  2.667593e+01  4.850647e+01 
 4.123163e+00  7.596304e+00  1.730685e+01  2.599107e+01  4.727295e+01 
 4.180637e+00  7.436591e+00  1.687389e+01  2.532360e+01  4.606197e+01 
 4.238913e+00  7.277502e+00  1.644465e+01  2.466660e+01  4.489235e+01 
 4.298001e+00  7.117925e+00  1.602875e+01  2.402942e+01  4.373598e+01 
 4.357913e+00  6.967791e+00  1.562109e+01  2.340870e+01  4.262482e+01 
 4.418660e+00  6.815112e+00  1.522727e+01  2.279932e+01  4.153769e+01 
 4.480254e+00  6.665199e+00  1.483820e+01  2.220755e+01  4.047345e+01 
 4.542706e+00  6.520637e+00  1.445770e+01  2.162905e+01  3.943437e+01 
 4.606029e+00  6.377188e+00  1.409331e+01  2.107198e+01  3.843500e+01 
 4.670234e+00  6.236577e+00  1.373486e+01  2.053118e+01  3.745949e+01 
 4.735335e+00  6.099251e+00  1.338687e+01  2.000020e+01  3.650294e+01 
 4.801343e+00  5.966422e+00  1.304900e+01  1.948572e+01  3.556940e+01 
 4.868271e+00  5.834046e+00  1.271618e+01  1.898133e+01  3.466103e+01 
 4.936132e+00  5.703792e+00  1.239032e+01  1.848993e+01  3.377346e+01 
 5.004939e+00  5.575293e+00  1.207304e+01  1.800817e+01  3.290259e+01 
 5.074705e+00  5.447905e+00  1.176050e+01  1.753530e+01  3.205203e+01 
 5.145444e+00  5.324077e+00  1.145616e+01  1.707555e+01  3.122220e+01 
 5.217169e+00  5.200899e+00  1.115717e+01  1.662396e+01  3.040120e+01 
 5.289893e+00  5.082119e+00  1.086742e+01  1.618979e+01  2.961067e+01 
 5.363631e+00  4.962978e+00  1.058401e+01  1.575912e+01  2.883596e+01 
 5.438397e+00  4.848007e+00  1.030700e+01  1.534352e+01  2.807864e+01 
 5.514206e+00  4.734764e+00  1.003804e+01  1.493941e+01  2.734551e+01 
 5.591071e+00  4.622932e+00  9.777264e+00  1.454503e+01  2.663215e+01 
 5.669007e+00  4.515962e+00  9.522027e+00  1.416429e+01  2.593867e+01 
 5.748030e+00  4.410199e+00  9.275666e+00  1.379206e+01  2.526095e+01 
 5.828155e+00  4.307007e+00  9.035787e+00  1.343228e+01  2.460414e+01 
 5.909396e+00  4.206323e+00  8.802188e+00  1.308193e+01  2.396783e+01 
 5.991770e+00  4.107573e+00  8.574288e+00  1.274008e+01  2.334618e+01 
 6.075292e+00  4.011474e+00  8.353902e+00  1.240865e+01  2.273945e+01 
 6.159978e+00  3.915254e+00  8.137964e+00  1.208509e+01  2.214813e+01 
 6.245845e+00  3.823905e+00  7.926854e+00  1.176848e+01  2.156733e+01 
 6.332908e+00  3.732364e+00  7.719354e+00  1.145780e+01  2.099853e+01 
 6.421186e+00  3.643362e+00  7.517867e+00  1.115450e+01  2.044319e+01 
 6.510694e+00  3.555413e+00  7.320741e+00  1.085995e+01  1.990193e+01 
 6.601449e+00  3.470022e+00  7.129386e+00  1.057252e+01  1.937459e+01 
 6.693470e+00  3.385953e+00  6.941807e+00  1.029138e+01  1.885925e+01 
 6.786773e+00  3.303917e+00  6.760285e+00  1.001848e+01  1.835849e+01 
 6.881377e+00  3.224355e+00  6.583611e+00  9.753561e+00  1.786965e+01 
 6.977300e+00  3.146515e+00  6.412309e+00  9.497191e+00  1.739656e+01 
 7.074559e+00  3.070937e+00  6.245294e+00  9.246348e+00  1.693557e+01 
 7.173175e+00  2.996888e+00  6.083691e+00  9.003987e+00  1.648892e+01 
 7.273165e+00  2.925170e+00  5.926893e+00  8.769255e+00  1.605411e+01 
 7.374549e+00  2.855147e+00  5.774074e+00  8.539696e+00  1.563243e+01 
 7.477346e+00  2.786713e+00  5.626299e+00  8.318417e+00  1.522186e+01 
 7.581576e+00  2.720452e+00  5.481384e+00  8.101516e+00  1.482154e+01 
 7.687260e+00  2.655310e+00  5.340713e+00  7.890197e+00  1.443160e+01 
 7.794416e+00  2.591524e+00  5.202965e+00  7.682751e+00  1.404886e+01 
 7.903066e+00  2.529087e+00  5.067980e+00  7.480054e+00  1.367377e+01 
 8.013230e+00  2.467999e+00  4.936972e+00  7.283878e+00  1.330872e+01 
 8.124930e+00  2.408157e+00  4.808923e+00  7.091399e+00  1.295177e+01 
 8.238187e+00  2.349975e+00  4.683813e+00  6.903464e+00  1.260441e+01 
 8.353023e+00  2.293056e+00  4.562384e+00  6.721252e+00  1.226569e+01 
 8.469460e+00  2.237740e+00  4.444353e+00  6.543870e+00  1.193636e+01 
 8.587519e+00  2.183838e+00  4.329393e+00  6.371287e+00  1.161630e+01 
 8.707225e+00  2.131388e+00  4.217508e+00  6.203785e+00  1.130528e+01 
 8.828599e+00  2.080418e+00  4.109554e+00  6.041089e+00  1.100260e+01 
 8.951665e+00  2.030761e+00  4.004534e+00  5.883199e+00  1.070957e+01 
 9.076446e+00  1.982608e+00  3.902671e+00  5.730409e+00  1.042533e+01 
 9.202967e+00  1.935787e+00  3.803627e+00  5.581847e+00  1.014850e+01 
 9.331251e+00  1.890190e+00  3.707250e+00  5.437020e+00  9.879475e+00 
 9.461324e+00  0.000000e+00  0.000000e+00  0.000000e+00  0.000000e+00 
 9.593209e+00  0.000000e+00  0.000000e+00  0.000000e+00  0.000000e+00 
 9.726934e+00  0.000000e+00  0.000000e+00  0.000000e+00  0.000000e+00 
 9.862522e+00  0.000000e+00  0.000000e+00  0.000000e+00  0.000000e+00 
 1.000000e+01  0.000000e+00  0.000000e+00  0.000000e+00  0.000000e+00 
