 1.000000e-02  5.626868e+03  1.038646e+04  1.416366e+04  2.138906e+04 
 1.013939e-02  5.657896e+03  1.044356e+04  1.424134e+04  2.150591e+04 
 1.028073e-02  5.688476e+03  1.049982e+04  1.431791e+04  2.162103e+04 
 1.042404e-02  5.718587e+03  1.055523e+04  1.439327e+04  2.173434e+04 
 1.056935e-02  5.748221e+03  1.060973e+04  1.446741e+04  2.184579e+04 
 1.071668e-02  5.777356e+03  1.066331e+04  1.454029e+04  2.195531e+04 
 1.086606e-02  5.805979e+03  1.071594e+04  1.461186e+04  2.206286e+04 
 1.101753e-02  5.834062e+03  1.076757e+04  1.468205e+04  2.216832e+04 
 1.117111e-02  5.861589e+03  1.081818e+04  1.475084e+04  2.227161e+04 
 1.132683e-02  5.888541e+03  1.086771e+04  1.481818e+04  2.237270e+04 
 1.148472e-02  5.914890e+03  1.091612e+04  1.488397e+04  2.247146e+04 
 1.164481e-02  5.940623e+03  1.096338e+04  1.494820e+04  2.256784e+04 
 1.180713e-02  5.965714e+03  1.100947e+04  1.501081e+04  2.266174e+04 
 1.197171e-02  5.990152e+03  1.105434e+04  1.507175e+04  2.275311e+04 
 1.213859e-02  6.013912e+03  1.109795e+04  1.513098e+04  2.284188e+04 
 1.230780e-02  6.036968e+03  1.114025e+04  1.518841e+04  2.292793e+04 
 1.247936e-02  6.059299e+03  1.118120e+04  1.524402e+04  2.301118e+04 
 1.265332e-02  6.080893e+03  1.122080e+04  1.529774e+04  2.309159e+04 
 1.282970e-02  6.101732e+03  1.125899e+04  1.534956e+04  2.316910e+04 
 1.300854e-02  6.121791e+03  1.129574e+04  1.539939e+04  2.324361e+04 
 1.318987e-02  6.141050e+03  1.133099e+04  1.544719e+04  2.331502e+04 
 1.337373e-02  6.159490e+03  1.136474e+04  1.549293e+04  2.338331e+04 
 1.356015e-02  6.177094e+03  1.139694e+04  1.553654e+04  2.344837e+04 
 1.374917e-02  6.193841e+03  1.142755e+04  1.557799e+04  2.351013e+04 
 1.394083e-02  6.209707e+03  1.145653e+04  1.561719e+04  2.356851e+04 
 1.413516e-02  6.224664e+03  1.148382e+04  1.565411e+04  2.362339e+04 
 1.433219e-02  6.238696e+03  1.150939e+04  1.568867e+04  2.367473e+04 
 1.453198e-02  6.251776e+03  1.153321e+04  1.572083e+04  2.372240e+04 
 1.473454e-02  6.263886e+03  1.155522e+04  1.575053e+04  2.376635e+04 
 1.493993e-02  6.275000e+03  1.157541e+04  1.577772e+04  2.380650e+04 
 1.514819e-02  6.285162e+03  1.159383e+04  1.580252e+04  2.384305e+04 
 1.535935e-02  6.294314e+03  1.161040e+04  1.582479e+04  2.387577e+04 
 1.557345e-02  6.302413e+03  1.162503e+04  1.584441e+04  2.390446e+04 
 1.579053e-02  6.309440e+03  1.163767e+04  1.586132e+04  2.392904e+04 
 1.601064e-02  6.315377e+03  1.164829e+04  1.587546e+04  2.394945e+04 
 1.623382e-02  6.320203e+03  1.165686e+04  1.588681e+04  2.396560e+04 
 1.646012e-02  6.323903e+03  1.166335e+04  1.589532e+04  2.397747e+04 
 1.668956e-02  6.326464e+03  1.166773e+04  1.590095e+04  2.398498e+04 
 1.692220e-02  6.327866e+03  1.166997e+04  1.590365e+04  2.398805e+04 
 1.715809e-02  6.328101e+03  1.167006e+04  1.590342e+04  2.398667e+04 
 1.739726e-02  6.327144e+03  1.166794e+04  1.590018e+04  2.398075e+04 
 1.763977e-02  6.324977e+03  1.166359e+04  1.589388e+04  2.397020e+04 
 1.788566e-02  6.321582e+03  1.165697e+04  1.588449e+04  2.395497e+04 
 1.813498e-02  6.316938e+03  1.164806e+04  1.587197e+04  2.393499e+04 
 1.838777e-02  6.311038e+03  1.163680e+04  1.585627e+04  2.391021e+04 
 1.864409e-02  6.303861e+03  1.162320e+04  1.583735e+04  2.388055e+04 
 1.890397e-02  6.295395e+03  1.160722e+04  1.581519e+04  2.384599e+04 
 1.916748e-02  6.285627e+03  1.158884e+04  1.578975e+04  2.380648e+04 
 1.943467e-02  6.274552e+03  1.156804e+04  1.576101e+04  2.376198e+04 
 1.970558e-02  6.262155e+03  1.154481e+04  1.572894e+04  2.371244e+04 
 1.998026e-02  6.248436e+03  1.151913e+04  1.569355e+04  2.365787e+04 
 2.025878e-02  6.233386e+03  1.149099e+04  1.565481e+04  2.359823e+04 
 2.054117e-02  6.217013e+03  1.146042e+04  1.561274e+04  2.353358e+04 
 2.082751e-02  6.199310e+03  1.142738e+04  1.556732e+04  2.346384e+04 
 2.111783e-02  6.180283e+03  1.139190e+04  1.551856e+04  2.338906e+04 
 2.141220e-02  6.160016e+03  1.135410e+04  1.546658e+04  2.330930e+04 
 2.171068e-02  6.138979e+03  1.131460e+04  1.541201e+04  2.322493e+04 
 2.201331e-02  6.116619e+03  1.127266e+04  1.535412e+04  2.313550e+04 
 2.232016e-02  6.092936e+03  1.122828e+04  1.529289e+04  2.304102e+04 
 2.263130e-02  6.067926e+03  1.118144e+04  1.522830e+04  2.294149e+04 
 2.294676e-02  6.041595e+03  1.113216e+04  1.516040e+04  2.283695e+04 
 2.326663e-02  6.013950e+03  1.108047e+04  1.508919e+04  2.272740e+04 
 2.359095e-02  5.984997e+03  1.102635e+04  1.501470e+04  2.261288e+04 
 2.391980e-02  5.954745e+03  1.096984e+04  1.493693e+04  2.249344e+04 
 2.425323e-02  5.923210e+03  1.091097e+04  1.485593e+04  2.236911e+04 
 2.459130e-02  5.890409e+03  1.084976e+04  1.477175e+04  2.223999e+04 
 2.493409e-02  5.856366e+03  1.078625e+04  1.468444e+04  2.210617e+04 
 2.528166e-02  5.821104e+03  1.072051e+04  1.459409e+04  2.196773e+04 
 2.563407e-02  5.784655e+03  1.065257e+04  1.450075e+04  2.182481e+04 
 2.599140e-02  5.747052e+03  1.058250e+04  1.440452e+04  2.167752e+04 
 2.635371e-02  5.708338e+03  1.051040e+04  1.430550e+04  2.152603e+04 
 2.672106e-02  5.668556e+03  1.043632e+04  1.420380e+04  2.137051e+04 
 2.709354e-02  5.627738e+03  1.036034e+04  1.409951e+04  2.121110e+04 
 2.747121e-02  5.585916e+03  1.028251e+04  1.399271e+04  2.104791e+04 
 2.785414e-02  5.543040e+03  1.020276e+04  1.388332e+04  2.088086e+04 
 2.824241e-02  5.498843e+03  1.012070e+04  1.377087e+04  2.070949e+04 
 2.863610e-02  5.453716e+03  1.003692e+04  1.365610e+04  2.053463e+04 
 2.903527e-02  5.407700e+03  9.951507e+03  1.353911e+04  2.035645e+04 
 2.944000e-02  5.360827e+03  9.864523e+03  1.341999e+04  2.017504e+04 
 2.985038e-02  5.313139e+03  9.776047e+03  1.329884e+04  1.999062e+04 
 3.026648e-02  5.264687e+03  9.686167e+03  1.317578e+04  1.980334e+04 
 3.068838e-02  5.215522e+03  9.594975e+03  1.305094e+04  1.961341e+04 
 3.111616e-02  5.165696e+03  9.502578e+03  1.292448e+04  1.942105e+04 
 3.154990e-02  5.115276e+03  9.409093e+03  1.279654e+04  1.922648e+04 
 3.198969e-02  5.064331e+03  9.314648e+03  1.266730e+04  1.902998e+04 
 3.243561e-02  5.012935e+03  9.219380e+03  1.253693e+04  1.883183e+04 
 3.288774e-02  4.961166e+03  9.123431e+03  1.240565e+04  1.863232e+04 
 3.334618e-02  4.909116e+03  9.026971e+03  1.227370e+04  1.843180e+04 
 3.381101e-02  4.856873e+03  8.930161e+03  1.214125e+04  1.823059e+04 
 3.428231e-02  4.804501e+03  8.833120e+03  1.200850e+04  1.802893e+04 
 3.476019e-02  4.751932e+03  8.736043e+03  1.187610e+04  1.782894e+04 
 3.524473e-02  4.699314e+03  8.638890e+03  1.174360e+04  1.762886e+04 
 3.573602e-02  4.646692e+03  8.541733e+03  1.161110e+04  1.742881e+04 
 3.623416e-02  4.594112e+03  8.444663e+03  1.147872e+04  1.722894e+04 
 3.673925e-02  4.541622e+03  8.347760e+03  1.134657e+04  1.702946e+04 
 3.725137e-02  4.489277e+03  8.251129e+03  1.121480e+04  1.683057e+04 
 3.777064e-02  4.437130e+03  8.154870e+03  1.108354e+04  1.663246e+04 
 3.829714e-02  4.385243e+03  8.059093e+03  1.095295e+04  1.643537e+04 
 3.883098e-02  4.333678e+03  7.963911e+03  1.082318e+04  1.623954e+04 
 3.937226e-02  4.282500e+03  7.869451e+03  1.069438e+04  1.604521e+04 
 3.992109e-02  4.231781e+03  7.775835e+03  1.056674e+04  1.585263e+04 
 4.047757e-02  4.181579e+03  7.683141e+03  1.044033e+04  1.566180e+04 
 4.104181e-02  4.131709e+03  7.590385e+03  1.031307e+04  1.546758e+04 
 4.161391e-02  4.082539e+03  7.498917e+03  1.018757e+04  1.527605e+04 
 4.219398e-02  4.034130e+03  7.408863e+03  1.006401e+04  1.508746e+04 
 4.278214e-02  3.986519e+03  7.320284e+03  9.942469e+03  1.490191e+04 
 4.337850e-02  3.939717e+03  7.233206e+03  9.822974e+03  1.471948e+04 
 4.398317e-02  3.893749e+03  7.147663e+03  9.705582e+03  1.454024e+04 
 4.459628e-02  3.848630e+03  7.063693e+03  9.590336e+03  1.436424e+04 
 4.521792e-02  3.804381e+03  6.981333e+03  9.477282e+03  1.419158e+04 
 4.584824e-02  3.761012e+03  6.900594e+03  9.366451e+03  1.402227e+04 
 4.648734e-02  3.718536e+03  6.821511e+03  9.257875e+03  1.385639e+04 
 4.713535e-02  3.677222e+03  6.745475e+03  9.154396e+03  1.370078e+04 
 4.779239e-02  3.636978e+03  6.671945e+03  9.054902e+03  1.355274e+04 
 4.845859e-02  3.597659e+03  6.600110e+03  8.957707e+03  1.340813e+04 
 4.913407e-02  3.559253e+03  6.529948e+03  8.862781e+03  1.326691e+04 
 4.981898e-02  3.521738e+03  6.461418e+03  8.770071e+03  1.312900e+04 
 5.051342e-02  3.485091e+03  6.394481e+03  8.679515e+03  1.299431e+04 
 5.121755e-02  3.449279e+03  6.329077e+03  8.591037e+03  1.286273e+04 
 5.193150e-02  3.414269e+03  6.265139e+03  8.504548e+03  1.273412e+04 
 5.265540e-02  3.380016e+03  6.202587e+03  8.419944e+03  1.260833e+04 
 5.338938e-02  3.346190e+03  6.140291e+03  8.335138e+03  1.248074e+04 
 5.413360e-02  3.312686e+03  6.077957e+03  8.249627e+03  1.235034e+04 
 5.488820e-02  3.279770e+03  6.016709e+03  8.165601e+03  1.222216e+04 
 5.565331e-02  3.247393e+03  5.956456e+03  8.082927e+03  1.209603e+04 
 5.642908e-02  3.215446e+03  5.896991e+03  8.001323e+03  1.197151e+04 
 5.721568e-02  3.183846e+03  5.838163e+03  7.920584e+03  1.184828e+04 
 5.801323e-02  3.152464e+03  5.779751e+03  7.840426e+03  1.172595e+04 
 5.882190e-02  3.121359e+03  5.721886e+03  7.761052e+03  1.160492e+04 
 5.964185e-02  3.090583e+03  5.665070e+03  7.683575e+03  1.148801e+04 
 6.047322e-02  3.060516e+03  5.610685e+03  7.610573e+03  1.138103e+04 
 6.131619e-02  3.030182e+03  5.555780e+03  7.536832e+03  1.127286e+04 
 6.217090e-02  2.999644e+03  5.500468e+03  7.462503e+03  1.116371e+04 
 6.303753e-02  2.968761e+03  5.444507e+03  7.387282e+03  1.105317e+04 
 6.391624e-02  2.937465e+03  5.387792e+03  7.311042e+03  1.094114e+04 
 6.480720e-02  2.905632e+03  5.330102e+03  7.233481e+03  1.082715e+04 
 6.571058e-02  2.873168e+03  5.271252e+03  7.154349e+03  1.071081e+04 
 6.662655e-02  2.838625e+03  5.206391e+03  7.064711e+03  1.057214e+04 
 6.755528e-02  2.803244e+03  5.139941e+03  6.972859e+03  1.043000e+04 
 6.849697e-02  2.767002e+03  5.071932e+03  6.878910e+03  1.028480e+04 
 6.945178e-02  2.729843e+03  5.002263e+03  6.782741e+03  1.013635e+04 
 7.041990e-02  2.691716e+03  4.930842e+03  6.684225e+03  9.984476e+03 
 7.140151e-02  2.652580e+03  4.857602e+03  6.583269e+03  9.829058e+03 
 7.239681e-02  2.612692e+03  4.783300e+03  6.481268e+03  9.673405e+03 
 7.340598e-02  2.572092e+03  4.708065e+03  6.378467e+03  9.518132e+03 
 7.442922e-02  2.530468e+03  4.630973e+03  6.273174e+03  9.359199e+03 
 7.546673e-02  2.487856e+03  4.552097e+03  6.165482e+03  9.196740e+03 
 7.651869e-02  2.444302e+03  4.471522e+03  6.055513e+03  9.030951e+03 
 7.758532e-02  2.399872e+03  4.389368e+03  5.943432e+03  8.862076e+03 
 7.866682e-02  2.355623e+03  4.308903e+03  5.834973e+03  8.701965e+03 
 7.976339e-02  2.312252e+03  4.232213e+03  5.733769e+03  8.558047e+03 
 8.087525e-02  2.268251e+03  4.154309e+03  5.630856e+03  8.411424e+03 
 8.200261e-02  2.223760e+03  4.075436e+03  5.526563e+03  8.262572e+03 
 8.314568e-02  2.178926e+03  3.995863e+03  5.421252e+03  8.112021e+03 
 8.430468e-02  2.133906e+03  3.915877e+03  5.315310e+03  7.960346e+03 
 8.547985e-02  2.087809e+03  3.832302e+03  5.202961e+03  7.795390e+03 
 8.667139e-02  2.041413e+03  3.747426e+03  5.088131e+03  7.624991e+03 
 8.787954e-02  1.995421e+03  3.663284e+03  4.974285e+03  7.456026e+03 
 8.910453e-02  1.950020e+03  3.580217e+03  4.861890e+03  7.289188e+03 
 9.034660e-02  1.905398e+03  3.498569e+03  4.751408e+03  7.125169e+03 
 9.160598e-02  1.862474e+03  3.421043e+03  4.647424e+03  6.972923e+03 
 9.288292e-02  1.821334e+03  3.347676e+03  4.549882e+03  6.832121e+03 
 9.417766e-02  1.781434e+03  3.276511e+03  4.455261e+03  6.695518e+03 
 9.549045e-02  1.742916e+03  3.207813e+03  4.363925e+03  6.563665e+03 
 9.682153e-02  1.705906e+03  3.141818e+03  4.276193e+03  6.437054e+03 
 9.817117e-02  1.670824e+03  3.079770e+03  4.194211e+03  6.319998e+03 
 9.953962e-02  1.637546e+03  3.021139e+03  4.116968e+03  6.210283e+03 
 1.009272e-01  1.606005e+03  2.965629e+03  4.043898e+03  6.106653e+03 
 1.023340e-01  1.576227e+03  2.913291e+03  3.975078e+03  6.009243e+03 
 1.037605e-01  1.547468e+03  2.861870e+03  3.906636e+03  5.910413e+03 
 1.052069e-01  1.517648e+03  2.805082e+03  3.827816e+03  5.789004e+03 
 1.066734e-01  1.489576e+03  2.751556e+03  3.753472e+03  5.674391e+03 
 1.081604e-01  1.463143e+03  2.701085e+03  3.683316e+03  5.566137e+03 
 1.096681e-01  1.438218e+03  2.653423e+03  3.617011e+03  5.463726e+03 
 1.111968e-01  1.415209e+03  2.609962e+03  3.556831e+03  5.370830e+03 
 1.127468e-01  1.393389e+03  2.568737e+03  3.499734e+03  5.282623e+03 
 1.143184e-01  1.372523e+03  2.529284e+03  3.445062e+03  5.198103e+03 
 1.159120e-01  1.352391e+03  2.491196e+03  3.392262e+03  5.116427e+03 
 1.175277e-01  1.334014e+03  2.457717e+03  3.346932e+03  5.048482e+03 
 1.191660e-01  1.315993e+03  2.425014e+03  3.302763e+03  4.982502e+03 
 1.208271e-01  1.297986e+03  2.392332e+03  3.258622e+03  4.916565e+03 
 1.225114e-01  1.279712e+03  2.359143e+03  3.213807e+03  4.849737e+03 
 1.242191e-01  1.260688e+03  2.324470e+03  3.167137e+03  4.781309e+03 
 1.259506e-01  1.241031e+03  2.288637e+03  3.118887e+03  4.710489e+03 
 1.277063e-01  1.220590e+03  2.251358e+03  3.068669e+03  4.636689e+03 
 1.294865e-01  1.199584e+03  2.213192e+03  3.017208e+03  4.560429e+03 
 1.312915e-01  1.177975e+03  2.174095e+03  2.964436e+03  4.481519e+03 
 1.331216e-01  1.155327e+03  2.133074e+03  2.909041e+03  4.398657e+03 
 1.349772e-01  1.131683e+03  2.090252e+03  2.851244e+03  4.312328e+03 
 1.368587e-01  1.108320e+03  2.050113e+03  2.799582e+03  4.242537e+03 
 1.387665e-01  1.084078e+03  2.008256e+03  2.745483e+03  4.168799e+03 
 1.407008e-01  1.059128e+03  1.964990e+03  2.689355e+03  4.091706e+03 
 1.426621e-01  1.034442e+03  1.922189e+03  2.633315e+03  4.012090e+03 
 1.446507e-01  1.009703e+03  1.879199e+03  2.576777e+03  3.930730e+03 
 1.466671e-01  9.849055e+02  1.835971e+03  2.519814e+03  3.848520e+03 
 1.487115e-01  9.578603e+02  1.786245e+03  2.452384e+03  3.748045e+03 
 1.507845e-01  9.297332e+02  1.732987e+03  2.379085e+03  3.637090e+03 
 1.528864e-01  9.025124e+02  1.681442e+03  2.308138e+03  3.529654e+03 
 1.550175e-01  8.785865e+02  1.638256e+03  2.250345e+03  3.445385e+03 
 1.571784e-01  8.574131e+02  1.601690e+03  2.202765e+03  3.378768e+03 
 1.593694e-01  8.375557e+02  1.567450e+03  2.158265e+03  3.316591e+03 
 1.615909e-01  8.197476e+02  1.537352e+03  2.119554e+03  3.263218e+03 
 1.638434e-01  8.036592e+02  1.510541e+03  2.085358e+03  3.216628e+03 
 1.661273e-01  7.889841e+02  1.486263e+03  2.054552e+03  3.175041e+03 
 1.684430e-01  7.720628e+02  1.454812e+03  2.011986e+03  3.112773e+03 
 1.707910e-01  7.560037e+02  1.424611e+03  1.970896e+03  3.052393e+03 
 1.731717e-01  7.417230e+02  1.398244e+03  1.935336e+03  3.000572e+03 
 1.755856e-01  7.310392e+02  1.380662e+03  1.912924e+03  2.969381e+03 
 1.780332e-01  7.209183e+02  1.364092e+03  1.891875e+03  2.940242e+03 
 1.805149e-01  7.091320e+02  1.341933e+03  1.861042e+03  2.892033e+03 
 1.830312e-01  6.962370e+02  1.316236e+03  1.824105e+03  2.832063e+03 
 1.855825e-01  6.833285e+02  1.290879e+03  1.788048e+03  2.774420e+03 
 1.881694e-01  6.707808e+02  1.268277e+03  1.758159e+03  2.731868e+03 
 1.907924e-01  6.576823e+02  1.244611e+03  1.726765e+03  2.686893e+03 
 1.934520e-01  6.432743e+02  1.218135e+03  1.691481e+03  2.636985e+03 
 1.961486e-01  6.279403e+02  1.189798e+03  1.653601e+03  2.583322e+03 
 1.988828e-01  6.132944e+02  1.163500e+03  1.618699e+03  2.533539e+03 
 2.016551e-01  6.000092e+02  1.140816e+03  1.589024e+03  2.490861e+03 
 2.044661e-01  5.860206e+02  1.116379e+03  1.556589e+03  2.443339e+03 
 2.073162e-01  5.703962e+02  1.086734e+03  1.515272e+03  2.379436e+03 
 2.102061e-01  5.548272e+02  1.057177e+03  1.474064e+03  2.315639e+03 
 2.131362e-01  5.438479e+02  1.041124e+03  1.454892e+03  2.289869e+03 
 2.161073e-01  5.334801e+02  1.026304e+03  1.437487e+03  2.266877e+03 
 2.191197e-01  5.199928e+02  1.002808e+03  1.407112e+03  2.225939e+03 
 2.221741e-01  5.064979e+02  9.786213e+02  1.375501e+03  2.183388e+03 
 2.252711e-01  4.946211e+02  9.581835e+02  1.349435e+03  2.148822e+03 
 2.284112e-01  4.839015e+02  9.401183e+02  1.326726e+03  2.119156e+03 
 2.315951e-01  4.747086e+02  9.239536e+02  1.304911e+03  2.085567e+03 
 2.348235e-01  4.665255e+02  9.093588e+02  1.284683e+03  2.052658e+03 
 2.380968e-01  4.566968e+02  8.903028e+02  1.258069e+03  2.012105e+03 
 2.414157e-01  4.467604e+02  8.707130e+02  1.230672e+03  1.970906e+03 
 2.447809e-01  4.367079e+02  8.516317e+02  1.204700e+03  1.932058e+03 
 2.481930e-01  4.268541e+02  8.330645e+02  1.179514e+03  1.894361e+03 
 2.516527e-01  4.209156e+02  8.235888e+02  1.167123e+03  1.875766e+03 
 2.551606e-01  4.135358e+02  8.107622e+02  1.149958e+03  1.850263e+03 
 2.587174e-01  4.022625e+02  7.887474e+02  1.119756e+03  1.806342e+03 
 2.623238e-01  3.926843e+02  7.712602e+02  1.096317e+03  1.772619e+03 
 2.659804e-01  3.849921e+02  7.587542e+02  1.080306e+03  1.750114e+03 
 2.696881e-01  3.748592e+02  7.401977e+02  1.055211e+03  1.712035e+03 
 2.734474e-01  3.641512e+02  7.201638e+02  1.027893e+03  1.670195e+03 
 2.772591e-01  3.562300e+02  7.070968e+02  1.011598e+03  1.649227e+03 
 2.811239e-01  3.479968e+02  6.927109e+02  9.933644e+02  1.626768e+03 
 2.850426e-01  3.393900e+02  6.766730e+02  9.727483e+02  1.602853e+03 
 2.890160e-01  3.319008e+02  6.639635e+02  9.563573e+02  1.579094e+03 
 2.930447e-01  3.250258e+02  6.520567e+02  9.402361e+02  1.553244e+03 
 2.971296e-01  3.185266e+02  6.389274e+02  9.201351e+02  1.518161e+03 
 3.012714e-01  3.127208e+02  6.290695e+02  9.071314e+02  1.498876e+03 
 3.054710e-01  3.069050e+02  6.197197e+02  8.957812e+02  1.484335e+03 
 3.097291e-01  2.996651e+02  6.067340e+02  8.791471e+02  1.462713e+03 
 3.140465e-01  2.929549e+02  5.932907e+02  8.597417e+02  1.430561e+03 
 3.184242e-01  2.869126e+02  5.813212e+02  8.423837e+02  1.401517e+03 
 3.228628e-01  2.821168e+02  5.736313e+02  8.329902e+02  1.390543e+03 
 3.273634e-01  2.750552e+02  5.594646e+02  8.126227e+02  1.357799e+03 
 3.319266e-01  2.677535e+02  5.453344e+02  7.931128e+02  1.328393e+03 
 3.365535e-01  2.608809e+02  5.331455e+02  7.775172e+02  1.307676e+03 
 3.412449e-01  2.562407e+02  5.268445e+02  7.697079e+02  1.294455e+03 
 3.460016e-01  2.511894e+02  5.184893e+02  7.588020e+02  1.278756e+03 
 3.508247e-01  2.463156e+02  5.096956e+02  7.470043e+02  1.261494e+03 
 3.557150e-01  2.416582e+02  5.009522e+02  7.351261e+02  1.243355e+03 
 3.606735e-01  2.363207e+02  4.914385e+02  7.226682e+02  1.225699e+03 
 3.657011e-01  2.298571e+02  4.792702e+02  7.062194e+02  1.203569e+03 
 3.707988e-01  2.247537e+02  4.696176e+02  6.931892e+02  1.184379e+03 
 3.759675e-01  2.200658e+02  4.607761e+02  6.811558e+02  1.166564e+03 
 3.812083e-01  2.151269e+02  4.519166e+02  6.692101e+02  1.149393e+03 
 3.865221e-01  2.108751e+02  4.456958e+02  6.617312e+02  1.135834e+03 
 3.919100e-01  2.064848e+02  4.354083e+02  6.462313e+02  1.115413e+03 
 3.973730e-01  2.014599e+02  4.271888e+02  6.358978e+02  1.098495e+03 
 4.029122e-01  1.975390e+02  4.209324e+02  6.269844e+02  1.081532e+03 
 4.085286e-01  1.935226e+02  4.121779e+02  6.144968e+02  1.063765e+03 
 4.142232e-01  1.886676e+02  4.022719e+02  6.015897e+02  1.048136e+03 
 4.199973e-01  1.840540e+02  3.943906e+02  5.916314e+02  1.033289e+03 
 4.258518e-01  1.804688e+02  3.876596e+02  5.819210e+02  1.016000e+03 
 4.317880e-01  1.766859e+02  3.800963e+02  5.707167e+02  9.992538e+02 
 4.378069e-01  1.733881e+02  3.736210e+02  5.615091e+02  9.837938e+02 
 4.439097e-01  1.706428e+02  3.694622e+02  5.566850e+02  9.802146e+02 
 4.500975e-01  1.661267e+02  3.610754e+02  5.451318e+02  9.629055e+02 
 4.563716e-01  1.622690e+02  3.531412e+02  5.335145e+02  9.417536e+02 
 4.627332e-01  1.598370e+02  3.497989e+02  5.299590e+02  9.383266e+02 
 4.691835e-01  1.558100e+02  3.417151e+02  5.181654e+02  9.180601e+02 
 4.757236e-01  1.528923e+02  3.360471e+02  5.105405e+02  9.065589e+02 
 4.823549e-01  1.489700e+02  3.279280e+02  4.992590e+02  8.919674e+02 
 4.890787e-01  1.459059e+02  3.219892e+02  4.911236e+02  8.788351e+02 
 4.958962e-01  1.436595e+02  3.175467e+02  4.840875e+02  8.656684e+02 
 5.028087e-01  1.406458e+02  3.123036e+02  4.770063e+02  8.554831e+02 
 5.098176e-01  1.381709e+02  3.077544e+02  4.701671e+02  8.414255e+02 
 5.169242e-01  1.358900e+02  3.034533e+02  4.644844e+02  8.337927e+02 
 5.241298e-01  1.315530e+02  2.961347e+02  4.555854e+02  8.229971e+02 
 5.314359e-01  1.293125e+02  2.925619e+02  4.504984e+02  8.147167e+02 
 5.388438e-01  1.266683e+02  2.865503e+02  4.415502e+02  8.013224e+02 
 5.463550e-01  1.244912e+02  2.821639e+02  4.348897e+02  7.902741e+02 
 5.539709e-01  1.212972e+02  2.766734e+02  4.278575e+02  7.788978e+02 
 5.616930e-01  1.192402e+02  2.726065e+02  4.220362e+02  7.698370e+02 
 5.695227e-01  1.169839e+02  2.690630e+02  4.175920e+02  7.594973e+02 
 5.774615e-01  1.143848e+02  2.629885e+02  4.087234e+02  7.471736e+02 
 5.855110e-01  1.124029e+02  2.591682e+02  4.026412e+02  7.370850e+02 
 5.936727e-01  1.098937e+02  2.532794e+02  3.947053e+02  7.252702e+02 
 6.019482e-01  1.081352e+02  2.506126e+02  3.900866e+02  7.166356e+02 
 6.103390e-01  1.056569e+02  2.464061e+02  3.844829e+02  7.060168e+02 
 6.188468e-01  1.033446e+02  2.427727e+02  3.815015e+02  7.036714e+02 
 6.274732e-01  1.017202e+02  2.384302e+02  3.740382e+02  6.920159e+02 
 6.362198e-01  9.978028e+01  2.348830e+02  3.685537e+02  6.812572e+02 
 6.450884e-01  9.752409e+01  2.309359e+02  3.630781e+02  6.714211e+02 
 6.540806e-01  9.554848e+01  2.261734e+02  3.558999e+02  6.614465e+02 
 6.631981e-01  9.353375e+01  2.231709e+02  3.526498e+02  6.546665e+02 
 6.724427e-01  9.182058e+01  2.194068e+02  3.475347e+02  6.487108e+02 
 6.818162e-01  8.992897e+01  2.155493e+02  3.405151e+02  6.359770e+02 
 6.913204e-01  8.806843e+01  2.118379e+02  3.357446e+02  6.275222e+02 
 7.009570e-01  8.686325e+01  2.087792e+02  3.313237e+02  6.195100e+02 
 7.107280e-01  8.472389e+01  2.054680e+02  3.264493e+02  6.099352e+02 
 7.206351e-01  8.347655e+01  2.024839e+02  3.225434e+02  6.051143e+02 
 7.306804e-01  8.185298e+01  1.994987e+02  3.174543e+02  5.944504e+02 
 7.408657e-01  8.009236e+01  1.957396e+02  3.120206e+02  5.870373e+02 
 7.511929e-01  7.845406e+01  1.923714e+02  3.077295e+02  5.789751e+02 
 7.616642e-01  7.695956e+01  1.890572e+02  3.030615e+02  5.720813e+02 
 7.722814e-01  7.601530e+01  1.871249e+02  2.995454e+02  5.634355e+02 
 7.830465e-01  7.445722e+01  1.837285e+02  2.947842e+02  5.561002e+02 
 7.939618e-01  7.313105e+01  1.814333e+02  2.910535e+02  5.509545e+02 
 8.050292e-01  7.157694e+01  1.782853e+02  2.873865e+02  5.437431e+02 
 8.162509e-01  7.041100e+01  1.757395e+02  2.825316e+02  5.343544e+02 
 8.276289e-01  6.875018e+01  1.724754e+02  2.783292e+02  5.277862e+02 
 8.391656e-01  6.797477e+01  1.705365e+02  2.746118e+02  5.222801e+02 
 8.508632e-01  6.675155e+01  1.677021e+02  2.709502e+02  5.151865e+02 
 8.627237e-01  6.535758e+01  1.651859e+02  2.670280e+02  5.071151e+02 
 8.747496e-01  6.419643e+01  1.625565e+02  2.632593e+02  5.004925e+02 
 8.869432e-01  6.313401e+01  1.602707e+02  2.596978e+02  4.938876e+02 
 8.993067e-01  6.192218e+01  1.578038e+02  2.558695e+02  4.869380e+02 
 9.118425e-01  6.096737e+01  1.551893e+02  2.516792e+02  4.783506e+02 
 9.245531e-01  5.968634e+01  1.526605e+02  2.478139e+02  4.730943e+02 
 9.374409e-01  5.860185e+01  1.504424e+02  2.447601e+02  4.666548e+02 
 9.505083e-01  5.767655e+01  1.481486e+02  2.412536e+02  4.599055e+02 
 9.637579e-01  5.647078e+01  1.453715e+02  2.371286e+02  4.534614e+02 
 9.771921e-01  5.580013e+01  1.445360e+02  2.346981e+02  4.470818e+02 
 9.908137e-01  5.476253e+01  1.419239e+02  2.311488e+02  4.413810e+02 
 1.004625e+00  5.373552e+01  1.393456e+02  2.271351e+02  4.337938e+02 
 1.018629e+00  5.285791e+01  1.374855e+02  2.239941e+02  4.274178e+02 
 1.032828e+00  5.189547e+01  1.354424e+02  2.212351e+02  4.230178e+02 
 1.047225e+00  5.094429e+01  1.335619e+02  2.176932e+02  4.157160e+02 
 1.061823e+00  5.019167e+01  1.317645e+02  2.147185e+02  4.094838e+02 
 1.076624e+00  4.928580e+01  1.297261e+02  2.115548e+02  4.032984e+02 
 1.091632e+00  4.845990e+01  1.277204e+02  2.085585e+02  3.969362e+02 
 1.106848e+00  4.757230e+01  1.255742e+02  2.054434e+02  3.915443e+02 
 1.122277e+00  4.677058e+01  1.238541e+02  2.021051e+02  3.851286e+02 
 1.137921e+00  4.595136e+01  1.217839e+02  1.991142e+02  3.792598e+02 
 1.153783e+00  4.524919e+01  1.199198e+02  1.960846e+02  3.736820e+02 
 1.169866e+00  4.443753e+01  1.181464e+02  1.930362e+02  3.682861e+02 
 1.186174e+00  4.365950e+01  1.164759e+02  1.902275e+02  3.623394e+02 
 1.202708e+00  4.298967e+01  1.146850e+02  1.873608e+02  3.565717e+02 
 1.219473e+00  4.227610e+01  1.129974e+02  1.846508e+02  3.504882e+02 
 1.236472e+00  4.154641e+01  1.113470e+02  1.819779e+02  3.451170e+02 
 1.253708e+00  4.089537e+01  1.095582e+02  1.789828e+02  3.400830e+02 
 1.271184e+00  4.022509e+01  1.083414e+02  1.767141e+02  3.344345e+02 
 1.288904e+00  3.956371e+01  1.062636e+02  1.737126e+02  3.296223e+02 
 1.306870e+00  3.885757e+01  1.046822e+02  1.709683e+02  3.239445e+02 
 1.325087e+00  3.828573e+01  1.031465e+02  1.683846e+02  3.183949e+02 
 1.343558e+00  3.766552e+01  1.015194e+02  1.657157e+02  3.131231e+02 
 1.362287e+00  3.709674e+01  9.987431e+01  1.628764e+02  3.079849e+02 
 1.381276e+00  3.648402e+01  9.834057e+01  1.600710e+02  3.028792e+02 
 1.400531e+00  3.589946e+01  9.682312e+01  1.575986e+02  2.972617e+02 
 1.420053e+00  3.528265e+01  9.521858e+01  1.551214e+02  2.919807e+02 
 1.439848e+00  3.472680e+01  9.377992e+01  1.524344e+02  2.870593e+02 
 1.459919e+00  3.411256e+01  9.224413e+01  1.498532e+02  2.817007e+02 
 1.480269e+00  3.362847e+01  9.062693e+01  1.472492e+02  2.762417e+02 
 1.500903e+00  3.306397e+01  8.921063e+01  1.446890e+02  2.719239e+02 
 1.521825e+00  3.252551e+01  8.789292e+01  1.424137e+02  2.667384e+02 
 1.543038e+00  3.198332e+01  8.644484e+01  1.400805e+02  2.621491e+02 
 1.564548e+00  3.151146e+01  8.502285e+01  1.376239e+02  2.572034e+02 
 1.586357e+00  3.100855e+01  8.373306e+01  1.352814e+02  2.524672e+02 
 1.608469e+00  3.048793e+01  8.240649e+01  1.329670e+02  2.480735e+02 
 1.630891e+00  3.008728e+01  8.091233e+01  1.304379e+02  2.431195e+02 
 1.653624e+00  2.956580e+01  7.955898e+01  1.283107e+02  2.389385e+02 
 1.676675e+00  2.909600e+01  7.837420e+01  1.261071e+02  2.341451e+02 
 1.700047e+00  2.861261e+01  7.704775e+01  1.238202e+02  2.297952e+02 
 1.723745e+00  2.816131e+01  7.570726e+01  1.215553e+02  2.250469e+02 
 1.747773e+00  2.768159e+01  7.437830e+01  1.193177e+02  2.205965e+02 
 1.772136e+00  2.724281e+01  7.307808e+01  1.170421e+02  2.164412e+02 
 1.796838e+00  2.681902e+01  7.181532e+01  1.149016e+02  2.120281e+02 
 1.821885e+00  2.639727e+01  7.054089e+01  1.126936e+02  2.078944e+02 
 1.847281e+00  2.597365e+01  6.940247e+01  1.106766e+02  2.037327e+02 
 1.873032e+00  2.555681e+01  6.808379e+01  1.084107e+02  1.997409e+02 
 1.899141e+00  2.512726e+01  6.683580e+01  1.064078e+02  1.956233e+02 
 1.925614e+00  2.474070e+01  6.568273e+01  1.043942e+02  1.915433e+02 
 1.952456e+00  2.441251e+01  6.454894e+01  1.023960e+02  1.876024e+02 
 1.979672e+00  2.396601e+01  6.343362e+01  1.004171e+02  1.837646e+02 
 2.007267e+00  2.361310e+01  6.224127e+01  9.835532e+01  1.801547e+02 
 2.035248e+00  2.320145e+01  6.109091e+01  9.640759e+01  1.762430e+02 
 2.063618e+00  2.282686e+01  5.993934e+01  9.453060e+01  1.725196e+02 
 2.092383e+00  2.246286e+01  5.883633e+01  9.259531e+01  1.689126e+02 
 2.121550e+00  2.208326e+01  5.769534e+01  9.069348e+01  1.652309e+02 
 2.151123e+00  2.172551e+01  5.660557e+01  8.878907e+01  1.615848e+02 
 2.181109e+00  2.136303e+01  5.549651e+01  8.698765e+01  1.581290e+02 
 2.211512e+00  2.100786e+01  5.439425e+01  8.512035e+01  1.545673e+02 
 2.242340e+00  2.066550e+01  5.334837e+01  8.334268e+01  1.511773e+02 
 2.273597e+00  2.029609e+01  5.229091e+01  8.150450e+01  1.477844e+02 
 2.305289e+00  1.997677e+01  5.124156e+01  7.980398e+01  1.445109e+02 
 2.337424e+00  1.963691e+01  5.020045e+01  7.806709e+01  1.412507e+02 
 2.370006e+00  1.930558e+01  4.919836e+01  7.640472e+01  1.382237e+02 
 2.403043e+00  1.896724e+01  4.820461e+01  7.470332e+01  1.350484e+02 
 2.436540e+00  1.865318e+01  4.723622e+01  7.308348e+01  1.319812e+02 
 2.470504e+00  1.833753e+01  4.628872e+01  7.147574e+01  1.289824e+02 
 2.504942e+00  1.802455e+01  4.535924e+01  6.992328e+01  1.260993e+02 
 2.539859e+00  1.773024e+01  4.440737e+01  6.835996e+01  1.231749e+02 
 2.575263e+00  1.741326e+01  4.347059e+01  6.689598e+01  1.203880e+02 
 2.611161e+00  1.712159e+01  4.255987e+01  6.533312e+01  1.175943e+02 
 2.647559e+00  1.682326e+01  4.164508e+01  6.382967e+01  1.148260e+02 
 2.684465e+00  1.652770e+01  4.078044e+01  6.235089e+01  1.121179e+02 
 2.721885e+00  1.622168e+01  3.986234e+01  6.093027e+01  1.094644e+02 
 2.759826e+00  1.593022e+01  3.897257e+01  5.949451e+01  1.068440e+02 
 2.798297e+00  1.564265e+01  3.813328e+01  5.810476e+01  1.043588e+02 
 2.837304e+00  1.535910e+01  3.727681e+01  5.673216e+01  1.018505e+02 
 2.876854e+00  1.507724e+01  3.643050e+01  5.539300e+01  9.942726e+01 
 2.916956e+00  1.480242e+01  3.562665e+01  5.407627e+01  9.700121e+01 
 2.957617e+00  1.453367e+01  3.483446e+01  5.280667e+01  9.469711e+01 
 2.998844e+00  1.426319e+01  3.405631e+01  5.154464e+01  9.239981e+01 
 3.040646e+00  1.400081e+01  3.328229e+01  5.031697e+01  9.022482e+01 
 3.083031e+00  1.374093e+01  3.252754e+01  4.911604e+01  8.805607e+01 
 3.126007e+00  1.349112e+01  3.179601e+01  4.793791e+01  8.593111e+01 
 3.169582e+00  1.323785e+01  3.105295e+01  4.677332e+01  8.385772e+01 
 3.213764e+00  1.298863e+01  3.033985e+01  4.563929e+01  8.182008e+01 
 3.258562e+00  1.273717e+01  2.964709e+01  4.452179e+01  7.982203e+01 
 3.303985e+00  1.249126e+01  2.893816e+01  4.343392e+01  7.786476e+01 
 3.350041e+00  1.225191e+01  2.824624e+01  4.234396e+01  7.592401e+01 
 3.396739e+00  1.200440e+01  2.757591e+01  4.130006e+01  7.404693e+01 
 3.444087e+00  1.177084e+01  2.690090e+01  4.025552e+01  7.217722e+01 
 3.492096e+00  1.153705e+01  2.625628e+01  3.925609e+01  7.039711e+01 
 3.540774e+00  1.130220e+01  2.562812e+01  3.827597e+01  6.862985e+01 
 3.590130e+00  1.107657e+01  2.500078e+01  3.730080e+01  6.693022e+01 
 3.640175e+00  1.085563e+01  2.439229e+01  3.637230e+01  6.524867e+01 
 3.690917e+00  1.063044e+01  2.380558e+01  3.544486e+01  6.362004e+01 
 3.742366e+00  1.041435e+01  2.321325e+01  3.455459e+01  6.204864e+01 
 3.794533e+00  1.020337e+01  2.265620e+01  3.368824e+01  6.048832e+01 
 3.847427e+00  9.994918e+00  2.209311e+01  3.284224e+01  5.899801e+01 
 3.901058e+00  9.784754e+00  2.155812e+01  3.201516e+01  5.751760e+01 
 3.955436e+00  9.587899e+00  2.102607e+01  3.119926e+01  5.607500e+01 
 4.010573e+00  9.383309e+00  2.050166e+01  3.041155e+01  5.467526e+01 
 4.066478e+00  9.185026e+00  1.999027e+01  2.962915e+01  5.328015e+01 
 4.123163e+00  8.988107e+00  1.949098e+01  2.886621e+01  5.192507e+01 
 4.180637e+00  8.796870e+00  1.900080e+01  2.812215e+01  5.059289e+01 
 4.238913e+00  8.605523e+00  1.851391e+01  2.739292e+01  4.930780e+01 
 4.298001e+00  8.414361e+00  1.804412e+01  2.668522e+01  4.803741e+01 
 4.357913e+00  8.234114e+00  1.758533e+01  2.599416e+01  4.681251e+01 
 4.418660e+00  8.051444e+00  1.713774e+01  2.531760e+01  4.561757e+01 
 4.480254e+00  7.871500e+00  1.669971e+01  2.465810e+01  4.444575e+01 
 4.542706e+00  7.697679e+00  1.626925e+01  2.401468e+01  4.330299e+01 
 4.606029e+00  7.525975e+00  1.585880e+01  2.339515e+01  4.220281e+01 
 4.670234e+00  7.357806e+00  1.545381e+01  2.279678e+01  4.113308e+01 
 4.735335e+00  7.193703e+00  1.506103e+01  2.220732e+01  4.008323e+01 
 4.801343e+00  7.034980e+00  1.468162e+01  2.163661e+01  3.905578e+01 
 4.868271e+00  6.876738e+00  1.430667e+01  2.107791e+01  3.806034e+01 
 4.936132e+00  6.722180e+00  1.394046e+01  2.053531e+01  3.708877e+01 
 5.004939e+00  6.569075e+00  1.358440e+01  2.000252e+01  3.613425e+01 
 5.074705e+00  6.417466e+00  1.323409e+01  1.948038e+01  3.520471e+01 
 5.145444e+00  6.269986e+00  1.289325e+01  1.897019e+01  3.429551e+01 
 5.217169e+00  6.123439e+00  1.255698e+01  1.847389e+01  3.339827e+01 
 5.289893e+00  5.982077e+00  1.223164e+01  1.799169e+01  3.252867e+01 
 5.363631e+00  5.841206e+00  1.191377e+01  1.751572e+01  3.168139e+01 
 5.438397e+00  5.704369e+00  1.160341e+01  1.705611e+01  3.085140e+01 
 5.514206e+00  5.569857e+00  1.130117e+01  1.660859e+01  3.004726e+01 
 5.591071e+00  5.436970e+00  1.100938e+01  1.617158e+01  2.926573e+01 
 5.669007e+00  5.310012e+00  1.072276e+01  1.575093e+01  2.850328e+01 
 5.748030e+00  5.184342e+00  1.044592e+01  1.533980e+01  2.776119e+01 
 5.828155e+00  5.062342e+00  1.017687e+01  1.494108e+01  2.704094e+01 
 5.909396e+00  4.942963e+00  9.914467e+00  1.455304e+01  2.634409e+01 
 5.991770e+00  4.826055e+00  9.658924e+00  1.417576e+01  2.566199e+01 
 6.075292e+00  4.712342e+00  9.411987e+00  1.380936e+01  2.499811e+01 
 6.159978e+00  4.600471e+00  9.170512e+00  1.345167e+01  2.435148e+01 
 6.245845e+00  4.490970e+00  8.934290e+00  1.310231e+01  2.371558e+01 
 6.332908e+00  4.382819e+00  8.701654e+00  1.275883e+01  2.309475e+01 
 6.421186e+00  4.277789e+00  8.476166e+00  1.242315e+01  2.248616e+01 
 6.510694e+00  4.174055e+00  8.255047e+00  1.209775e+01  2.189255e+01 
 6.601449e+00  4.073303e+00  8.040419e+00  1.177914e+01  2.131513e+01 
 6.693470e+00  3.974365e+00  7.830295e+00  1.146777e+01  2.075029e+01 
 6.786773e+00  3.877502e+00  7.627039e+00  1.116543e+01  2.020044e+01 
 6.881377e+00  3.783565e+00  7.428191e+00  1.087198e+01  1.966430e+01 
 6.977300e+00  3.691851e+00  7.235758e+00  1.058728e+01  1.914508e+01 
 7.074559e+00  3.602549e+00  7.048071e+00  1.030915e+01  1.863886e+01 
 7.173175e+00  3.515290e+00  6.866466e+00  1.004022e+01  1.814850e+01 
 7.273165e+00  3.430756e+00  6.690419e+00  9.779003e+00  1.767068e+01 
 7.374549e+00  3.348245e+00  6.518338e+00  9.524100e+00  1.720715e+01 
 7.477346e+00  3.267708e+00  6.352288e+00  9.278654e+00  1.675689e+01 
 7.581576e+00  3.189836e+00  6.189330e+00  9.037695e+00  1.631739e+01 
 7.687260e+00  3.113386e+00  6.031245e+00  8.803386e+00  1.588948e+01 
 7.794416e+00  3.038317e+00  5.876730e+00  8.572970e+00  1.547017e+01 
 7.903066e+00  2.965051e+00  5.725158e+00  8.347899e+00  1.505845e+01 
 8.013230e+00  2.893334e+00  5.577651e+00  8.129885e+00  1.465720e+01 
 8.124930e+00  2.822958e+00  5.433680e+00  7.915756e+00  1.426454e+01 
 8.238187e+00  2.754627e+00  5.292725e+00  7.706798e+00  1.388279e+01 
 8.353023e+00  2.687712e+00  5.156014e+00  7.503719e+00  1.350982e+01 
 8.469460e+00  2.622694e+00  5.022871e+00  7.306075e+00  1.314749e+01 
 8.587519e+00  2.559351e+00  4.893123e+00  7.113934e+00  1.279504e+01 
 8.707225e+00  2.497714e+00  4.766859e+00  6.927254e+00  1.245205e+01 
 8.828599e+00  2.437749e+00  4.645091e+00  6.745610e+00  1.211865e+01 
 8.951665e+00  2.379307e+00  4.526491e+00  6.569582e+00  1.179558e+01 
 9.076446e+00  2.322708e+00  4.411476e+00  6.399157e+00  1.148234e+01 
 9.202967e+00  2.267727e+00  4.299599e+00  6.233242e+00  1.117717e+01 
 9.331251e+00  2.214207e+00  4.190812e+00  6.071919e+00  1.088078e+01 
 9.461324e+00  0.000000e+00  0.000000e+00  0.000000e+00  0.000000e+00 
 9.593209e+00  0.000000e+00  0.000000e+00  0.000000e+00  0.000000e+00 
 9.726934e+00  0.000000e+00  0.000000e+00  0.000000e+00  0.000000e+00 
 9.862522e+00  0.000000e+00  0.000000e+00  0.000000e+00  0.000000e+00 
 1.000000e+01  0.000000e+00  0.000000e+00  0.000000e+00  0.000000e+00 
