 1.000000e-02  5.709898e+03  1.056636e+04  1.442439e+04  2.180304e+04 
 1.013939e-02  5.741823e+03  1.062531e+04  1.450475e+04  2.192412e+04 
 1.028073e-02  5.773261e+03  1.068337e+04  1.458386e+04  2.204332e+04 
 1.042404e-02  5.804194e+03  1.074047e+04  1.466168e+04  2.216055e+04 
 1.056935e-02  5.834599e+03  1.079659e+04  1.473816e+04  2.227574e+04 
 1.071668e-02  5.864464e+03  1.085171e+04  1.481325e+04  2.238882e+04 
 1.086606e-02  5.893764e+03  1.090578e+04  1.488692e+04  2.249971e+04 
 1.101753e-02  5.922473e+03  1.095875e+04  1.495907e+04  2.260833e+04 
 1.117111e-02  5.950569e+03  1.101059e+04  1.502965e+04  2.271456e+04 
 1.132683e-02  5.978031e+03  1.106123e+04  1.509863e+04  2.281833e+04 
 1.148472e-02  6.004832e+03  1.111065e+04  1.516593e+04  2.291956e+04 
 1.164481e-02  6.030953e+03  1.115881e+04  1.523149e+04  2.301813e+04 
 1.180713e-02  6.056371e+03  1.120566e+04  1.529526e+04  2.311399e+04 
 1.197171e-02  6.081062e+03  1.125116e+04  1.535718e+04  2.320703e+04 
 1.213859e-02  6.104998e+03  1.129525e+04  1.541718e+04  2.329716e+04 
 1.230780e-02  6.128158e+03  1.133791e+04  1.547520e+04  2.338429e+04 
 1.247936e-02  6.150521e+03  1.137908e+04  1.553119e+04  2.346834e+04 
 1.265332e-02  6.172058e+03  1.141871e+04  1.558510e+04  2.354919e+04 
 1.282970e-02  6.192751e+03  1.145679e+04  1.563684e+04  2.362679e+04 
 1.300854e-02  6.212574e+03  1.149325e+04  1.568638e+04  2.370105e+04 
 1.318987e-02  6.231508e+03  1.152804e+04  1.573366e+04  2.377185e+04 
 1.337373e-02  6.249528e+03  1.156114e+04  1.577861e+04  2.383912e+04 
 1.356015e-02  6.266607e+03  1.159251e+04  1.582117e+04  2.390277e+04 
 1.374917e-02  6.282719e+03  1.162207e+04  1.586128e+04  2.396270e+04 
 1.394083e-02  6.297843e+03  1.164979e+04  1.589887e+04  2.401880e+04 
 1.413516e-02  6.311945e+03  1.167561e+04  1.593387e+04  2.407098e+04 
 1.433219e-02  6.325002e+03  1.169951e+04  1.596623e+04  2.411912e+04 
 1.453198e-02  6.336989e+03  1.172141e+04  1.599586e+04  2.416315e+04 
 1.473454e-02  6.347880e+03  1.174128e+04  1.602271e+04  2.420297e+04 
 1.493993e-02  6.357645e+03  1.175906e+04  1.604670e+04  2.423844e+04 
 1.514819e-02  6.366309e+03  1.177482e+04  1.606794e+04  2.426979e+04 
 1.535935e-02  6.373824e+03  1.178846e+04  1.608630e+04  2.429676e+04 
 1.557345e-02  6.380146e+03  1.179990e+04  1.610164e+04  2.431916e+04 
 1.579053e-02  6.385248e+03  1.180906e+04  1.611387e+04  2.433687e+04 
 1.601064e-02  6.389111e+03  1.181593e+04  1.612297e+04  2.434982e+04 
 1.623382e-02  6.391711e+03  1.182046e+04  1.612888e+04  2.435793e+04 
 1.646012e-02  6.393032e+03  1.182263e+04  1.613154e+04  2.436113e+04 
 1.668956e-02  6.393052e+03  1.182238e+04  1.613091e+04  2.435933e+04 
 1.692220e-02  6.391753e+03  1.181968e+04  1.612694e+04  2.435249e+04 
 1.715809e-02  6.389108e+03  1.181450e+04  1.611956e+04  2.434048e+04 
 1.739726e-02  6.385096e+03  1.180678e+04  1.610874e+04  2.432323e+04 
 1.763977e-02  6.379696e+03  1.179650e+04  1.609440e+04  2.430068e+04 
 1.788566e-02  6.372890e+03  1.178361e+04  1.607650e+04  2.427273e+04 
 1.813498e-02  6.364653e+03  1.176807e+04  1.605499e+04  2.423930e+04 
 1.838777e-02  6.354966e+03  1.174985e+04  1.602980e+04  2.420033e+04 
 1.864409e-02  6.343813e+03  1.172891e+04  1.600090e+04  2.415574e+04 
 1.890397e-02  6.331185e+03  1.170525e+04  1.596828e+04  2.410551e+04 
 1.916748e-02  6.317061e+03  1.167881e+04  1.593188e+04  2.404956e+04 
 1.943467e-02  6.301430e+03  1.164959e+04  1.589167e+04  2.398784e+04 
 1.970558e-02  6.284277e+03  1.161755e+04  1.584761e+04  2.392030e+04 
 1.998026e-02  6.265600e+03  1.158269e+04  1.579971e+04  2.384692e+04 
 2.025878e-02  6.245397e+03  1.154501e+04  1.574793e+04  2.376773e+04 
 2.054117e-02  6.223662e+03  1.150448e+04  1.569230e+04  2.368267e+04 
 2.082751e-02  6.200386e+03  1.146111e+04  1.563277e+04  2.359172e+04 
 2.111783e-02  6.175582e+03  1.141491e+04  1.556937e+04  2.349492e+04 
 2.141220e-02  6.149353e+03  1.136604e+04  1.550229e+04  2.339245e+04 
 2.171068e-02  6.122262e+03  1.131534e+04  1.543249e+04  2.328527e+04 
 2.201331e-02  6.093635e+03  1.126180e+04  1.535882e+04  2.317221e+04 
 2.232016e-02  6.063473e+03  1.120542e+04  1.528126e+04  2.305329e+04 
 2.263130e-02  6.031773e+03  1.114620e+04  1.519982e+04  2.292849e+04 
 2.294676e-02  5.998544e+03  1.108414e+04  1.511451e+04  2.279784e+04 
 2.326663e-02  5.963780e+03  1.101925e+04  1.502532e+04  2.266135e+04 
 2.359095e-02  5.927503e+03  1.095155e+04  1.493233e+04  2.251909e+04 
 2.391980e-02  5.889729e+03  1.088109e+04  1.483554e+04  2.237112e+04 
 2.425323e-02  5.850477e+03  1.080789e+04  1.473503e+04  2.221753e+04 
 2.459130e-02  5.809754e+03  1.073198e+04  1.463082e+04  2.205833e+04 
 2.493409e-02  5.767601e+03  1.065342e+04  1.452300e+04  2.189370e+04 
 2.528166e-02  5.724041e+03  1.057226e+04  1.441163e+04  2.172372e+04 
 2.563407e-02  5.679126e+03  1.048860e+04  1.429685e+04  2.154860e+04 
 2.599140e-02  5.632882e+03  1.040248e+04  1.417873e+04  2.136845e+04 
 2.635371e-02  5.585366e+03  1.031402e+04  1.405741e+04  2.118346e+04 
 2.672106e-02  5.536623e+03  1.022329e+04  1.393300e+04  2.099384e+04 
 2.709354e-02  5.486697e+03  1.013038e+04  1.380562e+04  2.079974e+04 
 2.747121e-02  5.435610e+03  1.003534e+04  1.367532e+04  2.060127e+04 
 2.785414e-02  5.383334e+03  9.938120e+03  1.354211e+04  2.039845e+04 
 2.824241e-02  5.329643e+03  9.838424e+03  1.340564e+04  2.019110e+04 
 2.863610e-02  5.274901e+03  9.736790e+03  1.326654e+04  1.997978e+04 
 2.903527e-02  5.219155e+03  9.633307e+03  1.312493e+04  1.976469e+04 
 2.944000e-02  5.162453e+03  9.528066e+03  1.298091e+04  1.954600e+04 
 2.985038e-02  5.104851e+03  9.421173e+03  1.283466e+04  1.932396e+04 
 3.026648e-02  5.046409e+03  9.312730e+03  1.268631e+04  1.909878e+04 
 3.068838e-02  4.987200e+03  9.202878e+03  1.253604e+04  1.887073e+04 
 3.111616e-02  4.927295e+03  9.091748e+03  1.238404e+04  1.864009e+04 
 3.154990e-02  4.866773e+03  8.979487e+03  1.223050e+04  1.840717e+04 
 3.198969e-02  4.805724e+03  8.866260e+03  1.207565e+04  1.817232e+04 
 3.243561e-02  4.744247e+03  8.752250e+03  1.191974e+04  1.793588e+04 
 3.288774e-02  4.682445e+03  8.637646e+03  1.176303e+04  1.769828e+04 
 3.334618e-02  4.620435e+03  8.522666e+03  1.160583e+04  1.745994e+04 
 3.381101e-02  4.558309e+03  8.407478e+03  1.144833e+04  1.722120e+04 
 3.428231e-02  4.496137e+03  8.292217e+03  1.129075e+04  1.698235e+04 
 3.476019e-02  4.433833e+03  8.177051e+03  1.113370e+04  1.674546e+04 
 3.524473e-02  4.371586e+03  8.062005e+03  1.097681e+04  1.650889e+04 
 3.573602e-02  4.309463e+03  7.947192e+03  1.082025e+04  1.627280e+04 
 3.623416e-02  4.247526e+03  7.832726e+03  1.066417e+04  1.603747e+04 
 3.673925e-02  4.185839e+03  7.718729e+03  1.050872e+04  1.580312e+04 
 3.725137e-02  4.124479e+03  7.605337e+03  1.035411e+04  1.557004e+04 
 3.777064e-02  4.063519e+03  7.492690e+03  1.020052e+04  1.533854e+04 
 3.829714e-02  4.003039e+03  7.380932e+03  1.004815e+04  1.510888e+04 
 3.883098e-02  3.943125e+03  7.270225e+03  9.897226e+03  1.488142e+04 
 3.937226e-02  3.883872e+03  7.160740e+03  9.747963e+03  1.465649e+04 
 3.992109e-02  3.825367e+03  7.052644e+03  9.600593e+03  1.443442e+04 
 4.047757e-02  3.767706e+03  6.946080e+03  9.455288e+03  1.421539e+04 
 4.104181e-02  3.710847e+03  6.840433e+03  9.310611e+03  1.399552e+04 
 4.161391e-02  3.655064e+03  6.736784e+03  9.168664e+03  1.377979e+04 
 4.219398e-02  3.600439e+03  6.635282e+03  9.029651e+03  1.356853e+04 
 4.278214e-02  3.547018e+03  6.536014e+03  8.893695e+03  1.336189e+04 
 4.337850e-02  3.494838e+03  6.439044e+03  8.760883e+03  1.316003e+04 
 4.398317e-02  3.443928e+03  6.344427e+03  8.631288e+03  1.296303e+04 
 4.459628e-02  3.394320e+03  6.252224e+03  8.504992e+03  1.277105e+04 
 4.521792e-02  3.346047e+03  6.162494e+03  8.382075e+03  1.258419e+04 
 4.584824e-02  3.299137e+03  6.075292e+03  8.262610e+03  1.240254e+04 
 4.648734e-02  3.253621e+03  5.990666e+03  8.146663e+03  1.222622e+04 
 4.713535e-02  3.209589e+03  5.909511e+03  8.036225e+03  1.206032e+04 
 4.779239e-02  3.167040e+03  5.831528e+03  7.930569e+03  1.190291e+04 
 4.845859e-02  3.125962e+03  5.756252e+03  7.828588e+03  1.175100e+04 
 4.913407e-02  3.086364e+03  5.683699e+03  7.730306e+03  1.160461e+04 
 4.981898e-02  3.048245e+03  5.613866e+03  7.635722e+03  1.146377e+04 
 5.051342e-02  3.011585e+03  5.546710e+03  7.544774e+03  1.132837e+04 
 5.121755e-02  2.976357e+03  5.482195e+03  7.457415e+03  1.119834e+04 
 5.193150e-02  2.942529e+03  5.420257e+03  7.373557e+03  1.107356e+04 
 5.265540e-02  2.910071e+03  5.360834e+03  7.293116e+03  1.095389e+04 
 5.338938e-02  2.878689e+03  5.302933e+03  7.214261e+03  1.083528e+04 
 5.413360e-02  2.848296e+03  5.246306e+03  7.136558e+03  1.071682e+04 
 5.488820e-02  2.819108e+03  5.191903e+03  7.061884e+03  1.060293e+04 
 5.565331e-02  2.791068e+03  5.139618e+03  6.990095e+03  1.049336e+04 
 5.642908e-02  2.764042e+03  5.089202e+03  6.920852e+03  1.038759e+04 
 5.721568e-02  2.737977e+03  5.040560e+03  6.854020e+03  1.028545e+04 
 5.801323e-02  2.712733e+03  4.993442e+03  6.789277e+03  1.018649e+04 
 5.882190e-02  2.688294e+03  4.947825e+03  6.726596e+03  1.009068e+04 
 5.964185e-02  2.664591e+03  4.903867e+03  6.666485e+03  9.999589e+03 
 6.047322e-02  2.641788e+03  4.862363e+03  6.610544e+03  9.917050e+03 
 6.131619e-02  2.619292e+03  4.821406e+03  6.555334e+03  9.835554e+03 
 6.217090e-02  2.597007e+03  4.780819e+03  6.500607e+03  9.754725e+03 
 6.303753e-02  2.574783e+03  4.740340e+03  6.446014e+03  9.674062e+03 
 6.391624e-02  2.552485e+03  4.699724e+03  6.391235e+03  9.593113e+03 
 6.480720e-02  2.529964e+03  4.658700e+03  6.335902e+03  9.511345e+03 
 6.571058e-02  2.507047e+03  4.616942e+03  6.279578e+03  9.428103e+03 
 6.662655e-02  2.482433e+03  4.570153e+03  6.214367e+03  9.325762e+03 
 6.755528e-02  2.457095e+03  4.521980e+03  6.147221e+03  9.220368e+03 
 6.849697e-02  2.430933e+03  4.472305e+03  6.078043e+03  9.111965e+03 
 6.945178e-02  2.403805e+03  4.420863e+03  6.006479e+03  9.000037e+03 
 7.041990e-02  2.375589e+03  4.367435e+03  5.932237e+03  8.884153e+03 
 7.140151e-02  2.346174e+03  4.311820e+03  5.855046e+03  8.763913e+03 
 7.239681e-02  2.315739e+03  4.254639e+03  5.776098e+03  8.642256e+03 
 7.340598e-02  2.284267e+03  4.195921e+03  5.695505e+03  8.519562e+03 
 7.442922e-02  2.251335e+03  4.134539e+03  5.611316e+03  8.391546e+03 
 7.546673e-02  2.216887e+03  4.070390e+03  5.523392e+03  8.258015e+03 
 7.651869e-02  2.180912e+03  4.003460e+03  5.431718e+03  8.118944e+03 
 7.758532e-02  2.143408e+03  3.933742e+03  5.336286e+03  7.974337e+03 
 7.866682e-02  2.105232e+03  3.863943e+03  5.241910e+03  7.834318e+03 
 7.976339e-02  2.066959e+03  3.795806e+03  5.151646e+03  7.705267e+03 
 8.087525e-02  2.027260e+03  3.725003e+03  5.057718e+03  7.570623e+03 
 8.200261e-02  1.986244e+03  3.651727e+03  4.960382e+03  7.430757e+03 
 8.314568e-02  1.944042e+03  3.576211e+03  4.859949e+03  7.286119e+03 
 8.430468e-02  1.900807e+03  3.498736e+03  4.756793e+03  7.137250e+03 
 8.547985e-02  1.856131e+03  3.417531e+03  4.647515e+03  6.976621e+03 
 8.667139e-02  1.810551e+03  3.334157e+03  4.534792e+03  6.809602e+03 
 8.787954e-02  1.764580e+03  3.250046e+03  4.421051e+03  6.641008e+03 
 8.910453e-02  1.718457e+03  3.165637e+03  4.306887e+03  6.471724e+03 
 9.034660e-02  1.672426e+03  3.081381e+03  4.192908e+03  6.302657e+03 
 9.160598e-02  1.627509e+03  3.000229e+03  4.084155e+03  6.143888e+03 
 9.288292e-02  1.583861e+03  2.922327e+03  3.980688e+03  5.995174e+03 
 9.417766e-02  1.541018e+03  2.845799e+03  3.878979e+03  5.848824e+03 
 9.549045e-02  1.499230e+03  2.771108e+03  3.779666e+03  5.705791e+03 
 9.682153e-02  1.458736e+03  2.698695e+03  3.683348e+03  5.566987e+03 
 9.817117e-02  1.420094e+03  2.630113e+03  3.592632e+03  5.437524e+03 
 9.953962e-02  1.383281e+03  2.564980e+03  3.506677e+03  5.315361e+03 
 1.009272e-01  1.348355e+03  2.503212e+03  3.425186e+03  5.199614e+03 
 1.023340e-01  1.315460e+03  2.445083e+03  3.348547e+03  5.090891e+03 
 1.037605e-01  1.284097e+03  2.388917e+03  3.273777e+03  4.983066e+03 
 1.052069e-01  1.252678e+03  2.329722e+03  3.192170e+03  4.858544e+03 
 1.066734e-01  1.223651e+03  2.274990e+03  3.116680e+03  4.743306e+03 
 1.081604e-01  1.197011e+03  2.224707e+03  3.047286e+03  4.637313e+03 
 1.096681e-01  1.172722e+03  2.178800e+03  2.983885e+03  4.540404e+03 
 1.111968e-01  1.150709e+03  2.137223e+03  2.926334e+03  4.451589e+03 
 1.127468e-01  1.130850e+03  2.099652e+03  2.874263e+03  4.371057e+03 
 1.143184e-01  1.112986e+03  2.065789e+03  2.827267e+03  4.298229e+03 
 1.159120e-01  1.096921e+03  2.035268e+03  2.784843e+03  4.232336e+03 
 1.175277e-01  1.082902e+03  2.008974e+03  2.748498e+03  4.176093e+03 
 1.191660e-01  1.070225e+03  1.985201e+03  2.715622e+03  4.125149e+03 
 1.208271e-01  1.058557e+03  1.963298e+03  2.685306e+03  4.078082e+03 
 1.225114e-01  1.047518e+03  1.942506e+03  2.656476e+03  4.033245e+03 
 1.242191e-01  1.036234e+03  1.920706e+03  2.625948e+03  3.985577e+03 
 1.259506e-01  1.024984e+03  1.898976e+03  2.595527e+03  3.938090e+03 
 1.277063e-01  1.013422e+03  1.876681e+03  2.564346e+03  3.889483e+03 
 1.294865e-01  1.001515e+03  1.853925e+03  2.532581e+03  3.839771e+03 
 1.312915e-01  9.890227e+02  1.830292e+03  2.499674e+03  3.788071e+03 
 1.331216e-01  9.753352e+02  1.804466e+03  2.463796e+03  3.731940e+03 
 1.349772e-01  9.602720e+02  1.776159e+03  2.424605e+03  3.671007e+03 
 1.368587e-01  9.448458e+02  1.749105e+03  2.389332e+03  3.622296e+03 
 1.387665e-01  9.277497e+02  1.718938e+03  2.349787e+03  3.567053e+03 
 1.407008e-01  9.089737e+02  1.685632e+03  2.305925e+03  3.505189e+03 
 1.426621e-01  8.896976e+02  1.652148e+03  2.262106e+03  3.443192e+03 
 1.446507e-01  8.692564e+02  1.616675e+03  2.215612e+03  3.376965e+03 
 1.466671e-01  8.474707e+02  1.578610e+03  2.165495e+03  3.305072e+03 
 1.487115e-01  8.229924e+02  1.533949e+03  2.105310e+03  3.216440e+03 
 1.507845e-01  7.967480e+02  1.484954e+03  2.038501e+03  3.116741e+03 
 1.528864e-01  7.702491e+02  1.435494e+03  1.971037e+03  3.015928e+03 
 1.550175e-01  7.458487e+02  1.392128e+03  1.913691e+03  2.934106e+03 
 1.571784e-01  7.232478e+02  1.353526e+03  1.864009e+03  2.866223e+03 
 1.593694e-01  7.013537e+02  1.316037e+03  1.815661e+03  2.799913e+03 
 1.615909e-01  6.811290e+02  1.281952e+03  1.772058e+03  2.740540e+03 
 1.638434e-01  6.625135e+02  1.250877e+03  1.732521e+03  2.687030e+03 
 1.661273e-01  6.454717e+02  1.222556e+03  1.696605e+03  2.638704e+03 
 1.684430e-01  6.271138e+02  1.188871e+03  1.651275e+03  2.572681e+03 
 1.707910e-01  6.103677e+02  1.157843e+03  1.609330e+03  2.511357e+03 
 1.731717e-01  5.959999e+02  1.131529e+03  1.573957e+03  2.459909e+03 
 1.755856e-01  5.850011e+02  1.112594e+03  1.549143e+03  2.424064e+03 
 1.780332e-01  5.757267e+02  1.096878e+03  1.528760e+03  2.395052e+03 
 1.805149e-01  5.660714e+02  1.078068e+03  1.502031e+03  2.352007e+03 
 1.830312e-01  5.565661e+02  1.058129e+03  1.472514e+03  2.302152e+03 
 1.855825e-01  5.480414e+02  1.040217e+03  1.446039e+03  2.257614e+03 
 1.881694e-01  5.401939e+02  1.024579e+03  1.424061e+03  2.223477e+03 
 1.907924e-01  5.324590e+02  1.009178e+03  1.402427e+03  2.189911e+03 
 1.934520e-01  5.239029e+02  9.920139e+02  1.378418e+03  2.153746e+03 
 1.961486e-01  5.145432e+02  9.732883e+02  1.352285e+03  2.114663e+03 
 1.988828e-01  5.054681e+02  9.559475e+02  1.328419e+03  2.079014e+03 
 2.016551e-01  4.970267e+02  9.410107e+02  1.308375e+03  2.049146e+03 
 2.044661e-01  4.872577e+02  9.233999e+02  1.284496e+03  2.013087e+03 
 2.073162e-01  4.758225e+02  9.016542e+02  1.254104e+03  1.965624e+03 
 2.102061e-01  4.632796e+02  8.778157e+02  1.220812e+03  1.913621e+03 
 2.131362e-01  4.537742e+02  8.643838e+02  1.205488e+03  1.895249e+03 
 2.161073e-01  4.437165e+02  8.499489e+02  1.188808e+03  1.874794e+03 
 2.191197e-01  4.308161e+02  8.280345e+02  1.160861e+03  1.837654e+03 
 2.221741e-01  4.173739e+02  8.045013e+02  1.130344e+03  1.796369e+03 
 2.252711e-01  4.049528e+02  7.835106e+02  1.103762e+03  1.761325e+03 
 2.284112e-01  3.934597e+02  7.643835e+02  1.079806e+03  1.730191e+03 
 2.315951e-01  3.831433e+02  7.465124e+02  1.056104e+03  1.694966e+03 
 2.348235e-01  3.740879e+02  7.306665e+02  1.034697e+03  1.661815e+03 
 2.380968e-01  3.641752e+02  7.115198e+02  1.007918e+03  1.620482e+03 
 2.414157e-01  3.550495e+02  6.934857e+02  9.825208e+02  1.581430e+03 
 2.447809e-01  3.463421e+02  6.763137e+02  9.585708e+02  1.544368e+03 
 2.481930e-01  3.386657e+02  6.612002e+02  9.375541e+02  1.511924e+03 
 2.516527e-01  3.342722e+02  6.533314e+02  9.265879e+02  1.494215e+03 
 2.551606e-01  3.293652e+02  6.440160e+02  9.135047e+02  1.473600e+03 
 2.587174e-01  3.216747e+02  6.278654e+02  8.905265e+02  1.438649e+03 
 2.623238e-01  3.154185e+02  6.156740e+02  8.736407e+02  1.413489e+03 
 2.659804e-01  3.104563e+02  6.072692e+02  8.626407e+02  1.397764e+03 
 2.696881e-01  3.034936e+02  5.942712e+02  8.450003e+02  1.371164e+03 
 2.734474e-01  2.955240e+02  5.791786e+02  8.244022e+02  1.339858e+03 
 2.772591e-01  2.893228e+02  5.691035e+02  8.119999e+02  1.324459e+03 
 2.811239e-01  2.823648e+02  5.570941e+02  7.966913e+02  1.305176e+03 
 2.850426e-01  2.748291e+02  5.433702e+02  7.787638e+02  1.282868e+03 
 2.890160e-01  2.676163e+02  5.313414e+02  7.634349e+02  1.261395e+03 
 2.930447e-01  2.606478e+02  5.194897e+02  7.477171e+02  1.237200e+03 
 2.971296e-01  2.540344e+02  5.068529e+02  7.289517e+02  1.204384e+03 
 3.012714e-01  2.480046e+02  4.964064e+02  7.151103e+02  1.183817e+03 
 3.054710e-01  2.422909e+02  4.866989e+02  7.028623e+02  1.167452e+03 
 3.097291e-01  2.358626e+02  4.745280e+02  6.865141e+02  1.144299e+03 
 3.140465e-01  2.303016e+02  4.631732e+02  6.700522e+02  1.116909e+03 
 3.184242e-01  2.256081e+02  4.536201e+02  6.561310e+02  1.093629e+03 
 3.228628e-01  2.219598e+02  4.471905e+02  6.477835e+02  1.083146e+03 
 3.273634e-01  2.170136e+02  4.369283e+02  6.328147e+02  1.058805e+03 
 3.319266e-01  2.119070e+02  4.267505e+02  6.185963e+02  1.037252e+03 
 3.365535e-01  2.068951e+02  4.176099e+02  6.067741e+02  1.021550e+03 
 3.412449e-01  2.033241e+02  4.129383e+02  6.013774e+02  1.012974e+03 
 3.460016e-01  1.992706e+02  4.063489e+02  5.929126e+02  1.001141e+03 
 3.508247e-01  1.950874e+02  3.988857e+02  5.829126e+02  9.863828e+02 
 3.557150e-01  1.908518e+02  3.910211e+02  5.722050e+02  9.697191e+02 
 3.606735e-01  1.858965e+02  3.821690e+02  5.605135e+02  9.531716e+02 
 3.657011e-01  1.800895e+02  3.711030e+02  5.451837e+02  9.313248e+02 
 3.707988e-01  1.753563e+02  3.619110e+02  5.324826e+02  9.121692e+02 
 3.759675e-01  1.711400e+02  3.537089e+02  5.210879e+02  8.947095e+02 
 3.812083e-01  1.670352e+02  3.461359e+02  5.107354e+02  8.791336e+02 
 3.865221e-01  1.636943e+02  3.410851e+02  5.048998e+02  8.697220e+02 
 3.919100e-01  1.603367e+02  3.331590e+02  4.926291e+02  8.523215e+02 
 3.973730e-01  1.566066e+02  3.267694e+02  4.846420e+02  8.396229e+02 
 4.029122e-01  1.535958e+02  3.220334e+02  4.781141e+02  8.274976e+02 
 4.085286e-01  1.505831e+02  3.155073e+02  4.686482e+02  8.138478e+02 
 4.142232e-01  1.468305e+02  3.077248e+02  4.581883e+02  8.006812e+02 
 4.199973e-01  1.430057e+02  3.009948e+02  4.495766e+02  7.880143e+02 
 4.258518e-01  1.398195e+02  2.950582e+02  4.411551e+02  7.734257e+02 
 4.317880e-01  1.364071e+02  2.884156e+02  4.312399e+02  7.578256e+02 
 4.378069e-01  1.333907e+02  2.823190e+02  4.224640e+02  7.432211e+02 
 4.439097e-01  1.309059e+02  2.783340e+02  4.174979e+02  7.379322e+02 
 4.500975e-01  1.272448e+02  2.714311e+02  4.080259e+02  7.237043e+02 
 4.563716e-01  1.242354e+02  2.651517e+02  3.989110e+02  7.073514e+02 
 4.627332e-01  1.223086e+02  2.624371e+02  3.959634e+02  7.047034e+02 
 4.691835e-01  1.192126e+02  2.562510e+02  3.871027e+02  6.897598e+02 
 4.757236e-01  1.169965e+02  2.518187e+02  3.809769e+02  6.803223e+02 
 4.823549e-01  1.138945e+02  2.454666e+02  3.718569e+02  6.676898e+02 
 4.890787e-01  1.113451e+02  2.404107e+02  3.649903e+02  6.568182e+02 
 4.958962e-01  1.093487e+02  2.365048e+02  3.589428e+02  6.456346e+02 
 5.028087e-01  1.066954e+02  2.318517e+02  3.525817e+02  6.361504e+02 
 5.098176e-01  1.045527e+02  2.278498e+02  3.468512e+02  6.248838e+02 
 5.169242e-01  1.026139e+02  2.241363e+02  3.417463e+02  6.180091e+02 
 5.241298e-01  9.918765e+01  2.181598e+02  3.342632e+02  6.086797e+02 
 5.314359e-01  9.739335e+01  2.154470e+02  3.306114e+02  6.025416e+02 
 5.388438e-01  9.531621e+01  2.106843e+02  3.234197e+02  5.914667e+02 
 5.463550e-01  9.354323e+01  2.071954e+02  3.182024e+02  5.825786e+02 
 5.539709e-01  9.093799e+01  2.024849e+02  3.122156e+02  5.732027e+02 
 5.616930e-01  8.921575e+01  1.990981e+02  3.073574e+02  5.658325e+02 
 5.695227e-01  8.731399e+01  1.958475e+02  3.033737e+02  5.578345e+02 
 5.774615e-01  8.524485e+01  1.910332e+02  2.960720e+02  5.470864e+02 
 5.855110e-01  8.361426e+01  1.880458e+02  2.915058e+02  5.390671e+02 
 5.936727e-01  8.163905e+01  1.834405e+02  2.849952e+02  5.291318e+02 
 6.019482e-01  8.014411e+01  1.811150e+02  2.812622e+02  5.222491e+02 
 6.103390e-01  7.816357e+01  1.776771e+02  2.768545e+02  5.145831e+02 
 6.188468e-01  7.636359e+01  1.744959e+02  2.738056e+02  5.123096e+02 
 6.274732e-01  7.500581e+01  1.710714e+02  2.678499e+02  5.024379e+02 
 6.362198e-01  7.337393e+01  1.682675e+02  2.638216e+02  4.944800e+02 
 6.450884e-01  7.155073e+01  1.649327e+02  2.591746e+02  4.864356e+02 
 6.540806e-01  6.999275e+01  1.611949e+02  2.534454e+02  4.777783e+02 
 6.631981e-01  6.832054e+01  1.583963e+02  2.503855e+02  4.725903e+02 
 6.724427e-01  6.693268e+01  1.553957e+02  2.460854e+02  4.671437e+02 
 6.818162e-01  6.537646e+01  1.524531e+02  2.409224e+02  4.574215e+02 
 6.913204e-01  6.388444e+01  1.493566e+02  2.369414e+02  4.506036e+02 
 7.009570e-01  6.291663e+01  1.469425e+02  2.333707e+02  4.444263e+02 
 7.107280e-01  6.118932e+01  1.442316e+02  2.296179e+02  4.370343e+02 
 7.206351e-01  6.018039e+01  1.418056e+02  2.262829e+02  4.328507e+02 
 7.306804e-01  5.887121e+01  1.395043e+02  2.225429e+02  4.249716e+02 
 7.408657e-01  5.750203e+01  1.365949e+02  2.183237e+02  4.190957e+02 
 7.511929e-01  5.622157e+01  1.338999e+02  2.148501e+02  4.132421e+02 
 7.616642e-01  5.509225e+01  1.313183e+02  2.111342e+02  4.074344e+02 
 7.722814e-01  5.427234e+01  1.298669e+02  2.086827e+02  4.016526e+02 
 7.830465e-01  5.308801e+01  1.272195e+02  2.049026e+02  3.961987e+02 
 7.939618e-01  5.202132e+01  1.254305e+02  2.020359e+02  3.916446e+02 
 8.050292e-01  5.082050e+01  1.228797e+02  1.990436e+02  3.863125e+02 
 8.162509e-01  4.984682e+01  1.209746e+02  1.956421e+02  3.792226e+02 
 8.276289e-01  4.857510e+01  1.183820e+02  1.922062e+02  3.741152e+02 
 8.391656e-01  4.787636e+01  1.168697e+02  1.892579e+02  3.695397e+02 
 8.508632e-01  4.696092e+01  1.147021e+02  1.864842e+02  3.643667e+02 
 8.627237e-01  4.584504e+01  1.126945e+02  1.834833e+02  3.581793e+02 
 8.747496e-01  4.494540e+01  1.106081e+02  1.805449e+02  3.532392e+02 
 8.869432e-01  4.409331e+01  1.088860e+02  1.778935e+02  3.485905e+02 
 8.993067e-01  4.312846e+01  1.070074e+02  1.750043e+02  3.432167e+02 
 9.118425e-01  4.240711e+01  1.050468e+02  1.719073e+02  3.369411e+02 
 9.245531e-01  4.140922e+01  1.031525e+02  1.689817e+02  3.327279e+02 
 9.374409e-01  4.054735e+01  1.013838e+02  1.665744e+02  3.281796e+02 
 9.505083e-01  3.980461e+01  9.961949e+01  1.639823e+02  3.231309e+02 
 9.637579e-01  3.890026e+01  9.759862e+01  1.608884e+02  3.181369e+02 
 9.771921e-01  3.828364e+01  9.689080e+01  1.592200e+02  3.136645e+02 
 9.908137e-01  3.748491e+01  9.491738e+01  1.564121e+02  3.092550e+02 
 1.004625e+00  3.670572e+01  9.303421e+01  1.535403e+02  3.037483e+02 
 1.018629e+00  3.603356e+01  9.161736e+01  1.512472e+02  2.990721e+02 
 1.032828e+00  3.526920e+01  9.000349e+01  1.490395e+02  2.954999e+02 
 1.047225e+00  3.451032e+01  8.858468e+01  1.464982e+02  2.901637e+02 
 1.061823e+00  3.390495e+01  8.726689e+01  1.443608e+02  2.858666e+02 
 1.076624e+00  3.321461e+01  8.576024e+01  1.420419e+02  2.813841e+02 
 1.091632e+00  3.261244e+01  8.424675e+01  1.399194e+02  2.768568e+02 
 1.106848e+00  3.192362e+01  8.266611e+01  1.375754e+02  2.727068e+02 
 1.122277e+00  3.129385e+01  8.143557e+01  1.352057e+02  2.680455e+02 
 1.137921e+00  3.067115e+01  7.990403e+01  1.329766e+02  2.638229e+02 
 1.153783e+00  3.011993e+01  7.859373e+01  1.308837e+02  2.598901e+02 
 1.169866e+00  2.955242e+01  7.735664e+01  1.287726e+02  2.560806e+02 
 1.186174e+00  2.896141e+01  7.613769e+01  1.267265e+02  2.518528e+02 
 1.202708e+00  2.843742e+01  7.484776e+01  1.247918e+02  2.478899e+02 
 1.219473e+00  2.791802e+01  7.365199e+01  1.229269e+02  2.435837e+02 
 1.236472e+00  2.737454e+01  7.245436e+01  1.210458e+02  2.399187e+02 
 1.253708e+00  2.687415e+01  7.121523e+01  1.188796e+02  2.360542e+02 
 1.271184e+00  2.637918e+01  7.028478e+01  1.173593e+02  2.322439e+02 
 1.288904e+00  2.588025e+01  6.885441e+01  1.151492e+02  2.287181e+02 
 1.306870e+00  2.537251e+01  6.771431e+01  1.132431e+02  2.246725e+02 
 1.325087e+00  2.494177e+01  6.663910e+01  1.114944e+02  2.206482e+02 
 1.343558e+00  2.447825e+01  6.551072e+01  1.096115e+02  2.169919e+02 
 1.362287e+00  2.404876e+01  6.439058e+01  1.076783e+02  2.132010e+02 
 1.381276e+00  2.358524e+01  6.333655e+01  1.056970e+02  2.095042e+02 
 1.400531e+00  2.316548e+01  6.227995e+01  1.040217e+02  2.056357e+02 
 1.420053e+00  2.272140e+01  6.114084e+01  1.023540e+02  2.019566e+02 
 1.439848e+00  2.231125e+01  6.019933e+01  1.004946e+02  1.984833e+02 
 1.459919e+00  2.187859e+01  5.915929e+01  9.877958e+01  1.947505e+02 
 1.480269e+00  2.153488e+01  5.805949e+01  9.699080e+01  1.909246e+02 
 1.500903e+00  2.113491e+01  5.712977e+01  9.525861e+01  1.878518e+02 
 1.521825e+00  2.073764e+01  5.621046e+01  9.372879e+01  1.843200e+02 
 1.543038e+00  2.035119e+01  5.522798e+01  9.215949e+01  1.811210e+02 
 1.564548e+00  2.001628e+01  5.429381e+01  9.050403e+01  1.776112e+02 
 1.586357e+00  1.965569e+01  5.342135e+01  8.893142e+01  1.742098e+02 
 1.608469e+00  1.928028e+01  5.250388e+01  8.734474e+01  1.710792e+02 
 1.630891e+00  1.899648e+01  5.151105e+01  8.560718e+01  1.675320e+02 
 1.653624e+00  1.862499e+01  5.059694e+01  8.416021e+01  1.645497e+02 
 1.676675e+00  1.828477e+01  4.980220e+01  8.270042e+01  1.612278e+02 
 1.700047e+00  1.795173e+01  4.893875e+01  8.115389e+01  1.581378e+02 
 1.723745e+00  1.765533e+01  4.804983e+01  7.966801e+01  1.548524e+02 
 1.747773e+00  1.731747e+01  4.717422e+01  7.814343e+01  1.517543e+02 
 1.772136e+00  1.700872e+01  4.634296e+01  7.666157e+01  1.488483e+02 
 1.796838e+00  1.671928e+01  4.550185e+01  7.524281e+01  1.458009e+02 
 1.821885e+00  1.645130e+01  4.469083e+01  7.377818e+01  1.428964e+02 
 1.847281e+00  1.614833e+01  4.395726e+01  7.246857e+01  1.400151e+02 
 1.873032e+00  1.586932e+01  4.314538e+01  7.094174e+01  1.371874e+02 
 1.899141e+00  1.559012e+01  4.231881e+01  6.963291e+01  1.343671e+02 
 1.925614e+00  1.532871e+01  4.157519e+01  6.832438e+01  1.314911e+02 
 1.952456e+00  1.510377e+01  4.086365e+01  6.704114e+01  1.287582e+02 
 1.979672e+00  1.480457e+01  4.014816e+01  6.574082e+01  1.260565e+02 
 2.007267e+00  1.456616e+01  3.940659e+01  6.433297e+01  1.234562e+02 
 2.035248e+00  1.429636e+01  3.863514e+01  6.305172e+01  1.207385e+02 
 2.063618e+00  1.404451e+01  3.788313e+01  6.178313e+01  1.180841e+02 
 2.092383e+00  1.380920e+01  3.717866e+01  6.049917e+01  1.155084e+02 
 2.121550e+00  1.355971e+01  3.645099e+01  5.926472e+01  1.129516e+02 
 2.151123e+00  1.332803e+01  3.576708e+01  5.801141e+01  1.103856e+02 
 2.181109e+00  1.309221e+01  3.505137e+01  5.681592e+01  1.079979e+02 
 2.211512e+00  1.286750e+01  3.435223e+01  5.558021e+01  1.054436e+02 
 2.242340e+00  1.264201e+01  3.371642e+01  5.443333e+01  1.031192e+02 
 2.273597e+00  1.240831e+01  3.305106e+01  5.322966e+01  1.007879e+02 
 2.305289e+00  1.220820e+01  3.239522e+01  5.211245e+01  9.851060e+01 
 2.337424e+00  1.199555e+01  3.173659e+01  5.098540e+01  9.628794e+01 
 2.370006e+00  1.178265e+01  3.110583e+01  4.989122e+01  9.409943e+01 
 2.403043e+00  1.156404e+01  3.048718e+01  4.877931e+01  9.189999e+01 
 2.436540e+00  1.137054e+01  2.988331e+01  4.772506e+01  8.975543e+01 
 2.470504e+00  1.117074e+01  2.928309e+01  4.665176e+01  8.766766e+01 
 2.504942e+00  1.097544e+01  2.869890e+01  4.562991e+01  8.562279e+01 
 2.539859e+00  1.078888e+01  2.809495e+01  4.459555e+01  8.356119e+01 
 2.575263e+00  1.058729e+01  2.749480e+01  4.362231e+01  8.161900e+01 
 2.611161e+00  1.040737e+01  2.692829e+01  4.260221e+01  7.966213e+01 
 2.647559e+00  1.022190e+01  2.635803e+01  4.161230e+01  7.771575e+01 
 2.684465e+00  1.004024e+01  2.581958e+01  4.065296e+01  7.583313e+01 
 2.721885e+00  9.851850e+00  2.524107e+01  3.971659e+01  7.399749e+01 
 2.759826e+00  9.675654e+00  2.468446e+01  3.878166e+01  7.220057e+01 
 2.798297e+00  9.497845e+00  2.416666e+01  3.787118e+01  7.054365e+01 
 2.837304e+00  9.326674e+00  2.363478e+01  3.697973e+01  6.873585e+01 
 2.876854e+00  9.155354e+00  2.311161e+01  3.610520e+01  6.706652e+01 
 2.916956e+00  8.989756e+00  2.261510e+01  3.525461e+01  6.539782e+01 
 2.957617e+00  8.828532e+00  2.211894e+01  3.443310e+01  6.379494e+01 
 2.998844e+00  8.666387e+00  2.163751e+01  3.361142e+01  6.222211e+01 
 3.040646e+00  8.507041e+00  2.115153e+01  3.280524e+01  6.072493e+01 
 3.083031e+00  8.351163e+00  2.067596e+01  3.202063e+01  5.921836e+01 
 3.126007e+00  8.199649e+00  2.021864e+01  3.125094e+01  5.773710e+01 
 3.169582e+00  8.045754e+00  1.975106e+01  3.047727e+01  5.629495e+01 
 3.213764e+00  7.894460e+00  1.930222e+01  2.973453e+01  5.488928e+01 
 3.258562e+00  7.743468e+00  1.886709e+01  2.900863e+01  5.350749e+01 
 3.303985e+00  7.596802e+00  1.842240e+01  2.828806e+01  5.215836e+01 
 3.350041e+00  7.454090e+00  1.798838e+01  2.758379e+01  5.083325e+01 
 3.396739e+00  7.308069e+00  1.756739e+01  2.690397e+01  4.952608e+01 
 3.444087e+00  7.167707e+00  1.715049e+01  2.621866e+01  4.827229e+01 
 3.492096e+00  7.030517e+00  1.674985e+01  2.556919e+01  4.705529e+01 
 3.540774e+00  6.889381e+00  1.635376e+01  2.493521e+01  4.586175e+01 
 3.590130e+00  6.756617e+00  1.596255e+01  2.430506e+01  4.470233e+01 
 3.640175e+00  6.626070e+00  1.558352e+01  2.370624e+01  4.356696e+01 
 3.690917e+00  6.493592e+00  1.522234e+01  2.309839e+01  4.246059e+01 
 3.742366e+00  6.365008e+00  1.484951e+01  2.252388e+01  4.139413e+01 
 3.794533e+00  6.241285e+00  1.449749e+01  2.195918e+01  4.033898e+01 
 3.847427e+00  6.115936e+00  1.414561e+01  2.140333e+01  3.932120e+01 
 3.901058e+00  5.991413e+00  1.380400e+01  2.086398e+01  3.831071e+01 
 3.955436e+00  5.873570e+00  1.346757e+01  2.032591e+01  3.732418e+01 
 4.010573e+00  5.751912e+00  1.313692e+01  1.981197e+01  3.637397e+01 
 4.066478e+00  5.633013e+00  1.280917e+01  1.930157e+01  3.543002e+01 
 4.123163e+00  5.514979e+00  1.249536e+01  1.880330e+01  3.450928e+01 
 4.180637e+00  5.402120e+00  1.218760e+01  1.832182e+01  3.361204e+01 
 4.238913e+00  5.288342e+00  1.188121e+01  1.784498e+01  3.274600e+01 
 4.298001e+00  5.174581e+00  1.158393e+01  1.738715e+01  3.189426e+01 
 4.357913e+00  5.068274e+00  1.129281e+01  1.694160e+01  3.107676e+01 
 4.418660e+00  4.959729e+00  1.101380e+01  1.650014e+01  3.027991e+01 
 4.480254e+00  4.853683e+00  1.073720e+01  1.607569e+01  2.949627e+01 
 4.542706e+00  4.751024e+00  1.046707e+01  1.566047e+01  2.873597e+01 
 4.606029e+00  4.648960e+00  1.020792e+01  1.525774e+01  2.800228e+01 
 4.670234e+00  4.548617e+00  9.951590e+00  1.487054e+01  2.728641e+01 
 4.735335e+00  4.451040e+00  9.703135e+00  1.448739e+01  2.658554e+01 
 4.801343e+00  4.355681e+00  9.461703e+00  1.411584e+01  2.589805e+01 
 4.868271e+00  4.260030e+00  9.222024e+00  1.375011e+01  2.522762e+01 
 4.936132e+00  4.166594e+00  8.987229e+00  1.339190e+01  2.457264e+01 
 5.004939e+00  4.073644e+00  8.758302e+00  1.304361e+01  2.393103e+01 
 5.074705e+00  3.982171e+00  8.534336e+00  1.270108e+01  2.330669e+01 
 5.145444e+00  3.893477e+00  8.315495e+00  1.237001e+01  2.269565e+01 
 5.217169e+00  3.804828e+00  8.101180e+00  1.204406e+01  2.209923e+01 
 5.289893e+00  3.719988e+00  7.893577e+00  1.173038e+01  2.152277e+01 
 5.363631e+00  3.634450e+00  7.690478e+00  1.142179e+01  2.095885e+01 
 5.438397e+00  3.552215e+00  7.492163e+00  1.112419e+01  2.040779e+01 
 5.514206e+00  3.471271e+00  7.299954e+00  1.083315e+01  1.987430e+01 
 5.591071e+00  3.391050e+00  7.113155e+00  1.055063e+01  1.935501e+01 
 5.669007e+00  3.314383e+00  6.931432e+00  1.027629e+01  1.885433e+01 
 5.748030e+00  3.238337e+00  6.753920e+00  1.000847e+01  1.836086e+01 
 5.828155e+00  3.164015e+00  6.581339e+00  9.749256e+00  1.788265e+01 
 5.909396e+00  3.091142e+00  6.413181e+00  9.496027e+00  1.741895e+01 
 5.991770e+00  3.017720e+00  6.248565e+00  9.247448e+00  1.696625e+01 
 6.075292e+00  2.949276e+00  6.088152e+00  9.006174e+00  1.651775e+01 
 6.159978e+00  2.879970e+00  5.930140e+00  8.770289e+00  1.608330e+01 
 6.245845e+00  2.812344e+00  5.776148e+00  8.540099e+00  1.565792e+01 
 6.332908e+00  2.745521e+00  5.625646e+00  8.313770e+00  1.524033e+01 
 6.421186e+00  2.680478e+00  5.479302e+00  8.093542e+00  1.483475e+01 
 6.510694e+00  2.616520e+00  5.336323e+00  7.879773e+00  1.444056e+01 
 6.601449e+00  2.554374e+00  5.197523e+00  7.671542e+00  1.405525e+01 
 6.693470e+00  2.493024e+00  5.061880e+00  7.468337e+00  1.367999e+01 
 6.786773e+00  2.433548e+00  4.929969e+00  7.270776e+00  1.331708e+01 
 6.881377e+00  2.375624e+00  4.802253e+00  7.079040e+00  1.296206e+01 
 6.977300e+00  2.318899e+00  4.678040e+00  6.894116e+00  1.261755e+01 
 7.074559e+00  2.263860e+00  4.557167e+00  6.712572e+00  1.228244e+01 
 7.173175e+00  2.209801e+00  4.439775e+00  6.536753e+00  1.195738e+01 
 7.273165e+00  2.157444e+00  4.325549e+00  6.366290e+00  1.164141e+01 
 7.374549e+00  2.105926e+00  4.214178e+00  6.199745e+00  1.133404e+01 
 7.477346e+00  2.055455e+00  4.105649e+00  6.038003e+00  1.103256e+01 
 7.581576e+00  2.006278e+00  3.999114e+00  5.878930e+00  1.073843e+01 
 7.687260e+00  1.957837e+00  3.895473e+00  5.723918e+00  1.045108e+01 
 7.794416e+00  1.910498e+00  3.794350e+00  5.571864e+00  1.016970e+01 
 7.903066e+00  1.864298e+00  3.694882e+00  5.423684e+00  9.894825e+00 
 8.013230e+00  1.819037e+00  3.598831e+00  5.280203e+00  9.627798e+00 
 8.124930e+00  1.774838e+00  3.504891e+00  5.140150e+00  9.367132e+00 
 8.238187e+00  1.731920e+00  3.413573e+00  5.003522e+00  9.113491e+00 
 8.353023e+00  1.689933e+00  3.324778e+00  4.870817e+00  8.866899e+00 
 8.469460e+00  1.649167e+00  3.238654e+00  4.742204e+00  8.627670e+00 
 8.587519e+00  1.609498e+00  3.154791e+00  4.616989e+00  8.395160e+00 
 8.707225e+00  1.570843e+00  3.073382e+00  4.495720e+00  8.169741e+00 
 8.828599e+00  1.533305e+00  2.994605e+00  4.378110e+00  7.950414e+00 
 8.951665e+00  1.496652e+00  2.918098e+00  4.263446e+00  7.738348e+00 
 9.076446e+00  1.461139e+00  2.843584e+00  4.152406e+00  7.531777e+00 
 9.202967e+00  1.426394e+00  2.771071e+00  4.044526e+00  7.330655e+00 
 9.331251e+00  1.392427e+00  2.700328e+00  3.938873e+00  7.134707e+00 
 9.461324e+00  0.000000e+00  0.000000e+00  0.000000e+00  0.000000e+00 
 9.593209e+00  0.000000e+00  0.000000e+00  0.000000e+00  0.000000e+00 
 9.726934e+00  0.000000e+00  0.000000e+00  0.000000e+00  0.000000e+00 
 9.862522e+00  0.000000e+00  0.000000e+00  0.000000e+00  0.000000e+00 
 1.000000e+01  0.000000e+00  0.000000e+00  0.000000e+00  0.000000e+00 
