 1.000000e-02  5.749179e+03  1.070513e+04  1.466643e+04  2.228188e+04 
 1.013939e-02  5.780417e+03  1.076315e+04  1.474577e+04  2.240202e+04 
 1.028073e-02  5.811159e+03  1.082024e+04  1.482384e+04  2.252021e+04 
 1.042404e-02  5.841383e+03  1.087635e+04  1.490057e+04  2.263634e+04 
 1.056935e-02  5.871071e+03  1.093147e+04  1.497593e+04  2.275036e+04 
 1.071668e-02  5.900208e+03  1.098555e+04  1.504985e+04  2.286219e+04 
 1.086606e-02  5.928770e+03  1.103856e+04  1.512230e+04  2.297177e+04 
 1.101753e-02  5.956738e+03  1.109045e+04  1.519321e+04  2.307900e+04 
 1.117111e-02  5.984084e+03  1.114118e+04  1.526253e+04  2.318379e+04 
 1.132683e-02  6.010788e+03  1.119071e+04  1.533019e+04  2.328606e+04 
 1.148472e-02  6.036827e+03  1.123899e+04  1.539615e+04  2.338569e+04 
 1.164481e-02  6.062176e+03  1.128598e+04  1.546033e+04  2.348264e+04 
 1.180713e-02  6.086819e+03  1.133165e+04  1.552267e+04  2.357677e+04 
 1.197171e-02  6.110732e+03  1.137594e+04  1.558316e+04  2.366805e+04 
 1.213859e-02  6.133888e+03  1.141884e+04  1.564169e+04  2.375636e+04 
 1.230780e-02  6.156265e+03  1.146026e+04  1.569822e+04  2.384161e+04 
 1.247936e-02  6.177842e+03  1.150019e+04  1.575270e+04  2.392371e+04 
 1.265332e-02  6.198595e+03  1.153858e+04  1.580505e+04  2.400258e+04 
 1.282970e-02  6.218509e+03  1.157540e+04  1.585525e+04  2.407814e+04 
 1.300854e-02  6.237557e+03  1.161060e+04  1.590323e+04  2.415033e+04 
 1.318987e-02  6.255716e+03  1.164415e+04  1.594892e+04  2.421902e+04 
 1.337373e-02  6.272966e+03  1.167599e+04  1.599228e+04  2.428415e+04 
 1.356015e-02  6.289286e+03  1.170609e+04  1.603325e+04  2.434564e+04 
 1.374917e-02  6.304651e+03  1.173442e+04  1.607178e+04  2.440338e+04 
 1.394083e-02  6.319035e+03  1.176090e+04  1.610778e+04  2.445729e+04 
 1.413516e-02  6.332411e+03  1.178550e+04  1.614119e+04  2.450723e+04 
 1.433219e-02  6.344756e+03  1.180818e+04  1.617197e+04  2.455315e+04 
 1.453198e-02  6.356046e+03  1.182888e+04  1.620004e+04  2.459494e+04 
 1.473454e-02  6.366260e+03  1.184757e+04  1.622534e+04  2.463252e+04 
 1.493993e-02  6.375373e+03  1.186422e+04  1.624783e+04  2.466580e+04 
 1.514819e-02  6.383403e+03  1.187886e+04  1.626759e+04  2.469494e+04 
 1.535935e-02  6.390308e+03  1.189141e+04  1.628448e+04  2.471973e+04 
 1.557345e-02  6.396046e+03  1.190178e+04  1.629837e+04  2.473995e+04 
 1.579053e-02  6.400597e+03  1.190994e+04  1.630924e+04  2.475555e+04 
 1.601064e-02  6.403947e+03  1.191585e+04  1.631702e+04  2.476645e+04 
 1.623382e-02  6.406070e+03  1.191947e+04  1.632165e+04  2.477255e+04 
 1.646012e-02  6.406955e+03  1.192078e+04  1.632312e+04  2.477382e+04 
 1.668956e-02  6.406582e+03  1.191974e+04  1.632137e+04  2.477020e+04 
 1.692220e-02  6.404937e+03  1.191634e+04  1.631636e+04  2.476161e+04 
 1.715809e-02  6.401998e+03  1.191052e+04  1.630805e+04  2.474798e+04 
 1.739726e-02  6.397747e+03  1.190225e+04  1.629638e+04  2.472922e+04 
 1.763977e-02  6.392160e+03  1.189148e+04  1.628127e+04  2.470526e+04 
 1.788566e-02  6.385218e+03  1.187820e+04  1.626271e+04  2.467602e+04 
 1.813498e-02  6.376904e+03  1.186235e+04  1.624064e+04  2.464143e+04 
 1.838777e-02  6.367202e+03  1.184392e+04  1.621502e+04  2.460143e+04 
 1.864409e-02  6.356099e+03  1.182286e+04  1.618581e+04  2.455599e+04 
 1.890397e-02  6.343570e+03  1.179916e+04  1.615296e+04  2.450499e+04 
 1.916748e-02  6.329615e+03  1.177280e+04  1.611647e+04  2.444844e+04 
 1.943467e-02  6.314210e+03  1.174373e+04  1.607627e+04  2.438626e+04 
 1.970558e-02  6.297370e+03  1.171198e+04  1.603240e+04  2.431848e+04 
 1.998026e-02  6.279069e+03  1.167752e+04  1.598480e+04  2.424505e+04 
 2.025878e-02  6.259309e+03  1.164034e+04  1.593348e+04  2.416594e+04 
 2.054117e-02  6.238079e+03  1.160042e+04  1.587840e+04  2.408113e+04 
 2.082751e-02  6.215398e+03  1.155780e+04  1.581961e+04  2.399066e+04 
 2.111783e-02  6.191263e+03  1.151246e+04  1.575711e+04  2.389457e+04 
 2.141220e-02  6.165773e+03  1.146457e+04  1.569106e+04  2.379296e+04 
 2.171068e-02  6.139444e+03  1.141487e+04  1.562230e+04  2.368657e+04 
 2.201331e-02  6.111660e+03  1.136247e+04  1.554982e+04  2.357453e+04 
 2.232016e-02  6.082418e+03  1.130735e+04  1.547362e+04  2.345683e+04 
 2.263130e-02  6.051717e+03  1.124951e+04  1.539371e+04  2.333349e+04 
 2.294676e-02  6.019570e+03  1.118899e+04  1.531010e+04  2.320453e+04 
 2.326663e-02  5.985981e+03  1.112578e+04  1.522283e+04  2.307000e+04 
 2.359095e-02  5.950961e+03  1.105991e+04  1.513192e+04  2.292994e+04 
 2.391980e-02  5.914522e+03  1.099140e+04  1.503738e+04  2.278440e+04 
 2.425323e-02  5.876686e+03  1.092029e+04  1.493928e+04  2.263345e+04 
 2.459130e-02  5.837475e+03  1.084662e+04  1.483769e+04  2.247721e+04 
 2.493409e-02  5.796922e+03  1.077047e+04  1.473269e+04  2.231578e+04 
 2.528166e-02  5.755053e+03  1.069187e+04  1.462435e+04  2.214930e+04 
 2.563407e-02  5.711907e+03  1.061090e+04  1.451276e+04  2.197790e+04 
 2.599140e-02  5.667526e+03  1.052763e+04  1.439803e+04  2.180174e+04 
 2.635371e-02  5.621960e+03  1.044217e+04  1.428029e+04  2.162103e+04 
 2.672106e-02  5.575262e+03  1.035460e+04  1.415969e+04  2.143597e+04 
 2.709354e-02  5.527461e+03  1.026498e+04  1.403628e+04  2.124670e+04 
 2.747121e-02  5.478589e+03  1.017338e+04  1.391016e+04  2.105330e+04 
 2.785414e-02  5.428605e+03  1.007974e+04  1.378127e+04  2.085580e+04 
 2.824241e-02  5.377270e+03  9.983714e+03  1.364926e+04  2.065386e+04 
 2.863610e-02  5.324966e+03  9.885889e+03  1.351478e+04  2.044820e+04 
 2.903527e-02  5.271735e+03  9.786350e+03  1.337797e+04  2.023903e+04 
 2.944000e-02  5.217624e+03  9.685181e+03  1.323892e+04  2.002650e+04 
 2.985038e-02  5.162685e+03  9.582481e+03  1.309779e+04  1.981083e+04 
 3.026648e-02  5.106977e+03  9.478356e+03  1.295471e+04  1.959225e+04 
 3.068838e-02  5.050564e+03  9.372928e+03  1.280987e+04  1.937100e+04 
 3.111616e-02  4.993513e+03  9.266327e+03  1.266343e+04  1.914737e+04 
 3.154990e-02  4.935902e+03  9.158689e+03  1.251558e+04  1.892164e+04 
 3.198969e-02  4.877814e+03  9.050173e+03  1.236655e+04  1.869413e+04 
 3.243561e-02  4.819339e+03  8.940951e+03  1.221655e+04  1.846520e+04 
 3.288774e-02  4.760573e+03  8.831199e+03  1.206583e+04  1.823522e+04 
 3.334618e-02  4.701629e+03  8.721122e+03  1.191468e+04  1.800461e+04 
 3.381101e-02  4.642588e+03  8.610875e+03  1.176330e+04  1.777369e+04 
 3.428231e-02  4.583516e+03  8.500578e+03  1.161187e+04  1.754271e+04 
 3.476019e-02  4.524321e+03  8.390389e+03  1.146097e+04  1.731370e+04 
 3.524473e-02  4.465192e+03  8.280339e+03  1.131027e+04  1.708506e+04 
 3.573602e-02  4.406183e+03  8.170519e+03  1.115990e+04  1.685692e+04 
 3.623416e-02  4.347354e+03  8.061040e+03  1.100999e+04  1.662951e+04 
 3.673925e-02  4.288764e+03  7.952013e+03  1.086072e+04  1.640308e+04 
 3.725137e-02  4.230485e+03  7.843572e+03  1.071226e+04  1.617790e+04 
 3.777064e-02  4.172582e+03  7.735832e+03  1.056476e+04  1.595422e+04 
 3.829714e-02  4.115127e+03  7.628932e+03  1.041841e+04  1.573232e+04 
 3.883098e-02  4.058199e+03  7.523017e+03  1.027342e+04  1.551249e+04 
 3.937226e-02  4.001880e+03  7.418245e+03  1.013000e+04  1.529507e+04 
 3.992109e-02  3.946257e+03  7.314768e+03  9.988357e+03  1.508035e+04 
 4.047757e-02  3.891412e+03  7.212708e+03  9.848621e+03  1.486844e+04 
 4.104181e-02  3.837261e+03  7.111340e+03  9.709168e+03  1.465509e+04 
 4.161391e-02  3.784097e+03  7.011820e+03  9.572251e+03  1.444560e+04 
 4.219398e-02  3.731990e+03  6.914268e+03  9.438040e+03  1.424023e+04 
 4.278214e-02  3.680975e+03  6.818754e+03  9.306627e+03  1.403914e+04 
 4.337850e-02  3.631080e+03  6.725329e+03  9.178073e+03  1.384240e+04 
 4.398317e-02  3.582331e+03  6.634041e+03  9.052452e+03  1.365014e+04 
 4.459628e-02  3.534752e+03  6.544933e+03  8.929822e+03  1.346243e+04 
 4.521792e-02  3.488367e+03  6.458053e+03  8.810248e+03  1.327938e+04 
 4.584824e-02  3.443203e+03  6.373444e+03  8.693787e+03  1.310106e+04 
 4.648734e-02  3.399279e+03  6.291144e+03  8.580492e+03  1.292756e+04 
 4.713535e-02  3.356740e+03  6.212200e+03  8.472615e+03  1.276453e+04 
 4.779239e-02  3.315549e+03  6.136225e+03  8.369288e+03  1.260975e+04 
 4.845859e-02  3.275650e+03  6.062641e+03  8.269220e+03  1.245987e+04 
 4.913407e-02  3.237042e+03  5.991441e+03  8.172401e+03  1.231488e+04 
 4.981898e-02  3.199707e+03  5.922596e+03  8.078790e+03  1.217471e+04 
 5.051342e-02  3.163620e+03  5.856059e+03  7.988324e+03  1.203926e+04 
 5.121755e-02  3.128750e+03  5.791774e+03  7.900928e+03  1.190843e+04 
 5.193150e-02  3.095061e+03  5.729672e+03  7.816513e+03  1.178209e+04 
 5.265540e-02  3.062508e+03  5.669670e+03  7.734956e+03  1.166004e+04 
 5.338938e-02  3.030797e+03  5.610755e+03  7.654383e+03  1.153811e+04 
 5.413360e-02  2.999828e+03  5.552646e+03  7.574311e+03  1.141530e+04 
 5.488820e-02  2.969817e+03  5.496318e+03  7.496671e+03  1.129618e+04 
 5.565331e-02  2.940701e+03  5.441648e+03  7.421298e+03  1.118048e+04 
 5.642908e-02  2.912369e+03  5.388432e+03  7.347907e+03  1.106776e+04 
 5.721568e-02  2.884729e+03  5.336499e+03  7.276272e+03  1.095768e+04 
 5.801323e-02  2.857654e+03  5.285623e+03  7.206086e+03  1.084981e+04 
 5.882190e-02  2.831120e+03  5.235769e+03  7.137322e+03  1.074414e+04 
 5.964185e-02  2.805140e+03  5.187289e+03  7.070801e+03  1.064288e+04 
 6.047322e-02  2.779914e+03  5.141128e+03  7.008398e+03  1.055047e+04 
 6.131619e-02  2.754801e+03  5.095162e+03  6.946253e+03  1.045841e+04 
 6.217090e-02  2.729625e+03  5.049058e+03  6.883904e+03  1.036598e+04 
 6.303753e-02  2.704318e+03  5.002698e+03  6.821182e+03  1.027292e+04 
 6.391624e-02  2.678715e+03  4.955785e+03  6.757703e+03  1.017873e+04 
 6.480720e-02  2.652719e+03  4.908150e+03  6.693241e+03  1.008307e+04 
 6.571058e-02  2.626155e+03  4.859467e+03  6.627366e+03  9.985290e+03 
 6.662655e-02  2.597712e+03  4.805336e+03  6.551946e+03  9.867186e+03 
 6.755528e-02  2.568419e+03  4.749588e+03  6.474270e+03  9.745551e+03 
 6.849697e-02  2.538211e+03  4.692164e+03  6.394333e+03  9.620576e+03 
 6.945178e-02  2.506990e+03  4.632886e+03  6.311888e+03  9.491903e+03 
 7.041990e-02  2.474655e+03  4.571571e+03  6.226696e+03  9.359184e+03 
 7.140151e-02  2.441128e+03  4.508079e+03  6.138572e+03  9.222149e+03 
 7.239681e-02  2.406629e+03  4.443114e+03  6.048825e+03  9.083937e+03 
 7.340598e-02  2.371163e+03  4.376736e+03  5.957608e+03  8.945012e+03 
 7.442922e-02  2.334360e+03  4.307909e+03  5.863086e+03  8.801203e+03 
 7.546673e-02  2.296203e+03  4.236610e+03  5.765223e+03  8.652456e+03 
 7.651869e-02  2.256709e+03  4.162873e+03  5.664075e+03  8.498865e+03 
 7.758532e-02  2.215924e+03  4.086779e+03  5.559751e+03  8.340601e+03 
 7.866682e-02  2.174769e+03  4.011223e+03  5.457380e+03  8.188406e+03 
 7.976339e-02  2.133870e+03  3.938080e+03  5.360242e+03  8.049060e+03 
 8.087525e-02  2.091870e+03  3.862855e+03  5.260217e+03  7.905262e+03 
 8.200261e-02  2.048894e+03  3.785773e+03  5.157610e+03  7.757450e+03 
 8.314568e-02  2.005099e+03  3.707115e+03  5.052799e+03  7.606179e+03 
 8.430468e-02  1.960652e+03  3.627188e+03  4.946194e+03  7.452053e+03 
 8.547985e-02  1.914989e+03  3.543758e+03  4.833599e+03  7.285933e+03 
 8.667139e-02  1.868746e+03  3.458664e+03  4.718167e+03  7.114139e+03 
 8.787954e-02  1.822503e+03  3.373564e+03  4.602710e+03  6.942263e+03 
 8.910453e-02  1.776490e+03  3.288877e+03  4.487801e+03  6.771160e+03 
 9.034660e-02  1.730940e+03  3.205029e+03  4.374020e+03  6.601696e+03 
 9.160598e-02  1.686805e+03  3.124807e+03  4.266118e+03  6.443322e+03 
 9.288292e-02  1.644232e+03  3.048347e+03  4.164159e+03  6.295841e+03 
 9.417766e-02  1.602748e+03  2.973809e+03  4.064726e+03  6.151921e+03 
 9.549045e-02  1.562560e+03  2.901578e+03  3.968348e+03  6.012362e+03 
 9.682153e-02  1.523859e+03  2.832012e+03  3.875517e+03  5.877915e+03 
 9.817117e-02  1.487124e+03  2.766460e+03  3.788508e+03  5.753061e+03 
 9.953962e-02  1.452301e+03  2.704522e+03  3.706493e+03  5.635873e+03 
 1.009272e-01  1.419408e+03  2.646062e+03  3.629129e+03  5.525450e+03 
 1.023340e-01  1.388540e+03  2.591268e+03  3.556682e+03  5.422220e+03 
 1.037605e-01  1.359103e+03  2.538238e+03  3.485819e+03  5.319437e+03 
 1.052069e-01  1.329328e+03  2.481488e+03  3.407021e+03  5.197981e+03 
 1.066734e-01  1.301743e+03  2.428840e+03  3.333859e+03  5.085098e+03 
 1.081604e-01  1.276305e+03  2.380209e+03  3.266211e+03  4.980599e+03 
 1.096681e-01  1.252918e+03  2.335420e+03  3.203842e+03  4.884130e+03 
 1.111968e-01  1.231633e+03  2.294820e+03  3.147291e+03  4.796087e+03 
 1.127468e-01  1.212115e+03  2.257530e+03  3.095287e+03  4.714936e+03 
 1.143184e-01  1.194161e+03  2.223153e+03  3.047277e+03  4.639862e+03 
 1.159120e-01  1.177543e+03  2.191270e+03  3.002687e+03  4.569996e+03 
 1.175277e-01  1.162790e+03  2.163661e+03  2.964602e+03  4.511286e+03 
 1.191660e-01  1.148906e+03  2.137735e+03  2.928876e+03  4.456276e+03 
 1.208271e-01  1.135527e+03  2.112747e+03  2.894440e+03  4.403229e+03 
 1.225114e-01  1.122316e+03  2.088044e+03  2.860390e+03  4.350831e+03 
 1.242191e-01  1.108568e+03  2.062021e+03  2.824461e+03  4.296001e+03 
 1.259506e-01  1.094437e+03  2.035303e+03  2.787593e+03  4.239780e+03 
 1.277063e-01  1.079649e+03  2.007383e+03  2.749101e+03  4.181136e+03 
 1.294865e-01  1.064296e+03  1.978628e+03  2.709538e+03  4.120664e+03 
 1.312915e-01  1.048214e+03  1.948780e+03  2.668560e+03  4.057806e+03 
 1.331216e-01  1.030853e+03  1.916572e+03  2.624379e+03  3.990155e+03 
 1.349772e-01  1.012125e+03  1.881885e+03  2.576880e+03  3.917682e+03 
 1.368587e-01  9.932032e+02  1.848893e+03  2.534045e+03  3.859022e+03 
 1.387665e-01  9.728437e+02  1.813183e+03  2.487441e+03  3.794505e+03 
 1.407008e-01  9.511262e+02  1.774889e+03  2.437241e+03  3.724358e+03 
 1.426621e-01  9.291987e+02  1.736687e+03  2.387181e+03  3.653429e+03 
 1.446507e-01  9.065607e+02  1.697237e+03  2.335350e+03  3.579354e+03 
 1.466671e-01  8.831371e+02  1.656202e+03  2.281249e+03  3.501606e+03 
 1.487115e-01  8.573313e+02  1.608856e+03  2.217228e+03  3.406815e+03 
 1.507845e-01  8.301820e+02  1.557773e+03  2.147239e+03  3.301611e+03 
 1.528864e-01  8.033792e+02  1.507343e+03  2.078124e+03  3.197617e+03 
 1.550175e-01  7.791927e+02  1.463890e+03  2.020244e+03  3.114031e+03 
 1.571784e-01  7.572723e+02  1.426040e+03  1.971134e+03  3.045934e+03 
 1.593694e-01  7.364801e+02  1.390123e+03  1.924518e+03  2.981256e+03 
 1.615909e-01  7.175752e+02  1.357939e+03  1.883036e+03  2.924036e+03 
 1.638434e-01  7.004355e+02  1.329064e+03  1.846037e+03  2.873358e+03 
 1.661273e-01  6.849660e+02  1.303176e+03  1.813030e+03  2.828539e+03 
 1.684430e-01  6.679164e+02  1.271311e+03  1.769689e+03  2.764487e+03 
 1.707910e-01  6.522691e+02  1.241719e+03  1.729219e+03  2.704397e+03 
 1.731717e-01  6.387922e+02  1.216838e+03  1.695020e+03  2.653902e+03 
 1.755856e-01  6.286872e+02  1.199424e+03  1.672155e+03  2.620722e+03 
 1.780332e-01  6.198320e+02  1.184067e+03  1.652506e+03  2.592515e+03 
 1.805149e-01  6.101189e+02  1.165043e+03  1.625386e+03  2.548682e+03 
 1.830312e-01  5.999987e+02  1.143876e+03  1.594113e+03  2.496032e+03 
 1.855825e-01  5.903286e+02  1.123835e+03  1.564728e+03  2.447111e+03 
 1.881694e-01  5.810994e+02  1.106139e+03  1.540412e+03  2.410530e+03 
 1.907924e-01  5.715341e+02  1.087825e+03  1.515248e+03  2.372641e+03 
 1.934520e-01  5.608853e+02  1.067322e+03  1.487180e+03  2.331485e+03 
 1.961486e-01  5.492286e+02  1.044893e+03  1.456496e+03  2.286665e+03 
 1.988828e-01  5.378780e+02  1.023909e+03  1.428158e+03  2.245334e+03 
 2.016551e-01  5.273275e+02  1.005662e+03  1.404095e+03  2.210410e+03 
 2.044661e-01  5.156180e+02  9.849602e+02  1.376418e+03  2.169482e+03 
 2.073162e-01  5.022994e+02  9.598503e+02  1.341533e+03  2.115508e+03 
 2.102061e-01  4.883382e+02  9.334979e+02  1.304904e+03  2.058731e+03 
 2.131362e-01  4.779609e+02  9.185248e+02  1.287470e+03  2.036926e+03 
 2.161073e-01  4.675880e+02  9.035749e+02  1.270082e+03  2.015166e+03 
 2.191197e-01  4.544079e+02  8.808393e+02  1.240817e+03  1.975760e+03 
 2.221741e-01  4.410875e+02  8.571864e+02  1.209933e+03  1.933744e+03 
 2.252711e-01  4.290239e+02  8.363933e+02  1.183299e+03  1.898051e+03 
 2.284112e-01  4.181042e+02  8.178768e+02  1.159863e+03  1.867117e+03 
 2.315951e-01  4.085636e+02  8.009496e+02  1.137041e+03  1.832349e+03 
 2.348235e-01  4.002409e+02  7.859740e+02  1.116391e+03  1.799385e+03 
 2.380968e-01  3.908389e+02  7.673752e+02  1.090076e+03  1.758313e+03 
 2.414157e-01  3.819016e+02  7.493078e+02  1.064381e+03  1.718476e+03 
 2.447809e-01  3.731846e+02  7.320218e+02  1.040238e+03  1.681136e+03 
 2.481930e-01  3.650724e+02  7.160126e+02  1.017955e+03  1.646734e+03 
 2.516527e-01  3.603732e+02  7.079216e+02  1.006920e+03  1.629357e+03 
 2.551606e-01  3.547111e+02  6.975149e+02  9.925622e+02  1.607212e+03 
 2.587174e-01  3.458570e+02  6.794958e+02  9.672766e+02  1.569330e+03 
 2.623238e-01  3.383848e+02  6.654373e+02  9.481281e+02  1.541274e+03 
 2.659804e-01  3.323571e+02  6.555456e+02  9.354371e+02  1.523528e+03 
 2.696881e-01  3.241336e+02  6.404536e+02  9.150580e+02  1.492826e+03 
 2.734474e-01  3.150524e+02  6.234630e+02  8.919244e+02  1.457602e+03 
 2.772591e-01  3.080972e+02  6.121592e+02  8.779703e+02  1.440021e+03 
 2.811239e-01  3.005920e+02  5.991692e+02  8.614340e+02  1.419217e+03 
 2.850426e-01  2.926466e+02  5.845314e+02  8.423467e+02  1.395716e+03 
 2.890160e-01  2.853370e+02  5.720934e+02  8.262931e+02  1.372729e+03 
 2.930447e-01  2.785264e+02  5.602650e+02  8.103867e+02  1.347768e+03 
 2.971296e-01  2.720931e+02  5.475014e+02  7.911179e+02  1.313914e+03 
 3.012714e-01  2.663206e+02  5.373183e+02  7.774831e+02  1.293420e+03 
 3.054710e-01  2.608014e+02  5.278904e+02  7.655823e+02  1.277494e+03 
 3.097291e-01  2.543284e+02  5.156383e+02  7.492246e+02  1.254676e+03 
 3.140465e-01  2.485681e+02  5.037891e+02  7.319705e+02  1.225858e+03 
 3.184242e-01  2.435486e+02  4.935920e+02  7.170879e+02  1.200874e+03 
 3.228628e-01  2.395988e+02  4.869132e+02  7.086355e+02  1.190559e+03 
 3.273634e-01  2.339783e+02  4.754515e+02  6.920230e+02  1.163623e+03 
 3.319266e-01  2.281077e+02  4.639511e+02  6.760354e+02  1.139396e+03 
 3.365535e-01  2.224494e+02  4.538084e+02  6.629703e+02  1.122019e+03 
 3.412449e-01  2.184464e+02  4.484920e+02  6.566827e+02  1.111953e+03 
 3.460016e-01  2.139625e+02  4.411265e+02  6.471443e+02  1.098387e+03 
 3.508247e-01  2.094993e+02  4.330914e+02  6.363325e+02  1.082379e+03 
 3.557150e-01  2.051320e+02  4.248846e+02  6.251052e+02  1.064957e+03 
 3.606735e-01  2.000890e+02  4.157436e+02  6.129633e+02  1.047578e+03 
 3.657011e-01  1.941481e+02  4.043114e+02  5.971606e+02  1.025149e+03 
 3.707988e-01  1.894189e+02  3.950748e+02  5.844147e+02  1.005942e+03 
 3.759675e-01  1.851612e+02  3.867678e+02  5.728893e+02  9.884086e+02 
 3.812083e-01  1.808553e+02  3.788106e+02  5.620137e+02  9.722259e+02 
 3.865221e-01  1.772824e+02  3.734201e+02  5.556554e+02  9.615782e+02 
 3.919100e-01  1.736607e+02  3.649257e+02  5.426348e+02  9.434365e+02 
 3.973730e-01  1.695379e+02  3.579684e+02  5.338911e+02  9.294957e+02 
 4.029122e-01  1.661909e+02  3.526471e+02  5.264874e+02  9.157671e+02 
 4.085286e-01  1.628111e+02  3.453433e+02  5.159327e+02  9.004296e+02 
 4.142232e-01  1.586913e+02  3.368452e+02  5.045634e+02  8.860301e+02 
 4.199973e-01  1.546097e+02  3.296723e+02  4.953546e+02  8.723523e+02 
 4.258518e-01  1.513021e+02  3.234248e+02  4.863977e+02  8.566580e+02 
 4.317880e-01  1.478081e+02  3.164992e+02  4.760793e+02  8.405291e+02 
 4.378069e-01  1.447563e+02  3.103310e+02  4.672099e+02  8.257015e+02 
 4.439097e-01  1.422183e+02  3.062850e+02  4.622691e+02  8.208597e+02 
 4.500975e-01  1.383458e+02  2.989602e+02  4.521696e+02  8.057003e+02 
 4.563716e-01  1.351247e+02  2.922476e+02  4.423499e+02  7.879435e+02 
 4.627332e-01  1.330430e+02  2.893365e+02  4.392344e+02  7.851077e+02 
 4.691835e-01  1.296411e+02  2.824889e+02  4.292980e+02  7.681729e+02 
 4.757236e-01  1.271732e+02  2.775984e+02  4.225560e+02  7.577833e+02 
 4.823549e-01  1.238129e+02  2.706523e+02  4.126725e+02  7.441827e+02 
 4.890787e-01  1.211193e+02  2.653234e+02  4.053725e+02  7.325100e+02 
 4.958962e-01  1.190473e+02  2.612376e+02  3.989979e+02  7.206470e+02 
 5.028087e-01  1.163048e+02  2.564017e+02  3.923890e+02  7.108174e+02 
 5.098176e-01  1.140911e+02  2.522650e+02  3.863613e+02  6.988575e+02 
 5.169242e-01  1.120667e+02  2.483880e+02  3.810936e+02  6.916903e+02 
 5.241298e-01  1.083821e+02  2.419669e+02  3.730703e+02  6.816483e+02 
 5.314359e-01  1.064517e+02  2.389403e+02  3.689277e+02  6.748656e+02 
 5.388438e-01  1.042023e+02  2.338180e+02  3.611946e+02  6.628874e+02 
 5.463550e-01  1.022972e+02  2.300189e+02  3.554862e+02  6.532089e+02 
 5.539709e-01  9.950622e+01  2.249956e+02  3.490054e+02  6.429409e+02 
 5.616930e-01  9.768125e+01  2.213880e+02  3.438333e+02  6.349905e+02 
 5.695227e-01  9.569357e+01  2.180448e+02  3.396440e+02  6.262352e+02 
 5.774615e-01  9.349224e+01  2.129094e+02  3.319331e+02  6.149854e+02 
 5.855110e-01  9.177008e+01  2.096691e+02  3.269093e+02  6.063129e+02 
 5.936727e-01  8.961886e+01  2.046638e+02  3.198883e+02  5.955619e+02 
 6.019482e-01  8.805244e+01  2.022081e+02  3.159055e+02  5.881421e+02 
 6.103390e-01  8.592115e+01  1.984875e+02  3.110120e+02  5.794325e+02 
 6.188468e-01  8.396789e+01  1.951314e+02  3.078699e+02  5.769853e+02 
 6.274732e-01  8.252281e+01  1.914370e+02  3.014826e+02  5.663478e+02 
 6.362198e-01  8.081078e+01  1.884190e+02  2.970030e+02  5.574943e+02 
 6.450884e-01  7.887502e+01  1.848729e+02  2.920684e+02  5.489197e+02 
 6.540806e-01  7.721158e+01  1.808614e+02  2.859361e+02  5.398101e+02 
 6.631981e-01  7.545491e+01  1.780305e+02  2.828083e+02  5.342722e+02 
 6.724427e-01  7.398254e+01  1.748115e+02  2.782521e+02  5.284932e+02 
 6.818162e-01  7.234265e+01  1.715996e+02  2.725958e+02  5.178939e+02 
 6.913204e-01  7.075569e+01  1.683427e+02  2.683584e+02  5.105590e+02 
 7.009570e-01  6.971538e+01  1.657648e+02  2.645206e+02  5.037912e+02 
 7.107280e-01  6.788212e+01  1.628286e+02  2.603826e+02  4.956800e+02 
 7.206351e-01  6.679551e+01  1.602512e+02  2.568534e+02  4.912184e+02 
 7.306804e-01  6.539380e+01  1.577083e+02  2.526741e+02  4.824349e+02 
 7.408657e-01  6.391083e+01  1.545156e+02  2.480434e+02  4.758481e+02 
 7.511929e-01  6.251553e+01  1.515980e+02  2.442038e+02  4.692277e+02 
 7.616642e-01  6.127658e+01  1.487922e+02  2.401871e+02  4.628895e+02 
 7.722814e-01  6.041074e+01  1.471770e+02  2.373798e+02  4.561435e+02 
 7.830465e-01  5.911074e+01  1.442645e+02  2.332431e+02  4.499200e+02 
 7.939618e-01  5.796355e+01  1.422696e+02  2.300582e+02  4.451094e+02 
 8.050292e-01  5.664495e+01  1.395295e+02  2.267494e+02  4.390273e+02 
 8.162509e-01  5.560867e+01  1.373967e+02  2.228552e+02  4.311233e+02 
 8.276289e-01  5.421672e+01  1.345562e+02  2.190813e+02  4.253335e+02 
 8.391656e-01  5.348516e+01  1.328878e+02  2.159141e+02  4.204070e+02 
 8.508632e-01  5.247875e+01  1.305131e+02  2.127809e+02  4.144740e+02 
 8.627237e-01  5.127550e+01  1.283234e+02  2.094661e+02  4.076742e+02 
 8.747496e-01  5.029951e+01  1.260604e+02  2.062110e+02  4.020577e+02 
 8.869432e-01  4.938292e+01  1.241605e+02  2.032828e+02  3.966971e+02 
 8.993067e-01  4.834870e+01  1.220967e+02  2.000818e+02  3.907608e+02 
 9.118425e-01  4.755806e+01  1.199458e+02  1.966219e+02  3.836753e+02 
 9.245531e-01  4.648589e+01  1.178480e+02  1.934140e+02  3.791396e+02 
 9.374409e-01  4.556203e+01  1.159470e+02  1.907841e+02  3.738795e+02 
 9.505083e-01  4.476460e+01  1.140530e+02  1.879144e+02  3.683951e+02 
 9.637579e-01  4.378331e+01  1.117881e+02  1.844888e+02  3.628071e+02 
 9.771921e-01  4.316154e+01  1.110331e+02  1.826434e+02  3.578112e+02 
 9.908137e-01  4.229617e+01  1.088908e+02  1.795917e+02  3.529639e+02 
 1.004625e+00  4.145309e+01  1.068249e+02  1.763923e+02  3.467512e+02 
 1.018629e+00  4.072739e+01  1.052647e+02  1.738368e+02  3.415640e+02 
 1.032828e+00  3.991130e+01  1.035140e+02  1.714094e+02  3.377278e+02 
 1.047225e+00  3.909801e+01  1.019478e+02  1.685964e+02  3.316859e+02 
 1.061823e+00  3.845314e+01  1.005008e+02  1.661910e+02  3.267144e+02 
 1.076624e+00  3.770388e+01  9.881842e+01  1.635876e+02  3.216046e+02 
 1.091632e+00  3.703330e+01  9.716379e+01  1.611541e+02  3.165596e+02 
 1.106848e+00  3.629021e+01  9.541807e+01  1.585578e+02  3.119485e+02 
 1.122277e+00  3.561194e+01  9.400912e+01  1.559010e+02  3.066127e+02 
 1.137921e+00  3.493465e+01  9.233799e+01  1.534143e+02  3.018444e+02 
 1.153783e+00  3.433822e+01  9.084960e+01  1.509974e+02  2.973644e+02 
 1.169866e+00  3.370403e+01  8.943628e+01  1.486269e+02  2.929347e+02 
 1.186174e+00  3.305608e+01  8.806224e+01  1.463254e+02  2.880612e+02 
 1.202708e+00  3.248720e+01  8.662416e+01  1.440659e+02  2.834558e+02 
 1.219473e+00  3.191345e+01  8.528677e+01  1.419050e+02  2.786153e+02 
 1.236472e+00  3.131682e+01  8.392970e+01  1.397594e+02  2.743865e+02 
 1.253708e+00  3.076846e+01  8.251901e+01  1.373489e+02  2.701014e+02 
 1.271184e+00  3.022365e+01  8.148559e+01  1.355698e+02  2.656124e+02 
 1.288904e+00  2.967396e+01  7.987334e+01  1.330599e+02  2.615673e+02 
 1.306870e+00  2.910824e+01  7.856881e+01  1.309106e+02  2.569873e+02 
 1.325087e+00  2.863538e+01  7.735622e+01  1.288522e+02  2.524225e+02 
 1.343558e+00  2.812141e+01  7.607787e+01  1.267210e+02  2.481470e+02 
 1.362287e+00  2.765202e+01  7.479576e+01  1.244883e+02  2.438953e+02 
 1.381276e+00  2.714766e+01  7.358664e+01  1.222453e+02  2.396813e+02 
 1.400531e+00  2.668254e+01  7.238842e+01  1.203081e+02  2.352421e+02 
 1.420053e+00  2.618777e+01  7.111656e+01  1.183594e+02  2.310971e+02 
 1.439848e+00  2.573980e+01  7.001965e+01  1.162498e+02  2.270972e+02 
 1.459919e+00  2.525543e+01  6.882668e+01  1.142733e+02  2.228182e+02 
 1.480269e+00  2.487146e+01  6.757856e+01  1.122151e+02  2.184810e+02 
 1.500903e+00  2.442695e+01  6.648881e+01  1.102382e+02  2.149156e+02 
 1.521825e+00  2.399141e+01  6.546137e+01  1.084524e+02  2.109143e+02 
 1.543038e+00  2.356094e+01  6.433847e+01  1.066589e+02  2.072418e+02 
 1.564548e+00  2.318876e+01  6.326176e+01  1.047516e+02  2.032424e+02 
 1.586357e+00  2.279045e+01  6.225851e+01  1.029496e+02  1.993767e+02 
 1.608469e+00  2.237405e+01  6.121241e+01  1.011470e+02  1.958266e+02 
 1.630891e+00  2.205570e+01  6.006523e+01  9.915392e+01  1.917951e+02 
 1.653624e+00  2.164202e+01  5.902833e+01  9.747932e+01  1.884090e+02 
 1.676675e+00  2.126666e+01  5.811259e+01  9.578863e+01  1.846035e+02 
 1.700047e+00  2.089346e+01  5.710658e+01  9.400646e+01  1.810425e+02 
 1.723745e+00  2.054911e+01  5.608169e+01  9.225930e+01  1.772486e+02 
 1.747773e+00  2.017295e+01  5.506614e+01  9.049953e+01  1.737320e+02 
 1.772136e+00  1.982955e+01  5.409816e+01  8.878763e+01  1.703991e+02 
 1.796838e+00  1.949846e+01  5.312630e+01  8.713669e+01  1.669115e+02 
 1.821885e+00  1.918627e+01  5.217052e+01  8.544031e+01  1.635695e+02 
 1.847281e+00  1.885235e+01  5.132119e+01  8.390399e+01  1.602393e+02 
 1.873032e+00  1.853443e+01  5.035123e+01  8.216002e+01  1.569913e+02 
 1.899141e+00  1.821075e+01  4.940149e+01  8.061993e+01  1.537858e+02 
 1.925614e+00  1.791414e+01  4.853447e+01  7.908232e+01  1.505170e+02 
 1.952456e+00  1.765648e+01  4.770126e+01  7.757084e+01  1.473583e+02 
 1.979672e+00  1.731907e+01  4.685701e+01  7.607413e+01  1.442979e+02 
 2.007267e+00  1.704928e+01  4.598220e+01  7.446138e+01  1.412985e+02 
 2.035248e+00  1.673717e+01  4.508721e+01  7.295249e+01  1.382073e+02 
 2.063618e+00  1.645118e+01  4.421786e+01  7.148625e+01  1.351791e+02 
 2.092383e+00  1.617656e+01  4.338421e+01  6.999802e+01  1.322595e+02 
 2.121550e+00  1.589055e+01  4.253607e+01  6.855844e+01  1.293031e+02 
 2.151123e+00  1.562413e+01  4.172412e+01  6.710294e+01  1.263991e+02 
 2.181109e+00  1.535199e+01  4.089558e+01  6.571373e+01  1.236665e+02 
 2.211512e+00  1.508966e+01  4.007120e+01  6.428034e+01  1.207511e+02 
 2.242340e+00  1.485440e+01  3.931999e+01  6.294027e+01  1.180867e+02 
 2.273597e+00  1.456117e+01  3.853354e+01  6.153749e+01  1.154107e+02 
 2.305289e+00  1.432907e+01  3.776503e+01  6.024257e+01  1.128149e+02 
 2.337424e+00  1.408074e+01  3.699387e+01  5.892288e+01  1.102747e+02 
 2.370006e+00  1.383391e+01  3.625027e+01  5.766444e+01  1.077912e+02 
 2.403043e+00  1.358245e+01  3.552164e+01  5.637046e+01  1.052767e+02 
 2.436540e+00  1.335723e+01  3.481201e+01  5.514517e+01  1.028399e+02 
 2.470504e+00  1.312396e+01  3.410716e+01  5.390220e+01  1.004417e+02 
 2.504942e+00  1.289579e+01  3.341993e+01  5.272322e+01  9.811423e+01 
 2.539859e+00  1.267827e+01  3.271518e+01  5.151932e+01  9.578184e+01 
 2.575263e+00  1.244397e+01  3.201791e+01  5.039143e+01  9.356232e+01 
 2.611161e+00  1.223277e+01  3.134277e+01  4.921055e+01  9.134263e+01 
 2.647559e+00  1.201566e+01  3.067210e+01  4.805837e+01  8.911755e+01 
 2.684465e+00  1.180282e+01  3.003473e+01  4.694574e+01  8.696909e+01 
 2.721885e+00  1.158177e+01  2.935875e+01  4.585683e+01  8.486683e+01 
 2.759826e+00  1.137426e+01  2.870497e+01  4.476653e+01  8.281352e+01 
 2.798297e+00  1.116558e+01  2.808991e+01  4.371953e+01  8.083605e+01 
 2.837304e+00  1.096341e+01  2.746665e+01  4.268357e+01  7.885211e+01 
 2.876854e+00  1.076081e+01  2.685196e+01  4.166241e+01  7.693313e+01 
 2.916956e+00  1.056453e+01  2.626245e+01  4.067057e+01  7.502359e+01 
 2.957617e+00  1.037407e+01  2.568286e+01  3.971401e+01  7.319504e+01 
 2.998844e+00  1.018181e+01  2.511289e+01  3.875849e+01  7.139298e+01 
 3.040646e+00  9.993663e+00  2.454304e+01  3.782649e+01  6.968197e+01 
 3.083031e+00  9.809125e+00  2.398514e+01  3.691658e+01  6.796666e+01 
 3.126007e+00  9.630556e+00  2.344829e+01  3.602536e+01  6.627116e+01 
 3.169582e+00  9.448001e+00  2.290007e+01  3.513366e+01  6.462977e+01 
 3.213764e+00  9.269784e+00  2.237421e+01  3.427294e+01  6.302207e+01 
 3.258562e+00  9.090485e+00  2.186163e+01  3.342955e+01  6.144161e+01 
 3.303985e+00  8.916165e+00  2.134111e+01  3.259981e+01  5.989892e+01 
 3.350041e+00  8.745620e+00  2.083229e+01  3.177832e+01  5.838126e+01 
 3.396739e+00  8.572441e+00  2.034013e+01  3.099146e+01  5.688600e+01 
 3.444087e+00  8.406731e+00  1.984944e+01  3.019864e+01  5.544160e+01 
 3.492096e+00  8.242419e+00  1.937943e+01  2.944627e+01  5.404905e+01 
 3.540774e+00  8.075413e+00  1.891779e+01  2.870993e+01  5.267861e+01 
 3.590130e+00  7.916897e+00  1.845763e+01  2.797918e+01  5.134729e+01 
 3.640175e+00  7.762173e+00  1.801459e+01  2.728272e+01  5.004082e+01 
 3.690917e+00  7.604833e+00  1.758775e+01  2.658544e+01  4.877188e+01 
 3.742366e+00  7.451957e+00  1.715406e+01  2.591706e+01  4.755173e+01 
 3.794533e+00  7.304723e+00  1.674396e+01  2.526468e+01  4.634465e+01 
 3.847427e+00  7.156795e+00  1.633320e+01  2.462417e+01  4.517902e+01 
 3.901058e+00  7.008488e+00  1.593667e+01  2.400300e+01  4.402449e+01 
 3.955436e+00  6.868109e+00  1.554387e+01  2.338080e+01  4.289289e+01 
 4.010573e+00  6.724025e+00  1.515877e+01  2.278786e+01  4.180117e+01 
 4.066478e+00  6.583517e+00  1.477812e+01  2.219759e+01  4.071941e+01 
 4.123163e+00  6.443897e+00  1.441242e+01  2.162330e+01  3.966528e+01 
 4.180637e+00  6.308781e+00  1.405252e+01  2.106573e+01  3.863217e+01 
 4.238913e+00  6.174141e+00  1.369617e+01  2.051594e+01  3.763650e+01 
 4.298001e+00  6.039276e+00  1.335062e+01  1.998487e+01  3.665687e+01 
 4.357913e+00  5.912681e+00  1.301193e+01  1.946923e+01  3.571482e+01 
 4.418660e+00  5.783814e+00  1.268680e+01  1.896133e+01  3.479614e+01 
 4.480254e+00  5.657719e+00  1.236437e+01  1.847069e+01  3.389694e+01 
 4.542706e+00  5.536016e+00  1.205020e+01  1.799078e+01  3.302065e+01 
 4.606029e+00  5.415141e+00  1.174792e+01  1.752814e+01  3.217807e+01 
 4.670234e+00  5.296432e+00  1.145198e+01  1.707929e+01  3.135475e+01 
 4.735335e+00  5.180610e+00  1.116384e+01  1.663799e+01  3.054810e+01 
 4.801343e+00  5.068181e+00  1.088336e+01  1.621023e+01  2.975986e+01 
 4.868271e+00  4.955679e+00  1.060657e+01  1.578979e+01  2.899084e+01 
 4.936132e+00  4.844944e+00  1.033525e+01  1.537886e+01  2.823896e+01 
 5.004939e+00  4.735739e+00  1.007112e+01  1.497776e+01  2.750330e+01 
 5.074705e+00  4.627832e+00  9.811562e+00  1.458397e+01  2.678520e+01 
 5.145444e+00  4.523068e+00  9.558727e+00  1.420281e+01  2.608570e+01 
 5.217169e+00  4.418908e+00  9.311151e+00  1.382724e+01  2.539631e+01 
 5.289893e+00  4.318670e+00  9.071284e+00  1.346794e+01  2.473420e+01 
 5.363631e+00  4.217902e+00  8.836805e+00  1.311139e+01  2.408475e+01 
 5.438397e+00  4.121047e+00  8.607634e+00  1.276794e+01  2.345087e+01 
 5.514206e+00  4.025617e+00  8.385544e+00  1.243378e+01  2.283793e+01 
 5.591071e+00  3.931399e+00  8.169787e+00  1.210829e+01  2.224143e+01 
 5.669007e+00  3.841188e+00  7.959179e+00  1.179317e+01  2.166345e+01 
 5.748030e+00  3.751996e+00  7.755316e+00  1.148509e+01  2.109683e+01 
 5.828155e+00  3.664755e+00  7.556599e+00  1.118740e+01  2.054755e+01 
 5.909396e+00  3.579499e+00  7.362940e+00  1.089702e+01  2.001474e+01 
 5.991770e+00  3.495733e+00  7.173504e+00  1.061245e+01  1.949407e+01 
 6.075292e+00  3.413876e+00  6.989546e+00  1.033613e+01  1.898261e+01 
 6.159978e+00  3.333153e+00  6.808672e+00  1.006601e+01  1.848427e+01 
 6.245845e+00  3.253976e+00  6.632110e+00  9.801818e+00  1.799586e+01 
 6.332908e+00  3.176079e+00  6.459022e+00  9.542675e+00  1.751706e+01 
 6.421186e+00  3.100319e+00  6.290852e+00  9.290158e+00  1.705121e+01 
 6.510694e+00  3.025594e+00  6.126563e+00  9.044829e+00  1.659787e+01 
 6.601449e+00  2.953111e+00  5.967074e+00  8.805930e+00  1.615577e+01 
 6.693470e+00  2.881660e+00  5.810855e+00  8.572371e+00  1.572463e+01 
 6.786773e+00  2.812172e+00  5.659477e+00  8.345657e+00  1.530645e+01 
 6.881377e+00  2.744725e+00  5.512583e+00  8.125474e+00  1.489794e+01 
 6.977300e+00  2.678679e+00  5.369852e+00  7.912747e+00  1.450242e+01 
 7.074559e+00  2.614616e+00  5.230733e+00  7.704242e+00  1.411727e+01 
 7.173175e+00  2.551731e+00  5.095906e+00  7.502612e+00  1.374370e+01 
 7.273165e+00  2.490781e+00  4.964810e+00  7.307298e+00  1.338012e+01 
 7.374549e+00  2.431102e+00  4.837020e+00  7.115891e+00  1.302693e+01 
 7.477346e+00  2.372639e+00  4.712885e+00  6.930718e+00  1.268159e+01 
 7.581576e+00  2.315780e+00  4.590907e+00  6.748755e+00  1.234437e+01 
 7.687260e+00  2.259772e+00  4.472230e+00  6.571118e+00  1.201523e+01 
 7.794416e+00  2.205064e+00  4.356101e+00  6.396982e+00  1.169242e+01 
 7.903066e+00  2.151536e+00  4.242259e+00  6.226990e+00  1.137672e+01 
 8.013230e+00  2.099167e+00  4.132075e+00  6.062564e+00  1.106996e+01 
 8.124930e+00  2.047992e+00  4.024336e+00  5.901625e+00  1.077040e+01 
 8.238187e+00  1.998263e+00  3.919334e+00  5.744518e+00  1.047905e+01 
 8.353023e+00  1.949660e+00  3.817399e+00  5.592327e+00  1.019551e+01 
 8.469460e+00  1.902457e+00  3.718450e+00  5.444400e+00  9.920087e+00 
 8.587519e+00  1.856488e+00  3.622126e+00  5.300445e+00  9.652556e+00 
 8.707225e+00  1.811749e+00  3.528442e+00  5.160838e+00  9.392980e+00 
 8.828599e+00  1.768295e+00  3.437926e+00  5.025403e+00  9.140281e+00 
 8.951665e+00  1.725927e+00  3.349938e+00  4.893703e+00  8.895768e+00 
 9.076446e+00  1.684820e+00  3.264430e+00  4.766174e+00  8.658225e+00 
 9.202967e+00  1.644734e+00  3.181237e+00  4.642196e+00  8.426782e+00 
 9.331251e+00  1.605602e+00  3.100098e+00  4.520940e+00  8.201422e+00 
 9.461324e+00  0.000000e+00  0.000000e+00  0.000000e+00  0.000000e+00 
 9.593209e+00  0.000000e+00  0.000000e+00  0.000000e+00  0.000000e+00 
 9.726934e+00  0.000000e+00  0.000000e+00  0.000000e+00  0.000000e+00 
 9.862522e+00  0.000000e+00  0.000000e+00  0.000000e+00  0.000000e+00 
 1.000000e+01  0.000000e+00  0.000000e+00  0.000000e+00  0.000000e+00 
