 1.000000e-02  5.498661e+03  1.023039e+04  1.402446e+04  2.136235e+04 
 1.013939e-02  5.530856e+03  1.029014e+04  1.410622e+04  2.148643e+04 
 1.028073e-02  5.562628e+03  1.034911e+04  1.418688e+04  2.160883e+04 
 1.042404e-02  5.593964e+03  1.040724e+04  1.426641e+04  2.172948e+04 
 1.056935e-02  5.624845e+03  1.046453e+04  1.434477e+04  2.184833e+04 
 1.071668e-02  5.655246e+03  1.052091e+04  1.442189e+04  2.196528e+04 
 1.086606e-02  5.685153e+03  1.057638e+04  1.449774e+04  2.208027e+04 
 1.101753e-02  5.714548e+03  1.063089e+04  1.457227e+04  2.219324e+04 
 1.117111e-02  5.743414e+03  1.068440e+04  1.464543e+04  2.230411e+04 
 1.132683e-02  5.771722e+03  1.073687e+04  1.471715e+04  2.241276e+04 
 1.148472e-02  5.799451e+03  1.078825e+04  1.478738e+04  2.251912e+04 
 1.164481e-02  5.826583e+03  1.083852e+04  1.485607e+04  2.262313e+04 
 1.180713e-02  5.853099e+03  1.088762e+04  1.492317e+04  2.272469e+04 
 1.197171e-02  5.878976e+03  1.093554e+04  1.498863e+04  2.282372e+04 
 1.213859e-02  5.904187e+03  1.098222e+04  1.505238e+04  2.292013e+04 
 1.230780e-02  5.928718e+03  1.102761e+04  1.511438e+04  2.301386e+04 
 1.247936e-02  5.952545e+03  1.107170e+04  1.517455e+04  2.310481e+04 
 1.265332e-02  5.975649e+03  1.111443e+04  1.523288e+04  2.319291e+04 
 1.282970e-02  5.998010e+03  1.115577e+04  1.528929e+04  2.327806e+04 
 1.300854e-02  6.019603e+03  1.119567e+04  1.534372e+04  2.336019e+04 
 1.318987e-02  6.040409e+03  1.123411e+04  1.539613e+04  2.343923e+04 
 1.337373e-02  6.060405e+03  1.127104e+04  1.544647e+04  2.351507e+04 
 1.356015e-02  6.079586e+03  1.130642e+04  1.549470e+04  2.358769e+04 
 1.374917e-02  6.097914e+03  1.134024e+04  1.554074e+04  2.365697e+04 
 1.394083e-02  6.115372e+03  1.137242e+04  1.558456e+04  2.372281e+04 
 1.413516e-02  6.131926e+03  1.140290e+04  1.562604e+04  2.378510e+04 
 1.433219e-02  6.147571e+03  1.143169e+04  1.566519e+04  2.384379e+04 
 1.453198e-02  6.162269e+03  1.145872e+04  1.570191e+04  2.389879e+04 
 1.473454e-02  6.176007e+03  1.148394e+04  1.573615e+04  2.395000e+04 
 1.493993e-02  6.188746e+03  1.150731e+04  1.576784e+04  2.399728e+04 
 1.514819e-02  6.200585e+03  1.152900e+04  1.579725e+04  2.404108e+04 
 1.535935e-02  6.211441e+03  1.154887e+04  1.582415e+04  2.408103e+04 
 1.557345e-02  6.221250e+03  1.156678e+04  1.584836e+04  2.411687e+04 
 1.579053e-02  6.229980e+03  1.158268e+04  1.586981e+04  2.414850e+04 
 1.601064e-02  6.237619e+03  1.159655e+04  1.588846e+04  2.417583e+04 
 1.623382e-02  6.244140e+03  1.160833e+04  1.590423e+04  2.419877e+04 
 1.646012e-02  6.249532e+03  1.161799e+04  1.591712e+04  2.421729e+04 
 1.668956e-02  6.253771e+03  1.162552e+04  1.592706e+04  2.423130e+04 
 1.692220e-02  6.256850e+03  1.163088e+04  1.593402e+04  2.424075e+04 
 1.715809e-02  6.258735e+03  1.163400e+04  1.593792e+04  2.424553e+04 
 1.739726e-02  6.259419e+03  1.163489e+04  1.593875e+04  2.424562e+04 
 1.763977e-02  6.258877e+03  1.163350e+04  1.593645e+04  2.424089e+04 
 1.788566e-02  6.257095e+03  1.162979e+04  1.593096e+04  2.423133e+04 
 1.813498e-02  6.254041e+03  1.162372e+04  1.592222e+04  2.421678e+04 
 1.838777e-02  6.249707e+03  1.161525e+04  1.591021e+04  2.419723e+04 
 1.864409e-02  6.244073e+03  1.160437e+04  1.589487e+04  2.417261e+04 
 1.890397e-02  6.237124e+03  1.159103e+04  1.587616e+04  2.414283e+04 
 1.916748e-02  6.228844e+03  1.157522e+04  1.585406e+04  2.410788e+04 
 1.943467e-02  6.219223e+03  1.155689e+04  1.582852e+04  2.406768e+04 
 1.970558e-02  6.208250e+03  1.153606e+04  1.579953e+04  2.402221e+04 
 1.998026e-02  6.195916e+03  1.151269e+04  1.576707e+04  2.397141e+04 
 2.025878e-02  6.182213e+03  1.148678e+04  1.573110e+04  2.391529e+04 
 2.054117e-02  6.167138e+03  1.145831e+04  1.569163e+04  2.385383e+04 
 2.082751e-02  6.150683e+03  1.142727e+04  1.564864e+04  2.378698e+04 
 2.111783e-02  6.132852e+03  1.139367e+04  1.560213e+04  2.371477e+04 
 2.141220e-02  6.113741e+03  1.135764e+04  1.555227e+04  2.363732e+04 
 2.171068e-02  6.093843e+03  1.131989e+04  1.549974e+04  2.355509e+04 
 2.201331e-02  6.072571e+03  1.127958e+04  1.544372e+04  2.346751e+04 
 2.232016e-02  6.049919e+03  1.123670e+04  1.538416e+04  2.337454e+04 
 2.263130e-02  6.025887e+03  1.119126e+04  1.532108e+04  2.327621e+04 
 2.294676e-02  6.000478e+03  1.114324e+04  1.525448e+04  2.317250e+04 
 2.326663e-02  5.973688e+03  1.109266e+04  1.518437e+04  2.306344e+04 
 2.359095e-02  5.945529e+03  1.103954e+04  1.511076e+04  2.294906e+04 
 2.391980e-02  5.916011e+03  1.098387e+04  1.503369e+04  2.282939e+04 
 2.425323e-02  5.885146e+03  1.092572e+04  1.495319e+04  2.270450e+04 
 2.459130e-02  5.852942e+03  1.086507e+04  1.486928e+04  2.257442e+04 
 2.493409e-02  5.819426e+03  1.080199e+04  1.478202e+04  2.243925e+04 
 2.528166e-02  5.784616e+03  1.073650e+04  1.469149e+04  2.229908e+04 
 2.563407e-02  5.748551e+03  1.066868e+04  1.459774e+04  2.215406e+04 
 2.599140e-02  5.711255e+03  1.059858e+04  1.450087e+04  2.200427e+04 
 2.635371e-02  5.672767e+03  1.052625e+04  1.440097e+04  2.184989e+04 
 2.672106e-02  5.633131e+03  1.045181e+04  1.429815e+04  2.169107e+04 
 2.709354e-02  5.592386e+03  1.037530e+04  1.419253e+04  2.152799e+04 
 2.747121e-02  5.550571e+03  1.029680e+04  1.408417e+04  2.136077e+04 
 2.785414e-02  5.507635e+03  1.021625e+04  1.397303e+04  2.118938e+04 
 2.824241e-02  5.463310e+03  1.013323e+04  1.385862e+04  2.101331e+04 
 2.863610e-02  5.417991e+03  1.004837e+04  1.374170e+04  2.083343e+04 
 2.903527e-02  5.371709e+03  9.961718e+03  1.362234e+04  2.064987e+04 
 2.944000e-02  5.324506e+03  9.873365e+03  1.350064e+04  2.046278e+04 
 2.985038e-02  5.276416e+03  9.783373e+03  1.337672e+04  2.027233e+04 
 3.026648e-02  5.227494e+03  9.691840e+03  1.325069e+04  2.007870e+04 
 3.068838e-02  5.177789e+03  9.598859e+03  1.312268e+04  1.988209e+04 
 3.111616e-02  5.127361e+03  9.504542e+03  1.299285e+04  1.968276e+04 
 3.154990e-02  5.076267e+03  9.408997e+03  1.286136e+04  1.948092e+04 
 3.198969e-02  5.024583e+03  9.312364e+03  1.272837e+04  1.927685e+04 
 3.243561e-02  4.972383e+03  9.214781e+03  1.259410e+04  1.907085e+04 
 3.288774e-02  4.919746e+03  9.116394e+03  1.245874e+04  1.886325e+04 
 3.334618e-02  4.866765e+03  9.017375e+03  1.232252e+04  1.865437e+04 
 3.381101e-02  4.813538e+03  8.917906e+03  1.218570e+04  1.844461e+04 
 3.428231e-02  4.760143e+03  8.818136e+03  1.204846e+04  1.823425e+04 
 3.476019e-02  4.706545e+03  8.718316e+03  1.191154e+04  1.802555e+04 
 3.524473e-02  4.652872e+03  8.618373e+03  1.177448e+04  1.781668e+04 
 3.573602e-02  4.599175e+03  8.518393e+03  1.163735e+04  1.760776e+04 
 3.623416e-02  4.545502e+03  8.418461e+03  1.150032e+04  1.739900e+04 
 3.673925e-02  4.491907e+03  8.318678e+03  1.136348e+04  1.719058e+04 
 3.725137e-02  4.438444e+03  8.219151e+03  1.122702e+04  1.698273e+04 
 3.777064e-02  4.385171e+03  8.119986e+03  1.109105e+04  1.677567e+04 
 3.829714e-02  4.332152e+03  8.021295e+03  1.095573e+04  1.656965e+04 
 3.883098e-02  4.279454e+03  7.923206e+03  1.082125e+04  1.636493e+04 
 3.937226e-02  4.227152e+03  7.825862e+03  1.068781e+04  1.616180e+04 
 3.992109e-02  4.175316e+03  7.729390e+03  1.055555e+04  1.596052e+04 
 4.047757e-02  4.124015e+03  7.633882e+03  1.042459e+04  1.576111e+04 
 4.104181e-02  4.073096e+03  7.538445e+03  1.029300e+04  1.555872e+04 
 4.161391e-02  4.022901e+03  7.444362e+03  1.016328e+04  1.535920e+04 
 4.219398e-02  3.973524e+03  7.351801e+03  1.003566e+04  1.516288e+04 
 4.278214e-02  3.925008e+03  7.260851e+03  9.910250e+03  1.496996e+04 
 4.337850e-02  3.877388e+03  7.171568e+03  9.787132e+03  1.478055e+04 
 4.398317e-02  3.830684e+03  7.083991e+03  9.666353e+03  1.459472e+04 
 4.459628e-02  3.784919e+03  6.998164e+03  9.547975e+03  1.441257e+04 
 4.521792e-02  3.740114e+03  6.914123e+03  9.432053e+03  1.423415e+04 
 4.584824e-02  3.696289e+03  6.831910e+03  9.318639e+03  1.405958e+04 
 4.648734e-02  3.653464e+03  6.751561e+03  9.207785e+03  1.388891e+04 
 4.713535e-02  3.611846e+03  6.674312e+03  9.102079e+03  1.372857e+04 
 4.779239e-02  3.571377e+03  6.599703e+03  9.000530e+03  1.357606e+04 
 4.845859e-02  3.531958e+03  6.527032e+03  8.901625e+03  1.342754e+04 
 4.913407e-02  3.493592e+03  6.456307e+03  8.805374e+03  1.328301e+04 
 4.981898e-02  3.456269e+03  6.387515e+03  8.711756e+03  1.314245e+04 
 5.051342e-02  3.419967e+03  6.320607e+03  8.620707e+03  1.300576e+04 
 5.121755e-02  3.384659e+03  6.255536e+03  8.532164e+03  1.287285e+04 
 5.193150e-02  3.350312e+03  6.192238e+03  8.446045e+03  1.274359e+04 
 5.265540e-02  3.316891e+03  6.130652e+03  8.362252e+03  1.261783e+04 
 5.338938e-02  3.284076e+03  6.069667e+03  8.278737e+03  1.249099e+04 
 5.413360e-02  3.251774e+03  6.009011e+03  8.195023e+03  1.236207e+04 
 5.488820e-02  3.220238e+03  5.949778e+03  8.113259e+03  1.223610e+04 
 5.565331e-02  3.189428e+03  5.891892e+03  8.033331e+03  1.211290e+04 
 5.642908e-02  3.159189e+03  5.835061e+03  7.954837e+03  1.199186e+04 
 5.721568e-02  3.129501e+03  5.779249e+03  7.877746e+03  1.187296e+04 
 5.801323e-02  3.100205e+03  5.724197e+03  7.801722e+03  1.175574e+04 
 5.882190e-02  3.071401e+03  5.670088e+03  7.727022e+03  1.164063e+04 
 5.964185e-02  3.042993e+03  5.617104e+03  7.654273e+03  1.152962e+04 
 6.047322e-02  3.015319e+03  5.566504e+03  7.585859e+03  1.142816e+04 
 6.131619e-02  2.987584e+03  5.515761e+03  7.517220e+03  1.132627e+04 
 6.217090e-02  2.959767e+03  5.464851e+03  7.448331e+03  1.122395e+04 
 6.303753e-02  2.931724e+03  5.413526e+03  7.378870e+03  1.112077e+04 
 6.391624e-02  2.903380e+03  5.361652e+03  7.308678e+03  1.101652e+04 
 6.480720e-02  2.874575e+03  5.308932e+03  7.237340e+03  1.091055e+04 
 6.571058e-02  2.845195e+03  5.255152e+03  7.164554e+03  1.080242e+04 
 6.662655e-02  2.813812e+03  5.195520e+03  7.081471e+03  1.067218e+04 
 6.755528e-02  2.781614e+03  5.134334e+03  6.996220e+03  1.053852e+04 
 6.849697e-02  2.748533e+03  5.071546e+03  6.908806e+03  1.040169e+04 
 6.945178e-02  2.714493e+03  5.007003e+03  6.819032e+03  1.026137e+04 
 7.041990e-02  2.679420e+03  4.940577e+03  6.726721e+03  1.011733e+04 
 7.140151e-02  2.643237e+03  4.872138e+03  6.631696e+03  9.969321e+03 
 7.239681e-02  2.606176e+03  4.802388e+03  6.535286e+03  9.820585e+03 
 7.340598e-02  2.568259e+03  4.731434e+03  6.437703e+03  9.671689e+03 
 7.442922e-02  2.529127e+03  4.658265e+03  6.337132e+03  9.518383e+03 
 7.546673e-02  2.488789e+03  4.582898e+03  6.233598e+03  9.360708e+03 
 7.651869e-02  2.447273e+03  4.505390e+03  6.127180e+03  9.198788e+03 
 7.758532e-02  2.404616e+03  4.425811e+03  6.017981e+03  9.032784e+03 
 7.866682e-02  2.361842e+03  4.347357e+03  5.911655e+03  8.874519e+03 
 7.976339e-02  2.319625e+03  4.272084e+03  5.811793e+03  8.731416e+03 
 8.087525e-02  2.276465e+03  4.195018e+03  5.709442e+03  8.584447e+03 
 8.200261e-02  2.232488e+03  4.116388e+03  5.604909e+03  8.434068e+03 
 8.314568e-02  2.187836e+03  4.036456e+03  5.498545e+03  8.280790e+03 
 8.430468e-02  2.142672e+03  3.955512e+03  5.390743e+03  8.125192e+03 
 8.547985e-02  2.096239e+03  3.870755e+03  5.276336e+03  7.956254e+03 
 8.667139e-02  2.049252e+03  3.784289e+03  5.158943e+03  7.781222e+03 
 8.787954e-02  2.002362e+03  3.697996e+03  5.041779e+03  7.606502e+03 
 8.910453e-02  1.955777e+03  3.612262e+03  4.925366e+03  7.432876e+03 
 9.034660e-02  1.909710e+03  3.527471e+03  4.810230e+03  7.261119e+03 
 9.160598e-02  1.865150e+03  3.446537e+03  4.701327e+03  7.101028e+03 
 9.288292e-02  1.822214e+03  3.369539e+03  4.598650e+03  6.952306e+03 
 9.417766e-02  1.780360e+03  3.294457e+03  4.498504e+03  6.807190e+03 
 9.549045e-02  1.739767e+03  3.221624e+03  4.401346e+03  6.666370e+03 
 9.682153e-02  1.700617e+03  3.151377e+03  4.307639e+03  6.530550e+03 
 9.817117e-02  1.663381e+03  3.085087e+03  4.219728e+03  6.404443e+03 
 9.953962e-02  1.627973e+03  3.022274e+03  4.136652e+03  6.285849e+03 
 1.009272e-01  1.594375e+03  2.962720e+03  4.057938e+03  6.173617e+03 
 1.023340e-01  1.562675e+03  2.906600e+03  3.983833e+03  6.068141e+03 
 1.037605e-01  1.532173e+03  2.851723e+03  3.910531e+03  5.961791e+03 
 1.052069e-01  1.500873e+03  2.791951e+03  3.827408e+03  5.833340e+03 
 1.066734e-01  1.471590e+03  2.735953e+03  3.749475e+03  5.712795e+03 
 1.081604e-01  1.444262e+03  2.683615e+03  3.676571e+03  5.599912e+03 
 1.096681e-01  1.418788e+03  2.634747e+03  3.608436e+03  5.494298e+03 
 1.111968e-01  1.395397e+03  2.590189e+03  3.546404e+03  5.397678e+03 
 1.127468e-01  1.373571e+03  2.548565e+03  3.488403e+03  5.307184e+03 
 1.143184e-01  1.353105e+03  2.509476e+03  3.433879e+03  5.221983e+03 
 1.159120e-01  1.333795e+03  2.472544e+03  3.382320e+03  5.141308e+03 
 1.175277e-01  1.316405e+03  2.440287e+03  3.338107e+03  5.073744e+03 
 1.191660e-01  1.299731e+03  2.409446e+03  3.295907e+03  5.009399e+03 
 1.208271e-01  1.283416e+03  2.379274e+03  3.254627e+03  4.946454e+03 
 1.225114e-01  1.267153e+03  2.349180e+03  3.213466e+03  4.883803e+03 
 1.242191e-01  1.250311e+03  2.317814e+03  3.170630e+03  4.819509e+03 
 1.259506e-01  1.233035e+03  2.285648e+03  3.126711e+03  4.753585e+03 
 1.277063e-01  1.215075e+03  2.252229e+03  3.081090e+03  4.685094e+03 
 1.294865e-01  1.196579e+03  2.217999e+03  3.034359e+03  4.614460e+03 
 1.312915e-01  1.177430e+03  2.182773e+03  2.986273e+03  4.541234e+03 
 1.331216e-01  1.157106e+03  2.145379e+03  2.935239e+03  4.463585e+03 
 1.349772e-01  1.135554e+03  2.105769e+03  2.881247e+03  4.381655e+03 
 1.368587e-01  1.114097e+03  2.068641e+03  2.833273e+03  4.316566e+03 
 1.387665e-01  1.091399e+03  2.029148e+03  2.781997e+03  4.246268e+03 
 1.407008e-01  1.067565e+03  1.987473e+03  2.727659e+03  4.171090e+03 
 1.426621e-01  1.043692e+03  1.945950e+03  2.673236e+03  4.093780e+03 
 1.446507e-01  1.019323e+03  1.903499e+03  2.617386e+03  4.013513e+03 
 1.466671e-01  9.944104e+02  1.859915e+03  2.559887e+03  3.930527e+03 
 1.487115e-01  9.670041e+02  1.809576e+03  2.491709e+03  3.829162e+03 
 1.507845e-01  9.382302e+02  1.755295e+03  2.417181e+03  3.716687e+03 
 1.528864e-01  9.099797e+02  1.702006e+03  2.344002e+03  3.606167e+03 
 1.550175e-01  8.847458e+02  1.656644e+03  2.283490e+03  3.518426e+03 
 1.571784e-01  8.620638e+02  1.617568e+03  2.232789e+03  3.447920e+03 
 1.593694e-01  8.405652e+02  1.580541e+03  2.184754e+03  3.381144e+03 
 1.615909e-01  8.210369e+02  1.547446e+03  2.142173e+03  3.322491e+03 
 1.638434e-01  8.032789e+02  1.517693e+03  2.104147e+03  3.270589e+03 
 1.661273e-01  7.871178e+02  1.490793e+03  2.069932e+03  3.224296e+03 
 1.684430e-01  7.688284e+02  1.456649e+03  2.023524e+03  3.155769e+03 
 1.707910e-01  7.517492e+02  1.424384e+03  1.979423e+03  3.090323e+03 
 1.731717e-01  7.367935e+02  1.396536e+03  1.941615e+03  3.034557e+03 
 1.755856e-01  7.255205e+02  1.377346e+03  1.916594e+03  2.998565e+03 
 1.780332e-01  7.152983e+02  1.360102e+03  1.894238e+03  2.966676e+03 
 1.805149e-01  7.038094e+02  1.337883e+03  1.862778e+03  2.916247e+03 
 1.830312e-01  6.915931e+02  1.312769e+03  1.826009e+03  2.854990e+03 
 1.855825e-01  6.797053e+02  1.288639e+03  1.791012e+03  2.797476e+03 
 1.881694e-01  6.683706e+02  1.267552e+03  1.762548e+03  2.755682e+03 
 1.907924e-01  6.566458e+02  1.245720e+03  1.733040e+03  2.712222e+03 
 1.934520e-01  6.436953e+02  1.221309e+03  1.700022e+03  2.664557e+03 
 1.961486e-01  6.297483e+02  1.194948e+03  1.664323e+03  2.613093e+03 
 1.988828e-01  6.163785e+02  1.170595e+03  1.631738e+03  2.566152e+03 
 2.016551e-01  6.042158e+02  1.149834e+03  1.604601e+03  2.527259e+03 
 2.044661e-01  5.910130e+02  1.126765e+03  1.573986e+03  2.482471e+03 
 2.073162e-01  5.760127e+02  1.098503e+03  1.534730e+03  2.421973e+03 
 2.102061e-01  5.605983e+02  1.069434e+03  1.494332e+03  2.359596e+03 
 2.131362e-01  5.495612e+02  1.053695e+03  1.476026e+03  2.336220e+03 
 2.161073e-01  5.387572e+02  1.038443e+03  1.458429e+03  2.313935e+03 
 2.191197e-01  5.246393e+02  1.014139e+03  1.427230e+03  2.272339e+03 
 2.221741e-01  5.103542e+02  9.888075e+02  1.394274e+03  2.228161e+03 
 2.252711e-01  4.974830e+02  9.666588e+02  1.365963e+03  2.190374e+03 
 2.284112e-01  4.857776e+02  9.468257e+02  1.340881e+03  2.157209e+03 
 2.315951e-01  4.756094e+02  9.287492e+02  1.316366e+03  2.119252e+03 
 2.348235e-01  4.666593e+02  9.125889e+02  1.293885e+03  2.082601e+03 
 2.380968e-01  4.561683e+02  8.918735e+02  1.264601e+03  2.037001e+03 
 2.414157e-01  4.459030e+02  8.712139e+02  1.235308e+03  1.991872e+03 
 2.447809e-01  4.357392e+02  8.513248e+02  1.207725e+03  1.949567e+03 
 2.481930e-01  4.260720e+02  8.325257e+02  1.181749e+03  1.909773e+03 
 2.516527e-01  4.204425e+02  8.231141e+02  1.169101e+03  1.890191e+03 
 2.551606e-01  4.136236e+02  8.108950e+02  1.152457e+03  1.864940e+03 
 2.587174e-01  4.031299e+02  7.900124e+02  1.123511e+03  1.822364e+03 
 2.623238e-01  3.942805e+02  7.736942e+02  1.101539e+03  1.790674e+03 
 2.659804e-01  3.872320e+02  7.623509e+02  1.087162e+03  1.770837e+03 
 2.696881e-01  3.777101e+02  7.450769e+02  1.063955e+03  1.735916e+03 
 2.734474e-01  3.673592e+02  7.258838e+02  1.037922e+03  1.696268e+03 
 2.772591e-01  3.596321e+02  7.134753e+02  1.022745e+03  1.677465e+03 
 2.811239e-01  3.513341e+02  6.992009e+02  1.004796e+03  1.655683e+03 
 2.850426e-01  3.424643e+02  6.828315e+02  9.837529e+02  1.631107e+03 
 2.890160e-01  3.344846e+02  6.692756e+02  9.662382e+02  1.605677e+03 
 2.930447e-01  3.270916e+02  6.564168e+02  9.488141e+02  1.577779e+03 
 2.971296e-01  3.200480e+02  6.422062e+02  9.271333e+02  1.539838e+03 
 3.012714e-01  3.136662e+02  6.309784e+02  9.120355e+02  1.516862e+03 
 3.054710e-01  3.074297e+02  6.204700e+02  8.988347e+02  1.499012e+03 
 3.097291e-01  2.999489e+02  6.066370e+02  8.807124e+02  1.474552e+03 
 3.140465e-01  2.932358e+02  5.928707e+02  8.606439e+02  1.440912e+03 
 3.184242e-01  2.873494e+02  5.809490e+02  8.431896e+02  1.411367e+03 
 3.228628e-01  2.828368e+02  5.736407e+02  8.341955e+02  1.400860e+03 
 3.273634e-01  2.761799e+02  5.602224e+02  8.148694e+02  1.369716e+03 
 3.319266e-01  2.692544e+02  5.468401e+02  7.964225e+02  1.341999e+03 
 3.365535e-01  2.627097e+02  5.353532e+02  7.818477e+02  1.323002e+03 
 3.412449e-01  2.582611e+02  5.295604e+02  7.749235e+02  1.311648e+03 
 3.460016e-01  2.532443e+02  5.213870e+02  7.643256e+02  1.296486e+03 
 3.508247e-01  2.482414e+02  5.124019e+02  7.522671e+02  1.278792e+03 
 3.557150e-01  2.433575e+02  5.032153e+02  7.397532e+02  1.259672e+03 
 3.606735e-01  2.377210e+02  4.930280e+02  7.262341e+02  1.240113e+03 
 3.657011e-01  2.309080e+02  4.800206e+02  7.084289e+02  1.215303e+03 
 3.707988e-01  2.255260e+02  4.696228e+02  6.941886e+02  1.193875e+03 
 3.759675e-01  2.206706e+02  4.602706e+02  6.813068e+02  1.174468e+03 
 3.812083e-01  2.156737e+02  4.511373e+02  6.688794e+02  1.156314e+03 
 3.865221e-01  2.114555e+02  4.447911e+02  6.611750e+02  1.142552e+03 
 3.919100e-01  2.072672e+02  4.349808e+02  6.463094e+02  1.122752e+03 
 3.973730e-01  2.024449e+02  4.271622e+02  6.365969e+02  1.107117e+03 
 4.029122e-01  1.986573e+02  4.212257e+02  6.282577e+02  1.091310e+03 
 4.085286e-01  1.947365e+02  4.127150e+02  6.160863e+02  1.073887e+03 
 4.142232e-01  1.899002e+02  4.028413e+02  6.031260e+02  1.058002e+03 
 4.199973e-01  1.852035e+02  3.947426e+02  5.928272e+02  1.042627e+03 
 4.258518e-01  1.814527e+02  3.876319e+02  5.825452e+02  1.024270e+03 
 4.317880e-01  1.774705e+02  3.796133e+02  5.706192e+02  1.006056e+03 
 4.378069e-01  1.740223e+02  3.727594e+02  5.608638e+02  9.896440e+02 
 4.439097e-01  1.711681e+02  3.682670e+02  5.554794e+02  9.850969e+02 
 4.500975e-01  1.666286e+02  3.597505e+02  5.436988e+02  9.672856e+02 
 4.563716e-01  1.628398e+02  3.519675e+02  5.322898e+02  9.463842e+02 
 4.627332e-01  1.604560e+02  3.486904e+02  5.288500e+02  9.432988e+02 
 4.691835e-01  1.564902e+02  3.407207e+02  5.171744e+02  9.231115e+02 
 4.757236e-01  1.535957e+02  3.351266e+02  5.096580e+02  9.118354e+02 
 4.823549e-01  1.496573e+02  3.269606e+02  4.982560e+02  8.968841e+02 
 4.890787e-01  1.465574e+02  3.209117e+02  4.899245e+02  8.833262e+02 
 4.958962e-01  1.442265e+02  3.162912e+02  4.826393e+02  8.697144e+02 
 5.028087e-01  1.410951e+02  3.107586e+02  4.750890e+02  8.586453e+02 
 5.098176e-01  1.385435e+02  3.060295e+02  4.680085e+02  8.441574e+02 
 5.169242e-01  1.362401e+02  3.016560e+02  4.621974e+02  8.363059e+02 
 5.241298e-01  1.318990e+02  2.942287e+02  4.530398e+02  8.251002e+02 
 5.314359e-01  1.296511e+02  2.906274e+02  4.479936e+02  8.169788e+02 
 5.388438e-01  1.270308e+02  2.847275e+02  4.391476e+02  8.035500e+02 
 5.463550e-01  1.248446e+02  2.803068e+02  4.324388e+02  7.923457e+02 
 5.539709e-01  1.216091e+02  2.746810e+02  4.251831e+02  7.805065e+02 
 5.616930e-01  1.195046e+02  2.704977e+02  4.191598e+02  7.710594e+02 
 5.695227e-01  1.171807e+02  2.667428e+02  4.144205e+02  7.603633e+02 
 5.774615e-01  1.145730e+02  2.606534e+02  4.054592e+02  7.477128e+02 
 5.855110e-01  1.125698e+02  2.567821e+02  3.992806e+02  7.374593e+02 
 5.936727e-01  1.100495e+02  2.509112e+02  3.913452e+02  7.253705e+02 
 6.019482e-01  1.082669e+02  2.481888e+02  3.866886e+02  7.167275e+02 
 6.103390e-01  1.057657e+02  2.438978e+02  3.809253e+02  7.060151e+02 
 6.188468e-01  1.034333e+02  2.401212e+02  3.777058e+02  7.032446e+02 
 6.274732e-01  1.017873e+02  2.358243e+02  3.703017e+02  6.914142e+02 
 6.362198e-01  9.981196e+01  2.321905e+02  3.646375e+02  6.802188e+02 
 6.450884e-01  9.752440e+01  2.281343e+02  3.590531e+02  6.703838e+02 
 6.540806e-01  9.554276e+01  2.233653e+02  3.518098e+02  6.600638e+02 
 6.631981e-01  9.349423e+01  2.202923e+02  3.484372e+02  6.532127e+02 
 6.724427e-01  9.177057e+01  2.164629e+02  3.431698e+02  6.469105e+02 
 6.818162e-01  8.986427e+01  2.126275e+02  3.362131e+02  6.341439e+02 
 6.913204e-01  8.798332e+01  2.088549e+02  3.313569e+02  6.255174e+02 
 7.009570e-01  8.676550e+01  2.058165e+02  3.269078e+02  6.174026e+02 
 7.107280e-01  8.460492e+01  2.023836e+02  3.218987e+02  6.076253e+02 
 7.206351e-01  8.334228e+01  1.994022e+02  3.178897e+02  6.025502e+02 
 7.306804e-01  8.168994e+01  1.963557e+02  3.128135e+02  5.919651e+02 
 7.408657e-01  7.991905e+01  1.925722e+02  3.073014e+02  5.841307e+02 
 7.511929e-01  7.826056e+01  1.891626e+02  3.028694e+02  5.760956e+02 
 7.616642e-01  7.676721e+01  1.858564e+02  2.981984e+02  5.687779e+02 
 7.722814e-01  7.578862e+01  1.838793e+02  2.946383e+02  5.600668e+02 
 7.830465e-01  7.422244e+01  1.804584e+02  2.898622e+02  5.524954e+02 
 7.939618e-01  7.286391e+01  1.780807e+02  2.860308e+02  5.473890e+02 
 8.050292e-01  7.129572e+01  1.748987e+02  2.821755e+02  5.398035e+02 
 8.162509e-01  7.010203e+01  1.723090e+02  2.772744e+02  5.303318e+02 
 8.276289e-01  6.841972e+01  1.689892e+02  2.729807e+02  5.234684e+02 
 8.391656e-01  6.760855e+01  1.670130e+02  2.692584e+02  5.179361e+02 
 8.508632e-01  6.638023e+01  1.641288e+02  2.654557e+02  5.105382e+02 
 8.627237e-01  6.496177e+01  1.615821e+02  2.614931e+02  5.022837e+02 
 8.747496e-01  6.378755e+01  1.589264e+02  2.576514e+02  4.955574e+02 
 8.869432e-01  6.270063e+01  1.566040e+02  2.540396e+02  4.886410e+02 
 8.993067e-01  6.148256e+01  1.541218e+02  2.501690e+02  4.815993e+02 
 9.118425e-01  6.050942e+01  1.515184e+02  2.459735e+02  4.729052e+02 
 9.245531e-01  5.921774e+01  1.489321e+02  2.420509e+02  4.675190e+02 
 9.374409e-01  5.812850e+01  1.467033e+02  2.389294e+02  4.609353e+02 
 9.505083e-01  5.718131e+01  1.444338e+02  2.354350e+02  4.541093e+02 
 9.637579e-01  5.597808e+01  1.416324e+02  2.312891e+02  4.475302e+02 
 9.771921e-01  5.529105e+01  1.407374e+02  2.288644e+02  4.411299e+02 
 9.908137e-01  5.424073e+01  1.381605e+02  2.252988e+02  4.354114e+02 
 1.004625e+00  5.322192e+01  1.356029e+02  2.212855e+02  4.275575e+02 
 1.018629e+00  5.232587e+01  1.337082e+02  2.181380e+02  4.211989e+02 
 1.032828e+00  5.136064e+01  1.316403e+02  2.152760e+02  4.167379e+02 
 1.047225e+00  5.039626e+01  1.297513e+02  2.117480e+02  4.093112e+02 
 1.061823e+00  4.962581e+01  1.279467e+02  2.087371e+02  4.028632e+02 
 1.076624e+00  4.871788e+01  1.258807e+02  2.055080e+02  3.965469e+02 
 1.091632e+00  4.787972e+01  1.239057e+02  2.024910e+02  3.902402e+02 
 1.106848e+00  4.698619e+01  1.217501e+02  1.993766e+02  3.846102e+02 
 1.122277e+00  4.617729e+01  1.200073e+02  1.960947e+02  3.781372e+02 
 1.137921e+00  4.535577e+01  1.179616e+02  1.930545e+02  3.721879e+02 
 1.153783e+00  4.465052e+01  1.160969e+02  1.900104e+02  3.666202e+02 
 1.169866e+00  4.383068e+01  1.143183e+02  1.869848e+02  3.609687e+02 
 1.186174e+00  4.304679e+01  1.126343e+02  1.841839e+02  3.549966e+02 
 1.202708e+00  4.237097e+01  1.108535e+02  1.812898e+02  3.490840e+02 
 1.219473e+00  4.165240e+01  1.091791e+02  1.785447e+02  3.430903e+02 
 1.236472e+00  4.092103e+01  1.075067e+02  1.758710e+02  3.376473e+02 
 1.253708e+00  4.025729e+01  1.057338e+02  1.729770e+02  3.325310e+02 
 1.271184e+00  3.958054e+01  1.044969e+02  1.706290e+02  3.267482e+02 
 1.288904e+00  3.891353e+01  1.024562e+02  1.675729e+02  3.218560e+02 
 1.306870e+00  3.820192e+01  1.008539e+02  1.648845e+02  3.161851e+02 
 1.325087e+00  3.762250e+01  9.931705e+01  1.622370e+02  3.104950e+02 
 1.343558e+00  3.699206e+01  9.771171e+01  1.595495e+02  3.051255e+02 
 1.362287e+00  3.642144e+01  9.608871e+01  1.567358e+02  2.999729e+02 
 1.381276e+00  3.580490e+01  9.453800e+01  1.539650e+02  2.948128e+02 
 1.400531e+00  3.522029e+01  9.302785e+01  1.514791e+02  2.891615e+02 
 1.420053e+00  3.460141e+01  9.145814e+01  1.490078e+02  2.839779e+02 
 1.439848e+00  3.404276e+01  9.002343e+01  1.463321e+02  2.789894e+02 
 1.459919e+00  3.342686e+01  8.849871e+01  1.437941e+02  2.736046e+02 
 1.480269e+00  3.294237e+01  8.691882e+01  1.412440e+02  2.682016e+02 
 1.500903e+00  3.237871e+01  8.550176e+01  1.387049e+02  2.637934e+02 
 1.521825e+00  3.183810e+01  8.420869e+01  1.364204e+02  2.587068e+02 
 1.543038e+00  3.129491e+01  8.276597e+01  1.341289e+02  2.540537e+02 
 1.564548e+00  3.082620e+01  8.136877e+01  1.316810e+02  2.491155e+02 
 1.586357e+00  3.032248e+01  8.009441e+01  1.293927e+02  2.442976e+02 
 1.608469e+00  2.980263e+01  7.877809e+01  1.271079e+02  2.398971e+02 
 1.630891e+00  2.940327e+01  7.730235e+01  1.246378e+02  2.349630e+02 
 1.653624e+00  2.887786e+01  7.597383e+01  1.225100e+02  2.307238e+02 
 1.676675e+00  2.840937e+01  7.481010e+01  1.203306e+02  2.259804e+02 
 1.700047e+00  2.792654e+01  7.349274e+01  1.180571e+02  2.215367e+02 
 1.723745e+00  2.747131e+01  7.218933e+01  1.158105e+02  2.168171e+02 
 1.747773e+00  2.699811e+01  7.088103e+01  1.135968e+02  2.124613e+02 
 1.772136e+00  2.655976e+01  6.959776e+01  1.113934e+02  2.083253e+02 
 1.796838e+00  2.613533e+01  6.835674e+01  1.093102e+02  2.039633e+02 
 1.821885e+00  2.571275e+01  6.711034e+01  1.071499e+02  1.997928e+02 
 1.847281e+00  2.530260e+01  6.601051e+01  1.051500e+02  1.956634e+02 
 1.873032e+00  2.488515e+01  6.471283e+01  1.029497e+02  1.916573e+02 
 1.899141e+00  2.445791e+01  6.350536e+01  1.009889e+02  1.876632e+02 
 1.925614e+00  2.407116e+01  6.237829e+01  9.901935e+01  1.836438e+02 
 1.952456e+00  2.374221e+01  6.127769e+01  9.705731e+01  1.797304e+02 
 1.979672e+00  2.330183e+01  6.017844e+01  9.515265e+01  1.759436e+02 
 2.007267e+00  2.295303e+01  5.902295e+01  9.310762e+01  1.722871e+02 
 2.035248e+00  2.253857e+01  5.788496e+01  9.120252e+01  1.684963e+02 
 2.063618e+00  2.216745e+01  5.676459e+01  8.938098e+01  1.647780e+02 
 2.092383e+00  2.180236e+01  5.568808e+01  8.749276e+01  1.612279e+02 
 2.121550e+00  2.142877e+01  5.458094e+01  8.565274e+01  1.575526e+02 
 2.151123e+00  2.107586e+01  5.351458e+01  8.380714e+01  1.540062e+02 
 2.181109e+00  2.071701e+01  5.245049e+01  8.205641e+01  1.506388e+02 
 2.211512e+00  2.036514e+01  5.137520e+01  8.024841e+01  1.470718e+02 
 2.242340e+00  2.002585e+01  5.037541e+01  7.852564e+01  1.437895e+02 
 2.273597e+00  1.966276e+01  4.934238e+01  7.674397e+01  1.405060e+02 
 2.305289e+00  1.935183e+01  4.834593e+01  7.510742e+01  1.373141e+02 
 2.337424e+00  1.901336e+01  4.733914e+01  7.343033e+01  1.341772e+02 
 2.370006e+00  1.868665e+01  4.637178e+01  7.184599e+01  1.311609e+02 
 2.403043e+00  1.835303e+01  4.541335e+01  7.021071e+01  1.280801e+02 
 2.436540e+00  1.804681e+01  4.448099e+01  6.865190e+01  1.251068e+02 
 2.470504e+00  1.773259e+01  4.357036e+01  6.709451e+01  1.221900e+02 
 2.504942e+00  1.742376e+01  4.267422e+01  6.560212e+01  1.193569e+02 
 2.539859e+00  1.713089e+01  4.176352e+01  6.409698e+01  1.165412e+02 
 2.575263e+00  1.681804e+01  4.087019e+01  6.268450e+01  1.138245e+02 
 2.611161e+00  1.653249e+01  3.998462e+01  6.120117e+01  1.111285e+02 
 2.647559e+00  1.623875e+01  3.911179e+01  5.976024e+01  1.084447e+02 
 2.684465e+00  1.595213e+01  3.828250e+01  5.835188e+01  1.058332e+02 
 2.721885e+00  1.565176e+01  3.741212e+01  5.699421e+01  1.032668e+02 
 2.759826e+00  1.536740e+01  3.655940e+01  5.563149e+01  1.007678e+02 
 2.798297e+00  1.508471e+01  3.576545e+01  5.431472e+01  9.836389e+01 
 2.837304e+00  1.480747e+01  3.495242e+01  5.301550e+01  9.593858e+01 
 2.876854e+00  1.453162e+01  3.415449e+01  5.173515e+01  9.360364e+01 
 2.916956e+00  1.426232e+01  3.338911e+01  5.048821e+01  9.130623e+01 
 2.957617e+00  1.400115e+01  3.263873e+01  4.928579e+01  8.908563e+01 
 2.998844e+00  1.373646e+01  3.189953e+01  4.808983e+01  8.689272e+01 
 3.040646e+00  1.347956e+01  3.116415e+01  4.693656e+01  8.481662e+01 
 3.083031e+00  1.322555e+01  3.045066e+01  4.580152e+01  8.274244e+01 
 3.126007e+00  1.298245e+01  2.975351e+01  4.468803e+01  8.070403e+01 
 3.169582e+00  1.273242e+01  2.905090e+01  4.359313e+01  7.872428e+01 
 3.213764e+00  1.248926e+01  2.837696e+01  4.252101e+01  7.678195e+01 
 3.258562e+00  1.224373e+01  2.772019e+01  4.147019e+01  7.487442e+01 
 3.303985e+00  1.200418e+01  2.705284e+01  4.044752e+01  7.301276e+01 
 3.350041e+00  1.177099e+01  2.640046e+01  3.942093e+01  7.116944e+01 
 3.396739e+00  1.153093e+01  2.577101e+01  3.844238e+01  6.937079e+01 
 3.444087e+00  1.130425e+01  2.513846e+01  3.746756e+01  6.761845e+01 
 3.492096e+00  1.107711e+01  2.453552e+01  3.652785e+01  6.592692e+01 
 3.540774e+00  1.085007e+01  2.394552e+01  3.561347e+01  6.426660e+01 
 3.590130e+00  1.063021e+01  2.335548e+01  3.470517e+01  6.265361e+01 
 3.640175e+00  1.041760e+01  2.278648e+01  3.383807e+01  6.106374e+01 
 3.690917e+00  1.019992e+01  2.223869e+01  3.297748e+01  5.953299e+01 
 3.742366e+00  9.989482e+00  2.168576e+01  3.214709e+01  5.805439e+01 
 3.794533e+00  9.786752e+00  2.116341e+01  3.133839e+01  5.658996e+01 
 3.847427e+00  9.584591e+00  2.063801e+01  3.055021e+01  5.518230e+01 
 3.901058e+00  9.380782e+00  2.013660e+01  2.978264e+01  5.379119e+01 
 3.955436e+00  9.188159e+00  1.963806e+01  2.901863e+01  5.243244e+01 
 4.010573e+00  8.991861e+00  1.914890e+01  2.828558e+01  5.110939e+01 
 4.066478e+00  8.799793e+00  1.867000e+01  2.755800e+01  4.980260e+01 
 4.123163e+00  8.609173e+00  1.820413e+01  2.684952e+01  4.852841e+01 
 4.180637e+00  8.423771e+00  1.774693e+01  2.615805e+01  4.727685e+01 
 4.238913e+00  8.239220e+00  1.729498e+01  2.548033e+01  4.607106e+01 
 4.298001e+00  8.054985e+00  1.685737e+01  2.482270e+01  4.488125e+01 
 4.357913e+00  7.881954e+00  1.642953e+01  2.418662e+01  4.373680e+01 
 4.418660e+00  7.704944e+00  1.601471e+01  2.355758e+01  4.261934e+01 
 4.480254e+00  7.532779e+00  1.560626e+01  2.294987e+01  4.152458e+01 
 4.542706e+00  7.365699e+00  1.520744e+01  2.235507e+01  4.045627e+01 
 4.606029e+00  7.200988e+00  1.482574e+01  2.178269e+01  3.942990e+01 
 4.670234e+00  7.039267e+00  1.444999e+01  2.122564e+01  3.842854e+01 
 4.735335e+00  6.881503e+00  1.408488e+01  2.067982e+01  3.744713e+01 
 4.801343e+00  6.728301e+00  1.373076e+01  2.015183e+01  3.648832e+01 
 4.868271e+00  6.576178e+00  1.338272e+01  1.963333e+01  3.555644e+01 
 4.936132e+00  6.426337e+00  1.304135e+01  1.912857e+01  3.464507e+01 
 5.004939e+00  6.279057e+00  1.270932e+01  1.863374e+01  3.375323e+01 
 5.074705e+00  6.133551e+00  1.238172e+01  1.814838e+01  3.287906e+01 
 5.145444e+00  5.991194e+00  1.206403e+01  1.767714e+01  3.202858e+01 
 5.217169e+00  5.850793e+00  1.175159e+01  1.721317e+01  3.118974e+01 
 5.289893e+00  5.715066e+00  1.144903e+01  1.676733e+01  3.037842e+01 
 5.363631e+00  5.579399e+00  1.115303e+01  1.632551e+01  2.958686e+01 
 5.438397e+00  5.448618e+00  1.086421e+01  1.589959e+01  2.881255e+01 
 5.514206e+00  5.319734e+00  1.058351e+01  1.548492e+01  2.806140e+01 
 5.591071e+00  5.192743e+00  1.031130e+01  1.508044e+01  2.733219e+01 
 5.669007e+00  5.071087e+00  1.004484e+01  1.468934e+01  2.662118e+01 
 5.748030e+00  4.951104e+00  9.787737e+00  1.430687e+01  2.592796e+01 
 5.828155e+00  4.834110e+00  9.536773e+00  1.393720e+01  2.525487e+01 
 5.909396e+00  4.719737e+00  9.292474e+00  1.357665e+01  2.460271e+01 
 5.991770e+00  4.607763e+00  9.054012e+00  1.322456e+01  2.396576e+01 
 6.075292e+00  4.498755e+00  8.823200e+00  1.288273e+01  2.334386e+01 
 6.159978e+00  4.391258e+00  8.596903e+00  1.254930e+01  2.273591e+01 
 6.245845e+00  4.285951e+00  8.375326e+00  1.222270e+01  2.213935e+01 
 6.332908e+00  4.182258e+00  8.157555e+00  1.190140e+01  2.155527e+01 
 6.421186e+00  4.081617e+00  7.946102e+00  1.158830e+01  2.098480e+01 
 6.510694e+00  3.982161e+00  7.739192e+00  1.128432e+01  2.042919e+01 
 6.601449e+00  3.885641e+00  7.538384e+00  1.098733e+01  1.988810e+01 
 6.693470e+00  3.790941e+00  7.341425e+00  1.069697e+01  1.935936e+01 
 6.786773e+00  3.698404e+00  7.150885e+00  1.041509e+01  1.884554e+01 
 6.881377e+00  3.608819e+00  6.965489e+00  1.014102e+01  1.834339e+01 
 6.977300e+00  3.521293e+00  6.785445e+00  9.875659e+00  1.785782e+01 
 7.074559e+00  3.436051e+00  6.609730e+00  9.615941e+00  1.738441e+01 
 7.173175e+00  3.352691e+00  6.439608e+00  9.365141e+00  1.692532e+01 
 7.273165e+00  3.271912e+00  6.274480e+00  9.121738e+00  1.647820e+01 
 7.374549e+00  3.193167e+00  6.113566e+00  8.883436e+00  1.604449e+01 
 7.477346e+00  3.116081e+00  5.957643e+00  8.653671e+00  1.562193e+01 
 7.581576e+00  3.041402e+00  5.804721e+00  8.428279e+00  1.520971e+01 
 7.687260e+00  2.967998e+00  5.655941e+00  8.208323e+00  1.480745e+01 
 7.794416e+00  2.896139e+00  5.510078e+00  7.992390e+00  1.441309e+01 
 7.903066e+00  2.825826e+00  5.367379e+00  7.781660e+00  1.402644e+01 
 8.013230e+00  2.757082e+00  5.228851e+00  7.577474e+00  1.365046e+01 
 8.124930e+00  2.689808e+00  5.093362e+00  7.377237e+00  1.328252e+01 
 8.238187e+00  2.624407e+00  4.961019e+00  7.181774e+00  1.292506e+01 
 8.353023e+00  2.560536e+00  4.832636e+00  6.992406e+00  1.257662e+01 
 8.469460e+00  2.498530e+00  4.707883e+00  6.807930e+00  1.223776e+01 
 8.587519e+00  2.438040e+00  4.586408e+00  6.628663e+00  1.190860e+01 
 8.707225e+00  2.379230e+00  4.468176e+00  6.454549e+00  1.158913e+01 
 8.828599e+00  2.322118e+00  4.353985e+00  6.285503e+00  1.127786e+01 
 8.951665e+00  2.266531e+00  4.242835e+00  6.121319e+00  1.097653e+01 
 9.076446e+00  2.212548e+00  4.135041e+00  5.962465e+00  1.068435e+01 
 9.202967e+00  2.160078e+00  4.030236e+00  5.807949e+00  1.039980e+01 
 9.331251e+00  2.108961e+00  3.928178e+00  5.657354e+00  1.012329e+01 
 9.461324e+00  0.000000e+00  0.000000e+00  0.000000e+00  0.000000e+00 
 9.593209e+00  0.000000e+00  0.000000e+00  0.000000e+00  0.000000e+00 
 9.726934e+00  0.000000e+00  0.000000e+00  0.000000e+00  0.000000e+00 
 9.862522e+00  0.000000e+00  0.000000e+00  0.000000e+00  0.000000e+00 
 1.000000e+01  0.000000e+00  0.000000e+00  0.000000e+00  0.000000e+00 
