 1.000000e-02  5.550272e+03  1.029972e+04  1.408962e+04  2.137369e+04 
 1.013939e-02  5.579844e+03  1.035444e+04  1.416433e+04  2.148665e+04 
 1.028073e-02  5.608935e+03  1.040826e+04  1.423780e+04  2.159772e+04 
 1.042404e-02  5.637527e+03  1.046113e+04  1.430999e+04  2.170683e+04 
 1.056935e-02  5.665589e+03  1.051304e+04  1.438084e+04  2.181388e+04 
 1.071668e-02  5.693121e+03  1.056394e+04  1.445031e+04  2.191883e+04 
 1.086606e-02  5.720103e+03  1.061381e+04  1.451837e+04  2.202164e+04 
 1.101753e-02  5.746505e+03  1.066261e+04  1.458495e+04  2.212220e+04 
 1.117111e-02  5.772308e+03  1.071029e+04  1.465000e+04  2.222041e+04 
 1.132683e-02  5.797490e+03  1.075681e+04  1.471346e+04  2.231619e+04 
 1.148472e-02  5.822024e+03  1.080214e+04  1.477527e+04  2.240948e+04 
 1.164481e-02  5.845906e+03  1.084623e+04  1.483540e+04  2.250019e+04 
 1.180713e-02  5.869105e+03  1.088905e+04  1.489379e+04  2.258825e+04 
 1.197171e-02  5.891593e+03  1.093055e+04  1.495035e+04  2.267353e+04 
 1.213859e-02  5.913358e+03  1.097070e+04  1.500507e+04  2.275600e+04 
 1.230780e-02  5.934374e+03  1.100946e+04  1.505787e+04  2.283555e+04 
 1.247936e-02  5.954617e+03  1.104678e+04  1.510871e+04  2.291211e+04 
 1.265332e-02  5.974073e+03  1.108263e+04  1.515754e+04  2.298559e+04 
 1.282970e-02  5.992724e+03  1.111697e+04  1.520430e+04  2.305594e+04 
 1.300854e-02  6.010546e+03  1.114978e+04  1.524895e+04  2.312305e+04 
 1.318987e-02  6.027515e+03  1.118099e+04  1.529141e+04  2.318685e+04 
 1.337373e-02  6.043614e+03  1.121059e+04  1.533166e+04  2.324728e+04 
 1.356015e-02  6.058826e+03  1.123854e+04  1.536964e+04  2.330425e+04 
 1.374917e-02  6.073128e+03  1.126478e+04  1.540529e+04  2.335768e+04 
 1.394083e-02  6.086485e+03  1.128928e+04  1.543856e+04  2.340747e+04 
 1.413516e-02  6.098886e+03  1.131199e+04  1.546936e+04  2.345354e+04 
 1.433219e-02  6.110303e+03  1.133288e+04  1.549767e+04  2.349578e+04 
 1.453198e-02  6.120715e+03  1.135188e+04  1.552339e+04  2.353412e+04 
 1.473454e-02  6.130101e+03  1.136897e+04  1.554651e+04  2.356846e+04 
 1.493993e-02  6.138431e+03  1.138411e+04  1.556694e+04  2.359872e+04 
 1.514819e-02  6.145724e+03  1.139734e+04  1.558477e+04  2.362506e+04 
 1.535935e-02  6.151941e+03  1.140857e+04  1.559987e+04  2.364726e+04 
 1.557345e-02  6.157048e+03  1.141774e+04  1.561215e+04  2.366515e+04 
 1.579053e-02  6.161015e+03  1.142481e+04  1.562153e+04  2.367866e+04 
 1.601064e-02  6.163836e+03  1.142973e+04  1.562799e+04  2.368772e+04 
 1.623382e-02  6.165481e+03  1.143246e+04  1.563145e+04  2.369222e+04 
 1.646012e-02  6.165944e+03  1.143299e+04  1.563190e+04  2.369214e+04 
 1.668956e-02  6.165200e+03  1.143129e+04  1.562928e+04  2.368740e+04 
 1.692220e-02  6.163246e+03  1.142734e+04  1.562358e+04  2.367799e+04 
 1.715809e-02  6.160053e+03  1.142107e+04  1.561473e+04  2.366378e+04 
 1.739726e-02  6.155606e+03  1.141249e+04  1.560269e+04  2.364473e+04 
 1.763977e-02  6.149886e+03  1.140154e+04  1.558743e+04  2.362076e+04 
 1.788566e-02  6.142876e+03  1.138819e+04  1.556886e+04  2.359180e+04 
 1.813498e-02  6.134561e+03  1.137243e+04  1.554698e+04  2.355780e+04 
 1.838777e-02  6.124921e+03  1.135419e+04  1.552174e+04  2.351870e+04 
 1.864409e-02  6.113947e+03  1.133349e+04  1.549311e+04  2.347444e+04 
 1.890397e-02  6.101623e+03  1.131026e+04  1.546105e+04  2.342497e+04 
 1.916748e-02  6.087937e+03  1.128453e+04  1.542552e+04  2.337026e+04 
 1.943467e-02  6.072886e+03  1.125624e+04  1.538653e+04  2.331028e+04 
 1.970558e-02  6.056461e+03  1.122541e+04  1.534404e+04  2.324499e+04 
 1.998026e-02  6.038656e+03  1.119202e+04  1.529805e+04  2.317439e+04 
 2.025878e-02  6.019465e+03  1.115605e+04  1.524855e+04  2.309844e+04 
 2.054117e-02  5.998899e+03  1.111754e+04  1.519555e+04  2.301722e+04 
 2.082751e-02  5.976953e+03  1.107645e+04  1.513904e+04  2.293066e+04 
 2.111783e-02  5.953628e+03  1.103283e+04  1.507906e+04  2.283883e+04 
 2.141220e-02  5.929027e+03  1.098679e+04  1.501573e+04  2.274181e+04 
 2.171068e-02  5.903650e+03  1.093907e+04  1.494986e+04  2.264030e+04 
 2.201331e-02  5.876904e+03  1.088880e+04  1.488051e+04  2.253352e+04 
 2.232016e-02  5.848792e+03  1.083601e+04  1.480771e+04  2.242147e+04 
 2.263130e-02  5.819302e+03  1.078067e+04  1.473141e+04  2.230414e+04 
 2.294676e-02  5.788454e+03  1.072281e+04  1.465166e+04  2.218159e+04 
 2.326663e-02  5.756255e+03  1.066243e+04  1.456849e+04  2.205383e+04 
 2.359095e-02  5.722710e+03  1.059956e+04  1.448189e+04  2.192089e+04 
 2.391980e-02  5.687832e+03  1.053423e+04  1.439194e+04  2.178285e+04 
 2.425323e-02  5.651638e+03  1.046645e+04  1.429864e+04  2.163977e+04 
 2.459130e-02  5.614154e+03  1.039629e+04  1.420209e+04  2.149174e+04 
 2.493409e-02  5.575391e+03  1.032375e+04  1.410229e+04  2.133881e+04 
 2.528166e-02  5.535391e+03  1.024891e+04  1.399937e+04  2.118114e+04 
 2.563407e-02  5.494178e+03  1.017184e+04  1.389338e+04  2.101884e+04 
 2.599140e-02  5.451799e+03  1.009263e+04  1.378445e+04  2.085210e+04 
 2.635371e-02  5.408300e+03  1.001132e+04  1.367267e+04  2.068106e+04 
 2.672106e-02  5.363715e+03  9.928018e+03  1.355818e+04  2.050590e+04 
 2.709354e-02  5.318097e+03  9.842794e+03  1.344106e+04  2.032679e+04 
 2.747121e-02  5.271467e+03  9.755715e+03  1.332141e+04  2.014386e+04 
 2.785414e-02  5.223787e+03  9.666719e+03  1.319917e+04  1.995706e+04 
 2.824241e-02  5.174827e+03  9.575461e+03  1.307395e+04  1.976605e+04 
 2.863610e-02  5.124948e+03  9.482513e+03  1.294643e+04  1.957157e+04 
 2.903527e-02  5.074197e+03  9.387944e+03  1.281671e+04  1.937376e+04 
 2.944000e-02  5.022603e+03  9.291835e+03  1.268488e+04  1.917280e+04 
 2.985038e-02  4.970223e+03  9.194278e+03  1.255109e+04  1.896886e+04 
 3.026648e-02  4.917111e+03  9.095370e+03  1.241545e+04  1.876215e+04 
 3.068838e-02  4.863325e+03  8.995221e+03  1.227813e+04  1.855293e+04 
 3.111616e-02  4.808925e+03  8.893942e+03  1.213927e+04  1.834140e+04 
 3.154990e-02  4.753981e+03  8.791670e+03  1.199906e+04  1.812785e+04 
 3.198969e-02  4.698571e+03  8.688540e+03  1.185769e+04  1.791256e+04 
 3.243561e-02  4.642780e+03  8.584713e+03  1.171537e+04  1.769587e+04 
 3.288774e-02  4.586695e+03  8.480345e+03  1.157233e+04  1.747809e+04 
 3.334618e-02  4.530411e+03  8.375626e+03  1.142881e+04  1.725961e+04 
 3.381101e-02  4.474025e+03  8.270726e+03  1.128505e+04  1.704078e+04 
 3.428231e-02  4.417615e+03  8.165778e+03  1.114123e+04  1.682190e+04 
 3.476019e-02  4.361110e+03  8.060979e+03  1.099797e+04  1.660491e+04 
 3.524473e-02  4.304671e+03  7.956304e+03  1.085488e+04  1.638825e+04 
 3.573602e-02  4.248342e+03  7.851839e+03  1.071210e+04  1.617203e+04 
 3.623416e-02  4.192179e+03  7.747684e+03  1.056974e+04  1.595647e+04 
 3.673925e-02  4.136231e+03  7.643942e+03  1.042794e+04  1.574177e+04 
 3.725137e-02  4.080567e+03  7.540724e+03  1.028686e+04  1.552817e+04 
 3.777064e-02  4.025245e+03  7.438143e+03  1.014666e+04  1.531591e+04 
 3.829714e-02  3.970331e+03  7.336319e+03  1.000749e+04  1.510523e+04 
 3.883098e-02  3.915892e+03  7.235389e+03  9.869553e+03  1.489640e+04 
 3.937226e-02  3.862008e+03  7.135485e+03  9.733012e+03  1.468972e+04 
 3.992109e-02  3.808755e+03  7.036750e+03  9.598077e+03  1.448546e+04 
 4.047757e-02  3.756201e+03  6.939284e+03  9.464846e+03  1.428369e+04 
 4.104181e-02  3.704267e+03  6.842406e+03  9.331790e+03  1.408040e+04 
 4.161391e-02  3.653222e+03  6.747194e+03  9.201015e+03  1.388059e+04 
 4.219398e-02  3.603151e+03  6.653786e+03  9.072714e+03  1.368454e+04 
 4.278214e-02  3.554093e+03  6.562265e+03  8.946998e+03  1.349241e+04 
 4.337850e-02  3.506078e+03  6.472679e+03  8.823927e+03  1.330430e+04 
 4.398317e-02  3.459122e+03  6.385060e+03  8.703557e+03  1.312030e+04 
 4.459628e-02  3.413250e+03  6.299458e+03  8.585945e+03  1.294048e+04 
 4.521792e-02  3.368490e+03  6.215920e+03  8.471154e+03  1.276495e+04 
 4.584824e-02  3.324858e+03  6.134475e+03  8.359228e+03  1.259378e+04 
 4.648734e-02  3.282375e+03  6.055163e+03  8.250219e+03  1.242702e+04 
 4.713535e-02  3.241196e+03  5.979012e+03  8.146322e+03  1.227019e+04 
 4.779239e-02  3.201276e+03  5.905641e+03  8.046692e+03  1.212113e+04 
 4.845859e-02  3.162552e+03  5.834471e+03  7.950061e+03  1.197657e+04 
 4.913407e-02  3.125026e+03  5.765503e+03  7.856429e+03  1.183649e+04 
 4.981898e-02  3.088686e+03  5.698723e+03  7.765766e+03  1.170090e+04 
 5.051342e-02  3.053508e+03  5.634088e+03  7.678023e+03  1.156968e+04 
 5.121755e-02  3.019465e+03  5.571542e+03  7.593122e+03  1.144273e+04 
 5.193150e-02  2.986522e+03  5.511023e+03  7.510978e+03  1.131993e+04 
 5.265540e-02  2.954642e+03  5.452463e+03  7.431501e+03  1.120112e+04 
 5.338938e-02  2.923552e+03  5.394907e+03  7.352920e+03  1.108239e+04 
 5.413360e-02  2.893149e+03  5.338090e+03  7.274785e+03  1.096278e+04 
 5.488820e-02  2.863644e+03  5.282938e+03  7.198918e+03  1.084660e+04 
 5.565331e-02  2.834980e+03  5.229340e+03  7.125177e+03  1.073364e+04 
 5.642908e-02  2.807064e+03  5.177126e+03  7.053328e+03  1.062352e+04 
 5.721568e-02  2.779802e+03  5.126119e+03  6.983115e+03  1.051587e+04 
 5.801323e-02  2.753080e+03  5.076116e+03  6.914276e+03  1.041032e+04 
 5.882190e-02  2.726848e+03  5.027037e+03  6.846719e+03  1.030676e+04 
 5.964185e-02  2.701171e+03  4.979316e+03  6.781368e+03  1.020749e+04 
 6.047322e-02  2.676217e+03  4.933806e+03  6.719959e+03  1.011674e+04 
 6.131619e-02  2.651401e+03  4.888549e+03  6.658886e+03  1.002648e+04 
 6.217090e-02  2.626529e+03  4.843173e+03  6.597631e+03  9.935884e+03 
 6.303753e-02  2.601560e+03  4.797596e+03  6.536087e+03  9.844797e+03 
 6.391624e-02  2.576338e+03  4.751545e+03  6.473884e+03  9.752689e+03 
 6.480720e-02  2.550776e+03  4.704868e+03  6.410826e+03  9.659300e+03 
 6.571058e-02  2.524710e+03  4.657266e+03  6.346518e+03  9.564053e+03 
 6.662655e-02  2.496884e+03  4.604542e+03  6.273221e+03  9.449567e+03 
 6.755528e-02  2.468299e+03  4.550373e+03  6.197911e+03  9.331918e+03 
 6.849697e-02  2.438897e+03  4.494708e+03  6.120576e+03  9.211269e+03 
 6.945178e-02  2.408577e+03  4.437376e+03  6.040995e+03  9.087294e+03 
 7.041990e-02  2.377254e+03  4.378215e+03  5.958945e+03  8.959676e+03 
 7.140151e-02  2.344854e+03  4.317089e+03  5.874250e+03  8.828157e+03 
 7.239681e-02  2.311570e+03  4.254614e+03  5.788058e+03  8.695520e+03 
 7.340598e-02  2.277406e+03  4.190843e+03  5.700503e+03  8.562167e+03 
 7.442922e-02  2.242026e+03  4.124854e+03  5.609955e+03  8.424373e+03 
 7.546673e-02  2.205414e+03  4.056624e+03  5.516379e+03  8.282094e+03 
 7.651869e-02  2.167593e+03  3.986183e+03  5.419825e+03  8.135406e+03 
 7.758532e-02  2.128592e+03  3.913604e+03  5.320388e+03  7.984456e+03 
 7.866682e-02  2.089279e+03  3.841590e+03  5.222865e+03  7.839325e+03 
 7.976339e-02  2.050234e+03  3.771894e+03  5.130326e+03  7.706379e+03 
 8.087525e-02  2.010183e+03  3.700300e+03  5.035157e+03  7.569352e+03 
 8.200261e-02  1.969242e+03  3.627010e+03  4.937627e+03  7.428641e+03 
 8.314568e-02  1.927550e+03  3.552280e+03  4.838079e+03  7.284741e+03 
 8.430468e-02  1.885259e+03  3.476388e+03  4.736887e+03  7.138206e+03 
 8.547985e-02  1.841815e+03  3.397155e+03  4.629967e+03  6.980147e+03 
 8.667139e-02  1.797818e+03  3.316336e+03  4.520333e+03  6.816633e+03 
 8.787954e-02  1.753820e+03  3.235512e+03  4.410679e+03  6.653043e+03 
 8.910453e-02  1.710033e+03  3.155064e+03  4.301524e+03  6.490150e+03 
 9.034660e-02  1.666668e+03  3.075387e+03  4.193404e+03  6.328760e+03 
 9.160598e-02  1.624632e+03  2.999119e+03  4.090821e+03  6.177838e+03 
 9.288292e-02  1.584051e+03  2.926373e+03  3.993813e+03  6.037169e+03 
 9.417766e-02  1.544466e+03  2.855384e+03  3.899113e+03  5.899751e+03 
 9.549045e-02  1.506073e+03  2.786513e+03  3.807216e+03  5.766336e+03 
 9.682153e-02  1.469054e+03  2.720101e+03  3.718589e+03  5.637636e+03 
 9.817117e-02  1.433890e+03  2.657505e+03  3.635533e+03  5.518222e+03 
 9.953962e-02  1.400505e+03  2.598282e+03  3.557153e+03  5.406036e+03 
 1.009272e-01  1.368902e+03  2.542265e+03  3.483055e+03  5.300078e+03 
 1.023340e-01  1.339169e+03  2.489627e+03  3.413481e+03  5.200736e+03 
 1.037605e-01  1.310750e+03  2.438593e+03  3.345327e+03  5.101719e+03 
 1.052069e-01  1.282003e+03  2.384078e+03  3.269769e+03  4.985294e+03 
 1.066734e-01  1.255306e+03  2.333399e+03  3.199478e+03  4.876898e+03 
 1.081604e-01  1.230601e+03  2.286445e+03  3.134303e+03  4.776292e+03 
 1.096681e-01  1.207806e+03  2.243061e+03  3.074024e+03  4.683136e+03 
 1.111968e-01  1.187019e+03  2.203718e+03  3.019405e+03  4.598314e+03 
 1.127468e-01  1.167895e+03  2.167488e+03  2.969062e+03  4.519988e+03 
 1.143184e-01  1.150241e+03  2.133996e+03  2.922471e+03  4.447384e+03 
 1.159120e-01  1.133853e+03  2.102864e+03  2.879116e+03  4.379713e+03 
 1.175277e-01  1.119241e+03  2.075798e+03  2.841957e+03  4.322714e+03 
 1.191660e-01  1.105469e+03  2.050358e+03  2.807079e+03  4.269298e+03 
 1.208271e-01  1.092207e+03  2.025867e+03  2.773504e+03  4.217875e+03 
 1.225114e-01  1.079133e+03  2.001697e+03  2.740363e+03  4.167165e+03 
 1.242191e-01  1.065567e+03  1.976280e+03  2.705409e+03  4.114018e+03 
 1.259506e-01  1.051692e+03  1.950305e+03  2.669703e+03  4.059757e+03 
 1.277063e-01  1.037252e+03  1.923292e+03  2.632592e+03  4.003403e+03 
 1.294865e-01  1.022293e+03  1.895482e+03  2.594411e+03  3.945105e+03 
 1.312915e-01  1.006673e+03  1.866628e+03  2.554820e+03  3.884297e+03 
 1.331216e-01  9.899038e+02  1.835657e+03  2.512355e+03  3.819190e+03 
 1.349772e-01  9.719048e+02  1.802459e+03  2.466909e+03  3.749754e+03 
 1.368587e-01  9.537252e+02  1.770796e+03  2.425714e+03  3.693023e+03 
 1.387665e-01  9.342333e+02  1.736653e+03  2.381078e+03  3.630940e+03 
 1.407008e-01  9.135107e+02  1.700163e+03  2.333178e+03  3.563742e+03 
 1.426621e-01  8.925715e+02  1.663665e+03  2.285213e+03  3.495352e+03 
 1.446507e-01  8.709704e+02  1.625984e+03  2.235555e+03  3.423911e+03 
 1.466671e-01  8.486435e+02  1.586840e+03  2.183805e+03  3.349100e+03 
 1.487115e-01  8.240657e+02  1.541736e+03  2.122686e+03  3.258192e+03 
 1.507845e-01  7.982041e+02  1.493070e+03  2.055885e+03  3.157381e+03 
 1.528864e-01  7.726428e+02  1.444972e+03  1.989847e+03  3.057644e+03 
 1.550175e-01  7.495786e+02  1.403557e+03  1.934599e+03  2.977595e+03 
 1.571784e-01  7.286517e+02  1.367453e+03  1.887696e+03  2.912363e+03 
 1.593694e-01  7.087460e+02  1.333091e+03  1.843037e+03  2.850208e+03 
 1.615909e-01  6.906418e+02  1.302361e+03  1.803455e+03  2.795651e+03 
 1.638434e-01  6.741844e+02  1.274739e+03  1.768111e+03  2.747357e+03 
 1.661273e-01  6.592585e+02  1.249841e+03  1.736394e+03  2.704365e+03 
 1.684430e-01  6.428629e+02  1.219416e+03  1.695153e+03  2.643688e+03 
 1.707910e-01  6.277612e+02  1.191081e+03  1.656542e+03  2.586623e+03 
 1.731717e-01  6.146993e+02  1.166911e+03  1.623832e+03  2.538599e+03 
 1.755856e-01  6.048694e+02  1.150190e+03  1.602060e+03  2.507417e+03 
 1.780332e-01  5.962112e+02  1.135653e+03  1.583293e+03  2.480868e+03 
 1.805149e-01  5.867127e+02  1.117293e+03  1.557290e+03  2.439140e+03 
 1.830312e-01  5.768377e+02  1.096909e+03  1.527348e+03  2.388985e+03 
 1.855825e-01  5.673999e+02  1.077612e+03  1.499216e+03  2.342397e+03 
 1.881694e-01  5.583819e+02  1.060492e+03  1.475797e+03  2.307326e+03 
 1.907924e-01  5.491106e+02  1.042910e+03  1.451748e+03  2.271285e+03 
 1.934520e-01  5.387882e+02  1.023110e+03  1.424649e+03  2.231462e+03 
 1.961486e-01  5.275547e+02  1.001534e+03  1.395109e+03  2.188160e+03 
 1.988828e-01  5.166286e+02  9.813372e+02  1.367792e+03  2.148134e+03 
 2.016551e-01  5.064821e+02  9.637457e+02  1.344523e+03  2.114140e+03 
 2.044661e-01  4.952636e+02  9.438813e+02  1.317904e+03  2.074585e+03 
 2.073162e-01  4.824930e+02  9.197441e+02  1.284281e+03  2.022323e+03 
 2.102061e-01  4.691258e+02  8.944601e+02  1.249055e+03  1.967507e+03 
 2.131362e-01  4.591795e+02  8.800188e+02  1.232124e+03  1.946047e+03 
 2.161073e-01  4.492313e+02  8.655962e+02  1.215242e+03  1.924660e+03 
 2.191197e-01  4.366266e+02  8.438567e+02  1.187237e+03  1.886895e+03 
 2.221741e-01  4.238716e+02  8.212244e+02  1.157675e+03  1.846648e+03 
 2.252711e-01  4.123460e+02  8.014428e+02  1.132391e+03  1.812898e+03 
 2.284112e-01  4.018708e+02  7.837662e+02  1.110074e+03  1.783567e+03 
 2.315951e-01  3.927496e+02  7.677490e+02  1.088593e+03  1.751032e+03 
 2.348235e-01  3.847701e+02  7.535719e+02  1.069167e+03  1.720192e+03 
 2.380968e-01  3.757495e+02  7.359493e+02  1.044371e+03  1.681705e+03 
 2.414157e-01  3.671666e+02  7.188255e+02  1.020155e+03  1.644371e+03 
 2.447809e-01  3.587487e+02  7.023121e+02  9.972021e+02  1.609071e+03 
 2.481930e-01  3.509141e+02  6.870172e+02  9.760173e+02  1.576550e+03 
 2.516527e-01  3.463328e+02  6.792493e+02  9.654984e+02  1.560037e+03 
 2.551606e-01  3.408594e+02  6.693054e+02  9.518383e+02  1.539001e+03 
 2.587174e-01  3.323149e+02  6.519837e+02  9.275326e+02  1.502518e+03 
 2.623238e-01  3.250862e+02  6.384039e+02  9.090187e+02  1.475290e+03 
 2.659804e-01  3.192438e+02  6.287855e+02  8.966371e+02  1.457839e+03 
 2.696881e-01  3.113056e+02  6.141782e+02  8.768597e+02  1.427903e+03 
 2.734474e-01  3.025608e+02  5.977718e+02  8.544652e+02  1.393667e+03 
 2.772591e-01  2.958670e+02  5.868596e+02  8.409442e+02  1.376502e+03 
 2.811239e-01  2.886584e+02  5.743753e+02  8.250264e+02  1.356409e+03 
 2.850426e-01  2.810260e+02  5.603235e+02  8.066940e+02  1.333806e+03 
 2.890160e-01  2.740374e+02  5.485019e+02  7.914842e+02  1.312113e+03 
 2.930447e-01  2.675347e+02  5.373070e+02  7.764968e+02  1.288684e+03 
 2.971296e-01  2.614051e+02  5.252904e+02  7.584309e+02  1.257001e+03 
 3.012714e-01  2.558864e+02  5.156884e+02  7.456523e+02  1.237890e+03 
 3.054710e-01  2.506064e+02  5.067995e+02  7.345152e+02  1.223120e+03 
 3.097291e-01  2.444054e+02  4.952064e+02  7.191413e+02  1.201897e+03 
 3.140465e-01  2.388748e+02  4.839202e+02  7.027343e+02  1.174516e+03 
 3.184242e-01  2.340462e+02  4.741836e+02  6.885353e+02  1.150651e+03 
 3.228628e-01  2.302347e+02  4.678083e+02  6.804968e+02  1.140815e+03 
 3.273634e-01  2.247968e+02  4.567494e+02  6.644664e+02  1.114766e+03 
 3.319266e-01  2.191146e+02  4.456277e+02  6.489908e+02  1.091251e+03 
 3.365535e-01  2.136518e+02  4.358315e+02  6.363516e+02  1.074375e+03 
 3.412449e-01  2.097809e+02  4.306754e+02  6.302425e+02  1.064597e+03 
 3.460016e-01  2.054618e+02  4.236066e+02  6.210965e+02  1.051553e+03 
 3.508247e-01  2.011775e+02  4.159390e+02  6.108053e+02  1.036355e+03 
 3.557150e-01  1.970090e+02  4.081658e+02  6.002131e+02  1.020026e+03 
 3.606735e-01  1.922074e+02  3.995404e+02  5.887914e+02  1.003727e+03 
 3.657011e-01  1.865255e+02  3.886960e+02  5.738452e+02  9.825491e+02 
 3.707988e-01  1.820165e+02  3.799728e+02  5.618485e+02  9.645317e+02 
 3.759675e-01  1.779573e+02  3.721332e+02  5.510102e+02  9.481041e+02 
 3.812083e-01  1.738285e+02  3.645691e+02  5.407074e+02  9.328146e+02 
 3.865221e-01  1.703699e+02  3.593596e+02  5.345727e+02  9.225954e+02 
 3.919100e-01  1.668856e+02  3.512441e+02  5.220982e+02  9.050541e+02 
 3.973730e-01  1.629005e+02  3.445407e+02  5.137009e+02  8.917654e+02 
 4.029122e-01  1.596637e+02  3.394273e+02  5.066162e+02  8.786368e+02 
 4.085286e-01  1.564186e+02  3.324441e+02  4.965156e+02  8.639032e+02 
 4.142232e-01  1.524679e+02  3.243213e+02  4.856520e+02  8.501740e+02 
 4.199973e-01  1.485558e+02  3.174867e+02  4.769113e+02  8.372789e+02 
 4.258518e-01  1.453947e+02  3.115625e+02  4.684307e+02  8.224125e+02 
 4.317880e-01  1.420572e+02  3.050032e+02  4.586721e+02  8.071621e+02 
 4.378069e-01  1.391618e+02  2.992210e+02  4.503936e+02  7.933470e+02 
 4.439097e-01  1.367386e+02  2.954101e+02  4.457685e+02  7.888915e+02 
 4.500975e-01  1.330146e+02  2.883948e+02  4.361030e+02  7.743608e+02 
 4.563716e-01  1.299155e+02  2.819719e+02  4.267135e+02  7.573799e+02 
 4.627332e-01  1.279040e+02  2.791971e+02  4.237715e+02  7.547702e+02 
 4.691835e-01  1.246415e+02  2.726460e+02  4.142593e+02  7.385196e+02 
 4.757236e-01  1.222702e+02  2.679975e+02  4.078831e+02  7.287330e+02 
 4.823549e-01  1.190491e+02  2.613559e+02  3.984370e+02  7.157933e+02 
 4.890787e-01  1.164818e+02  2.563033e+02  3.915178e+02  7.047527e+02 
 4.958962e-01  1.145037e+02  2.524586e+02  3.855274e+02  6.935421e+02 
 5.028087e-01  1.118780e+02  2.478681e+02  3.792688e+02  6.842624e+02 
 5.098176e-01  1.097647e+02  2.439616e+02  3.735924e+02  6.729620e+02 
 5.169242e-01  1.078334e+02  2.403065e+02  3.686406e+02  6.662856e+02 
 5.241298e-01  1.042958e+02  2.341461e+02  3.609538e+02  6.567198e+02 
 5.314359e-01  1.024330e+02  2.312413e+02  3.569962e+02  6.502477e+02 
 5.388438e-01  1.002807e+02  2.263865e+02  3.496586e+02  6.388547e+02 
 5.463550e-01  9.846416e+01  2.227916e+02  3.442591e+02  6.296894e+02 
 5.539709e-01  9.579674e+01  2.180160e+02  3.381154e+02  6.199810e+02 
 5.616930e-01  9.405512e+01  2.146049e+02  3.332276e+02  6.124683e+02 
 5.695227e-01  9.215271e+01  2.114364e+02  3.292885e+02  6.042592e+02 
 5.774615e-01  9.004770e+01  2.065409e+02  3.219403e+02  5.935462e+02 
 5.855110e-01  8.839943e+01  2.034590e+02  3.171538e+02  5.852739e+02 
 5.936727e-01  8.633689e+01  1.986866e+02  3.104685e+02  5.751175e+02 
 6.019482e-01  8.484355e+01  1.963953e+02  3.067552e+02  5.681248e+02 
 6.103390e-01  8.280424e+01  1.928486e+02  3.021005e+02  5.598754e+02 
 6.188468e-01  8.093188e+01  1.896441e+02  2.991353e+02  5.577193e+02 
 6.274732e-01  7.956104e+01  1.861708e+02  2.931055e+02  5.476010e+02 
 6.362198e-01  7.791969e+01  1.832923e+02  2.888209e+02  5.391360e+02 
 6.450884e-01  7.606825e+01  1.799187e+02  2.841529e+02  5.310586e+02 
 6.540806e-01  7.448149e+01  1.761010e+02  2.783131e+02  5.224159e+02 
 6.631981e-01  7.280281e+01  1.734265e+02  2.753998e+02  5.172572e+02 
 6.724427e-01  7.139795e+01  1.703594e+02  2.710507e+02  5.118248e+02 
 6.818162e-01  6.983033e+01  1.673105e+02  2.656758e+02  5.016759e+02 
 6.913204e-01  6.831420e+01  1.642165e+02  2.616600e+02  4.947887e+02 
 7.009570e-01  6.732425e+01  1.617873e+02  2.580375e+02  4.883802e+02 
 7.107280e-01  6.556731e+01  1.589725e+02  2.541035e+02  4.807211e+02 
 7.206351e-01  6.453396e+01  1.565395e+02  2.507651e+02  4.765870e+02 
 7.306804e-01  6.319112e+01  1.541263e+02  2.468149e+02  4.682427e+02 
 7.408657e-01  6.177607e+01  1.510760e+02  2.423877e+02  4.619442e+02 
 7.511929e-01  6.043982e+01  1.482942e+02  2.387315e+02  4.557278e+02 
 7.616642e-01  5.925891e+01  1.456204e+02  2.349209e+02  4.497297e+02 
 7.722814e-01  5.843340e+01  1.441130e+02  2.322820e+02  4.433532e+02 
 7.830465e-01  5.719312e+01  1.413352e+02  2.283455e+02  4.374738e+02 
 7.939618e-01  5.609764e+01  1.394464e+02  2.253507e+02  4.329797e+02 
 8.050292e-01  5.483742e+01  1.368257e+02  2.222016e+02  4.272713e+02 
 8.162509e-01  5.385110e+01  1.348114e+02  2.184960e+02  4.197260e+02 
 8.276289e-01  5.251943e+01  1.320911e+02  2.149035e+02  4.142746e+02 
 8.391656e-01  5.182890e+01  1.305476e+02  2.119440e+02  4.096768e+02 
 8.508632e-01  5.087317e+01  1.282680e+02  2.089589e+02  4.040899e+02 
 8.627237e-01  4.971834e+01  1.261930e+02  2.058221e+02  3.976705e+02 
 8.747496e-01  4.878971e+01  1.240395e+02  2.027184e+02  3.923910e+02 
 8.869432e-01  4.791383e+01  1.222293e+02  1.999429e+02  3.872931e+02 
 8.993067e-01  4.692654e+01  1.202582e+02  1.969059e+02  3.817051e+02 
 9.118425e-01  4.617283e+01  1.182114e+02  1.936001e+02  3.749694e+02 
 9.245531e-01  4.514542e+01  1.162000e+02  1.905382e+02  3.706836e+02 
 9.374409e-01  4.426392e+01  1.143888e+02  1.880501e+02  3.657505e+02 
 9.505083e-01  4.350200e+01  1.125889e+02  1.853202e+02  3.605302e+02 
 9.637579e-01  4.256297e+01  1.104039e+02  1.820241e+02  3.552846e+02 
 9.771921e-01  4.197306e+01  1.097291e+02  1.803327e+02  3.505451e+02 
 9.908137e-01  4.114456e+01  1.076763e+02  1.774164e+02  3.460062e+02 
 1.004625e+00  4.034220e+01  1.056908e+02  1.743465e+02  3.400749e+02 
 1.018629e+00  3.964836e+01  1.042064e+02  1.719314e+02  3.351667e+02 
 1.032828e+00  3.887111e+01  1.025350e+02  1.696229e+02  3.316330e+02 
 1.047225e+00  3.809505e+01  1.010461e+02  1.669542e+02  3.258982e+02 
 1.061823e+00  3.747938e+01  9.967370e+01  1.646691e+02  3.211674e+02 
 1.076624e+00  3.676401e+01  9.805783e+01  1.621845e+02  3.163450e+02 
 1.091632e+00  3.612350e+01  9.647208e+01  1.598759e+02  3.115580e+02 
 1.106848e+00  3.541219e+01  9.480097e+01  1.573844e+02  3.072236e+02 
 1.122277e+00  3.476361e+01  9.345538e+01  1.548565e+02  3.021669e+02 
 1.137921e+00  3.411452e+01  9.185391e+01  1.524830e+02  2.976428e+02 
 1.153783e+00  3.354743e+01  9.042487e+01  1.501669e+02  2.934111e+02 
 1.169866e+00  3.293880e+01  8.906964e+01  1.478961e+02  2.892193e+02 
 1.186174e+00  3.231802e+01  8.775476e+01  1.457155e+02  2.845980e+02 
 1.202708e+00  3.177383e+01  8.637309e+01  1.435481e+02  2.802165e+02 
 1.219473e+00  3.122438e+01  8.509317e+01  1.414893e+02  2.756231e+02 
 1.236472e+00  3.065415e+01  8.378764e+01  1.394414e+02  2.716189e+02 
 1.253708e+00  3.012908e+01  8.243874e+01  1.371393e+02  2.675774e+02 
 1.271184e+00  2.960751e+01  8.145895e+01  1.354645e+02  2.633136e+02 
 1.288904e+00  2.908186e+01  7.990273e+01  1.330434e+02  2.594926e+02 
 1.306870e+00  2.854100e+01  7.864265e+01  1.309931e+02  2.551570e+02 
 1.325087e+00  2.808915e+01  7.748204e+01  1.290223e+02  2.508149e+02 
 1.343558e+00  2.759625e+01  7.625038e+01  1.269826e+02  2.467566e+02 
 1.362287e+00  2.714664e+01  7.501659e+01  1.248322e+02  2.426998e+02 
 1.381276e+00  2.666109e+01  7.386092e+01  1.226862e+02  2.386945e+02 
 1.400531e+00  2.621659e+01  7.270177e+01  1.208299e+02  2.344459e+02 
 1.420053e+00  2.574024e+01  7.146974e+01  1.189513e+02  2.304953e+02 
 1.439848e+00  2.531114e+01  7.041825e+01  1.169191e+02  2.266846e+02 
 1.459919e+00  2.484443e+01  6.925837e+01  1.150209e+02  2.225865e+02 
 1.480269e+00  2.447644e+01  6.805087e+01  1.130268e+02  2.184250e+02 
 1.500903e+00  2.404803e+01  6.699536e+01  1.111231e+02  2.150426e+02 
 1.521825e+00  2.362863e+01  6.600691e+01  1.094121e+02  2.111702e+02 
 1.543038e+00  2.321338e+01  6.491744e+01  1.076769e+02  2.076885e+02 
 1.564548e+00  2.285650e+01  6.387180e+01  1.058390e+02  2.038563e+02 
 1.586357e+00  2.247507e+01  6.290539e+01  1.041020e+02  2.001604e+02 
 1.608469e+00  2.207413e+01  6.189521e+01  1.023702e+02  1.967694e+02 
 1.630891e+00  2.176973e+01  6.078085e+01  1.004393e+02  1.928935e+02 
 1.653624e+00  2.137004e+01  5.977307e+01  9.881782e+01  1.896600e+02 
 1.676675e+00  2.100853e+01  5.889113e+01  9.718698e+01  1.859951e+02 
 1.700047e+00  2.064894e+01  5.790948e+01  9.546376e+01  1.825687e+02 
 1.723745e+00  2.031643e+01  5.690849e+01  9.376438e+01  1.788963e+02 
 1.747773e+00  1.995285e+01  5.591723e+01  9.205430e+01  1.755123e+02 
 1.772136e+00  1.962153e+01  5.497645e+01  9.038453e+01  1.722917e+02 
 1.796838e+00  1.930067e+01  5.402657e+01  8.877706e+01  1.689170e+02 
 1.821885e+00  1.899948e+01  5.309073e+01  8.712055e+01  1.656768e+02 
 1.847281e+00  1.867629e+01  5.226267e+01  8.562837e+01  1.624525e+02 
 1.873032e+00  1.836821e+01  5.131238e+01  8.391734e+01  1.593146e+02 
 1.899141e+00  1.805396e+01  5.037846e+01  8.241239e+01  1.561901e+02 
 1.925614e+00  1.776742e+01  4.952915e+01  8.091067e+01  1.530093e+02 
 1.952456e+00  1.751834e+01  4.871523e+01  7.943178e+01  1.499301e+02 
 1.979672e+00  1.719108e+01  4.789047e+01  7.796623e+01  1.469667e+02 
 2.007267e+00  1.693147e+01  4.703001e+01  7.638439e+01  1.440562e+02 
 2.035248e+00  1.662769e+01  4.615021e+01  7.490176e+01  1.410294e+02 
 2.063618e+00  1.635144e+01  4.529485e+01  7.346347e+01  1.380763e+02 
 2.092383e+00  1.608535e+01  4.447360e+01  7.199552e+01  1.352187e+02 
 2.121550e+00  1.580651e+01  4.363560e+01  7.057724e+01  1.323197e+02 
 2.151123e+00  1.554799e+01  4.283335e+01  6.913940e+01  1.294679e+02 
 2.181109e+00  1.528268e+01  4.201249e+01  6.776573e+01  1.267802e+02 
 2.211512e+00  1.502760e+01  4.119488e+01  6.634406e+01  1.239111e+02 
 2.242340e+00  1.477625e+01  4.044956e+01  6.501446e+01  1.212800e+02 
 2.273597e+00  1.451201e+01  3.966863e+01  6.361993e+01  1.186331e+02 
 2.305289e+00  1.428606e+01  3.890265e+01  6.233226e+01  1.160691e+02 
 2.337424e+00  1.404346e+01  3.813627e+01  6.101264e+01  1.135497e+02 
 2.370006e+00  1.380252e+01  3.739438e+01  5.976014e+01  1.111014e+02 
 2.403043e+00  1.355711e+01  3.666744e+01  5.846745e+01  1.086001e+02 
 2.436540e+00  1.333695e+01  3.596044e+01  5.724340e+01  1.061799e+02 
 2.470504e+00  1.310920e+01  3.525573e+01  5.600129e+01  1.037911e+02 
 2.504942e+00  1.288644e+01  3.456832e+01  5.482201e+01  1.014784e+02 
 2.539859e+00  1.267417e+01  3.386298e+01  5.361489e+01  9.915252e+01 
 2.575263e+00  1.244530e+01  3.316315e+01  5.248027e+01  9.693995e+01 
 2.611161e+00  1.223800e+01  3.248584e+01  5.128913e+01  9.471995e+01 
 2.647559e+00  1.202514e+01  3.181122e+01  5.012823e+01  9.248983e+01 
 2.684465e+00  1.181683e+01  3.116924e+01  4.900501e+01  9.033212e+01 
 2.721885e+00  1.159949e+01  3.048627e+01  4.790216e+01  8.821735e+01 
 2.759826e+00  1.139613e+01  2.982602e+01  4.679483e+01  8.614922e+01 
 2.798297e+00  1.119058e+01  2.920287e+01  4.573159e+01  8.415837e+01 
 2.837304e+00  1.099147e+01  2.857116e+01  4.467786e+01  8.215161e+01 
 2.876854e+00  1.079185e+01  2.794664e+01  4.363623e+01  8.021124e+01 
 2.916956e+00  1.059855e+01  2.734606e+01  4.262447e+01  7.827199e+01 
 2.957617e+00  1.041057e+01  2.675778e+01  4.164692e+01  7.641654e+01 
 2.998844e+00  1.022097e+01  2.617605e+01  4.066854e+01  7.458511e+01 
 3.040646e+00  1.003540e+01  2.559546e+01  3.971261e+01  7.284565e+01 
 3.083031e+00  9.853311e+00  2.502556e+01  3.877893e+01  7.109840e+01 
 3.126007e+00  9.677083e+00  2.447752e+01  3.786462e+01  6.937302e+01 
 3.169582e+00  9.496701e+00  2.391685e+01  3.694697e+01  6.769677e+01 
 3.213764e+00  9.320607e+00  2.337798e+01  3.606042e+01  6.605249e+01 
 3.258562e+00  9.143145e+00  2.285147e+01  3.518918e+01  6.443317e+01 
 3.303985e+00  8.970552e+00  2.231635e+01  3.433257e+01  6.284943e+01 
 3.350041e+00  8.801387e+00  2.179246e+01  3.347929e+01  6.129101e+01 
 3.396739e+00  8.629748e+00  2.128435e+01  3.266426e+01  5.975363e+01 
 3.444087e+00  8.465105e+00  2.077802e+01  3.183998e+01  5.825971e+01 
 3.492096e+00  8.301848e+00  2.029171e+01  3.105684e+01  5.682260e+01 
 3.540774e+00  8.135749e+00  1.981406e+01  3.028962e+01  5.540455e+01 
 3.590130e+00  7.977876e+00  1.933677e+01  2.952605e+01  5.402604e+01 
 3.640175e+00  7.823742e+00  1.887690e+01  2.879788e+01  5.267072e+01 
 3.690917e+00  7.666779e+00  1.843277e+01  2.806870e+01  5.135244e+01 
 3.742366e+00  7.514381e+00  1.798156e+01  2.736820e+01  5.008423e+01 
 3.794533e+00  7.367486e+00  1.755502e+01  2.668440e+01  4.882885e+01 
 3.847427e+00  7.219964e+00  1.712706e+01  2.601262e+01  4.761540e+01 
 3.901058e+00  7.072069e+00  1.671394e+01  2.536070e+01  4.641286e+01 
 3.955436e+00  6.932076e+00  1.630450e+01  2.470674e+01  4.523196e+01 
 4.010573e+00  6.787919e+00  1.590204e+01  2.408259e+01  4.409281e+01 
 4.066478e+00  6.647420e+00  1.550389e+01  2.346041e+01  4.296056e+01 
 4.123163e+00  6.507881e+00  1.512098e+01  2.285490e+01  4.185696e+01 
 4.180637e+00  6.372524e+00  1.474375e+01  2.226597e+01  4.077403e+01 
 4.238913e+00  6.237655e+00  1.436981e+01  2.168497e+01  3.972876e+01 
 4.298001e+00  6.102432e+00  1.400706e+01  2.112288e+01  3.869959e+01 
 4.357913e+00  5.975323e+00  1.365135e+01  2.057659e+01  3.770837e+01 
 4.418660e+00  5.846003e+00  1.330902e+01  2.003865e+01  3.674134e+01 
 4.480254e+00  5.719181e+00  1.297014e+01  1.951789e+01  3.579389e+01 
 4.542706e+00  5.596776e+00  1.263866e+01  1.900824e+01  3.486985e+01 
 4.606029e+00  5.475235e+00  1.232067e+01  1.851729e+01  3.398096e+01 
 4.670234e+00  5.355768e+00  1.200819e+01  1.804057e+01  3.311234e+01 
 4.735335e+00  5.239243e+00  1.170441e+01  1.757172e+01  3.226084e+01 
 4.801343e+00  5.126328e+00  1.140864e+01  1.711759e+01  3.142814e+01 
 4.868271e+00  5.013143e+00  1.111692e+01  1.667153e+01  3.061735e+01 
 4.936132e+00  4.901734e+00  1.083105e+01  1.623538e+01  2.982330e+01 
 5.004939e+00  4.791753e+00  1.055260e+01  1.580938e+01  2.904656e+01 
 5.074705e+00  4.683053e+00  1.027895e+01  1.539114e+01  2.828752e+01 
 5.145444e+00  4.577470e+00  1.001221e+01  1.498575e+01  2.754794e+01 
 5.217169e+00  4.472509e+00  9.750861e+00  1.458693e+01  2.681794e+01 
 5.289893e+00  4.371390e+00  9.497621e+00  1.420481e+01  2.611752e+01 
 5.363631e+00  4.269757e+00  9.250290e+00  1.382603e+01  2.542991e+01 
 5.438397e+00  4.171963e+00  9.008359e+00  1.346078e+01  2.475852e+01 
 5.514206e+00  4.075554e+00  8.773875e+00  1.310564e+01  2.410982e+01 
 5.591071e+00  3.980409e+00  8.546273e+00  1.275974e+01  2.347841e+01 
 5.669007e+00  3.889218e+00  8.323869e+00  1.242499e+01  2.286578e+01 
 5.748030e+00  3.799084e+00  8.108915e+00  1.209789e+01  2.226637e+01 
 5.828155e+00  3.710976e+00  7.899524e+00  1.178175e+01  2.168513e+01 
 5.909396e+00  3.624854e+00  7.695444e+00  1.147396e+01  2.112199e+01 
 5.991770e+00  3.540285e+00  7.496101e+00  1.117259e+01  2.057145e+01 
 6.075292e+00  3.457729e+00  7.302793e+00  1.088030e+01  2.003185e+01 
 6.159978e+00  3.376292e+00  7.112820e+00  1.059457e+01  1.950605e+01 
 6.245845e+00  3.296366e+00  6.927413e+00  1.031513e+01  1.899060e+01 
 6.332908e+00  3.217718e+00  6.745611e+00  1.004120e+01  1.848552e+01 
 6.421186e+00  3.141205e+00  6.569083e+00  9.774312e+00  1.799377e+01 
 6.510694e+00  3.065698e+00  6.396694e+00  9.515018e+00  1.751523e+01 
 6.601449e+00  2.992505e+00  6.229329e+00  9.262652e+00  1.704878e+01 
 6.693470e+00  2.920311e+00  6.065539e+00  9.015971e+00  1.659414e+01 
 6.786773e+00  2.850097e+00  5.906952e+00  8.776758e+00  1.615288e+01 
 6.881377e+00  2.781937e+00  5.753002e+00  8.544470e+00  1.572202e+01 
 6.977300e+00  2.715194e+00  5.603489e+00  8.320008e+00  1.530502e+01 
 7.074559e+00  2.650456e+00  5.457796e+00  8.100248e+00  1.489906e+01 
 7.173175e+00  2.586913e+00  5.316798e+00  7.887805e+00  1.450544e+01 
 7.273165e+00  2.525332e+00  5.179765e+00  7.682205e+00  1.412259e+01 
 7.374549e+00  2.465078e+00  5.046220e+00  7.480773e+00  1.375083e+01 
 7.477346e+00  2.406112e+00  4.916737e+00  7.286202e+00  1.338766e+01 
 7.581576e+00  2.348796e+00  4.789596e+00  7.095143e+00  1.303339e+01 
 7.687260e+00  2.292340e+00  4.665949e+00  6.908730e+00  1.268763e+01 
 7.794416e+00  2.237178e+00  4.544945e+00  6.725913e+00  1.234846e+01 
 7.903066e+00  2.183177e+00  4.426360e+00  6.547438e+00  1.201651e+01 
 8.013230e+00  2.130316e+00  4.311517e+00  6.374832e+00  1.169389e+01 
 8.124930e+00  2.078660e+00  4.199242e+00  6.205835e+00  1.137873e+01 
 8.238187e+00  2.028462e+00  4.089783e+00  6.040807e+00  1.107224e+01 
 8.353023e+00  1.979379e+00  3.983574e+00  5.880988e+00  1.077374e+01 
 8.469460e+00  1.931711e+00  3.880444e+00  5.725609e+00  1.048387e+01 
 8.587519e+00  1.885290e+00  3.780045e+00  5.574411e+00  1.020218e+01 
 8.707225e+00  1.840098e+00  3.682369e+00  5.427717e+00  9.928751e+00 
 8.828599e+00  1.796183e+00  3.588007e+00  5.285410e+00  9.662575e+00 
 8.951665e+00  1.753355e+00  3.496311e+00  5.147067e+00  9.404953e+00 
 9.076446e+00  1.711827e+00  3.407174e+00  5.013100e+00  9.154727e+00 
 9.202967e+00  1.671342e+00  3.320516e+00  4.882883e+00  8.910994e+00 
 9.331251e+00  1.631843e+00  3.236006e+00  4.755607e+00  8.673662e+00 
 9.461324e+00  0.000000e+00  0.000000e+00  0.000000e+00  0.000000e+00 
 9.593209e+00  0.000000e+00  0.000000e+00  0.000000e+00  0.000000e+00 
 9.726934e+00  0.000000e+00  0.000000e+00  0.000000e+00  0.000000e+00 
 9.862522e+00  0.000000e+00  0.000000e+00  0.000000e+00  0.000000e+00 
 1.000000e+01  0.000000e+00  0.000000e+00  0.000000e+00  0.000000e+00 
