 1.000000e-02  5.543179e+03  1.025768e+04  1.400876e+04  2.120039e+04 
 1.013939e-02  5.574186e+03  1.031489e+04  1.408674e+04  2.131793e+04 
 1.028073e-02  5.604745e+03  1.037127e+04  1.416356e+04  2.143374e+04 
 1.042404e-02  5.634843e+03  1.042679e+04  1.423921e+04  2.154775e+04 
 1.056935e-02  5.664459e+03  1.048141e+04  1.431362e+04  2.165988e+04 
 1.071668e-02  5.693578e+03  1.053511e+04  1.438676e+04  2.177007e+04 
 1.086606e-02  5.722181e+03  1.058783e+04  1.445859e+04  2.187824e+04 
 1.101753e-02  5.750246e+03  1.063957e+04  1.452905e+04  2.198433e+04 
 1.117111e-02  5.777753e+03  1.069027e+04  1.459809e+04  2.208825e+04 
 1.132683e-02  5.804683e+03  1.073989e+04  1.466564e+04  2.218993e+04 
 1.148472e-02  5.831011e+03  1.078839e+04  1.473167e+04  2.228926e+04 
 1.164481e-02  5.856720e+03  1.083574e+04  1.479612e+04  2.238618e+04 
 1.180713e-02  5.881786e+03  1.088189e+04  1.485893e+04  2.248063e+04 
 1.197171e-02  5.906196e+03  1.092683e+04  1.492006e+04  2.257250e+04 
 1.213859e-02  5.929923e+03  1.097048e+04  1.497946e+04  2.266176e+04 
 1.230780e-02  5.952948e+03  1.101285e+04  1.503706e+04  2.274826e+04 
 1.247936e-02  5.975251e+03  1.105386e+04  1.509283e+04  2.283197e+04 
 1.265332e-02  5.996811e+03  1.109350e+04  1.514670e+04  2.291281e+04 
 1.282970e-02  6.017609e+03  1.113172e+04  1.519864e+04  2.299070e+04 
 1.300854e-02  6.037626e+03  1.116848e+04  1.524860e+04  2.306556e+04 
 1.318987e-02  6.056845e+03  1.120377e+04  1.529651e+04  2.313733e+04 
 1.337373e-02  6.075245e+03  1.123753e+04  1.534235e+04  2.320592e+04 
 1.356015e-02  6.092804e+03  1.126973e+04  1.538604e+04  2.327126e+04 
 1.374917e-02  6.109504e+03  1.130033e+04  1.542754e+04  2.333328e+04 
 1.394083e-02  6.125321e+03  1.132930e+04  1.546681e+04  2.339189e+04 
 1.413516e-02  6.140227e+03  1.135658e+04  1.550376e+04  2.344696e+04 
 1.433219e-02  6.154206e+03  1.138212e+04  1.553834e+04  2.349845e+04 
 1.453198e-02  6.167228e+03  1.140590e+04  1.557049e+04  2.354625e+04 
 1.473454e-02  6.179278e+03  1.142787e+04  1.560018e+04  2.359030e+04 
 1.493993e-02  6.190330e+03  1.144798e+04  1.562733e+04  2.363049e+04 
 1.514819e-02  6.200435e+03  1.146635e+04  1.565210e+04  2.366709e+04 
 1.535935e-02  6.209535e+03  1.148287e+04  1.567434e+04  2.369983e+04 
 1.557345e-02  6.217577e+03  1.149743e+04  1.569390e+04  2.372850e+04 
 1.579053e-02  6.224541e+03  1.150998e+04  1.571071e+04  2.375302e+04 
 1.601064e-02  6.230408e+03  1.152050e+04  1.572475e+04  2.377331e+04 
 1.623382e-02  6.235161e+03  1.152896e+04  1.573595e+04  2.378930e+04 
 1.646012e-02  6.238780e+03  1.153531e+04  1.574429e+04  2.380093e+04 
 1.668956e-02  6.241254e+03  1.153954e+04  1.574971e+04  2.380816e+04 
 1.692220e-02  6.242569e+03  1.154162e+04  1.575220e+04  2.381091e+04 
 1.715809e-02  6.242697e+03  1.154149e+04  1.575168e+04  2.380910e+04 
 1.739726e-02  6.241626e+03  1.153915e+04  1.574812e+04  2.380268e+04 
 1.763977e-02  6.239332e+03  1.153454e+04  1.574146e+04  2.379156e+04 
 1.788566e-02  6.235811e+03  1.152765e+04  1.573169e+04  2.377572e+04 
 1.813498e-02  6.231027e+03  1.151842e+04  1.571873e+04  2.375504e+04 
 1.838777e-02  6.224972e+03  1.150685e+04  1.570254e+04  2.372947e+04 
 1.864409e-02  6.217622e+03  1.149287e+04  1.568308e+04  2.369893e+04 
 1.890397e-02  6.208983e+03  1.147651e+04  1.566035e+04  2.366344e+04 
 1.916748e-02  6.199026e+03  1.145770e+04  1.563428e+04  2.362289e+04 
 1.943467e-02  6.187752e+03  1.143645e+04  1.560490e+04  2.357730e+04 
 1.970558e-02  6.175135e+03  1.141273e+04  1.557210e+04  2.352656e+04 
 1.998026e-02  6.161187e+03  1.138654e+04  1.553595e+04  2.347071e+04 
 2.025878e-02  6.145895e+03  1.135786e+04  1.549639e+04  2.340971e+04 
 2.054117e-02  6.129264e+03  1.132669e+04  1.545344e+04  2.334359e+04 
 2.082751e-02  6.111285e+03  1.129304e+04  1.540711e+04  2.327231e+04 
 2.111783e-02  6.091970e+03  1.125692e+04  1.535738e+04  2.319591e+04 
 2.141220e-02  6.071402e+03  1.121844e+04  1.530438e+04  2.311445e+04 
 2.171068e-02  6.050064e+03  1.117826e+04  1.524883e+04  2.302841e+04 
 2.201331e-02  6.027388e+03  1.113562e+04  1.518989e+04  2.293723e+04 
 2.232016e-02  6.003370e+03  1.109049e+04  1.512756e+04  2.284093e+04 
 2.263130e-02  5.978007e+03  1.104288e+04  1.506182e+04  2.273946e+04 
 2.294676e-02  5.951310e+03  1.099279e+04  1.499272e+04  2.263290e+04 
 2.326663e-02  5.923283e+03  1.094024e+04  1.492025e+04  2.252124e+04 
 2.359095e-02  5.893929e+03  1.088524e+04  1.484444e+04  2.240453e+04 
 2.391980e-02  5.863261e+03  1.082782e+04  1.476532e+04  2.228280e+04 
 2.425323e-02  5.831298e+03  1.076800e+04  1.468292e+04  2.215612e+04 
 2.459130e-02  5.798055e+03  1.070580e+04  1.459730e+04  2.202457e+04 
 2.493409e-02  5.763551e+03  1.064129e+04  1.450848e+04  2.188820e+04 
 2.528166e-02  5.727812e+03  1.057449e+04  1.441657e+04  2.174714e+04 
 2.563407e-02  5.690876e+03  1.050549e+04  1.432164e+04  2.160154e+04 
 2.599140e-02  5.652777e+03  1.043433e+04  1.422379e+04  2.145149e+04 
 2.635371e-02  5.613552e+03  1.036109e+04  1.412308e+04  2.129718e+04 
 2.672106e-02  5.573244e+03  1.028587e+04  1.401967e+04  2.113877e+04 
 2.709354e-02  5.531892e+03  1.020871e+04  1.391362e+04  2.097639e+04 
 2.747121e-02  5.489524e+03  1.012967e+04  1.380503e+04  2.081016e+04 
 2.785414e-02  5.446093e+03  1.004870e+04  1.369381e+04  2.064004e+04 
 2.824241e-02  5.401338e+03  9.965387e+03  1.357952e+04  2.046555e+04 
 2.863610e-02  5.355646e+03  9.880357e+03  1.346288e+04  2.028753e+04 
 2.903527e-02  5.309055e+03  9.793667e+03  1.334399e+04  2.010611e+04 
 2.944000e-02  5.261602e+03  9.705390e+03  1.322293e+04  1.992145e+04 
 2.985038e-02  5.213328e+03  9.615606e+03  1.309983e+04  1.973373e+04 
 3.026648e-02  5.164290e+03  9.524414e+03  1.297481e+04  1.954313e+04 
 3.068838e-02  5.114533e+03  9.431903e+03  1.284800e+04  1.934985e+04 
 3.111616e-02  5.064121e+03  9.338187e+03  1.271956e+04  1.915413e+04 
 3.154990e-02  5.013118e+03  9.243388e+03  1.258965e+04  1.895623e+04 
 3.198969e-02  4.961592e+03  9.147631e+03  1.245843e+04  1.875638e+04 
 3.243561e-02  4.909622e+03  9.051059e+03  1.232613e+04  1.855490e+04 
 3.288774e-02  4.857292e+03  8.953828e+03  1.219292e+04  1.835211e+04 
 3.334618e-02  4.804693e+03  8.856114e+03  1.205906e+04  1.814835e+04 
 3.381101e-02  4.751914e+03  8.758073e+03  1.192476e+04  1.794394e+04 
 3.428231e-02  4.699021e+03  8.659826e+03  1.179019e+04  1.773915e+04 
 3.476019e-02  4.645946e+03  8.561564e+03  1.165597e+04  1.753602e+04 
 3.524473e-02  4.592836e+03  8.463255e+03  1.152171e+04  1.733286e+04 
 3.573602e-02  4.539741e+03  8.364977e+03  1.138749e+04  1.712980e+04 
 3.623416e-02  4.486712e+03  8.266827e+03  1.125344e+04  1.692702e+04 
 3.673925e-02  4.433797e+03  8.168896e+03  1.111971e+04  1.672472e+04 
 3.725137e-02  4.381055e+03  8.071284e+03  1.098642e+04  1.652311e+04 
 3.777064e-02  4.328540e+03  7.974100e+03  1.085371e+04  1.632242e+04 
 3.829714e-02  4.276315e+03  7.877457e+03  1.072175e+04  1.612287e+04 
 3.883098e-02  4.224448e+03  7.781483e+03  1.059070e+04  1.592472e+04 
 3.937226e-02  4.173008e+03  7.686302e+03  1.046075e+04  1.572825e+04 
 3.992109e-02  4.122066e+03  7.592043e+03  1.033205e+04  1.553368e+04 
 4.047757e-02  4.071686e+03  7.498793e+03  1.020470e+04  1.534106e+04 
 4.104181e-02  4.021717e+03  7.405667e+03  1.007680e+04  1.514560e+04 
 4.161391e-02  3.972496e+03  7.313928e+03  9.950809e+03  1.495303e+04 
 4.219398e-02  3.924095e+03  7.223705e+03  9.826893e+03  1.476364e+04 
 4.278214e-02  3.876544e+03  7.135062e+03  9.705139e+03  1.457753e+04 
 4.337850e-02  3.829866e+03  7.048037e+03  9.585594e+03  1.439477e+04 
 4.398317e-02  3.784080e+03  6.962668e+03  9.468313e+03  1.421546e+04 
 4.459628e-02  3.739206e+03  6.878988e+03  9.353343e+03  1.403966e+04 
 4.521792e-02  3.695261e+03  6.797026e+03  9.240726e+03  1.386742e+04 
 4.584824e-02  3.652263e+03  6.716822e+03  9.130506e+03  1.369883e+04 
 4.648734e-02  3.610231e+03  6.638403e+03  9.022726e+03  1.353392e+04 
 4.713535e-02  3.569385e+03  6.563024e+03  8.919996e+03  1.337911e+04 
 4.779239e-02  3.529647e+03  6.490207e+03  8.821293e+03  1.323185e+04 
 4.845859e-02  3.490908e+03  6.419223e+03  8.725083e+03  1.308831e+04 
 4.913407e-02  3.453164e+03  6.350063e+03  8.631346e+03  1.294848e+04 
 4.981898e-02  3.416391e+03  6.282692e+03  8.540036e+03  1.281230e+04 
 5.051342e-02  3.380566e+03  6.217060e+03  8.451091e+03  1.267964e+04 
 5.121755e-02  3.345657e+03  6.153110e+03  8.364437e+03  1.255043e+04 
 5.193150e-02  3.311628e+03  6.090778e+03  8.279979e+03  1.242449e+04 
 5.265540e-02  3.278442e+03  6.029995e+03  8.197620e+03  1.230171e+04 
 5.338938e-02  3.245778e+03  5.969670e+03  8.115359e+03  1.217764e+04 
 5.413360e-02  3.213536e+03  5.909519e+03  8.032711e+03  1.205129e+04 
 5.488820e-02  3.181964e+03  5.850607e+03  7.951749e+03  1.192748e+04 
 5.565331e-02  3.151010e+03  5.792837e+03  7.872347e+03  1.180604e+04 
 5.642908e-02  3.120558e+03  5.735988e+03  7.794201e+03  1.168645e+04 
 5.721568e-02  3.090531e+03  5.679923e+03  7.717118e+03  1.156847e+04 
 5.801323e-02  3.060790e+03  5.624401e+03  7.640792e+03  1.145168e+04 
 5.882190e-02  3.031405e+03  5.569572e+03  7.565446e+03  1.133647e+04 
 5.964185e-02  3.002376e+03  5.515807e+03  7.491982e+03  1.122526e+04 
 6.047322e-02  2.974043e+03  5.464373e+03  7.422782e+03  1.112347e+04 
 6.131619e-02  2.945501e+03  5.412524e+03  7.352984e+03  1.102070e+04 
 6.217090e-02  2.916802e+03  5.360356e+03  7.282723e+03  1.091715e+04 
 6.303753e-02  2.887789e+03  5.307604e+03  7.211660e+03  1.081236e+04 
 6.391624e-02  2.858400e+03  5.254164e+03  7.139665e+03  1.070620e+04 
 6.480720e-02  2.828493e+03  5.199776e+03  7.066391e+03  1.059814e+04 
 6.571058e-02  2.797961e+03  5.144245e+03  6.991567e+03  1.048776e+04 
 6.662655e-02  2.765413e+03  5.082908e+03  6.906607e+03  1.035586e+04 
 6.755528e-02  2.732019e+03  5.019966e+03  6.819411e+03  1.022046e+04 
 6.849697e-02  2.697737e+03  4.955413e+03  6.730045e+03  1.008188e+04 
 6.945178e-02  2.662505e+03  4.889133e+03  6.638365e+03  9.939905e+03 
 7.041990e-02  2.626258e+03  4.821016e+03  6.544218e+03  9.794321e+03 
 7.140151e-02  2.588946e+03  4.750967e+03  6.447474e+03  9.644948e+03 
 7.239681e-02  2.550810e+03  4.679719e+03  6.349489e+03  9.495001e+03 
 7.340598e-02  2.511887e+03  4.607387e+03  6.250485e+03  9.345051e+03 
 7.442922e-02  2.471847e+03  4.533028e+03  6.148751e+03  9.191086e+03 
 7.546673e-02  2.430717e+03  4.456688e+03  6.044355e+03  9.033212e+03 
 7.651869e-02  2.388536e+03  4.378447e+03  5.937406e+03  8.871587e+03 
 7.758532e-02  2.345364e+03  4.298416e+03  5.828054e+03  8.706441e+03 
 7.866682e-02  2.302214e+03  4.219727e+03  5.721815e+03  8.549212e+03 
 7.976339e-02  2.259756e+03  4.144392e+03  5.622189e+03  8.407082e+03 
 8.087525e-02  2.216539e+03  4.067605e+03  5.520535e+03  8.261774e+03 
 8.200261e-02  2.172703e+03  3.989617e+03  5.417188e+03  8.113778e+03 
 8.314568e-02  2.128395e+03  3.910697e+03  5.312512e+03  7.963628e+03 
 8.430468e-02  2.083779e+03  3.831143e+03  5.206907e+03  7.811916e+03 
 8.547985e-02  2.038066e+03  3.748080e+03  5.095107e+03  7.647473e+03 
 8.667139e-02  1.991989e+03  3.663649e+03  4.980780e+03  7.477622e+03 
 8.787954e-02  1.946206e+03  3.579752e+03  4.867164e+03  7.308796e+03 
 8.910453e-02  1.900919e+03  3.496757e+03  4.754766e+03  7.141750e+03 
 9.034660e-02  1.856324e+03  3.415027e+03  4.644072e+03  6.977214e+03 
 9.160598e-02  1.813346e+03  3.337263e+03  4.539672e+03  6.824190e+03 
 9.288292e-02  1.772082e+03  3.263527e+03  4.441543e+03  6.682392e+03 
 9.417766e-02  1.732021e+03  3.191926e+03  4.346241e+03  6.544647e+03 
 9.549045e-02  1.693317e+03  3.122750e+03  4.254165e+03  6.411559e+03 
 9.682153e-02  1.656118e+03  3.056272e+03  4.165688e+03  6.283700e+03 
 9.817117e-02  1.620846e+03  2.993727e+03  4.082927e+03  6.165305e+03 
 9.953962e-02  1.587404e+03  2.934644e+03  4.004962e+03  6.054318e+03 
 1.009272e-01  1.555750e+03  2.878778e+03  3.931300e+03  5.949607e+03 
 1.023340e-01  1.525930e+03  2.826221e+03  3.862071e+03  5.851390e+03 
 1.037605e-01  1.497245e+03  2.774822e+03  3.793567e+03  5.752295e+03 
 1.052069e-01  1.467708e+03  2.718548e+03  3.715423e+03  5.631800e+03 
 1.066734e-01  1.440035e+03  2.665754e+03  3.642052e+03  5.518558e+03 
 1.081604e-01  1.414130e+03  2.616256e+03  3.573201e+03  5.412179e+03 
 1.096681e-01  1.389869e+03  2.569825e+03  3.508557e+03  5.312186e+03 
 1.111968e-01  1.367548e+03  2.527518e+03  3.449836e+03  5.221196e+03 
 1.127468e-01  1.346561e+03  2.487714e+03  3.394560e+03  5.135444e+03 
 1.143184e-01  1.326679e+03  2.449966e+03  3.342100e+03  5.053972e+03 
 1.159120e-01  1.307680e+03  2.413860e+03  3.291892e+03  4.975925e+03 
 1.175277e-01  1.290433e+03  2.382200e+03  3.248790e+03  4.910774e+03 
 1.191660e-01  1.273659e+03  2.351517e+03  3.207111e+03  4.847961e+03 
 1.208271e-01  1.257006e+03  2.321059e+03  3.165742e+03  4.785628e+03 
 1.225114e-01  1.240193e+03  2.290290e+03  3.123967e+03  4.722799e+03 
 1.242191e-01  1.222671e+03  2.258070e+03  3.080327e+03  4.658160e+03 
 1.259506e-01  1.204551e+03  2.224749e+03  3.035191e+03  4.591264e+03 
 1.277063e-01  1.185658e+03  2.190012e+03  2.988130e+03  4.521471e+03 
 1.294865e-01  1.166176e+03  2.154373e+03  2.939849e+03  4.449396e+03 
 1.312915e-01  1.146036e+03  2.117728e+03  2.890198e+03  4.374738e+03 
 1.331216e-01  1.124763e+03  2.078988e+03  2.837695e+03  4.295790e+03 
 1.349772e-01  1.102374e+03  2.038231e+03  2.782499e+03  4.212946e+03 
 1.368587e-01  1.080141e+03  1.999908e+03  2.733073e+03  4.145969e+03 
 1.387665e-01  1.056866e+03  1.959579e+03  2.680827e+03  4.074497e+03 
 1.407008e-01  1.032695e+03  1.917496e+03  2.626092e+03  3.998992e+03 
 1.426621e-01  1.008661e+03  1.875786e+03  2.571481e+03  3.921515e+03 
 1.446507e-01  9.844028e+02  1.833618e+03  2.516059e+03  3.841980e+03 
 1.466671e-01  9.599043e+02  1.790880e+03  2.459758e+03  3.760903e+03 
 1.487115e-01  9.331681e+02  1.741810e+03  2.393312e+03  3.662165e+03 
 1.507845e-01  9.053160e+02  1.689237e+03  2.321094e+03  3.553145e+03 
 1.528864e-01  8.782419e+02  1.638132e+03  2.250885e+03  3.447104e+03 
 1.550175e-01  8.542827e+02  1.594990e+03  2.193255e+03  3.363367e+03 
 1.571784e-01  8.329507e+02  1.558181e+03  2.145414e+03  3.296614e+03 
 1.593694e-01  8.129044e+02  1.523629e+03  2.100547e+03  3.234108e+03 
 1.615909e-01  7.948706e+02  1.493092e+03  2.061252e+03  3.179941e+03 
 1.638434e-01  7.785782e+02  1.465856e+03  2.026463e+03  3.132481e+03 
 1.661273e-01  7.637913e+02  1.441320e+03  1.995294e+03  3.090365e+03 
 1.684430e-01  7.469285e+02  1.409871e+03  1.952610e+03  3.027585e+03 
 1.707910e-01  7.310772e+02  1.379950e+03  1.911772e+03  2.967230e+03 
 1.731717e-01  7.171057e+02  1.354008e+03  1.876641e+03  2.915684e+03 
 1.755856e-01  7.066287e+02  1.336463e+03  1.854011e+03  2.883656e+03 
 1.780332e-01  6.968988e+02  1.320285e+03  1.833245e+03  2.854468e+03 
 1.805149e-01  6.857170e+02  1.298968e+03  1.803331e+03  2.807137e+03 
 1.830312e-01  6.735988e+02  1.274473e+03  1.767821e+03  2.748804e+03 
 1.855825e-01  6.615555e+02  1.250468e+03  1.733389e+03  2.693082e+03 
 1.881694e-01  6.498900e+02  1.229133e+03  1.704895e+03  2.651918e+03 
 1.907924e-01  6.377033e+02  1.206801e+03  1.675001e+03  2.608518e+03 
 1.934520e-01  6.242460e+02  1.181811e+03  1.641474e+03  2.560631e+03 
 1.961486e-01  6.098197e+02  1.154916e+03  1.605321e+03  2.508988e+03 
 1.988828e-01  5.959748e+02  1.129931e+03  1.572054e+03  2.461346e+03 
 2.016551e-01  5.833440e+02  1.108382e+03  1.543893e+03  2.420969e+03 
 2.044661e-01  5.698873e+02  1.084895e+03  1.512748e+03  2.375444e+03 
 2.073162e-01  5.548251e+02  1.056492e+03  1.473296e+03  2.314620e+03 
 2.102061e-01  5.396240e+02  1.027801e+03  1.433426e+03  2.253074e+03 
 2.131362e-01  5.287655e+02  1.012058e+03  1.414839e+03  2.228788e+03 
 2.161073e-01  5.183801e+02  9.972613e+02  1.397604e+03  2.206617e+03 
 2.191197e-01  5.049808e+02  9.740424e+02  1.367670e+03  2.166402e+03 
 2.221741e-01  4.915543e+02  9.500945e+02  1.336420e+03  2.124312e+03 
 2.252711e-01  4.796328e+02  9.295616e+02  1.310189e+03  2.089409e+03 
 2.284112e-01  4.688803e+02  9.113823e+02  1.287266e+03  2.059339e+03 
 2.315951e-01  4.596057e+02  8.949813e+02  1.265095e+03  2.025226e+03 
 2.348235e-01  4.514167e+02  8.802884e+02  1.244718e+03  1.992164e+03 
 2.380968e-01  4.416972e+02  8.612495e+02  1.217954e+03  1.950916e+03 
 2.414157e-01  4.320025e+02  8.419126e+02  1.190703e+03  1.909374e+03 
 2.447809e-01  4.222723e+02  8.231367e+02  1.164891e+03  1.870283e+03 
 2.481930e-01  4.128272e+02  8.050416e+02  1.140107e+03  1.832768e+03 
 2.516527e-01  4.071675e+02  7.958006e+02  1.127874e+03  1.814166e+03 
 2.551606e-01  4.001782e+02  7.834707e+02  1.111239e+03  1.789197e+03 
 2.587174e-01  3.895221e+02  7.624944e+02  1.082310e+03  1.746804e+03 
 2.623238e-01  3.804593e+02  7.458823e+02  1.059992e+03  1.714611e+03 
 2.659804e-01  3.731571e+02  7.340469e+02  1.044899e+03  1.693566e+03 
 2.696881e-01  3.635092e+02  7.164682e+02  1.021209e+03  1.657826e+03 
 2.734474e-01  3.532204e+02  6.973197e+02  9.951792e+02  1.618157e+03 
 2.772591e-01  3.455557e+02  6.848248e+02  9.797164e+02  1.598541e+03 
 2.811239e-01  3.375185e+02  6.708914e+02  9.620909e+02  1.576843e+03 
 2.850426e-01  3.290916e+02  6.552770e+02  9.419668e+02  1.553185e+03 
 2.890160e-01  3.216380e+02  6.426230e+02  9.256514e+02  1.529654e+03 
 2.930447e-01  3.147761e+02  6.307249e+02  9.095778e+02  1.504065e+03 
 2.971296e-01  3.082841e+02  6.176612e+02  8.896582e+02  1.469234e+03 
 3.012714e-01  3.024444e+02  6.075671e+02  8.762355e+02  1.449161e+03 
 3.054710e-01  2.966446e+02  5.979921e+02  8.643959e+02  1.433627e+03 
 3.097291e-01  2.895391e+02  5.850019e+02  8.475111e+02  1.411124e+03 
 3.140465e-01  2.830328e+02  5.718404e+02  8.284468e+02  1.379452e+03 
 3.184242e-01  2.772112e+02  5.602164e+02  8.115489e+02  1.351132e+03 
 3.228628e-01  2.726068e+02  5.527504e+02  8.023433e+02  1.340201e+03 
 3.273634e-01  2.659028e+02  5.393019e+02  7.830075e+02  1.309102e+03 
 3.319266e-01  2.589602e+02  5.258838e+02  7.644841e+02  1.281204e+03 
 3.365535e-01  2.524036e+02  5.142836e+02  7.496518e+02  1.261580e+03 
 3.412449e-01  2.479384e+02  5.083173e+02  7.424130e+02  1.249648e+03 
 3.460016e-01  2.430428e+02  5.002893e+02  7.319940e+02  1.234749e+03 
 3.508247e-01  2.382759e+02  4.917248e+02  7.205166e+02  1.217955e+03 
 3.557150e-01  2.336889e+02  4.831153e+02  7.088080e+02  1.200083e+03 
 3.606735e-01  2.284120e+02  4.736528e+02  6.963472e+02  1.182339e+03 
 3.657011e-01  2.220368e+02  4.615685e+02  6.798983e+02  1.159753e+03 
 3.707988e-01  2.169838e+02  4.518999e+02  6.667449e+02  1.140217e+03 
 3.759675e-01  2.123603e+02  4.430774e+02  6.546586e+02  1.122168e+03 
 3.812083e-01  2.075334e+02  4.343293e+02  6.428107e+02  1.104947e+03 
 3.865221e-01  2.034073e+02  4.281807e+02  6.354110e+02  1.091911e+03 
 3.919100e-01  1.992103e+02  4.184086e+02  6.206239e+02  1.072004e+03 
 3.973730e-01  1.944063e+02  4.105159e+02  6.107389e+02  1.056096e+03 
 4.029122e-01  1.906308e+02  4.045392e+02  6.023296e+02  1.040300e+03 
 4.085286e-01  1.867847e+02  3.962036e+02  5.904022e+02  1.023204e+03 
 4.142232e-01  1.821188e+02  3.866729e+02  5.778864e+02  1.007835e+03 
 4.199973e-01  1.776359e+02  3.789662e+02  5.681192e+02  9.933745e+02 
 4.258518e-01  1.741092e+02  3.723387e+02  5.585808e+02  9.764949e+02 
 4.317880e-01  1.703666e+02  3.648774e+02  5.475170e+02  9.596950e+02 
 4.378069e-01  1.671040e+02  3.584251e+02  5.383346e+02  9.443529e+02 
 4.439097e-01  1.643775e+02  3.542076e+02  5.333433e+02  9.401979e+02 
 4.500975e-01  1.599929e+02  3.460200e+02  5.220591e+02  9.232573e+02 
 4.563716e-01  1.562806e+02  3.383825e+02  5.108890e+02  9.029925e+02 
 4.627332e-01  1.539163e+02  3.351099e+02  5.073984e+02  8.996901e+02 
 4.691835e-01  1.500423e+02  3.273413e+02  4.960748e+02  8.802631e+02 
 4.757236e-01  1.472331e+02  3.218850e+02  4.887123e+02  8.691699e+02 
 4.823549e-01  1.434430e+02  3.140529e+02  4.777644e+02  8.547574e+02 
 4.890787e-01  1.404755e+02  3.082772e+02  4.698513e+02  8.420300e+02 
 4.958962e-01  1.382652e+02  3.039317e+02  4.630172e+02  8.292739e+02 
 5.028087e-01  1.352919e+02  2.987401e+02  4.559785e+02  8.190416e+02 
 5.098176e-01  1.328576e+02  2.942473e+02  4.492989e+02  8.055004e+02 
 5.169242e-01  1.306228e+02  2.900221e+02  4.436718e+02  7.979153e+02 
 5.241298e-01  1.264241e+02  2.828613e+02  4.348731e+02  7.871273e+02 
 5.314359e-01  1.242438e+02  2.793823e+02  4.299941e+02  7.792373e+02 
 5.388438e-01  1.216936e+02  2.736289e+02  4.213967e+02  7.661932e+02 
 5.463550e-01  1.195796e+02  2.693872e+02  4.149846e+02  7.554986e+02 
 5.539709e-01  1.164756e+02  2.639885e+02  4.080562e+02  7.443850e+02 
 5.616930e-01  1.144682e+02  2.600310e+02  4.023887e+02  7.355895e+02 
 5.695227e-01  1.122603e+02  2.564833e+02  3.979407e+02  7.256794e+02 
 5.774615e-01  1.097537e+02  2.506455e+02  3.893552e+02  7.135568e+02 
 5.855110e-01  1.078246e+02  2.469515e+02  3.835168e+02  7.037667e+02 
 5.936727e-01  1.053900e+02  2.412785e+02  3.757858e+02  6.921869e+02 
 6.019482e-01  1.036658e+02  2.386530e+02  3.713555e+02  6.838963e+02 
 6.103390e-01  1.012581e+02  2.345280e+02  3.658685e+02  6.737505e+02 
 6.188468e-01  9.902481e+01  2.309124e+02  3.627551e+02  6.713235e+02 
 6.274732e-01  9.744343e+01  2.267757e+02  3.556449e+02  6.599269e+02 
 6.362198e-01  9.554865e+01  2.233467e+02  3.503816e+02  6.495816e+02 
 6.450884e-01  9.335717e+01  2.194604e+02  3.450133e+02  6.401404e+02 
 6.540806e-01  9.145381e+01  2.148826e+02  3.380863e+02  6.302804e+02 
 6.631981e-01  8.948833e+01  2.118986e+02  3.348374e+02  6.238765e+02 
 6.724427e-01  8.782848e+01  2.082544e+02  3.298134e+02  6.178520e+02 
 6.818162e-01  8.599003e+01  2.045663e+02  3.231857e+02  6.056669e+02 
 6.913204e-01  8.418840e+01  2.009497e+02  3.185208e+02  5.975148e+02 
 7.009570e-01  8.301701e+01  1.980215e+02  3.142418e+02  5.898224e+02 
 7.107280e-01  8.094222e+01  1.947569e+02  3.095143e+02  5.806176e+02 
 7.206351e-01  7.972692e+01  1.918800e+02  3.056790e+02  5.758277e+02 
 7.306804e-01  7.814365e+01  1.889803e+02  3.008292e+02  5.657036e+02 
 7.408657e-01  7.644542e+01  1.853489e+02  2.955704e+02  5.583517e+02 
 7.511929e-01  7.485425e+01  1.820747e+02  2.913349e+02  5.506926e+02 
 7.616642e-01  7.342050e+01  1.788873e+02  2.868356e+02  5.438622e+02 
 7.722814e-01  7.248361e+01  1.770270e+02  2.834982e+02  5.357254e+02 
 7.830465e-01  7.098371e+01  1.737377e+02  2.788846e+02  5.286352e+02 
 7.939618e-01  6.968990e+01  1.714933e+02  2.752798e+02  5.235836e+02 
 8.050292e-01  6.818669e+01  1.684333e+02  2.716465e+02  5.166266e+02 
 8.162509e-01  6.704436e+01  1.659918e+02  2.670458e+02  5.076089e+02 
 8.276289e-01  6.544234e+01  1.628142e+02  2.629216e+02  5.012021e+02 
 8.391656e-01  6.467077e+01  1.609562e+02  2.593882e+02  4.958864e+02 
 8.508632e-01  6.350369e+01  1.582211e+02  2.558131e+02  4.890612e+02 
 8.627237e-01  6.214381e+01  1.557800e+02  2.520539e+02  4.813423e+02 
 8.747496e-01  6.102479e+01  1.532379e+02  2.483958e+02  4.749668e+02 
 8.869432e-01  5.998957e+01  1.510363e+02  2.449878e+02  4.686214e+02 
 8.993067e-01  5.881663e+01  1.486639e+02  2.413104e+02  4.619366e+02 
 9.118425e-01  5.789524e+01  1.461673e+02  2.373009e+02  4.537307e+02 
 9.245531e-01  5.665834e+01  1.437219e+02  2.335804e+02  4.486076e+02 
 9.374409e-01  5.560853e+01  1.415751e+02  2.306105e+02  4.424526e+02 
 9.505083e-01  5.470371e+01  1.393859e+02  2.272675e+02  4.360320e+02 
 9.637579e-01  5.355004e+01  1.367154e+02  2.232879e+02  4.297615e+02 
 9.771921e-01  5.288427e+01  1.358946e+02  2.210369e+02  4.237587e+02 
 9.908137e-01  5.188075e+01  1.334002e+02  2.175963e+02  4.182790e+02 
 1.004625e+00  5.089930e+01  1.309543e+02  2.137815e+02  4.109850e+02 
 1.018629e+00  5.005275e+01  1.291524e+02  2.107912e+02  4.049314e+02 
 1.032828e+00  4.912474e+01  1.271748e+02  2.080814e+02  4.006924e+02 
 1.047225e+00  4.820099e+01  1.253753e+02  2.047521e+02  3.937035e+02 
 1.061823e+00  4.746916e+01  1.236672e+02  2.019176e+02  3.877588e+02 
 1.076624e+00  4.660047e+01  1.217053e+02  1.988763e+02  3.818298e+02 
 1.091632e+00  4.580695e+01  1.197848e+02  1.960159e+02  3.758455e+02 
 1.106848e+00  4.495112e+01  1.177397e+02  1.930170e+02  3.706200e+02 
 1.122277e+00  4.417394e+01  1.160888e+02  1.898708e+02  3.644710e+02 
 1.137921e+00  4.338574e+01  1.141224e+02  1.869931e+02  3.588722e+02 
 1.153783e+00  4.270672e+01  1.123474e+02  1.840989e+02  3.535713e+02 
 1.169866e+00  4.193424e+01  1.106541e+02  1.812288e+02  3.483587e+02 
 1.186174e+00  4.118269e+01  1.090458e+02  1.785502e+02  3.426948e+02 
 1.202708e+00  4.053175e+01  1.073423e+02  1.758185e+02  3.371786e+02 
 1.219473e+00  3.984958e+01  1.057420e+02  1.732355e+02  3.314485e+02 
 1.236472e+00  3.915033e+01  1.041520e+02  1.706874e+02  3.263584e+02 
 1.253708e+00  3.851806e+01  1.024619e+02  1.678625e+02  3.215274e+02 
 1.271184e+00  3.787581e+01  1.012798e+02  1.657136e+02  3.161498e+02 
 1.288904e+00  3.723859e+01  9.933245e+01  1.628114e+02  3.115085e+02 
 1.306870e+00  3.656581e+01  9.780876e+01  1.602405e+02  3.061490e+02 
 1.325087e+00  3.601632e+01  9.635684e+01  1.577718e+02  3.008315e+02 
 1.343558e+00  3.541759e+01  9.482113e+01  1.552391e+02  2.957991e+02 
 1.362287e+00  3.487087e+01  9.326997e+01  1.525553e+02  2.908812e+02 
 1.381276e+00  3.428044e+01  9.181476e+01  1.498991e+02  2.859956e+02 
 1.400531e+00  3.372474e+01  9.037134e+01  1.475537e+02  2.806794e+02 
 1.420053e+00  3.313342e+01  8.885310e+01  1.452008e+02  2.757145e+02 
 1.439848e+00  3.260204e+01  8.749914e+01  1.426604e+02  2.709923e+02 
 1.459919e+00  3.201629e+01  8.604235e+01  1.402334e+02  2.659039e+02 
 1.480269e+00  3.155477e+01  8.452086e+01  1.377663e+02  2.607494e+02 
 1.500903e+00  3.101658e+01  8.317641e+01  1.353513e+02  2.565795e+02 
 1.521825e+00  3.049951e+01  8.193451e+01  1.331925e+02  2.517141e+02 
 1.543038e+00  2.998114e+01  8.056485e+01  1.309926e+02  2.473429e+02 
 1.564548e+00  2.953276e+01  7.922756e+01  1.286720e+02  2.426364e+02 
 1.586357e+00  2.905488e+01  7.801181e+01  1.264766e+02  2.381086e+02 
 1.608469e+00  2.855811e+01  7.675474e+01  1.243000e+02  2.339300e+02 
 1.630891e+00  2.817808e+01  7.534940e+01  1.219137e+02  2.292308e+02 
 1.653624e+00  2.768003e+01  7.408062e+01  1.198945e+02  2.252443e+02 
 1.676675e+00  2.723193e+01  7.296640e+01  1.178296e+02  2.207127e+02 
 1.700047e+00  2.677532e+01  7.171792e+01  1.156668e+02  2.165386e+02 
 1.723745e+00  2.634665e+01  7.045680e+01  1.135306e+02  2.120289e+02 
 1.747773e+00  2.589196e+01  6.920546e+01  1.114099e+02  2.078380e+02 
 1.772136e+00  2.547417e+01  6.799047e+01  1.092849e+02  2.038795e+02 
 1.796838e+00  2.507021e+01  6.679922e+01  1.072693e+02  1.997097e+02 
 1.821885e+00  2.467398e+01  6.560306e+01  1.051917e+02  1.957574e+02 
 1.847281e+00  2.427195e+01  6.454141e+01  1.032946e+02  1.917964e+02 
 1.873032e+00  2.387731e+01  6.331012e+01  1.011626e+02  1.879775e+02 
 1.899141e+00  2.347113e+01  6.213644e+01  9.927426e+01  1.841080e+02 
 1.925614e+00  2.310487e+01  6.105549e+01  9.738130e+01  1.802395e+02 
 1.952456e+00  2.279127e+01  6.000072e+01  9.550756e+01  1.764874e+02 
 1.979672e+00  2.237136e+01  5.895279e+01  9.366177e+01  1.728574e+02 
 2.007267e+00  2.203991e+01  5.784722e+01  9.171314e+01  1.693793e+02 
 2.035248e+00  2.164999e+01  5.675807e+01  8.987862e+01  1.657014e+02 
 2.063618e+00  2.129750e+01  5.568177e+01  8.811161e+01  1.621568e+02 
 2.092383e+00  2.095401e+01  5.464789e+01  8.629596e+01  1.587311e+02 
 2.121550e+00  2.059658e+01  5.358329e+01  8.451615e+01  1.552220e+02 
 2.151123e+00  2.026081e+01  5.256161e+01  8.273000e+01  1.517770e+02 
 2.181109e+00  1.991931e+01  5.152882e+01  8.103440e+01  1.485143e+02 
 2.211512e+00  1.958530e+01  5.049521e+01  7.927852e+01  1.451047e+02 
 2.242340e+00  1.926205e+01  4.952887e+01  7.761470e+01  1.419050e+02 
 2.273597e+00  1.891617e+01  4.853726e+01  7.588737e+01  1.386992e+02 
 2.305289e+00  1.861811e+01  4.756225e+01  7.429246e+01  1.356024e+02 
 2.337424e+00  1.829854e+01  4.659050e+01  7.266262e+01  1.325310e+02 
 2.370006e+00  1.798647e+01  4.565399e+01  7.110958e+01  1.296360e+02 
 2.403043e+00  1.766838e+01  4.472889e+01  6.951475e+01  1.266342e+02 
 2.436540e+00  1.737604e+01  4.382786e+01  6.799962e+01  1.237329e+02 
 2.470504e+00  1.707940e+01  4.294465e+01  6.648696e+01  1.208904e+02 
 2.504942e+00  1.678698e+01  4.207842e+01  6.503613e+01  1.181492e+02 
 2.539859e+00  1.651064e+01  4.119402e+01  6.356963e+01  1.153930e+02 
 2.575263e+00  1.621343e+01  4.032227e+01  6.219493e+01  1.127587e+02 
 2.611161e+00  1.594126e+01  3.947101e+01  6.073825e+01  1.101214e+02 
 2.647559e+00  1.566203e+01  3.862213e+01  5.932838e+01  1.074964e+02 
 2.684465e+00  1.538713e+01  3.781746e+01  5.795034e+01  1.049372e+02 
 2.721885e+00  1.510091e+01  3.696415e+01  5.661701e+01  1.024307e+02 
 2.759826e+00  1.482979e+01  3.613588e+01  5.527348e+01  9.996748e+01 
 2.798297e+00  1.456050e+01  3.535684e+01  5.397958e+01  9.761461e+01 
 2.837304e+00  1.429625e+01  3.456276e+01  5.269744e+01  9.524340e+01 
 2.876854e+00  1.403260e+01  3.377839e+01  5.144214e+01  9.295124e+01 
 2.916956e+00  1.377630e+01  3.303035e+01  5.021354e+01  9.066675e+01 
 2.957617e+00  1.352652e+01  3.229508e+01  4.902882e+01  8.848836e+01 
 2.998844e+00  1.327432e+01  3.157181e+01  4.784980e+01  8.632617e+01 
 3.040646e+00  1.302957e+01  3.085258e+01  4.670507e+01  8.427859e+01 
 3.083031e+00  1.278793e+01  3.015116e+01  4.558476e+01  8.223452e+01 
 3.126007e+00  1.255547e+01  2.947198e+01  4.448745e+01  8.022881e+01 
 3.169582e+00  1.231888e+01  2.878331e+01  4.340070e+01  7.827787e+01 
 3.213764e+00  1.208707e+01  2.812188e+01  4.234390e+01  7.636192e+01 
 3.258562e+00  1.185290e+01  2.747753e+01  4.130481e+01  7.448011e+01 
 3.303985e+00  1.162437e+01  2.682054e+01  4.028948e+01  7.263967e+01 
 3.350041e+00  1.140152e+01  2.617873e+01  3.927428e+01  7.081750e+01 
 3.396739e+00  1.117211e+01  2.555730e+01  3.830314e+01  6.904444e+01 
 3.444087e+00  1.095465e+01  2.493307e+01  3.732981e+01  6.729648e+01 
 3.492096e+00  1.073751e+01  2.433635e+01  3.639951e+01  6.562345e+01 
 3.540774e+00  1.051873e+01  2.375396e+01  3.548863e+01  6.396943e+01 
 3.590130e+00  1.030889e+01  2.317146e+01  3.458249e+01  6.237041e+01 
 3.640175e+00  1.010420e+01  2.260881e+01  3.371904e+01  6.079365e+01 
 3.690917e+00  9.895395e+00  2.206592e+01  3.285953e+01  5.926711e+01 
 3.742366e+00  9.694052e+00  2.151753e+01  3.203133e+01  5.779634e+01 
 3.794533e+00  9.498798e+00  2.100125e+01  3.122628e+01  5.633868e+01 
 3.847427e+00  9.304858e+00  2.048110e+01  3.043981e+01  5.494123e+01 
 3.901058e+00  9.109842e+00  1.998508e+01  2.967409e+01  5.355761e+01 
 3.955436e+00  8.926301e+00  1.949233e+01  2.891491e+01  5.220618e+01 
 4.010573e+00  8.737098e+00  1.900789e+01  2.818478e+01  5.089546e+01 
 4.066478e+00  8.552895e+00  1.853329e+01  2.745909e+01  4.959390e+01 
 4.123163e+00  8.369776e+00  1.807210e+01  2.675183e+01  4.832633e+01 
 4.180637e+00  8.191987e+00  1.761830e+01  2.606249e+01  4.708178e+01 
 4.238913e+00  8.014381e+00  1.716855e+01  2.538561e+01  4.588093e+01 
 4.298001e+00  7.836743e+00  1.673379e+01  2.472926e+01  4.469517e+01 
 4.357913e+00  7.669415e+00  1.630838e+01  2.409017e+01  4.355279e+01 
 4.418660e+00  7.499540e+00  1.589574e+01  2.346259e+01  4.243739e+01 
 4.480254e+00  7.332705e+00  1.548963e+01  2.285289e+01  4.134547e+01 
 4.542706e+00  7.171426e+00  1.509207e+01  2.225729e+01  4.027987e+01 
 4.606029e+00  7.012058e+00  1.471214e+01  2.168429e+01  3.925557e+01 
 4.670234e+00  6.855750e+00  1.433784e+01  2.112899e+01  3.825721e+01 
 4.735335e+00  6.703314e+00  1.397474e+01  2.043039e+01  3.727873e+01 
 4.801343e+00  6.555745e+00  1.362221e+01  2.005538e+01  3.632327e+01 
 4.868271e+00  6.408797e+00  1.327698e+01  1.953836e+01  3.539538e+01 
 4.936132e+00  6.264761e+00  1.293820e+01  1.903538e+01  3.449035e+01 
 5.004939e+00  6.122477e+00  1.260875e+01  1.854222e+01  3.360201e+01 
 5.074705e+00  5.981545e+00  1.228424e+01  1.805834e+01  3.273511e+01 
 5.145444e+00  5.844391e+00  1.196852e+01  1.758720e+01  3.188897e+01 
 5.217169e+00  5.708278e+00  1.165769e+01  1.712612e+01  3.105312e+01 
 5.289893e+00  5.576851e+00  1.135670e+01  1.668052e+01  3.024545e+01 
 5.363631e+00  5.445471e+00  1.106246e+01  1.623974e+01  2.945634e+01 
 5.438397e+00  5.318356e+00  1.077498e+01  1.581419e+01  2.868415e+01 
 5.514206e+00  5.193211e+00  1.049539e+01  1.540015e+01  2.793611e+01 
 5.591071e+00  5.069694e+00  1.022483e+01  1.499586e+01  2.720886e+01 
 5.669007e+00  4.951525e+00  9.959474e+00  1.460590e+01  2.650045e+01 
 5.748030e+00  4.834662e+00  9.703367e+00  1.422473e+01  2.580969e+01 
 5.828155e+00  4.720964e+00  9.454015e+00  1.385566e+01  2.513976e+01 
 5.909396e+00  4.609825e+00  9.211090e+00  1.349636e+01  2.449092e+01 
 5.991770e+00  4.500982e+00  8.974203e+00  1.314628e+01  2.385683e+01 
 6.075292e+00  4.395086e+00  8.745270e+00  1.280665e+01  2.323879e+01 
 6.159978e+00  4.290880e+00  8.521173e+00  1.247525e+01  2.263673e+01 
 6.245845e+00  4.188705e+00  8.301888e+00  1.215109e+01  2.204482e+01 
 6.332908e+00  4.087956e+00  8.086123e+00  1.183238e+01  2.146593e+01 
 6.421186e+00  3.990069e+00  7.876676e+00  1.152122e+01  2.089964e+01 
 6.510694e+00  3.893337e+00  7.671477e+00  1.121912e+01  2.034741e+01 
 6.601449e+00  3.799387e+00  7.472234e+00  1.092377e+01  1.980967e+01 
 6.693470e+00  3.707028e+00  7.276955e+00  1.063482e+01  1.928377e+01 
 6.786773e+00  3.616759e+00  7.087947e+00  1.035427e+01  1.877216e+01 
 6.881377e+00  3.529191e+00  6.903527e+00  1.008171e+01  1.827288e+01 
 6.977300e+00  3.443615e+00  6.724688e+00  9.817648e+00  1.778953e+01 
 7.074559e+00  3.360362e+00  6.550246e+00  9.559250e+00  1.731821e+01 
 7.173175e+00  3.278917e+00  6.381390e+00  9.309569e+00  1.686148e+01 
 7.273165e+00  3.200011e+00  6.217571e+00  9.067237e+00  1.641660e+01 
 7.374549e+00  3.123007e+00  6.057685e+00  8.830439e+00  1.598494e+01 
 7.477346e+00  3.047768e+00  5.903139e+00  8.602286e+00  1.556527e+01 
 7.581576e+00  2.974972e+00  5.751574e+00  8.378467e+00  1.515585e+01 
 7.687260e+00  2.903490e+00  5.604459e+00  8.160581e+00  1.475718e+01 
 7.794416e+00  2.833398e+00  5.460434e+00  7.946470e+00  1.436611e+01 
 7.903066e+00  2.764889e+00  5.319218e+00  7.737302e+00  1.398243e+01 
 8.013230e+00  2.697810e+00  5.181976e+00  7.534691e+00  1.360879e+01 
 8.124930e+00  2.632063e+00  5.047821e+00  7.335747e+00  1.324315e+01 
 8.238187e+00  2.568165e+00  4.916628e+00  7.141435e+00  1.288752e+01 
 8.353023e+00  2.505628e+00  4.789292e+00  6.952880e+00  1.254041e+01 
 8.469460e+00  2.444863e+00  4.665363e+00  6.769272e+00  1.220294e+01 
 8.587519e+00  2.385627e+00  4.544632e+00  6.590703e+00  1.187481e+01 
 8.707225e+00  2.327989e+00  4.427088e+00  6.417235e+00  1.155576e+01 
 8.828599e+00  2.271950e+00  4.313666e+00  6.248607e+00  1.124533e+01 
 8.951665e+00  2.217344e+00  4.203258e+00  6.085036e+00  1.094471e+01 
 9.076446e+00  2.164418e+00  4.096156e+00  5.926715e+00  1.065317e+01 
 9.202967e+00  2.112983e+00  3.992012e+00  5.772720e+00  1.036923e+01 
 9.331251e+00  2.062893e+00  3.890724e+00  5.622810e+00  1.009348e+01 
 9.461324e+00  0.000000e+00  0.000000e+00  0.000000e+00  0.000000e+00 
 9.593209e+00  0.000000e+00  0.000000e+00  0.000000e+00  0.000000e+00 
 9.726934e+00  0.000000e+00  0.000000e+00  0.000000e+00  0.000000e+00 
 9.862522e+00  0.000000e+00  0.000000e+00  0.000000e+00  0.000000e+00 
 1.000000e+01  0.000000e+00  0.000000e+00  0.000000e+00  0.000000e+00 
