 1.000000e-02  6.025190e+03  1.121235e+04  1.534348e+04  2.323996e+04 
 1.013939e-02  6.054664e+03  1.126706e+04  1.541820e+04  2.335278e+04 
 1.028073e-02  6.083551e+03  1.132065e+04  1.549142e+04  2.346332e+04 
 1.042404e-02  6.111836e+03  1.137313e+04  1.556309e+04  2.357151e+04 
 1.056935e-02  6.139497e+03  1.142443e+04  1.563315e+04  2.367722e+04 
 1.071668e-02  6.166513e+03  1.147453e+04  1.570155e+04  2.378042e+04 
 1.086606e-02  6.192856e+03  1.152337e+04  1.576825e+04  2.388101e+04 
 1.101753e-02  6.218506e+03  1.157092e+04  1.583315e+04  2.397889e+04 
 1.117111e-02  6.243445e+03  1.161713e+04  1.589623e+04  2.407399e+04 
 1.132683e-02  6.267643e+03  1.166198e+04  1.595742e+04  2.416622e+04 
 1.148472e-02  6.291072e+03  1.170538e+04  1.601663e+04  2.425543e+04 
 1.164481e-02  6.313716e+03  1.174731e+04  1.607382e+04  2.434157e+04 
 1.180713e-02  6.335549e+03  1.178771e+04  1.612894e+04  2.442455e+04 
 1.197171e-02  6.356552e+03  1.182657e+04  1.618193e+04  2.450431e+04 
 1.213859e-02  6.376695e+03  1.186382e+04  1.623271e+04  2.458070e+04 
 1.230780e-02  6.395956e+03  1.189943e+04  1.628124e+04  2.465366e+04 
 1.247936e-02  6.414314e+03  1.193335e+04  1.632745e+04  2.472311e+04 
 1.265332e-02  6.431745e+03  1.196554e+04  1.637129e+04  2.478895e+04 
 1.282970e-02  6.448231e+03  1.199597e+04  1.641271e+04  2.485110e+04 
 1.300854e-02  6.463747e+03  1.202458e+04  1.645164e+04  2.490948e+04 
 1.318987e-02  6.478264e+03  1.205133e+04  1.648803e+04  2.496399e+04 
 1.337373e-02  6.491774e+03  1.207620e+04  1.652182e+04  2.501456e+04 
 1.356015e-02  6.504246e+03  1.209913e+04  1.655296e+04  2.506110e+04 
 1.374917e-02  6.515650e+03  1.212007e+04  1.658138e+04  2.510350e+04 
 1.394083e-02  6.525970e+03  1.213898e+04  1.660700e+04  2.514166e+04 
 1.413516e-02  6.535161e+03  1.215579e+04  1.662975e+04  2.517545e+04 
 1.433219e-02  6.543214e+03  1.217047e+04  1.664959e+04  2.520480e+04 
 1.453198e-02  6.550099e+03  1.218297e+04  1.666643e+04  2.522963e+04 
 1.473454e-02  6.555805e+03  1.219328e+04  1.668027e+04  2.524987e+04 
 1.493993e-02  6.560289e+03  1.220129e+04  1.669098e+04  2.526538e+04 
 1.514819e-02  6.563504e+03  1.220699e+04  1.669851e+04  2.527610e+04 
 1.535935e-02  6.565442e+03  1.221030e+04  1.670280e+04  2.528193e+04 
 1.557345e-02  6.566108e+03  1.221125e+04  1.670384e+04  2.528284e+04 
 1.579053e-02  6.565474e+03  1.220977e+04  1.670156e+04  2.527870e+04 
 1.601064e-02  6.563523e+03  1.220584e+04  1.669591e+04  2.526945e+04 
 1.623382e-02  6.560235e+03  1.219940e+04  1.668686e+04  2.525502e+04 
 1.646012e-02  6.555595e+03  1.219046e+04  1.667435e+04  2.523536e+04 
 1.668956e-02  6.549590e+03  1.217897e+04  1.665836e+04  2.521043e+04 
 1.692220e-02  6.542196e+03  1.216489e+04  1.663884e+04  2.518011e+04 
 1.715809e-02  6.533399e+03  1.214821e+04  1.661572e+04  2.514436e+04 
 1.739726e-02  6.523176e+03  1.212886e+04  1.658896e+04  2.510308e+04 
 1.763977e-02  6.511509e+03  1.210683e+04  1.655853e+04  2.505623e+04 
 1.788566e-02  6.498376e+03  1.208205e+04  1.652436e+04  2.500371e+04 
 1.813498e-02  6.483767e+03  1.205454e+04  1.648642e+04  2.494548e+04 
 1.838777e-02  6.467664e+03  1.202424e+04  1.644467e+04  2.488147e+04 
 1.864409e-02  6.450058e+03  1.199113e+04  1.639909e+04  2.481165e+04 
 1.890397e-02  6.430933e+03  1.195521e+04  1.634963e+04  2.473598e+04 
 1.916748e-02  6.410283e+03  1.191645e+04  1.629630e+04  2.465440e+04 
 1.943467e-02  6.388104e+03  1.187483e+04  1.623905e+04  2.456692e+04 
 1.970558e-02  6.364393e+03  1.183037e+04  1.617791e+04  2.447352e+04 
 1.998026e-02  6.339144e+03  1.178303e+04  1.611285e+04  2.437418e+04 
 2.025878e-02  6.312354e+03  1.173284e+04  1.604389e+04  2.426893e+04 
 2.054117e-02  6.284045e+03  1.167983e+04  1.597104e+04  2.415780e+04 
 2.082751e-02  6.254215e+03  1.162397e+04  1.589430e+04  2.404079e+04 
 2.111783e-02  6.222872e+03  1.156530e+04  1.581373e+04  2.391795e+04 
 2.141220e-02  6.190113e+03  1.150396e+04  1.572947e+04  2.378943e+04 
 2.171068e-02  6.156494e+03  1.144082e+04  1.564249e+04  2.365621e+04 
 2.201331e-02  6.121368e+03  1.137485e+04  1.555167e+04  2.351717e+04 
 2.232016e-02  6.084735e+03  1.130608e+04  1.545701e+04  2.337231e+04 
 2.263130e-02  6.046600e+03  1.123452e+04  1.535853e+04  2.322167e+04 
 2.294676e-02  6.006979e+03  1.116019e+04  1.525628e+04  2.306531e+04 
 2.326663e-02  5.965885e+03  1.108313e+04  1.515028e+04  2.290329e+04 
 2.359095e-02  5.923336e+03  1.100337e+04  1.504059e+04  2.273568e+04 
 2.391980e-02  5.879355e+03  1.092095e+04  1.492725e+04  2.256258e+04 
 2.425323e-02  5.833965e+03  1.083590e+04  1.481034e+04  2.238406e+04 
 2.459130e-02  5.787200e+03  1.074831e+04  1.468995e+04  2.220027e+04 
 2.493409e-02  5.739098e+03  1.065824e+04  1.456616e+04  2.201137e+04 
 2.528166e-02  5.689698e+03  1.056575e+04  1.443908e+04  2.181750e+04 
 2.563407e-02  5.639054e+03  1.047095e+04  1.430884e+04  2.161885e+04 
 2.599140e-02  5.587207e+03  1.037393e+04  1.417556e+04  2.141562e+04 
 2.635371e-02  5.534226e+03  1.027480e+04  1.403942e+04  2.120806e+04 
 2.672106e-02  5.480156e+03  1.017365e+04  1.390050e+04  2.099633e+04 
 2.709354e-02  5.425020e+03  1.007052e+04  1.375891e+04  2.078056e+04 
 2.747121e-02  5.368857e+03  9.965505e+03  1.361472e+04  2.056090e+04 
 2.785414e-02  5.311640e+03  9.858558e+03  1.346792e+04  2.033737e+04 
 2.824241e-02  5.253158e+03  9.749388e+03  1.331822e+04  2.010978e+04 
 2.863610e-02  5.193768e+03  9.638546e+03  1.316625e+04  1.987877e+04 
 2.903527e-02  5.133526e+03  9.526130e+03  1.301212e+04  1.964455e+04 
 2.944000e-02  5.072495e+03  9.412254e+03  1.285602e+04  1.940733e+04 
 2.985038e-02  5.010731e+03  9.297022e+03  1.269805e+04  1.916735e+04 
 3.026648e-02  4.948301e+03  9.180568e+03  1.253844e+04  1.892489e+04 
 3.068838e-02  4.885281e+03  9.063020e+03  1.237734e+04  1.868021e+04 
 3.111616e-02  4.821753e+03  8.944539e+03  1.221497e+04  1.843362e+04 
 3.154990e-02  4.757802e+03  8.825289e+03  1.205155e+04  1.818550e+04 
 3.198969e-02  4.693529e+03  8.705441e+03  1.188734e+04  1.793618e+04 
 3.243561e-02  4.629029e+03  8.585188e+03  1.172257e+04  1.768607e+04 
 3.288774e-02  4.564423e+03  8.464741e+03  1.155754e+04  1.743558e+04 
 3.334618e-02  4.499814e+03  8.344306e+03  1.139255e+04  1.718515e+04 
 3.381101e-02  4.435277e+03  8.224006e+03  1.122773e+04  1.693503e+04 
 3.428231e-02  4.370858e+03  8.103939e+03  1.106325e+04  1.668544e+04 
 3.476019e-02  4.306440e+03  7.984211e+03  1.089962e+04  1.643824e+04 
 3.524473e-02  4.242248e+03  7.864925e+03  1.073660e+04  1.619201e+04 
 3.573602e-02  4.178361e+03  7.746200e+03  1.057435e+04  1.594696e+04 
 3.623416e-02  4.114836e+03  7.628152e+03  1.041303e+04  1.570332e+04 
 3.673925e-02  4.051738e+03  7.510914e+03  1.025283e+04  1.546137e+04 
 3.725137e-02  3.989154e+03  7.394621e+03  1.009391e+04  1.522138e+04 
 3.777064e-02  3.927145e+03  7.279412e+03  9.936477e+03  1.498365e+04 
 3.829714e-02  3.865800e+03  7.165438e+03  9.780738e+03  1.474848e+04 
 3.883098e-02  3.805206e+03  7.052857e+03  9.626907e+03  1.451621e+04 
 3.937226e-02  3.745450e+03  6.941840e+03  9.475214e+03  1.428717e+04 
 3.992109e-02  3.686625e+03  6.832557e+03  9.325893e+03  1.406173e+04 
 4.047757e-02  3.628830e+03  6.725149e+03  9.179102e+03  1.384001e+04 
 4.104181e-02  3.572016e+03  6.619008e+03  9.033417e+03  1.361820e+04 
 4.161391e-02  3.516436e+03  6.515168e+03  8.890884e+03  1.340118e+04 
 4.219398e-02  3.462128e+03  6.413699e+03  8.751605e+03  1.318910e+04 
 4.278214e-02  3.409128e+03  6.314667e+03  8.615662e+03  1.298208e+04 
 4.337850e-02  3.357465e+03  6.218125e+03  8.483127e+03  1.278022e+04 
 4.398317e-02  3.307162e+03  6.124117e+03  8.354063e+03  1.258363e+04 
 4.459628e-02  3.258249e+03  6.032692e+03  8.228537e+03  1.239241e+04 
 4.521792e-02  3.210749e+03  5.943900e+03  8.106615e+03  1.220666e+04 
 4.584824e-02  3.164685e+03  5.857777e+03  7.988346e+03  1.202643e+04 
 4.648734e-02  3.120075e+03  5.774365e+03  7.873783e+03  1.185181e+04 
 4.713535e-02  3.077023e+03  5.694558e+03  7.764901e+03  1.168784e+04 
 4.779239e-02  3.035505e+03  5.618026e+03  7.660939e+03  1.153253e+04 
 4.845859e-02  2.995488e+03  5.544260e+03  7.560744e+03  1.138285e+04 
 4.913407e-02  2.956962e+03  5.473248e+03  7.464297e+03  1.123879e+04 
 4.981898e-02  2.919904e+03  5.404955e+03  7.371549e+03  1.110029e+04 
 5.051342e-02  2.884286e+03  5.339321e+03  7.282424e+03  1.096723e+04 
 5.121755e-02  2.850074e+03  5.276285e+03  7.196835e+03  1.083946e+04 
 5.193150e-02  2.817225e+03  5.215774e+03  7.114681e+03  1.071686e+04 
 5.265540e-02  2.785693e+03  5.157694e+03  7.035838e+03  1.059922e+04 
 5.338938e-02  2.755198e+03  5.101093e+03  6.958552e+03  1.048267e+04 
 5.413360e-02  2.725632e+03  5.045695e+03  6.882354e+03  1.036628e+04 
 5.488820e-02  2.697185e+03  4.992373e+03  6.808996e+03  1.025417e+04 
 5.565331e-02  2.669789e+03  4.941000e+03  6.738300e+03  1.014608e+04 
 5.642908e-02  2.643326e+03  4.891355e+03  6.669957e+03  1.004153e+04 
 5.721568e-02  2.617693e+03  4.843249e+03  6.603711e+03  9.940124e+03 
 5.801323e-02  2.592762e+03  4.796446e+03  6.539256e+03  9.841438e+03 
 5.882190e-02  2.568497e+03  4.750898e+03  6.476528e+03  9.745412e+03 
 5.964185e-02  2.544866e+03  4.706833e+03  6.416139e+03  9.653788e+03 
 6.047322e-02  2.522015e+03  4.665010e+03  6.359650e+03  9.570319e+03 
 6.131619e-02  2.499364e+03  4.623549e+03  6.303638e+03  9.487530e+03 
 6.217090e-02  2.476736e+03  4.582114e+03  6.247644e+03  9.404711e+03 
 6.303753e-02  2.454047e+03  4.540549e+03  6.191459e+03  9.321558e+03 
 6.391624e-02  2.431123e+03  4.498542e+03  6.134669e+03  9.237485e+03 
 6.480720e-02  2.407850e+03  4.455900e+03  6.077013e+03  9.152120e+03 
 6.571058e-02  2.384049e+03  4.412286e+03  6.018041e+03  9.064798e+03 
 6.662655e-02  2.358507e+03  4.363626e+03  5.950258e+03  8.958792e+03 
 6.755528e-02  2.332125e+03  4.313371e+03  5.880252e+03  8.849319e+03 
 6.849697e-02  2.304825e+03  4.261430e+03  5.807966e+03  8.736470e+03 
 6.945178e-02  2.276494e+03  4.207598e+03  5.733125e+03  8.619840e+03 
 7.041990e-02  2.247014e+03  4.151666e+03  5.655445e+03  8.499014e+03 
 7.140151e-02  2.216297e+03  4.093467e+03  5.574707e+03  8.373678e+03 
 7.239681e-02  2.184555e+03  4.033686e+03  5.492179e+03  8.246821e+03 
 7.340598e-02  2.151777e+03  3.972358e+03  5.407980e+03  8.118830e+03 
 7.442922e-02  2.117583e+03  3.908439e+03  5.320274e+03  7.985642e+03 
 7.546673e-02  2.081953e+03  3.841887e+03  5.229009e+03  7.847185e+03 
 7.651869e-02  2.044896e+03  3.772720e+03  5.134215e+03  7.703503e+03 
 7.758532e-02  2.006445e+03  3.701011e+03  5.035988e+03  7.554749e+03 
 7.866682e-02  1.967438e+03  3.629367e+03  4.938948e+03  7.410609e+03 
 7.976339e-02  1.928444e+03  3.559482e+03  4.846048e+03  7.277188e+03 
 8.087525e-02  1.888246e+03  3.487325e+03  4.750005e+03  7.138918e+03 
 8.200261e-02  1.846976e+03  3.413126e+03  4.651127e+03  6.996250e+03 
 8.314568e-02  1.804786e+03  3.337169e+03  4.549797e+03  6.849742e+03 
 8.430468e-02  1.761853e+03  3.259774e+03  4.446441e+03  6.700020e+03 
 8.547985e-02  1.717759e+03  3.179164e+03  4.337658e+03  6.539530e+03 
 8.667139e-02  1.673072e+03  3.096956e+03  4.226204e+03  6.373787e+03 
 8.787954e-02  1.628316e+03  3.014608e+03  4.114540e+03  6.207667e+03 
 8.910453e-02  1.583734e+03  2.932563e+03  4.003271e+03  6.042071e+03 
 9.034660e-02  1.539569e+03  2.851277e+03  3.893011e+03  5.877919e+03 
 9.160598e-02  1.496727e+03  2.773365e+03  3.788230e+03  5.724143e+03 
 9.288292e-02  1.455371e+03  2.699002e+03  3.689043e+03  5.580617e+03 
 9.417766e-02  1.415092e+03  2.626539e+03  3.592341e+03  5.440560e+03 
 9.549045e-02  1.376113e+03  2.556383e+03  3.498688e+03  5.304826e+03 
 9.682153e-02  1.338639e+03  2.488922e+03  3.408612e+03  5.174220e+03 
 9.817117e-02  1.303142e+03  2.425469e+03  3.324319e+03  5.053048e+03 
 9.953962e-02  1.269590e+03  2.365680e+03  3.245069e+03  4.939567e+03 
 1.009272e-01  1.238017e+03  2.309462e+03  3.170591e+03  4.833006e+03 
 1.023340e-01  1.208531e+03  2.257020e+03  3.101172e+03  4.733835e+03 
 1.037605e-01  1.180629e+03  2.206723e+03  3.033941e+03  4.636190e+03 
 1.052069e-01  1.152774e+03  2.153793e+03  2.960591e+03  4.523339e+03 
 1.066734e-01  1.127206e+03  2.105152e+03  2.893130e+03  4.419440e+03 
 1.081604e-01  1.103881e+03  2.060713e+03  2.831436e+03  4.324303e+03 
 1.096681e-01  1.082714e+03  2.020310e+03  2.775285e+03  4.237589e+03 
 1.111968e-01  1.063655e+03  1.984013e+03  2.724763e+03  4.158965e+03 
 1.127468e-01  1.046480e+03  1.951245e+03  2.679081e+03  4.087677e+03 
 1.143184e-01  1.030992e+03  1.921626e+03  2.637715e+03  4.022954e+03 
 1.159120e-01  1.016965e+03  1.894737e+03  2.600095e+03  3.963933e+03 
 1.175277e-01  1.004718e+03  1.871716e+03  2.568194e+03  3.914311e+03 
 1.191660e-01  9.934460e+02  1.850562e+03  2.538889e+03  3.868706e+03 
 1.208271e-01  9.828001e+02  1.830581e+03  2.511195e+03  3.825565e+03 
 1.225114e-01  9.724203e+02  1.811060e+03  2.484118e+03  3.783391e+03 
 1.242191e-01  9.615472e+02  1.790209e+03  2.455016e+03  3.738176e+03 
 1.259506e-01  9.503591e+02  1.768790e+03  2.425156e+03  3.691860e+03 
 1.277063e-01  9.385623e+02  1.746261e+03  2.393796e+03  3.643326e+03 
 1.294865e-01  9.261797e+02  1.722857e+03  2.361329e+03  3.593024e+03 
 1.312915e-01  9.130167e+02  1.698245e+03  2.327310e+03  3.540267e+03 
 1.331216e-01  8.985353e+02  1.671205e+03  2.289999e+03  3.482603e+03 
 1.349772e-01  8.826299e+02  1.641581e+03  2.249227e+03  3.419906e+03 
 1.368587e-01  8.662740e+02  1.612886e+03  2.211747e+03  3.367987e+03 
 1.387665e-01  8.483616e+02  1.581264e+03  2.170230e+03  3.309860e+03 
 1.407008e-01  8.289608e+02  1.546829e+03  2.124819e+03  3.245709e+03 
 1.426621e-01  8.091836e+02  1.512303e+03  2.079480e+03  3.181298e+03 
 1.446507e-01  7.885259e+02  1.476253e+03  2.032055e+03  3.113470e+03 
 1.466671e-01  7.669125e+02  1.438302e+03  1.981935e+03  3.041345e+03 
 1.487115e-01  7.430610e+02  1.394562e+03  1.922768e+03  2.953778e+03 
 1.507845e-01  7.179074e+02  1.347327e+03  1.858073e+03  2.856644e+03 
 1.528864e-01  6.929465e+02  1.300446e+03  1.793840e+03  2.760085e+03 
 1.550175e-01  6.702428e+02  1.259669e+03  1.739513e+03  2.681683e+03 
 1.571784e-01  6.495301e+02  1.223826e+03  1.692939e+03  2.617035e+03 
 1.593694e-01  6.298620e+02  1.189749e+03  1.648616e+03  2.555406e+03 
 1.615909e-01  6.120091e+02  1.159278e+03  1.609270e+03  2.501024e+03 
 1.638434e-01  5.958802e+02  1.132036e+03  1.574294e+03  2.453005e+03 
 1.661273e-01  5.814172e+02  1.107761e+03  1.543270e+03  2.410754e+03 
 1.684430e-01  5.659127e+02  1.078895e+03  1.504066e+03  2.352959e+03 
 1.707910e-01  5.519255e+02  1.052558e+03  1.468118e+03  2.299744e+03 
 1.731717e-01  5.400800e+02  1.030528e+03  1.438223e+03  2.255743e+03 
 1.755856e-01  5.312966e+02  1.015373e+03  1.418314e+03  2.226828e+03 
 1.780332e-01  5.238919e+02  1.002811e+03  1.401984e+03  2.203455e+03 
 1.805149e-01  5.159692e+02  9.872028e+02  1.379643e+03  2.167144e+03 
 1.830312e-01  5.079010e+02  9.700951e+02  1.354162e+03  2.123827e+03 
 1.855825e-01  5.003724e+02  9.542054e+02  1.330615e+03  2.084121e+03 
 1.881694e-01  4.931443e+02  9.399372e+02  1.310655e+03  2.053353e+03 
 1.907924e-01  4.856494e+02  9.252037e+02  1.290080e+03  2.021691e+03 
 1.934520e-01  4.771445e+02  9.084644e+02  1.266864e+03  1.987072e+03 
 1.961486e-01  4.676591e+02  8.898733e+02  1.241150e+03  1.948985e+03 
 1.988828e-01  4.582266e+02  8.721343e+02  1.216925e+03  1.913079e+03 
 2.016551e-01  4.492319e+02  8.562820e+02  1.195740e+03  1.881684e+03 
 2.044661e-01  4.390224e+02  8.379465e+02  1.170967e+03  1.844449e+03 
 2.073162e-01  4.273444e+02  8.158079e+02  1.140099e+03  1.796376e+03 
 2.102061e-01  4.148757e+02  7.921524e+02  1.107113e+03  1.744946e+03 
 2.131362e-01  4.052680e+02  7.779899e+02  1.090412e+03  1.723886e+03 
 2.161073e-01  3.954910e+02  7.635098e+02  1.073277e+03  1.702131e+03 
 2.191197e-01  3.834215e+02  7.426331e+02  1.046310e+03  1.665459e+03 
 2.221741e-01  3.712081e+02  7.209193e+02  1.017861e+03  1.626277e+03 
 2.252711e-01  3.602064e+02  7.020219e+02  9.936658e+02  1.593845e+03 
 2.284112e-01  3.503043e+02  6.853027e+02  9.725321e+02  1.566048e+03 
 2.315951e-01  3.416350e+02  6.700561e+02  9.521298e+02  1.535431e+03 
 2.348235e-01  3.342083e+02  6.568629e+02  9.341376e+02  1.507269e+03 
 2.380968e-01  3.261054e+02  6.409575e+02  9.117109e+02  1.472396e+03 
 2.414157e-01  3.186101e+02  6.258915e+02  8.903220e+02  1.439277e+03 
 2.447809e-01  3.114295e+02  6.116119e+02  8.703416e+02  1.408287e+03 
 2.481930e-01  3.049262e+02  5.987270e+02  8.523765e+02  1.380490e+03 
 2.516527e-01  3.011837e+02  5.921204e+02  8.432260e+02  1.365787e+03 
 2.551606e-01  2.966655e+02  5.836172e+02  8.313348e+02  1.347119e+03 
 2.587174e-01  2.893914e+02  5.684842e+02  8.098544e+02  1.314398e+03 
 2.623238e-01  2.832051e+02  5.565610e+02  7.933841e+02  1.289784e+03 
 2.659804e-01  2.780697e+02  5.478583e+02  7.819700e+02  1.273331e+03 
 2.696881e-01  2.710417e+02  5.347548e+02  7.641210e+02  1.246243e+03 
 2.734474e-01  2.631435e+02  5.197939e+02  7.436128e+02  1.214870e+03 
 2.772591e-01  2.568979e+02  5.094080e+02  7.305572e+02  1.197897e+03 
 2.811239e-01  2.501802e+02  4.976652e+02  7.154045e+02  1.178146e+03 
 2.850426e-01  2.431719e+02  4.848072e+02  6.984768e+02  1.156468e+03 
 2.890160e-01  2.366449e+02  4.737260e+02  6.841882e+02  1.136163e+03 
 2.930447e-01  2.305499e+02  4.632014e+02  6.701226e+02  1.114389e+03 
 2.971296e-01  2.249278e+02  4.523015e+02  6.538429e+02  1.085745e+03 
 3.012714e-01  2.199548e+02  4.436396e+02  6.423458e+02  1.068755e+03 
 3.054710e-01  2.152921e+02  4.357175e+02  6.323871e+02  1.055703e+03 
 3.097291e-01  2.099563e+02  4.255422e+02  6.186932e+02  1.036273e+03 
 3.140465e-01  2.052302e+02  4.158476e+02  6.046041e+02  1.012828e+03 
 3.184242e-01  2.010958e+02  4.074312e+02  5.923386e+02  9.923633e+02 
 3.228628e-01  1.977331e+02  4.014907e+02  5.846155e+02  9.824948e+02 
 3.273634e-01  1.930818e+02  3.918942e+02  5.706062e+02  9.595884e+02 
 3.319266e-01  1.881594e+02  3.821037e+02  5.568628e+02  9.385107e+02 
 3.365535e-01  1.832711e+02  3.731168e+02  5.450739e+02  9.223723e+02 
 3.412449e-01  1.796882e+02  3.681693e+02  5.391568e+02  9.129754e+02 
 3.460016e-01  1.757468e+02  3.616110e+02  5.306188e+02  9.007888e+02 
 3.508247e-01  1.718210e+02  3.545215e+02  5.210407e+02  8.864629e+02 
 3.557150e-01  1.679937e+02  3.473601e+02  5.112252e+02  8.710530e+02 
 3.606735e-01  1.636623e+02  3.395664e+02  5.009015e+02  8.564408e+02 
 3.657011e-01  1.586911e+02  3.300217e+02  4.876446e+02  8.374468e+02 
 3.707988e-01  1.546998e+02  3.222165e+02  4.768328e+02  8.211275e+02 
 3.759675e-01  1.511422e+02  3.152623e+02  4.671561e+02  8.063187e+02 
 3.812083e-01  1.476120e+02  3.087354e+02  4.582327e+02  7.929224e+02 
 3.865221e-01  1.446759e+02  3.043227e+02  4.531650e+02  7.849225e+02 
 3.919100e-01  1.415808e+02  2.970236e+02  4.418624e+02  7.686049e+02 
 3.973730e-01  1.381224e+02  2.909887e+02  4.341679e+02  7.563285e+02 
 4.029122e-01  1.352249e+02  2.863040e+02  4.276493e+02  7.443416e+02 
 4.085286e-01  1.323204e+02  2.800488e+02  4.185332e+02  7.308509e+02 
 4.142232e-01  1.288468e+02  2.728377e+02  4.087449e+02  7.180883e+02 
 4.199973e-01  1.253967e+02  2.667091e+02  4.008185e+02  7.063443e+02 
 4.258518e-01  1.225765e+02  2.614296e+02  3.933080e+02  6.934159e+02 
 4.317880e-01  1.196125e+02  2.556509e+02  3.846990e+02  6.797225e+02 
 4.378069e-01  1.170304e+02  2.503978e+02  3.770763e+02  6.669335e+02 
 4.439097e-01  1.149019e+02  2.470218e+02  3.729496e+02  6.626351e+02 
 4.500975e-01  1.117102e+02  2.409723e+02  3.646265e+02  6.501668e+02 
 4.563716e-01  1.090231e+02  2.353061e+02  3.563334e+02  6.353786e+02 
 4.627332e-01  1.072524e+02  2.327805e+02  3.535462e+02  6.326753e+02 
 4.691835e-01  1.044069e+02  2.270544e+02  3.453181e+02  6.188515e+02 
 4.757236e-01  1.023370e+02  2.228768e+02  3.394405e+02  6.095276e+02 
 4.823549e-01  9.951904e+01  2.170928e+02  3.311112e+02  5.976193e+02 
 4.890787e-01  9.723117e+01  2.125193e+02  3.248514e+02  5.877752e+02 
 4.958962e-01  9.547008e+01  2.090649e+02  3.194982e+02  5.778305e+02 
 5.028087e-01  9.315813e+01  2.050060e+02  3.139634e+02  5.695381e+02 
 5.098176e-01  9.130350e+01  2.015160e+02  3.089504e+02  5.598557e+02 
 5.169242e-01  8.959588e+01  1.982370e+02  3.044297e+02  5.536055e+02 
 5.241298e-01  8.657699e+01  1.929281e+02  2.977759e+02  5.451743e+02 
 5.314359e-01  8.495717e+01  1.904496e+02  2.944404e+02  5.395744e+02 
 5.388438e-01  8.306286e+01  1.860735e+02  2.877930e+02  5.291468e+02 
 5.463550e-01  8.144415e+01  1.828811e+02  2.830336e+02  5.209919e+02 
 5.539709e-01  7.912146e+01  1.786097e+02  2.775109e+02  5.124847e+02 
 5.616930e-01  7.759135e+01  1.755862e+02  2.731804e+02  5.058650e+02 
 5.695227e-01  7.593573e+01  1.727381e+02  2.696234e+02  4.989018e+02 
 5.774615e-01  7.412168e+01  1.685246e+02  2.632145e+02  4.892283e+02 
 5.855110e-01  7.269268e+01  1.658854e+02  2.592503e+02  4.822372e+02 
 5.936727e-01  7.092220e+01  1.617947e+02  2.533338e+02  4.731584e+02 
 6.019482e-01  6.958972e+01  1.596321e+02  2.499566e+02  4.668162e+02 
 6.103390e-01  6.782665e+01  1.565183e+02  2.459347e+02  4.598905e+02 
 6.188468e-01  6.623813e+01  1.537037e+02  2.431102e+02  4.577658e+02 
 6.274732e-01  6.501750e+01  1.506178e+02  2.377653e+02  4.486216e+02 
 6.362198e-01  6.357643e+01  1.481318e+02  2.342441e+02  4.418644e+02 
 6.450884e-01  6.198019e+01  1.451608e+02  2.300705e+02  4.345357e+02 
 6.540806e-01  6.060700e+01  1.418542e+02  2.249940e+02  4.267478e+02 
 6.631981e-01  5.914459e+01  1.393549e+02  2.221656e+02  4.221405e+02 
 6.724427e-01  5.791608e+01  1.367242e+02  2.183910e+02  4.171897e+02 
 6.818162e-01  5.654904e+01  1.340729e+02  2.138518e+02  4.084840e+02 
 6.913204e-01  5.524114e+01  1.313602e+02  2.102646e+02  4.024966e+02 
 7.009570e-01  5.437738e+01  1.292262e+02  2.070489e+02  3.969706e+02 
 7.107280e-01  5.287098e+01  1.268168e+02  2.037513e+02  3.905208e+02 
 7.206351e-01  5.197112e+01  1.246573e+02  2.007611e+02  3.867281e+02 
 7.306804e-01  5.082287e+01  1.226211e+02  1.974432e+02  3.796208e+02 
 7.408657e-01  4.962179e+01  1.200268e+02  1.936887e+02  3.743668e+02 
 7.511929e-01  4.849415e+01  1.176411e+02  1.905495e+02  3.690656e+02 
 7.616642e-01  4.749745e+01  1.153468e+02  1.872068e+02  3.639250e+02 
 7.722814e-01  4.676339e+01  1.140591e+02  1.850489e+02  3.588542e+02 
 7.830465e-01  4.572224e+01  1.117010e+02  1.816239e+02  3.538829e+02 
 7.939618e-01  4.479116e+01  1.100999e+02  1.791214e+02  3.495568e+02 
 8.050292e-01  4.372446e+01  1.078308e+02  1.764004e+02  3.449629e+02 
 8.162509e-01  4.286217e+01  1.061213e+02  1.733953e+02  3.386824e+02 
 8.276289e-01  4.175238e+01  1.038204e+02  1.702690e+02  3.340397e+02 
 8.391656e-01  4.112796e+01  1.024615e+02  1.676659e+02  3.296958e+02 
 8.508632e-01  4.031881e+01  1.005633e+02  1.652004e+02  3.251868e+02 
 8.627237e-01  3.934251e+01  9.876244e+01  1.624937e+02  3.198140e+02 
 8.747496e-01  3.855582e+01  9.690867e+01  1.598497e+02  3.153444e+02 
 8.869432e-01  3.780674e+01  9.539980e+01  1.575249e+02  3.113169e+02 
 8.993067e-01  3.695878e+01  9.373136e+01  1.549836e+02  3.064759e+02 
 9.118425e-01  3.633329e+01  9.201213e+01  1.522132e+02  3.009550e+02 
 9.245531e-01  3.546356e+01  9.036358e+01  1.496795e+02  2.971878e+02 
 9.374409e-01  3.470630e+01  8.879522e+01  1.475291e+02  2.931685e+02 
 9.505083e-01  3.405475e+01  8.724957e+01  1.451993e+02  2.887957e+02 
 9.637579e-01  3.327307e+01  8.548765e+01  1.424974e+02  2.843046e+02 
 9.771921e-01  3.273451e+01  8.483958e+01  1.410750e+02  2.804548e+02 
 9.908137e-01  3.203869e+01  8.311722e+01  1.385654e+02  2.764236e+02 
 1.004625e+00  3.135674e+01  8.146301e+01  1.360438e+02  2.717159e+02 
 1.018629e+00  3.077866e+01  8.022771e+01  1.340223e+02  2.675474e+02 
 1.032828e+00  3.010843e+01  7.879565e+01  1.320752e+02  2.643693e+02 
 1.047225e+00  2.945331e+01  7.752422e+01  1.298646e+02  2.596458e+02 
 1.061823e+00  2.892538e+01  7.638432e+01  1.279902e+02  2.559659e+02 
 1.076624e+00  2.832390e+01  7.506256e+01  1.259771e+02  2.520351e+02 
 1.091632e+00  2.780150e+01  7.372119e+01  1.240714e+02  2.480501e+02 
 1.106848e+00  2.720379e+01  7.235538e+01  1.219765e+02  2.444907e+02 
 1.122277e+00  2.665851e+01  7.126782e+01  1.199132e+02  2.402886e+02 
 1.137921e+00  2.611454e+01  6.993556e+01  1.179399e+02  2.366122e+02 
 1.153783e+00  2.562869e+01  6.878738e+01  1.161078e+02  2.330945e+02 
 1.169866e+00  2.515026e+01  6.769656e+01  1.142896e+02  2.298073e+02 
 1.186174e+00  2.463333e+01  6.662751e+01  1.124910e+02  2.260171e+02 
 1.202708e+00  2.417394e+01  6.550630e+01  1.107686e+02  2.226199e+02 
 1.219473e+00  2.372533e+01  6.445785e+01  1.091364e+02  2.188134e+02 
 1.236472e+00  2.325395e+01  6.340429e+01  1.074770e+02  2.156308e+02 
 1.253708e+00  2.281873e+01  6.232945e+01  1.055336e+02  2.121406e+02 
 1.271184e+00  2.238842e+01  6.148658e+01  1.042269e+02  2.088731e+02 
 1.288904e+00  2.195247e+01  6.024548e+01  1.022787e+02  2.056669e+02 
 1.306870e+00  2.151671e+01  5.923532e+01  1.006024e+02  2.020610e+02 
 1.325087e+00  2.114102e+01  5.830146e+01  9.906967e+01  1.986361e+02 
 1.343558e+00  2.073793e+01  5.730532e+01  9.744226e+01  1.953936e+02 
 1.362287e+00  2.036089e+01  5.632533e+01  9.574056e+01  1.920078e+02 
 1.381276e+00  1.996266e+01  5.542874e+01  9.400353e+01  1.886705e+02 
 1.400531e+00  1.959899e+01  5.450361e+01  9.253932e+01  1.853757e+02 
 1.420053e+00  1.921922e+01  5.350780e+01  9.104763e+01  1.821256e+02 
 1.439848e+00  1.886786e+01  5.269232e+01  8.944784e+01  1.790754e+02 
 1.459919e+00  1.849652e+01  5.178691e+01  8.795481e+01  1.758011e+02 
 1.480269e+00  1.818268e+01  5.084183e+01  8.634737e+01  1.724544e+02 
 1.500903e+00  1.785552e+01  5.003244e+01  8.487980e+01  1.696999e+02 
 1.521825e+00  1.751524e+01  4.923433e+01  8.353199e+01  1.666023e+02 
 1.543038e+00  1.718181e+01  4.838530e+01  8.215535e+01  1.638388e+02 
 1.564548e+00  1.689123e+01  4.757588e+01  8.072973e+01  1.607433e+02 
 1.586357e+00  1.658396e+01  4.680702e+01  7.934599e+01  1.577932e+02 
 1.608469e+00  1.626052e+01  4.600624e+01  7.795227e+01  1.550383e+02 
 1.630891e+00  1.600954e+01  4.515344e+01  7.642140e+01  1.518439e+02 
 1.653624e+00  1.569405e+01  4.436335e+01  7.515036e+01  1.492733e+02 
 1.676675e+00  1.540246e+01  4.366296e+01  7.387417e+01  1.463312e+02 
 1.700047e+00  1.511990e+01  4.291749e+01  7.254573e+01  1.436361e+02 
 1.723745e+00  1.486681e+01  4.213952e+01  7.124713e+01  1.407142e+02 
 1.747773e+00  1.457604e+01  4.137950e+01  6.991902e+01  1.379532e+02 
 1.772136e+00  1.431476e+01  4.067934e+01  6.861428e+01  1.353812e+02 
 1.796838e+00  1.406446e+01  3.995205e+01  6.735506e+01  1.326903e+02 
 1.821885e+00  1.383949e+01  3.924441e+01  6.608135e+01  1.301417e+02 
 1.847281e+00  1.357538e+01  3.860211e+01  6.494806e+01  1.275811e+02 
 1.873032e+00  1.333944e+01  3.790952e+01  6.361883e+01  1.250769e+02 
 1.899141e+00  1.310131e+01  3.719058e+01  6.245332e+01  1.225685e+02 
 1.925614e+00  1.287996e+01  3.654552e+01  6.130478e+01  1.200119e+02 
 1.952456e+00  1.268394e+01  3.593201e+01  6.018567e+01  1.175621e+02 
 1.979672e+00  1.243137e+01  3.530848e+01  5.903368e+01  1.151730e+02 
 2.007267e+00  1.222654e+01  3.466178e+01  5.782327e+01  1.128538e+02 
 2.035248e+00  1.199950e+01  3.399518e+01  5.668143e+01  1.104025e+02 
 2.063618e+00  1.178575e+01  3.334916e+01  5.554714e+01  1.080377e+02 
 2.092383e+00  1.158552e+01  3.272799e+01  5.442040e+01  1.057187e+02 
 2.121550e+00  1.137155e+01  3.210213e+01  5.332571e+01  1.034650e+02 
 2.151123e+00  1.117491e+01  3.151050e+01  5.222680e+01  1.011512e+02 
 2.181109e+00  1.097434e+01  3.088537e+01  5.116550e+01  9.899199e+01 
 2.211512e+00  1.078521e+01  3.028160e+01  5.007617e+01  9.675412e+01 
 2.242340e+00  1.059491e+01  2.972957e+01  4.907458e+01  9.464046e+01 
 2.273597e+00  1.039864e+01  2.915710e+01  4.801706e+01  9.251426e+01 
 2.305289e+00  1.022778e+01  2.858099e+01  4.703031e+01  9.047299e+01 
 2.337424e+00  1.005163e+01  2.801659e+01  4.602098e+01  8.847115e+01 
 2.370006e+00  9.870802e+00  2.746636e+01  4.505434e+01  8.651919e+01 
 2.403043e+00  9.686481e+00  2.693109e+01  4.407048e+01  8.452455e+01 
 2.436540e+00  9.523864e+00  2.640904e+01  4.313546e+01  8.257950e+01 
 2.470504e+00  9.355620e+00  2.588111e+01  4.218542e+01  8.066794e+01 
 2.504942e+00  9.191957e+00  2.537050e+01  4.128067e+01  7.882796e+01 
 2.539859e+00  9.035224e+00  2.484477e+01  4.035594e+01  7.693746e+01 
 2.575263e+00  8.866392e+00  2.431906e+01  3.948512e+01  7.518032e+01 
 2.611161e+00  8.713263e+00  2.382951e+01  3.857174e+01  7.340107e+01 
 2.647559e+00  8.557360e+00  2.333089e+01  3.768754e+01  7.161988e+01 
 2.684465e+00  8.403139e+00  2.285766e+01  3.683344e+01  6.990490e+01 
 2.721885e+00  8.245980e+00  2.235144e+01  3.598981e+01  6.823439e+01 
 2.759826e+00  8.099394e+00  2.187111e+01  3.514928e+01  6.658142e+01 
 2.798297e+00  7.950322e+00  2.141011e+01  3.433679e+01  6.500369e+01 
 2.837304e+00  7.807277e+00  2.094753e+01  3.353687e+01  6.343533e+01 
 2.876854e+00  7.663920e+00  2.048830e+01  3.275543e+01  6.190145e+01 
 2.916956e+00  7.525714e+00  2.005179e+01  3.199097e+01  6.035836e+01 
 2.957617e+00  7.390709e+00  1.961878e+01  3.125137e+01  5.889424e+01 
 2.998844e+00  7.255743e+00  1.919418e+01  3.051419e+01  5.744665e+01 
 3.040646e+00  7.122930e+00  1.877035e+01  2.977840e+01  5.606581e+01 
 3.083031e+00  6.993008e+00  1.834790e+01  2.906938e+01  5.467646e+01 
 3.126007e+00  6.865452e+00  1.794987e+01  2.837510e+01  5.330927e+01 
 3.169582e+00  6.737548e+00  1.753622e+01  2.766903e+01  5.197836e+01 
 3.213764e+00  6.611385e+00  1.713926e+01  2.699736e+01  5.067574e+01 
 3.258562e+00  6.485268e+00  1.675430e+01  2.633882e+01  4.939694e+01 
 3.303985e+00  6.362853e+00  1.636107e+01  2.568333e+01  4.814819e+01 
 3.350041e+00  6.243024e+00  1.597705e+01  2.504551e+01  4.692296e+01 
 3.396739e+00  6.122025e+00  1.560463e+01  2.442795e+01  4.572170e+01 
 3.444087e+00  6.005129e+00  1.523685e+01  2.380194e+01  4.455036e+01 
 3.492096e+00  5.890586e+00  1.488084e+01  2.321578e+01  4.342579e+01 
 3.540774e+00  5.773054e+00  1.453123e+01  2.263634e+01  4.231607e+01 
 3.590130e+00  5.663109e+00  1.418597e+01  2.206192e+01  4.124291e+01 
 3.640175e+00  5.553745e+00  1.385097e+01  2.151529e+01  4.019491e+01 
 3.690917e+00  5.444173e+00  1.352830e+01  2.096296e+01  3.915979e+01 
 3.742366e+00  5.337858e+00  1.319750e+01  2.043752e+01  3.816896e+01 
 3.794533e+00  5.234117e+00  1.288488e+01  1.992237e+01  3.718718e+01 
 3.847427e+00  5.129661e+00  1.257254e+01  1.941183e+01  3.623884e+01 
 3.901058e+00  5.026193e+00  1.226755e+01  1.891808e+01  3.529622e+01 
 3.955436e+00  4.928337e+00  1.196873e+01  1.842541e+01  3.437374e+01 
 4.010573e+00  4.826116e+00  1.167312e+01  1.795422e+01  3.348940e+01 
 4.066478e+00  4.727280e+00  1.138123e+01  1.748576e+01  3.260779e+01 
 4.123163e+00  4.629545e+00  1.110151e+01  1.702981e+01  3.175271e+01 
 4.180637e+00  4.535240e+00  1.082673e+01  1.658873e+01  3.091832e+01 
 4.238913e+00  4.440781e+00  1.055310e+01  1.615327e+01  3.011222e+01 
 4.298001e+00  4.346392e+00  1.028827e+01  1.573367e+01  2.931940e+01 
 4.357913e+00  4.257377e+00  1.002893e+01  1.532314e+01  2.855675e+01 
 4.418660e+00  4.167874e+00  9.779932e+00  1.492169e+01  2.781440e+01 
 4.480254e+00  4.079037e+00  9.533398e+00  1.453211e+01  2.708717e+01 
 4.542706e+00  3.993817e+00  9.292272e+00  1.415196e+01  2.638126e+01 
 4.606029e+00  3.908680e+00  9.060534e+00  1.378386e+01  2.569897e+01 
 4.670234e+00  3.825013e+00  8.831832e+00  1.343007e+01  2.503418e+01 
 4.735335e+00  3.743664e+00  8.609760e+00  1.308012e+01  2.438121e+01 
 4.801343e+00  3.664353e+00  8.393825e+00  1.273927e+01  2.374112e+01 
 4.868271e+00  3.584416e+00  8.179167e+00  1.240378e+01  2.311694e+01 
 4.936132e+00  3.506383e+00  7.969035e+00  1.207642e+01  2.250854e+01 
 5.004939e+00  3.428825e+00  7.764612e+00  1.175754e+01  2.191152e+01 
 5.074705e+00  3.352207e+00  7.564759e+00  1.144483e+01  2.133376e+01 
 5.145444e+00  3.278435e+00  7.369498e+00  1.114144e+01  2.076810e+01 
 5.217169e+00  3.204386e+00  7.177717e+00  1.084578e+01  2.021313e+01 
 5.289893e+00  3.133402e+00  6.992335e+00  1.056026e+01  1.968116e+01 
 5.363631e+00  3.062151e+00  6.811281e+00  1.027883e+01  1.915834e+01 
 5.438397e+00  2.993373e+00  6.634513e+00  1.000743e+01  1.864981e+01 
 5.514206e+00  2.925722e+00  6.463090e+00  9.743163e+00  1.815821e+01 
 5.591071e+00  2.858715e+00  6.296864e+00  9.486262e+00  1.767869e+01 
 5.669007e+00  2.794656e+00  6.134634e+00  9.237628e+00  1.721696e+01 
 5.748030e+00  2.731024e+00  5.976615e+00  8.994678e+00  1.676272e+01 
 5.828155e+00  2.668845e+00  5.823101e+00  8.759497e+00  1.632343e+01 
 5.909396e+00  2.607830e+00  5.672966e+00  8.529847e+00  1.589555e+01 
 5.991770e+00  2.547663e+00  5.526038e+00  8.304733e+00  1.547704e+01 
 6.075292e+00  2.488651e+00  5.382908e+00  8.086093e+00  1.506472e+01 
 6.159978e+00  2.430603e+00  5.242369e+00  7.871632e+00  1.466479e+01 
 6.245845e+00  2.373801e+00  5.105564e+00  7.662983e+00  1.427423e+01 
 6.332908e+00  2.317773e+00  4.971490e+00  7.458636e+00  1.389150e+01 
 6.421186e+00  2.263154e+00  4.841410e+00  7.259581e+00  1.351923e+01 
 6.510694e+00  2.209464e+00  4.714445e+00  7.066512e+00  1.315732e+01 
 6.601449e+00  2.157345e+00  4.591175e+00  6.878587e+00  1.280473e+01 
 6.693470e+00  2.105809e+00  4.470908e+00  6.695142e+00  1.246130e+01 
 6.786773e+00  2.055876e+00  4.353876e+00  6.516899e+00  1.212874e+01 
 6.881377e+00  2.007133e+00  4.240419e+00  6.344439e+00  1.180457e+01 
 6.977300e+00  1.959397e+00  4.130395e+00  6.177857e+00  1.149004e+01 
 7.074559e+00  1.913210e+00  4.023196e+00  6.014625e+00  1.118380e+01 
 7.173175e+00  1.867773e+00  3.919278e+00  5.856189e+00  1.088732e+01 
 7.273165e+00  1.823691e+00  3.818033e+00  5.702592e+00  1.059837e+01 
 7.374549e+00  1.780225e+00  3.718962e+00  5.552538e+00  1.031710e+01 
 7.477346e+00  1.737663e+00  3.622584e+00  5.406700e+00  1.004132e+01 
 7.581576e+00  1.696150e+00  3.527919e+00  5.263139e+00  9.771806e+00 
 7.687260e+00  1.655289e+00  3.435917e+00  5.123444e+00  9.509138e+00 
 7.794416e+00  1.615302e+00  3.346234e+00  4.986482e+00  9.251901e+00 
 7.903066e+00  1.576328e+00  3.258028e+00  4.852946e+00  9.000548e+00 
 8.013230e+00  1.538153e+00  3.172815e+00  4.723809e+00  8.756654e+00 
 8.124930e+00  1.500811e+00  3.089633e+00  4.597659e+00  8.518720e+00 
 8.238187e+00  1.464619e+00  3.008700e+00  4.474766e+00  8.287129e+00 
 8.353023e+00  1.429132e+00  2.930012e+00  4.355312e+00  8.061954e+00 
 8.469460e+00  1.394671e+00  2.853635e+00  4.239698e+00  7.843646e+00 
 8.587519e+00  1.361177e+00  2.779313e+00  4.127041e+00  7.631335e+00 
 8.707225e+00  1.328306e+00  2.707115e+00  4.017972e+00  7.425318e+00 
 8.828599e+00  1.296785e+00  2.637329e+00  3.912102e+00  7.225138e+00 
 8.951665e+00  1.265715e+00  2.569543e+00  3.809013e+00  7.031310e+00 
 9.076446e+00  1.235651e+00  2.503422e+00  3.709076e+00  6.842481e+00 
 9.202967e+00  1.206206e+00  2.439025e+00  3.611779e+00  6.658387e+00 
 9.331251e+00  1.177373e+00  2.376132e+00  3.516471e+00  6.478772e+00 
 9.461324e+00  0.000000e+00  0.000000e+00  0.000000e+00  0.000000e+00 
 9.593209e+00  0.000000e+00  0.000000e+00  0.000000e+00  0.000000e+00 
 9.726934e+00  0.000000e+00  0.000000e+00  0.000000e+00  0.000000e+00 
 9.862522e+00  0.000000e+00  0.000000e+00  0.000000e+00  0.000000e+00 
 1.000000e+01  0.000000e+00  0.000000e+00  0.000000e+00  0.000000e+00 
