 1.000000e-02  6.165908e+03  1.143571e+04  1.560550e+04  2.351504e+04 
 1.013939e-02  6.196899e+03  1.149305e+04  1.568362e+04  2.363239e+04 
 1.028073e-02  6.227296e+03  1.154928e+04  1.576024e+04  2.374745e+04 
 1.042404e-02  6.257084e+03  1.160438e+04  1.583528e+04  2.386014e+04 
 1.056935e-02  6.286236e+03  1.165829e+04  1.590869e+04  2.397035e+04 
 1.071668e-02  6.314726e+03  1.171096e+04  1.598042e+04  2.407800e+04 
 1.086606e-02  6.342535e+03  1.176237e+04  1.605042e+04  2.418303e+04 
 1.101753e-02  6.369637e+03  1.181245e+04  1.611861e+04  2.428533e+04 
 1.117111e-02  6.396006e+03  1.186118e+04  1.618492e+04  2.438479e+04 
 1.132683e-02  6.421619e+03  1.190849e+04  1.624931e+04  2.448132e+04 
 1.148472e-02  6.446453e+03  1.195435e+04  1.631172e+04  2.457483e+04 
 1.164481e-02  6.470481e+03  1.199871e+04  1.637206e+04  2.466524e+04 
 1.180713e-02  6.493678e+03  1.204152e+04  1.643029e+04  2.475244e+04 
 1.197171e-02  6.516021e+03  1.208274e+04  1.648633e+04  2.483634e+04 
 1.213859e-02  6.537486e+03  1.212232e+04  1.654015e+04  2.491686e+04 
 1.230780e-02  6.558053e+03  1.216024e+04  1.659168e+04  2.499392e+04 
 1.247936e-02  6.577698e+03  1.219644e+04  1.664085e+04  2.506741e+04 
 1.265332e-02  6.596393e+03  1.223086e+04  1.668760e+04  2.513724e+04 
 1.282970e-02  6.614110e+03  1.226347e+04  1.673188e+04  2.520329e+04 
 1.300854e-02  6.630835e+03  1.229423e+04  1.677361e+04  2.526554e+04 
 1.318987e-02  6.646549e+03  1.232311e+04  1.681278e+04  2.532388e+04 
 1.337373e-02  6.661226e+03  1.235006e+04  1.684931e+04  2.537822e+04 
 1.356015e-02  6.674828e+03  1.237500e+04  1.688310e+04  2.542843e+04 
 1.374917e-02  6.687333e+03  1.239792e+04  1.691409e+04  2.547441e+04 
 1.394083e-02  6.698711e+03  1.241873e+04  1.694223e+04  2.551606e+04 
 1.413516e-02  6.708947e+03  1.243742e+04  1.696745e+04  2.555332e+04 
 1.433219e-02  6.718009e+03  1.245392e+04  1.698968e+04  2.558605e+04 
 1.453198e-02  6.725868e+03  1.246819e+04  1.700887e+04  2.561416e+04 
 1.473454e-02  6.732500e+03  1.248016e+04  1.702492e+04  2.563755e+04 
 1.493993e-02  6.737888e+03  1.248983e+04  1.703781e+04  2.565615e+04 
 1.514819e-02  6.741963e+03  1.249709e+04  1.704744e+04  2.566986e+04 
 1.535935e-02  6.744729e+03  1.250192e+04  1.705376e+04  2.567860e+04 
 1.557345e-02  6.746173e+03  1.250431e+04  1.705672e+04  2.568227e+04 
 1.579053e-02  6.746282e+03  1.250421e+04  1.705629e+04  2.568083e+04 
 1.601064e-02  6.745034e+03  1.250159e+04  1.705242e+04  2.567416e+04 
 1.623382e-02  6.742416e+03  1.249641e+04  1.704507e+04  2.566224e+04 
 1.646012e-02  6.738403e+03  1.248866e+04  1.703417e+04  2.564497e+04 
 1.668956e-02  6.732985e+03  1.247829e+04  1.701971e+04  2.562230e+04 
 1.692220e-02  6.726132e+03  1.246525e+04  1.700160e+04  2.559415e+04 
 1.715809e-02  6.717824e+03  1.244951e+04  1.697981e+04  2.556041e+04 
 1.739726e-02  6.708040e+03  1.243103e+04  1.695426e+04  2.552101e+04 
 1.763977e-02  6.696759e+03  1.240977e+04  1.692492e+04  2.547589e+04 
 1.788566e-02  6.683965e+03  1.238570e+04  1.689173e+04  2.542496e+04 
 1.813498e-02  6.669642e+03  1.235878e+04  1.685467e+04  2.536818e+04 
 1.838777e-02  6.653769e+03  1.232899e+04  1.681368e+04  2.530547e+04 
 1.864409e-02  6.636335e+03  1.229630e+04  1.676873e+04  2.523679e+04 
 1.890397e-02  6.617329e+03  1.226070e+04  1.671980e+04  2.516208e+04 
 1.916748e-02  6.596743e+03  1.222216e+04  1.666687e+04  2.508132e+04 
 1.943467e-02  6.574564e+03  1.218067e+04  1.660989e+04  2.499450e+04 
 1.970558e-02  6.550796e+03  1.213622e+04  1.654888e+04  2.490159e+04 
 1.998026e-02  6.525431e+03  1.208882e+04  1.648385e+04  2.480259e+04 
 2.025878e-02  6.498474e+03  1.203845e+04  1.641477e+04  2.469749e+04 
 2.054117e-02  6.469921e+03  1.198514e+04  1.634166e+04  2.458632e+04 
 2.082751e-02  6.439786e+03  1.192890e+04  1.626453e+04  2.446911e+04 
 2.111783e-02  6.408067e+03  1.186970e+04  1.618341e+04  2.434585e+04 
 2.141220e-02  6.374865e+03  1.180773e+04  1.609845e+04  2.421672e+04 
 2.171068e-02  6.340759e+03  1.174386e+04  1.601068e+04  2.408276e+04 
 2.201331e-02  6.305071e+03  1.167706e+04  1.591889e+04  2.394274e+04 
 2.232016e-02  6.267804e+03  1.160733e+04  1.582313e+04  2.379672e+04 
 2.263130e-02  6.228966e+03  1.153469e+04  1.572338e+04  2.364472e+04 
 2.294676e-02  6.188569e+03  1.145916e+04  1.561970e+04  2.348679e+04 
 2.326663e-02  6.146632e+03  1.138079e+04  1.551213e+04  2.332300e+04 
 2.359095e-02  6.103174e+03  1.129959e+04  1.540072e+04  2.315342e+04 
 2.391980e-02  6.058216e+03  1.121562e+04  1.528552e+04  2.297815e+04 
 2.425323e-02  6.011787e+03  1.112893e+04  1.516662e+04  2.279730e+04 
 2.459130e-02  5.963925e+03  1.103958e+04  1.504410e+04  2.261101e+04 
 2.493409e-02  5.914673e+03  1.094767e+04  1.491806e+04  2.241947e+04 
 2.528166e-02  5.864070e+03  1.085324e+04  1.478864e+04  2.222281e+04 
 2.563407e-02  5.812169e+03  1.075643e+04  1.465593e+04  2.202123e+04 
 2.599140e-02  5.759025e+03  1.065731e+04  1.452010e+04  2.181494e+04 
 2.635371e-02  5.704696e+03  1.055600e+04  1.438128e+04  2.160418e+04 
 2.672106e-02  5.649215e+03  1.045256e+04  1.423956e+04  2.138907e+04 
 2.709354e-02  5.592610e+03  1.034704e+04  1.409501e+04  2.116973e+04 
 2.747121e-02  5.534917e+03  1.023952e+04  1.394774e+04  2.094630e+04 
 2.785414e-02  5.476117e+03  1.012997e+04  1.379774e+04  2.071885e+04 
 2.824241e-02  5.415992e+03  1.001812e+04  1.364472e+04  2.048723e+04 
 2.863610e-02  5.354921e+03  9.904514e+03  1.348934e+04  2.025205e+04 
 2.903527e-02  5.292964e+03  9.789276e+03  1.333174e+04  2.001356e+04 
 2.944000e-02  5.230183e+03  9.672517e+03  1.317206e+04  1.977198e+04 
 2.985038e-02  5.166643e+03  9.554361e+03  1.301048e+04  1.952758e+04 
 3.026648e-02  5.102420e+03  9.434948e+03  1.284721e+04  1.928065e+04 
 3.068838e-02  5.037597e+03  9.314435e+03  1.268244e+04  1.903150e+04 
 3.111616e-02  4.972264e+03  9.192987e+03  1.251641e+04  1.878048e+04 
 3.154990e-02  4.906518e+03  9.070779e+03  1.234935e+04  1.852795e+04 
 3.198969e-02  4.840462e+03  8.948010e+03  1.218154e+04  1.827433e+04 
 3.243561e-02  4.774216e+03  8.824896e+03  1.201327e+04  1.802003e+04 
 3.288774e-02  4.707888e+03  8.701641e+03  1.184481e+04  1.776548e+04 
 3.334618e-02  4.641572e+03  8.578416e+03  1.167641e+04  1.751105e+04 
 3.381101e-02  4.575327e+03  8.455330e+03  1.150821e+04  1.725694e+04 
 3.428231e-02  4.509204e+03  8.332485e+03  1.134034e+04  1.700338e+04 
 3.476019e-02  4.443040e+03  8.209919e+03  1.117325e+04  1.675215e+04 
 3.524473e-02  4.377118e+03  8.087819e+03  1.100680e+04  1.650194e+04 
 3.573602e-02  4.311514e+03  7.966315e+03  1.084118e+04  1.625297e+04 
 3.623416e-02  4.246296e+03  7.845533e+03  1.067655e+04  1.600553e+04 
 3.673925e-02  4.181539e+03  7.725611e+03  1.051309e+04  1.575987e+04 
 3.725137e-02  4.117327e+03  7.606702e+03  1.035103e+04  1.551632e+04 
 3.777064e-02  4.053742e+03  7.488959e+03  1.019056e+04  1.527519e+04 
 3.829714e-02  3.990873e+03  7.372547e+03  1.003191e+04  1.503681e+04 
 3.883098e-02  3.928814e+03  7.257638e+03  9.875309e+03  1.480154e+04 
 3.937226e-02  3.867666e+03  7.144420e+03  9.721020e+03  1.456976e+04 
 3.992109e-02  3.807527e+03  7.033078e+03  9.569286e+03  1.434184e+04 
 4.047757e-02  3.748512e+03  6.923783e+03  9.420309e+03  1.411796e+04 
 4.104181e-02  3.690567e+03  6.815881e+03  9.272592e+03  1.389418e+04 
 4.161391e-02  3.633925e+03  6.710396e+03  9.128179e+03  1.367540e+04 
 4.219398e-02  3.578616e+03  6.607393e+03  8.987158e+03  1.346174e+04 
 4.278214e-02  3.524675e+03  6.506930e+03  8.849607e+03  1.325333e+04 
 4.337850e-02  3.472127e+03  6.409055e+03  8.715590e+03  1.305027e+04 
 4.398317e-02  3.421008e+03  6.313828e+03  8.585198e+03  1.285268e+04 
 4.459628e-02  3.371343e+03  6.221302e+03  8.458492e+03  1.266066e+04 
 4.521792e-02  3.323160e+03  6.131530e+03  8.335543e+03  1.247430e+04 
 4.584824e-02  3.276481e+03  6.044550e+03  8.216407e+03  1.229370e+04 
 4.648734e-02  3.231334e+03  5.960406e+03  8.101142e+03  1.211892e+04 
 4.713535e-02  3.187805e+03  5.879994e+03  7.991732e+03  1.195503e+04 
 4.779239e-02  3.145883e+03  5.802992e+03  7.887423e+03  1.180003e+04 
 4.845859e-02  3.105530e+03  5.728878e+03  7.787037e+03  1.165088e+04 
 4.913407e-02  3.066727e+03  5.657623e+03  7.690536e+03  1.150752e+04 
 4.981898e-02  3.029449e+03  5.589180e+03  7.597849e+03  1.136987e+04 
 5.051342e-02  2.993667e+03  5.523492e+03  7.508903e+03  1.123779e+04 
 5.121755e-02  2.959336e+03  5.460481e+03  7.423594e+03  1.111115e+04 
 5.193150e-02  2.926409e+03  5.400059e+03  7.341802e+03  1.098975e+04 
 5.265540e-02  2.894835e+03  5.342131e+03  7.263398e+03  1.087340e+04 
 5.338938e-02  2.864317e+03  5.285694e+03  7.186545e+03  1.075811e+04 
 5.413360e-02  2.834735e+03  5.230444e+03  7.110741e+03  1.064288e+04 
 5.488820e-02  2.806282e+03  5.177281e+03  7.037777e+03  1.053191e+04 
 5.565331e-02  2.778879e+03  5.126062e+03  6.967458e+03  1.042490e+04 
 5.642908e-02  2.752404e+03  5.076554e+03  6.899464e+03  1.032135e+04 
 5.721568e-02  2.726739e+03  5.028540e+03  6.833506e+03  1.022084e+04 
 5.801323e-02  2.701742e+03  4.981771e+03  6.769243e+03  1.012290e+04 
 5.882190e-02  2.677372e+03  4.936178e+03  6.706600e+03  1.002743e+04 
 5.964185e-02  2.653606e+03  4.892014e+03  6.646240e+03  9.936262e+03 
 6.047322e-02  2.630582e+03  4.850063e+03  6.589750e+03  9.853227e+03 
 6.131619e-02  2.607695e+03  4.808352e+03  6.533576e+03  9.770624e+03 
 6.217090e-02  2.584740e+03  4.766499e+03  6.477187e+03  9.687640e+03 
 6.303753e-02  2.561635e+03  4.724349e+03  6.420374e+03  9.603971e+03 
 6.391624e-02  2.538183e+03  4.681552e+03  6.362678e+03  9.518963e+03 
 6.480720e-02  2.514270e+03  4.637911e+03  6.303837e+03  9.432248e+03 
 6.571058e-02  2.489709e+03  4.593082e+03  6.243387e+03  9.343149e+03 
 6.662655e-02  2.463239e+03  4.542847e+03  6.173613e+03  9.234620e+03 
 6.755528e-02  2.435788e+03  4.490759e+03  6.101274e+03  9.122129e+03 
 6.849697e-02  2.407278e+03  4.436736e+03  6.026318e+03  9.005782e+03 
 6.945178e-02  2.377595e+03  4.380564e+03  5.948469e+03  8.885175e+03 
 7.041990e-02  2.346616e+03  4.322028e+03  5.867434e+03  8.759886e+03 
 7.140151e-02  2.314252e+03  4.260964e+03  5.782998e+03  8.629611e+03 
 7.239681e-02  2.280761e+03  4.198168e+03  5.696608e+03  8.497665e+03 
 7.340598e-02  2.246132e+03  4.133681e+03  5.608395e+03  8.364469e+03 
 7.442922e-02  2.209957e+03  4.066368e+03  5.516373e+03  8.225662e+03 
 7.546673e-02  2.172229e+03  3.996220e+03  5.420528e+03  8.081228e+03 
 7.651869e-02  2.132960e+03  3.923261e+03  5.320899e+03  7.931235e+03 
 7.758532e-02  2.092205e+03  3.847594e+03  5.217627e+03  7.775896e+03 
 7.866682e-02  2.050868e+03  3.772002e+03  5.115598e+03  7.625336e+03 
 7.976339e-02  2.009556e+03  3.698277e+03  5.017920e+03  7.485910e+03 
 8.087525e-02  1.966997e+03  3.622199e+03  4.916996e+03  7.341503e+03 
 8.200261e-02  1.923341e+03  3.544038e+03  4.813180e+03  7.192635e+03 
 8.314568e-02  1.878763e+03  3.464110e+03  4.706901e+03  7.039927e+03 
 8.430468e-02  1.833462e+03  3.382777e+03  4.598642e+03  6.884084e+03 
 8.547985e-02  1.787012e+03  3.298215e+03  4.484914e+03  6.717407e+03 
 8.667139e-02  1.740022e+03  3.212133e+03  4.368612e+03  6.545620e+03 
 8.787954e-02  1.693052e+03  3.126071e+03  4.252313e+03  6.373775e+03 
 8.910453e-02  1.646365e+03  3.040508e+03  4.136669e+03  6.202840e+03 
 9.034660e-02  1.600224e+03  2.955929e+03  4.022337e+03  6.033791e+03 
 9.160598e-02  1.555565e+03  2.875029e+03  3.913888e+03  5.875676e+03 
 9.288292e-02  1.512560e+03  2.797993e+03  3.811453e+03  5.728389e+03 
 9.417766e-02  1.470801e+03  2.723151e+03  3.711892e+03  5.585130e+03 
 9.549045e-02  1.430523e+03  2.650937e+03  3.615801e+03  5.446795e+03 
 9.682153e-02  1.391931e+03  2.581738e+03  3.523709e+03  5.314193e+03 
 9.817117e-02  1.355465e+03  2.516773e+03  3.437649e+03  5.191230e+03 
 9.953962e-02  1.321119e+03  2.455767e+03  3.357009e+03  5.076441e+03 
 1.009272e-01  1.288932e+03  2.398653e+03  3.281562e+03  4.969183e+03 
 1.023340e-01  1.259001e+03  2.345619e+03  3.211579e+03  4.869888e+03 
 1.037605e-01  1.230780e+03  2.294903e+03  3.143975e+03  4.772322e+03 
 1.052069e-01  1.202595e+03  2.241346e+03  3.069830e+03  4.658704e+03 
 1.066734e-01  1.176831e+03  2.192314e+03  3.001889e+03  4.554471e+03 
 1.081604e-01  1.153417e+03  2.147671e+03  2.939957e+03  4.459327e+03 
 1.096681e-01  1.132246e+03  2.107213e+03  2.883754e+03  4.372845e+03 
 1.111968e-01  1.113223e+03  2.070894e+03  2.833192e+03  4.294349e+03 
 1.127468e-01  1.096115e+03  2.038147e+03  2.787511e+03  4.223210e+03 
 1.143184e-01  1.080696e+03  2.008541e+03  2.746130e+03  4.158570e+03 
 1.159120e-01  1.066712e+03  1.981606e+03  2.708401e+03  4.099454e+03 
 1.175277e-01  1.054512e+03  1.958600e+03  2.676504e+03  4.049971e+03 
 1.191660e-01  1.043202e+03  1.937301e+03  2.646981e+03  4.004148e+03 
 1.208271e-01  1.032399e+03  1.916942e+03  2.618746e+03  3.960281e+03 
 1.225114e-01  1.021718e+03  1.896776e+03  2.590765e+03  3.916838e+03 
 1.242191e-01  1.010417e+03  1.875089e+03  2.560572e+03  3.870264e+03 
 1.259506e-01  9.986147e+02  1.852492e+03  2.529159e+03  3.821898e+03 
 1.277063e-01  9.860120e+02  1.828432e+03  2.495770e+03  3.770605e+03 
 1.294865e-01  9.726933e+02  1.803321e+03  2.461095e+03  3.717419e+03 
 1.312915e-01  9.584769e+02  1.776870e+03  2.424764e+03  3.661792e+03 
 1.331216e-01  9.427602e+02  1.747658e+03  2.384696e+03  3.600610e+03 
 1.349772e-01  9.254578e+02  1.715571e+03  2.340783e+03  3.533841e+03 
 1.368587e-01  9.077053e+02  1.684570e+03  2.300511e+03  3.478616e+03 
 1.387665e-01  8.882927e+02  1.650450e+03  2.255945e+03  3.416802e+03 
 1.407008e-01  8.673202e+02  1.613382e+03  2.207302e+03  3.348688e+03 
 1.426621e-01  8.460411e+02  1.576414e+03  2.159026e+03  3.280827e+03 
 1.446507e-01  8.239247e+02  1.538017e+03  2.108802e+03  3.209777e+03 
 1.466671e-01  8.009126e+02  1.497824e+03  2.056019e+03  3.134620e+03 
 1.487115e-01  7.756521e+02  1.451720e+03  1.993977e+03  3.043628e+03 
 1.507845e-01  7.491545e+02  1.402180e+03  1.926456e+03  2.943087e+03 
 1.528864e-01  7.230274e+02  1.353324e+03  1.859841e+03  2.843775e+03 
 1.550175e-01  6.993732e+02  1.310959e+03  1.803602e+03  2.763124e+03 
 1.571784e-01  6.779249e+02  1.273922e+03  1.755612e+03  2.696838e+03 
 1.593694e-01  6.577338e+02  1.239049e+03  1.710416e+03  2.634389e+03 
 1.615909e-01  6.394936e+02  1.207938e+03  1.670299e+03  2.579048e+03 
 1.638434e-01  6.231444e+02  1.180330e+03  1.634884e+03  2.530455e+03 
 1.661273e-01  6.086299e+02  1.156018e+03  1.603879e+03  2.488338e+03 
 1.684430e-01  5.929596e+02  1.126697e+03  1.564006e+03  2.429480e+03 
 1.707910e-01  5.788831e+02  1.100033e+03  1.527541e+03  2.375414e+03 
 1.731717e-01  5.670188e+02  1.077824e+03  1.497334e+03  2.330849e+03 
 1.755856e-01  5.583152e+02  1.062716e+03  1.477403e+03  2.301715e+03 
 1.780332e-01  5.509638e+02  1.050141e+03  1.460957e+03  2.277950e+03 
 1.805149e-01  5.429953e+02  1.034310e+03  1.438228e+03  2.240960e+03 
 1.830312e-01  5.347341e+02  1.016681e+03  1.411956e+03  2.196410e+03 
 1.855825e-01  5.268674e+02  1.000018e+03  1.387281e+03  2.154975e+03 
 1.881694e-01  5.192346e+02  9.850166e+02  1.366385e+03  2.123027e+03 
 1.907924e-01  5.111497e+02  9.691931e+02  1.344376e+03  2.089405e+03 
 1.934520e-01  5.019570e+02  9.513019e+02  1.319763e+03  2.053156e+03 
 1.961486e-01  4.916529e+02  9.313506e+02  1.292405e+03  2.013140e+03 
 1.988828e-01  4.813632e+02  9.122299e+02  1.266521e+03  1.975294e+03 
 2.016551e-01  4.715420e+02  8.951217e+02  1.243872e+03  1.942271e+03 
 2.044661e-01  4.604739e+02  8.754482e+02  1.217508e+03  1.903200e+03 
 2.073162e-01  4.479288e+02  8.519224e+02  1.184970e+03  1.853154e+03 
 2.102061e-01  4.346532e+02  8.269826e+02  1.150451e+03  1.799958e+03 
 2.131362e-01  4.244450e+02  8.119975e+02  1.132841e+03  1.777926e+03 
 2.161073e-01  4.141984e+02  7.969329e+02  1.115119e+03  1.755683e+03 
 2.191197e-01  4.015918e+02  7.751537e+02  1.087026e+03  1.717549e+03 
 2.221741e-01  3.889634e+02  7.527364e+02  1.057711e+03  1.677294e+03 
 2.252711e-01  3.776121e+02  7.331751e+02  1.032630e+03  1.643581e+03 
 2.284112e-01  3.675015e+02  7.160445e+02  1.010945e+03  1.614985e+03 
 2.315951e-01  3.586795e+02  7.003855e+02  9.899017e+02  1.583310e+03 
 2.348235e-01  3.511642e+02  6.868748e+02  9.713720e+02  1.554211e+03 
 2.380968e-01  3.429050e+02  6.704779e+02  9.481674e+02  1.518069e+03 
 2.414157e-01  3.352145e+02  6.548305e+02  9.258698e+02  1.483473e+03 
 2.447809e-01  3.278429e+02  6.400837e+02  9.052160e+02  1.451487e+03 
 2.481930e-01  3.210609e+02  6.265715e+02  8.863545e+02  1.422336e+03 
 2.516527e-01  3.171609e+02  6.196879e+02  8.768375e+02  1.407175e+03 
 2.551606e-01  3.123208e+02  6.105970e+02  8.641671e+02  1.387455e+03 
 2.587174e-01  3.045640e+02  5.946248e+02  8.416565e+02  1.353531e+03 
 2.623238e-01  2.979258e+02  5.819862e+02  8.243390e+02  1.327957e+03 
 2.659804e-01  2.923998e+02  5.727556e+02  8.123516e+02  1.310935e+03 
 2.696881e-01  2.848753e+02  5.588948e+02  7.936183e+02  1.282843e+03 
 2.734474e-01  2.764865e+02  5.431742e+02  7.722232e+02  1.250470e+03 
 2.772591e-01  2.698656e+02  5.322318e+02  7.585219e+02  1.232724e+03 
 2.811239e-01  2.628049e+02  5.199410e+02  7.427116e+02  1.212163e+03 
 2.850426e-01  2.555044e+02  5.065665e+02  7.251416e+02  1.189676e+03 
 2.890160e-01  2.487020e+02  4.949482e+02  7.101212e+02  1.168305e+03 
 2.930447e-01  2.423954e+02  4.839740e+02  6.954180e+02  1.145591e+03 
 2.971296e-01  2.365795e+02  4.725586e+02  6.783411e+02  1.115711e+03 
 3.012714e-01  2.314578e+02  4.635219e+02  6.662920e+02  1.097884e+03 
 3.054710e-01  2.266465e+02  4.552431e+02  6.558235e+02  1.084068e+03 
 3.097291e-01  2.210945e+02  4.445654e+02  6.414045e+02  1.063529e+03 
 3.140465e-01  2.161509e+02  4.344114e+02  6.266997e+02  1.039253e+03 
 3.184242e-01  2.117903e+02  4.255521e+02  6.138548e+02  1.018038e+03 
 3.228628e-01  2.082292e+02  4.192756e+02  6.057036e+02  1.007644e+03 
 3.273634e-01  2.033085e+02  4.092220e+02  5.911329e+02  9.840889e+02 
 3.319266e-01  1.980944e+02  3.989481e+02  5.768053e+02  9.623223e+02 
 3.365535e-01  1.929274e+02  3.895227e+02  5.644995e+02  9.455707e+02 
 3.412449e-01  1.891397e+02  3.843064e+02  5.582597e+02  9.357694e+02 
 3.460016e-01  1.849832e+02  3.773852e+02  5.492536e+02  9.229658e+02 
 3.508247e-01  1.808678e+02  3.699320e+02  5.391799e+02  9.079329e+02 
 3.557150e-01  1.768631e+02  3.623956e+02  5.288311e+02  8.917090e+02 
 3.606735e-01  1.723247e+02  3.541658e+02  5.179197e+02  8.762860e+02 
 3.657011e-01  1.671302e+02  3.441435e+02  5.040266e+02  8.564350e+02 
 3.707988e-01  1.629613e+02  3.359484e+02  4.926859e+02  8.393924e+02 
 3.759675e-01  1.592300e+02  3.286164e+02  4.824898e+02  8.238604e+02 
 3.812083e-01  1.555155e+02  3.217246e+02  4.730732e+02  8.097834e+02 
 3.865221e-01  1.524410e+02  3.171023e+02  4.677385e+02  8.014160e+02 
 3.919100e-01  1.491830e+02  3.094608e+02  4.560145e+02  7.846422e+02 
 3.973730e-01  1.455471e+02  3.031296e+02  4.479310e+02  7.718201e+02 
 4.029122e-01  1.424837e+02  2.981634e+02  4.410325e+02  7.593341e+02 
 4.085286e-01  1.394092e+02  2.915669e+02  4.314690e+02  7.452636e+02 
 4.142232e-01  1.357502e+02  2.839905e+02  4.212102e+02  7.318452e+02 
 4.199973e-01  1.321263e+02  2.775403e+02  4.128613e+02  7.194867e+02 
 4.258518e-01  1.291692e+02  2.719832e+02  4.049770e+02  7.060464e+02 
 4.317880e-01  1.260621e+02  2.659020e+02  3.959673e+02  6.918303e+02 
 4.378069e-01  1.233400e+02  2.603271e+02  3.878939e+02  6.783959e+02 
 4.439097e-01  1.210947e+02  2.567248e+02  3.834609e+02  6.736679e+02 
 4.500975e-01  1.177485e+02  2.503908e+02  3.747853e+02  6.608142e+02 
 4.563716e-01  1.149285e+02  2.444541e+02  3.661358e+02  6.455632e+02 
 4.627332e-01  1.130654e+02  2.417656e+02  3.631314e+02  6.425187e+02 
 4.691835e-01  1.100530e+02  2.357285e+02  3.544987e+02  6.281982e+02 
 4.757236e-01  1.078658e+02  2.312972e+02  3.482516e+02  6.183350e+02 
 4.823549e-01  1.048952e+02  2.252173e+02  3.395527e+02  6.059008e+02 
 4.890787e-01  1.024847e+02  2.204009e+02  3.329817e+02  5.956378e+02 
 4.958962e-01  1.006366e+02  2.167502e+02  3.273504e+02  5.853395e+02 
 5.028087e-01  9.820788e+01  2.124737e+02  3.215340e+02  5.766729e+02 
 5.098176e-01  9.625583e+01  2.087834e+02  3.162459e+02  5.666490e+02 
 5.169242e-01  9.444737e+01  2.052874e+02  3.114331e+02  5.599594e+02 
 5.241298e-01  9.126429e+01  1.997058e+02  3.044505e+02  5.511040e+02 
 5.314359e-01  8.956361e+01  1.970786e+02  3.009108e+02  5.452581e+02 
 5.388438e-01  8.756084e+01  1.924654e+02  2.939484e+02  5.344097e+02 
 5.463550e-01  8.584599e+01  1.890769e+02  2.889286e+02  5.259172e+02 
 5.539709e-01  8.338975e+01  1.845603e+02  2.830895e+02  5.169787e+02 
 5.616930e-01  8.177714e+01  1.813642e+02  2.785398e+02  5.100845e+02 
 5.695227e-01  8.003883e+01  1.783566e+02  2.747530e+02  5.027746e+02 
 5.774615e-01  7.812953e+01  1.739479e+02  2.681015e+02  4.928235e+02 
 5.855110e-01  7.662527e+01  1.711591e+02  2.639392e+02  4.856162e+02 
 5.936727e-01  7.474774e+01  1.668517e+02  2.577497e+02  4.760897e+02 
 6.019482e-01  7.333865e+01  1.645230e+02  2.541427e+02  4.694839e+02 
 6.103390e-01  7.147302e+01  1.612283e+02  2.498810e+02  4.622591e+02 
 6.188468e-01  6.980034e+01  1.582588e+02  2.468614e+02  4.597730e+02 
 6.274732e-01  6.850159e+01  1.549928e+02  2.412809e+02  4.503406e+02 
 6.362198e-01  6.698739e+01  1.523847e+02  2.376072e+02  4.434065e+02 
 6.450884e-01  6.530668e+01  1.492488e+02  2.332266e+02  4.358338e+02 
 6.540806e-01  6.386047e+01  1.457896e+02  2.279621e+02  4.278163e+02 
 6.631981e-01  6.232038e+01  1.431615e+02  2.249498e+02  4.230061e+02 
 6.724427e-01  6.102572e+01  1.404014e+02  2.210289e+02  4.178015e+02 
 6.818162e-01  5.958506e+01  1.376068e+02  2.163172e+02  4.089793e+02 
 6.913204e-01  5.820577e+01  1.347636e+02  2.125671e+02  4.027315e+02 
 7.009570e-01  5.728898e+01  1.325108e+02  2.091903e+02  3.970003e+02 
 7.107280e-01  5.570288e+01  1.299681e+02  2.057252e+02  3.903320e+02 
 7.206351e-01  5.474329e+01  1.276878e+02  2.025752e+02  3.862854e+02 
 7.306804e-01  5.352889e+01  1.255200e+02  1.990817e+02  3.789981e+02 
 7.408657e-01  5.225519e+01  1.227880e+02  1.951720e+02  3.735193e+02 
 7.511929e-01  5.105805e+01  1.202755e+02  1.918559e+02  3.679905e+02 
 7.616642e-01  4.999924e+01  1.178604e+02  1.883665e+02  3.625723e+02 
 7.722814e-01  4.921648e+01  1.164707e+02  1.860673e+02  3.573160e+02 
 7.830465e-01  4.811015e+01  1.139820e+02  1.824959e+02  3.520865e+02 
 7.939618e-01  4.712288e+01  1.122657e+02  1.798302e+02  3.476274e+02 
 8.050292e-01  4.598874e+01  1.098970e+02  1.769593e+02  3.427840e+02 
 8.162509e-01  4.507249e+01  1.080792e+02  1.738248e+02  3.363950e+02 
 8.276289e-01  4.389827e+01  1.056652e+02  1.705625e+02  3.315204e+02 
 8.391656e-01  4.323036e+01  1.041995e+02  1.678429e+02  3.270521e+02 
 8.508632e-01  4.237177e+01  1.022228e+02  1.652567e+02  3.223511e+02 
 8.627237e-01  4.133989e+01  1.003219e+02  1.624369e+02  3.168225e+02 
 8.747496e-01  4.050499e+01  9.837875e+01  1.596799e+02  3.121781e+02 
 8.869432e-01  3.971109e+01  9.679472e+01  1.572701e+02  3.080073e+02 
 8.993067e-01  3.881382e+01  9.504307e+01  1.546152e+02  3.030325e+02 
 9.118425e-01  3.815039e+01  9.324947e+01  1.517579e+02  2.973834e+02 
 9.245531e-01  3.723283e+01  9.152292e+01  1.491472e+02  2.935397e+02 
 9.374409e-01  3.642998e+01  8.987993e+01  1.468989e+02  2.893409e+02 
 9.505083e-01  3.573881e+01  8.827658e+01  1.444949e+02  2.849283e+02 
 9.637579e-01  3.491554e+01  8.644156e+01  1.417240e+02  2.802691e+02 
 9.771921e-01  3.434563e+01  8.571796e+01  1.402233e+02  2.763697e+02 
 9.908137e-01  3.361110e+01  8.394122e+01  1.376395e+02  2.722334e+02 
 1.004625e+00  3.289018e+01  8.223243e+01  1.350692e+02  2.674282e+02 
 1.018629e+00  3.228089e+01  8.094188e+01  1.329800e+02  2.632218e+02 
 1.032828e+00  3.157210e+01  7.945085e+01  1.309525e+02  2.599359e+02 
 1.047225e+00  3.087915e+01  7.811897e+01  1.286872e+02  2.551361e+02 
 1.061823e+00  3.032164e+01  7.693265e+01  1.267550e+02  2.513691e+02 
 1.076624e+00  2.968546e+01  7.555710e+01  1.246807e+02  2.473353e+02 
 1.091632e+00  2.913064e+01  7.417718e+01  1.226930e+02  2.433245e+02 
 1.106848e+00  2.849817e+01  7.275407e+01  1.205629e+02  2.396439e+02 
 1.122277e+00  2.792144e+01  7.160457e+01  1.184500e+02  2.353425e+02 
 1.137921e+00  2.734670e+01  7.023438e+01  1.164195e+02  2.316002e+02 
 1.153783e+00  2.682866e+01  6.903836e+01  1.145335e+02  2.280385e+02 
 1.169866e+00  2.632340e+01  6.790111e+01  1.126813e+02  2.246334e+02 
 1.186174e+00  2.577434e+01  6.678167e+01  1.108222e+02  2.207438e+02 
 1.202708e+00  2.528740e+01  6.562355e+01  1.090550e+02  2.172837e+02 
 1.219473e+00  2.481177e+01  6.454023e+01  1.073605e+02  2.134629e+02 
 1.236472e+00  2.431248e+01  6.344436e+01  1.056652e+02  2.102248e+02 
 1.253708e+00  2.385071e+01  6.232408e+01  1.036976e+02  2.066693e+02 
 1.271184e+00  2.339534e+01  6.145079e+01  1.023294e+02  2.033259e+02 
 1.288904e+00  2.293448e+01  6.018360e+01  1.003487e+02  2.000747e+02 
 1.306870e+00  2.247300e+01  5.913712e+01  9.865171e+01  1.964405e+02 
 1.325087e+00  2.207548e+01  5.817649e+01  9.708056e+01  1.929827e+02 
 1.343558e+00  2.164737e+01  5.715682e+01  9.542502e+01  1.896748e+02 
 1.362287e+00  2.124973e+01  5.615171e+01  9.369949e+01  1.862915e+02 
 1.381276e+00  2.083148e+01  5.521600e+01  9.194311e+01  1.829256e+02 
 1.400531e+00  2.044670e+01  5.427025e+01  9.045629e+01  1.796031e+02 
 1.420053e+00  2.004625e+01  5.325903e+01  8.893955e+01  1.763861e+02 
 1.439848e+00  1.967530e+01  5.241220e+01  8.733202e+01  1.733081e+02 
 1.459919e+00  1.928310e+01  5.148715e+01  8.582435e+01  1.700205e+02 
 1.480269e+00  1.896572e+01  5.052442e+01  8.421281e+01  1.666782e+02 
 1.500903e+00  1.860704e+01  4.969271e+01  8.273183e+01  1.638802e+02 
 1.521825e+00  1.824909e+01  4.887975e+01  8.135908e+01  1.608418e+02 
 1.543038e+00  1.789790e+01  4.801271e+01  7.998845e+01  1.580513e+02 
 1.564548e+00  1.759256e+01  4.719534e+01  7.855413e+01  1.549554e+02 
 1.586357e+00  1.726847e+01  4.640639e+01  7.717191e+01  1.519953e+02 
 1.608469e+00  1.694417e+01  4.558957e+01  7.578258e+01  1.492473e+02 
 1.630891e+00  1.666374e+01  4.472675e+01  7.425498e+01  1.460718e+02 
 1.653624e+00  1.633308e+01  4.393041e+01  7.298163e+01  1.435025e+02 
 1.676675e+00  1.602734e+01  4.321560e+01  7.170365e+01  1.406009e+02 
 1.700047e+00  1.573008e+01  4.246071e+01  7.037497e+01  1.378911e+02 
 1.723745e+00  1.546254e+01  4.167986e+01  6.906909e+01  1.350060e+02 
 1.747773e+00  1.515765e+01  4.091051e+01  6.774189e+01  1.322766e+02 
 1.772136e+00  1.488395e+01  4.019827e+01  6.645712e+01  1.297309e+02 
 1.796838e+00  1.461899e+01  3.946231e+01  6.520768e+01  1.270727e+02 
 1.821885e+00  1.438042e+01  3.874619e+01  6.394382e+01  1.245388e+02 
 1.847281e+00  1.410576e+01  3.810075e+01  6.280732e+01  1.220087e+02 
 1.873032e+00  1.385736e+01  3.739592e+01  6.150439e+01  1.195117e+02 
 1.899141e+00  1.360665e+01  3.667795e+01  6.034562e+01  1.170718e+02 
 1.925614e+00  1.337367e+01  3.603061e+01  5.920373e+01  1.145657e+02 
 1.952456e+00  1.316651e+01  3.541666e+01  5.809348e+01  1.121666e+02 
 1.979672e+00  1.290384e+01  3.478515e+01  5.696999e+01  1.098234e+02 
 2.007267e+00  1.268856e+01  3.413867e+01  5.577908e+01  1.075241e+02 
 2.035248e+00  1.245139e+01  3.347166e+01  5.465245e+01  1.051497e+02 
 2.063618e+00  1.222691e+01  3.282609e+01  5.353632e+01  1.028320e+02 
 2.092383e+00  1.201529e+01  3.220175e+01  5.243008e+01  1.005788e+02 
 2.121550e+00  1.179282e+01  3.157965e+01  5.136229e+01  9.836670e+01 
 2.151123e+00  1.158749e+01  3.098801e+01  5.028773e+01  9.613511e+01 
 2.181109e+00  1.137742e+01  3.036807e+01  4.924813e+01  9.404556e+01 
 2.211512e+00  1.117897e+01  2.976511e+01  4.818780e+01  9.184886e+01 
 2.242340e+00  1.097991e+01  2.921829e+01  4.720707e+01  8.981675e+01 
 2.273597e+00  1.077514e+01  2.864691e+01  4.617683e+01  8.776798e+01 
 2.305289e+00  1.059726e+01  2.808046e+01  4.521628e+01  8.579744e+01 
 2.337424e+00  1.041275e+01  2.751826e+01  4.423816e+01  8.388285e+01 
 2.370006e+00  1.022391e+01  2.697292e+01  4.330278e+01  8.197761e+01 
 2.403043e+00  1.003173e+01  2.644362e+01  4.234964e+01  8.006443e+01 
 2.436540e+00  9.863618e+00  2.592839e+01  4.144540e+01  7.820666e+01 
 2.470504e+00  9.687015e+00  2.540636e+01  4.052402e+01  7.637338e+01 
 2.504942e+00  9.516384e+00  2.490388e+01  3.965400e+01  7.460985e+01 
 2.539859e+00  9.352585e+00  2.438774e+01  3.875889e+01  7.281067e+01 
 2.575263e+00  9.176200e+00  2.387198e+01  3.791706e+01  7.112945e+01 
 2.611161e+00  9.017192e+00  2.338614e+01  3.704474e+01  6.943655e+01 
 2.647559e+00  8.854484e+00  2.289642e+01  3.619148e+01  6.773734e+01 
 2.684465e+00  8.694018e+00  2.242902e+01  3.537251e+01  6.610668e+01 
 2.721885e+00  8.530864e+00  2.193448e+01  3.456208e+01  6.451932e+01 
 2.759826e+00  8.378241e+00  2.146255e+01  3.375546e+01  6.295384e+01 
 2.798297e+00  8.222969e+00  2.100982e+01  3.298012e+01  6.145641e+01 
 2.837304e+00  8.074237e+00  2.055796e+01  3.221521e+01  5.996500e+01 
 2.876854e+00  7.925250e+00  2.011097e+01  3.146270e+01  5.851260e+01 
 2.916956e+00  7.781029e+00  1.968227e+01  3.073278e+01  5.705998e+01 
 2.957617e+00  7.640778e+00  1.925956e+01  3.002556e+01  5.567646e+01 
 2.998844e+00  7.500591e+00  1.884437e+01  2.932183e+01  5.431351e+01 
 3.040646e+00  7.362388e+00  1.842918e+01  2.862273e+01  5.301375e+01 
 3.083031e+00  7.227376e+00  1.801785e+01  2.794789e+01  5.171180e+01 
 3.126007e+00  7.095470e+00  1.762943e+01  2.728767e+01  5.042161e+01 
 3.169582e+00  6.962321e+00  1.722580e+01  2.661796e+01  4.917388e+01 
 3.213764e+00  6.831444e+00  1.683951e+01  2.597915e+01  4.795386e+01 
 3.258562e+00  6.700444e+00  1.646355e+01  2.535318e+01  4.675491e+01 
 3.303985e+00  6.573272e+00  1.608093e+01  2.473074e+01  4.558477e+01 
 3.350041e+00  6.448163e+00  1.570647e+01  2.412394e+01  4.443800e+01 
 3.396739e+00  6.322899e+00  1.534458e+01  2.353765e+01  4.330763e+01 
 3.444087e+00  6.201974e+00  1.498666e+01  2.294353e+01  4.221553e+01 
 3.492096e+00  6.082849e+00  1.464079e+01  2.238636e+01  4.116458e+01 
 3.540774e+00  5.960989e+00  1.430003e+01  2.183635e+01  4.012751e+01 
 3.590130e+00  5.846835e+00  1.396338e+01  2.129211e+01  3.912318e+01 
 3.640175e+00  5.733723e+00  1.363803e+01  2.077369e+01  3.814395e+01 
 3.690917e+00  5.620356e+00  1.332359e+01  2.025067e+01  3.717734e+01 
 3.742366e+00  5.510178e+00  1.300285e+01  1.975207e+01  3.625319e+01 
 3.794533e+00  5.402969e+00  1.269842e+01  1.926344e+01  3.533898e+01 
 3.847427e+00  5.295107e+00  1.239528e+01  1.877963e+01  3.445417e+01 
 3.901058e+00  5.187842e+00  1.209883e+01  1.831244e+01  3.357535e+01 
 3.955436e+00  5.086210e+00  1.180785e+01  1.784362e+01  3.271444e+01 
 4.010573e+00  4.980766e+00  1.152064e+01  1.739705e+01  3.188850e+01 
 4.066478e+00  4.878534e+00  1.123609e+01  1.695142e+01  3.106637e+01 
 4.123163e+00  4.777300e+00  1.096341e+01  1.651852e+01  3.026584e+01 
 4.180637e+00  4.679150e+00  1.069559e+01  1.609889e+01  2.948468e+01 
 4.238913e+00  4.581408e+00  1.042909e+01  1.568367e+01  2.872914e+01 
 4.298001e+00  4.483792e+00  1.017021e+01  1.528285e+01  2.798676e+01 
 4.357913e+00  4.391539e+00  9.916856e+00  1.489206e+01  2.727173e+01 
 4.418660e+00  4.298515e+00  9.673900e+00  1.450896e+01  2.657601e+01 
 4.480254e+00  4.206683e+00  9.432467e+00  1.413760e+01  2.589409e+01 
 4.542706e+00  4.118563e+00  9.197016e+00  1.377461e+01  2.523070e+01 
 4.606029e+00  4.030400e+00  8.970007e+00  1.342325e+01  2.459030e+01 
 4.670234e+00  3.943901e+00  8.746861e+00  1.308368e+01  2.396524e+01 
 4.735335e+00  3.859559e+00  8.529557e+00  1.274855e+01  2.335083e+01 
 4.801343e+00  3.777524e+00  8.317563e+00  1.242228e+01  2.274941e+01 
 4.868271e+00  3.694894e+00  8.107493e+00  1.210032e+01  2.216104e+01 
 4.936132e+00  3.613951e+00  7.901498e+00  1.178591e+01  2.158662e+01 
 5.004939e+00  3.533805e+00  7.700831e+00  1.147926e+01  2.102369e+01 
 5.074705e+00  3.454581e+00  7.504106e+00  1.117817e+01  2.047624e+01 
 5.145444e+00  3.378066e+00  7.311835e+00  1.088601e+01  1.994110e+01 
 5.217169e+00  3.301399e+00  7.123269e+00  1.059944e+01  1.941436e+01 
 5.289893e+00  3.227731e+00  6.940617e+00  1.032411e+01  1.891020e+01 
 5.363631e+00  3.153778e+00  6.761980e+00  1.005156e+01  1.841310e+01 
 5.438397e+00  3.082545e+00  6.587430e+00  9.788761e+00  1.792991e+01 
 5.514206e+00  3.012399e+00  6.418227e+00  9.532656e+00  1.746208e+01 
 5.591071e+00  2.943041e+00  6.253518e+00  9.283341e+00  1.700540e+01 
 5.669007e+00  2.876641e+00  6.093215e+00  9.041925e+00  1.656538e+01 
 5.748030e+00  2.810822e+00  5.937080e+00  8.805445e+00  1.613194e+01 
 5.828155e+00  2.746302e+00  5.785028e+00  8.577028e+00  1.571226e+01 
 5.909396e+00  2.683130e+00  5.636429e+00  8.353487e+00  1.530330e+01 
 5.991770e+00  2.620860e+00  5.490920e+00  8.134107e+00  1.490335e+01 
 6.075292e+00  2.559771e+00  5.349171e+00  7.920978e+00  1.450943e+01 
 6.159978e+00  2.499723e+00  5.209731e+00  7.711920e+00  1.412653e+01 
 6.245845e+00  2.440823e+00  5.073966e+00  7.508229e+00  1.375208e+01 
 6.332908e+00  2.382862e+00  4.940803e+00  7.308734e+00  1.338485e+01 
 6.421186e+00  2.326257e+00  4.811517e+00  7.114248e+00  1.302777e+01 
 6.510694e+00  2.270580e+00  4.685257e+00  6.925254e+00  1.268035e+01 
 6.601449e+00  2.216526e+00  4.562595e+00  6.741336e+00  1.234153e+01 
 6.693470e+00  2.163102e+00  4.442736e+00  6.561811e+00  1.201156e+01 
 6.786773e+00  2.111302e+00  4.326183e+00  6.387359e+00  1.169182e+01 
 6.881377e+00  2.060850e+00  4.213310e+00  6.218249e+00  1.137986e+01 
 6.977300e+00  2.011361e+00  4.103737e+00  6.054984e+00  1.107734e+01 
 7.074559e+00  1.963540e+00  3.996996e+00  5.895078e+00  1.078281e+01 
 7.173175e+00  1.916468e+00  3.893419e+00  5.739913e+00  1.049739e+01 
 7.273165e+00  1.870800e+00  3.792579e+00  5.589642e+00  1.021935e+01 
 7.374549e+00  1.825863e+00  3.694074e+00  5.442592e+00  9.948995e+00 
 7.477346e+00  1.781839e+00  3.598197e+00  5.299732e+00  9.683718e+00 
 7.581576e+00  1.738894e+00  3.504037e+00  5.159272e+00  9.424594e+00 
 7.687260e+00  1.696610e+00  3.412531e+00  5.022487e+00  9.172156e+00 
 7.794416e+00  1.655332e+00  3.323211e+00  4.888636e+00  8.924810e+00 
 7.903066e+00  1.614999e+00  3.235472e+00  4.757886e+00  8.683118e+00 
 8.013230e+00  1.575543e+00  3.150712e+00  4.631508e+00  8.448586e+00 
 8.124930e+00  1.536939e+00  3.067955e+00  4.508039e+00  8.219891e+00 
 8.238187e+00  1.499500e+00  2.987380e+00  4.387734e+00  7.997262e+00 
 8.353023e+00  1.462828e+00  2.909084e+00  4.270977e+00  7.780920e+00 
 8.469460e+00  1.427212e+00  2.833174e+00  4.157826e+00  7.571016e+00 
 8.587519e+00  1.392596e+00  2.759291e+00  4.047561e+00  7.367014e+00 
 8.707225e+00  1.358878e+00  2.687536e+00  3.940872e+00  7.169190e+00 
 8.828599e+00  1.326119e+00  2.618153e+00  3.837370e+00  6.976908e+00 
 8.951665e+00  1.294114e+00  2.550779e+00  3.736611e+00  6.790749e+00 
 9.076446e+00  1.263102e+00  2.485143e+00  3.638943e+00  6.609633e+00 
 9.202967e+00  1.232772e+00  2.421260e+00  3.543950e+00  6.432969e+00 
 9.331251e+00  1.203099e+00  2.358865e+00  3.450832e+00  6.260700e+00 
 9.461324e+00  0.000000e+00  0.000000e+00  0.000000e+00  0.000000e+00 
 9.593209e+00  0.000000e+00  0.000000e+00  0.000000e+00  0.000000e+00 
 9.726934e+00  0.000000e+00  0.000000e+00  0.000000e+00  0.000000e+00 
 9.862522e+00  0.000000e+00  0.000000e+00  0.000000e+00  0.000000e+00 
 1.000000e+01  0.000000e+00  0.000000e+00  0.000000e+00  0.000000e+00 
