 1.000000e-02  6.014810e+03  1.126835e+04  1.549457e+04  2.366822e+04 
 1.013939e-02  6.047989e+03  1.133036e+04  1.557966e+04  2.379766e+04 
 1.028073e-02  6.080668e+03  1.139142e+04  1.566344e+04  2.392511e+04 
 1.042404e-02  6.112832e+03  1.145150e+04  1.574588e+04  2.405048e+04 
 1.056935e-02  6.144459e+03  1.151057e+04  1.582691e+04  2.417369e+04 
 1.071668e-02  6.175533e+03  1.156860e+04  1.590651e+04  2.429466e+04 
 1.086606e-02  6.206024e+03  1.162553e+04  1.598459e+04  2.441330e+04 
 1.101753e-02  6.235917e+03  1.168134e+04  1.606112e+04  2.452955e+04 
 1.117111e-02  6.265190e+03  1.173597e+04  1.613601e+04  2.464330e+04 
 1.132683e-02  6.293818e+03  1.178939e+04  1.620925e+04  2.475446e+04 
 1.148472e-02  6.321775e+03  1.184154e+04  1.628073e+04  2.486294e+04 
 1.164481e-02  6.349044e+03  1.189240e+04  1.635041e+04  2.496866e+04 
 1.180713e-02  6.375600e+03  1.194191e+04  1.641826e+04  2.507151e+04 
 1.197171e-02  6.401419e+03  1.199004e+04  1.648418e+04  2.517142e+04 
 1.213859e-02  6.426477e+03  1.203673e+04  1.654812e+04  2.526828e+04 
 1.230780e-02  6.450756e+03  1.208195e+04  1.661004e+04  2.536202e+04 
 1.247936e-02  6.474233e+03  1.212568e+04  1.666987e+04  2.545255e+04 
 1.265332e-02  6.496885e+03  1.216784e+04  1.672755e+04  2.553978e+04 
 1.282970e-02  6.518682e+03  1.220839e+04  1.678301e+04  2.562359e+04 
 1.300854e-02  6.539608e+03  1.224730e+04  1.683621e+04  2.570392e+04 
 1.318987e-02  6.559652e+03  1.228454e+04  1.688711e+04  2.578071e+04 
 1.337373e-02  6.578784e+03  1.232009e+04  1.693566e+04  2.585387e+04 
 1.356015e-02  6.596979e+03  1.235385e+04  1.698177e+04  2.592328e+04 
 1.374917e-02  6.614211e+03  1.238581e+04  1.702537e+04  2.598883e+04 
 1.394083e-02  6.630456e+03  1.241592e+04  1.706641e+04  2.605045e+04 
 1.413516e-02  6.645692e+03  1.244412e+04  1.710483e+04  2.610806e+04 
 1.433219e-02  6.659891e+03  1.247036e+04  1.714057e+04  2.616151e+04 
 1.453198e-02  6.673027e+03  1.249462e+04  1.717354e+04  2.621073e+04 
 1.473454e-02  6.685075e+03  1.251682e+04  1.720369e+04  2.625561e+04 
 1.493993e-02  6.696010e+03  1.253694e+04  1.723096e+04  2.629604e+04 
 1.514819e-02  6.705856e+03  1.255502e+04  1.725545e+04  2.633224e+04 
 1.535935e-02  6.714567e+03  1.257098e+04  1.727700e+04  2.636395e+04 
 1.557345e-02  6.722100e+03  1.258472e+04  1.729551e+04  2.639098e+04 
 1.579053e-02  6.728429e+03  1.259622e+04  1.731091e+04  2.641322e+04 
 1.601064e-02  6.733537e+03  1.260541e+04  1.732314e+04  2.643060e+04 
 1.623382e-02  6.737396e+03  1.261225e+04  1.733214e+04  2.644303e+04 
 1.646012e-02  6.739994e+03  1.261673e+04  1.733788e+04  2.645045e+04 
 1.668956e-02  6.741313e+03  1.261881e+04  1.734031e+04  2.645278e+04 
 1.692220e-02  6.741336e+03  1.261846e+04  1.733939e+04  2.644997e+04 
 1.715809e-02  6.740035e+03  1.261562e+04  1.733506e+04  2.644193e+04 
 1.739726e-02  6.737395e+03  1.261027e+04  1.732726e+04  2.642857e+04 
 1.763977e-02  6.733392e+03  1.260237e+04  1.731593e+04  2.640980e+04 
 1.788566e-02  6.728009e+03  1.259187e+04  1.730105e+04  2.638558e+04 
 1.813498e-02  6.721223e+03  1.257874e+04  1.728253e+04  2.635578e+04 
 1.838777e-02  6.713018e+03  1.256295e+04  1.726036e+04  2.632038e+04 
 1.864409e-02  6.703375e+03  1.254448e+04  1.723447e+04  2.627929e+04 
 1.890397e-02  6.692290e+03  1.252328e+04  1.720486e+04  2.623249e+04 
 1.916748e-02  6.679740e+03  1.249935e+04  1.717147e+04  2.617989e+04 
 1.943467e-02  6.665725e+03  1.247267e+04  1.713429e+04  2.612149e+04 
 1.970558e-02  6.650218e+03  1.244320e+04  1.709328e+04  2.605720e+04 
 1.998026e-02  6.633228e+03  1.241093e+04  1.704842e+04  2.598704e+04 
 2.025878e-02  6.614744e+03  1.237588e+04  1.699973e+04  2.591098e+04 
 2.054117e-02  6.594775e+03  1.233803e+04  1.694719e+04  2.582905e+04 
 2.082751e-02  6.573313e+03  1.229739e+04  1.689079e+04  2.574121e+04 
 2.111783e-02  6.550365e+03  1.225396e+04  1.683056e+04  2.564751e+04 
 2.141220e-02  6.526028e+03  1.220790e+04  1.676665e+04  2.554804e+04 
 2.171068e-02  6.500832e+03  1.215992e+04  1.669986e+04  2.544340e+04 
 2.201331e-02  6.474150e+03  1.210918e+04  1.662923e+04  2.533287e+04 
 2.232016e-02  6.445983e+03  1.205564e+04  1.655476e+04  2.521648e+04 
 2.263130e-02  6.416321e+03  1.199931e+04  1.647643e+04  2.509416e+04 
 2.294676e-02  6.385178e+03  1.194019e+04  1.639428e+04  2.496602e+04 
 2.326663e-02  6.352564e+03  1.187832e+04  1.630834e+04  2.483208e+04 
 2.359095e-02  6.318488e+03  1.181370e+04  1.621863e+04  2.469238e+04 
 2.391980e-02  6.282956e+03  1.174637e+04  1.612518e+04  2.454695e+04 
 2.425323e-02  6.245990e+03  1.167635e+04  1.602803e+04  2.439587e+04 
 2.459130e-02  6.207611e+03  1.160367e+04  1.592724e+04  2.423924e+04 
 2.493409e-02  6.167850e+03  1.152842e+04  1.582289e+04  2.407719e+04 
 2.528166e-02  6.126731e+03  1.145062e+04  1.571506e+04  2.390982e+04 
 2.563407e-02  6.084292e+03  1.137035e+04  1.560384e+04  2.373728e+04 
 2.599140e-02  6.040575e+03  1.128770e+04  1.548932e+04  2.355974e+04 
 2.635371e-02  5.995623e+03  1.120273e+04  1.537164e+04  2.337737e+04 
 2.672106e-02  5.949494e+03  1.111557e+04  1.525094e+04  2.319041e+04 
 2.709354e-02  5.902219e+03  1.102626e+04  1.512731e+04  2.299898e+04 
 2.747121e-02  5.853825e+03  1.093487e+04  1.500080e+04  2.280321e+04 
 2.785414e-02  5.804267e+03  1.084133e+04  1.487140e+04  2.260308e+04 
 2.824241e-02  5.753278e+03  1.074524e+04  1.473861e+04  2.239812e+04 
 2.863610e-02  5.701269e+03  1.064725e+04  1.460321e+04  2.218923e+04 
 2.903527e-02  5.648280e+03  1.054743e+04  1.446532e+04  2.197655e+04 
 2.944000e-02  5.594363e+03  1.044589e+04  1.432505e+04  2.176028e+04 
 2.985038e-02  5.539563e+03  1.034270e+04  1.418254e+04  2.154065e+04 
 3.026648e-02  5.483937e+03  1.023797e+04  1.403794e+04  2.131786e+04 
 3.068838e-02  5.427554e+03  1.013184e+04  1.389141e+04  2.109217e+04 
 3.111616e-02  5.370478e+03  1.002442e+04  1.374313e+04  2.086386e+04 
 3.154990e-02  5.312782e+03  9.915857e+03  1.359327e+04  2.063322e+04 
 3.198969e-02  5.254550e+03  9.806294e+03  1.344208e+04  2.040056e+04 
 3.243561e-02  5.195875e+03  9.695914e+03  1.328976e+04  2.016627e+04 
 3.288774e-02  5.136848e+03  9.584891e+03  1.313657e+04  1.993069e+04 
 3.334618e-02  5.077584e+03  9.473427e+03  1.298279e+04  1.969426e+04 
 3.381101e-02  5.018169e+03  9.361690e+03  1.282866e+04  1.945732e+04 
 3.428231e-02  4.958673e+03  9.249815e+03  1.267434e+04  1.922015e+04 
 3.476019e-02  4.899014e+03  9.137996e+03  1.252051e+04  1.898505e+04 
 3.524473e-02  4.839366e+03  9.026216e+03  1.236677e+04  1.875014e+04 
 3.573602e-02  4.779788e+03  8.914575e+03  1.221322e+04  1.851559e+04 
 3.623416e-02  4.720332e+03  8.803170e+03  1.206001e+04  1.828159e+04 
 3.673925e-02  4.661065e+03  8.692119e+03  1.190729e+04  1.804838e+04 
 3.725137e-02  4.602045e+03  8.581541e+03  1.175524e+04  1.781623e+04 
 3.777064e-02  4.543341e+03  8.471564e+03  1.160402e+04  1.758542e+04 
 3.829714e-02  4.485025e+03  8.362319e+03  1.145381e+04  1.735619e+04 
 3.883098e-02  4.427176e+03  8.253953e+03  1.130482e+04  1.712888e+04 
 3.937226e-02  4.369873e+03  8.146615e+03  1.115727e+04  1.690377e+04 
 3.992109e-02  4.313201e+03  8.040465e+03  1.101134e+04  1.668121e+04 
 4.047757e-02  4.257235e+03  7.935601e+03  1.086715e+04  1.646122e+04 
 4.104181e-02  4.201836e+03  7.831111e+03  1.072271e+04  1.623868e+04 
 4.161391e-02  4.147358e+03  7.728355e+03  1.058067e+04  1.601984e+04 
 4.219398e-02  4.093868e+03  7.627453e+03  1.044118e+04  1.580495e+04 
 4.278214e-02  4.041405e+03  7.528476e+03  1.030435e+04  1.559415e+04 
 4.337850e-02  3.989993e+03  7.431475e+03  1.017025e+04  1.538753e+04 
 4.398317e-02  3.939657e+03  7.336496e+03  1.003893e+04  1.518520e+04 
 4.459628e-02  3.890421e+03  7.243584e+03  9.910454e+03  1.498724e+04 
 4.521792e-02  3.842307e+03  7.152775e+03  9.784878e+03  1.479374e+04 
 4.584824e-02  3.795334e+03  7.064106e+03  9.662256e+03  1.460474e+04 
 4.648734e-02  3.749527e+03  6.977620e+03  9.542636e+03  1.442034e+04 
 4.713535e-02  3.705102e+03  6.894629e+03  9.428776e+03  1.424737e+04 
 4.779239e-02  3.661991e+03  6.814633e+03  9.319599e+03  1.408311e+04 
 4.845859e-02  3.620092e+03  6.736891e+03  9.213503e+03  1.392349e+04 
 4.913407e-02  3.579396e+03  6.661387e+03  9.110469e+03  1.376850e+04 
 4.981898e-02  3.539883e+03  6.588080e+03  9.010442e+03  1.361805e+04 
 5.051342e-02  3.501528e+03  6.516924e+03  8.913359e+03  1.347203e+04 
 5.121755e-02  3.464295e+03  6.447859e+03  8.819127e+03  1.333032e+04 
 5.193150e-02  3.428144e+03  6.380811e+03  8.727651e+03  1.319277e+04 
 5.265540e-02  3.393034e+03  6.315691e+03  8.638819e+03  1.305919e+04 
 5.338938e-02  3.358624e+03  6.251333e+03  8.550462e+03  1.292478e+04 
 5.413360e-02  3.324798e+03  6.187419e+03  8.462033e+03  1.278842e+04 
 5.488820e-02  3.291826e+03  6.125097e+03  8.375791e+03  1.265536e+04 
 5.565331e-02  3.259639e+03  6.064241e+03  8.291560e+03  1.252535e+04 
 5.642908e-02  3.228132e+03  6.004651e+03  8.209059e+03  1.239796e+04 
 5.721568e-02  3.197198e+03  5.946133e+03  8.128024e+03  1.227277e+04 
 5.801323e-02  3.166715e+03  5.888465e+03  8.048168e+03  1.214939e+04 
 5.882190e-02  3.136652e+03  5.831601e+03  7.969437e+03  1.202777e+04 
 5.964185e-02  3.107087e+03  5.776090e+03  7.892996e+03  1.191085e+04 
 6.047322e-02  3.078287e+03  5.723109e+03  7.821180e+03  1.180414e+04 
 6.131619e-02  3.049495e+03  5.670134e+03  7.749363e+03  1.169737e+04 
 6.217090e-02  3.020511e+03  5.616783e+03  7.677008e+03  1.158971e+04 
 6.303753e-02  2.991297e+03  5.562982e+03  7.604006e+03  1.148102e+04 
 6.391624e-02  2.961679e+03  5.508423e+03  7.529966e+03  1.137077e+04 
 6.480720e-02  2.931577e+03  5.452969e+03  7.454712e+03  1.125868e+04 
 6.571058e-02  2.900827e+03  5.396321e+03  7.377830e+03  1.114418e+04 
 6.662655e-02  2.867955e+03  5.333478e+03  7.290070e+03  1.100644e+04 
 6.755528e-02  2.834162e+03  5.268871e+03  7.199850e+03  1.086486e+04 
 6.849697e-02  2.799399e+03  5.202493e+03  7.107231e+03  1.071975e+04 
 6.945178e-02  2.763586e+03  5.134185e+03  7.012013e+03  1.057083e+04 
 7.041990e-02  2.726634e+03  5.063795e+03  6.913988e+03  1.041780e+04 
 7.140151e-02  2.688479e+03  4.991213e+03  6.813004e+03  1.026046e+04 
 7.239681e-02  2.649383e+03  4.917235e+03  6.710561e+03  1.010238e+04 
 7.340598e-02  2.609360e+03  4.841958e+03  6.606858e+03  9.944139e+03 
 7.442922e-02  2.568041e+03  4.764311e+03  6.499951e+03  9.781186e+03 
 7.546673e-02  2.525432e+03  4.684297e+03  6.389859e+03  9.613568e+03 
 7.651869e-02  2.481566e+03  4.601989e+03  6.276676e+03  9.441415e+03 
 7.758532e-02  2.436502e+03  4.517503e+03  6.160563e+03  9.264977e+03 
 7.866682e-02  2.391301e+03  4.434168e+03  6.047413e+03  9.096568e+03 
 7.976339e-02  2.346673e+03  4.354120e+03  5.940973e+03  8.943936e+03 
 8.087525e-02  2.301080e+03  4.272230e+03  5.831968e+03  8.787328e+03 
 8.200261e-02  2.254663e+03  4.188748e+03  5.720734e+03  8.627232e+03 
 8.314568e-02  2.207586e+03  4.103975e+03  5.607676e+03  8.464241e+03 
 8.430468e-02  2.160027e+03  4.018239e+03  5.493238e+03  8.299008e+03 
 8.547985e-02  2.111226e+03  3.928675e+03  5.372109e+03  8.120139e+03 
 8.667139e-02  2.061935e+03  3.837489e+03  5.248083e+03  7.935236e+03 
 8.787954e-02  2.012834e+03  3.746651e+03  5.124524e+03  7.751001e+03 
 8.910453e-02  1.964149e+03  3.656571e+03  5.001992e+03  7.568271e+03 
 9.034660e-02  1.916110e+03  3.567680e+03  4.881066e+03  7.387912e+03 
 9.160598e-02  1.869728e+03  3.482955e+03  4.766839e+03  7.220004e+03 
 9.288292e-02  1.825138e+03  3.402511e+03  4.659337e+03  7.064293e+03 
 9.417766e-02  1.781788e+03  3.324278e+03  4.554767e+03  6.912766e+03 
 9.549045e-02  1.739870e+03  3.248612e+03  4.453618e+03  6.766170e+03 
 9.682153e-02  1.699559e+03  3.175843e+03  4.356342e+03  6.625189e+03 
 9.817117e-02  1.661342e+03  3.107375e+03  4.265332e+03  6.494587e+03 
 9.953962e-02  1.625129e+03  3.042722e+03  4.179620e+03  6.372162e+03 
 1.009272e-01  1.590905e+03  2.981668e+03  4.098734e+03  6.256782e+03 
 1.023340e-01  1.558736e+03  2.924347e+03  4.022871e+03  6.148765e+03 
 1.037605e-01  1.527909e+03  2.868513e+03  3.948111e+03  6.040244e+03 
 1.052069e-01  1.496359e+03  2.807791e+03  3.863423e+03  5.909171e+03 
 1.066734e-01  1.466959e+03  2.751116e+03  3.784306e+03  5.786589e+03 
 1.081604e-01  1.439634e+03  2.698338e+03  3.710560e+03  5.672183e+03 
 1.096681e-01  1.414263e+03  2.649235e+03  3.641870e+03  5.565484e+03 
 1.111968e-01  1.391039e+03  2.604589e+03  3.579503e+03  5.468174e+03 
 1.127468e-01  1.369439e+03  2.563000e+03  3.521349e+03  5.377264e+03 
 1.143184e-01  1.349231e+03  2.524019e+03  3.466777e+03  5.291813e+03 
 1.159120e-01  1.330179e+03  2.487204e+03  3.415189e+03  5.210913e+03 
 1.175277e-01  1.313058e+03  2.455129e+03  3.371055e+03  5.143281e+03 
 1.191660e-01  1.296620e+03  2.424423e+03  3.328883e+03  5.078798e+03 
 1.208271e-01  1.280481e+03  2.394280e+03  3.287486e+03  5.015502e+03 
 1.225114e-01  1.264308e+03  2.364054e+03  3.245991e+03  4.952167e+03 
 1.242191e-01  1.247444e+03  2.332322e+03  3.202496e+03  4.886699e+03 
 1.259506e-01  1.230028e+03  2.299581e+03  3.157635e+03  4.819178e+03 
 1.277063e-01  1.211824e+03  2.265391e+03  3.110809e+03  4.748706e+03 
 1.294865e-01  1.193001e+03  2.230285e+03  3.062774e+03  4.676033e+03 
 1.312915e-01  1.173442e+03  2.194073e+03  3.013273e+03  4.600705e+03 
 1.331216e-01  1.152587e+03  2.155460e+03  2.960502e+03  4.520455e+03 
 1.349772e-01  1.130417e+03  2.114465e+03  2.904547e+03  4.435581e+03 
 1.368587e-01  1.108277e+03  2.075885e+03  2.854581e+03  4.367616e+03 
 1.387665e-01  1.084827e+03  2.034799e+03  2.801113e+03  4.294112e+03 
 1.407008e-01  1.060211e+03  1.991460e+03  2.744469e+03  4.215526e+03 
 1.426621e-01  1.035593e+03  1.948418e+03  2.687994e+03  4.135320e+03 
 1.446507e-01  1.010510e+03  1.904519e+03  2.630191e+03  4.052325e+03 
 1.466671e-01  9.849212e+02  1.859543e+03  2.570802e+03  3.966662e+03 
 1.487115e-01  9.568466e+02  1.807690e+03  2.500449e+03  3.861936e+03 
 1.507845e-01  9.274569e+02  1.751910e+03  2.423687e+03  3.745842e+03 
 1.528864e-01  8.987111e+02  1.697352e+03  2.348585e+03  3.632153e+03 
 1.550175e-01  8.730960e+02  1.650979e+03  2.286547e+03  3.541919e+03 
 1.571784e-01  8.501534e+02  1.611156e+03  2.234708e+03  3.469563e+03 
 1.593694e-01  8.285326e+02  1.573650e+03  2.185906e+03  3.401501e+03 
 1.615909e-01  8.090040e+02  1.540307e+03  2.142854e+03  3.341905e+03 
 1.638434e-01  7.913559e+02  1.510523e+03  2.104650e+03  3.289470e+03 
 1.661273e-01  7.754076e+02  1.483803e+03  2.070556e+03  3.243127e+03 
 1.684430e-01  7.573993e+02  1.449885e+03  2.024277e+03  3.174552e+03 
 1.707910e-01  7.406652e+02  1.417977e+03  1.980493e+03  3.109376e+03 
 1.731717e-01  7.260808e+02  1.390569e+03  1.943140e+03  3.054118e+03 
 1.755856e-01  7.152022e+02  1.371946e+03  1.918798e+03  3.019007e+03 
 1.780332e-01  7.053506e+02  1.355237e+03  1.897092e+03  2.987979e+03 
 1.805149e-01  6.941864e+02  1.333445e+03  1.866114e+03  2.938170e+03 
 1.830312e-01  6.822383e+02  1.308637e+03  1.829647e+03  2.877267e+03 
 1.855825e-01  6.705265e+02  1.284637e+03  1.794709e+03  2.819726e+03 
 1.881694e-01  6.592708e+02  1.263485e+03  1.766027e+03  2.777441e+03 
 1.907924e-01  6.475345e+02  1.241416e+03  1.736058e+03  2.733099e+03 
 1.934520e-01  6.345197e+02  1.216730e+03  1.702587e+03  2.684711e+03 
 1.961486e-01  6.204466e+02  1.189993e+03  1.666307e+03  2.632353e+03 
 1.988828e-01  6.068680e+02  1.165095e+03  1.632880e+03  2.584006e+03 
 2.016551e-01  5.944138e+02  1.143606e+03  1.604610e+03  2.543108e+03 
 2.044661e-01  5.809103e+02  1.119764e+03  1.572776e+03  2.496119e+03 
 2.073162e-01  5.656744e+02  1.090823e+03  1.532404e+03  2.433480e+03 
 2.102061e-01  5.500582e+02  1.061125e+03  1.490952e+03  2.369033e+03 
 2.131362e-01  5.387983e+02  1.044818e+03  1.471800e+03  2.344311e+03 
 2.161073e-01  5.278406e+02  1.029126e+03  1.453531e+03  2.320954e+03 
 2.191197e-01  5.136986e+02  1.004517e+03  1.421727e+03  2.278036e+03 
 2.221741e-01  4.994892e+02  9.790586e+02  1.388397e+03  2.232842e+03 
 2.252711e-01  4.867808e+02  9.570226e+02  1.360127e+03  2.194966e+03 
 2.284112e-01  4.753123e+02  9.374769e+02  1.335365e+03  2.162264e+03 
 2.315951e-01  4.653606e+02  9.196462e+02  1.311127e+03  2.124786e+03 
 2.348235e-01  4.566342e+02  9.037593e+02  1.288981e+03  2.088760e+03 
 2.380968e-01  4.464520e+02  8.834728e+02  1.260212e+03  2.043929e+03 
 2.414157e-01  4.364874e+02  8.632326e+02  1.231421e+03  1.999533e+03 
 2.447809e-01  4.266321e+02  8.437985e+02  1.204391e+03  1.957951e+03 
 2.481930e-01  4.172174e+02  8.253534e+02  1.178831e+03  1.918663e+03 
 2.516527e-01  4.116953e+02  8.160345e+02  1.166262e+03  1.899156e+03 
 2.551606e-01  4.049132e+02  8.037457e+02  1.149445e+03  1.873517e+03 
 2.587174e-01  3.944043e+02  7.826147e+02  1.120004e+03  1.829880e+03 
 2.623238e-01  3.855020e+02  7.660020e+02  1.097484e+03  1.797082e+03 
 2.659804e-01  3.783789e+02  7.543490e+02  1.082549e+03  1.776169e+03 
 2.696881e-01  3.687968e+02  7.367307e+02  1.058687e+03  1.739931e+03 
 2.734474e-01  3.584110e+02  7.172201e+02  1.032017e+03  1.698959e+03 
 2.772591e-01  3.506128e+02  7.044654e+02  1.016228e+03  1.678955e+03 
 2.811239e-01  3.423407e+02  6.900583e+02  9.979426e+02  1.656310e+03 
 2.850426e-01  3.336187e+02  6.738349e+02  9.769363e+02  1.631337e+03 
 2.890160e-01  3.257646e+02  6.603674e+02  9.594651e+02  1.605952e+03 
 2.930447e-01  3.185205e+02  6.476547e+02  9.421914e+02  1.578315e+03 
 2.971296e-01  3.116553e+02  6.336779e+02  9.207800e+02  1.540601e+03 
 3.012714e-01  3.054932e+02  6.227916e+02  9.061601e+02  1.518523e+03 
 3.054710e-01  2.994809e+02  6.126246e+02  8.934260e+02  1.501566e+03 
 3.097291e-01  2.922305e+02  5.990475e+02  8.755036e+02  1.477081e+03 
 3.140465e-01  2.856567e+02  5.854897e+02  8.557058e+02  1.443847e+03 
 3.184242e-01  2.798200e+02  5.736013e+02  8.382938e+02  1.414419e+03 
 3.228628e-01  2.752561e+02  5.660140e+02  8.288298e+02  1.403129e+03 
 3.273634e-01  2.686462e+02  5.525247e+02  8.092598e+02  1.371337e+03 
 3.319266e-01  2.617505e+02  5.390055e+02  7.904543e+02  1.342765e+03 
 3.365535e-01  2.552034e+02  5.272932e+02  7.753985e+02  1.322743e+03 
 3.412449e-01  2.507408e+02  5.213608e+02  7.682240e+02  1.310795e+03 
 3.460016e-01  2.457637e+02  5.131296e+02  7.575004e+02  1.295438e+03 
 3.508247e-01  2.408378e+02  5.041829e+02  7.454249e+02  1.277568e+03 
 3.557150e-01  2.360621e+02  4.951285e+02  7.330088e+02  1.258290e+03 
 3.606735e-01  2.305772e+02  4.851499e+02  7.197717e+02  1.239292e+03 
 3.657011e-01  2.239911e+02  4.724288e+02  7.022659e+02  1.214867e+03 
 3.707988e-01  2.187508e+02  4.621935e+02  6.881823e+02  1.193636e+03 
 3.759675e-01  2.139982e+02  4.529344e+02  6.753592e+02  1.174206e+03 
 3.812083e-01  2.091183e+02  4.439233e+02  6.630325e+02  1.156042e+03 
 3.865221e-01  2.050065e+02  4.377693e+02  6.556265e+02  1.142825e+03 
 3.919100e-01  2.007927e+02  4.277458e+02  6.403760e+02  1.122308e+03 
 3.973730e-01  1.960314e+02  4.198176e+02  6.303504e+02  1.105874e+03 
 4.029122e-01  1.922483e+02  4.137425e+02  6.217165e+02  1.089450e+03 
 4.085286e-01  1.883556e+02  4.052161e+02  6.094408e+02  1.071757e+03 
 4.142232e-01  1.836289e+02  3.954636e+02  5.965456e+02  1.055757e+03 
 4.199973e-01  1.790700e+02  3.875145e+02  5.863700e+02  1.040427e+03 
 4.258518e-01  1.754282e+02  3.805603e+02  5.762868e+02  1.022409e+03 
 4.317880e-01  1.715569e+02  3.727162e+02  5.645711e+02  1.004364e+03 
 4.378069e-01  1.681751e+02  3.658740e+02  5.547126e+02  9.876599e+02 
 4.439097e-01  1.653815e+02  3.614683e+02  5.494414e+02  9.831201e+02 
 4.500975e-01  1.609526e+02  3.530635e+02  5.377736e+02  9.655434e+02 
 4.563716e-01  1.572115e+02  3.452274e+02  5.262019e+02  9.442765e+02 
 4.627332e-01  1.548627e+02  3.419703e+02  5.227662e+02  9.411238e+02 
 4.691835e-01  1.509573e+02  3.340331e+02  5.111174e+02  9.210129e+02 
 4.757236e-01  1.481242e+02  3.284239e+02  5.034197e+02  9.091342e+02 
 4.823549e-01  1.442795e+02  3.203769e+02  4.920720e+02  8.938815e+02 
 4.890787e-01  1.412475e+02  3.143920e+02  4.838250e+02  8.804976e+02 
 4.958962e-01  1.389753e+02  3.098261e+02  4.765789e+02  8.668835e+02 
 5.028087e-01  1.359262e+02  3.044021e+02  4.691543e+02  8.558774e+02 
 5.098176e-01  1.334351e+02  2.997192e+02  4.621396e+02  8.415809e+02 
 5.169242e-01  1.311571e+02  2.953263e+02  4.562372e+02  8.334663e+02 
 5.241298e-01  1.269323e+02  2.880232e+02  4.471861e+02  8.221909e+02 
 5.314359e-01  1.247421e+02  2.845160e+02  4.422461e+02  8.141130e+02 
 5.388438e-01  1.221544e+02  2.785483e+02  4.332454e+02  8.003167e+02 
 5.463550e-01  1.200043e+02  2.741807e+02  4.266005e+02  7.891005e+02 
 5.539709e-01  1.168461e+02  2.685740e+02  4.193175e+02  7.772801e+02 
 5.616930e-01  1.147937e+02  2.644639e+02  4.134098e+02  7.680755e+02 
 5.695227e-01  1.125490e+02  2.607758e+02  4.086938e+02  7.573918e+02 
 5.774615e-01  1.100082e+02  2.547768e+02  3.997666e+02  7.446087e+02 
 5.855110e-01  1.080585e+02  2.510048e+02  3.937839e+02  7.344733e+02 
 5.936727e-01  1.055814e+02  2.451577e+02  3.857151e+02  7.220068e+02 
 6.019482e-01  1.038282e+02  2.423834e+02  3.810155e+02  7.132333e+02 
 6.103390e-01  1.013932e+02  2.381490e+02  3.753323e+02  7.026247e+02 
 6.188468e-01  9.914436e+01  2.344615e+02  3.721194e+02  6.999845e+02 
 6.274732e-01  9.751872e+01  2.301325e+02  3.646162e+02  6.878327e+02 
 6.362198e-01  9.559564e+01  2.266307e+02  3.592451e+02  6.771062e+02 
 6.450884e-01  9.337627e+01  2.225937e+02  3.535734e+02  6.669243e+02 
 6.540806e-01  9.144319e+01  2.178795e+02  3.463755e+02  6.565400e+02 
 6.631981e-01  8.945258e+01  2.147902e+02  3.429375e+02  6.497913e+02 
 6.724427e-01  8.776807e+01  2.110442e+02  3.377300e+02  6.433108e+02 
 6.818162e-01  8.590675e+01  2.072417e+02  3.308660e+02  6.306566e+02 
 6.913204e-01  8.408462e+01  2.035248e+02  3.260104e+02  6.219371e+02 
 7.009570e-01  8.289366e+01  2.005072e+02  3.215348e+02  6.138054e+02 
 7.107280e-01  8.079647e+01  1.971552e+02  3.166377e+02  6.040204e+02 
 7.206351e-01  7.955356e+01  1.941715e+02  3.126176e+02  5.989198e+02 
 7.306804e-01  7.795706e+01  1.911912e+02  3.075584e+02  5.882021e+02 
 7.408657e-01  7.623399e+01  1.874479e+02  3.021108e+02  5.805077e+02 
 7.511929e-01  7.462411e+01  1.840754e+02  2.976791e+02  5.723700e+02 
 7.616642e-01  7.317055e+01  1.807987e+02  2.929904e+02  5.650131e+02 
 7.722814e-01  7.221678e+01  1.788812e+02  2.895307e+02  5.564486e+02 
 7.830465e-01  7.069654e+01  1.754814e+02  2.847094e+02  5.489358e+02 
 7.939618e-01  6.938965e+01  1.731596e+02  2.809228e+02  5.435212e+02 
 8.050292e-01  6.785863e+01  1.700251e+02  2.771309e+02  5.360616e+02 
 8.162509e-01  6.669606e+01  1.674842e+02  2.723377e+02  5.265982e+02 
 8.276289e-01  6.507638e+01  1.642058e+02  2.680085e+02  5.197018e+02 
 8.391656e-01  6.427666e+01  1.622227e+02  2.642505e+02  5.139892e+02 
 8.508632e-01  6.308728e+01  1.594520e+02  2.605626e+02  5.066938e+02 
 8.627237e-01  6.171518e+01  1.569091e+02  2.566065e+02  4.984677e+02 
 8.747496e-01  6.057889e+01  1.542684e+02  2.527688e+02  4.916295e+02 
 8.869432e-01  5.952845e+01  1.520179e+02  2.492421e+02  4.849700e+02 
 8.993067e-01  5.833657e+01  1.495794e+02  2.454017e+02  4.777940e+02 
 9.118425e-01  5.740583e+01  1.470003e+02  2.412090e+02  4.690521e+02 
 9.245531e-01  5.616146e+01  1.445073e+02  2.373707e+02  4.637226e+02 
 9.374409e-01  5.509244e+01  1.422909e+02  2.342582e+02  4.570917e+02 
 9.505083e-01  5.417654e+01  1.400405e+02  2.307686e+02  4.503948e+02 
 9.637579e-01  5.301490e+01  1.373127e+02  2.266703e+02  4.436171e+02 
 9.771921e-01  5.233710e+01  1.364193e+02  2.242936e+02  4.373215e+02 
 9.908137e-01  5.132641e+01  1.338690e+02  2.206932e+02  4.314354e+02 
 1.004625e+00  5.033036e+01  1.313808e+02  2.167943e+02  4.237850e+02 
 1.018629e+00  4.948195e+01  1.295298e+02  2.136599e+02  4.174056e+02 
 1.032828e+00  4.853952e+01  1.274830e+02  2.108220e+02  4.128075e+02 
 1.047225e+00  4.760314e+01  1.256106e+02  2.073532e+02  4.053776e+02 
 1.061823e+00  4.686568e+01  1.238669e+02  2.044009e+02  3.991237e+02 
 1.076624e+00  4.598520e+01  1.218531e+02  2.012428e+02  3.927942e+02 
 1.091632e+00  4.518608e+01  1.198985e+02  1.982425e+02  3.865388e+02 
 1.106848e+00  4.432077e+01  1.177877e+02  1.951470e+02  3.809201e+02 
 1.122277e+00  4.353619e+01  1.160676e+02  1.918566e+02  3.743200e+02 
 1.137921e+00  4.274251e+01  1.140613e+02  1.888486e+02  3.684191e+02 
 1.153783e+00  4.204906e+01  1.122401e+02  1.858603e+02  3.628449e+02 
 1.169866e+00  4.128079e+01  1.105089e+02  1.829207e+02  3.573121e+02 
 1.186174e+00  4.052079e+01  1.088529e+02  1.800964e+02  3.512157e+02 
 1.202708e+00  3.986148e+01  1.071072e+02  1.772692e+02  3.454463e+02 
 1.219473e+00  3.917761e+01  1.054774e+02  1.745786e+02  3.394147e+02 
 1.236472e+00  3.847085e+01  1.038393e+02  1.719380e+02  3.340895e+02 
 1.253708e+00  3.783202e+01  1.020963e+02  1.690011e+02  3.288840e+02 
 1.271184e+00  3.718854e+01  1.008796e+02  1.667376e+02  3.232102e+02 
 1.288904e+00  3.654336e+01  9.889286e+01  1.637270e+02  3.182866e+02 
 1.306870e+00  3.586490e+01  9.732280e+01  1.610661e+02  3.126047e+02 
 1.325087e+00  3.530792e+01  9.583380e+01  1.584947e+02  3.069846e+02 
 1.343558e+00  3.470200e+01  9.426379e+01  1.558688e+02  3.016367e+02 
 1.362287e+00  3.415102e+01  9.267509e+01  1.530860e+02  2.964615e+02 
 1.381276e+00  3.356045e+01  9.116986e+01  1.503137e+02  2.912695e+02 
 1.400531e+00  3.299967e+01  8.970447e+01  1.478880e+02  2.857007e+02 
 1.420053e+00  3.240690e+01  8.815227e+01  1.454483e+02  2.805365e+02 
 1.439848e+00  3.187278e+01  8.676268e+01  1.428206e+02  2.755796e+02 
 1.459919e+00  3.128660e+01  8.528632e+01  1.403338e+02  2.702366e+02 
 1.480269e+00  3.082161e+01  8.373284e+01  1.377755e+02  2.648304e+02 
 1.500903e+00  3.028519e+01  8.236432e+01  1.352977e+02  2.604179e+02 
 1.521825e+00  2.976737e+01  8.109499e+01  1.330423e+02  2.554115e+02 
 1.543038e+00  2.925010e+01  7.969898e+01  1.308107e+02  2.508187e+02 
 1.564548e+00  2.879997e+01  7.835027e+01  1.284169e+02  2.458769e+02 
 1.586357e+00  2.831930e+01  7.709799e+01  1.261630e+02  2.411096e+02 
 1.608469e+00  2.782188e+01  7.581260e+01  1.239214e+02  2.367614e+02 
 1.630891e+00  2.743695e+01  7.437927e+01  1.214617e+02  2.318017e+02 
 1.653624e+00  2.694019e+01  7.309328e+01  1.193856e+02  2.276369e+02 
 1.676675e+00  2.649242e+01  7.195084e+01  1.172517e+02  2.229245e+02 
 1.700047e+00  2.603608e+01  7.068843e+01  1.150342e+02  2.185422e+02 
 1.723745e+00  2.560894e+01  6.941341e+01  1.128322e+02  2.138467e+02 
 1.747773e+00  2.515395e+01  6.814358e+01  1.106492e+02  2.094986e+02 
 1.772136e+00  2.473894e+01  6.691321e+01  1.084980e+02  2.054080e+02 
 1.796838e+00  2.433394e+01  6.569932e+01  1.064326e+02  2.010871e+02 
 1.821885e+00  2.393929e+01  6.449008e+01  1.043129e+02  1.969758e+02 
 1.847281e+00  2.353943e+01  6.341809e+01  1.023662e+02  1.928651e+02 
 1.873032e+00  2.314675e+01  6.217193e+01  1.002119e+02  1.888825e+02 
 1.899141e+00  2.274429e+01  6.099432e+01  9.827870e+01  1.849379e+02 
 1.925614e+00  2.237942e+01  5.990253e+01  9.634525e+01  1.809379e+02 
 1.952456e+00  2.206563e+01  5.884308e+01  9.443857e+01  1.770660e+02 
 1.979672e+00  2.165070e+01  5.777917e+01  9.257609e+01  1.733307e+02 
 2.007267e+00  2.131926e+01  5.666802e+01  9.059335e+01  1.697101e+02 
 2.035248e+00  2.093385e+01  5.556346e+01  8.871679e+01  1.659473e+02 
 2.063618e+00  2.058162e+01  5.447997e+01  8.691128e+01  1.622671e+02 
 2.092383e+00  2.023878e+01  5.343094e+01  8.506514e+01  1.587390e+02 
 2.121550e+00  1.988567e+01  5.236562e+01  8.327165e+01  1.551369e+02 
 2.151123e+00  1.955335e+01  5.134060e+01  8.146358e+01  1.516176e+02 
 2.181109e+00  1.921459e+01  5.030189e+01  7.974510e+01  1.482809e+02 
 2.211512e+00  1.888454e+01  4.926395e+01  7.797204e+01  1.447539e+02 
 2.242340e+00  1.856530e+01  4.830367e+01  7.629826e+01  1.415054e+02 
 2.273597e+00  1.822437e+01  4.731120e+01  7.455616e+01  1.382468e+02 
 2.305289e+00  1.793110e+01  4.634259e+01  7.295275e+01  1.350912e+02 
 2.337424e+00  1.761749e+01  4.537004e+01  7.131111e+01  1.320039e+02 
 2.370006e+00  1.730894e+01  4.443472e+01  6.975941e+01  1.290113e+02 
 2.403043e+00  1.699537e+01  4.351423e+01  6.815952e+01  1.259648e+02 
 2.436540e+00  1.671003e+01  4.261952e+01  6.664223e+01  1.230280e+02 
 2.470504e+00  1.641686e+01  4.173623e+01  6.511762e+01  1.201329e+02 
 2.504942e+00  1.612904e+01  4.087634e+01  6.366970e+01  1.173453e+02 
 2.539859e+00  1.585632e+01  3.999696e+01  6.219357e+01  1.145500e+02 
 2.575263e+00  1.556268e+01  3.913205e+01  6.081589e+01  1.118771e+02 
 2.611161e+00  1.529596e+01  3.828260e+01  5.936588e+01  1.092177e+02 
 2.647559e+00  1.502271e+01  3.744181e+01  5.795492e+01  1.065503e+02 
 2.684465e+00  1.475289e+01  3.664186e+01  5.658546e+01  1.039734e+02 
 2.721885e+00  1.447369e+01  3.580028e+01  5.525614e+01  1.014409e+02 
 2.759826e+00  1.420897e+01  3.498324e+01  5.392125e+01  9.896709e+01 
 2.798297e+00  1.394550e+01  3.421043e+01  5.263819e+01  9.659532e+01 
 2.837304e+00  1.368794e+01  3.343055e+01  5.137064e+01  9.420777e+01 
 2.876854e+00  1.343078e+01  3.266319e+01  5.011973e+01  9.189976e+01 
 2.916956e+00  1.318045e+01  3.192530e+01  4.890289e+01  8.961203e+01 
 2.957617e+00  1.293742e+01  3.120408e+01  4.773153e+01  8.742202e+01 
 2.998844e+00  1.269226e+01  3.049275e+01  4.656509e+01  8.525591e+01 
 3.040646e+00  1.245337e+01  2.978509e+01  4.543277e+01  8.320814e+01 
 3.083031e+00  1.221842e+01  2.909477e+01  4.432731e+01  8.116316e+01 
 3.126007e+00  1.199281e+01  2.843055e+01  4.324502e+01  7.914328e+01 
 3.169582e+00  1.176183e+01  2.775288e+01  4.217247e+01  7.719290e+01 
 3.213764e+00  1.153637e+01  2.710420e+01  4.112928e+01  7.527580e+01 
 3.258562e+00  1.130886e+01  2.647222e+01  4.010447e+01  7.339321e+01 
 3.303985e+00  1.108690e+01  2.583020e+01  3.910536e+01  7.155357e+01 
 3.350041e+00  1.086971e+01  2.520250e+01  3.810781e+01  6.973717e+01 
 3.396739e+00  1.064870e+01  2.459648e+01  3.715402e+01  6.795624e+01 
 3.444087e+00  1.043889e+01  2.398860e+01  3.619713e+01  6.622359e+01 
 3.492096e+00  1.022848e+01  2.340859e+01  3.528527e+01  6.455862e+01 
 3.540774e+00  1.001707e+01  2.284097e+01  3.439174e+01  6.291541e+01 
 3.590130e+00  9.814518e+00  2.227412e+01  3.350680e+01  6.132532e+01 
 3.640175e+00  9.617372e+00  2.172763e+01  3.266274e+01  5.975874e+01 
 3.690917e+00  9.416793e+00  2.120051e+01  3.182047e+01  5.824213e+01 
 3.742366e+00  9.222738e+00  2.066959e+01  3.101333e+01  5.678413e+01 
 3.794533e+00  9.035177e+00  2.016791e+01  3.022684e+01  5.534057e+01 
 3.847427e+00  8.848649e+00  1.966463e+01  2.945810e+01  5.395376e+01 
 3.901058e+00  8.660586e+00  1.918321e+01  2.871199e+01  5.258067e+01 
 3.955436e+00  8.483741e+00  1.870511e+01  2.796633e+01  5.123779e+01 
 4.010573e+00  8.301571e+00  1.823591e+01  2.725524e+01  4.993890e+01 
 4.066478e+00  8.124609e+00  1.777483e+01  2.654616e+01  4.864975e+01 
 4.123163e+00  7.948795e+00  1.732881e+01  2.585714e+01  4.739345e+01 
 4.180637e+00  7.777545e+00  1.689054e+01  2.518564e+01  4.616093e+01 
 4.238913e+00  7.607676e+00  1.645667e+01  2.452620e+01  4.497238e+01 
 4.298001e+00  7.437467e+00  1.603649e+01  2.388661e+01  4.380054e+01 
 4.357913e+00  7.277547e+00  1.562550e+01  2.326575e+01  4.267301e+01 
 4.418660e+00  7.114651e+00  1.522844e+01  2.265595e+01  4.157316e+01 
 4.480254e+00  6.955285e+00  1.483696e+01  2.206502e+01  4.049652e+01 
 4.542706e+00  6.801650e+00  1.445469e+01  2.148761e+01  3.944667e+01 
 4.606029e+00  6.649358e+00  1.408867e+01  2.093205e+01  3.843767e+01 
 4.670234e+00  6.500196e+00  1.372947e+01  2.039245e+01  3.745385e+01 
 4.735335e+00  6.354559e+00  1.338059e+01  1.986348e+01  3.648938e+01 
 4.801343e+00  6.213834e+00  1.304158e+01  1.935153e+01  3.554817e+01 
 4.868271e+00  6.073695e+00  1.270840e+01  1.884923e+01  3.463395e+01 
 4.936132e+00  5.935690e+00  1.238228e+01  1.836054e+01  3.373945e+01 
 5.004939e+00  5.799883e+00  1.206488e+01  1.788144e+01  3.286420e+01 
 5.074705e+00  5.665560e+00  1.175232e+01  1.741181e+01  3.200811e+01 
 5.145444e+00  5.534803e+00  1.144844e+01  1.695537e+01  3.117449e+01 
 5.217169e+00  5.405075e+00  1.115004e+01  1.650677e+01  3.034985e+01 
 5.289893e+00  5.280053e+00  1.086110e+01  1.607657e+01  2.955695e+01 
 5.363631e+00  5.154764e+00  1.057851e+01  1.564961e+01  2.878013e+01 
 5.438397e+00  5.034018e+00  1.030242e+01  1.523780e+01  2.802117e+01 
 5.514206e+00  4.915137e+00  1.003454e+01  1.483743e+01  2.728673e+01 
 5.591071e+00  4.797868e+00  9.774684e+00  1.444693e+01  2.657237e+01 
 5.669007e+00  4.685677e+00  9.520528e+00  1.406976e+01  2.587759e+01 
 5.748030e+00  4.574971e+00  9.275279e+00  1.370093e+01  2.519919e+01 
 5.828155e+00  4.466872e+00  9.036375e+00  1.334471e+01  2.454133e+01 
 5.909396e+00  4.361486e+00  8.803656e+00  1.299771e+01  2.390439e+01 
 5.991770e+00  4.258144e+00  8.576662e+00  1.265882e+01  2.328182e+01 
 6.075292e+00  4.157625e+00  8.357028e+00  1.233020e+01  2.267440e+01 
 6.159978e+00  4.058630e+00  8.141630e+00  1.200925e+01  2.208146e+01 
 6.245845e+00  3.961440e+00  7.931116e+00  1.169509e+01  2.149989e+01 
 6.332908e+00  3.865821e+00  7.724085e+00  1.138686e+01  2.093001e+01 
 6.421186e+00  3.772887e+00  7.523111e+00  1.108594e+01  2.037383e+01 
 6.510694e+00  3.681087e+00  7.326511e+00  1.079366e+01  1.983193e+01 
 6.601449e+00  3.592053e+00  7.135617e+00  1.050843e+01  1.930413e+01 
 6.693470e+00  3.504458e+00  6.948398e+00  1.022952e+01  1.878863e+01 
 6.786773e+00  3.418991e+00  6.767252e+00  9.958721e+00  1.828773e+01 
 6.881377e+00  3.336210e+00  6.590986e+00  9.695649e+00  1.779842e+01 
 6.977300e+00  3.255209e+00  6.420020e+00  9.440979e+00  1.732501e+01 
 7.074559e+00  3.176584e+00  6.253175e+00  9.191842e+00  1.686377e+01 
 7.173175e+00  3.099538e+00  6.091756e+00  8.950979e+00  1.641671e+01 
 7.273165e+00  3.024931e+00  5.935040e+00  8.717761e+00  1.598157e+01 
 7.374549e+00  2.952119e+00  5.782267e+00  8.489344e+00  1.555964e+01 
 7.477346e+00  2.880954e+00  5.634490e+00  8.269123e+00  1.514826e+01 
 7.581576e+00  2.812017e+00  5.489422e+00  8.053148e+00  1.474725e+01 
 7.687260e+00  2.744222e+00  5.348504e+00  7.842553e+00  1.435640e+01 
 7.794416e+00  2.677907e+00  5.210413e+00  7.635841e+00  1.397287e+01 
 7.903066e+00  2.612945e+00  5.075177e+00  7.433824e+00  1.359692e+01 
 8.013230e+00  2.549449e+00  4.943890e+00  7.238287e+00  1.323120e+01 
 8.124930e+00  2.487279e+00  4.815559e+00  7.046459e+00  1.287361e+01 
 8.238187e+00  2.426842e+00  4.690145e+00  6.859212e+00  1.252579e+01 
 8.353023e+00  2.367765e+00  4.568467e+00  6.677774e+00  1.218668e+01 
 8.469460e+00  2.310376e+00  4.450252e+00  6.501046e+00  1.185710e+01 
 8.587519e+00  2.254462e+00  4.335088e+00  6.329143e+00  1.153685e+01 
 8.707225e+00  2.200068e+00  4.223006e+00  6.162317e+00  1.122582e+01 
 8.828599e+00  2.147222e+00  4.114819e+00  6.000358e+00  1.092309e+01 
 8.951665e+00  2.095764e+00  4.009582e+00  5.843149e+00  1.063003e+01 
 9.076446e+00  2.045851e+00  3.907511e+00  5.691042e+00  1.034592e+01 
 9.202967e+00  1.997323e+00  3.808297e+00  5.543168e+00  1.006927e+01 
 9.331251e+00  1.950080e+00  3.711687e+00  5.398972e+00  9.800414e+00 
 9.461324e+00  0.000000e+00  0.000000e+00  0.000000e+00  0.000000e+00 
 9.593209e+00  0.000000e+00  0.000000e+00  0.000000e+00  0.000000e+00 
 9.726934e+00  0.000000e+00  0.000000e+00  0.000000e+00  0.000000e+00 
 9.862522e+00  0.000000e+00  0.000000e+00  0.000000e+00  0.000000e+00 
 1.000000e+01  0.000000e+00  0.000000e+00  0.000000e+00  0.000000e+00 
