 1.000000e-02  5.412010e+03  1.017391e+04  1.404241e+04  2.163260e+04 
 1.013939e-02  5.443941e+03  1.023383e+04  1.412498e+04  2.175937e+04 
 1.028073e-02  5.475465e+03  1.029297e+04  1.420647e+04  2.188448e+04 
 1.042404e-02  5.506563e+03  1.035130e+04  1.428686e+04  2.200784e+04 
 1.056935e-02  5.537218e+03  1.040879e+04  1.436606e+04  2.212938e+04 
 1.071668e-02  5.567408e+03  1.046541e+04  1.444405e+04  2.224900e+04 
 1.086606e-02  5.597117e+03  1.052111e+04  1.452077e+04  2.236668e+04 
 1.101753e-02  5.626328e+03  1.057586e+04  1.459618e+04  2.248230e+04 
 1.117111e-02  5.655019e+03  1.062964e+04  1.467023e+04  2.259583e+04 
 1.132683e-02  5.683169e+03  1.068239e+04  1.474285e+04  2.270712e+04 
 1.148472e-02  5.710757e+03  1.073408e+04  1.481400e+04  2.281612e+04 
 1.164481e-02  5.737759e+03  1.078465e+04  1.488361e+04  2.292274e+04 
 1.180713e-02  5.764156e+03  1.083408e+04  1.495164e+04  2.302689e+04 
 1.197171e-02  5.789926e+03  1.088233e+04  1.501802e+04  2.312849e+04 
 1.213859e-02  5.815048e+03  1.092936e+04  1.508270e+04  2.322744e+04 
 1.230780e-02  5.839501e+03  1.097511e+04  1.514563e+04  2.332366e+04 
 1.247936e-02  5.863260e+03  1.101955e+04  1.520674e+04  2.341708e+04 
 1.265332e-02  5.886306e+03  1.106265e+04  1.526599e+04  2.350758e+04 
 1.282970e-02  5.908613e+03  1.110434e+04  1.532329e+04  2.359507e+04 
 1.300854e-02  5.930169e+03  1.114461e+04  1.537862e+04  2.367951e+04 
 1.318987e-02  5.950944e+03  1.118342e+04  1.543192e+04  2.376078e+04 
 1.337373e-02  5.970921e+03  1.122072e+04  1.548312e+04  2.383882e+04 
 1.356015e-02  5.990080e+03  1.125647e+04  1.553219e+04  2.391353e+04 
 1.374917e-02  6.008395e+03  1.129062e+04  1.557905e+04  2.398482e+04 
 1.394083e-02  6.025850e+03  1.132315e+04  1.562365e+04  2.405261e+04 
 1.413516e-02  6.042408e+03  1.135399e+04  1.566591e+04  2.411676e+04 
 1.433219e-02  6.058063e+03  1.138311e+04  1.570581e+04  2.417726e+04 
 1.453198e-02  6.072778e+03  1.141048e+04  1.574325e+04  2.423395e+04 
 1.473454e-02  6.086536e+03  1.143603e+04  1.577820e+04  2.428676e+04 
 1.493993e-02  6.099303e+03  1.145971e+04  1.581055e+04  2.433555e+04 
 1.514819e-02  6.111178e+03  1.148172e+04  1.584061e+04  2.438079e+04 
 1.535935e-02  6.122076e+03  1.150190e+04  1.586812e+04  2.442209e+04 
 1.557345e-02  6.131928e+03  1.152010e+04  1.589290e+04  2.445916e+04 
 1.579053e-02  6.140709e+03  1.153628e+04  1.591488e+04  2.449191e+04 
 1.601064e-02  6.148399e+03  1.155041e+04  1.593401e+04  2.452023e+04 
 1.623382e-02  6.154974e+03  1.156243e+04  1.595025e+04  2.454406e+04 
 1.646012e-02  6.160423e+03  1.157233e+04  1.596352e+04  2.456333e+04 
 1.668956e-02  6.164721e+03  1.158005e+04  1.597382e+04  2.457794e+04 
 1.692220e-02  6.167852e+03  1.158558e+04  1.598105e+04  2.458785e+04 
 1.715809e-02  6.169802e+03  1.158888e+04  1.598520e+04  2.459298e+04 
 1.739726e-02  6.170548e+03  1.158990e+04  1.598623e+04  2.459326e+04 
 1.763977e-02  6.170072e+03  1.158863e+04  1.598406e+04  2.458860e+04 
 1.788566e-02  6.168349e+03  1.158500e+04  1.597864e+04  2.457890e+04 
 1.813498e-02  6.165365e+03  1.157900e+04  1.596993e+04  2.456414e+04 
 1.838777e-02  6.161098e+03  1.157058e+04  1.595788e+04  2.454418e+04 
 1.864409e-02  6.155532e+03  1.155971e+04  1.594245e+04  2.451898e+04 
 1.890397e-02  6.148641e+03  1.154634e+04  1.592355e+04  2.448845e+04 
 1.916748e-02  6.140416e+03  1.153047e+04  1.590119e+04  2.445255e+04 
 1.943467e-02  6.130845e+03  1.151206e+04  1.587532e+04  2.441123e+04 
 1.970558e-02  6.119912e+03  1.149107e+04  1.584590e+04  2.436443e+04 
 1.998026e-02  6.107603e+03  1.146750e+04  1.581291e+04  2.431209e+04 
 2.025878e-02  6.093912e+03  1.144133e+04  1.577632e+04  2.425421e+04 
 2.054117e-02  6.078835e+03  1.141255e+04  1.573611e+04  2.419073e+04 
 2.082751e-02  6.062365e+03  1.138114e+04  1.569229e+04  2.412166e+04 
 2.111783e-02  6.044491e+03  1.134710e+04  1.564482e+04  2.404696e+04 
 2.141220e-02  6.025316e+03  1.131056e+04  1.559387e+04  2.396678e+04 
 2.171068e-02  6.005345e+03  1.127229e+04  1.554023e+04  2.388172e+04 
 2.201331e-02  5.983980e+03  1.123138e+04  1.548297e+04  2.379107e+04 
 2.232016e-02  5.961210e+03  1.118782e+04  1.542206e+04  2.369477e+04 
 2.263130e-02  5.937038e+03  1.114163e+04  1.535749e+04  2.359283e+04 
 2.294676e-02  5.911459e+03  1.109280e+04  1.528928e+04  2.348528e+04 
 2.326663e-02  5.884486e+03  1.104135e+04  1.521744e+04  2.337212e+04 
 2.359095e-02  5.856108e+03  1.098724e+04  1.514196e+04  2.325335e+04 
 2.391980e-02  5.826334e+03  1.093052e+04  1.506286e+04  2.312898e+04 
 2.425323e-02  5.795170e+03  1.087119e+04  1.498015e+04  2.299907e+04 
 2.459130e-02  5.762650e+03  1.080931e+04  1.489393e+04  2.286374e+04 
 2.493409e-02  5.728774e+03  1.074488e+04  1.480418e+04  2.272301e+04 
 2.528166e-02  5.693569e+03  1.067796e+04  1.471100e+04  2.257696e+04 
 2.563407e-02  5.657050e+03  1.060857e+04  1.461442e+04  2.242570e+04 
 2.599140e-02  5.619259e+03  1.053679e+04  1.451455e+04  2.226938e+04 
 2.635371e-02  5.580226e+03  1.046268e+04  1.441145e+04  2.210810e+04 
 2.672106e-02  5.539995e+03  1.038632e+04  1.430526e+04  2.194208e+04 
 2.709354e-02  5.498603e+03  1.030779e+04  1.419607e+04  2.177146e+04 
 2.747121e-02  5.456101e+03  1.022717e+04  1.408401e+04  2.159641e+04 
 2.785414e-02  5.412441e+03  1.014440e+04  1.396901e+04  2.141693e+04 
 2.824241e-02  5.367380e+03  1.005913e+04  1.385066e+04  2.123262e+04 
 2.863610e-02  5.321285e+03  9.971910e+03  1.372966e+04  2.104424e+04 
 2.903527e-02  5.274191e+03  9.882818e+03  1.360607e+04  2.085191e+04 
 2.944000e-02  5.226128e+03  9.791914e+03  1.348000e+04  2.065577e+04 
 2.985038e-02  5.177141e+03  9.699284e+03  1.335154e+04  2.045601e+04 
 3.026648e-02  5.127275e+03  9.605010e+03  1.322082e+04  2.025281e+04 
 3.068838e-02  5.076580e+03  9.509186e+03  1.308798e+04  2.004637e+04 
 3.111616e-02  5.025109e+03  9.411910e+03  1.295314e+04  1.983691e+04 
 3.154990e-02  4.972923e+03  9.313303e+03  1.281649e+04  1.962469e+04 
 3.198969e-02  4.920091e+03  9.213488e+03  1.267817e+04  1.940997e+04 
 3.243561e-02  4.866686e+03  9.112608e+03  1.253840e+04  1.919305e+04 
 3.288774e-02  4.812784e+03  9.010807e+03  1.239737e+04  1.897423e+04 
 3.334618e-02  4.758477e+03  8.908249e+03  1.225531e+04  1.875389e+04 
 3.381101e-02  4.703855e+03  8.805112e+03  1.211245e+04  1.853238e+04 
 3.428231e-02  4.649013e+03  8.701573e+03  1.196906e+04  1.831007e+04 
 3.476019e-02  4.593972e+03  8.597981e+03  1.182597e+04  1.808942e+04 
 3.524473e-02  4.538838e+03  8.494230e+03  1.168267e+04  1.786853e+04 
 3.573602e-02  4.483659e+03  8.390408e+03  1.153930e+04  1.764754e+04 
 3.623416e-02  4.428487e+03  8.286599e+03  1.139593e+04  1.742664e+04 
 3.673925e-02  4.373373e+03  8.182910e+03  1.125276e+04  1.720604e+04 
 3.725137e-02  4.318376e+03  8.079448e+03  1.110990e+04  1.698598e+04 
 3.777064e-02  4.263552e+03  7.976318e+03  1.096751e+04  1.676669e+04 
 3.829714e-02  4.208968e+03  7.873642e+03  1.082575e+04  1.654842e+04 
 3.883098e-02  4.154686e+03  7.771548e+03  1.068481e+04  1.633145e+04 
 3.937226e-02  4.100781e+03  7.670174e+03  1.054487e+04  1.611606e+04 
 3.992109e-02  4.047331e+03  7.569655e+03  1.040613e+04  1.590255e+04 
 4.047757e-02  3.994402e+03  7.470091e+03  1.026867e+04  1.569095e+04 
 4.104181e-02  3.941881e+03  7.370707e+03  1.013079e+04  1.547677e+04 
 4.161391e-02  3.890072e+03  7.272672e+03  9.994801e+03  1.526553e+04 
 4.219398e-02  3.839076e+03  7.176173e+03  9.860933e+03  1.505761e+04 
 4.278214e-02  3.788970e+03  7.081354e+03  9.729392e+03  1.485331e+04 
 4.337850e-02  3.739821e+03  6.988334e+03  9.600343e+03  1.465287e+04 
 4.398317e-02  3.691644e+03  6.897149e+03  9.473829e+03  1.445637e+04 
 4.459628e-02  3.644468e+03  6.807851e+03  9.349926e+03  1.426391e+04 
 4.521792e-02  3.598325e+03  6.720491e+03  9.228707e+03  1.407559e+04 
 4.584824e-02  3.553229e+03  6.635111e+03  9.110221e+03  1.389152e+04 
 4.648734e-02  3.509213e+03  6.551759e+03  8.994544e+03  1.371177e+04 
 4.713535e-02  3.466441e+03  6.471539e+03  8.884048e+03  1.354244e+04 
 4.779239e-02  3.424873e+03  6.394058e+03  8.777838e+03  1.338113e+04 
 4.845859e-02  3.384446e+03  6.318709e+03  8.674555e+03  1.322429e+04 
 4.913407e-02  3.345179e+03  6.245526e+03  8.574248e+03  1.307199e+04 
 4.981898e-02  3.307081e+03  6.174526e+03  8.476939e+03  1.292425e+04 
 5.051342e-02  3.270142e+03  6.105694e+03  8.382604e+03  1.278105e+04 
 5.121755e-02  3.234345e+03  6.038991e+03  8.291196e+03  1.264230e+04 
 5.193150e-02  3.199664e+03  5.974367e+03  8.202644e+03  1.250789e+04 
 5.265540e-02  3.166067e+03  5.911774e+03  8.116875e+03  1.237771e+04 
 5.338938e-02  3.133269e+03  5.850182e+03  8.031959e+03  1.224737e+04 
 5.413360e-02  3.101195e+03  5.789350e+03  7.947464e+03  1.211591e+04 
 5.488820e-02  3.070079e+03  5.730317e+03  7.865443e+03  1.198823e+04 
 5.565331e-02  3.039886e+03  5.673014e+03  7.785796e+03  1.186418e+04 
 5.642908e-02  3.010474e+03  5.617167e+03  7.708153e+03  1.174316e+04 
 5.721568e-02  2.981836e+03  5.562771e+03  7.632508e+03  1.162520e+04 
 5.801323e-02  2.953822e+03  5.509571e+03  7.558532e+03  1.150985e+04 
 5.882190e-02  2.926500e+03  5.457691e+03  7.486395e+03  1.139740e+04 
 5.964185e-02  2.899765e+03  5.407250e+03  7.416611e+03  1.128958e+04 
 6.047322e-02  2.873868e+03  5.359295e+03  7.351216e+03  1.119121e+04 
 6.131619e-02  2.848169e+03  5.311687e+03  7.286270e+03  1.109344e+04 
 6.217090e-02  2.822618e+03  5.264337e+03  7.221668e+03  1.099615e+04 
 6.303753e-02  2.797061e+03  5.216981e+03  7.157054e+03  1.089887e+04 
 6.391624e-02  2.771418e+03  5.169473e+03  7.092237e+03  1.080128e+04 
 6.480720e-02  2.745530e+03  5.121512e+03  7.026807e+03  1.070277e+04 
 6.571058e-02  2.719269e+03  5.072858e+03  6.960423e+03  1.060282e+04 
 6.662655e-02  2.691253e+03  5.018883e+03  6.884500e+03  1.048188e+04 
 6.755528e-02  2.662594e+03  4.963657e+03  6.806807e+03  1.035810e+04 
 6.849697e-02  2.633207e+03  4.907094e+03  6.727304e+03  1.023163e+04 
 6.945178e-02  2.602971e+03  4.848967e+03  6.645683e+03  1.010203e+04 
 7.041990e-02  2.571796e+03  4.789112e+03  6.561720e+03  9.968968e+03 
 7.140151e-02  2.539583e+03  4.727352e+03  6.475171e+03  9.832081e+03 
 7.239681e-02  2.506502e+03  4.664261e+03  6.387171e+03  9.694262e+03 
 7.340598e-02  2.472546e+03  4.599883e+03  6.297840e+03  9.555940e+03 
 7.442922e-02  2.437346e+03  4.533215e+03  6.205400e+03  9.413002e+03 
 7.546673e-02  2.400872e+03  4.464205e+03  6.109785e+03  9.265351e+03 
 7.651869e-02  2.363110e+03  4.392830e+03  6.010971e+03  9.112960e+03 
 7.758532e-02  2.324064e+03  4.319100e+03  5.908973e+03  8.955861e+03 
 7.866682e-02  2.284652e+03  4.245956e+03  5.809062e+03  8.805306e+03 
 7.976339e-02  2.245464e+03  4.175259e+03  5.714556e+03  8.668335e+03 
 8.087525e-02  2.205095e+03  4.102325e+03  5.616953e+03  8.526595e+03 
 8.200261e-02  2.163634e+03  4.027319e+03  5.516478e+03  8.380414e+03 
 8.314568e-02  2.121195e+03  3.950448e+03  5.413406e+03  8.230193e+03 
 8.430468e-02  2.077915e+03  3.871965e+03  5.308081e+03  8.076441e+03 
 8.547985e-02  2.033182e+03  3.789464e+03  5.195983e+03  7.909276e+03 
 8.667139e-02  1.987600e+03  3.704776e+03  5.080299e+03  7.735207e+03 
 8.787954e-02  1.941738e+03  3.619567e+03  4.963902e+03  7.560044e+03 
 8.910453e-02  1.895801e+03  3.534212e+03  4.847305e+03  7.384560e+03 
 9.034660e-02  1.850000e+03  3.449113e+03  4.731053e+03  7.209575e+03 
 9.160598e-02  1.805353e+03  3.367271e+03  4.620313e+03  7.045504e+03 
 9.288292e-02  1.761980e+03  3.288775e+03  4.515072e+03  6.892013e+03 
 9.417766e-02  1.719354e+03  3.211581e+03  4.411532e+03  6.740875e+03 
 9.549045e-02  1.677694e+03  3.136100e+03  4.310255e+03  6.592943e+03 
 9.682153e-02  1.637211e+03  3.062724e+03  4.211780e+03  6.449038e+03 
 9.817117e-02  1.598460e+03  2.993059e+03  4.118862e+03  6.314763e+03 
 9.953962e-02  1.561377e+03  2.926612e+03  4.030463e+03  6.187611e+03 
 1.009272e-01  1.525969e+03  2.863182e+03  3.946102e+03  6.066328e+03 
 1.023340e-01  1.492380e+03  2.803051e+03  3.866171e+03  5.951532e+03 
 1.037605e-01  1.460032e+03  2.744310e+03  3.787274e+03  5.836211e+03 
 1.052069e-01  1.427180e+03  2.681429e+03  3.699707e+03  5.700550e+03 
 1.066734e-01  1.396447e+03  2.622543e+03  3.617656e+03  5.573339e+03 
 1.081604e-01  1.367831e+03  2.567644e+03  3.541108e+03  5.454561e+03 
 1.096681e-01  1.341297e+03  2.516662e+03  3.469961e+03  5.344051e+03 
 1.111968e-01  1.316987e+03  2.470176e+03  3.405111e+03  5.242720e+03 
 1.127468e-01  1.294578e+03  2.427272e+03  3.345199e+03  5.148932e+03 
 1.143184e-01  1.273917e+03  2.387642e+03  3.289798e+03  5.062053e+03 
 1.159120e-01  1.254823e+03  2.350952e+03  3.238443e+03  4.981377e+03 
 1.175277e-01  1.237835e+03  2.318989e+03  3.194246e+03  4.912965e+03 
 1.191660e-01  1.222032e+03  2.289304e+03  3.153237e+03  4.849541e+03 
 1.208271e-01  1.207083e+03  2.261217e+03  3.114424e+03  4.789473e+03 
 1.225114e-01  1.192660e+03  2.234067e+03  3.076881e+03  4.731372e+03 
 1.242191e-01  1.177995e+03  2.206039e+03  3.037950e+03  4.671340e+03 
 1.259506e-01  1.163340e+03  2.178042e+03  2.999075e+03  4.611416e+03 
 1.277063e-01  1.148403e+03  2.149536e+03  2.959517e+03  4.550478e+03 
 1.294865e-01  1.133174e+03  2.120604e+03  2.919332e+03  4.488045e+03 
 1.312915e-01  1.117452e+03  2.090892e+03  2.878030e+03  4.423282e+03 
 1.331216e-01  1.100707e+03  2.059296e+03  2.834170e+03  4.354679e+03 
 1.349772e-01  1.082797e+03  2.025593e+03  2.787500e+03  4.282018e+03 
 1.368587e-01  1.064807e+03  1.993851e+03  2.745975e+03  4.224551e+03 
 1.387665e-01  1.045415e+03  1.959466e+03  2.700794e+03  4.161391e+03 
 1.407008e-01  1.024631e+03  1.922444e+03  2.651952e+03  4.092505e+03 
 1.426621e-01  1.003498e+03  1.885208e+03  2.602755e+03  4.021743e+03 
 1.446507e-01  9.814459e+02  1.846334e+03  2.551243e+03  3.946904e+03 
 1.466671e-01  9.583325e+02  1.805388e+03  2.496809e+03  3.867420e+03 
 1.487115e-01  9.324701e+02  1.757427e+03  2.431469e+03  3.769369e+03 
 1.507845e-01  9.048465e+02  1.704940e+03  2.359064e+03  3.659218e+03 
 1.528864e-01  8.771492e+02  1.652340e+03  2.286497e+03  3.548720e+03 
 1.550175e-01  8.518808e+02  1.606710e+03  2.225493e+03  3.459991e+03 
 1.571784e-01  8.286335e+02  1.566462e+03  2.173185e+03  3.387229e+03 
 1.593694e-01  8.061165e+02  1.527409e+03  2.122353e+03  3.316322e+03 
 1.615909e-01  7.853037e+02  1.491943e+03  2.076650e+03  3.253341e+03 
 1.638434e-01  7.660457e+02  1.459455e+03  2.035035e+03  3.196458e+03 
 1.661273e-01  7.482351e+02  1.429516e+03  1.996783e+03  3.144427e+03 
 1.684430e-01  7.286321e+02  1.393079e+03  1.947349e+03  3.071463e+03 
 1.707910e-01  7.104170e+02  1.358866e+03  1.900689e+03  3.002257e+03 
 1.731717e-01  6.944798e+02  1.329312e+03  1.860632e+03  2.943197e+03 
 1.755856e-01  6.822107e+02  1.308179e+03  1.832944e+03  2.903239e+03 
 1.780332e-01  6.714385e+02  1.289836e+03  1.809098e+03  2.869237e+03 
 1.805149e-01  6.599181e+02  1.267433e+03  1.777267e+03  2.817863e+03 
 1.830312e-01  6.482646e+02  1.243227e+03  1.741566e+03  2.757587e+03 
 1.855825e-01  6.374669e+02  1.220923e+03  1.708849e+03  2.702854e+03 
 1.881694e-01  6.274503e+02  1.201585e+03  1.682142e+03  2.662315e+03 
 1.907924e-01  6.175386e+02  1.182460e+03  1.655738e+03  2.622257e+03 
 1.934520e-01  6.066869e+02  1.161132e+03  1.626175e+03  2.578136e+03 
 1.961486e-01  5.950667e+02  1.138224e+03  1.594393e+03  2.530821e+03 
 1.988828e-01  5.840120e+02  1.117330e+03  1.565801e+03  2.488372e+03 
 2.016551e-01  5.739651e+02  1.099668e+03  1.542245e+03  2.453590e+03 
 2.044661e-01  5.627250e+02  1.079479e+03  1.514952e+03  2.412556e+03 
 2.073162e-01  5.496262e+02  1.054293e+03  1.479503e+03  2.356723e+03 
 2.102061e-01  5.356353e+02  1.027409e+03  1.441685e+03  2.297099e+03 
 2.131362e-01  5.253986e+02  1.012791e+03  1.424784e+03  2.275995e+03 
 2.161073e-01  5.148265e+02  9.976089e+02  1.407156e+03  2.253776e+03 
 2.191197e-01  5.009457e+02  9.736443e+02  1.376315e+03  2.212420e+03 
 2.221741e-01  4.865099e+02  9.479473e+02  1.342718e+03  2.166747e+03 
 2.252711e-01  4.732184e+02  9.250791e+02  1.313445e+03  2.127527e+03 
 2.284112e-01  4.608551e+02  9.040942e+02  1.286824e+03  2.092147e+03 
 2.315951e-01  4.499000e+02  8.847830e+02  1.260821e+03  2.052307e+03 
 2.348235e-01  4.401659e+02  8.674332e+02  1.236970e+03  2.014057e+03 
 2.380968e-01  4.291655e+02  8.459216e+02  1.206630e+03  1.966607e+03 
 2.414157e-01  4.187529e+02  8.251391e+02  1.177179e+03  1.920909e+03 
 2.447809e-01  4.086217e+02  8.051540e+02  1.149277e+03  1.877631e+03 
 2.481930e-01  3.994004e+02  7.870283e+02  1.124058e+03  1.838624e+03 
 2.516527e-01  3.940929e+02  7.778389e+02  1.111480e+03  1.818689e+03 
 2.551606e-01  3.880761e+02  7.667395e+02  1.096110e+03  1.794848e+03 
 2.587174e-01  3.788193e+02  7.476478e+02  1.069128e+03  1.754123e+03 
 2.623238e-01  3.712065e+02  7.330839e+02  1.049130e+03  1.724599e+03 
 2.659804e-01  3.652392e+02  7.231668e+02  1.036333e+03  1.706614e+03 
 2.696881e-01  3.569530e+02  7.077228e+02  1.015332e+03  1.674612e+03 
 2.734474e-01  3.476828e+02  6.901015e+02  9.911589e+02  1.637331e+03 
 2.772591e-01  3.406692e+02  6.786671e+02  9.770610e+02  1.619834e+03 
 2.811239e-01  3.328461e+02  6.650138e+02  9.596559e+02  1.598221e+03 
 2.850426e-01  3.242867e+02  6.490718e+02  9.388195e+02  1.572872e+03 
 2.890160e-01  3.163243e+02  6.355255e+02  9.213048e+02  1.547536e+03 
 2.930447e-01  3.087280e+02  6.223472e+02  9.035204e+02  1.519221e+03 
 2.971296e-01  3.014615e+02  6.080244e+02  8.818690e+02  1.480934e+03 
 3.012714e-01  2.947684e+02  5.962459e+02  8.660329e+02  1.456739e+03 
 3.054710e-01  2.883481e+02  5.852959e+02  8.521412e+02  1.437765e+03 
 3.097291e-01  2.809514e+02  5.714326e+02  8.337318e+02  1.412317e+03 
 3.140465e-01  2.744771e+02  5.580751e+02  8.141722e+02  1.379226e+03 
 3.184242e-01  2.689926e+02  5.468406e+02  7.976231e+02  1.350935e+03 
 3.228628e-01  2.648460e+02  5.398887e+02  7.888711e+02  1.340452e+03 
 3.273634e-01  2.588839e+02  5.275813e+02  7.709341e+02  1.311083e+03 
 3.319266e-01  2.527191e+02  5.153646e+02  7.538923e+02  1.285135e+03 
 3.365535e-01  2.468436e+02  5.047758e+02  7.402953e+02  1.267269e+03 
 3.412449e-01  2.427595e+02  4.994062e+02  7.339740e+02  1.257051e+03 
 3.460016e-01  2.380647e+02  4.916809e+02  7.239216e+02  1.242601e+03 
 3.508247e-01  2.332785e+02  4.830090e+02  7.122104e+02  1.225207e+03 
 3.557150e-01  2.284916e+02  4.739492e+02  6.997998e+02  1.206013e+03 
 3.606735e-01  2.228981e+02  4.637784e+02  6.861908e+02  1.186132e+03 
 3.657011e-01  2.161781e+02  4.508682e+02  6.682950e+02  1.160488e+03 
 3.707988e-01  2.108286e+02  4.404428e+02  6.538665e+02  1.138465e+03 
 3.759675e-01  2.060654e+02  4.311727e+02  6.409807e+02  1.118694e+03 
 3.812083e-01  2.012692e+02  4.222983e+02  6.288188e+02  1.100511e+03 
 3.865221e-01  1.972895e+02  4.161549e+02  6.214299e+02  1.087796e+03 
 3.919100e-01  1.934365e+02  4.070568e+02  6.073524e+02  1.068136e+03 
 3.973730e-01  1.890072e+02  3.996703e+02  5.981939e+02  1.053558e+03 
 4.029122e-01  1.854957e+02  3.941413e+02  5.905056e+02  1.038963e+03 
 4.085286e-01  1.819333e+02  3.863121e+02  5.791379e+02  1.022402e+03 
 4.142232e-01  1.774628e+02  3.770029e+02  5.666840e+02  1.006824e+03 
 4.199973e-01  1.729637e+02  3.690694e+02  5.564965e+02  9.916212e+02 
 4.258518e-01  1.692883e+02  3.620674e+02  5.463733e+02  9.735238e+02 
 4.317880e-01  1.653825e+02  3.542524e+02  5.346385e+02  9.550656e+02 
 4.378069e-01  1.620055e+02  3.474622e+02  5.249070e+02  9.386292e+02 
 4.439097e-01  1.591839e+02  3.429043e+02  5.192664e+02  9.331532e+02 
 4.500975e-01  1.548644e+02  3.346967e+02  5.078645e+02  9.155888e+02 
 4.563716e-01  1.513318e+02  3.273582e+02  4.971017e+02  8.957749e+02 
 4.627332e-01  1.490837e+02  3.241985e+02  4.937193e+02  8.928282e+02 
 4.691835e-01  1.454127e+02  3.167574e+02  4.828227e+02  8.738114e+02 
 4.757236e-01  1.427389e+02  3.114951e+02  4.756870e+02  8.630166e+02 
 4.823549e-01  1.390608e+02  3.038237e+02  4.647642e+02  8.482704e+02 
 4.890787e-01  1.361035e+02  2.979357e+02  4.566168e+02  8.349299e+02 
 4.958962e-01  1.338112e+02  2.933910e+02  4.494804e+02  8.214409e+02 
 5.028087e-01  1.307524e+02  2.879388e+02  4.419599e+02  8.101751e+02 
 5.098176e-01  1.282903e+02  2.833245e+02  4.351537e+02  7.962157e+02 
 5.169242e-01  1.260794e+02  2.790862e+02  4.293947e+02  7.884214e+02 
 5.241298e-01  1.219900e+02  2.719305e+02  4.204187e+02  7.772336e+02 
 5.314359e-01  1.198556e+02  2.685225e+02  4.157046e+02  7.694117e+02 
 5.388438e-01  1.174199e+02  2.630026e+02  4.073348e+02  7.563909e+02 
 5.463550e-01  1.153606e+02  2.588304e+02  4.009896e+02  7.455229e+02 
 5.539709e-01  1.122921e+02  2.533550e+02  3.939350e+02  7.340102e+02 
 5.616930e-01  1.102752e+02  2.493213e+02  3.880570e+02  7.247025e+02 
 5.695227e-01  1.080387e+02  2.455609e+02  3.833732e+02  7.146565e+02 
 5.774615e-01  1.055856e+02  2.397828e+02  3.746941e+02  7.019452e+02 
 5.855110e-01  1.036638e+02  2.360945e+02  3.688343e+02  6.917783e+02 
 5.936727e-01  1.013121e+02  2.305812e+02  3.612051e+02  6.801186e+02 
 6.019482e-01  9.959881e+01  2.279692e+02  3.568278e+02  6.717667e+02 
 6.103390e-01  9.724818e+01  2.238635e+02  3.513722e+02  6.617717e+02 
 6.188468e-01  9.505862e+01  2.200946e+02  3.479212e+02  6.589597e+02 
 6.274732e-01  9.348958e+01  2.160722e+02  3.409031e+02  6.472430e+02 
 6.362198e-01  9.157914e+01  2.125885e+02  3.355451e+02  6.364591e+02 
 6.450884e-01  8.941812e+01  2.086831e+02  3.301524e+02  6.269920e+02 
 6.540806e-01  8.757487e+01  2.042130e+02  3.232756e+02  6.167118e+02 
 6.631981e-01  8.562454e+01  2.011264e+02  3.199080e+02  6.102425e+02 
 6.724427e-01  8.399903e+01  1.974969e+02  3.147504e+02  6.038881e+02 
 6.818162e-01  8.218273e+01  1.939433e+02  3.083279e+02  5.915692e+02 
 6.913204e-01  8.040817e+01  1.902870e+02  3.035940e+02  5.832315e+02 
 7.009570e-01  7.926097e+01  1.874142e+02  2.993290e+02  5.754596e+02 
 7.107280e-01  7.720764e+01  1.841016e+02  2.945794e+02  5.660772e+02 
 7.206351e-01  7.601848e+01  1.812528e+02  2.906419e+02  5.609863e+02 
 7.306804e-01  7.444374e+01  1.783813e+02  2.859299e+02  5.509542e+02 
 7.408657e-01  7.279018e+01  1.748256e+02  2.806802e+02  5.432457e+02 
 7.511929e-01  7.123192e+01  1.715635e+02  2.763991e+02  5.356924e+02 
 7.616642e-01  6.985114e+01  1.684235e+02  2.718968e+02  5.284433e+02 
 7.722814e-01  6.888886e+01  1.665672e+02  2.686086e+02  5.204124e+02 
 7.830465e-01  6.743797e+01  1.633420e+02  2.640262e+02  5.132122e+02 
 7.939618e-01  6.614257e+01  1.610913e+02  2.604096e+02  5.079114e+02 
 8.050292e-01  6.468735e+01  1.580161e+02  2.566661e+02  5.007590e+02 
 8.162509e-01  6.353910e+01  1.556263e+02  2.521934e+02  4.916035e+02 
 8.276289e-01  6.197580e+01  1.524754e+02  2.480522e+02  4.850690e+02 
 8.391656e-01  6.118181e+01  1.506613e+02  2.445249e+02  4.795474e+02 
 8.508632e-01  6.005903e+01  1.479168e+02  2.409105e+02  4.725732e+02 
 8.627237e-01  5.871214e+01  1.455103e+02  2.371865e+02  4.646636e+02 
 8.747496e-01  5.761879e+01  1.429986e+02  2.335440e+02  4.583039e+02 
 8.869432e-01  5.659107e+01  1.408170e+02  2.301364e+02  4.517785e+02 
 8.993067e-01  5.544417e+01  1.384913e+02  2.265072e+02  4.450178e+02 
 9.118425e-01  5.454332e+01  1.360738e+02  2.226025e+02  4.368492e+02 
 9.245531e-01  5.333196e+01  1.336545e+02  2.188746e+02  4.314298e+02 
 9.374409e-01  5.230987e+01  1.315333e+02  2.159021e+02  4.253733e+02 
 9.505083e-01  5.141371e+01  1.293909e+02  2.126343e+02  4.187133e+02 
 9.637579e-01  5.030291e+01  1.268137e+02  2.087209e+02  4.124888e+02 
 9.771921e-01  4.961489e+01  1.259734e+02  2.065281e+02  4.064030e+02 
 9.908137e-01  4.863509e+01  1.235579e+02  2.031269e+02  4.009259e+02 
 1.004625e+00  4.769893e+01  1.211928e+02  1.993852e+02  3.934801e+02 
 1.018629e+00  4.686282e+01  1.194157e+02  1.964793e+02  3.874139e+02 
 1.032828e+00  4.595873e+01  1.174664e+02  1.937434e+02  3.830536e+02 
 1.047225e+00  4.505140e+01  1.157245e+02  1.904958e+02  3.760656e+02 
 1.061823e+00  4.431853e+01  1.140470e+02  1.877064e+02  3.700491e+02 
 1.076624e+00  4.347867e+01  1.121315e+02  1.846868e+02  3.641229e+02 
 1.091632e+00  4.271422e+01  1.102600e+02  1.819423e+02  3.581067e+02 
 1.106848e+00  4.187868e+01  1.082808e+02  1.789687e+02  3.526979e+02 
 1.122277e+00  4.111449e+01  1.066973e+02  1.759538e+02  3.466535e+02 
 1.137921e+00  4.034888e+01  1.047859e+02  1.730971e+02  3.409957e+02 
 1.153783e+00  3.968934e+01  1.030827e+02  1.702971e+02  3.357129e+02 
 1.169866e+00  3.894393e+01  1.014579e+02  1.674879e+02  3.303978e+02 
 1.186174e+00  3.821744e+01  9.989841e+01  1.648922e+02  3.248630e+02 
 1.202708e+00  3.758042e+01  9.824976e+01  1.622593e+02  3.192867e+02 
 1.219473e+00  3.692110e+01  9.670433e+01  1.597490e+02  3.136366e+02 
 1.236472e+00  3.624704e+01  9.515898e+01  1.572673e+02  3.085387e+02 
 1.253708e+00  3.562768e+01  9.356827e+01  1.545794e+02  3.036314e+02 
 1.271184e+00  3.500482e+01  9.239095e+01  1.524765e+02  2.983044e+02 
 1.288904e+00  3.438870e+01  9.054661e+01  1.496154e+02  2.936606e+02 
 1.306870e+00  3.374474e+01  8.907755e+01  1.471526e+02  2.883658e+02 
 1.325087e+00  3.321023e+01  8.767482e+01  1.447538e+02  2.829831e+02 
 1.343558e+00  3.263095e+01  8.621622e+01  1.422750e+02  2.780309e+02 
 1.362287e+00  3.210091e+01  8.475198e+01  1.397242e+02  2.731081e+02 
 1.381276e+00  3.152377e+01  8.336437e+01  1.371847e+02  2.682587e+02 
 1.400531e+00  3.099362e+01  8.197887e+01  1.349208e+02  2.630138e+02 
 1.420053e+00  3.042762e+01  8.053525e+01  1.326847e+02  2.581262e+02 
 1.439848e+00  2.991409e+01  7.926825e+01  1.302254e+02  2.534643e+02 
 1.459919e+00  2.935651e+01  7.788577e+01  1.279262e+02  2.484630e+02 
 1.480269e+00  2.891857e+01  7.646022e+01  1.256007e+02  2.434443e+02 
 1.500903e+00  2.840457e+01  7.519587e+01  1.232920e+02  2.393291e+02 
 1.521825e+00  2.790553e+01  7.401425e+01  1.212444e+02  2.345676e+02 
 1.543038e+00  2.741045e+01  7.271500e+01  1.191364e+02  2.302624e+02 
 1.564548e+00  2.698609e+01  7.145918e+01  1.169243e+02  2.256754e+02 
 1.586357e+00  2.653055e+01  7.032678e+01  1.148531e+02  2.212022e+02 
 1.608469e+00  2.605680e+01  6.913945e+01  1.127802e+02  2.170773e+02 
 1.630891e+00  2.569863e+01  6.782151e+01  1.105406e+02  2.125316e+02 
 1.653624e+00  2.522003e+01  6.662386e+01  1.086051e+02  2.085648e+02 
 1.676675e+00  2.478954e+01  6.558688e+01  1.066538e+02  2.041831e+02 
 1.700047e+00  2.435666e+01  6.441020e+01  1.045923e+02  2.000781e+02 
 1.723745e+00  2.395538e+01  6.323504e+01  1.025940e+02  1.957328e+02 
 1.747773e+00  2.352581e+01  6.206784e+01  1.005869e+02  1.917152e+02 
 1.772136e+00  2.312504e+01  6.093464e+01  9.859753e+01  1.878674e+02 
 1.796838e+00  2.274605e+01  5.982483e+01  9.672292e+01  1.838541e+02 
 1.821885e+00  2.237788e+01  5.872546e+01  9.477391e+01  1.799931e+02 
 1.847281e+00  2.199910e+01  5.774429e+01  9.299966e+01  1.761991e+02 
 1.873032e+00  2.162670e+01  5.661878e+01  9.098703e+01  1.725260e+02 
 1.899141e+00  2.124883e+01  5.552985e+01  8.924034e+01  1.688175e+02 
 1.925614e+00  2.090259e+01  5.452787e+01  8.749096e+01  1.651084e+02 
 1.952456e+00  2.060734e+01  5.355743e+01  8.575015e+01  1.615134e+02 
 1.979672e+00  2.021357e+01  5.259498e+01  8.403304e+01  1.580284e+02 
 2.007267e+00  1.990364e+01  5.158703e+01  8.218541e+01  1.546755e+02 
 2.035248e+00  1.953611e+01  5.056929e+01  8.049702e+01  1.511944e+02 
 2.063618e+00  1.920722e+01  4.957504e+01  7.886672e+01  1.477959e+02 
 2.092383e+00  1.888806e+01  4.863466e+01  7.718207e+01  1.445197e+02 
 2.121550e+00  1.855542e+01  4.765471e+01  7.554048e+01  1.411762e+02 
 2.151123e+00  1.824375e+01  4.671994e+01  7.389549e+01  1.379098e+02 
 2.181109e+00  1.792713e+01  4.577884e+01  7.233428e+01  1.348369e+02 
 2.211512e+00  1.761906e+01  4.483486e+01  7.071471e+01  1.315875e+02 
 2.242340e+00  1.731708e+01  4.396477e+01  6.918853e+01  1.285923e+02 
 2.273597e+00  1.699853e+01  4.305978e+01  6.760486e+01  1.256101e+02 
 2.305289e+00  1.672572e+01  4.218176e+01  6.614723e+01  1.226988e+02 
 2.337424e+00  1.642967e+01  4.130199e+01  6.466150e+01  1.198350e+02 
 2.370006e+00  1.614267e+01  4.045522e+01  6.324716e+01  1.171016e+02 
 2.403043e+00  1.584900e+01  3.961921e+01  6.179909e+01  1.143046e+02 
 2.436540e+00  1.558091e+01  3.880384e+01  6.041818e+01  1.115924e+02 
 2.470504e+00  1.530719e+01  3.800859e+01  5.903750e+01  1.089640e+02 
 2.504942e+00  1.503858e+01  3.722445e+01  5.771029e+01  1.063855e+02 
 2.539859e+00  1.478269e+01  3.642543e+01  5.638246e+01  1.038308e+02 
 2.575263e+00  1.450958e+01  3.563951e+01  5.512887e+01  1.013802e+02 
 2.611161e+00  1.426070e+01  3.487329e+01  5.381292e+01  9.893535e+01 
 2.647559e+00  1.400432e+01  3.411153e+01  5.254050e+01  9.651310e+01 
 2.684465e+00  1.375622e+01  3.339341e+01  5.129847e+01  9.415172e+01 
 2.721885e+00  1.349427e+01  3.262960e+01  5.009541e+01  9.184165e+01 
 2.759826e+00  1.324892e+01  3.188563e+01  4.889320e+01  8.959651e+01 
 2.798297e+00  1.300258e+01  3.119952e+01  4.772706e+01  8.742644e+01 
 2.837304e+00  1.276292e+01  3.048909e+01  4.657935e+01  8.524826e+01 
 2.876854e+00  1.252360e+01  2.979145e+01  4.545410e+01  8.315255e+01 
 2.916956e+00  1.229131e+01  2.912818e+01  4.435701e+01  8.108674e+01 
 2.957617e+00  1.206599e+01  2.847236e+01  4.330091e+01  7.908809e+01 
 2.998844e+00  1.183754e+01  2.783064e+01  4.224784e+01  7.712529e+01 
 3.040646e+00  1.161546e+01  2.719087e+01  4.123011e+01  7.526474e+01 
 3.083031e+00  1.139684e+01  2.656924e+01  4.023051e+01  7.339716e+01 
 3.126007e+00  1.118622e+01  2.596140e+01  3.925159e+01  7.157770e+01 
 3.169582e+00  1.097041e+01  2.535143e+01  3.828223e+01  6.980271e+01 
 3.213764e+00  1.076024e+01  2.476438e+01  3.733979e+01  6.806444e+01 
 3.258562e+00  1.054876e+01  2.419306e+01  3.641822e+01  6.635806e+01 
 3.303985e+00  1.034302e+01  2.361145e+01  3.551511e+01  6.469368e+01 
 3.350041e+00  1.014349e+01  2.304455e+01  3.461445e+01  6.305046e+01 
 3.396739e+00  9.937234e+00  2.249455e+01  3.375564e+01  6.144407e+01 
 3.444087e+00  9.740820e+00  2.194651e+01  3.289743e+01  5.988713e+01 
 3.492096e+00  9.546955e+00  2.142184e+01  3.207095e+01  5.837595e+01 
 3.540774e+00  9.350923e+00  2.090779e+01  3.127040e+01  5.690145e+01 
 3.590130e+00  9.162329e+00  2.039454e+01  3.047264e+01  5.546352e+01 
 3.640175e+00  8.979553e+00  1.989973e+01  2.971183e+01  5.404909e+01 
 3.690917e+00  8.792419e+00  1.942627e+01  2.895427e+01  5.268916e+01 
 3.742366e+00  8.611152e+00  1.894269e+01  2.822586e+01  5.137246e+01 
 3.794533e+00  8.437535e+00  1.848737e+01  2.751581e+01  5.007017e+01 
 3.847427e+00  8.262696e+00  1.803022e+01  2.682218e+01  4.881633e+01 
 3.901058e+00  8.088652e+00  1.759221e+01  2.614784e+01  4.757932e+01 
 3.955436e+00  7.923069e+00  1.715826e+01  2.547737e+01  4.637177e+01 
 4.010573e+00  7.754657e+00  1.673239e+01  2.483209e+01  4.519561e+01 
 4.066478e+00  7.589041e+00  1.631301e+01  2.419454e+01  4.403505e+01 
 4.123163e+00  7.424634e+00  1.590782e+01  2.357061e+01  4.290125e+01 
 4.180637e+00  7.266282e+00  1.550941e+01  2.296391e+01  4.179156e+01 
 4.238913e+00  7.107179e+00  1.511492e+01  2.236754e+01  4.072093e+01 
 4.298001e+00  6.948738e+00  1.473313e+01  2.179187e+01  3.966593e+01 
 4.357913e+00  6.800277e+00  1.431164e+01  2.123343e+01  3.865195e+01 
 4.418660e+00  6.648458e+00  1.399844e+01  2.067892e+01  3.766081e+01 
 4.480254e+00  6.500672e+00  1.364201e+01  2.014537e+01  3.668838e+01 
 4.542706e+00  6.356977e+00  1.329398e+01  1.962242e+01  3.574146e+01 
 4.606029e+00  6.215388e+00  1.296079e+01  1.911817e+01  3.483007e+01 
 4.670234e+00  6.076003e+00  1.263149e+01  1.862961e+01  3.394072e+01 
 4.735335e+00  5.940709e+00  1.231240e+01  1.814865e+01  3.307053e+01 
 4.801343e+00  5.808593e+00  1.200343e+01  1.768412e+01  3.221861e+01 
 4.868271e+00  5.677420e+00  1.169867e+01  1.722819e+01  3.139185e+01 
 4.936132e+00  5.548551e+00  1.139976e+01  1.678255e+01  3.058311e+01 
 5.004939e+00  5.421273e+00  1.110878e+01  1.634715e+01  2.979045e+01 
 5.074705e+00  5.295721e+00  1.082221e+01  1.591900e+01  2.901509e+01 
 5.145444e+00  5.173175e+00  1.054365e+01  1.550461e+01  2.825822e+01 
 5.217169e+00  5.052050e+00  1.027003e+01  1.509600e+01  2.751584e+01 
 5.289893e+00  4.935202e+00  1.000481e+01  1.470299e+01  2.679552e+01 
 5.363631e+00  4.818096e+00  9.745524e+00  1.431398e+01  2.609366e+01 
 5.438397e+00  4.705397e+00  9.492531e+00  1.393932e+01  2.540593e+01 
 5.514206e+00  4.594326e+00  9.246610e+00  1.357387e+01  2.473908e+01 
 5.591071e+00  4.484753e+00  9.008287e+00  1.321816e+01  2.409175e+01 
 5.669007e+00  4.379766e+00  8.774835e+00  1.287307e+01  2.346213e+01 
 5.748030e+00  4.276002e+00  8.549066e+00  1.253642e+01  2.284664e+01 
 5.828155e+00  4.175033e+00  8.328999e+00  1.221029e+01  2.224931e+01 
 5.909396e+00  4.076058e+00  8.114807e+00  1.189281e+01  2.167107e+01 
 5.991770e+00  3.979243e+00  7.905657e+00  1.158222e+01  2.110706e+01 
 6.075292e+00  3.884948e+00  7.702796e+00  1.128088e+01  2.055333e+01 
 6.159978e+00  3.791720e+00  7.503834e+00  1.098728e+01  2.001417e+01 
 6.245845e+00  3.700730e+00  7.308904e+00  1.069949e+01  1.948516e+01 
 6.332908e+00  3.610846e+00  7.118113e+00  1.041604e+01  1.896652e+01 
 6.421186e+00  3.523640e+00  6.932383e+00  1.014037e+01  1.846113e+01 
 6.510694e+00  3.437566e+00  6.750933e+00  9.872505e+00  1.796927e+01 
 6.601449e+00  3.353980e+00  6.574657e+00  9.611235e+00  1.748936e+01 
 6.693470e+00  3.271847e+00  6.402126e+00  9.355819e+00  1.702090e+01 
 6.786773e+00  3.191879e+00  6.234929e+00  9.107841e+00  1.656674e+01 
 6.881377e+00  3.114262e+00  6.072586e+00  8.866902e+00  1.612276e+01 
 6.977300e+00  3.038500e+00  5.914675e+00  8.633924e+00  1.569290e+01 
 7.074559e+00  2.964648e+00  5.760806e+00  8.405549e+00  1.527452e+01 
 7.173175e+00  2.892454e+00  5.611747e+00  8.185061e+00  1.486875e+01 
 7.273165e+00  2.822525e+00  5.466974e+00  7.971231e+00  1.447411e+01 
 7.374549e+00  2.754209e+00  5.326112e+00  7.762181e+00  1.409108e+01 
 7.477346e+00  2.687350e+00  5.189262e+00  7.560283e+00  1.371767e+01 
 7.581576e+00  2.622530e+00  5.055331e+00  7.362335e+00  1.335395e+01 
 7.687260e+00  2.558803e+00  4.924943e+00  7.169191e+00  1.299853e+01 
 7.794416e+00  2.496420e+00  4.797341e+00  6.979476e+00  1.265031e+01 
 7.903066e+00  2.435492e+00  4.672229e+00  6.794690e+00  1.230937e+01 
 8.013230e+00  2.375754e+00  4.550964e+00  6.615478e+00  1.197790e+01 
 8.124930e+00  2.317453e+00  4.432340e+00  6.440045e+00  1.165364e+01 
 8.238187e+00  2.260751e+00  4.316758e+00  6.268684e+00  1.133847e+01 
 8.353023e+00  2.205384e+00  4.204489e+00  6.102522e+00  1.103160e+01 
 8.469460e+00  2.151665e+00  4.095430e+00  5.941063e+00  1.073335e+01 
 8.587519e+00  2.099290e+00  3.989324e+00  5.784156e+00  1.044360e+01 
 8.707225e+00  2.048335e+00  3.886148e+00  5.631732e+00  1.016267e+01 
 8.828599e+00  1.998924e+00  3.786466e+00  5.483945e+00  9.888974e+00 
 8.951665e+00  1.950740e+00  3.689520e+00  5.340177e+00  9.624310e+00 
 9.076446e+00  1.904028e+00  3.595363e+00  5.201128e+00  9.367145e+00 
 9.202967e+00  1.858560e+00  3.503854e+00  5.066010e+00  9.117141e+00 
 9.331251e+00  1.814256e+00  3.414805e+00  4.934284e+00  8.874172e+00 
 9.461324e+00  0.000000e+00  0.000000e+00  0.000000e+00  0.000000e+00 
 9.593209e+00  0.000000e+00  0.000000e+00  0.000000e+00  0.000000e+00 
 9.726934e+00  0.000000e+00  0.000000e+00  0.000000e+00  0.000000e+00 
 9.862522e+00  0.000000e+00  0.000000e+00  0.000000e+00  0.000000e+00 
 1.000000e+01  0.000000e+00  0.000000e+00  0.000000e+00  0.000000e+00 
