 1.000000e-02  5.711391e+03  1.069642e+04  1.471460e+04  2.251369e+04 
 1.013939e-02  5.744522e+03  1.075830e+04  1.479958e+04  2.264319e+04 
 1.028073e-02  5.777212e+03  1.081935e+04  1.488340e+04  2.277090e+04 
 1.042404e-02  5.809433e+03  1.087953e+04  1.496600e+04  2.289672e+04 
 1.056935e-02  5.841178e+03  1.093881e+04  1.504735e+04  2.302063e+04 
 1.071668e-02  5.872425e+03  1.099715e+04  1.512741e+04  2.314253e+04 
 1.086606e-02  5.903160e+03  1.105451e+04  1.520612e+04  2.326234e+04 
 1.101753e-02  5.933355e+03  1.111087e+04  1.528344e+04  2.338000e+04 
 1.117111e-02  5.962990e+03  1.116616e+04  1.535929e+04  2.349541e+04 
 1.132683e-02  5.992043e+03  1.122036e+04  1.543363e+04  2.360846e+04 
 1.148472e-02  6.020493e+03  1.127342e+04  1.550640e+04  2.371910e+04 
 1.164481e-02  6.048322e+03  1.132532e+04  1.557754e+04  2.382723e+04 
 1.180713e-02  6.075503e+03  1.137599e+04  1.564700e+04  2.393276e+04 
 1.197171e-02  6.102010e+03  1.142540e+04  1.571472e+04  2.403558e+04 
 1.213859e-02  6.127828e+03  1.147350e+04  1.578062e+04  2.413563e+04 
 1.230780e-02  6.152939e+03  1.152027e+04  1.584470e+04  2.423284e+04 
 1.247936e-02  6.177316e+03  1.156566e+04  1.590687e+04  2.432710e+04 
 1.265332e-02  6.200932e+03  1.160963e+04  1.596706e+04  2.441833e+04 
 1.282970e-02  6.223769e+03  1.165211e+04  1.602522e+04  2.450642e+04 
 1.300854e-02  6.245808e+03  1.169311e+04  1.608132e+04  2.459131e+04 
 1.318987e-02  6.267030e+03  1.173256e+04  1.613527e+04  2.467292e+04 
 1.337373e-02  6.287407e+03  1.177041e+04  1.618704e+04  2.475116e+04 
 1.356015e-02  6.306925e+03  1.180667e+04  1.623658e+04  2.482595e+04 
 1.374917e-02  6.325556e+03  1.184124e+04  1.628381e+04  2.489719e+04 
 1.394083e-02  6.343278e+03  1.187410e+04  1.632867e+04  2.496478e+04 
 1.413516e-02  6.360060e+03  1.190520e+04  1.637111e+04  2.502861e+04 
 1.433219e-02  6.375885e+03  1.193449e+04  1.641104e+04  2.508862e+04 
 1.453198e-02  6.390722e+03  1.196193e+04  1.644842e+04  2.514467e+04 
 1.473454e-02  6.404556e+03  1.198748e+04  1.648319e+04  2.519672e+04 
 1.493993e-02  6.417350e+03  1.201108e+04  1.651528e+04  2.524461e+04 
 1.514819e-02  6.429185e+03  1.203289e+04  1.654489e+04  2.528874e+04 
 1.535935e-02  6.439980e+03  1.205275e+04  1.657184e+04  2.532875e+04 
 1.557345e-02  6.449687e+03  1.207057e+04  1.659597e+04  2.536440e+04 
 1.579053e-02  6.458267e+03  1.208628e+04  1.661717e+04  2.539557e+04 
 1.601064e-02  6.465706e+03  1.209983e+04  1.663541e+04  2.542219e+04 
 1.623382e-02  6.471974e+03  1.211120e+04  1.665064e+04  2.544415e+04 
 1.646012e-02  6.477066e+03  1.212034e+04  1.666282e+04  2.546142e+04 
 1.668956e-02  6.480952e+03  1.212724e+04  1.667187e+04  2.547390e+04 
 1.692220e-02  6.483621e+03  1.213185e+04  1.667777e+04  2.548154e+04 
 1.715809e-02  6.485054e+03  1.213414e+04  1.668049e+04  2.548427e+04 
 1.739726e-02  6.485229e+03  1.213406e+04  1.667994e+04  2.548199e+04 
 1.763977e-02  6.484122e+03  1.213159e+04  1.667609e+04  2.547462e+04 
 1.788566e-02  6.481708e+03  1.212666e+04  1.666886e+04  2.546206e+04 
 1.813498e-02  6.477979e+03  1.211927e+04  1.665823e+04  2.544429e+04 
 1.838777e-02  6.472910e+03  1.210937e+04  1.664415e+04  2.542120e+04 
 1.864409e-02  6.466491e+03  1.209693e+04  1.662657e+04  2.539275e+04 
 1.890397e-02  6.458696e+03  1.208191e+04  1.660543e+04  2.535883e+04 
 1.916748e-02  6.449514e+03  1.206431e+04  1.658073e+04  2.531942e+04 
 1.943467e-02  6.438935e+03  1.204408e+04  1.655241e+04  2.527448e+04 
 1.970558e-02  6.426954e+03  1.202122e+04  1.652048e+04  2.522397e+04 
 1.998026e-02  6.413555e+03  1.199570e+04  1.648488e+04  2.516785e+04 
 2.025878e-02  6.398733e+03  1.196752e+04  1.644561e+04  2.510609e+04 
 2.054117e-02  6.382484e+03  1.193666e+04  1.640267e+04  2.503868e+04 
 2.082751e-02  6.364810e+03  1.190313e+04  1.635603e+04  2.496562e+04 
 2.111783e-02  6.345712e+03  1.186693e+04  1.630572e+04  2.488692e+04 
 2.141220e-02  6.325284e+03  1.182820e+04  1.625189e+04  2.480269e+04 
 2.171068e-02  6.304034e+03  1.178765e+04  1.619525e+04  2.471341e+04 
 2.201331e-02  6.281361e+03  1.174443e+04  1.613495e+04  2.461848e+04 
 2.232016e-02  6.257260e+03  1.169853e+04  1.607095e+04  2.451791e+04 
 2.263130e-02  6.231732e+03  1.164997e+04  1.600327e+04  2.441168e+04 
 2.294676e-02  6.204777e+03  1.159872e+04  1.593191e+04  2.429979e+04 
 2.326663e-02  6.176391e+03  1.154479e+04  1.585685e+04  2.418226e+04 
 2.359095e-02  6.146586e+03  1.148820e+04  1.577814e+04  2.405910e+04 
 2.391980e-02  6.115380e+03  1.142898e+04  1.569581e+04  2.393043e+04 
 2.425323e-02  6.082782e+03  1.136717e+04  1.560990e+04  2.379627e+04 
 2.459130e-02  6.048805e+03  1.130276e+04  1.552043e+04  2.365668e+04 
 2.493409e-02  6.013468e+03  1.123582e+04  1.542747e+04  2.351174e+04 
 2.528166e-02  5.976801e+03  1.116638e+04  1.533108e+04  2.336156e+04 
 2.563407e-02  5.938840e+03  1.109453e+04  1.523136e+04  2.320629e+04 
 2.599140e-02  5.899614e+03  1.102030e+04  1.512839e+04  2.304607e+04 
 2.635371e-02  5.859163e+03  1.094378e+04  1.502228e+04  2.288104e+04 
 2.672106e-02  5.817532e+03  1.086507e+04  1.491314e+04  2.271141e+04 
 2.709354e-02  5.774762e+03  1.078423e+04  1.480108e+04  2.253732e+04 
 2.747121e-02  5.730887e+03  1.070133e+04  1.468618e+04  2.235892e+04 
 2.785414e-02  5.685855e+03  1.061628e+04  1.456838e+04  2.217615e+04 
 2.824241e-02  5.639397e+03  1.052869e+04  1.444719e+04  2.198852e+04 
 2.863610e-02  5.591914e+03  1.043919e+04  1.432339e+04  2.179692e+04 
 2.903527e-02  5.543441e+03  1.034784e+04  1.419706e+04  2.160149e+04 
 2.944000e-02  5.494024e+03  1.025474e+04  1.406832e+04  2.140242e+04 
 2.985038e-02  5.443704e+03  1.015995e+04  1.393729e+04  2.119987e+04 
 3.026648e-02  5.392533e+03  1.006358e+04  1.380409e+04  2.099403e+04 
 3.068838e-02  5.340565e+03  9.965725e+03  1.366885e+04  2.078516e+04 
 3.111616e-02  5.287862e+03  9.866506e+03  1.353175e+04  2.057348e+04 
 3.154990e-02  5.234491e+03  9.766052e+03  1.339296e+04  2.035927e+04 
 3.198969e-02  5.180526e+03  9.664495e+03  1.325267e+04  2.014279e+04 
 3.243561e-02  5.126048e+03  9.561989e+03  1.311109e+04  1.992441e+04 
 3.288774e-02  5.071146e+03  9.458696e+03  1.296843e+04  1.970445e+04 
 3.334618e-02  5.015913e+03  9.354797e+03  1.282496e+04  1.948327e+04 
 3.381101e-02  4.960451e+03  9.250475e+03  1.268092e+04  1.926127e+04 
 3.428231e-02  4.904837e+03  9.145875e+03  1.253650e+04  1.903876e+04 
 3.476019e-02  4.849017e+03  9.041236e+03  1.239243e+04  1.881803e+04 
 3.524473e-02  4.793135e+03  8.936497e+03  1.224824e+04  1.859720e+04 
 3.573602e-02  4.737245e+03  8.831753e+03  1.210406e+04  1.837641e+04 
 3.623416e-02  4.681398e+03  8.727092e+03  1.196000e+04  1.815584e+04 
 3.673925e-02  4.625646e+03  8.622616e+03  1.181621e+04  1.793574e+04 
 3.725137e-02  4.570051e+03  8.518442e+03  1.167283e+04  1.771634e+04 
 3.777064e-02  4.514674e+03  8.414684e+03  1.153004e+04  1.749788e+04 
 3.829714e-02  4.459584e+03  8.311468e+03  1.138801e+04  1.728061e+04 
 3.883098e-02  4.404849e+03  8.208919e+03  1.124690e+04  1.706481e+04 
 3.937226e-02  4.350547e+03  8.107187e+03  1.110693e+04  1.685079e+04 
 3.992109e-02  4.296750e+03  8.006413e+03  1.096829e+04  1.663883e+04 
 4.047757e-02  4.243535e+03  7.906690e+03  1.083105e+04  1.642896e+04 
 4.104181e-02  4.190743e+03  7.807087e+03  1.069323e+04  1.621608e+04 
 4.161391e-02  4.138732e+03  7.708957e+03  1.055745e+04  1.600634e+04 
 4.219398e-02  4.087588e+03  7.612453e+03  1.042392e+04  1.580007e+04 
 4.278214e-02  4.037355e+03  7.517660e+03  1.029275e+04  1.559746e+04 
 4.337850e-02  3.988060e+03  7.424628e+03  1.016400e+04  1.539858e+04 
 4.398317e-02  3.939730e+03  7.333405e+03  1.003776e+04  1.520356e+04 
 4.459628e-02  3.892382e+03  7.244029e+03  9.914056e+03  1.501245e+04 
 4.521792e-02  3.846043e+03  7.156540e+03  9.792959e+03  1.482535e+04 
 4.584824e-02  3.800729e+03  7.070977e+03  9.674514e+03  1.464232e+04 
 4.648734e-02  3.756465e+03  6.987379e+03  9.558777e+03  1.446344e+04 
 4.713535e-02  3.713466e+03  6.907038e+03  9.448465e+03  1.429547e+04 
 4.779239e-02  3.671664e+03  6.829470e+03  9.342530e+03  1.413575e+04 
 4.845859e-02  3.630962e+03  6.753945e+03  9.239389e+03  1.398025e+04 
 4.913407e-02  3.591358e+03  6.680461e+03  9.139037e+03  1.382898e+04 
 4.981898e-02  3.552839e+03  6.608995e+03  9.041452e+03  1.368189e+04 
 5.051342e-02  3.515382e+03  6.539504e+03  8.946568e+03  1.353889e+04 
 5.121755e-02  3.478955e+03  6.471930e+03  8.854306e+03  1.339984e+04 
 5.193150e-02  3.443528e+03  6.406208e+03  8.764577e+03  1.326463e+04 
 5.265540e-02  3.409057e+03  6.342269e+03  8.677282e+03  1.313308e+04 
 5.338938e-02  3.375215e+03  6.278956e+03  8.590280e+03  1.300042e+04 
 5.413360e-02  3.341897e+03  6.215974e+03  8.503055e+03  1.286557e+04 
 5.488820e-02  3.309365e+03  6.154464e+03  8.417850e+03  1.273378e+04 
 5.565331e-02  3.277572e+03  6.094335e+03  8.334543e+03  1.260486e+04 
 5.642908e-02  3.246387e+03  6.035332e+03  8.252774e+03  1.247826e+04 
 5.721568e-02  3.215749e+03  5.977345e+03  8.172397e+03  1.235377e+04 
 5.801323e-02  3.185496e+03  5.920101e+03  8.093059e+03  1.223091e+04 
 5.882190e-02  3.155727e+03  5.863798e+03  8.015051e+03  1.211019e+04 
 5.964185e-02  3.126387e+03  5.808712e+03  7.939152e+03  1.199388e+04 
 6.047322e-02  3.097824e+03  5.756151e+03  7.867849e+03  1.188770e+04 
 6.131619e-02  3.069141e+03  5.703338e+03  7.796167e+03  1.178085e+04 
 6.217090e-02  3.040369e+03  5.650337e+03  7.724196e+03  1.167348e+04 
 6.303753e-02  3.011341e+03  5.596858e+03  7.651568e+03  1.156511e+04 
 6.391624e-02  2.981989e+03  5.542785e+03  7.578134e+03  1.145556e+04 
 6.480720e-02  2.952146e+03  5.487806e+03  7.503473e+03  1.134418e+04 
 6.571058e-02  2.921691e+03  5.431697e+03  7.427280e+03  1.123052e+04 
 6.662655e-02  2.889149e+03  5.369480e+03  7.340320e+03  1.109374e+04 
 6.755528e-02  2.855751e+03  5.305620e+03  7.251060e+03  1.095335e+04 
 6.849697e-02  2.821434e+03  5.240074e+03  7.159529e+03  1.080962e+04 
 6.945178e-02  2.786113e+03  5.172693e+03  7.065519e+03  1.066225e+04 
 7.041990e-02  2.749713e+03  5.103343e+03  6.968852e+03  1.051100e+04 
 7.140151e-02  2.712165e+03  5.031897e+03  6.869361e+03  1.035561e+04 
 7.239681e-02  2.673708e+03  4.959102e+03  6.768457e+03  1.019955e+04 
 7.340598e-02  2.634373e+03  4.885081e+03  6.666377e+03  1.004344e+04 
 7.442922e-02  2.593789e+03  4.808775e+03  6.561210e+03  9.882778e+03 
 7.546673e-02  2.551963e+03  4.730194e+03  6.452984e+03  9.717615e+03 
 7.651869e-02  2.508928e+03  4.649411e+03  6.341786e+03  9.548103e+03 
 7.758532e-02  2.464729e+03  4.566509e+03  6.227735e+03  9.374416e+03 
 7.866682e-02  2.420424e+03  4.484815e+03  6.116737e+03  9.208913e+03 
 7.976339e-02  2.376718e+03  4.406467e+03  6.012540e+03  9.059362e+03 
 8.087525e-02  2.332059e+03  4.326304e+03  5.905819e+03  8.905902e+03 
 8.200261e-02  2.286584e+03  4.244570e+03  5.796903e+03  8.749013e+03 
 8.314568e-02  2.240442e+03  4.161542e+03  5.686165e+03  8.589238e+03 
 8.430468e-02  2.193804e+03  4.077525e+03  5.574015e+03  8.427185e+03 
 8.547985e-02  2.145888e+03  3.989608e+03  5.455071e+03  8.251330e+03 
 8.667139e-02  2.097436e+03  3.899981e+03  5.333109e+03  8.069256e+03 
 8.787954e-02  2.049122e+03  3.810603e+03  5.211483e+03  7.887661e+03 
 8.910453e-02  2.001167e+03  3.721884e+03  5.090747e+03  7.707370e+03 
 9.034660e-02  1.953785e+03  3.634220e+03  4.971443e+03  7.529195e+03 
 9.160598e-02  1.907995e+03  3.550614e+03  4.858699e+03  7.363282e+03 
 9.288292e-02  1.863908e+03  3.471137e+03  4.752488e+03  7.209304e+03 
 9.417766e-02  1.820972e+03  3.393710e+03  4.648997e+03  7.059210e+03 
 9.549045e-02  1.779371e+03  3.318672e+03  4.548689e+03  6.913703e+03 
 9.682153e-02  1.739284e+03  3.246362e+03  4.452026e+03  6.773487e+03 
 9.817117e-02  1.701193e+03  3.178181e+03  4.361414e+03  6.643391e+03 
 9.953962e-02  1.665010e+03  3.113640e+03  4.275875e+03  6.521172e+03 
 1.009272e-01  1.630717e+03  3.052520e+03  4.194922e+03  6.405657e+03 
 1.023340e-01  1.598385e+03  2.994958e+03  4.118754e+03  6.297158e+03 
 1.037605e-01  1.567294e+03  2.938683e+03  4.043409e+03  6.187702e+03 
 1.052069e-01  1.535371e+03  2.877290e+03  3.957782e+03  6.055043e+03 
 1.066734e-01  1.505521e+03  2.819796e+03  3.877527e+03  5.930584e+03 
 1.081604e-01  1.477681e+03  2.766084e+03  3.802482e+03  5.814074e+03 
 1.096681e-01  1.451736e+03  2.715933e+03  3.732341e+03  5.705043e+03 
 1.111968e-01  1.427908e+03  2.670190e+03  3.668457e+03  5.605274e+03 
 1.127468e-01  1.405673e+03  2.627449e+03  3.608711e+03  5.511798e+03 
 1.143184e-01  1.384808e+03  2.587274e+03  3.552493e+03  5.423701e+03 
 1.159120e-01  1.365087e+03  2.549240e+03  3.499225e+03  5.340110e+03 
 1.175277e-01  1.347323e+03  2.516026e+03  3.453565e+03  5.270149e+03 
 1.191660e-01  1.330258e+03  2.484214e+03  3.409915e+03  5.203421e+03 
 1.208271e-01  1.313525e+03  2.453019e+03  3.367114e+03  5.137988e+03 
 1.225114e-01  1.296794e+03  2.421817e+03  3.324317e+03  5.072674e+03 
 1.242191e-01  1.279439e+03  2.389253e+03  3.279731e+03  5.005607e+03 
 1.259506e-01  1.261597e+03  2.355800e+03  3.233942e+03  4.936728e+03 
 1.277063e-01  1.243025e+03  2.321006e+03  3.186329e+03  4.865097e+03 
 1.294865e-01  1.223884e+03  2.285361e+03  3.137570e+03  4.791279e+03 
 1.312915e-01  1.204064e+03  2.248694e+03  3.087433e+03  4.714852e+03 
 1.331216e-01  1.183021e+03  2.209769e+03  3.034222e+03  4.633801e+03 
 1.349772e-01  1.160723e+03  2.168576e+03  2.977985e+03  4.548366e+03 
 1.368587e-01  1.138530e+03  2.129984e+03  2.928050e+03  4.480556e+03 
 1.387665e-01  1.115076e+03  2.088982e+03  2.874740e+03  4.407397e+03 
 1.407008e-01  1.090475e+03  2.045765e+03  2.818309e+03  4.329237e+03 
 1.426621e-01  1.065875e+03  2.002800e+03  2.761935e+03  4.249098e+03 
 1.446507e-01  1.040813e+03  1.958977e+03  2.704222e+03  4.166105e+03 
 1.466671e-01  1.015231e+03  1.914057e+03  2.644897e+03  4.080414e+03 
 1.487115e-01  9.871122e+02  1.862166e+03  2.574481e+03  3.975491e+03 
 1.507845e-01  9.576213e+02  1.806241e+03  2.497519e+03  3.859013e+03 
 1.528864e-01  9.287324e+02  1.751462e+03  2.422112e+03  3.744799e+03 
 1.550175e-01  9.029569e+02  1.704889e+03  2.359842e+03  3.654249e+03 
 1.571784e-01  8.798328e+02  1.664860e+03  2.307799e+03  3.581695e+03 
 1.593694e-01  8.579735e+02  1.627044e+03  2.258649e+03  3.513222e+03 
 1.615909e-01  8.381457e+02  1.593290e+03  2.215135e+03  3.453126e+03 
 1.638434e-01  8.201498e+02  1.563008e+03  2.176357e+03  3.400055e+03 
 1.661273e-01  8.037944e+02  1.535673e+03  2.141528e+03  3.352822e+03 
 1.684430e-01  7.852511e+02  1.500822e+03  2.094002e+03  3.282380e+03 
 1.707910e-01  7.679234e+02  1.467853e+03  2.048784e+03  3.215020e+03 
 1.731717e-01  7.527494e+02  1.439403e+03  2.010031e+03  3.157653e+03 
 1.755856e-01  7.413496e+02  1.419906e+03  1.984553e+03  3.120905e+03 
 1.780332e-01  7.309719e+02  1.402305e+03  1.961679e+03  3.088182e+03 
 1.805149e-01  7.192591e+02  1.379503e+03  1.929291e+03  3.036099e+03 
 1.830312e-01  7.067607e+02  1.353640e+03  1.891310e+03  2.972636e+03 
 1.855825e-01  6.945534e+02  1.328706e+03  1.855046e+03  2.912884e+03 
 1.881694e-01  6.828822e+02  1.306869e+03  1.825495e+03  2.869405e+03 
 1.907924e-01  6.707802e+02  1.284207e+03  1.794783e+03  2.824063e+03 
 1.934520e-01  6.574263e+02  1.258919e+03  1.760515e+03  2.774525e+03 
 1.961486e-01  6.430378e+02  1.231602e+03  1.723453e+03  2.721020e+03 
 1.988828e-01  6.292382e+02  1.206355e+03  1.689599e+03  2.672148e+03 
 2.016551e-01  6.166855e+02  1.184823e+03  1.661384e+03  2.631575e+03 
 2.044661e-01  6.030776e+02  1.160920e+03  1.629571e+03  2.584846e+03 
 2.073162e-01  5.876712e+02  1.131727e+03  1.588893e+03  2.521870e+03 
 2.102061e-01  5.718810e+02  1.101777e+03  1.547133e+03  2.457089e+03 
 2.131362e-01  5.605928e+02  1.085633e+03  1.528336e+03  2.433038e+03 
 2.161073e-01  5.495851e+02  1.070068e+03  1.510380e+03  2.410284e+03 
 2.191197e-01  5.352196e+02  1.045191e+03  1.478338e+03  2.367370e+03 
 2.221741e-01  5.207031e+02  1.019284e+03  1.444517e+03  2.321829e+03 
 2.252711e-01  5.076641e+02  9.967264e+02  1.415614e+03  2.283159e+03 
 2.284112e-01  4.958359e+02  9.765948e+02  1.390113e+03  2.249422e+03 
 2.315951e-01  4.855459e+02  9.581924e+02  1.365078e+03  2.210525e+03 
 2.348235e-01  4.764955e+02  9.417489e+02  1.342128e+03  2.172967e+03 
 2.380968e-01  4.658620e+02  9.205951e+02  1.312118e+03  2.126088e+03 
 2.414157e-01  4.554210e+02  8.994205e+02  1.281990e+03  2.079531e+03 
 2.447809e-01  4.450730e+02  8.790378e+02  1.253640e+03  2.035906e+03 
 2.481930e-01  4.352000e+02  8.597195e+02  1.226872e+03  1.994768e+03 
 2.516527e-01  4.294401e+02  8.500620e+02  1.213884e+03  1.974648e+03 
 2.551606e-01  4.224174e+02  8.374116e+02  1.196617e+03  1.948386e+03 
 2.587174e-01  4.116164e+02  8.157742e+02  1.166529e+03  1.903960e+03 
 2.623238e-01  4.025118e+02  7.988817e+02  1.143712e+03  1.870922e+03 
 2.659804e-01  3.952517e+02  7.871318e+02  1.128770e+03  1.850219e+03 
 2.696881e-01  3.854753e+02  7.692670e+02  1.104669e+03  1.813758e+03 
 2.734474e-01  3.748795e+02  7.494709e+02  1.077702e+03  1.772462e+03 
 2.772591e-01  3.669799e+02  7.367040e+02  1.062036e+03  1.752963e+03 
 2.811239e-01  3.585291e+02  7.220757e+02  1.043581e+03  1.730483e+03 
 2.850426e-01  3.495333e+02  7.053708e+02  1.022041e+03  1.705286e+03 
 2.890160e-01  3.414524e+02  6.915690e+02  1.004164e+03  1.679256e+03 
 2.930447e-01  3.339603e+02  6.784588e+02  9.863405e+02  1.650596e+03 
 2.971296e-01  3.268308e+02  6.639550e+02  9.640961e+02  1.611417e+03 
 3.012714e-01  3.203878e+02  6.525749e+02  9.487724e+02  1.588084e+03 
 3.054710e-01  3.140683e+02  6.418904e+02  9.353546e+02  1.570004e+03 
 3.097291e-01  3.064569e+02  6.277090e+02  9.167088e+02  1.544729e+03 
 3.140465e-01  2.996022e+02  6.135673e+02  8.960286e+02  1.509921e+03 
 3.184242e-01  2.935687e+02  6.012812e+02  8.779928e+02  1.479286e+03 
 3.228628e-01  2.889139e+02  5.936878e+02  8.686232e+02  1.468320e+03 
 3.273634e-01  2.820840e+02  5.798130e+02  8.485474e+02  1.435783e+03 
 3.319266e-01  2.749894e+02  5.659892e+02  8.294005e+02  1.406848e+03 
 3.365535e-01  2.682779e+02  5.541070e+02  8.142520e+02  1.386984e+03 
 3.412449e-01  2.637335e+02  5.481823e+02  8.071619e+02  1.375244e+03 
 3.460016e-01  2.586316e+02  5.398312e+02  7.963144e+02  1.359705e+03 
 3.508247e-01  2.535590e+02  5.306704e+02  7.839826e+02  1.341536e+03 
 3.557150e-01  2.486073e+02  5.213001e+02  7.711670e+02  1.321803e+03 
 3.606735e-01  2.428932e+02  5.109136e+02  7.573609e+02  1.301828e+03 
 3.657011e-01  2.359874e+02  4.976156e+02  7.390885e+02  1.276329e+03 
 3.707988e-01  2.305148e+02  4.869639e+02  7.244496e+02  1.254226e+03 
 3.759675e-01  2.255635e+02  4.773579e+02  7.111684e+02  1.234127e+03 
 3.812083e-01  2.204675e+02  4.679816e+02  6.983644e+02  1.215335e+03 
 3.865221e-01  2.161730e+02  4.615356e+02  6.905602e+02  1.201281e+03 
 3.919100e-01  2.118629e+02  4.513367e+02  6.750401e+02  1.180544e+03 
 3.973730e-01  2.069255e+02  4.432541e+02  6.649403e+02  1.164117e+03 
 4.029122e-01  2.030566e+02  4.371525e+02  6.563180e+02  1.147626e+03 
 4.085286e-01  1.990528e+02  4.283920e+02  6.437322e+02  1.129547e+03 
 4.142232e-01  1.941265e+02  4.182462e+02  6.303652e+02  1.113121e+03 
 4.199973e-01  1.893577e+02  4.099711e+02  6.198126e+02  1.097276e+03 
 4.258518e-01  1.855616e+02  4.027350e+02  6.093058e+02  1.078395e+03 
 4.317880e-01  1.815206e+02  3.945371e+02  5.970520e+02  1.059583e+03 
 4.378069e-01  1.780069e+02  3.874895e+02  5.869552e+02  1.042474e+03 
 4.439097e-01  1.751060e+02  3.829317e+02  5.815129e+02  1.037969e+03 
 4.500975e-01  1.704773e+02  3.741751e+02  5.693513e+02  1.019537e+03 
 4.563716e-01  1.665986e+02  3.661185e+02  5.574711e+02  9.976214e+02 
 4.627332e-01  1.641673e+02  3.627895e+02  5.540009e+02  9.945517e+02 
 4.691835e-01  1.601142e+02  3.545690e+02  5.419033e+02  9.735282e+02 
 4.757236e-01  1.571706e+02  3.488238e+02  5.341272e+02  9.617370e+02 
 4.823549e-01  1.531561e+02  3.404199e+02  5.223282e+02  9.461532e+02 
 4.890787e-01  1.499992e+02  3.342133e+02  5.137545e+02  9.321365e+02 
 4.958962e-01  1.476391e+02  3.295033e+02  5.062725e+02  9.180323e+02 
 5.028087e-01  1.444580e+02  3.238542e+02  4.985389e+02  9.066297e+02 
 5.098176e-01  1.418615e+02  3.190091e+02  4.912460e+02  8.915807e+02 
 5.169242e-01  1.395081e+02  3.145102e+02  4.852408e+02  8.834065e+02 
 5.241298e-01  1.350741e+02  3.068590e+02  4.757800e+02  8.717665e+02 
 5.314359e-01  1.327923e+02  3.032083e+02  4.706388e+02  8.634105e+02 
 5.388438e-01  1.301139e+02  2.970921e+02  4.614168e+02  8.493286e+02 
 5.463550e-01  1.278857e+02  2.925599e+02  4.544987e+02  8.376775e+02 
 5.539709e-01  1.245857e+02  2.867643e+02  4.469942e+02  8.253838e+02 
 5.616930e-01  1.224491e+02  2.824924e+02  4.408229e+02  8.156725e+02 
 5.695227e-01  1.200904e+02  2.786652e+02  4.359696e+02  8.045373e+02 
 5.774615e-01  1.174296e+02  2.723769e+02  4.266511e+02  7.913022e+02 
 5.855110e-01  1.153923e+02  2.684212e+02  4.203061e+02  7.806500e+02 
 5.936727e-01  1.128175e+02  2.623430e+02  4.120213e+02  7.679395e+02 
 6.019482e-01  1.110020e+02  2.595524e+02  4.072143e+02  7.589189e+02 
 6.103390e-01  1.084500e+02  2.551399e+02  4.012683e+02  7.477449e+02 
 6.188468e-01  1.060771e+02  2.512805e+02  3.980005e+02  7.450178e+02 
 6.274732e-01  1.043993e+02  2.468284e+02  3.902648e+02  7.325710e+02 
 6.362198e-01  1.023901e+02  2.431241e+02  3.844751e+02  7.209890e+02 
 6.450884e-01  1.000574e+02  2.389390e+02  3.786584e+02  7.106149e+02 
 6.540806e-01  9.803463e+01  2.340038e+02  3.711161e+02  6.998054e+02 
 6.631981e-01  9.594709e+01  2.308438e+02  3.676452e+02  6.927066e+02 
 6.724427e-01  9.419057e+01  2.269086e+02  3.622023e+02  6.861290e+02 
 6.818162e-01  9.224591e+01  2.229462e+02  3.549603e+02  6.727497e+02 
 6.913204e-01  9.032954e+01  2.190561e+02  3.499210e+02  6.637003e+02 
 7.009570e-01  8.909169e+01  2.159241e+02  3.452978e+02  6.552089e+02 
 7.107280e-01  8.688503e+01  2.123972e+02  3.401157e+02  6.449377e+02 
 7.206351e-01  8.559723e+01  2.093152e+02  3.359620e+02  6.396620e+02 
 7.306804e-01  8.391452e+01  2.061797e+02  3.306655e+02  6.284789e+02 
 7.408657e-01  8.210398e+01  2.022571e+02  3.249249e+02  6.203100e+02 
 7.511929e-01  8.041056e+01  1.987266e+02  3.203106e+02  6.118296e+02 
 7.616642e-01  7.888450e+01  1.953002e+02  3.154311e+02  6.041581e+02 
 7.722814e-01  7.789237e+01  1.932833e+02  3.117549e+02  5.950141e+02 
 7.830465e-01  7.629176e+01  1.897291e+02  3.067511e+02  5.870784e+02 
 7.939618e-01  7.491011e+01  1.872887e+02  3.027731e+02  5.816573e+02 
 8.050292e-01  7.330549e+01  1.839950e+02  2.987815e+02  5.737179e+02 
 8.162509e-01  7.209033e+01  1.813247e+02  2.936779e+02  5.637396e+02 
 8.276289e-01  7.037405e+01  1.778830e+02  2.891896e+02  5.565366e+02 
 8.391656e-01  6.955256e+01  1.758455e+02  2.853023e+02  5.507051e+02 
 8.508632e-01  6.830073e+01  1.728800e+02  2.813691e+02  5.429527e+02 
 8.627237e-01  6.685370e+01  1.702368e+02  2.772292e+02  5.342653e+02 
 8.747496e-01  6.565636e+01  1.674779e+02  2.732163e+02  5.271498e+02 
 8.869432e-01  6.454974e+01  1.650850e+02  2.694603e+02  5.199354e+02 
 8.993067e-01  6.330203e+01  1.625120e+02  2.654108e+02  5.124669e+02 
 9.118425e-01  6.231266e+01  1.597987e+02  2.610013e+02  5.032534e+02 
 9.245531e-01  6.099240e+01  1.571230e+02  2.569024e+02  4.975961e+02 
 9.374409e-01  5.987473e+01  1.548031e+02  2.536352e+02  4.906156e+02 
 9.505083e-01  5.890819e+01  1.524359e+02  2.499624e+02  4.834328e+02 
 9.637579e-01  5.767524e+01  1.495182e+02  2.456067e+02  4.764128e+02 
 9.771921e-01  5.697439e+01  1.486073e+02  2.430759e+02  4.696653e+02 
 9.908137e-01  5.590049e+01  1.459102e+02  2.393148e+02  4.635670e+02 
 1.004625e+00  5.485387e+01  1.432469e+02  2.351108e+02  4.553033e+02 
 1.018629e+00  5.394361e+01  1.412802e+02  2.318016e+02  4.485630e+02 
 1.032828e+00  5.295431e+01  1.391256e+02  2.288089e+02  4.438246e+02 
 1.047225e+00  5.196726e+01  1.371590e+02  2.251077e+02  4.359562e+02 
 1.061823e+00  5.118425e+01  1.352904e+02  2.219563e+02  4.291874e+02 
 1.076624e+00  5.025419e+01  1.331402e+02  2.185731e+02  4.224921e+02 
 1.091632e+00  4.939907e+01  1.310736e+02  2.153967e+02  4.158201e+02 
 1.106848e+00  4.848321e+01  1.288211e+02  2.121147e+02  4.098651e+02 
 1.122277e+00  4.765386e+01  1.269997e+02  2.086388e+02  4.029584e+02 
 1.137921e+00  4.681158e+01  1.248567e+02  2.054357e+02  3.966578e+02 
 1.153783e+00  4.608584e+01  1.229062e+02  2.022277e+02  3.907379e+02 
 1.169866e+00  4.525001e+01  1.210464e+02  1.990478e+02  3.847720e+02 
 1.186174e+00  4.444434e+01  1.192819e+02  1.960745e+02  3.783928e+02 
 1.202708e+00  4.374953e+01  1.174144e+02  1.930252e+02  3.721437e+02 
 1.219473e+00  4.301447e+01  1.156615e+02  1.901322e+02  3.657572e+02 
 1.236472e+00  4.226276e+01  1.139087e+02  1.873068e+02  3.600042e+02 
 1.253708e+00  4.158251e+01  1.120452e+02  1.842247e+02  3.545562e+02 
 1.271184e+00  4.089088e+01  1.107523e+02  1.817656e+02  3.484432e+02 
 1.288904e+00  4.020616e+01  1.086098e+02  1.785404e+02  3.432472e+02 
 1.306870e+00  3.947760e+01  1.069321e+02  1.757011e+02  3.372274e+02 
 1.325087e+00  3.888469e+01  1.053249e+02  1.729166e+02  3.312088e+02 
 1.343558e+00  3.823825e+01  1.036392e+02  1.700847e+02  3.255149e+02 
 1.362287e+00  3.765242e+01  1.019310e+02  1.671048e+02  3.200398e+02 
 1.381276e+00  3.701962e+01  1.003025e+02  1.641569e+02  3.145496e+02 
 1.400531e+00  3.641861e+01  9.871629e+01  1.615312e+02  3.085636e+02 
 1.420053e+00  3.578168e+01  9.705692e+01  1.589128e+02  3.030493e+02 
 1.439848e+00  3.520743e+01  9.554733e+01  1.560766e+02  2.977491e+02 
 1.459919e+00  3.457377e+01  9.394232e+01  1.533851e+02  2.920292e+02 
 1.480269e+00  3.407494e+01  9.226918e+01  1.506651e+02  2.862765e+02 
 1.500903e+00  3.349468e+01  9.077623e+01  1.479748e+02  2.815852e+02 
 1.521825e+00  3.293748e+01  8.940936e+01  1.455479e+02  2.761937e+02 
 1.543038e+00  3.237815e+01  8.788871e+01  1.431218e+02  2.712557e+02 
 1.564548e+00  3.189469e+01  8.641515e+01  1.405263e+02  2.660010e+02 
 1.586357e+00  3.137596e+01  8.506757e+01  1.380973e+02  2.608940e+02 
 1.608469e+00  3.084032e+01  8.367795e+01  1.356749e+02  2.562361e+02 
 1.630891e+00  3.042934e+01  8.211953e+01  1.330456e+02  2.509902e+02 
 1.653624e+00  2.988927e+01  8.071919e+01  1.307966e+02  2.465124e+02 
 1.676675e+00  2.940632e+01  7.948754e+01  1.284866e+02  2.414744e+02 
 1.700047e+00  2.890941e+01  7.809992e+01  1.260756e+02  2.367725e+02 
 1.723745e+00  2.844111e+01  7.671742e+01  1.236911e+02  2.317553e+02 
 1.747773e+00  2.795107e+01  7.533198e+01  1.213354e+02  2.271217e+02 
 1.772136e+00  2.749858e+01  7.397619e+01  1.189938e+02  2.227328e+02 
 1.796838e+00  2.705965e+01  7.265826e+01  1.167705e+02  2.180993e+02 
 1.821885e+00  2.662423e+01  7.133582e+01  1.144705e+02  2.136781e+02 
 1.847281e+00  2.619670e+01  7.016731e+01  1.123464e+02  2.092830e+02 
 1.873032e+00  2.576563e+01  6.879255e+01  1.100033e+02  2.050237e+02 
 1.899141e+00  2.532381e+01  6.750835e+01  1.079120e+02  2.007822e+02 
 1.925614e+00  2.492395e+01  6.631174e+01  1.058136e+02  1.965070e+02 
 1.952456e+00  2.458332e+01  6.514454e+01  1.037296e+02  1.923512e+02 
 1.979672e+00  2.412784e+01  6.397852e+01  1.017031e+02  1.883348e+02 
 2.007267e+00  2.376711e+01  6.275522e+01  9.953408e+01  1.844592e+02 
 2.035248e+00  2.334047e+01  6.154817e+01  9.750640e+01  1.804376e+02 
 2.063618e+00  2.295649e+01  6.036052e+01  9.556435e+01  1.764956e+02 
 2.092383e+00  2.257945e+01  5.921639e+01  9.355734e+01  1.727275e+02 
 2.121550e+00  2.219254e+01  5.804226e+01  9.159944e+01  1.688355e+02 
 2.151123e+00  2.182699e+01  5.691059e+01  8.963298e+01  1.650651e+02 
 2.181109e+00  2.145509e+01  5.577699e+01  8.776654e+01  1.614873e+02 
 2.211512e+00  2.109040e+01  5.463362e+01  8.583718e+01  1.576981e+02 
 2.242340e+00  2.073862e+01  5.357117e+01  8.400399e+01  1.542069e+02 
 2.273597e+00  2.036187e+01  5.247299e+01  8.210250e+01  1.507104e+02 
 2.305289e+00  2.003859e+01  5.140948e+01  8.035565e+01  1.473147e+02 
 2.337424e+00  1.968834e+01  5.033715e+01  7.856543e+01  1.439781e+02 
 2.370006e+00  1.934883e+01  4.930697e+01  7.687382e+01  1.407702e+02 
 2.403043e+00  1.900249e+01  4.828783e+01  7.512774e+01  1.374916e+02 
 2.436540e+00  1.868497e+01  4.729605e+01  7.346599e+01  1.343267e+02 
 2.470504e+00  1.835954e+01  4.632588e+01  7.180357e+01  1.312206e+02 
 2.504942e+00  1.803972e+01  4.537368e+01  7.021469e+01  1.282112e+02 
 2.539859e+00  1.773672e+01  4.440463e+01  6.860847e+01  1.252136e+02 
 2.575263e+00  1.741212e+01  4.345317e+01  6.710439e+01  1.223277e+02 
 2.611161e+00  1.711608e+01  4.251172e+01  6.551995e+01  1.194584e+02 
 2.647559e+00  1.681171e+01  4.158211e+01  6.397977e+01  1.165943e+02 
 2.684465e+00  1.651343e+01  4.069871e+01  6.247617e+01  1.138109e+02 
 2.721885e+00  1.620177e+01  3.976969e+01  6.102394e+01  1.110736e+02 
 2.759826e+00  1.590636e+01  3.886148e+01  5.956515e+01  1.084036e+02 
 2.798297e+00  1.561277e+01  3.801226e+01  5.815699e+01  1.058367e+02 
 2.837304e+00  1.532481e+01  3.714541e+01  5.676576e+01  1.032476e+02 
 2.876854e+00  1.503789e+01  3.629345e+01  5.539521e+01  1.007497e+02 
 2.916956e+00  1.475804e+01  3.547645e+01  5.405894e+01  9.828533e+01 
 2.957617e+00  1.448654e+01  3.467527e+01  5.277128e+01  9.591043e+01 
 2.998844e+00  1.421159e+01  3.388625e+01  5.148981e+01  9.356209e+01 
 3.040646e+00  1.394467e+01  3.310139e+01  5.025202e+01  9.134005e+01 
 3.083031e+00  1.368117e+01  3.233893e+01  4.903642e+01  8.911964e+01 
 3.126007e+00  1.342885e+01  3.159727e+01  4.784475e+01  8.693554e+01 
 3.169582e+00  1.316998e+01  3.084788e+01  4.667099e+01  8.481802e+01 
 3.213764e+00  1.291785e+01  3.012915e+01  4.552328e+01  8.273756e+01 
 3.258562e+00  1.266317e+01  2.942862e+01  4.439716e+01  8.069298e+01 
 3.303985e+00  1.241456e+01  2.871641e+01  4.329963e+01  7.869544e+01 
 3.350041e+00  1.217230e+01  2.802005e+01  4.219955e+01  7.671661e+01 
 3.396739e+00  1.192334e+01  2.734781e+01  4.114878e+01  7.478300e+01 
 3.444087e+00  1.168799e+01  2.667205e+01  4.009988e+01  7.289793e+01 
 3.492096e+00  1.145197e+01  2.602770e+01  3.909161e+01  7.107927e+01 
 3.540774e+00  1.121575e+01  2.539731e+01  3.810798e+01  6.929057e+01 
 3.590130e+00  1.098764e+01  2.476690e+01  3.713142e+01  6.755382e+01 
 3.640175e+00  1.076665e+01  2.415895e+01  3.619905e+01  6.584119e+01 
 3.690917e+00  1.054081e+01  2.357336e+01  3.527248e+01  6.418972e+01 
 3.742366e+00  1.032246e+01  2.298266e+01  3.437967e+01  6.259606e+01 
 3.794533e+00  1.011198e+01  2.242486e+01  3.351035e+01  6.101715e+01 
 3.847427e+00  9.902378e+00  2.186432e+01  3.266263e+01  5.950021e+01 
 3.901058e+00  9.691255e+00  2.132951e+01  3.183806e+01  5.800070e+01 
 3.955436e+00  9.492146e+00  2.079816e+01  3.101734e+01  5.653605e+01 
 4.010573e+00  9.288679e+00  2.027685e+01  3.023056e+01  5.511126e+01 
 4.066478e+00  9.089909e+00  1.976594e+01  2.944860e+01  5.370170e+01 
 4.123163e+00  8.892486e+00  1.926949e+01  2.868696e+01  5.232650e+01 
 4.180637e+00  8.700431e+00  1.878186e+01  2.794377e+01  5.097534e+01 
 4.238913e+00  8.509341e+00  1.829965e+01  2.721494e+01  4.967278e+01 
 4.298001e+00  8.318354e+00  1.783275e+01  2.650764e+01  4.838685e+01 
 4.357913e+00  8.138949e+00  1.737609e+01  2.582239e+01  4.714931e+01 
 4.418660e+00  7.955694e+00  1.693382e+01  2.514610e+01  4.594052e+01 
 4.480254e+00  7.777125e+00  1.649824e+01  2.449208e+01  4.475663e+01 
 4.542706e+00  7.604159e+00  1.607288e+01  2.385234e+01  4.360122e+01 
 4.606029e+00  7.433457e+00  1.566592e+01  2.323677e+01  4.249100e+01 
 4.670234e+00  7.266022e+00  1.526562e+01  2.263826e+01  4.140795e+01 
 4.735335e+00  7.102731e+00  1.487703e+01  2.205207e+01  4.034675e+01 
 4.801343e+00  6.944435e+00  1.450032e+01  2.148509e+01  3.931084e+01 
 4.868271e+00  6.787346e+00  1.413033e+01  2.092909e+01  3.830459e+01 
 4.936132e+00  6.632774e+00  1.376650e+01  2.038842e+01  3.732147e+01 
 5.004939e+00  6.480815e+00  1.341564e+01  1.985839e+01  3.635892e+01 
 5.074705e+00  6.330576e+00  1.306814e+01  1.933859e+01  3.541609e+01 
 5.145444e+00  6.183815e+00  1.273097e+01  1.883379e+01  3.449820e+01 
 5.217169e+00  6.038813e+00  1.239949e+01  1.833707e+01  3.359209e+01 
 5.289893e+00  5.898764e+00  1.207853e+01  1.785988e+01  3.271655e+01 
 5.363631e+00  5.758668e+00  1.176458e+01  1.738689e+01  3.186157e+01 
 5.438397e+00  5.623627e+00  1.145822e+01  1.693088e+01  3.102529e+01 
 5.514206e+00  5.490594e+00  1.116065e+01  1.648721e+01  3.021447e+01 
 5.591071e+00  5.359474e+00  1.087218e+01  1.605450e+01  2.942706e+01 
 5.669007e+00  5.233965e+00  1.058990e+01  1.563639e+01  2.865993e+01 
 5.748030e+00  5.110178e+00  1.031769e+01  1.522770e+01  2.791183e+01 
 5.828155e+00  4.989504e+00  1.005225e+01  1.483290e+01  2.718608e+01 
 5.909396e+00  4.871684e+00  9.794026e+00  1.444822e+01  2.648327e+01 
 5.991770e+00  4.756370e+00  9.542184e+00  1.407291e+01  2.579725e+01 
 6.075292e+00  4.644243e+00  9.298716e+00  1.370897e+01  2.512809e+01 
 6.159978e+00  4.533825e+00  9.060322e+00  1.335426e+01  2.447499e+01 
 6.245845e+00  4.425597e+00  8.827035e+00  1.300694e+01  2.383406e+01 
 6.332908e+00  4.319032e+00  8.597717e+00  1.266544e+01  2.320635e+01 
 6.421186e+00  4.215579e+00  8.375054e+00  1.233248e+01  2.259331e+01 
 6.510694e+00  4.113326e+00  8.157178e+00  1.200918e+01  2.199607e+01 
 6.601449e+00  4.014087e+00  7.945727e+00  1.169337e+01  2.141426e+01 
 6.693470e+00  3.916650e+00  7.738314e+00  1.138452e+01  2.084562e+01 
 6.786773e+00  3.821458e+00  7.537655e+00  1.108470e+01  2.029300e+01 
 6.881377e+00  3.729280e+00  7.342401e+00  1.079322e+01  1.975298e+01 
 6.977300e+00  3.639204e+00  7.152877e+00  1.051104e+01  1.923069e+01 
 7.074559e+00  3.551552e+00  6.967941e+00  1.023488e+01  1.872152e+01 
 7.173175e+00  3.465813e+00  6.788959e+00  9.968198e+00  1.822788e+01 
 7.273165e+00  3.382770e+00  6.615280e+00  9.709548e+00  1.774720e+01 
 7.374549e+00  3.301822e+00  6.446074e+00  9.456424e+00  1.728109e+01 
 7.477346e+00  3.222655e+00  6.282283e+00  9.212500e+00  1.682717e+01 
 7.581576e+00  3.146037e+00  6.121727e+00  8.973382e+00  1.638465e+01 
 7.687260e+00  3.070785e+00  5.965713e+00  8.740260e+00  1.595327e+01 
 7.794416e+00  2.997113e+00  5.812778e+00  8.511357e+00  1.553017e+01 
 7.903066e+00  2.924990e+00  5.663046e+00  8.287825e+00  1.511519e+01 
 8.013230e+00  2.854456e+00  5.517643e+00  8.071208e+00  1.471139e+01 
 8.124930e+00  2.785390e+00  5.375388e+00  7.858628e+00  1.431609e+01 
 8.238187e+00  2.718223e+00  5.236360e+00  7.651036e+00  1.393175e+01 
 8.353023e+00  2.652587e+00  5.101425e+00  7.449803e+00  1.355691e+01 
 8.469460e+00  2.588838e+00  4.970250e+00  7.253716e+00  1.319226e+01 
 8.587519e+00  2.526646e+00  4.842470e+00  7.063055e+00  1.283789e+01 
 8.707225e+00  2.466161e+00  4.718051e+00  6.877854e+00  1.249376e+01 
 8.828599e+00  2.407408e+00  4.597904e+00  6.697987e+00  1.215847e+01 
 8.951665e+00  2.350213e+00  4.480942e+00  6.523309e+00  1.183385e+01 
 9.076446e+00  2.294688e+00  4.367519e+00  6.354306e+00  1.151908e+01 
 9.202967e+00  2.240728e+00  4.257232e+00  6.189941e+00  1.121256e+01 
 9.331251e+00  2.188184e+00  4.149897e+00  6.029779e+00  1.091478e+01 
 9.461324e+00  0.000000e+00  0.000000e+00  0.000000e+00  0.000000e+00 
 9.593209e+00  0.000000e+00  0.000000e+00  0.000000e+00  0.000000e+00 
 9.726934e+00  0.000000e+00  0.000000e+00  0.000000e+00  0.000000e+00 
 9.862522e+00  0.000000e+00  0.000000e+00  0.000000e+00  0.000000e+00 
 1.000000e+01  0.000000e+00  0.000000e+00  0.000000e+00  0.000000e+00 
