 1.000000e-02  6.152692e+03  1.143593e+04  1.563613e+04  2.364939e+04 
 1.013939e-02  6.183537e+03  1.149309e+04  1.571411e+04  2.376687e+04 
 1.028073e-02  6.213820e+03  1.154920e+04  1.579065e+04  2.388214e+04 
 1.042404e-02  6.243535e+03  1.160424e+04  1.586573e+04  2.399518e+04 
 1.056935e-02  6.272651e+03  1.165815e+04  1.593927e+04  2.410588e+04 
 1.071668e-02  6.301158e+03  1.171095e+04  1.601124e+04  2.421419e+04 
 1.086606e-02  6.329026e+03  1.176253e+04  1.608158e+04  2.432000e+04 
 1.101753e-02  6.356230e+03  1.181289e+04  1.615022e+04  2.442324e+04 
 1.117111e-02  6.382752e+03  1.186196e+04  1.621711e+04  2.452381e+04 
 1.132683e-02  6.408575e+03  1.190973e+04  1.628220e+04  2.462163e+04 
 1.148472e-02  6.433668e+03  1.195614e+04  1.634542e+04  2.471662e+04 
 1.164481e-02  6.458016e+03  1.200114e+04  1.640674e+04  2.480869e+04 
 1.180713e-02  6.481592e+03  1.204472e+04  1.646607e+04  2.489776e+04 
 1.197171e-02  6.504376e+03  1.208681e+04  1.652338e+04  2.498374e+04 
 1.213859e-02  6.526347e+03  1.212738e+04  1.657861e+04  2.506655e+04 
 1.230780e-02  6.547483e+03  1.216640e+04  1.663169e+04  2.514610e+04 
 1.247936e-02  6.567758e+03  1.220381e+04  1.668257e+04  2.522231e+04 
 1.265332e-02  6.587160e+03  1.223959e+04  1.673122e+04  2.529512e+04 
 1.282970e-02  6.605666e+03  1.227370e+04  1.677758e+04  2.536444e+04 
 1.300854e-02  6.623262e+03  1.230611e+04  1.682160e+04  2.543019e+04 
 1.318987e-02  6.639918e+03  1.233676e+04  1.686321e+04  2.549231e+04 
 1.337373e-02  6.655618e+03  1.236563e+04  1.690238e+04  2.555070e+04 
 1.356015e-02  6.670335e+03  1.239266e+04  1.693905e+04  2.560527e+04 
 1.374917e-02  6.684052e+03  1.241783e+04  1.697315e+04  2.565596e+04 
 1.394083e-02  6.696738e+03  1.244108e+04  1.700462e+04  2.570264e+04 
 1.413516e-02  6.708370e+03  1.246237e+04  1.703338e+04  2.574522e+04 
 1.433219e-02  6.718924e+03  1.248163e+04  1.705939e+04  2.578361e+04 
 1.453198e-02  6.728379e+03  1.249886e+04  1.708261e+04  2.581774e+04 
 1.473454e-02  6.736713e+03  1.251398e+04  1.710293e+04  2.584749e+04 
 1.493993e-02  6.743901e+03  1.252698e+04  1.712035e+04  2.587281e+04 
 1.514819e-02  6.749904e+03  1.253779e+04  1.713478e+04  2.589365e+04 
 1.535935e-02  6.754709e+03  1.254638e+04  1.714619e+04  2.590990e+04 
 1.557345e-02  6.758307e+03  1.255272e+04  1.715451e+04  2.592147e+04 
 1.579053e-02  6.760685e+03  1.255678e+04  1.715972e+04  2.592832e+04 
 1.601064e-02  6.761820e+03  1.255854e+04  1.716176e+04  2.593035e+04 
 1.623382e-02  6.761699e+03  1.255795e+04  1.716058e+04  2.592750e+04 
 1.646012e-02  6.760304e+03  1.255498e+04  1.715616e+04  2.591973e+04 
 1.668956e-02  6.757625e+03  1.254964e+04  1.714847e+04  2.590700e+04 
 1.692220e-02  6.753637e+03  1.254185e+04  1.713744e+04  2.588920e+04 
 1.715809e-02  6.748328e+03  1.253159e+04  1.712304e+04  2.586629e+04 
 1.739726e-02  6.741676e+03  1.251885e+04  1.710522e+04  2.583817e+04 
 1.763977e-02  6.733667e+03  1.250357e+04  1.708394e+04  2.580483e+04 
 1.788566e-02  6.724267e+03  1.248570e+04  1.705911e+04  2.576611e+04 
 1.813498e-02  6.713476e+03  1.246525e+04  1.703076e+04  2.572201e+04 
 1.838777e-02  6.701269e+03  1.244217e+04  1.699878e+04  2.567244e+04 
 1.864409e-02  6.687652e+03  1.241645e+04  1.696322e+04  2.561742e+04 
 1.890397e-02  6.672598e+03  1.238806e+04  1.692399e+04  2.555686e+04 
 1.916748e-02  6.656102e+03  1.235700e+04  1.688110e+04  2.549075e+04 
 1.943467e-02  6.638157e+03  1.232323e+04  1.683453e+04  2.541904e+04 
 1.970558e-02  6.618763e+03  1.228678e+04  1.678426e+04  2.534175e+04 
 1.998026e-02  6.597916e+03  1.224762e+04  1.673029e+04  2.525886e+04 
 2.025878e-02  6.575616e+03  1.220576e+04  1.667264e+04  2.517038e+04 
 2.054117e-02  6.551877e+03  1.216123e+04  1.661133e+04  2.507635e+04 
 2.082751e-02  6.526694e+03  1.211401e+04  1.654635e+04  2.497676e+04 
 2.111783e-02  6.500080e+03  1.206414e+04  1.647772e+04  2.487166e+04 
 2.141220e-02  6.472112e+03  1.201171e+04  1.640557e+04  2.476111e+04 
 2.171068e-02  6.443301e+03  1.195745e+04  1.633064e+04  2.464566e+04 
 2.201331e-02  6.413058e+03  1.190053e+04  1.625206e+04  2.452468e+04 
 2.232016e-02  6.381384e+03  1.184094e+04  1.616986e+04  2.439821e+04 
 2.263130e-02  6.348281e+03  1.177871e+04  1.608403e+04  2.426626e+04 
 2.294676e-02  6.313764e+03  1.171385e+04  1.599460e+04  2.412886e+04 
 2.326663e-02  6.277842e+03  1.164638e+04  1.590161e+04  2.398608e+04 
 2.359095e-02  6.240529e+03  1.157633e+04  1.580509e+04  2.383795e+04 
 2.391980e-02  6.201847e+03  1.150374e+04  1.570510e+04  2.368458e+04 
 2.425323e-02  6.161821e+03  1.142865e+04  1.560170e+04  2.352607e+04 
 2.459130e-02  6.120481e+03  1.135113e+04  1.549497e+04  2.336252e+04 
 2.493409e-02  6.077853e+03  1.127121e+04  1.538497e+04  2.319406e+04 
 2.528166e-02  6.033978e+03  1.118898e+04  1.527182e+04  2.302081e+04 
 2.563407e-02  5.988897e+03  1.110452e+04  1.515562e+04  2.284298e+04 
 2.599140e-02  5.942662e+03  1.101791e+04  1.503650e+04  2.266073e+04 
 2.635371e-02  5.895327e+03  1.092927e+04  1.491459e+04  2.247431e+04 
 2.672106e-02  5.846924e+03  1.083865e+04  1.478999e+04  2.228380e+04 
 2.709354e-02  5.797483e+03  1.074611e+04  1.466277e+04  2.208937e+04 
 2.747121e-02  5.747030e+03  1.065170e+04  1.453299e+04  2.189109e+04 
 2.785414e-02  5.695529e+03  1.055537e+04  1.440063e+04  2.168897e+04 
 2.824241e-02  5.642723e+03  1.045675e+04  1.426524e+04  2.148263e+04 
 2.863610e-02  5.589022e+03  1.035646e+04  1.412760e+04  2.127290e+04 
 2.903527e-02  5.534467e+03  1.025460e+04  1.398782e+04  2.105994e+04 
 2.944000e-02  5.479110e+03  1.015126e+04  1.384602e+04  2.084397e+04 
 2.985038e-02  5.423005e+03  1.004653e+04  1.370236e+04  2.062521e+04 
 3.026648e-02  5.366214e+03  9.940548e+03  1.355697e+04  2.040388e+04 
 3.068838e-02  5.308804e+03  9.833420e+03  1.341002e+04  2.018024e+04 
 3.111616e-02  5.250849e+03  9.725290e+03  1.326172e+04  1.995458e+04 
 3.154990e-02  5.192426e+03  9.616301e+03  1.311225e+04  1.972721e+04 
 3.198969e-02  5.133626e+03  9.506620e+03  1.296186e+04  1.949847e+04 
 3.243561e-02  5.074541e+03  9.396423e+03  1.281077e+04  1.926870e+04 
 3.288774e-02  5.015273e+03  9.285892e+03  1.265923e+04  1.903829e+04 
 3.334618e-02  4.955916e+03  9.175203e+03  1.250748e+04  1.880761e+04 
 3.381101e-02  4.896529e+03  9.064467e+03  1.235568e+04  1.857687e+04 
 3.428231e-02  4.837158e+03  8.953767e+03  1.220394e+04  1.834626e+04 
 3.476019e-02  4.777657e+03  8.843194e+03  1.205277e+04  1.811773e+04 
 3.524473e-02  4.718262e+03  8.732834e+03  1.190192e+04  1.788972e+04 
 3.573602e-02  4.659037e+03  8.622791e+03  1.175150e+04  1.766241e+04 
 3.623416e-02  4.600037e+03  8.513173e+03  1.160168e+04  1.743602e+04 
 3.673925e-02  4.541325e+03  8.404095e+03  1.145259e+04  1.721078e+04 
 3.725137e-02  4.482960e+03  8.295669e+03  1.130440e+04  1.698692e+04 
 3.777064e-02  4.425013e+03  8.188025e+03  1.115730e+04  1.676470e+04 
 3.829714e-02  4.367551e+03  8.081290e+03  1.101144e+04  1.654441e+04 
 3.883098e-02  4.310660e+03  7.975615e+03  1.086703e+04  1.632633e+04 
 3.937226e-02  4.254410e+03  7.871137e+03  1.072426e+04  1.611077e+04 
 3.992109e-02  4.198887e+03  7.768009e+03  1.058335e+04  1.589800e+04 
 4.047757e-02  4.144166e+03  7.666335e+03  1.044437e+04  1.568809e+04 
 4.104181e-02  4.090100e+03  7.565179e+03  1.030535e+04  1.547595e+04 
 4.161391e-02  4.037014e+03  7.465856e+03  1.016883e+04  1.526764e+04 
 4.219398e-02  3.984934e+03  7.368401e+03  1.003488e+04  1.506323e+04 
 4.278214e-02  3.933881e+03  7.272860e+03  9.903546e+03  1.486281e+04 
 4.337850e-02  3.883877e+03  7.179274e+03  9.774892e+03  1.466645e+04 
 4.398317e-02  3.834945e+03  7.087679e+03  9.648970e+03  1.447426e+04 
 4.459628e-02  3.787100e+03  6.998113e+03  9.525823e+03  1.428626e+04 
 4.521792e-02  3.740361e+03  6.910605e+03  9.405493e+03  1.410255e+04 
 4.584824e-02  3.694741e+03  6.825177e+03  9.288011e+03  1.392316e+04 
 4.648734e-02  3.650255e+03  6.741855e+03  9.173410e+03  1.374812e+04 
 4.713535e-02  3.607131e+03  6.661954e+03  9.064418e+03  1.358409e+04 
 4.779239e-02  3.565288e+03  6.584964e+03  8.959953e+03  1.342837e+04 
 4.845859e-02  3.524583e+03  6.510075e+03  8.858347e+03  1.327695e+04 
 4.913407e-02  3.484997e+03  6.437247e+03  8.759544e+03  1.312971e+04 
 4.981898e-02  3.446498e+03  6.366423e+03  8.663465e+03  1.298655e+04 
 5.051342e-02  3.409050e+03  6.297540e+03  8.570027e+03  1.284734e+04 
 5.121755e-02  3.372612e+03  6.230520e+03  8.479122e+03  1.271193e+04 
 5.193150e-02  3.337133e+03  6.165280e+03  8.390630e+03  1.258011e+04 
 5.265540e-02  3.302563e+03  6.101710e+03  8.304416e+03  1.245172e+04 
 5.338938e-02  3.268571e+03  6.038686e+03  8.218411e+03  1.232220e+04 
 5.413360e-02  3.235030e+03  5.975881e+03  8.132063e+03  1.219043e+04 
 5.488820e-02  3.202184e+03  5.914368e+03  8.047479e+03  1.206134e+04 
 5.565331e-02  3.169953e+03  5.853994e+03  7.964455e+03  1.193460e+04 
 5.642908e-02  3.138241e+03  5.794587e+03  7.882748e+03  1.180986e+04 
 5.721568e-02  3.106935e+03  5.735929e+03  7.802070e+03  1.168663e+04 
 5.801323e-02  3.075918e+03  5.677817e+03  7.722131e+03  1.156453e+04 
 5.882190e-02  3.045109e+03  5.620105e+03  7.642763e+03  1.144334e+04 
 5.964185e-02  3.014682e+03  5.563525e+03  7.565383e+03  1.132635e+04 
 6.047322e-02  2.984896e+03  5.509265e+03  7.492329e+03  1.121903e+04 
 6.131619e-02  2.954976e+03  5.454756e+03  7.418933e+03  1.111116e+04 
 6.217090e-02  2.924713e+03  5.399590e+03  7.344627e+03  1.100188e+04 
 6.303753e-02  2.894068e+03  5.343692e+03  7.269296e+03  1.089098e+04 
 6.391624e-02  2.862879e+03  5.286774e+03  7.192560e+03  1.077794e+04 
 6.480720e-02  2.831082e+03  5.228730e+03  7.114291e+03  1.066260e+04 
 6.571058e-02  2.798549e+03  5.169335e+03  7.034193e+03  1.054453e+04 
 6.662655e-02  2.763877e+03  5.103847e+03  6.943536e+03  1.040434e+04 
 6.755528e-02  2.728244e+03  5.036542e+03  6.850361e+03  1.026026e+04 
 6.849697e-02  2.691623e+03  4.967437e+03  6.754759e+03  1.011262e+04 
 6.945178e-02  2.653945e+03  4.896408e+03  6.656577e+03  9.961206e+03 
 7.041990e-02  2.615163e+03  4.823370e+03  6.555695e+03  9.805860e+03 
 7.140151e-02  2.575243e+03  4.748263e+03  6.452036e+03  9.646482e+03 
 7.239681e-02  2.534474e+03  4.671953e+03  6.347180e+03  9.486697e+03 
 7.340598e-02  2.492912e+03  4.594599e+03  6.241401e+03  9.327162e+03 
 7.442922e-02  2.450205e+03  4.515166e+03  6.132823e+03  9.163520e+03 
 7.546673e-02  2.406405e+03  4.433741e+03  6.021571e+03  8.995963e+03 
 7.651869e-02  2.361567e+03  4.350431e+03  5.907786e+03  8.824713e+03 
 7.758532e-02  2.315781e+03  4.265405e+03  5.791701e+03  8.650107e+03 
 7.866682e-02  2.270100e+03  4.181898e+03  5.678985e+03  8.483834e+03 
 7.976339e-02  2.225218e+03  4.101977e+03  5.573222e+03  8.333195e+03 
 8.087525e-02  2.179692e+03  4.020798e+03  5.465684e+03  8.179740e+03 
 8.200261e-02  2.133679e+03  3.938650e+03  5.356758e+03  8.024037e+03 
 8.314568e-02  2.087355e+03  3.855848e+03  5.246867e+03  7.866700e+03 
 8.430468e-02  2.040905e+03  3.772735e+03  5.136472e+03  7.708411e+03 
 8.547985e-02  1.993509e+03  3.686327e+03  5.020108e+03  7.537565e+03 
 8.667139e-02  1.945949e+03  3.598890e+03  4.901648e+03  7.361877e+03 
 8.787954e-02  1.898929e+03  3.512436e+03  4.784512e+03  7.188126e+03 
 8.910453e-02  1.852650e+03  3.427341e+03  4.669205e+03  7.017063e+03 
 9.034660e-02  1.807323e+03  3.343984e+03  4.556248e+03  6.849460e+03 
 9.160598e-02  1.763830e+03  3.264959e+03  4.450034e+03  6.693923e+03 
 9.288292e-02  1.722272e+03  3.190329e+03  4.350547e+03  6.550181e+03 
 9.417766e-02  1.682157e+03  3.118286e+03  4.254499e+03  6.411396e+03 
 9.549045e-02  1.643647e+03  3.049125e+03  4.162297e+03  6.278179e+03 
 9.682153e-02  1.606866e+03  2.983083e+03  4.074268e+03  6.151036e+03 
 9.817117e-02  1.572164e+03  2.921203e+03  3.992196e+03  6.033500e+03 
 9.953962e-02  1.539461e+03  2.863085e+03  3.915307e+03  5.923866e+03 
 1.009272e-01  1.508702e+03  2.808484e+03  3.843136e+03  5.821130e+03 
 1.023340e-01  1.479902e+03  2.757440e+03  3.775741e+03  5.725399e+03 
 1.037605e-01  1.452322e+03  2.707707e+03  3.709275e+03  5.629091e+03 
 1.052069e-01  1.423927e+03  2.653110e+03  3.633155e+03  5.511332e+03 
 1.066734e-01  1.397417e+03  2.602051e+03  3.561894e+03  5.400953e+03 
 1.081604e-01  1.372666e+03  2.554288e+03  3.495159e+03  5.297444e+03 
 1.096681e-01  1.349514e+03  2.509519e+03  3.432538e+03  5.200179e+03 
 1.111968e-01  1.328260e+03  2.468866e+03  3.375906e+03  5.112250e+03 
 1.127468e-01  1.308221e+03  2.430509e+03  3.322442e+03  5.029144e+03 
 1.143184e-01  1.289140e+03  2.393943e+03  3.271437e+03  4.949777e+03 
 1.159120e-01  1.270762e+03  2.358697e+03  3.222251e+03  4.873185e+03 
 1.175277e-01  1.254046e+03  2.327852e+03  3.180199e+03  4.809702e+03 
 1.191660e-01  1.237596e+03  2.297618e+03  3.139083e+03  4.747844e+03 
 1.208271e-01  1.221039e+03  2.267189e+03  3.097708e+03  4.685616e+03 
 1.225114e-01  1.204096e+03  2.236039e+03  3.055380e+03  4.622092e+03 
 1.242191e-01  1.186290e+03  2.203218e+03  3.010968e+03  4.556615e+03 
 1.259506e-01  1.167687e+03  2.168934e+03  2.964569e+03  4.488153e+03 
 1.277063e-01  1.148124e+03  2.132881e+03  2.915768e+03  4.416079e+03 
 1.294865e-01  1.127876e+03  2.095818e+03  2.865667e+03  4.341791e+03 
 1.312915e-01  1.106941e+03  2.057769e+03  2.814306e+03  4.265297e+03 
 1.331216e-01  1.084801e+03  2.017483e+03  2.759894e+03  4.184209e+03 
 1.349772e-01  1.061533e+03  1.975146e+03  2.702733e+03  4.099124e+03 
 1.368587e-01  1.038432e+03  1.935200e+03  2.651216e+03  4.029377e+03 
 1.387665e-01  1.014370e+03  1.893373e+03  2.597029e+03  3.955319e+03 
 1.407008e-01  9.895609e+02  1.850047e+03  2.540684e+03  3.877693e+03 
 1.426621e-01  9.650581e+02  1.807418e+03  2.484905e+03  3.798834e+03 
 1.446507e-01  9.405393e+02  1.764701e+03  2.428806e+03  3.718652e+03 
 1.466671e-01  9.160295e+02  1.721856e+03  2.372414e+03  3.637772e+03 
 1.487115e-01  8.894445e+02  1.672812e+03  2.305905e+03  3.538916e+03 
 1.507845e-01  8.619491e+02  1.620545e+03  2.233910e+03  3.429982e+03 
 1.528864e-01  8.355080e+02  1.570271e+03  2.164648e+03  3.325129e+03 
 1.550175e-01  8.122788e+02  1.528023e+03  2.107941e+03  3.242265e+03 
 1.571784e-01  7.917961e+02  1.492253e+03  2.061151e+03  3.176394e+03 
 1.593694e-01  7.727764e+02  1.459100e+03  2.017845e+03  3.115582e+03 
 1.615909e-01  7.558246e+02  1.430016e+03  1.980115e+03  3.062906e+03 
 1.638434e-01  7.406675e+02  1.404324e+03  1.946998e+03  3.017024e+03 
 1.661273e-01  7.270219e+02  1.381373e+03  1.917577e+03  2.976647e+03 
 1.684430e-01  7.113793e+02  1.351759e+03  1.877089e+03  2.916633e+03 
 1.707910e-01  6.966531e+02  1.323521e+03  1.838269e+03  2.858828e+03 
 1.731717e-01  6.836616e+02  1.299037e+03  1.804872e+03  2.809462e+03 
 1.755856e-01  6.740411e+02  1.282845e+03  1.783935e+03  2.779720e+03 
 1.780332e-01  6.649264e+02  1.267578e+03  1.764254e+03  2.751895e+03 
 1.805149e-01  6.542694e+02  1.247206e+03  1.735675e+03  2.706841e+03 
 1.830312e-01  6.425331e+02  1.223496e+03  1.701392e+03  2.650915e+03 
 1.855825e-01  6.306541e+02  1.199854e+03  1.667588e+03  2.596625e+03 
 1.881694e-01  6.190081e+02  1.178582e+03  1.639247e+03  2.555936e+03 
 1.907924e-01  6.066633e+02  1.155985e+03  1.609058e+03  2.512328e+03 
 1.934520e-01  5.930733e+02  1.130917e+03  1.575604e+03  2.464995e+03 
 1.961486e-01  5.785381e+02  1.104018e+03  1.539641e+03  2.414101e+03 
 1.988828e-01  5.645060e+02  1.078767e+03  1.506111e+03  2.366300e+03 
 2.016551e-01  5.516355e+02  1.056691e+03  1.477191e+03  2.324723e+03 
 2.044661e-01  5.380939e+02  1.032933e+03  1.445614e+03  2.278437e+03 
 2.073162e-01  5.231248e+02  1.004517e+03  1.406034e+03  2.217154e+03 
 2.102061e-01  5.082581e+02  9.762597e+02  1.366650e+03  2.156085e+03 
 2.131362e-01  4.975517e+02  9.603463e+02  1.347537e+03  2.130600e+03 
 2.161073e-01  4.875146e+02  9.457572e+02  1.330305e+03  2.108072e+03 
 2.191197e-01  4.747085e+02  9.231354e+02  1.300787e+03  2.067592e+03 
 2.221741e-01  4.620432e+02  9.001130e+02  1.270403e+03  2.025866e+03 
 2.252711e-01  4.509085e+02  8.806054e+02  1.245242e+03  1.991939e+03 
 2.284112e-01  4.409369e+02  8.634788e+02  1.223467e+03  1.963103e+03 
 2.315951e-01  4.323774e+02  8.480923e+02  1.202534e+03  1.930847e+03 
 2.348235e-01  4.247680e+02  8.341883e+02  1.183128e+03  1.899388e+03 
 2.380968e-01  4.157417e+02  8.163228e+02  1.157943e+03  1.860628e+03 
 2.414157e-01  4.066264e+02  7.979861e+02  1.132050e+03  1.821208e+03 
 2.447809e-01  3.975049e+02  7.804021e+02  1.107924e+03  1.784784e+03 
 2.481930e-01  3.884880e+02  7.631593e+02  1.084349e+03  1.749174e+03 
 2.516527e-01  3.829629e+02  7.541700e+02  1.072511e+03  1.731346e+03 
 2.551606e-01  3.760657e+02  7.420118e+02  1.056146e+03  1.706887e+03 
 2.587174e-01  3.655512e+02  7.213329e+02  1.027646e+03  1.665068e+03 
 2.623238e-01  3.565664e+02  7.048181e+02  1.005414e+03  1.632853e+03 
 2.659804e-01  3.493455e+02  6.930073e+02  9.902428e+02  1.611494e+03 
 2.696881e-01  3.398796e+02  6.755831e+02  9.666169e+02  1.575661e+03 
 2.734474e-01  3.299017e+02  6.568050e+02  9.409346e+02  1.536322e+03 
 2.772591e-01  3.224070e+02  6.442542e+02  9.251277e+02  1.515635e+03 
 2.811239e-01  3.147403e+02  6.307147e+02  9.077783e+02  1.493675e+03 
 2.850426e-01  3.068451e+02  6.158715e+02  8.884290e+02  1.470276e+03 
 2.890160e-01  2.998301e+02  6.037235e+02  8.726134e+02  1.447349e+03 
 2.930447e-01  2.934183e+02  5.923974e+02  8.572105e+02  1.422830e+03 
 2.971296e-01  2.873591e+02  5.800117e+02  8.382373e+02  1.389453e+03 
 3.012714e-01  2.819622e+02  5.706238e+02  8.257761e+02  1.371035e+03 
 3.054710e-01  2.765820e+02  5.617121e+02  8.147971e+02  1.356918e+03 
 3.097291e-01  2.699451e+02  5.494625e+02  7.987552e+02  1.335239e+03 
 3.140465e-01  2.637459e+02  5.369688e+02  7.807193e+02  1.305415e+03 
 3.184242e-01  2.580904e+02  5.257307e+02  7.644749e+02  1.278447e+03 
 3.228628e-01  2.535393e+02  5.181869e+02  7.550609e+02  1.267078e+03 
 3.273634e-01  2.470843e+02  5.051712e+02  7.362756e+02  1.236758e+03 
 3.319266e-01  2.403836e+02  4.920888e+02  7.180899e+02  1.209134e+03 
 3.365535e-01  2.340477e+02  4.806712e+02  7.033013e+02  1.189160e+03 
 3.412449e-01  2.297200e+02  4.747200e+02  6.959638e+02  1.176885e+03 
 3.460016e-01  2.250454e+02  4.668794e+02  6.857174e+02  1.162219e+03 
 3.508247e-01  2.205376e+02  4.586254e+02  6.745587e+02  1.145693e+03 
 3.557150e-01  2.162446e+02  4.504544e+02  6.633319e+02  1.128171e+03 
 3.606735e-01  2.113041e+02  4.415055e+02  6.515591e+02  1.111601e+03 
 3.657011e-01  2.053882e+02  4.301581e+02  6.360429e+02  1.090350e+03 
 3.707988e-01  2.006531e+02  4.210112e+02  6.235562e+02  1.071839e+03 
 3.759675e-01  1.962900e+02  4.126117e+02  6.120007e+02  1.054509e+03 
 3.812083e-01  1.917358e+02  4.042954e+02  6.006866e+02  1.037921e+03 
 3.865221e-01  1.878397e+02  3.985345e+02  5.938203e+02  1.025944e+03 
 3.919100e-01  1.837483e+02  3.889089e+02  5.792546e+02  1.006143e+03 
 3.973730e-01  1.791913e+02  3.812060e+02  5.694154e+02  9.900088e+02 
 4.029122e-01  1.755481e+02  3.752699e+02  5.609640e+02  9.741905e+02 
 4.085286e-01  1.718673e+02  3.672289e+02  5.494002e+02  9.575472e+02 
 4.142232e-01  1.675008e+02  3.582186e+02  5.374785e+02  9.426757e+02 
 4.199973e-01  1.633346e+02  3.509629e+02  5.282068e+02  9.288088e+02 
 4.258518e-01  1.600373e+02  3.447207e+02  5.192279e+02  9.130344e+02 
 4.317880e-01  1.565416e+02  3.377235e+02  5.088330e+02  8.971768e+02 
 4.378069e-01  1.534541e+02  3.314883e+02  4.998327e+02  8.820931e+02 
 4.439097e-01  1.508674e+02  3.274634e+02  4.950501e+02  8.778460e+02 
 4.500975e-01  1.467532e+02  3.197177e+02  4.843623e+02  8.618932e+02 
 4.563716e-01  1.432215e+02  3.123212e+02  4.735109e+02  8.422939e+02 
 4.627332e-01  1.409873e+02  3.091701e+02  4.700775e+02  8.388432e+02 
 4.691835e-01  1.373275e+02  3.017932e+02  4.593717e+02  8.206418e+02 
 4.757236e-01  1.346809e+02  2.964871e+02  4.520300e+02  8.092695e+02 
 4.823549e-01  1.311390e+02  2.891331e+02  4.416497e+02  7.952077e+02 
 4.890787e-01  1.283474e+02  2.836417e+02  4.341475e+02  7.832183e+02 
 4.958962e-01  1.262722e+02  2.794923e+02  4.276078e+02  7.710356e+02 
 5.028087e-01  1.234898e+02  2.746011e+02  4.209629e+02  7.612982e+02 
 5.098176e-01  1.211987e+02  2.702979e+02  4.145926e+02  7.485593e+02 
 5.169242e-01  1.190605e+02  2.661802e+02  4.090253e+02  7.409112e+02 
 5.241298e-01  1.151528e+02  2.594773e+02  4.007592e+02  7.305836e+02 
 5.314359e-01  1.131162e+02  2.562211e+02  3.961491e+02  7.229654e+02 
 5.388438e-01  1.106943e+02  2.506241e+02  3.877724e+02  7.101808e+02 
 5.463550e-01  1.086988e+02  2.466168e+02  3.817251e+02  7.000291e+02 
 5.539709e-01  1.058014e+02  2.414721e+02  3.750960e+02  6.895199e+02 
 5.616930e-01  1.039153e+02  2.377245e+02  3.697488e+02  6.813044e+02 
 5.695227e-01  1.018721e+02  2.343714e+02  3.654908e+02  6.719295e+02 
 5.774615e-01  9.952771e+01  2.288787e+02  3.573425e+02  6.602752e+02 
 5.855110e-01  9.772346e+01  2.254336e+02  3.519717e+02  6.510559e+02 
 5.936727e-01  9.543226e+01  2.200315e+02  3.444510e+02  6.397017e+02 
 6.019482e-01  9.379523e+01  2.174242e+02  3.401193e+02  6.316088e+02 
 6.103390e-01  9.155580e+01  2.135468e+02  3.349973e+02  6.221335e+02 
 6.188468e-01  8.950821e+01  2.101753e+02  3.319753e+02  6.198480e+02 
 6.274732e-01  8.799702e+01  2.061587e+02  3.250817e+02  6.087431e+02 
 6.362198e-01  8.622743e+01  2.030060e+02  3.203840e+02  5.994881e+02 
 6.450884e-01  8.419540e+01  1.993145e+02  3.151696e+02  5.901624e+02 
 6.540806e-01  8.241801e+01  1.950095e+02  3.086468e+02  5.807404e+02 
 6.631981e-01  8.059176e+01  1.920989e+02  3.054090e+02  5.746998e+02 
 6.724427e-01  7.903319e+01  1.887115e+02  3.007017e+02  5.687873e+02 
 6.818162e-01  7.731031e+01  1.852158e+02  2.944955e+02  5.574179e+02 
 6.913204e-01  7.564307e+01  1.818129e+02  2.900432e+02  5.495618e+02 
 7.009570e-01  7.453901e+01  1.790097e+02  2.859330e+02  5.422995e+02 
 7.107280e-01  7.262428e+01  1.760052e+02  2.815788e+02  5.336399e+02 
 7.206351e-01  7.147541e+01  1.732454e+02  2.779150e+02  5.290157e+02 
 7.306804e-01  7.001911e+01  1.705485e+02  2.733244e+02  5.193824e+02 
 7.408657e-01  6.844601e+01  1.671581e+02  2.684490e+02  5.126822e+02 
 7.511929e-01  6.697875e+01  1.640925e+02  2.644621e+02  5.053640e+02 
 7.616642e-01  6.564777e+01  1.610855e+02  2.601697e+02  4.989353e+02 
 7.722814e-01  6.477097e+01  1.593576e+02  2.571080e+02  4.915070e+02 
 7.830465e-01  6.338627e+01  1.562648e+02  2.527018e+02  4.848998e+02 
 7.939618e-01  6.220101e+01  1.541848e+02  2.493143e+02  4.797464e+02 
 8.050292e-01  6.080668e+01  1.513270e+02  2.459546e+02  4.733821e+02 
 8.162509e-01  5.973705e+01  1.490537e+02  2.417489e+02  4.649187e+02 
 8.276289e-01  5.827064e+01  1.460788e+02  2.377993e+02  4.588637e+02 
 8.391656e-01  5.752901e+01  1.442707e+02  2.343621e+02  4.535632e+02 
 8.508632e-01  5.644651e+01  1.417812e+02  2.310827e+02  4.472623e+02 
 8.627237e-01  5.519358e+01  1.394531e+02  2.275301e+02  4.400000e+02 
 8.747496e-01  5.415698e+01  1.370569e+02  2.240873e+02  4.338944e+02 
 8.869432e-01  5.320472e+01  1.350387e+02  2.209560e+02  4.282568e+02 
 8.993067e-01  5.210985e+01  1.328318e+02  2.175049e+02  4.218611e+02 
 9.118425e-01  5.127390e+01  1.305032e+02  2.137745e+02  4.142063e+02 
 9.245531e-01  5.014461e+01  1.282995e+02  2.103682e+02  4.094273e+02 
 9.374409e-01  4.916372e+01  1.262773e+02  2.075848e+02  4.036844e+02 
 9.505083e-01  4.833555e+01  1.242262e+02  2.044658e+02  3.978159e+02 
 9.637579e-01  4.728294e+01  1.218147e+02  2.008057e+02  3.917965e+02 
 9.771921e-01  4.664889e+01  1.210158e+02  1.987208e+02  3.863109e+02 
 9.908137e-01  4.573780e+01  1.186957e+02  1.954692e+02  3.810338e+02 
 1.004625e+00  4.482552e+01  1.164682e+02  1.920211e+02  3.744815e+02 
 1.018629e+00  4.406764e+01  1.148160e+02  1.892368e+02  3.688157e+02 
 1.032828e+00  4.320205e+01  1.129739e+02  1.867122e+02  3.646469e+02 
 1.047225e+00  4.234772e+01  1.112882e+02  1.836368e+02  3.581505e+02 
 1.061823e+00  4.167926e+01  1.097243e+02  1.810435e+02  3.528434e+02 
 1.076624e+00  4.087867e+01  1.079402e+02  1.782756e+02  3.473187e+02 
 1.091632e+00  4.016426e+01  1.061461e+02  1.756173e+02  3.417451e+02 
 1.106848e+00  3.937856e+01  1.042752e+02  1.728417e+02  3.369097e+02 
 1.122277e+00  3.866334e+01  1.027561e+02  1.698962e+02  3.311066e+02 
 1.137921e+00  3.794453e+01  1.009518e+02  1.672622e+02  3.259599e+02 
 1.153783e+00  3.730889e+01  9.934320e+01  1.646380e+02  3.210343e+02 
 1.169866e+00  3.663133e+01  9.781533e+01  1.620483e+02  3.163643e+02 
 1.186174e+00  3.594531e+01  9.634179e+01  1.595300e+02  3.110238e+02 
 1.202708e+00  3.534656e+01  9.479127e+01  1.571010e+02  3.060873e+02 
 1.219473e+00  3.473499e+01  9.334014e+01  1.547581e+02  3.007333e+02 
 1.236472e+00  3.409768e+01  9.190194e+01  1.524323e+02  2.961356e+02 
 1.253708e+00  3.352492e+01  9.035006e+01  1.497461e+02  2.915709e+02 
 1.271184e+00  3.294705e+01  8.926187e+01  1.478391e+02  2.866985e+02 
 1.288904e+00  3.236423e+01  8.749843e+01  1.451958e+02  2.823568e+02 
 1.306870e+00  3.175705e+01  8.610983e+01  1.428052e+02  2.773333e+02 
 1.325087e+00  3.125657e+01  8.479767e+01  1.406064e+02  2.724654e+02 
 1.343558e+00  3.071286e+01  8.340243e+01  1.383066e+02  2.678204e+02 
 1.362287e+00  3.021330e+01  8.199295e+01  1.358552e+02  2.632414e+02 
 1.381276e+00  2.968044e+01  8.068099e+01  1.333918e+02  2.586972e+02 
 1.400531e+00  2.917830e+01  7.938838e+01  1.312942e+02  2.538494e+02 
 1.420053e+00  2.864827e+01  7.800055e+01  1.291688e+02  2.492615e+02 
 1.439848e+00  2.817072e+01  7.679266e+01  1.268834e+02  2.449502e+02 
 1.459919e+00  2.765048e+01  7.549934e+01  1.246888e+02  2.403049e+02 
 1.480269e+00  2.723618e+01  7.411958e+01  1.224289e+02  2.355465e+02 
 1.500903e+00  2.675804e+01  7.293754e+01  1.202584e+02  2.317092e+02 
 1.521825e+00  2.629578e+01  7.181131e+01  1.183176e+02  2.273157e+02 
 1.543038e+00  2.583478e+01  7.059847e+01  1.163507e+02  2.233413e+02 
 1.564548e+00  2.543209e+01  6.941858e+01  1.142741e+02  2.189848e+02 
 1.586357e+00  2.500387e+01  6.831740e+01  1.122788e+02  2.148671e+02 
 1.608469e+00  2.455732e+01  6.718304e+01  1.103134e+02  2.110131e+02 
 1.630891e+00  2.421142e+01  6.592842e+01  1.081076e+02  2.066512e+02 
 1.653624e+00  2.377167e+01  6.479432e+01  1.062996e+02  2.030102e+02 
 1.676675e+00  2.336837e+01  6.378164e+01  1.044449e+02  1.988558e+02 
 1.700047e+00  2.296495e+01  6.268929e+01  1.025045e+02  1.950666e+02 
 1.723745e+00  2.259302e+01  6.156005e+01  1.005936e+02  1.909562e+02 
 1.747773e+00  2.218458e+01  6.045095e+01  9.867809e+01  1.870719e+02 
 1.772136e+00  2.181611e+01  5.938452e+01  9.678110e+01  1.834656e+02 
 1.796838e+00  2.145922e+01  5.832443e+01  9.495817e+01  1.796670e+02 
 1.821885e+00  2.111754e+01  5.727089e+01  9.309606e+01  1.761031e+02 
 1.847281e+00  2.075207e+01  5.632630e+01  9.142111e+01  1.724923e+02 
 1.873032e+00  2.040951e+01  5.525492e+01  8.951276e+01  1.690089e+02 
 1.899141e+00  2.005702e+01  5.421184e+01  8.782324e+01  1.654823e+02 
 1.925614e+00  1.973711e+01  5.326163e+01  8.613043e+01  1.619446e+02 
 1.952456e+00  1.945966e+01  5.233697e+01  8.447151e+01  1.585536e+02 
 1.979672e+00  1.909307e+01  5.141249e+01  8.281722e+01  1.552370e+02 
 2.007267e+00  1.879792e+01  5.044340e+01  8.109193e+01  1.520641e+02 
 2.035248e+00  1.846299e+01  4.947861e+01  7.943895e+01  1.486709e+02 
 2.063618e+00  1.815012e+01  4.852141e+01  7.782702e+01  1.454458e+02 
 2.092383e+00  1.785117e+01  4.760256e+01  7.620338e+01  1.423025e+02 
 2.121550e+00  1.753847e+01  4.666932e+01  7.461784e+01  1.391398e+02 
 2.151123e+00  1.724564e+01  4.577793e+01  7.301946e+01  1.359894e+02 
 2.181109e+00  1.694870e+01  4.486120e+01  7.150365e+01  1.330177e+02 
 2.211512e+00  1.665999e+01  4.395875e+01  6.993712e+01  1.299325e+02 
 2.242340e+00  1.637959e+01  4.311636e+01  6.846549e+01  1.270273e+02 
 2.273597e+00  1.608152e+01  4.225710e+01  6.693491e+01  1.241123e+02 
 2.305289e+00  1.582304e+01  4.139930e+01  6.551265e+01  1.213052e+02 
 2.337424e+00  1.555198e+01  4.054825e+01  6.407715e+01  1.185266e+02 
 2.370006e+00  1.528162e+01  3.973024e+01  6.268359e+01  1.159040e+02 
 2.403043e+00  1.500693e+01  3.892773e+01  6.126648e+01  1.131875e+02 
 2.436540e+00  1.475668e+01  3.814446e+01  5.992732e+01  1.105616e+02 
 2.470504e+00  1.450256e+01  3.736867e+01  5.858174e+01  1.079816e+02 
 2.504942e+00  1.425160e+01  3.661540e+01  5.729845e+01  1.055090e+02 
 2.539859e+00  1.401432e+01  3.583691e+01  5.598521e+01  1.029865e+02 
 2.575263e+00  1.375664e+01  3.506701e+01  5.476186e+01  1.006032e+02 
 2.611161e+00  1.352299e+01  3.432836e+01  5.346508e+01  9.820849e+01 
 2.647559e+00  1.328382e+01  3.358616e+01  5.220782e+01  9.582176e+01 
 2.684465e+00  1.304547e+01  3.288405e+01  5.098946e+01  9.350505e+01 
 2.721885e+00  1.280184e+01  3.213649e+01  4.980594e+01  9.124931e+01 
 2.759826e+00  1.257007e+01  3.141872e+01  4.861030e+01  8.901710e+01 
 2.798297e+00  1.234128e+01  3.073476e+01  4.746854e+01  8.690186e+01 
 2.837304e+00  1.211712e+01  3.004759e+01  4.633386e+01  8.477738e+01 
 2.876854e+00  1.189306e+01  2.936539e+01  4.522523e+01  8.272093e+01 
 2.916956e+00  1.167576e+01  2.871683e+01  4.414225e+01  8.064462e+01 
 2.957617e+00  1.146345e+01  2.807817e+01  4.309783e+01  7.869500e+01 
 2.998844e+00  1.125074e+01  2.745161e+01  4.205859e+01  7.675267e+01 
 3.040646e+00  1.104307e+01  2.682507e+01  4.104149e+01  7.491209e+01 
 3.083031e+00  1.083854e+01  2.621282e+01  4.005182e+01  7.307856e+01 
 3.126007e+00  1.064072e+01  2.562569e+01  3.908294e+01  7.126350e+01 
 3.169582e+00  1.044046e+01  2.502273e+01  3.811357e+01  6.950597e+01 
 3.213764e+00  1.024283e+01  2.444485e+01  3.717846e+01  6.777925e+01 
 3.258562e+00  1.004399e+01  2.388277e+01  3.625815e+01  6.608670e+01 
 3.303985e+00  9.850004e+00  2.331014e+01  3.535712e+01  6.443086e+01 
 3.350041e+00  9.660049e+00  2.275106e+01  3.446370e+01  6.279857e+01 
 3.396739e+00  9.466855e+00  2.220977e+01  3.360616e+01  6.120743e+01 
 3.444087e+00  9.283055e+00  2.166714e+01  3.274157e+01  5.963739e+01 
 3.492096e+00  9.099808e+00  2.114855e+01  3.192570e+01  5.814774e+01 
 3.540774e+00  8.913595e+00  2.064210e+01  3.112202e+01  5.666355e+01 
 3.590130e+00  8.737998e+00  2.013728e+01  3.032483e+01  5.523970e+01 
 3.640175e+00  8.564947e+00  1.964978e+01  2.956686e+01  5.383582e+01 
 3.690917e+00  8.389495e+00  1.917839e+01  2.880668e+01  5.246970e+01 
 3.742366e+00  8.220555e+00  1.870275e+01  2.807926e+01  5.115735e+01 
 3.794533e+00  8.055487e+00  1.825441e+01  2.737207e+01  4.985711e+01 
 3.847427e+00  7.892142e+00  1.780253e+01  2.667837e+01  4.861105e+01 
 3.901058e+00  7.727278e+00  1.737070e+01  2.600192e+01  4.737152e+01 
 3.955436e+00  7.572683e+00  1.694006e+01  2.532977e+01  4.615816e+01 
 4.010573e+00  7.411255e+00  1.651747e+01  2.468606e+01  4.498988e+01 
 4.066478e+00  7.255568e+00  1.610189e+01  2.404427e+01  4.382322e+01 
 4.123163e+00  7.100459e+00  1.570066e+01  2.342021e+01  4.269046e+01 
 4.180637e+00  6.950295e+00  1.530552e+01  2.281402e+01  4.158161e+01 
 4.238913e+00  6.800522e+00  1.491362e+01  2.221704e+01  4.051083e+01 
 4.298001e+00  6.650437e+00  1.453477e+01  2.164007e+01  3.945683e+01 
 4.357913e+00  6.508885e+00  1.416440e+01  2.107522e+01  3.844001e+01 
 4.418660e+00  6.366188e+00  1.380611e+01  2.052576e+01  3.745068e+01 
 4.480254e+00  6.225140e+00  1.345362e+01  1.998951e+01  3.648257e+01 
 4.542706e+00  6.089672e+00  1.310809e+01  1.946693e+01  3.553860e+01 
 4.606029e+00  5.954933e+00  1.277789e+01  1.896395e+01  3.463055e+01 
 4.670234e+00  5.823250e+00  1.245289e+01  1.847791e+01  3.374634e+01 
 4.735335e+00  5.694308e+00  1.213769e+01  1.799853e+01  3.287900e+01 
 4.801343e+00  5.570068e+00  1.183168e+01  1.753378e+01  3.203136e+01 
 4.868271e+00  5.445474e+00  1.152875e+01  1.707871e+01  3.120617e+01 
 4.936132e+00  5.323441e+00  1.123262e+01  1.663445e+01  3.039943e+01 
 5.004939e+00  5.202437e+00  1.094429e+01  1.619948e+01  2.960738e+01 
 5.074705e+00  5.082474e+00  1.066140e+01  1.577277e+01  2.883813e+01 
 5.145444e+00  4.966571e+00  1.038503e+01  1.535693e+01  2.808630e+01 
 5.217169e+00  4.850732e+00  1.011399e+01  1.495159e+01  2.734265e+01 
 5.289893e+00  4.739330e+00  9.851241e+00  1.456026e+01  2.662770e+01 
 5.363631e+00  4.627948e+00  9.594974e+00  1.417288e+01  2.592760e+01 
 5.438397e+00  4.520068e+00  9.344260e+00  1.379924e+01  2.524364e+01 
 5.514206e+00  4.414118e+00  9.100753e+00  1.343592e+01  2.458314e+01 
 5.591071e+00  4.309382e+00  8.865217e+00  1.308114e+01  2.394014e+01 
 5.669007e+00  4.209363e+00  8.634407e+00  1.273985e+01  2.331525e+01 
 5.748030e+00  4.110259e+00  8.411204e+00  1.240599e+01  2.270469e+01 
 5.828155e+00  4.013743e+00  8.194385e+00  1.208232e+01  2.211251e+01 
 5.909396e+00  3.919501e+00  7.982757e+00  1.176723e+01  2.153946e+01 
 5.991770e+00  3.826876e+00  7.776132e+00  1.145997e+01  2.097761e+01 
 6.075292e+00  3.736552e+00  7.576056e+00  1.116131e+01  2.042899e+01 
 6.159978e+00  3.647647e+00  7.379534e+00  1.086884e+01  1.989426e+01 
 6.245845e+00  3.560274e+00  7.187588e+00  1.058312e+01  1.936878e+01 
 6.332908e+00  3.474219e+00  6.998933e+00  1.030329e+01  1.885539e+01 
 6.421186e+00  3.390537e+00  6.816004e+00  1.002954e+01  1.835361e+01 
 6.510694e+00  3.308021e+00  6.636776e+00  9.763977e+00  1.786447e+01 
 6.601449e+00  3.227923e+00  6.462859e+00  9.504664e+00  1.738842e+01 
 6.693470e+00  3.149048e+00  6.292606e+00  9.251356e+00  1.692351e+01 
 6.786773e+00  3.072086e+00  6.127998e+00  9.005524e+00  1.647137e+01 
 6.881377e+00  2.997422e+00  5.967199e+00  8.767040e+00  1.603097e+01 
 6.977300e+00  2.924385e+00  5.811558e+00  8.536018e+00  1.560443e+01 
 7.074559e+00  2.853548e+00  5.659956e+00  8.310324e+00  1.518892e+01 
 7.173175e+00  2.784131e+00  5.513123e+00  8.091937e+00  1.478635e+01 
 7.273165e+00  2.716879e+00  5.370663e+00  7.880179e+00  1.439441e+01 
 7.374549e+00  2.651134e+00  5.231457e+00  7.673192e+00  1.401364e+01 
 7.477346e+00  2.586842e+00  5.096870e+00  7.473391e+00  1.364311e+01 
 7.581576e+00  2.524551e+00  4.964481e+00  7.277086e+00  1.328094e+01 
 7.687260e+00  2.463170e+00  4.835874e+00  7.085787e+00  1.292787e+01 
 7.794416e+00  2.403022e+00  4.710200e+00  6.897923e+00  1.258155e+01 
 7.903066e+00  2.344288e+00  4.586946e+00  6.714242e+00  1.224230e+01 
 8.013230e+00  2.286848e+00  4.467236e+00  6.536756e+00  1.191192e+01 
 8.124930e+00  2.230549e+00  4.350498e+00  6.362759e+00  1.158958e+01 
 8.238187e+00  2.175904e+00  4.236391e+00  6.192923e+00  1.127610e+01 
 8.353023e+00  2.122413e+00  4.125737e+00  6.028254e+00  1.097027e+01 
 8.469460e+00  2.070437e+00  4.018161e+00  5.868098e+00  1.067349e+01 
 8.587519e+00  2.019912e+00  3.913331e+00  5.712349e+00  1.038522e+01 
 8.707225e+00  1.970755e+00  3.811477e+00  5.561339e+00  1.010473e+01 
 8.828599e+00  1.922927e+00  3.713253e+00  5.414482e+00  9.832473e+00 
 8.951665e+00  1.876335e+00  3.617737e+00  5.272270e+00  9.568802e+00 
 9.076446e+00  1.831495e+00  3.525054e+00  5.134518e+00  9.313107e+00 
 9.202967e+00  1.787305e+00  3.434859e+00  5.000497e+00  9.063827e+00 
 9.331251e+00  1.744533e+00  3.347023e+00  4.869844e+00  8.821357e+00 
 9.461324e+00  0.000000e+00  0.000000e+00  0.000000e+00  0.000000e+00 
 9.593209e+00  0.000000e+00  0.000000e+00  0.000000e+00  0.000000e+00 
 9.726934e+00  0.000000e+00  0.000000e+00  0.000000e+00  0.000000e+00 
 9.862522e+00  0.000000e+00  0.000000e+00  0.000000e+00  0.000000e+00 
 1.000000e+01  0.000000e+00  0.000000e+00  0.000000e+00  0.000000e+00 
