 1.000000e-02  5.709432e+03  1.050998e+04  1.429916e+04  2.149354e+04 
 1.013939e-02  5.738221e+03  1.056284e+04  1.437095e+04  2.160107e+04 
 1.028073e-02  5.766463e+03  1.061469e+04  1.444136e+04  2.170653e+04 
 1.042404e-02  5.794158e+03  1.066552e+04  1.451037e+04  2.180989e+04 
 1.056935e-02  5.821269e+03  1.071526e+04  1.457792e+04  2.191100e+04 
 1.071668e-02  5.847782e+03  1.076391e+04  1.464396e+04  2.200983e+04 
 1.086606e-02  5.873671e+03  1.081140e+04  1.470844e+04  2.210634e+04 
 1.101753e-02  5.898922e+03  1.085772e+04  1.477131e+04  2.220040e+04 
 1.117111e-02  5.923512e+03  1.090281e+04  1.483250e+04  2.229194e+04 
 1.132683e-02  5.947412e+03  1.094662e+04  1.489197e+04  2.238085e+04 
 1.148472e-02  5.970603e+03  1.098913e+04  1.494963e+04  2.246706e+04 
 1.164481e-02  5.993054e+03  1.103028e+04  1.500548e+04  2.255050e+04 
 1.180713e-02  6.014756e+03  1.107004e+04  1.505938e+04  2.263107e+04 
 1.197171e-02  6.035676e+03  1.110836e+04  1.511135e+04  2.270867e+04 
 1.213859e-02  6.055792e+03  1.114518e+04  1.516127e+04  2.278322e+04 
 1.230780e-02  6.075089e+03  1.118050e+04  1.520915e+04  2.285466e+04 
 1.247936e-02  6.093535e+03  1.121426e+04  1.525490e+04  2.292289e+04 
 1.265332e-02  6.111118e+03  1.124639e+04  1.529845e+04  2.298783e+04 
 1.282970e-02  6.127805e+03  1.127690e+04  1.533976e+04  2.304938e+04 
 1.300854e-02  6.143583e+03  1.130573e+04  1.537879e+04  2.310748e+04 
 1.318987e-02  6.158429e+03  1.133283e+04  1.541545e+04  2.316203e+04 
 1.337373e-02  6.172324e+03  1.135816e+04  1.544974e+04  2.321300e+04 
 1.356015e-02  6.185232e+03  1.138170e+04  1.548156e+04  2.326024e+04 
 1.374917e-02  6.197140e+03  1.140338e+04  1.551085e+04  2.330369e+04 
 1.394083e-02  6.208023e+03  1.142317e+04  1.553757e+04  2.334324e+04 
 1.413516e-02  6.217853e+03  1.144101e+04  1.556164e+04  2.337882e+04 
 1.433219e-02  6.226606e+03  1.145687e+04  1.558300e+04  2.341032e+04 
 1.453198e-02  6.234257e+03  1.147070e+04  1.560159e+04  2.343765e+04 
 1.473454e-02  6.240785e+03  1.148246e+04  1.561738e+04  2.346074e+04 
 1.493993e-02  6.246163e+03  1.149210e+04  1.563026e+04  2.347947e+04 
 1.514819e-02  6.250359e+03  1.149957e+04  1.564022e+04  2.349387e+04 
 1.535935e-02  6.253358e+03  1.150486e+04  1.564723e+04  2.350380e+04 
 1.557345e-02  6.255141e+03  1.150792e+04  1.565118e+04  2.350916e+04 
 1.579053e-02  6.255694e+03  1.150870e+04  1.565204e+04  2.350985e+04 
 1.601064e-02  6.254995e+03  1.150717e+04  1.564975e+04  2.350581e+04 
 1.623382e-02  6.253025e+03  1.150330e+04  1.564428e+04  2.349698e+04 
 1.646012e-02  6.249765e+03  1.149705e+04  1.563556e+04  2.348329e+04 
 1.668956e-02  6.245204e+03  1.148841e+04  1.562359e+04  2.346468e+04 
 1.692220e-02  6.239323e+03  1.147734e+04  1.560831e+04  2.344111e+04 
 1.715809e-02  6.232099e+03  1.146378e+04  1.558968e+04  2.341248e+04 
 1.739726e-02  6.223522e+03  1.144773e+04  1.556763e+04  2.337872e+04 
 1.763977e-02  6.213558e+03  1.142914e+04  1.554211e+04  2.333976e+04 
 1.788566e-02  6.202203e+03  1.140798e+04  1.551311e+04  2.329555e+04 
 1.813498e-02  6.189428e+03  1.138421e+04  1.548055e+04  2.324600e+04 
 1.838777e-02  6.175224e+03  1.135780e+04  1.544442e+04  2.319107e+04 
 1.864409e-02  6.159571e+03  1.132873e+04  1.540465e+04  2.313069e+04 
 1.890397e-02  6.142470e+03  1.129699e+04  1.536126e+04  2.306485e+04 
 1.916748e-02  6.123899e+03  1.126255e+04  1.531419e+04  2.299349e+04 
 1.943467e-02  6.103857e+03  1.122540e+04  1.526343e+04  2.291659e+04 
 1.970558e-02  6.082330e+03  1.118552e+04  1.520896e+04  2.283411e+04 
 1.998026e-02  6.059324e+03  1.114291e+04  1.515077e+04  2.274605e+04 
 2.025878e-02  6.034831e+03  1.109756e+04  1.508887e+04  2.265243e+04 
 2.054117e-02  6.008860e+03  1.104950e+04  1.502327e+04  2.255324e+04 
 2.082751e-02  5.981408e+03  1.099871e+04  1.495396e+04  2.244848e+04 
 2.111783e-02  5.952484e+03  1.094521e+04  1.488097e+04  2.233820e+04 
 2.141220e-02  5.922192e+03  1.088917e+04  1.480448e+04  2.222258e+04 
 2.171068e-02  5.891074e+03  1.083141e+04  1.472544e+04  2.210253e+04 
 2.201331e-02  5.858488e+03  1.077092e+04  1.464271e+04  2.197698e+04 
 2.232016e-02  5.824434e+03  1.070775e+04  1.455632e+04  2.184592e+04 
 2.263130e-02  5.788923e+03  1.064190e+04  1.446629e+04  2.170939e+04 
 2.294676e-02  5.751967e+03  1.057338e+04  1.437263e+04  2.156741e+04 
 2.326663e-02  5.713561e+03  1.050221e+04  1.427535e+04  2.142003e+04 
 2.359095e-02  5.673727e+03  1.042840e+04  1.417451e+04  2.126730e+04 
 2.391980e-02  5.632489e+03  1.035202e+04  1.407018e+04  2.110932e+04 
 2.425323e-02  5.589872e+03  1.027310e+04  1.396238e+04  2.094615e+04 
 2.459130e-02  5.545891e+03  1.019169e+04  1.385119e+04  2.077792e+04 
 2.493409e-02  5.500583e+03  1.010783e+04  1.373670e+04  2.060471e+04 
 2.528166e-02  5.453988e+03  1.002161e+04  1.361898e+04  2.042669e+04 
 2.563407e-02  5.406145e+03  9.933102e+03  1.349818e+04  2.024402e+04 
 2.599140e-02  5.357107e+03  9.842382e+03  1.337436e+04  2.005689e+04 
 2.635371e-02  5.306916e+03  9.749568e+03  1.324770e+04  1.986547e+04 
 2.672106e-02  5.255636e+03  9.654754e+03  1.311831e+04  1.966999e+04 
 2.709354e-02  5.203301e+03  9.557994e+03  1.298631e+04  1.947058e+04 
 2.747121e-02  5.149932e+03  9.459360e+03  1.285176e+04  1.926735e+04 
 2.785414e-02  5.095515e+03  9.358816e+03  1.271462e+04  1.906034e+04 
 2.824241e-02  5.039832e+03  9.256074e+03  1.257465e+04  1.884941e+04 
 2.863610e-02  4.983241e+03  9.151665e+03  1.243241e+04  1.863507e+04 
 2.903527e-02  4.925776e+03  9.045670e+03  1.228800e+04  1.841752e+04 
 2.944000e-02  4.867500e+03  8.938185e+03  1.214158e+04  1.819696e+04 
 2.985038e-02  4.808466e+03  8.829309e+03  1.199330e+04  1.797359e+04 
 3.026648e-02  4.748727e+03  8.719143e+03  1.184326e+04  1.774763e+04 
 3.068838e-02  4.688363e+03  8.607836e+03  1.169166e+04  1.751936e+04 
 3.111616e-02  4.627441e+03  8.495522e+03  1.153871e+04  1.728906e+04 
 3.154990e-02  4.566048e+03  8.382343e+03  1.138458e+04  1.705704e+04 
 3.198969e-02  4.504263e+03  8.268445e+03  1.122951e+04  1.682359e+04 
 3.243561e-02  4.442192e+03  8.154032e+03  1.107373e+04  1.658910e+04 
 3.288774e-02  4.379928e+03  8.039283e+03  1.091748e+04  1.635394e+04 
 3.334618e-02  4.317593e+03  7.924402e+03  1.076108e+04  1.611854e+04 
 3.381101e-02  4.255262e+03  7.809535e+03  1.060471e+04  1.588320e+04 
 3.428231e-02  4.193011e+03  7.694824e+03  1.044853e+04  1.564819e+04 
 3.476019e-02  4.130746e+03  7.580412e+03  1.029314e+04  1.541540e+04 
 3.524473e-02  4.068663e+03  7.466345e+03  1.013821e+04  1.518334e+04 
 3.573602e-02  4.006815e+03  7.352719e+03  9.983889e+03  1.495216e+04 
 3.623416e-02  3.945272e+03  7.239644e+03  9.830325e+03  1.472213e+04 
 3.673925e-02  3.884087e+03  7.127241e+03  9.677661e+03  1.449346e+04 
 3.725137e-02  3.823339e+03  7.015639e+03  9.526087e+03  1.426642e+04 
 3.777064e-02  3.763101e+03  6.904970e+03  9.375794e+03  1.404128e+04 
 3.829714e-02  3.703442e+03  6.795374e+03  9.226950e+03  1.381833e+04 
 3.883098e-02  3.644448e+03  6.687005e+03  9.079769e+03  1.359786e+04 
 3.937226e-02  3.586210e+03  6.580018e+03  8.934472e+03  1.338021e+04 
 3.992109e-02  3.528807e+03  6.474570e+03  8.791263e+03  1.316570e+04 
 4.047757e-02  3.472336e+03  6.370805e+03  8.650308e+03  1.295446e+04 
 4.104181e-02  3.416766e+03  6.268185e+03  8.510335e+03  1.274308e+04 
 4.161391e-02  3.362344e+03  6.167677e+03  8.373246e+03  1.253602e+04 
 4.219398e-02  3.309129e+03  6.069397e+03  8.239187e+03  1.233353e+04 
 4.278214e-02  3.257166e+03  5.973430e+03  8.108267e+03  1.213575e+04 
 4.337850e-02  3.206488e+03  5.879814e+03  7.980556e+03  1.194281e+04 
 4.398317e-02  3.157119e+03  5.788615e+03  7.856135e+03  1.175480e+04 
 4.459628e-02  3.109087e+03  5.699884e+03  7.735065e+03  1.157184e+04 
 4.521792e-02  3.062421e+03  5.613660e+03  7.617416e+03  1.139400e+04 
 4.584824e-02  3.017143e+03  5.529995e+03  7.503246e+03  1.122140e+04 
 4.648734e-02  2.973278e+03  5.448928e+03  7.392607e+03  1.105410e+04 
 4.713535e-02  2.930914e+03  5.371285e+03  7.287331e+03  1.089679e+04 
 4.779239e-02  2.890036e+03  5.296784e+03  7.186734e+03  1.074762e+04 
 4.845859e-02  2.850632e+03  5.224968e+03  7.089775e+03  1.060386e+04 
 4.913407e-02  2.812701e+03  5.155844e+03  6.996461e+03  1.046554e+04 
 4.981898e-02  2.776235e+03  5.089400e+03  6.906781e+03  1.033262e+04 
 5.051342e-02  2.741213e+03  5.025597e+03  6.820665e+03  1.020503e+04 
 5.121755e-02  2.707606e+03  4.964385e+03  6.738064e+03  1.008266e+04 
 5.193150e-02  2.675381e+03  4.905705e+03  6.658891e+03  9.965404e+03 
 5.265540e-02  2.644499e+03  4.849481e+03  6.583050e+03  9.853126e+03 
 5.338938e-02  2.614701e+03  4.794836e+03  6.508906e+03  9.742214e+03 
 5.413360e-02  2.585897e+03  4.741520e+03  6.436051e+03  9.631825e+03 
 5.488820e-02  2.558269e+03  4.690365e+03  6.366142e+03  9.525849e+03 
 5.565331e-02  2.531760e+03  4.641262e+03  6.299011e+03  9.424043e+03 
 5.642908e-02  2.506265e+03  4.594020e+03  6.234411e+03  9.326016e+03 
 5.721568e-02  2.481693e+03  4.548477e+03  6.172111e+03  9.231449e+03 
 5.801323e-02  2.457926e+03  4.504411e+03  6.111830e+03  9.139928e+03 
 5.882190e-02  2.434929e+03  4.461780e+03  6.053515e+03  9.051391e+03 
 5.964185e-02  2.412656e+03  4.420756e+03  5.997660e+03  8.967337e+03 
 6.047322e-02  2.391224e+03  4.381989e+03  5.945631e+03  8.891067e+03 
 6.131619e-02  2.370137e+03  4.343845e+03  5.894433e+03  8.816004e+03 
 6.217090e-02  2.349226e+03  4.306015e+03  5.843639e+03  8.741506e+03 
 6.303753e-02  2.328401e+03  4.268321e+03  5.793022e+03  8.667238e+03 
 6.391624e-02  2.307507e+03  4.230497e+03  5.742226e+03  8.592690e+03 
 6.480720e-02  2.286422e+03  4.192331e+03  5.690961e+03  8.517461e+03 
 6.571058e-02  2.264969e+03  4.153490e+03  5.638784e+03  8.440880e+03 
 6.662655e-02  2.241962e+03  4.110069e+03  5.578555e+03  8.347086e+03 
 6.755528e-02  2.218277e+03  4.065353e+03  5.516521e+03  8.250471e+03 
 6.849697e-02  2.193823e+03  4.019242e+03  5.452605e+03  8.151068e+03 
 6.945178e-02  2.168469e+03  3.971489e+03  5.386470e+03  8.048399e+03 
 7.041990e-02  2.142097e+03  3.921889e+03  5.317843e+03  7.942047e+03 
 7.140151e-02  2.114608e+03  3.870250e+03  5.246476e+03  7.831656e+03 
 7.239681e-02  2.086159e+03  3.817120e+03  5.173411e+03  7.719767e+03 
 7.340598e-02  2.056723e+03  3.762514e+03  5.098718e+03  7.606674e+03 
 7.442922e-02  2.025934e+03  3.705436e+03  5.020697e+03  7.488651e+03 
 7.546673e-02  1.993738e+03  3.645797e+03  4.939214e+03  7.365511e+03 
 7.651869e-02  1.960124e+03  3.583580e+03  4.854254e+03  7.237232e+03 
 7.758532e-02  1.925103e+03  3.518799e+03  4.765846e+03  7.103851e+03 
 7.866682e-02  1.889434e+03  3.453848e+03  4.678224e+03  6.974279e+03 
 7.976339e-02  1.853633e+03  3.390272e+03  4.594098e+03  6.854145e+03 
 8.087525e-02  1.816532e+03  3.324266e+03  4.506629e+03  6.728885e+03 
 8.200261e-02  1.778229e+03  3.256005e+03  4.416051e+03  6.598839e+03 
 8.314568e-02  1.738858e+03  3.185721e+03  4.322671e+03  6.464459e+03 
 8.430468e-02  1.698564e+03  3.113689e+03  4.226855e+03  6.326269e+03 
 8.547985e-02  1.656995e+03  3.038349e+03  4.125600e+03  6.177605e+03 
 8.667139e-02  1.614645e+03  2.961114e+03  4.021331e+03  6.023305e+03 
 8.787954e-02  1.571979e+03  2.883283e+03  3.916234e+03  5.867693e+03 
 8.910453e-02  1.529227e+03  2.805272e+03  3.810867e+03  5.711617e+03 
 9.034660e-02  1.486616e+03  2.727507e+03  3.705816e+03  5.555934e+03 
 9.160598e-02  1.445073e+03  2.652632e+03  3.605575e+03  5.409635e+03 
 9.288292e-02  1.404747e+03  2.580798e+03  3.510230e+03  5.272535e+03 
 9.417766e-02  1.365223e+03  2.510336e+03  3.416646e+03  5.137800e+03 
 9.549045e-02  1.326737e+03  2.441680e+03  3.325417e+03  5.006326e+03 
 9.682153e-02  1.289504e+03  2.375234e+03  3.237091e+03  4.878941e+03 
 9.817117e-02  1.254061e+03  2.312470e+03  3.154137e+03  4.760468e+03 
 9.953962e-02  1.220363e+03  2.252991e+03  3.075712e+03  4.648925e+03 
 1.009272e-01  1.188463e+03  2.196714e+03  3.001532e+03  4.543468e+03 
 1.023340e-01  1.158484e+03  2.143878e+03  2.931932e+03  4.444630e+03 
 1.037605e-01  1.129994e+03  2.093037e+03  2.864352e+03  4.347162e+03 
 1.052069e-01  1.101618e+03  2.039885e+03  2.791290e+03  4.235959e+03 
 1.066734e-01  1.075476e+03  1.990898e+03  2.723926e+03  4.133382e+03 
 1.081604e-01  1.051563e+03  1.946054e+03  2.662238e+03  4.039396e+03 
 1.096681e-01  1.029840e+03  1.905292e+03  2.606131e+03  3.953855e+03 
 1.111968e-01  1.010237e+03  1.868569e+03  2.555507e+03  3.876016e+03 
 1.127468e-01  9.926275e+02  1.835551e+03  2.509940e+03  3.805812e+03 
 1.143184e-01  9.768606e+02  1.805959e+03  2.469063e+03  3.742723e+03 
 1.159120e-01  9.627607e+02  1.779464e+03  2.432420e+03  3.686051e+03 
 1.175277e-01  9.504940e+02  1.756723e+03  2.401143e+03  3.637798e+03 
 1.191660e-01  9.394529e+02  1.736289e+03  2.373036e+03  3.594375e+03 
 1.208271e-01  9.293358e+02  1.717575e+03  2.347282e+03  3.554523e+03 
 1.225114e-01  9.197775e+02  1.699846e+03  2.322844e+03  3.516644e+03 
 1.242191e-01  9.099543e+02  1.681095e+03  2.296671e+03  3.475793e+03 
 1.259506e-01  9.001414e+02  1.662379e+03  2.270560e+03  3.435071e+03 
 1.277063e-01  8.900220e+02  1.643114e+03  2.243712e+03  3.393277e+03 
 1.294865e-01  8.795280e+02  1.623295e+03  2.216128e+03  3.350144e+03 
 1.312915e-01  8.684355e+02  1.602524e+03  2.187270e+03  3.304822e+03 
 1.331216e-01  8.562256e+02  1.579708e+03  2.155642e+03  3.255381e+03 
 1.349772e-01  8.427257e+02  1.554559e+03  2.120893e+03  3.201423e+03 
 1.368587e-01  8.287743e+02  1.530194e+03  2.089072e+03  3.157209e+03 
 1.387665e-01  8.132829e+02  1.502958e+03  2.053309e+03  3.106997e+03 
 1.407008e-01  7.962409e+02  1.472820e+03  2.013557e+03  3.050686e+03 
 1.426621e-01  7.786828e+02  1.442374e+03  1.973635e+03  2.993972e+03 
 1.446507e-01  7.600493e+02  1.410079e+03  1.931219e+03  2.933343e+03 
 1.466671e-01  7.402041e+02  1.375438e+03  1.885523e+03  2.867606e+03 
 1.487115e-01  7.179768e+02  1.334961e+03  1.830914e+03  2.787077e+03 
 1.507845e-01  6.942071e+02  1.290683e+03  1.770482e+03  2.696834e+03 
 1.528864e-01  6.702414e+02  1.246037e+03  1.709525e+03  2.605703e+03 
 1.550175e-01  6.481706e+02  1.206839e+03  1.657607e+03  2.531495e+03 
 1.571784e-01  6.277395e+02  1.171921e+03  1.612552e+03  2.469728e+03 
 1.593694e-01  6.080017e+02  1.138097e+03  1.568818e+03  2.409545e+03 
 1.615909e-01  5.898403e+02  1.107508e+03  1.529630e+03  2.356133e+03 
 1.638434e-01  5.731895e+02  1.079749e+03  1.494274e+03  2.308280e+03 
 1.661273e-01  5.580039e+02  1.054537e+03  1.462264e+03  2.265191e+03 
 1.684430e-01  5.418517e+02  1.025066e+03  1.422691e+03  2.207840e+03 
 1.707910e-01  5.272082e+02  9.981005e+02  1.386329e+03  2.154972e+03 
 1.731717e-01  5.147207e+02  9.753891e+02  1.355893e+03  2.110983e+03 
 1.755856e-01  5.052345e+02  9.592298e+02  1.334842e+03  2.080871e+03 
 1.780332e-01  4.973199e+02  9.460012e+02  1.317819e+03  2.056945e+03 
 1.805149e-01  4.891104e+02  9.301423e+02  1.295357e+03  2.020936e+03 
 1.830312e-01  4.810635e+02  9.133640e+02  1.270557e+03  1.979155e+03 
 1.855825e-01  4.738869e+02  8.983763e+02  1.248433e+03  1.942007e+03 
 1.881694e-01  4.672199e+02  8.851211e+02  1.229786e+03  1.912992e+03 
 1.907924e-01  4.606367e+02  8.720648e+02  1.211444e+03  1.884512e+03 
 1.934520e-01  4.532598e+02  8.572940e+02  1.190756e+03  1.853261e+03 
 1.961486e-01  4.451239e+02  8.410492e+02  1.168059e+03  1.819230e+03 
 1.988828e-01  4.371360e+02  8.257949e+02  1.147021e+03  1.787658e+03 
 2.016551e-01  4.295753e+02  8.123521e+02  1.128896e+03  1.760396e+03 
 2.044661e-01  4.208073e+02  7.964970e+02  1.107325e+03  1.727643e+03 
 2.073162e-01  4.105465e+02  7.769708e+02  1.079993e+03  1.684904e+03 
 2.102061e-01  3.992849e+02  7.555550e+02  1.050053e+03  1.638120e+03 
 2.131362e-01  3.905987e+02  7.430466e+02  1.035555e+03  1.620337e+03 
 2.161073e-01  3.814228e+02  7.296423e+02  1.019850e+03  1.600718e+03 
 2.191197e-01  3.698824e+02  7.099974e+02  9.947333e+02  1.567204e+03 
 2.221741e-01  3.579137e+02  6.890284e+02  9.674965e+02  1.530254e+03 
 2.252711e-01  3.469479e+02  6.705592e+02  9.441455e+02  1.499636e+03 
 2.284112e-01  3.368415e+02  6.538068e+02  9.232140e+02  1.472638e+03 
 2.315951e-01  3.278192e+02  6.383030e+02  9.027751e+02  1.442647e+03 
 2.348235e-01  3.199647e+02  6.247025e+02  8.845390e+02  1.414798e+03 
 2.380968e-01  3.114724e+02  6.084590e+02  8.619373e+02  1.380221e+03 
 2.414157e-01  3.037151e+02  5.932826e+02  8.406691e+02  1.347772e+03 
 2.447809e-01  2.963418e+02  5.788438e+02  8.206000e+02  1.316899e+03 
 2.481930e-01  2.898757e+02  5.662080e+02  8.030893e+02  1.290017e+03 
 2.516527e-01  2.861572e+02  5.595894e+02  7.938678e+02  1.275057e+03 
 2.551606e-01  2.819900e+02  5.517073e+02  7.827884e+02  1.257519e+03 
 2.587174e-01  2.753509e+02  5.377379e+02  7.628545e+02  1.227047e+03 
 2.623238e-01  2.698859e+02  5.270489e+02  7.479809e+02  1.204689e+03 
 2.659804e-01  2.654734e+02  5.194975e+02  7.380038e+02  1.190178e+03 
 2.696881e-01  2.593135e+02  5.079460e+02  7.222523e+02  1.166305e+03 
 2.734474e-01  2.522427e+02  4.945065e+02  7.038397e+02  1.138248e+03 
 2.772591e-01  2.466617e+02  4.853463e+02  6.924532e+02  1.123822e+03 
 2.811239e-01  2.404709e+02  4.746480e+02  6.787606e+02  1.106358e+03 
 2.850426e-01  2.338384e+02  4.626336e+02  6.630527e+02  1.086615e+03 
 2.890160e-01  2.275109e+02  4.521402e+02  6.497329e+02  1.068151e+03 
 2.930447e-01  2.214345e+02  4.418910e+02  6.362304e+02  1.047641e+03 
 2.971296e-01  2.157402e+02  4.311765e+02  6.204439e+02  1.020231e+03 
 3.012714e-01  2.105805e+02  4.223649e+02  6.088723e+02  1.003307e+03 
 3.054710e-01  2.057280e+02  4.142293e+02  5.986933e+02  9.899635e+02 
 3.097291e-01  2.003048e+02  4.040281e+02  5.850249e+02  9.706691e+02 
 3.140465e-01  1.955831e+02  3.944515e+02  5.711717e+02  9.477378e+02 
 3.184242e-01  1.915649e+02  3.863154e+02  5.593351e+02  9.280354e+02 
 3.228628e-01  1.883860e+02  3.806725e+02  5.519597e+02  9.185806e+02 
 3.273634e-01  1.841064e+02  3.717890e+02  5.389631e+02  8.973750e+02 
 3.319266e-01  1.796472e+02  3.628742e+02  5.264508e+02  8.782886e+02 
 3.365535e-01  1.752355e+02  3.547649e+02  5.158736e+02  8.640240e+02 
 3.412449e-01  1.720484e+02  3.505279e+02  5.109405e+02  8.562204e+02 
 3.460016e-01  1.684694e+02  3.447085e+02  5.034665e+02  8.457826e+02 
 3.508247e-01  1.648029e+02  3.382127e+02  4.947874e+02  8.330154e+02 
 3.557150e-01  1.611351e+02  3.314868e+02  4.856760e+02  8.189096e+02 
 3.606735e-01  1.569000e+02  3.240128e+02  4.758703e+02  8.052313e+02 
 3.657011e-01  1.519706e+02  3.146843e+02  4.629726e+02  7.869019e+02 
 3.707988e-01  1.479459e+02  3.069200e+02  4.522654e+02  7.708427e+02 
 3.759675e-01  1.443735e+02  3.000208e+02  4.427007e+02  7.562514e+02 
 3.812083e-01  1.408907e+02  2.936340e+02  4.339901e+02  7.431668e+02 
 3.865221e-01  1.380278e+02  2.893341e+02  4.290750e+02  7.354328e+02 
 3.919100e-01  1.351017e+02  2.824392e+02  4.183620e+02  7.200324e+02 
 3.973730e-01  1.318816e+02  2.768655e+02  4.113412e+02  7.089013e+02 
 4.029122e-01  1.292344e+02  2.726813e+02  4.055741e+02  6.982513e+02 
 4.085286e-01  1.266041e+02  2.670352e+02  3.973698e+02  6.863346e+02 
 4.142232e-01  1.233917e+02  2.604076e+02  3.884419e+02  6.750480e+02 
 4.199973e-01  1.201314e+02  2.546996e+02  3.811532e+02  6.644172e+02 
 4.258518e-01  1.174073e+02  2.496829e+02  3.740721e+02  6.522697e+02 
 4.317880e-01  1.144993e+02  2.440937e+02  3.657618e+02  6.391895e+02 
 4.378069e-01  1.119451e+02  2.389700e+02  3.583814e+02  6.269097e+02 
 4.439097e-01  1.098283e+02  2.356285e+02  3.542566e+02  6.225271e+02 
 4.500975e-01  1.067110e+02  2.297547e+02  3.462009e+02  6.104925e+02 
 4.563716e-01  1.041277e+02  2.243531e+02  3.383421e+02  5.964962e+02 
 4.627332e-01  1.024611e+02  2.220323e+02  3.358343e+02  5.942440e+02 
 4.691835e-01  9.981126e+01  2.167437e+02  3.282775e+02  5.816093e+02 
 4.757236e-01  9.790443e+01  2.129465e+02  3.229915e+02  5.733569e+02 
 4.823549e-01  9.526450e+01  2.075688e+02  3.152580e+02  5.625562e+02 
 4.890787e-01  9.309945e+01  2.032898e+02  3.094556e+02  5.535093e+02 
 4.958962e-01  9.139956e+01  2.000113e+02  3.043925e+02  5.441347e+02 
 5.028087e-01  8.914143e+01  1.960834e+02  2.990482e+02  5.361928e+02 
 5.098176e-01  8.732446e+01  1.927132e+02  2.942446e+02  5.268692e+02 
 5.169242e-01  8.567259e+01  1.895768e+02  2.899324e+02  5.210556e+02 
 5.241298e-01  8.277671e+01  1.845020e+02  2.835839e+02  5.131473e+02 
 5.314359e-01  8.123339e+01  1.822053e+02  2.805256e+02  5.079938e+02 
 5.388438e-01  7.945824e+01  1.781312e+02  2.743471e+02  4.984565e+02 
 5.463550e-01  7.794931e+01  1.752022e+02  2.699866e+02  4.910352e+02 
 5.539709e-01  7.574716e+01  1.712008e+02  2.648896e+02  4.831884e+02 
 5.616930e-01  7.428747e+01  1.683539e+02  2.608254e+02  4.770740e+02 
 5.695227e-01  7.268451e+01  1.656269e+02  2.574907e+02  4.705075e+02 
 5.774615e-01  7.094149e+01  1.615897e+02  2.513422e+02  4.613920e+02 
 5.855110e-01  6.956298e+01  1.590911e+02  2.475736e+02  4.547912e+02 
 5.936727e-01  6.787978e+01  1.552021e+02  2.420093e+02  4.462878e+02 
 6.019482e-01  6.660998e+01  1.532094e+02  2.388574e+02  4.404645e+02 
 6.103390e-01  6.494234e+01  1.503113e+02  2.351681e+02  4.341809e+02 
 6.188468e-01  6.343724e+01  1.476565e+02  2.326054e+02  4.324089e+02 
 6.274732e-01  6.228405e+01  1.447675e+02  2.275548e+02  4.239472e+02 
 6.362198e-01  6.089900e+01  1.424161e+02  2.242409e+02  4.175337e+02 
 6.450884e-01  5.936613e+01  1.395941e+02  2.202978e+02  4.106717e+02 
 6.540806e-01  5.805290e+01  1.364465e+02  2.154593e+02  4.033708e+02 
 6.631981e-01  5.664511e+01  1.340631e+02  2.128364e+02  3.990703e+02 
 6.724427e-01  5.547304e+01  1.315526e+02  2.092323e+02  3.945121e+02 
 6.818162e-01  5.416244e+01  1.290673e+02  2.049201e+02  3.863614e+02 
 6.913204e-01  5.291091e+01  1.264796e+02  2.015648e+02  3.807323e+02 
 7.009570e-01  5.209682e+01  1.244716e+02  1.985667e+02  3.755872e+02 
 7.107280e-01  5.065015e+01  1.221947e+02  1.954750e+02  3.695497e+02 
 7.206351e-01  4.980181e+01  1.201605e+02  1.926644e+02  3.661304e+02 
 7.306804e-01  4.870868e+01  1.182649e+02  1.895844e+02  3.595590e+02 
 7.408657e-01  4.756885e+01  1.158221e+02  1.860509e+02  3.547352e+02 
 7.511929e-01  4.650188e+01  1.135714e+02  1.831465e+02  3.499379e+02 
 7.616642e-01  4.556297e+01  1.114113e+02  1.800245e+02  3.451295e+02 
 7.722814e-01  4.487190e+01  1.102416e+02  1.780581e+02  3.405038e+02 
 7.830465e-01  4.388922e+01  1.080259e+02  1.748694e+02  3.360076e+02 
 7.939618e-01  4.300532e+01  1.065487e+02  1.725339e+02  3.321628e+02 
 8.050292e-01  4.199875e+01  1.044016e+02  1.700220e+02  3.278988e+02 
 8.162509e-01  4.118322e+01  1.028166e+02  1.672137e+02  3.220502e+02 
 8.276289e-01  4.012858e+01  1.006373e+02  1.643071e+02  3.178122e+02 
 8.391656e-01  3.954015e+01  9.938797e+01  1.618579e+02  3.139382e+02 
 8.508632e-01  3.877840e+01  9.759057e+01  1.595847e+02  3.097934e+02 
 8.627237e-01  3.784884e+01  9.590625e+01  1.570673e+02  3.047291e+02 
 8.747496e-01  3.710391e+01  9.415323e+01  1.545937e+02  3.006805e+02 
 8.869432e-01  3.639270e+01  9.273600e+01  1.524209e+02  2.969592e+02 
 8.993067e-01  3.558661e+01  9.116249e+01  1.500319e+02  2.925119e+02 
 9.118425e-01  3.499483e+01  8.953558e+01  1.474341e+02  2.873548e+02 
 9.245531e-01  3.416428e+01  8.797249e+01  1.450306e+02  2.839172e+02 
 9.374409e-01  3.344380e+01  8.648554e+01  1.430237e+02  2.802467e+02 
 9.505083e-01  3.282595e+01  8.501820e+01  1.408501e+02  2.761327e+02 
 9.637579e-01  3.207905e+01  8.333619e+01  1.382791e+02  2.720191e+02 
 9.771921e-01  3.156183e+01  8.275812e+01  1.369646e+02  2.684250e+02 
 9.908137e-01  3.090017e+01  8.111151e+01  1.345872e+02  2.647591e+02 
 1.004625e+00  3.025239e+01  7.952981e+01  1.322066e+02  2.603133e+02 
 1.018629e+00  2.969983e+01  7.836605e+01  1.303148e+02  2.564710e+02 
 1.032828e+00  2.906163e+01  7.700504e+01  1.284793e+02  2.535727e+02 
 1.047225e+00  2.843533e+01  7.580921e+01  1.263795e+02  2.492011e+02 
 1.061823e+00  2.793345e+01  7.473350e+01  1.246271e+02  2.457772e+02 
 1.076624e+00  2.736133e+01  7.348083e+01  1.227301e+02  2.421593e+02 
 1.091632e+00  2.686934e+01  7.222036e+01  1.209699e+02  2.384775e+02 
 1.106848e+00  2.629838e+01  7.090535e+01  1.190132e+02  2.351497e+02 
 1.122277e+00  2.578006e+01  6.988706e+01  1.170612e+02  2.313017e+02 
 1.137921e+00  2.526418e+01  6.861437e+01  1.152090e+02  2.278968e+02 
 1.153783e+00  2.480664e+01  6.753222e+01  1.135041e+02  2.247305e+02 
 1.169866e+00  2.435031e+01  6.651419e+01  1.117807e+02  2.217231e+02 
 1.186174e+00  2.386076e+01  6.551010e+01  1.100986e+02  2.182364e+02 
 1.202708e+00  2.342712e+01  6.444243e+01  1.085073e+02  2.151231e+02 
 1.219473e+00  2.300157e+01  6.345597e+01  1.069911e+02  2.116048e+02 
 1.236472e+00  2.255434e+01  6.246109e+01  1.054510e+02  2.086933e+02 
 1.253708e+00  2.214186e+01  6.143785e+01  1.036268e+02  2.054761e+02 
 1.271184e+00  2.173384e+01  6.066682e+01  1.024101e+02  2.024606e+02 
 1.288904e+00  2.132181e+01  5.947292e+01  1.005699e+02  1.995860e+02 
 1.306870e+00  2.090724e+01  5.851853e+01  9.899111e+01  1.962616e+02 
 1.325087e+00  2.055137e+01  5.763410e+01  9.756989e+01  1.930474e+02 
 1.343558e+00  2.016914e+01  5.669133e+01  9.602617e+01  1.900875e+02 
 1.362287e+00  1.981307e+01  5.576549e+01  9.442252e+01  1.869643e+02 
 1.381276e+00  1.943221e+01  5.490929e+01  9.278283e+01  1.839161e+02 
 1.400531e+00  1.908765e+01  5.403293e+01  9.141610e+01  1.808064e+02 
 1.420053e+00  1.872576e+01  5.307734e+01  9.002878e+01  1.778161e+02 
 1.439848e+00  1.838953e+01  5.230829e+01  8.850239e+01  1.750170e+02 
 1.459919e+00  1.803536e+01  5.144522e+01  8.710248e+01  1.719669e+02 
 1.480269e+00  1.775242e+01  5.053613e+01  8.559342e+01  1.688138e+02 
 1.500903e+00  1.742628e+01  4.977338e+01  8.418612e+01  1.663313e+02 
 1.521825e+00  1.710006e+01  4.901094e+01  8.292632e+01  1.634178e+02 
 1.543038e+00  1.678225e+01  4.819427e+01  8.163380e+01  1.608647e+02 
 1.564548e+00  1.650672e+01  4.742433e+01  8.027697e+01  1.579711e+02 
 1.586357e+00  1.621160e+01  4.669292e+01  7.896890e+01  1.551902e+02 
 1.608469e+00  1.590235e+01  4.592901e+01  7.765049e+01  1.526356e+02 
 1.630891e+00  1.566663e+01  4.510955e+01  7.619553e+01  1.496400e+02 
 1.653624e+00  1.536312e+01  4.434678e+01  7.499700e+01  1.472348e+02 
 1.676675e+00  1.508421e+01  4.368532e+01  7.378756e+01  1.444933e+02 
 1.700047e+00  1.481240e+01  4.297212e+01  7.252301e+01  1.419597e+02 
 1.723745e+00  1.457303e+01  4.223115e+01  7.128664e+01  1.392317e+02 
 1.747773e+00  1.429425e+01  4.150220e+01  7.002046e+01  1.366500e+02 
 1.772136e+00  1.404396e+01  4.082488e+01  6.878472e+01  1.342555e+02 
 1.796838e+00  1.380545e+01  4.012274e+01  6.759730e+01  1.317229e+02 
 1.821885e+00  1.359048e+01  3.944776e+01  6.637873e+01  1.293206e+02 
 1.847281e+00  1.333925e+01  3.883620e+01  6.529752e+01  1.269319e+02 
 1.873032e+00  1.311226e+01  3.816792e+01  6.402057e+01  1.245737e+02 
 1.899141e+00  1.288540e+01  3.747454e+01  6.291876e+01  1.222113e+02 
 1.925614e+00  1.267306e+01  3.685471e+01  6.182523e+01  1.197838e+02 
 1.952456e+00  1.248770e+01  3.626729e+01  6.075579e+01  1.174855e+02 
 1.979672e+00  1.224333e+01  3.566920e+01  5.965792e+01  1.152201e+02 
 2.007267e+00  1.204737e+01  3.504516e+01  5.847649e+01  1.130338e+02 
 2.035248e+00  1.182890e+01  3.439864e+01  5.738664e+01  1.107053e+02 
 2.063618e+00  1.162290e+01  3.376771e+01  5.630048e+01  1.084438e+02 
 2.092383e+00  1.143136e+01  3.316990e+01  5.520592e+01  1.062351e+02 
 2.121550e+00  1.122622e+01  3.256044e+01  5.416046e+01  1.040777e+02 
 2.151123e+00  1.103775e+01  3.198968e+01  5.309567e+01  1.018719e+02 
 2.181109e+00  1.084443e+01  3.137887e+01  5.207067e+01  9.981613e+01 
 2.211512e+00  1.066305e+01  3.079049e+01  5.101534e+01  9.762966e+01 
 2.242340e+00  1.047898e+01  3.025460e+01  5.004016e+01  9.562150e+01 
 2.273597e+00  1.028895e+01  2.969614e+01  4.901065e+01  9.359357e+01 
 2.305289e+00  1.012579e+01  2.913717e+01  4.804988e+01  9.162660e+01 
 2.337424e+00  9.954801e+00  2.858066e+01  4.706934e+01  8.970714e+01 
 2.370006e+00  9.780375e+00  2.804241e+01  4.612503e+01  8.779865e+01 
 2.403043e+00  9.601493e+00  2.751643e+01  4.516201e+01  8.586748e+01 
 2.436540e+00  9.444677e+00  2.700485e+01  4.424725e+01  8.398753e+01 
 2.470504e+00  9.281383e+00  2.648586e+01  4.331090e+01  8.213565e+01 
 2.504942e+00  9.122588e+00  2.598494e+01  4.242181e+01  8.034376e+01 
 2.539859e+00  8.970786e+00  2.546599e+01  4.151201e+01  7.850118e+01 
 2.575263e+00  8.806510e+00  2.494621e+01  4.065285e+01  7.678476e+01 
 2.611161e+00  8.658887e+00  2.446236e+01  3.975261e+01  7.504471e+01 
 2.647559e+00  8.507853e+00  2.397012e+01  3.887994e+01  7.330107e+01 
 2.684465e+00  8.358964e+00  2.350211e+01  3.803366e+01  7.162027e+01 
 2.721885e+00  8.206199e+00  2.299981e+01  3.720045e+01  6.997654e+01 
 2.759826e+00  8.063778e+00  2.252060e+01  3.636741e+01  6.835565e+01 
 2.798297e+00  7.918463e+00  2.206513e+01  3.555412e+01  6.679999e+01 
 2.837304e+00  7.779173e+00  2.160342e+01  3.475947e+01  6.524122e+01 
 2.876854e+00  7.639921e+00  2.114729e+01  3.397526e+01  6.373130e+01 
 2.916956e+00  7.505181e+00  2.071116e+01  3.321264e+01  6.220660e+01 
 2.957617e+00  7.373320e+00  2.027805e+01  3.247169e+01  6.074718e+01 
 2.998844e+00  7.241711e+00  1.985330e+01  3.173011e+01  5.930832e+01 
 3.040646e+00  7.111555e+00  1.942543e+01  3.099157e+01  5.793425e+01 
 3.083031e+00  6.984287e+00  1.900170e+01  3.027702e+01  5.654711e+01 
 3.126007e+00  6.859948e+00  1.859995e+01  2.957547e+01  5.517842e+01 
 3.169582e+00  6.734330e+00  1.818248e+01  2.886337e+01  5.384112e+01 
 3.213764e+00  6.610427e+00  1.778196e+01  2.818215e+01  5.253605e+01 
 3.258562e+00  6.486884e+00  1.739318e+01  2.751307e+01  5.125003e+01 
 3.303985e+00  6.366838e+00  1.699506e+01  2.684775e+01  4.999080e+01 
 3.350041e+00  6.249235e+00  1.660526e+01  2.619649e+01  4.875546e+01 
 3.396739e+00  6.130351e+00  1.622643e+01  2.556704e+01  4.753438e+01 
 3.444087e+00  6.015384e+00  1.585280e+01  2.492769e+01  4.635209e+01 
 3.492096e+00  5.902851e+00  1.549106e+01  2.432524e+01  4.521073e+01 
 3.540774e+00  5.786996e+00  1.513273e+01  2.373191e+01  4.408325e+01 
 3.590130e+00  5.678372e+00  1.477966e+01  2.314185e+01  4.299069e+01 
 3.640175e+00  5.570590e+00  1.443584e+01  2.258065e+01  4.192014e+01 
 3.690917e+00  5.461984e+00  1.410612e+01  2.200729e+01  4.086380e+01 
 3.742366e+00  5.356655e+00  1.376618e+01  2.146640e+01  3.984841e+01 
 3.794533e+00  5.254267e+00  1.344414e+01  2.093235e+01  3.884155e+01 
 3.847427e+00  5.150794e+00  1.312205e+01  2.040371e+01  3.786783e+01 
 3.901058e+00  5.047942e+00  1.280720e+01  1.989095e+01  3.689735e+01 
 3.955436e+00  4.951019e+00  1.249870e+01  1.937769e+01  3.594804e+01 
 4.010573e+00  4.849510e+00  1.219304e+01  1.888800e+01  3.503828e+01 
 4.066478e+00  4.751149e+00  1.189028e+01  1.839916e+01  3.412770e+01 
 4.123163e+00  4.653941e+00  1.160000e+01  1.792358e+01  3.324189e+01 
 4.180637e+00  4.560248e+00  1.131573e+01  1.746289e+01  3.237739e+01 
 4.238913e+00  4.466243e+00  1.103168e+01  1.700635e+01  3.154110e+01 
 4.298001e+00  4.372137e+00  1.075577e+01  1.656654e+01  3.071846e+01 
 4.357913e+00  4.283778e+00  1.048574e+01  1.613753e+01  2.992689e+01 
 4.418660e+00  4.194045e+00  1.022592e+01  1.571446e+01  2.915669e+01 
 4.480254e+00  4.105623e+00  9.968571e+00  1.530538e+01  2.839772e+01 
 4.542706e+00  4.020435e+00  9.716944e+00  1.490537e+01  2.766142e+01 
 4.606029e+00  3.935329e+00  9.474661e+00  1.451681e+01  2.694887e+01 
 4.670234e+00  3.851624e+00  9.235503e+00  1.414340e+01  2.625434e+01 
 4.735335e+00  3.770144e+00  9.002850e+00  1.377340e+01  2.557186e+01 
 4.801343e+00  3.690726e+00  8.776004e+00  1.341349e+01  2.490088e+01 
 4.868271e+00  3.610491e+00  8.550731e+00  1.305874e+01  2.424775e+01 
 4.936132e+00  3.532271e+00  8.330254e+00  1.271204e+01  2.360857e+01 
 5.004939e+00  3.454329e+00  8.115239e+00  1.237465e+01  2.298344e+01 
 5.074705e+00  3.377653e+00  7.905258e+00  1.204359e+01  2.237560e+01 
 5.145444e+00  3.303472e+00  7.699833e+00  1.172237e+01  2.178050e+01 
 5.217169e+00  3.229073e+00  7.498337e+00  1.140821e+01  2.119853e+01 
 5.289893e+00  3.157876e+00  7.303329e+00  1.110610e+01  2.063904e+01 
 5.363631e+00  3.086215e+00  7.112809e+00  1.080751e+01  2.008978e+01 
 5.438397e+00  3.017113e+00  6.926628e+00  1.052011e+01  1.955451e+01 
 5.514206e+00  2.949106e+00  6.746287e+00  1.023947e+01  1.903692e+01 
 5.591071e+00  2.881682e+00  6.571035e+00  9.967186e+00  1.853231e+01 
 5.669007e+00  2.817171e+00  6.400628e+00  9.703220e+00  1.804624e+01 
 5.748030e+00  2.753169e+00  6.233955e+00  9.445279e+00  1.756768e+01 
 5.828155e+00  2.690500e+00  6.072136e+00  9.195739e+00  1.710391e+01 
 5.909396e+00  2.629009e+00  5.914084e+00  8.952094e+00  1.665377e+01 
 5.991770e+00  2.568389e+00  5.759510e+00  8.712935e+00  1.621336e+01 
 6.075292e+00  2.508912e+00  5.608930e+00  8.481158e+00  1.577837e+01 
 6.159978e+00  2.450353e+00  5.460692e+00  8.254031e+00  1.535739e+01 
 6.245845e+00  2.393144e+00  5.316720e+00  8.033221e+00  1.494602e+01 
 6.332908e+00  2.336676e+00  5.175774e+00  7.816812e+00  1.454281e+01 
 6.421186e+00  2.281598e+00  5.039146e+00  7.606238e+00  1.415106e+01 
 6.510694e+00  2.227503e+00  4.905801e+00  7.402093e+00  1.377075e+01 
 6.601449e+00  2.175025e+00  4.776370e+00  7.203494e+00  1.339976e+01 
 6.693470e+00  2.123115e+00  4.650202e+00  7.010033e+00  1.303923e+01 
 6.786773e+00  2.072847e+00  4.527493e+00  6.822172e+00  1.269039e+01 
 6.881377e+00  2.023841e+00  4.408733e+00  6.640161e+00  1.234978e+01 
 6.977300e+00  1.975790e+00  4.293474e+00  6.464568e+00  1.201935e+01 
 7.074559e+00  1.929291e+00  4.181303e+00  6.292697e+00  1.169804e+01 
 7.173175e+00  1.883523e+00  4.072562e+00  6.125878e+00  1.138675e+01 
 7.273165e+00  1.839163e+00  3.966677e+00  5.964378e+00  1.108419e+01 
 7.374549e+00  1.795409e+00  3.863245e+00  5.806598e+00  1.078976e+01 
 7.477346e+00  1.752583e+00  3.762644e+00  5.653299e+00  1.050054e+01 
 7.581576e+00  1.710803e+00  3.663873e+00  5.502536e+00  1.021854e+01 
 7.687260e+00  1.669663e+00  3.567956e+00  5.355989e+00  9.943660e+00 
 7.794416e+00  1.629490e+00  3.474514e+00  5.212372e+00  9.674643e+00 
 7.903066e+00  1.590275e+00  3.382667e+00  5.072397e+00  9.411941e+00 
 8.013230e+00  1.551896e+00  3.294010e+00  4.937064e+00  9.156997e+00 
 8.124930e+00  1.514388e+00  3.207466e+00  4.805081e+00  8.908336e+00 
 8.238187e+00  1.478031e+00  3.123343e+00  4.676540e+00  8.666510e+00 
 8.353023e+00  1.442414e+00  3.041633e+00  4.551690e+00  8.431351e+00 
 8.469460e+00  1.407838e+00  2.962431e+00  4.430802e+00  8.203630e+00 
 8.587519e+00  1.374249e+00  2.885321e+00  4.313078e+00  7.982138e+00 
 8.707225e+00  1.341479e+00  2.810497e+00  4.199187e+00  7.767322e+00 
 8.828599e+00  1.309618e+00  2.738075e+00  4.088710e+00  7.558526e+00 
 8.951665e+00  1.278467e+00  2.667818e+00  3.981003e+00  7.356390e+00 
 9.076446e+00  1.248320e+00  2.599256e+00  3.876612e+00  7.159450e+00 
 9.202967e+00  1.218767e+00  2.532539e+00  3.775098e+00  6.967480e+00 
 9.331251e+00  1.189840e+00  2.467359e+00  3.675580e+00  6.780112e+00 
 9.461324e+00  0.000000e+00  0.000000e+00  0.000000e+00  0.000000e+00 
 9.593209e+00  0.000000e+00  0.000000e+00  0.000000e+00  0.000000e+00 
 9.726934e+00  0.000000e+00  0.000000e+00  0.000000e+00  0.000000e+00 
 9.862522e+00  0.000000e+00  0.000000e+00  0.000000e+00  0.000000e+00 
 1.000000e+01  0.000000e+00  0.000000e+00  0.000000e+00  0.000000e+00 
