 1.000000e-02  5.864203e+03  1.097240e+04  1.507643e+04  2.300441e+04 
 1.013939e-02  5.895851e+03  1.103146e+04  1.515741e+04  2.312748e+04 
 1.028073e-02  5.927001e+03  1.108957e+04  1.523709e+04  2.324856e+04 
 1.042404e-02  5.957644e+03  1.114673e+04  1.531546e+04  2.336761e+04 
 1.056935e-02  5.987755e+03  1.120289e+04  1.539242e+04  2.348451e+04 
 1.071668e-02  6.017319e+03  1.125801e+04  1.546798e+04  2.359923e+04 
 1.086606e-02  6.046317e+03  1.131207e+04  1.554205e+04  2.371167e+04 
 1.101753e-02  6.074724e+03  1.136501e+04  1.561460e+04  2.382177e+04 
 1.117111e-02  6.102520e+03  1.141681e+04  1.568555e+04  2.392940e+04 
 1.132683e-02  6.129678e+03  1.146740e+04  1.575485e+04  2.403450e+04 
 1.148472e-02  6.156181e+03  1.151676e+04  1.582245e+04  2.413697e+04 
 1.164481e-02  6.182006e+03  1.156485e+04  1.588829e+04  2.423675e+04 
 1.180713e-02  6.207129e+03  1.161161e+04  1.595231e+04  2.433372e+04 
 1.197171e-02  6.231533e+03  1.165702e+04  1.601445e+04  2.442782e+04 
 1.213859e-02  6.255195e+03  1.170104e+04  1.607467e+04  2.451896e+04 
 1.230780e-02  6.278091e+03  1.174361e+04  1.613291e+04  2.460704e+04 
 1.247936e-02  6.300197e+03  1.178470e+04  1.618908e+04  2.469198e+04 
 1.265332e-02  6.321495e+03  1.182427e+04  1.624318e+04  2.477369e+04 
 1.282970e-02  6.341968e+03  1.186229e+04  1.629513e+04  2.485213e+04 
 1.300854e-02  6.361594e+03  1.189871e+04  1.634489e+04  2.492719e+04 
 1.318987e-02  6.380346e+03  1.193349e+04  1.639239e+04  2.499877e+04 
 1.337373e-02  6.398208e+03  1.196660e+04  1.643757e+04  2.506682e+04 
 1.356015e-02  6.415159e+03  1.199800e+04  1.648039e+04  2.513123e+04 
 1.374917e-02  6.431179e+03  1.202765e+04  1.652081e+04  2.519195e+04 
 1.394083e-02  6.446239e+03  1.205549e+04  1.655874e+04  2.524885e+04 
 1.413516e-02  6.460316e+03  1.208149e+04  1.659412e+04  2.530185e+04 
 1.433219e-02  6.473387e+03  1.210560e+04  1.662691e+04  2.535084e+04 
 1.453198e-02  6.485428e+03  1.212777e+04  1.665701e+04  2.539575e+04 
 1.473454e-02  6.496417e+03  1.214797e+04  1.668442e+04  2.543649e+04 
 1.493993e-02  6.506334e+03  1.216616e+04  1.670904e+04  2.547298e+04 
 1.514819e-02  6.515211e+03  1.218241e+04  1.673101e+04  2.550541e+04 
 1.535935e-02  6.522998e+03  1.219663e+04  1.675018e+04  2.553356e+04 
 1.557345e-02  6.529653e+03  1.220872e+04  1.676643e+04  2.555723e+04 
 1.579053e-02  6.535155e+03  1.221865e+04  1.677969e+04  2.557632e+04 
 1.601064e-02  6.539485e+03  1.222638e+04  1.678994e+04  2.559078e+04 
 1.623382e-02  6.542628e+03  1.223187e+04  1.679711e+04  2.560053e+04 
 1.646012e-02  6.544567e+03  1.223512e+04  1.680117e+04  2.560553e+04 
 1.668956e-02  6.545288e+03  1.223608e+04  1.680207e+04  2.560569e+04 
 1.692220e-02  6.544776e+03  1.223472e+04  1.679981e+04  2.560097e+04 
 1.715809e-02  6.543014e+03  1.223102e+04  1.679432e+04  2.559131e+04 
 1.739726e-02  6.539981e+03  1.222494e+04  1.678554e+04  2.557662e+04 
 1.763977e-02  6.535663e+03  1.221644e+04  1.677344e+04  2.555685e+04 
 1.788566e-02  6.530029e+03  1.220549e+04  1.675795e+04  2.553188e+04 
 1.813498e-02  6.523071e+03  1.219204e+04  1.673903e+04  2.550166e+04 
 1.838777e-02  6.514768e+03  1.217608e+04  1.671666e+04  2.546616e+04 
 1.864409e-02  6.505116e+03  1.215758e+04  1.669080e+04  2.542531e+04 
 1.890397e-02  6.494089e+03  1.213651e+04  1.666140e+04  2.537903e+04 
 1.916748e-02  6.481683e+03  1.211286e+04  1.662844e+04  2.532732e+04 
 1.943467e-02  6.467880e+03  1.208659e+04  1.659188e+04  2.527009e+04 
 1.970558e-02  6.452688e+03  1.205771e+04  1.655173e+04  2.520738e+04 
 1.998026e-02  6.436090e+03  1.202620e+04  1.650797e+04  2.513914e+04 
 2.025878e-02  6.418092e+03  1.199207e+04  1.646060e+04  2.506536e+04 
 2.054117e-02  6.398679e+03  1.195528e+04  1.640957e+04  2.498602e+04 
 2.082751e-02  6.377862e+03  1.191587e+04  1.635494e+04  2.490117e+04 
 2.111783e-02  6.355647e+03  1.187385e+04  1.629672e+04  2.481080e+04 
 2.141220e-02  6.332132e+03  1.182935e+04  1.623505e+04  2.471505e+04 
 2.171068e-02  6.307800e+03  1.178304e+04  1.617061e+04  2.461433e+04 
 2.201331e-02  6.282069e+03  1.173412e+04  1.610257e+04  2.450812e+04 
 2.232016e-02  6.254937e+03  1.168258e+04  1.603094e+04  2.439640e+04 
 2.263130e-02  6.226413e+03  1.162843e+04  1.595571e+04  2.427920e+04 
 2.294676e-02  6.196493e+03  1.157167e+04  1.587691e+04  2.415652e+04 
 2.326663e-02  6.165187e+03  1.151232e+04  1.579454e+04  2.402840e+04 
 2.359095e-02  6.132504e+03  1.145039e+04  1.570863e+04  2.389488e+04 
 2.391980e-02  6.098463e+03  1.138592e+04  1.561922e+04  2.375605e+04 
 2.425323e-02  6.063076e+03  1.131895e+04  1.552637e+04  2.361194e+04 
 2.459130e-02  6.026366e+03  1.124949e+04  1.543014e+04  2.346266e+04 
 2.493409e-02  5.988363e+03  1.117762e+04  1.533056e+04  2.330833e+04 
 2.528166e-02  5.949095e+03  1.110339e+04  1.522777e+04  2.314905e+04 
 2.563407e-02  5.908596e+03  1.102686e+04  1.512180e+04  2.298498e+04 
 2.599140e-02  5.866905e+03  1.094810e+04  1.501280e+04  2.281626e+04 
 2.635371e-02  5.824070e+03  1.086722e+04  1.490085e+04  2.264309e+04 
 2.672106e-02  5.780142e+03  1.078429e+04  1.478611e+04  2.246567e+04 
 2.709354e-02  5.735156e+03  1.069938e+04  1.466866e+04  2.228414e+04 
 2.747121e-02  5.689137e+03  1.061255e+04  1.454858e+04  2.209859e+04 
 2.785414e-02  5.642038e+03  1.052373e+04  1.442579e+04  2.190900e+04 
 2.824241e-02  5.593593e+03  1.043252e+04  1.429984e+04  2.171489e+04 
 2.863610e-02  5.544208e+03  1.033956e+04  1.417148e+04  2.151714e+04 
 2.903527e-02  5.493920e+03  1.024491e+04  1.404083e+04  2.131591e+04 
 2.944000e-02  5.442776e+03  1.014867e+04  1.390800e+04  2.111139e+04 
 2.985038e-02  5.390820e+03  1.005093e+04  1.377311e+04  2.090377e+04 
 3.026648e-02  5.338104e+03  9.951767e+03  1.363627e+04  2.069324e+04 
 3.068838e-02  5.284687e+03  9.851310e+03  1.349768e+04  2.048004e+04 
 3.111616e-02  5.230637e+03  9.749676e+03  1.335747e+04  2.026443e+04 
 3.154990e-02  5.176019e+03  9.646988e+03  1.321584e+04  2.004667e+04 
 3.198969e-02  5.120912e+03  9.543397e+03  1.307297e+04  1.982708e+04 
 3.243561e-02  5.065401e+03  9.439058e+03  1.292908e+04  1.960599e+04 
 3.288774e-02  5.009571e+03  9.334133e+03  1.278441e+04  1.938374e+04 
 3.334618e-02  4.953526e+03  9.228818e+03  1.263919e+04  1.916071e+04 
 3.381101e-02  4.897343e+03  9.123256e+03  1.249366e+04  1.893723e+04 
 3.428231e-02  4.841091e+03  9.017573e+03  1.234796e+04  1.871354e+04 
 3.476019e-02  4.784681e+03  8.911936e+03  1.220274e+04  1.849178e+04 
 3.524473e-02  4.728285e+03  8.806347e+03  1.205761e+04  1.827023e+04 
 3.573602e-02  4.671954e+03  8.700886e+03  1.191265e+04  1.804900e+04 
 3.623416e-02  4.615738e+03  8.595650e+03  1.176801e+04  1.782827e+04 
 3.673925e-02  4.559693e+03  8.490735e+03  1.162382e+04  1.760827e+04 
 3.725137e-02  4.503880e+03  8.386264e+03  1.148025e+04  1.738924e+04 
 3.777064e-02  4.448360e+03  8.282351e+03  1.133745e+04  1.717143e+04 
 3.829714e-02  4.393196e+03  8.179104e+03  1.119558e+04  1.695508e+04 
 3.883098e-02  4.338461e+03  8.076670e+03  1.105483e+04  1.674046e+04 
 3.937226e-02  4.284228e+03  7.975179e+03  1.091538e+04  1.652786e+04 
 3.992109e-02  4.230573e+03  7.874772e+03  1.077743e+04  1.631756e+04 
 4.047757e-02  4.177566e+03  7.775541e+03  1.064105e+04  1.610959e+04 
 4.104181e-02  4.125047e+03  7.676546e+03  1.050424e+04  1.589881e+04 
 4.161391e-02  4.073371e+03  7.579134e+03  1.036962e+04  1.569141e+04 
 4.219398e-02  4.022591e+03  7.483402e+03  1.023732e+04  1.548757e+04 
 4.278214e-02  3.972746e+03  7.389424e+03  1.010743e+04  1.528743e+04 
 4.337850e-02  3.923852e+03  7.297229e+03  9.979993e+03  1.509106e+04 
 4.398317e-02  3.875929e+03  7.206855e+03  9.855066e+03  1.489854e+04 
 4.459628e-02  3.828996e+03  7.118336e+03  9.732692e+03  1.470993e+04 
 4.521792e-02  3.783075e+03  7.031711e+03  9.612921e+03  1.452531e+04 
 4.584824e-02  3.738179e+03  6.947009e+03  9.495802e+03  1.434475e+04 
 4.648734e-02  3.694325e+03  6.864257e+03  9.381362e+03  1.416829e+04 
 4.713535e-02  3.651740e+03  6.784768e+03  9.272344e+03  1.400267e+04 
 4.779239e-02  3.610352e+03  6.708041e+03  9.167682e+03  1.384523e+04 
 4.845859e-02  3.570032e+03  6.633303e+03  9.065736e+03  1.369190e+04 
 4.913407e-02  3.530773e+03  6.560535e+03  8.966480e+03  1.354263e+04 
 4.981898e-02  3.492548e+03  6.489689e+03  8.869855e+03  1.339733e+04 
 5.051342e-02  3.455332e+03  6.420718e+03  8.775786e+03  1.325588e+04 
 5.121755e-02  3.419091e+03  6.353554e+03  8.684188e+03  1.311815e+04 
 5.193150e-02  3.383786e+03  6.288129e+03  8.594967e+03  1.298402e+04 
 5.265540e-02  3.349367e+03  6.224350e+03  8.507997e+03  1.285328e+04 
 5.338938e-02  3.315508e+03  6.161084e+03  8.421176e+03  1.272125e+04 
 5.413360e-02  3.282095e+03  6.098015e+03  8.333964e+03  1.258682e+04 
 5.488820e-02  3.249385e+03  6.036266e+03  8.248558e+03  1.245516e+04 
 5.565331e-02  3.217315e+03  5.975709e+03  8.164795e+03  1.232598e+04 
 5.642908e-02  3.185791e+03  5.916170e+03  8.082429e+03  1.219891e+04 
 5.721568e-02  3.154704e+03  5.857444e+03  8.001168e+03  1.207352e+04 
 5.801323e-02  3.123927e+03  5.799300e+03  7.920712e+03  1.194936e+04 
 5.882190e-02  3.093427e+03  5.741703e+03  7.841044e+03  1.182648e+04 
 5.964185e-02  3.063373e+03  5.685378e+03  7.763576e+03  1.170819e+04 
 6.047322e-02  3.034031e+03  5.631495e+03  7.690618e+03  1.159997e+04 
 6.131619e-02  3.004505e+03  5.577244e+03  7.617134e+03  1.149087e+04 
 6.217090e-02  2.974761e+03  5.522556e+03  7.543013e+03  1.138072e+04 
 6.303753e-02  2.944699e+03  5.467259e+03  7.468041e+03  1.126921e+04 
 6.391624e-02  2.914200e+03  5.411152e+03  7.391961e+03  1.115604e+04 
 6.480720e-02  2.883178e+03  5.354087e+03  7.314584e+03  1.104096e+04 
 6.571058e-02  2.851490e+03  5.295796e+03  7.235549e+03  1.092340e+04 
 6.662655e-02  2.817719e+03  5.231449e+03  7.145894e+03  1.078320e+04 
 6.755528e-02  2.783047e+03  5.165380e+03  7.053839e+03  1.063924e+04 
 6.849697e-02  2.747451e+03  5.097622e+03  6.959507e+03  1.049194e+04 
 6.945178e-02  2.710863e+03  5.028055e+03  6.862732e+03  1.034106e+04 
 7.041990e-02  2.673219e+03  4.956563e+03  6.763367e+03  1.018640e+04 
 7.140151e-02  2.634471e+03  4.883057e+03  6.661300e+03  1.002779e+04 
 7.239681e-02  2.594883e+03  4.808334e+03  6.557991e+03  9.868735e+03 
 7.340598e-02  2.554487e+03  4.732513e+03  6.453679e+03  9.709824e+03 
 7.442922e-02  2.512948e+03  4.654608e+03  6.346554e+03  9.546775e+03 
 7.546673e-02  2.470294e+03  4.574663e+03  6.236683e+03  9.379699e+03 
 7.651869e-02  2.426566e+03  4.492767e+03  6.124187e+03  9.208781e+03 
 7.758532e-02  2.381835e+03  4.409049e+03  6.009244e+03  9.034284e+03 
 7.866682e-02  2.337151e+03  4.326778e+03  5.897632e+03  8.868247e+03 
 7.976339e-02  2.293206e+03  4.248056e+03  5.793014e+03  8.718227e+03 
 8.087525e-02  2.248514e+03  4.167890e+03  5.686376e+03  8.565032e+03 
 8.200261e-02  2.203216e+03  4.086539e+03  5.578062e+03  8.409168e+03 
 8.314568e-02  2.157472e+03  4.004297e+03  5.468466e+03  8.251212e+03 
 8.430468e-02  2.111454e+03  3.921474e+03  5.358009e+03  8.091787e+03 
 8.547985e-02  2.064352e+03  3.835098e+03  5.241217e+03  7.919211e+03 
 8.667139e-02  2.016928e+03  3.747402e+03  5.121930e+03  7.741182e+03 
 8.787954e-02  1.969859e+03  3.660361e+03  5.003529e+03  7.564449e+03 
 8.910453e-02  1.923355e+03  3.574357e+03  4.886532e+03  7.389785e+03 
 9.034660e-02  1.877619e+03  3.489767e+03  4.771451e+03  7.217959e+03 
 9.160598e-02  1.833591e+03  3.409371e+03  4.663030e+03  7.058327e+03 
 9.288292e-02  1.791379e+03  3.333244e+03  4.561257e+03  6.910609e+03 
 9.417766e-02  1.750452e+03  3.259417e+03  4.462543e+03  6.767296e+03 
 9.549045e-02  1.710971e+03  3.188194e+03  4.367309e+03  6.629026e+03 
 9.682153e-02  1.673076e+03  3.119839e+03  4.275913e+03  6.496349e+03 
 9.817117e-02  1.637191e+03  3.055596e+03  4.190499e+03  6.373562e+03 
 9.953962e-02  1.603219e+03  2.994990e+03  4.110133e+03  6.258574e+03 
 1.009272e-01  1.571116e+03  2.937777e+03  4.034322e+03  6.150258e+03 
 1.023340e-01  1.540919e+03  2.884027e+03  3.963170e+03  6.048786e+03 
 1.037605e-01  1.511904e+03  2.831497e+03  3.892789e+03  5.946387e+03 
 1.052069e-01  1.482013e+03  2.773889e+03  3.812314e+03  5.821444e+03 
 1.066734e-01  1.454039e+03  2.719889e+03  3.736814e+03  5.704089e+03 
 1.081604e-01  1.427881e+03  2.669306e+03  3.666017e+03  5.593913e+03 
 1.096681e-01  1.403405e+03  2.621888e+03  3.599581e+03  5.490385e+03 
 1.111968e-01  1.380887e+03  2.578658e+03  3.539182e+03  5.396060e+03 
 1.127468e-01  1.359710e+03  2.537964e+03  3.482283e+03  5.307073e+03 
 1.143184e-01  1.339638e+03  2.499343e+03  3.428238e+03  5.222447e+03 
 1.159120e-01  1.320440e+03  2.462366e+03  3.376463e+03  5.141296e+03 
 1.175277e-01  1.303006e+03  2.429939e+03  3.332008e+03  5.073520e+03 
 1.191660e-01  1.286016e+03  2.398448e+03  3.288934e+03  5.008045e+03 
 1.208271e-01  1.269102e+03  2.367104e+03  3.246069e+03  4.942902e+03 
 1.225114e-01  1.251977e+03  2.335359e+03  3.202679e+03  4.877104e+03 
 1.242191e-01  1.234101e+03  2.302093e+03  3.157352e+03  4.809485e+03 
 1.259506e-01  1.215578e+03  2.267638e+03  3.110413e+03  4.739447e+03 
 1.277063e-01  1.196220e+03  2.231648e+03  3.061388e+03  4.666265e+03 
 1.294865e-01  1.176245e+03  2.194723e+03  3.011116e+03  4.590789e+03 
 1.312915e-01  1.155595e+03  2.156793e+03  2.959502e+03  4.512818e+03 
 1.331216e-01  1.133776e+03  2.116693e+03  2.904934e+03  4.430403e+03 
 1.349772e-01  1.110815e+03  2.074525e+03  2.847602e+03  4.343987e+03 
 1.368587e-01  1.088031e+03  2.034929e+03  2.796359e+03  4.274314e+03 
 1.387665e-01  1.064196e+03  1.993292e+03  2.742230e+03  4.200008e+03 
 1.407008e-01  1.039467e+03  1.949894e+03  2.685594e+03  4.121609e+03 
 1.426621e-01  1.014937e+03  1.907018e+03  2.629299e+03  4.041532e+03 
 1.446507e-01  9.902244e+02  1.863760e+03  2.572285e+03  3.959496e+03 
 1.466671e-01  9.652990e+02  1.819968e+03  2.514424e+03  3.875916e+03 
 1.487115e-01  9.381298e+02  1.769706e+03  2.446117e+03  3.773970e+03 
 1.507845e-01  9.098668e+02  1.715915e+03  2.371932e+03  3.661428e+03 
 1.528864e-01  8.824630e+02  1.663751e+03  2.299972e+03  3.552184e+03 
 1.550175e-01  8.582443e+02  1.619756e+03  2.240952e+03  3.465955e+03 
 1.571784e-01  8.367373e+02  1.582316e+03  2.192080e+03  3.397385e+03 
 1.593694e-01  8.165927e+02  1.547290e+03  2.146403e+03  3.333406e+03 
 1.615909e-01  7.984896e+02  1.516335e+03  2.106361e+03  3.277805e+03 
 1.638434e-01  7.821704e+02  1.488766e+03  2.070942e+03  3.229070e+03 
 1.661273e-01  7.673936e+02  1.463989e+03  2.039281e+03  3.185926e+03 
 1.684430e-01  7.504886e+02  1.432064e+03  1.995659e+03  3.121210e+03 
 1.707910e-01  7.345873e+02  1.401649e+03  1.953856e+03  3.058871e+03 
 1.731717e-01  7.205770e+02  1.375280e+03  1.917885e+03  3.005598e+03 
 1.755856e-01  7.101002e+02  1.357485e+03  1.894738e+03  2.972440e+03 
 1.780332e-01  7.003339e+02  1.341002e+03  1.873386e+03  2.942043e+03 
 1.805149e-01  6.890580e+02  1.319211e+03  1.842584e+03  2.892892e+03 
 1.830312e-01  6.767951e+02  1.294109e+03  1.805968e+03  2.832321e+03 
 1.855825e-01  6.645686e+02  1.269447e+03  1.770381e+03  2.774341e+03 
 1.881694e-01  6.527149e+02  1.247531e+03  1.740941e+03  2.731501e+03 
 1.907924e-01  6.402873e+02  1.224517e+03  1.709961e+03  2.686199e+03 
 1.934520e-01  6.266045e+02  1.198908e+03  1.675474e+03  2.636737e+03 
 1.961486e-01  6.119323e+02  1.171364e+03  1.638323e+03  2.583482e+03 
 1.988828e-01  5.978427e+02  1.145749e+03  1.604092e+03  2.534240e+03 
 2.016551e-01  5.850004e+02  1.123665e+03  1.575114e+03  2.492463e+03 
 2.044661e-01  5.713513e+02  1.099661e+03  1.543153e+03  2.445480e+03 
 2.073162e-01  5.561077e+02  1.070686e+03  1.502730e+03  2.382787e+03 
 2.102061e-01  5.407656e+02  1.041492e+03  1.461979e+03  2.319477e+03 
 2.131362e-01  5.298406e+02  1.025550e+03  1.443098e+03  2.294686e+03 
 2.161073e-01  5.194304e+02  1.010636e+03  1.425683e+03  2.272186e+03 
 2.191197e-01  5.059732e+02  9.870935e+02  1.395170e+03  2.230893e+03 
 2.221741e-01  4.925371e+02  9.628907e+02  1.363420e+03  2.187830e+03 
 2.252711e-01  4.806106e+02  9.421356e+02  1.336757e+03  2.152096e+03 
 2.284112e-01  4.698591e+02  9.237583e+02  1.313451e+03  2.121293e+03 
 2.315951e-01  4.605786e+02  9.071141e+02  1.290781e+03  2.086102e+03 
 2.348235e-01  4.523664e+02  8.921475e+02  1.269858e+03  2.051864e+03 
 2.380968e-01  4.425981e+02  8.727433e+02  1.242391e+03  2.009211e+03 
 2.414157e-01  4.328287e+02  8.529928e+02  1.214373e+03  1.966187e+03 
 2.447809e-01  4.230365e+02  8.338824e+02  1.187943e+03  1.925826e+03 
 2.481930e-01  4.135035e+02  8.154164e+02  1.162498e+03  1.886980e+03 
 2.516527e-01  4.077641e+02  8.059068e+02  1.149816e+03  1.867558e+03 
 2.551606e-01  4.006815e+02  7.932631e+02  1.132655e+03  1.841623e+03 
 2.587174e-01  3.898905e+02  7.718332e+02  1.102963e+03  1.797837e+03 
 2.623238e-01  3.807168e+02  7.548673e+02  1.080056e+03  1.764574e+03 
 2.659804e-01  3.733648e+02  7.428570e+02  1.064665e+03  1.742983e+03 
 2.696881e-01  3.636553e+02  7.250192e+02  1.040502e+03  1.706262e+03 
 2.734474e-01  3.533176e+02  7.056113e+02  1.013977e+03  1.665519e+03 
 2.772591e-01  3.456272e+02  6.929576e+02  9.982432e+02  1.645426e+03 
 2.811239e-01  3.375930e+02  6.789068e+02  9.803939e+02  1.623348e+03 
 2.850426e-01  3.291823e+02  6.631803e+02  9.600414e+02  1.599342e+03 
 2.890160e-01  3.217202e+02  6.503652e+02  9.434099e+02  1.575147e+03 
 2.930447e-01  3.148600e+02  6.383138e+02  9.270100e+02  1.548809e+03 
 2.971296e-01  3.083478e+02  6.249998e+02  9.065530e+02  1.512754e+03 
 3.012714e-01  3.024887e+02  6.147287e+02  8.928015e+02  1.492053e+03 
 3.054710e-01  2.966648e+02  6.049887e+02  8.806811e+02  1.476045e+03 
 3.097291e-01  2.895200e+02  5.917574e+02  8.633497e+02  1.452667e+03 
 3.140465e-01  2.829518e+02  5.783281e+02  8.437933e+02  1.419936e+03 
 3.184242e-01  2.770515e+02  5.664220e+02  8.264030e+02  1.390612e+03 
 3.228628e-01  2.723938e+02  5.587576e+02  8.168844e+02  1.379226e+03 
 3.273634e-01  2.656562e+02  5.450998e+02  7.971263e+02  1.347194e+03 
 3.319266e-01  2.586772e+02  5.314733e+02  7.781990e+02  1.318450e+03 
 3.365535e-01  2.521023e+02  5.197257e+02  7.630921e+02  1.298303e+03 
 3.412449e-01  2.476523e+02  5.137416e+02  7.557838e+02  1.286081e+03 
 3.460016e-01  2.427694e+02  5.056469e+02  7.452226e+02  1.270911e+03 
 3.508247e-01  2.380032e+02  4.969819e+02  7.335363e+02  1.253669e+03 
 3.557150e-01  2.334165e+02  4.882761e+02  7.216135e+02  1.235243e+03 
 3.606735e-01  2.281344e+02  4.786936e+02  7.089338e+02  1.217093e+03 
 3.657011e-01  2.217456e+02  4.664237e+02  6.921257e+02  1.193874e+03 
 3.707988e-01  2.166597e+02  4.565663e+02  6.786262e+02  1.173644e+03 
 3.759675e-01  2.119998e+02  4.475592e+02  6.662010e+02  1.154914e+03 
 3.812083e-01  2.071483e+02  4.386562e+02  6.540546e+02  1.137096e+03 
 3.865221e-01  2.030093e+02  4.324509e+02  6.465388e+02  1.123647e+03 
 3.919100e-01  1.987701e+02  4.224389e+02  6.313401e+02  1.103180e+03 
 3.973730e-01  1.939698e+02  4.144619e+02  6.212502e+02  1.086661e+03 
 4.029122e-01  1.901934e+02  4.083930e+02  6.126161e+02  1.070259e+03 
 4.085286e-01  1.863340e+02  3.999350e+02  6.004562e+02  1.052749e+03 
 4.142232e-01  1.816689e+02  3.903175e+02  5.877758e+02  1.037089e+03 
 4.199973e-01  1.772026e+02  3.825658e+02  5.778868e+02  1.022257e+03 
 4.258518e-01  1.736731e+02  3.758491e+02  5.681537e+02  1.004878e+03 
 4.317880e-01  1.699207e+02  3.682638e+02  5.568391e+02  9.875718e+02 
 4.378069e-01  1.666326e+02  3.616600e+02  5.473517e+02  9.715436e+02 
 4.439097e-01  1.638918e+02  3.573670e+02  5.422432e+02  9.672455e+02 
 4.500975e-01  1.594955e+02  3.490613e+02  5.307195e+02  9.498395e+02 
 4.563716e-01  1.557620e+02  3.412743e+02  5.192437e+02  9.288126e+02 
 4.627332e-01  1.534060e+02  3.379808e+02  5.157161e+02  9.254297e+02 
 4.691835e-01  1.495266e+02  3.301155e+02  5.041834e+02  9.055015e+02 
 4.757236e-01  1.467167e+02  3.245727e+02  4.966219e+02  8.939261e+02 
 4.823549e-01  1.429270e+02  3.166558e+02  4.854922e+02  8.791117e+02 
 4.890787e-01  1.399541e+02  3.108099e+02  4.774423e+02  8.660516e+02 
 4.958962e-01  1.377415e+02  3.063818e+02  4.704190e+02  8.528487e+02 
 5.028087e-01  1.347649e+02  3.011142e+02  4.632283e+02  8.422711e+02 
 5.098176e-01  1.323195e+02  2.965328e+02  4.563558e+02  8.282286e+02 
 5.169242e-01  1.300711e+02  2.922157e+02  4.505662e+02  8.202947e+02 
 5.241298e-01  1.258777e+02  2.850025e+02  4.416546e+02  8.092227e+02 
 5.314359e-01  1.237031e+02  2.814961e+02  4.366849e+02  8.010895e+02 
 5.388438e-01  1.211425e+02  2.756187e+02  4.278531e+02  7.875964e+02 
 5.463550e-01  1.190250e+02  2.713186e+02  4.213092e+02  7.765852e+02 
 5.539709e-01  1.159218e+02  2.658562e+02  4.142398e+02  7.651274e+02 
 5.616930e-01  1.139095e+02  2.618361e+02  4.084561e+02  7.560851e+02 
 5.695227e-01  1.117041e+02  2.582499e+02  4.038939e+02  7.457186e+02 
 5.774615e-01  1.091901e+02  2.523262e+02  3.951242e+02  7.332246e+02 
 5.855110e-01  1.072607e+02  2.485857e+02  3.891813e+02  7.231582e+02 
 5.936727e-01  1.048176e+02  2.428180e+02  3.812570e+02  7.110930e+02 
 6.019482e-01  1.030905e+02  2.401188e+02  3.766657e+02  7.024603e+02 
 6.103390e-01  1.006859e+02  2.359554e+02  3.710836e+02  6.919701e+02 
 6.188468e-01  9.845953e+01  2.323349e+02  3.679536e+02  6.894509e+02 
 6.274732e-01  9.686729e+01  2.280891e+02  3.606192e+02  6.776416e+02 
 6.362198e-01  9.497595e+01  2.246307e+02  3.552925e+02  6.670431e+02 
 6.450884e-01  9.278530e+01  2.206880e+02  3.497697e+02  6.571428e+02 
 6.540806e-01  9.087421e+01  2.160373e+02  3.426915e+02  6.469817e+02 
 6.631981e-01  8.891109e+01  2.130121e+02  3.393446e+02  6.403013e+02 
 6.724427e-01  8.724603e+01  2.093206e+02  3.342316e+02  6.340292e+02 
 6.818162e-01  8.540749e+01  2.055627e+02  3.274354e+02  6.214862e+02 
 6.913204e-01  8.360665e+01  2.019030e+02  3.226659e+02  6.129787e+02 
 7.009570e-01  8.243043e+01  1.989168e+02  3.182686e+02  6.049932e+02 
 7.107280e-01  8.036153e+01  1.956339e+02  3.134524e+02  5.954259e+02 
 7.206351e-01  7.914020e+01  1.927015e+02  3.095317e+02  5.904475e+02 
 7.306804e-01  7.756452e+01  1.897654e+02  3.045447e+02  5.799117e+02 
 7.408657e-01  7.586473e+01  1.860879e+02  2.991940e+02  5.723900e+02 
 7.511929e-01  7.427700e+01  1.827770e+02  2.948753e+02  5.643883e+02 
 7.616642e-01  7.283967e+01  1.795473e+02  2.902707e+02  5.573218e+02 
 7.722814e-01  7.190716e+01  1.776552e+02  2.868493e+02  5.488665e+02 
 7.830465e-01  7.040584e+01  1.743202e+02  2.821263e+02  5.415256e+02 
 7.939618e-01  6.911804e+01  1.720481e+02  2.784259e+02  5.362239e+02 
 8.050292e-01  6.761213e+01  1.689629e+02  2.747352e+02  5.289867e+02 
 8.162509e-01  6.647071e+01  1.664730e+02  2.700185e+02  5.196626e+02 
 8.276289e-01  6.487041e+01  1.632581e+02  2.657930e+02  5.129776e+02 
 8.391656e-01  6.409331e+01  1.613298e+02  2.621200e+02  5.073786e+02 
 8.508632e-01  6.291815e+01  1.585808e+02  2.584815e+02  5.002608e+02 
 8.627237e-01  6.156409e+01  1.560911e+02  2.546090e+02  4.922213e+02 
 8.747496e-01  6.044213e+01  1.535047e+02  2.508597e+02  4.855365e+02 
 8.869432e-01  5.940887e+01  1.512790e+02  2.473747e+02  4.789903e+02 
 8.993067e-01  5.823451e+01  1.488763e+02  2.436032e+02  4.719930e+02 
 9.118425e-01  5.731419e+01  1.463354e+02  2.394905e+02  4.634527e+02 
 9.245531e-01  5.608312e+01  1.438756e+02  2.357032e+02  4.581703e+02 
 9.374409e-01  5.503141e+01  1.416996e+02  2.326602e+02  4.517136e+02 
 9.505083e-01  5.413032e+01  1.394754e+02  2.292283e+02  4.450905e+02 
 9.637579e-01  5.297844e+01  1.367853e+02  2.251844e+02  4.385163e+02 
 9.771921e-01  5.231506e+01  1.359299e+02  2.228372e+02  4.322865e+02 
 9.908137e-01  5.131565e+01  1.334041e+02  2.193155e+02  4.265331e+02 
 1.004625e+00  5.033018e+01  1.309370e+02  2.154403e+02  4.190234e+02 
 1.018629e+00  4.948906e+01  1.291116e+02  2.123582e+02  4.127164e+02 
 1.032828e+00  4.855918e+01  1.271053e+02  2.095870e+02  4.082271e+02 
 1.047225e+00  4.763539e+01  1.252680e+02  2.061615e+02  4.009447e+02 
 1.061823e+00  4.690666e+01  1.235348e+02  2.032512e+02  3.947885e+02 
 1.076624e+00  4.603649e+01  1.215512e+02  2.001435e+02  3.885937e+02 
 1.091632e+00  4.524427e+01  1.196072e+02  1.971981e+02  3.823769e+02 
 1.106848e+00  4.439025e+01  1.175338e+02  1.941391e+02  3.769309e+02 
 1.122277e+00  4.361530e+01  1.158526e+02  1.908965e+02  3.704988e+02 
 1.137921e+00  4.282994e+01  1.138645e+02  1.879547e+02  3.646921e+02 
 1.153783e+00  4.214867e+01  1.120682e+02  1.850006e+02  3.591723e+02 
 1.169866e+00  4.138266e+01  1.103565e+02  1.820790e+02  3.537760e+02 
 1.186174e+00  4.063339e+01  1.087288e+02  1.793165e+02  3.478472e+02 
 1.202708e+00  3.998423e+01  1.070062e+02  1.765308e+02  3.421552e+02 
 1.219473e+00  3.930598e+01  1.053895e+02  1.738878e+02  3.361923e+02 
 1.236472e+00  3.860762e+01  1.037831e+02  1.712804e+02  3.309240e+02 
 1.253708e+00  3.797838e+01  1.020643e+02  1.683749e+02  3.258765e+02 
 1.271184e+00  3.733964e+01  1.008651e+02  1.661634e+02  3.202970e+02 
 1.288904e+00  3.670239e+01  9.889416e+01  1.632085e+02  3.154578e+02 
 1.306870e+00  3.602952e+01  9.735120e+01  1.605654e+02  3.098639e+02 
 1.325087e+00  3.547981e+01  9.587777e+01  1.580380e+02  3.043501e+02 
 1.343558e+00  3.488221e+01  9.432151e+01  1.554486e+02  2.991091e+02 
 1.362287e+00  3.433661e+01  9.274676e+01  1.527014e+02  2.940119e+02 
 1.381276e+00  3.375056e+01  9.126814e+01  1.499711e+02  2.889299e+02 
 1.400531e+00  3.319506e+01  8.981448e+01  1.475762e+02  2.834387e+02 
 1.420053e+00  3.260693e+01  8.827890e+01  1.451733e+02  2.782998e+02 
 1.439848e+00  3.207815e+01  8.690627e+01  1.425827e+02  2.734188e+02 
 1.459919e+00  3.149637e+01  8.544236e+01  1.401083e+02  2.681646e+02 
 1.480269e+00  3.103606e+01  8.390273e+01  1.375875e+02  2.628395e+02 
 1.500903e+00  3.050218e+01  8.254857e+01  1.351309e+02  2.585180e+02 
 1.521825e+00  2.998931e+01  8.129249e+01  1.329201e+02  2.535305e+02 
 1.543038e+00  2.947527e+01  7.991377e+01  1.306911e+02  2.490105e+02 
 1.564548e+00  2.902807e+01  7.856819e+01  1.283272e+02  2.441488e+02 
 1.586357e+00  2.855160e+01  7.733421e+01  1.260871e+02  2.394793e+02 
 1.608469e+00  2.805723e+01  7.606317e+01  1.238644e+02  2.351715e+02 
 1.630891e+00  2.767579e+01  7.464166e+01  1.214253e+02  2.303092e+02 
 1.653624e+00  2.718166e+01  7.336179e+01  1.193717e+02  2.261989e+02 
 1.676675e+00  2.673588e+01  7.222995e+01  1.172624e+02  2.215311e+02 
 1.700047e+00  2.628182e+01  7.097560e+01  1.150634e+02  2.172404e+02 
 1.723745e+00  2.585623e+01  6.970506e+01  1.128909e+02  2.126081e+02 
 1.747773e+00  2.540387e+01  6.844546e+01  1.107351e+02  2.082959e+02 
 1.772136e+00  2.499001e+01  6.722271e+01  1.085839e+02  2.042432e+02 
 1.796838e+00  2.458899e+01  6.602313e+01  1.065346e+02  1.999716e+02 
 1.821885e+00  2.419571e+01  6.482128e+01  1.044305e+02  1.959334e+02 
 1.847281e+00  2.379618e+01  6.375250e+01  1.025073e+02  1.918764e+02 
 1.873032e+00  2.340566e+01  6.251586e+01  1.003578e+02  1.879652e+02 
 1.899141e+00  2.300378e+01  6.134040e+01  9.844365e+01  1.840251e+02 
 1.925614e+00  2.264080e+01  6.025481e+01  9.652585e+01  1.800739e+02 
 1.952456e+00  2.232949e+01  5.919522e+01  9.463196e+01  1.762485e+02 
 1.979672e+00  2.191376e+01  5.814058e+01  9.276671e+01  1.725424e+02 
 2.007267e+00  2.158340e+01  5.703058e+01  9.080173e+01  1.689892e+02 
 2.035248e+00  2.119777e+01  5.593572e+01  8.894128e+01  1.652389e+02 
 2.063618e+00  2.084658e+01  5.485486e+01  8.714891e+01  1.616196e+02 
 2.092383e+00  2.050525e+01  5.381394e+01  8.531609e+01  1.581300e+02 
 2.121550e+00  2.015122e+01  5.274883e+01  8.352174e+01  1.545689e+02 
 2.151123e+00  1.981813e+01  5.172604e+01  8.172107e+01  1.510702e+02 
 2.181109e+00  1.948009e+01  5.069103e+01  8.001322e+01  1.477582e+02 
 2.211512e+00  1.914941e+01  4.965803e+01  7.824738e+01  1.443012e+02 
 2.242340e+00  1.883030e+01  4.869319e+01  7.657861e+01  1.410640e+02 
 2.273597e+00  1.848858e+01  4.770443e+01  7.484486e+01  1.378228e+02 
 2.305289e+00  1.819365e+01  4.673155e+01  7.324534e+01  1.346927e+02 
 2.337424e+00  1.787908e+01  4.576177e+01  7.161316e+01  1.315996e+02 
 2.370006e+00  1.757054e+01  4.482824e+01  7.005715e+01  1.286703e+02 
 2.403043e+00  1.725645e+01  4.390725e+01  6.846019e+01  1.256454e+02 
 2.436540e+00  1.696810e+01  4.301008e+01  6.694474e+01  1.227226e+02 
 2.470504e+00  1.667522e+01  4.212918e+01  6.542926e+01  1.198557e+02 
 2.504942e+00  1.638618e+01  4.126726e+01  6.397937e+01  1.170951e+02 
 2.539859e+00  1.611291e+01  4.038525e+01  6.250900e+01  1.143148e+02 
 2.575263e+00  1.581856e+01  3.951698e+01  6.113622e+01  1.116622e+02 
 2.611161e+00  1.554988e+01  3.866941e+01  5.968126e+01  1.090118e+02 
 2.647559e+00  1.527471e+01  3.782531e+01  5.827278e+01  1.063701e+02 
 2.684465e+00  1.500267e+01  3.702551e+01  5.689968e+01  1.038043e+02 
 2.721885e+00  1.472100e+01  3.617888e+01  5.557208e+01  1.012907e+02 
 2.759826e+00  1.445360e+01  3.535859e+01  5.423546e+01  9.882281e+01 
 2.798297e+00  1.418887e+01  3.458460e+01  5.295030e+01  9.646821e+01 
 2.837304e+00  1.392900e+01  3.379957e+01  5.167774e+01  9.410008e+01 
 2.876854e+00  1.366969e+01  3.302437e+01  5.043204e+01  9.180890e+01 
 2.916956e+00  1.341763e+01  3.228510e+01  4.921307e+01  8.952600e+01 
 2.957617e+00  1.317212e+01  3.155868e+01  4.803942e+01  8.735398e+01 
 2.998844e+00  1.292443e+01  3.084446e+01  4.687181e+01  8.519703e+01 
 3.040646e+00  1.268383e+01  3.013379e+01  4.573730e+01  8.315634e+01 
 3.083031e+00  1.244637e+01  2.944044e+01  4.462859e+01  8.111972e+01 
 3.126007e+00  1.221783e+01  2.877102e+01  4.354229e+01  7.911615e+01 
 3.169582e+00  1.198512e+01  2.808973e+01  4.246572e+01  7.717190e+01 
 3.213764e+00  1.175700e+01  2.743637e+01  4.141964e+01  7.526170e+01 
 3.258562e+00  1.152684e+01  2.680071e+01  4.039176e+01  7.338775e+01 
 3.303985e+00  1.130219e+01  2.615329e+01  3.938852e+01  7.155640e+01 
 3.350041e+00  1.108309e+01  2.552116e+01  3.838792e+01  6.974478e+01 
 3.396739e+00  1.085829e+01  2.491004e+01  3.742966e+01  6.798142e+01 
 3.444087e+00  1.064540e+01  2.429592e+01  3.646968e+01  6.624764e+01 
 3.492096e+00  1.043241e+01  2.370990e+01  3.555483e+01  6.458928e+01 
 3.540774e+00  1.021804e+01  2.313814e+01  3.465779e+01  6.294928e+01 
 3.590130e+00  1.001286e+01  2.256676e+01  3.376747e+01  6.136632e+01 
 3.640175e+00  9.812581e+00  2.201502e+01  3.291925e+01  5.980532e+01 
 3.690917e+00  9.608618e+00  2.148275e+01  3.207389e+01  5.829403e+01 
 3.742366e+00  9.411856e+00  2.094580e+01  3.126133e+01  5.683935e+01 
 3.794533e+00  9.220856e+00  2.043993e+01  3.047110e+01  5.539722e+01 
 3.847427e+00  9.031334e+00  1.993041e+01  2.969871e+01  5.401494e+01 
 3.901058e+00  8.840347e+00  1.944443e+01  2.894669e+01  5.264497e+01 
 3.955436e+00  8.660770e+00  1.896095e+01  2.819977e+01  5.130584e+01 
 4.010573e+00  8.475315e+00  1.848614e+01  2.748320e+01  5.000874e+01 
 4.066478e+00  8.295241e+00  1.802101e+01  2.677047e+01  4.872082e+01 
 4.123163e+00  8.116217e+00  1.756976e+01  2.607656e+01  4.746736e+01 
 4.180637e+00  7.942383e+00  1.712593e+01  2.540074e+01  4.623745e+01 
 4.238913e+00  7.769126e+00  1.668626e+01  2.473760e+01  4.505159e+01 
 4.298001e+00  7.595712e+00  1.626140e+01  2.409485e+01  4.388134e+01 
 4.357913e+00  7.432533e+00  1.584585e+01  2.346876e+01  4.275436e+01 
 4.418660e+00  7.266948e+00  1.544332e+01  2.285527e+01  4.165474e+01 
 4.480254e+00  7.104311e+00  1.504731e+01  2.225908e+01  4.057894e+01 
 4.542706e+00  6.947383e+00  1.465961e+01  2.167710e+01  3.952942e+01 
 4.606029e+00  6.792090e+00  1.428926e+01  2.111712e+01  3.852052e+01 
 4.670234e+00  6.639944e+00  1.392452e+01  2.057454e+01  3.753720e+01 
 4.735335e+00  6.491403e+00  1.357077e+01  2.004157e+01  3.657319e+01 
 4.801343e+00  6.347719e+00  1.322802e+01  1.952518e+01  3.563179e+01 
 4.868271e+00  6.204578e+00  1.289000e+01  1.901939e+01  3.471693e+01 
 4.936132e+00  6.064040e+00  1.255927e+01  1.852706e+01  3.382354e+01 
 5.004939e+00  5.925330e+00  1.223764e+01  1.804428e+01  3.294686e+01 
 5.074705e+00  5.787953e+00  1.192105e+01  1.757096e+01  3.209213e+01 
 5.145444e+00  5.654447e+00  1.161313e+01  1.711030e+01  3.125827e+01 
 5.217169e+00  5.521870e+00  1.131030e+01  1.665957e+01  3.043434e+01 
 5.289893e+00  5.394069e+00  1.101712e+01  1.622475e+01  2.963943e+01 
 5.363631e+00  5.266277e+00  1.073062e+01  1.579435e+01  2.886268e+01 
 5.438397e+00  5.142736e+00  1.045076e+01  1.537901e+01  2.810305e+01 
 5.514206e+00  5.021208e+00  1.017882e+01  1.497520e+01  2.736765e+01 
 5.591071e+00  4.901240e+00  9.915650e+00  1.458099e+01  2.665275e+01 
 5.669007e+00  4.786561e+00  9.657668e+00  1.420091e+01  2.595679e+01 
 5.748030e+00  4.672994e+00  9.408673e+00  1.382931e+01  2.527779e+01 
 5.828155e+00  4.562784e+00  9.166312e+00  1.346962e+01  2.461943e+01 
 5.909396e+00  4.454973e+00  8.930135e+00  1.311936e+01  2.398174e+01 
 5.991770e+00  4.349277e+00  8.699701e+00  1.277790e+01  2.335813e+01 
 6.075292e+00  4.246413e+00  8.476851e+00  1.244644e+01  2.274994e+01 
 6.159978e+00  4.145129e+00  8.258510e+00  1.212260e+01  2.215695e+01 
 6.245845e+00  4.045756e+00  8.044939e+00  1.180588e+01  2.157411e+01 
 6.332908e+00  3.947859e+00  7.834851e+00  1.149487e+01  2.100422e+01 
 6.421186e+00  3.852796e+00  7.631021e+00  1.119115e+01  2.044710e+01 
 6.510694e+00  3.758905e+00  7.431413e+00  1.089648e+01  1.990413e+01 
 6.601449e+00  3.667765e+00  7.237707e+00  1.060854e+01  1.937564e+01 
 6.693470e+00  3.578186e+00  7.047861e+00  1.032696e+01  1.885899e+01 
 6.786773e+00  3.490678e+00  6.864206e+00  1.005358e+01  1.835662e+01 
 6.881377e+00  3.405840e+00  6.685064e+00  9.788200e+00  1.786654e+01 
 6.977300e+00  3.322933e+00  6.511470e+00  9.531112e+00  1.739226e+01 
 7.074559e+00  3.242344e+00  6.342149e+00  9.279640e+00  1.692988e+01 
 7.173175e+00  3.163481e+00  6.178277e+00  9.036599e+00  1.648191e+01 
 7.273165e+00  3.087089e+00  6.019271e+00  8.800816e+00  1.604558e+01 
 7.374549e+00  3.012513e+00  5.864061e+00  8.570319e+00  1.562214e+01 
 7.477346e+00  2.939629e+00  5.714002e+00  8.348130e+00  1.521023e+01 
 7.581576e+00  2.869080e+00  5.566704e+00  8.130065e+00  1.480814e+01 
 7.687260e+00  2.799726e+00  5.423628e+00  7.917570e+00  1.441630e+01 
 7.794416e+00  2.731735e+00  5.283561e+00  7.708785e+00  1.403193e+01 
 7.903066e+00  2.665291e+00  5.146306e+00  7.504875e+00  1.365508e+01 
 8.013230e+00  2.600305e+00  5.012989e+00  7.307522e+00  1.328830e+01 
 8.124930e+00  2.536632e+00  4.882762e+00  7.113837e+00  1.292965e+01 
 8.238187e+00  2.474775e+00  4.755452e+00  6.924793e+00  1.258093e+01 
 8.353023e+00  2.414269e+00  4.631948e+00  6.741440e+00  1.224074e+01 
 8.469460e+00  2.355496e+00  4.511825e+00  6.562961e+00  1.191016e+01 
 8.587519e+00  2.298243e+00  4.394830e+00  6.389436e+00  1.158893e+01 
 8.707225e+00  2.242550e+00  4.280970e+00  6.220976e+00  1.127666e+01 
 8.828599e+00  2.188414e+00  4.171151e+00  6.057244e+00  1.097296e+01 
 8.951665e+00  2.135681e+00  4.064264e+00  5.898474e+00  1.067889e+01 
 9.076446e+00  2.084565e+00  3.960608e+00  5.744827e+00  1.039376e+01 
 9.202967e+00  2.034883e+00  3.859778e+00  5.595331e+00  1.011603e+01 
 9.331251e+00  1.986494e+00  3.761666e+00  5.449736e+00  9.846170e+00 
 9.461324e+00  0.000000e+00  0.000000e+00  0.000000e+00  0.000000e+00 
 9.593209e+00  0.000000e+00  0.000000e+00  0.000000e+00  0.000000e+00 
 9.726934e+00  0.000000e+00  0.000000e+00  0.000000e+00  0.000000e+00 
 9.862522e+00  0.000000e+00  0.000000e+00  0.000000e+00  0.000000e+00 
 1.000000e+01  0.000000e+00  0.000000e+00  0.000000e+00  0.000000e+00 
