 1.000000e-02  5.771912e+03  1.056677e+04  1.431961e+04  2.138330e+04 
 1.013939e-02  5.802847e+03  1.062328e+04  1.439607e+04  2.149711e+04 
 1.028073e-02  5.833273e+03  1.067886e+04  1.447125e+04  2.160902e+04 
 1.042404e-02  5.863179e+03  1.073349e+04  1.454513e+04  2.171897e+04 
 1.056935e-02  5.892547e+03  1.078711e+04  1.461767e+04  2.182690e+04 
 1.071668e-02  5.921351e+03  1.083971e+04  1.468881e+04  2.193273e+04 
 1.086606e-02  5.949571e+03  1.089122e+04  1.475848e+04  2.203637e+04 
 1.101753e-02  5.977188e+03  1.094165e+04  1.482666e+04  2.213775e+04 
 1.117111e-02  6.004177e+03  1.099091e+04  1.489327e+04  2.223678e+04 
 1.132683e-02  6.030510e+03  1.103898e+04  1.495825e+04  2.233336e+04 
 1.148472e-02  6.056178e+03  1.108580e+04  1.502157e+04  2.242744e+04 
 1.164481e-02  6.081149e+03  1.113138e+04  1.508314e+04  2.251894e+04 
 1.180713e-02  6.105410e+03  1.117564e+04  1.514296e+04  2.260778e+04 
 1.197171e-02  6.128925e+03  1.121852e+04  1.520091e+04  2.269383e+04 
 1.213859e-02  6.151685e+03  1.126003e+04  1.525699e+04  2.277706e+04 
 1.230780e-02  6.173663e+03  1.130010e+04  1.531110e+04  2.285736e+04 
 1.247936e-02  6.194843e+03  1.133870e+04  1.536323e+04  2.293468e+04 
 1.265332e-02  6.215196e+03  1.137579e+04  1.541330e+04  2.300891e+04 
 1.282970e-02  6.234703e+03  1.141132e+04  1.546127e+04  2.307999e+04 
 1.300854e-02  6.253346e+03  1.144527e+04  1.550707e+04  2.314784e+04 
 1.318987e-02  6.271107e+03  1.147760e+04  1.555068e+04  2.321237e+04 
 1.337373e-02  6.287959e+03  1.150825e+04  1.559203e+04  2.327353e+04 
 1.356015e-02  6.303880e+03  1.153721e+04  1.563104e+04  2.333120e+04 
 1.374917e-02  6.318848e+03  1.156440e+04  1.566768e+04  2.338529e+04 
 1.394083e-02  6.332834e+03  1.158980e+04  1.570188e+04  2.343574e+04 
 1.413516e-02  6.345816e+03  1.161335e+04  1.573358e+04  2.348242e+04 
 1.433219e-02  6.357770e+03  1.163501e+04  1.576271e+04  2.352527e+04 
 1.453198e-02  6.368671e+03  1.165474e+04  1.578922e+04  2.356419e+04 
 1.473454e-02  6.378500e+03  1.167250e+04  1.581303e+04  2.359909e+04 
 1.493993e-02  6.387232e+03  1.168825e+04  1.583413e+04  2.362990e+04 
 1.514819e-02  6.394850e+03  1.170197e+04  1.585251e+04  2.365667e+04 
 1.535935e-02  6.401326e+03  1.171362e+04  1.586805e+04  2.367922e+04 
 1.557345e-02  6.406642e+03  1.172313e+04  1.588071e+04  2.369746e+04 
 1.579053e-02  6.410781e+03  1.173048e+04  1.589043e+04  2.371130e+04 
 1.601064e-02  6.413722e+03  1.173564e+04  1.589717e+04  2.372069e+04 
 1.623382e-02  6.415443e+03  1.173856e+04  1.590089e+04  2.372552e+04 
 1.646012e-02  6.415930e+03  1.173922e+04  1.590154e+04  2.372577e+04 
 1.668956e-02  6.415170e+03  1.173760e+04  1.589909e+04  2.372137e+04 
 1.692220e-02  6.413138e+03  1.173363e+04  1.589346e+04  2.371225e+04 
 1.715809e-02  6.409817e+03  1.172731e+04  1.588463e+04  2.369833e+04 
 1.739726e-02  6.405187e+03  1.171859e+04  1.587256e+04  2.367955e+04 
 1.763977e-02  6.399236e+03  1.170745e+04  1.585719e+04  2.365585e+04 
 1.788566e-02  6.391928e+03  1.169382e+04  1.583846e+04  2.362711e+04 
 1.813498e-02  6.383258e+03  1.167770e+04  1.581634e+04  2.359331e+04 
 1.838777e-02  6.373208e+03  1.165905e+04  1.579079e+04  2.355438e+04 
 1.864409e-02  6.361771e+03  1.163785e+04  1.576180e+04  2.351029e+04 
 1.890397e-02  6.348930e+03  1.161409e+04  1.572932e+04  2.346099e+04 
 1.916748e-02  6.334671e+03  1.158772e+04  1.569331e+04  2.340643e+04 
 1.943467e-02  6.318994e+03  1.155877e+04  1.565379e+04  2.334660e+04 
 1.970558e-02  6.301884e+03  1.152718e+04  1.561071e+04  2.328146e+04 
 1.998026e-02  6.283345e+03  1.149298e+04  1.556408e+04  2.321101e+04 
 2.025878e-02  6.263369e+03  1.145615e+04  1.551388e+04  2.313523e+04 
 2.054117e-02  6.241966e+03  1.141671e+04  1.546013e+04  2.305416e+04 
 2.082751e-02  6.219137e+03  1.137464e+04  1.540285e+04  2.296778e+04 
 2.111783e-02  6.194880e+03  1.132997e+04  1.534202e+04  2.287613e+04 
 2.141220e-02  6.169297e+03  1.128283e+04  1.527781e+04  2.277932e+04 
 2.171068e-02  6.142882e+03  1.123392e+04  1.521096e+04  2.267794e+04 
 2.201331e-02  6.115040e+03  1.118240e+04  1.514057e+04  2.257125e+04 
 2.232016e-02  6.085767e+03  1.112826e+04  1.506663e+04  2.245926e+04 
 2.263130e-02  6.055080e+03  1.107152e+04  1.498918e+04  2.234204e+04 
 2.294676e-02  6.022975e+03  1.101220e+04  1.490820e+04  2.221956e+04 
 2.326663e-02  5.989466e+03  1.095030e+04  1.482375e+04  2.209188e+04 
 2.359095e-02  5.954569e+03  1.088586e+04  1.473585e+04  2.195906e+04 
 2.391980e-02  5.918296e+03  1.081890e+04  1.464454e+04  2.182115e+04 
 2.425323e-02  5.880670e+03  1.074947e+04  1.454988e+04  2.167823e+04 
 2.459130e-02  5.841713e+03  1.067761e+04  1.445192e+04  2.153041e+04 
 2.493409e-02  5.801469e+03  1.060337e+04  1.435076e+04  2.137781e+04 
 2.528166e-02  5.759960e+03  1.052683e+04  1.424648e+04  2.122056e+04 
 2.563407e-02  5.717230e+03  1.044807e+04  1.413918e+04  2.105881e+04 
 2.599140e-02  5.673320e+03  1.036714e+04  1.402896e+04  2.089271e+04 
 2.635371e-02  5.628288e+03  1.028417e+04  1.391595e+04  2.072248e+04 
 2.672106e-02  5.582168e+03  1.019919e+04  1.380026e+04  2.054822e+04 
 2.709354e-02  5.534986e+03  1.011229e+04  1.368195e+04  2.037008e+04 
 2.747121e-02  5.486768e+03  1.002350e+04  1.356108e+04  2.018814e+04 
 2.785414e-02  5.437480e+03  9.932764e+03  1.343761e+04  2.000238e+04 
 2.824241e-02  5.386878e+03  9.839752e+03  1.331117e+04  1.981248e+04 
 2.863610e-02  5.335350e+03  9.745050e+03  1.318246e+04  1.961920e+04 
 2.903527e-02  5.282937e+03  9.648735e+03  1.305156e+04  1.942270e+04 
 2.944000e-02  5.229694e+03  9.550906e+03  1.291861e+04  1.922314e+04 
 2.985038e-02  5.175674e+03  9.451659e+03  1.278375e+04  1.902075e+04 
 3.026648e-02  5.120934e+03  9.351107e+03  1.264713e+04  1.881576e+04 
 3.068838e-02  5.065544e+03  9.249365e+03  1.250891e+04  1.860839e+04 
 3.111616e-02  5.009572e+03  9.146569e+03  1.236927e+04  1.839894e+04 
 3.154990e-02  4.953099e+03  9.042861e+03  1.222839e+04  1.818767e+04 
 3.198969e-02  4.896214e+03  8.938406e+03  1.208651e+04  1.797493e+04 
 3.243561e-02  4.839008e+03  8.833369e+03  1.194385e+04  1.776103e+04 
 3.288774e-02  4.781579e+03  8.727928e+03  1.180065e+04  1.754635e+04 
 3.334618e-02  4.724029e+03  8.622271e+03  1.165716e+04  1.733126e+04 
 3.381101e-02  4.666418e+03  8.516508e+03  1.151353e+04  1.711598e+04 
 3.428231e-02  4.608793e+03  8.410724e+03  1.136988e+04  1.690068e+04 
 3.476019e-02  4.551019e+03  8.305000e+03  1.122668e+04  1.668713e+04 
 3.524473e-02  4.493326e+03  8.199431e+03  1.108370e+04  1.647396e+04 
 3.573602e-02  4.435774e+03  8.094118e+03  1.094108e+04  1.626132e+04 
 3.623416e-02  4.378417e+03  7.989172e+03  1.079895e+04  1.604943e+04 
 3.673925e-02  4.321318e+03  7.884701e+03  1.065746e+04  1.583853e+04 
 3.725137e-02  4.264543e+03  7.780827e+03  1.051679e+04  1.562884e+04 
 3.777064e-02  4.208162e+03  7.677674e+03  1.037711e+04  1.542062e+04 
 3.829714e-02  4.152245e+03  7.575374e+03  1.023858e+04  1.521416e+04 
 3.883098e-02  4.096872e+03  7.474070e+03  1.010140e+04  1.500971e+04 
 3.937226e-02  4.042127e+03  7.373912e+03  9.965772e+03  1.480760e+04 
 3.992109e-02  3.988087e+03  7.275053e+03  9.831905e+03  1.460811e+04 
 4.047757e-02  3.934844e+03  7.177616e+03  9.699932e+03  1.441133e+04 
 4.104181e-02  3.882286e+03  7.080814e+03  9.568144e+03  1.421297e+04 
 4.161391e-02  3.830711e+03  6.985817e+03  9.438803e+03  1.401827e+04 
 4.219398e-02  3.780146e+03  6.892673e+03  9.311981e+03  1.382734e+04 
 4.278214e-02  3.730625e+03  6.801440e+03  9.187754e+03  1.364030e+04 
 4.337850e-02  3.682164e+03  6.712153e+03  9.066167e+03  1.345722e+04 
 4.398317e-02  3.634787e+03  6.624860e+03  8.947288e+03  1.327818e+04 
 4.459628e-02  3.588520e+03  6.539600e+03  8.831165e+03  1.310327e+04 
 4.521792e-02  3.543384e+03  6.456411e+03  8.717846e+03  1.293257e+04 
 4.584824e-02  3.499395e+03  6.375322e+03  8.607382e+03  1.276612e+04 
 4.648734e-02  3.456571e+03  6.296369e+03  8.499812e+03  1.260402e+04 
 4.713535e-02  3.415079e+03  6.220647e+03  8.397445e+03  1.245187e+04 
 4.779239e-02  3.374874e+03  6.147748e+03  8.299393e+03  1.230750e+04 
 4.845859e-02  3.335862e+03  6.077019e+03  8.204262e+03  1.216744e+04 
 4.913407e-02  3.298030e+03  6.008438e+03  8.112026e+03  1.203167e+04 
 4.981898e-02  3.261350e+03  5.941954e+03  8.022618e+03  1.190009e+04 
 5.051342e-02  3.225792e+03  5.877513e+03  7.935965e+03  1.177258e+04 
 5.121755e-02  3.191317e+03  5.815040e+03  7.851970e+03  1.164901e+04 
 5.193150e-02  3.157884e+03  5.754466e+03  7.770540e+03  1.152924e+04 
 5.265540e-02  3.125446e+03  5.695704e+03  7.691560e+03  1.141309e+04 
 5.338938e-02  3.093699e+03  5.637728e+03  7.613155e+03  1.129650e+04 
 5.413360e-02  3.062524e+03  5.580231e+03  7.534813e+03  1.117844e+04 
 5.488820e-02  3.032141e+03  5.524185e+03  7.458437e+03  1.106333e+04 
 5.565331e-02  3.002473e+03  5.469447e+03  7.383832e+03  1.095084e+04 
 5.642908e-02  2.973432e+03  5.415849e+03  7.310772e+03  1.084065e+04 
 5.721568e-02  2.944899e+03  5.363180e+03  7.238961e+03  1.073230e+04 
 5.801323e-02  2.916759e+03  5.311231e+03  7.168114e+03  1.062540e+04 
 5.882190e-02  2.888925e+03  5.259856e+03  7.098057e+03  1.051971e+04 
 5.964185e-02  2.861538e+03  5.209663e+03  7.029989e+03  1.041800e+04 
 6.047322e-02  2.834791e+03  5.161621e+03  6.965849e+03  1.032486e+04 
 6.131619e-02  2.808008e+03  5.113509e+03  6.901609e+03  1.023157e+04 
 6.217090e-02  2.780977e+03  5.064929e+03  6.836717e+03  1.013726e+04 
 6.303753e-02  2.753654e+03  5.015786e+03  6.771041e+03  1.004171e+04 
 6.391624e-02  2.725866e+03  4.965783e+03  6.704179e+03  9.944342e+03 
 6.480720e-02  2.697534e+03  4.914784e+03  6.635961e+03  9.844943e+03 
 6.571058e-02  2.668520e+03  4.862545e+03  6.566075e+03  9.743071e+03 
 6.662655e-02  2.637505e+03  4.804693e+03  6.486542e+03  9.621189e+03 
 6.755528e-02  2.605558e+03  4.745094e+03  6.404602e+03  9.495612e+03 
 6.849697e-02  2.572624e+03  4.683714e+03  6.320270e+03  9.366534e+03 
 6.945178e-02  2.538631e+03  4.620417e+03  6.233371e+03  9.233708e+03 
 7.041990e-02  2.503502e+03  4.555074e+03  6.143731e+03  9.096882e+03 
 7.140151e-02  2.467183e+03  4.487585e+03  6.051219e+03  8.955872e+03 
 7.239681e-02  2.429946e+03  4.418746e+03  5.957271e+03  8.813949e+03 
 7.340598e-02  2.391819e+03  4.348665e+03  5.862097e+03  8.671653e+03 
 7.442922e-02  2.352438e+03  4.276320e+03  5.763885e+03  8.524907e+03 
 7.546673e-02  2.311836e+03  4.201766e+03  5.662713e+03  8.373823e+03 
 7.651869e-02  2.270046e+03  4.125071e+03  5.558672e+03  8.218542e+03 
 7.758532e-02  2.227142e+03  4.046368e+03  5.451942e+03  8.059333e+03 
 7.866682e-02  2.184098e+03  3.968623e+03  5.347694e+03  7.906783e+03 
 7.976339e-02  2.141561e+03  3.893734e+03  5.249199e+03  7.767516e+03 
 8.087525e-02  2.098176e+03  3.817232e+03  5.148464e+03  7.624770e+03 
 8.200261e-02  2.054089e+03  3.739385e+03  5.045841e+03  7.479057e+03 
 8.314568e-02  2.009468e+03  3.660488e+03  4.941732e+03  7.330959e+03 
 8.430468e-02  1.964495e+03  3.580872e+03  4.836575e+03  7.181115e+03 
 8.547985e-02  1.918507e+03  3.498058e+03  4.725809e+03  7.019834e+03 
 8.667139e-02  1.872201e+03  3.414029e+03  4.612797e+03  6.853743e+03 
 8.787954e-02  1.826208e+03  3.330560e+03  4.500522e+03  6.688693e+03 
 8.910453e-02  1.780745e+03  3.248039e+03  4.389512e+03  6.525470e+03 
 9.034660e-02  1.736033e+03  3.166873e+03  4.280314e+03  6.364885e+03 
 9.160598e-02  1.692962e+03  3.089622e+03  4.177246e+03  6.215349e+03 
 9.288292e-02  1.651654e+03  3.016394e+03  4.080348e+03  6.076677e+03 
 9.417766e-02  1.611655e+03  2.945474e+03  3.986489e+03  5.942314e+03 
 9.549045e-02  1.573142e+03  2.877186e+03  3.896112e+03  5.812938e+03 
 9.682153e-02  1.536272e+03  2.811825e+03  3.809622e+03  5.689158e+03 
 9.817117e-02  1.501424e+03  2.750472e+03  3.728839e+03  5.574519e+03 
 9.953962e-02  1.468549e+03  2.692790e+03  3.653081e+03  5.467484e+03 
 1.009272e-01  1.437623e+03  2.638596e+03  3.581974e+03  5.367197e+03 
 1.023340e-01  1.408699e+03  2.587994e+03  3.515663e+03  5.273892e+03 
 1.037605e-01  1.381114e+03  2.538967e+03  3.450690e+03  5.180753e+03 
 1.052069e-01  1.352991e+03  2.485856e+03  3.377390e+03  5.068815e+03 
 1.066734e-01  1.326891e+03  2.436494e+03  3.309210e+03  4.964598e+03 
 1.081604e-01  1.302718e+03  2.390701e+03  3.245899e+03  4.867716e+03 
 1.096681e-01  1.280337e+03  2.348221e+03  3.187108e+03  4.777639e+03 
 1.111968e-01  1.259886e+03  2.309697e+03  3.133894e+03  4.695867e+03 
 1.127468e-01  1.240875e+03  2.273848e+03  3.084333e+03  4.619586e+03 
 1.143184e-01  1.223067e+03  2.240214e+03  3.037789e+03  4.547846e+03 
 1.159120e-01  1.206214e+03  2.208342e+03  2.993645e+03  4.479716e+03 
 1.175277e-01  1.191037e+03  2.180574e+03  2.955922e+03  4.422925e+03 
 1.191660e-01  1.176350e+03  2.153791e+03  2.919611e+03  4.368397e+03 
 1.208271e-01  1.161784e+03  2.127227e+03  2.883597e+03  4.314321e+03 
 1.225114e-01  1.147027e+03  2.100297e+03  2.847096e+03  4.259605e+03 
 1.242191e-01  1.131520e+03  2.071821e+03  2.808570e+03  4.202643e+03 
 1.259506e-01  1.115339e+03  2.042113e+03  2.768378e+03  4.143193e+03 
 1.277063e-01  1.098270e+03  2.010785e+03  2.725993e+03  4.080462e+03 
 1.294865e-01  1.080522e+03  1.978455e+03  2.682334e+03  4.015657e+03 
 1.312915e-01  1.062017e+03  1.945022e+03  2.637279e+03  3.948570e+03 
 1.331216e-01  1.042227e+03  1.909226e+03  2.589022e+03  3.876704e+03 
 1.349772e-01  1.021155e+03  1.871115e+03  2.537672e+03  3.800354e+03 
 1.368587e-01  1.000052e+03  1.834939e+03  2.491185e+03  3.737595e+03 
 1.387665e-01  9.777568e+02  1.796495e+03  2.441536e+03  3.669885e+03 
 1.407008e-01  9.544189e+02  1.756042e+03  2.389068e+03  3.597702e+03 
 1.426621e-01  9.311644e+02  1.716046e+03  2.337056e+03  3.524816e+03 
 1.446507e-01  9.076001e+02  1.675485e+03  2.284152e+03  3.449996e+03 
 1.466671e-01  8.837074e+02  1.634183e+03  2.230132e+03  3.373266e+03 
 1.487115e-01  8.577129e+02  1.586978e+03  2.166696e+03  3.280207e+03 
 1.507845e-01  8.307045e+02  1.536582e+03  2.098008e+03  3.177804e+03 
 1.528864e-01  8.044852e+02  1.487662e+03  2.031326e+03  3.078349e+03 
 1.550175e-01  7.811866e+02  1.446067e+03  1.976108e+03  2.998969e+03 
 1.571784e-01  7.604154e+02  1.410421e+03  1.929971e+03  2.935106e+03 
 1.593694e-01  7.410187e+02  1.377188e+03  1.887011e+03  2.875772e+03 
 1.615909e-01  7.236200e+02  1.347811e+03  1.849279e+03  2.823906e+03 
 1.638434e-01  7.080262e+02  1.321784e+03  1.816061e+03  2.778584e+03 
 1.661273e-01  6.940576e+02  1.298676e+03  1.786750e+03  2.739020e+03 
 1.684430e-01  6.783413e+02  1.269445e+03  1.747149e+03  2.680953e+03 
 1.707910e-01  6.637793e+02  1.242019e+03  1.709785e+03  2.625907e+03 
 1.731717e-01  6.511206e+02  1.218541e+03  1.678026e+03  2.579422e+03 
 1.755856e-01  6.417217e+02  1.202726e+03  1.657549e+03  2.550265e+03 
 1.780332e-01  6.331350e+02  1.188397e+03  1.639090e+03  2.524163e+03 
 1.805149e-01  6.233244e+02  1.169649e+03  1.612768e+03  2.482570e+03 
 1.830312e-01  6.127059e+02  1.148127e+03  1.581573e+03  2.431478e+03 
 1.855825e-01  6.021282e+02  1.126974e+03  1.551219e+03  2.382464e+03 
 1.881694e-01  5.918128e+02  1.107985e+03  1.525756e+03  2.345494e+03 
 1.907924e-01  5.808897e+02  1.087853e+03  1.498712e+03  2.306060e+03 
 1.934520e-01  5.687738e+02  1.065414e+03  1.468664e+03  2.263279e+03 
 1.961486e-01  5.556323e+02  1.041036e+03  1.436001e+03  2.216849e+03 
 1.988828e-01  5.428385e+02  1.018069e+03  1.405518e+03  2.173412e+03 
 2.016551e-01  5.310029e+02  9.979657e+02  1.379320e+03  2.136071e+03 
 2.044661e-01  5.182749e+02  9.758660e+02  1.350122e+03  2.093671e+03 
 2.073162e-01  5.041074e+02  9.494991e+02  1.313817e+03  2.038303e+03 
 2.102061e-01  4.897371e+02  9.227180e+02  1.276921e+03  1.981953e+03 
 2.131362e-01  4.791935e+02  9.073851e+02  1.258853e+03  1.958825e+03 
 2.161073e-01  4.690764e+02  8.928822e+02  1.241954e+03  1.937504e+03 
 2.191197e-01  4.563020e+02  8.708503e+02  1.213593e+03  1.899308e+03 
 2.221741e-01  4.436425e+02  8.484091e+02  1.184361e+03  1.859757e+03 
 2.252711e-01  4.323777e+02  8.290647e+02  1.159664e+03  1.826884e+03 
 2.284112e-01  4.222953e+02  8.120605e+02  1.138239e+03  1.798850e+03 
 2.315951e-01  4.135995e+02  7.967004e+02  1.117581e+03  1.767574e+03 
 2.348235e-01  4.059787e+02  7.830361e+02  1.098758e+03  1.737652e+03 
 2.380968e-01  3.971129e+02  7.656582e+02  1.074363e+03  1.700172e+03 
 2.414157e-01  3.883824e+02  7.482131e+02  1.049782e+03  1.662695e+03 
 2.447809e-01  3.797243e+02  7.314634e+02  1.026743e+03  1.627840e+03 
 2.481930e-01  3.713317e+02  7.153330e+02  1.004629e+03  1.594399e+03 
 2.516527e-01  3.662548e+02  7.069240e+02  9.934292e+02  1.577307e+03 
 2.551606e-01  3.599630e+02  6.957385e+02  9.782961e+02  1.554551e+03 
 2.587174e-01  3.503156e+02  6.767663e+02  9.521500e+02  1.516206e+03 
 2.623238e-01  3.420442e+02  6.616240e+02  9.318194e+02  1.486888e+03 
 2.659804e-01  3.353435e+02  6.507728e+02  9.179835e+02  1.467659e+03 
 2.696881e-01  3.264898e+02  6.347579e+02  8.965181e+02  1.435694e+03 
 2.734474e-01  3.170012e+02  6.172379e+02  8.728420e+02  1.400094e+03 
 2.772591e-01  3.098019e+02  6.055036e+02  8.582926e+02  1.381510e+03 
 2.811239e-01  3.023252e+02  5.926220e+02  8.419585e+02  1.361025e+03 
 2.850426e-01  2.945928e+02  5.784476e+02  8.236111e+02  1.338727e+03 
 2.890160e-01  2.876013e+02  5.665912e+02  8.083602e+02  1.317070e+03 
 2.930447e-01  2.812043e+02  5.555349e+02  7.935491e+02  1.294055e+03 
 2.971296e-01  2.751793e+02  5.435686e+02  7.755316e+02  1.262801e+03 
 3.012714e-01  2.697791e+02  5.341919e+02  7.631080e+02  1.244494e+03 
 3.054710e-01  2.644882e+02  5.253469e+02  7.521058e+02  1.230135e+03 
 3.097291e-01  2.580831e+02  5.134781e+02  7.364762e+02  1.208762e+03 
 3.140465e-01  2.522005e+02  5.016578e+02  7.194935e+02  1.180965e+03 
 3.184242e-01  2.468863e+02  4.911316e+02  7.043529e+02  1.156088e+03 
 3.228628e-01  2.426142e+02  4.840258e+02  6.954221e+02  1.145098e+03 
 3.273634e-01  2.365989e+02  4.720482e+02  6.782867e+02  1.117791e+03 
 3.319266e-01  2.303221e+02  4.599717e+02  6.616503e+02  1.092864e+03 
 3.365535e-01  2.243484e+02  4.493731e+02  6.480361e+02  1.074726e+03 
 3.412449e-01  2.201945e+02  4.437987e+02  6.413534e+02  1.064056e+03 
 3.460016e-01  2.156724e+02  4.363947e+02  6.318053e+02  1.050601e+03 
 3.508247e-01  2.112745e+02  4.285224e+02  6.212764e+02  1.035205e+03 
 3.557150e-01  2.070686e+02  4.206753e+02  6.106059e+02  1.018844e+03 
 3.606735e-01  2.022225e+02  4.120108e+02  5.992460e+02  1.002957e+03 
 3.657011e-01  1.964434e+02  4.010610e+02  5.843201e+02  9.823073e+02 
 3.707988e-01  1.918210e+02  3.921835e+02  5.722248e+02  9.644559e+02 
 3.759675e-01  1.875877e+02  3.840703e+02  5.610979e+02  9.478516e+02 
 3.812083e-01  1.832086e+02  3.761128e+02  5.503287e+02  9.320948e+02 
 3.865221e-01  1.794845e+02  3.705496e+02  5.437302e+02  9.211534e+02 
 3.919100e-01  1.756415e+02  3.617192e+02  5.304201e+02  9.028002e+02 
 3.973730e-01  1.713356e+02  3.545037e+02  5.213241e+02  8.884232e+02 
 4.029122e-01  1.678419e+02  3.489356e+02  5.135853e+02  8.744021e+02 
 4.085286e-01  1.643479e+02  3.414814e+02  5.029278e+02  8.590929e+02 
 4.142232e-01  1.601921e+02  3.330389e+02  4.917593e+02  8.450831e+02 
 4.199973e-01  1.561690e+02  3.260943e+02  4.829375e+02  8.321932e+02 
 4.258518e-01  1.529459e+02  3.200925e+02  4.744173e+02  8.175735e+02 
 4.317880e-01  1.495218e+02  3.133936e+02  4.645677e+02  8.025050e+02 
 4.378069e-01  1.465149e+02  3.073926e+02  4.560041e+02  7.884426e+02 
 4.439097e-01  1.439808e+02  3.034225e+02  4.512232e+02  7.837939e+02 
 4.500975e-01  1.400362e+02  2.960797e+02  4.411979e+02  7.690097e+02 
 4.563716e-01  1.366912e+02  2.891953e+02  4.312218e+02  7.513991e+02 
 4.627332e-01  1.345348e+02  2.861596e+02  4.279038e+02  7.480826e+02 
 4.691835e-01  1.310428e+02  2.792441e+02  4.179885e+02  7.315561e+02 
 4.757236e-01  1.285152e+02  2.742702e+02  4.111567e+02  7.211350e+02 
 4.823549e-01  1.251236e+02  2.673734e+02  4.014755e+02  7.079689e+02 
 4.890787e-01  1.224480e+02  2.621686e+02  3.944280e+02  6.969468e+02 
 4.958962e-01  1.204219e+02  2.582151e+02  3.883177e+02  6.858024e+02 
 5.028087e-01  1.176986e+02  2.534933e+02  3.819470e+02  6.765113e+02 
 5.098176e-01  1.154761e+02  2.493773e+02  3.759922e+02  6.650239e+02 
 5.169242e-01  1.134134e+02  2.454652e+02  3.707172e+02  6.578503e+02 
 5.241298e-01  1.096675e+02  2.390692e+02  3.628244e+02  6.480371e+02 
 5.314359e-01  1.076945e+02  2.359616e+02  3.585577e+02  6.411644e+02 
 5.388438e-01  1.053851e+02  2.307744e+02  3.508433e+02  6.294055e+02 
 5.463550e-01  1.034624e+02  2.269917e+02  3.452322e+02  6.201016e+02 
 5.539709e-01  1.006675e+02  2.220537e+02  3.389208e+02  6.103690e+02 
 5.616930e-01  9.884429e+01  2.184994e+02  3.338962e+02  6.027887e+02 
 5.695227e-01  9.686232e+01  2.152210e+02  3.297831e+02  5.943919e+02 
 5.774615e-01  9.463405e+01  2.101231e+02  3.222579e+02  5.836071e+02 
 5.855110e-01  9.289657e+01  2.068818e+02  3.173134e+02  5.752284e+02 
 5.936727e-01  9.069682e+01  2.018580e+02  3.103241e+02  5.647799e+02 
 6.019482e-01  8.910603e+01  1.993523e+02  3.063336e+02  5.574753e+02 
 6.103390e-01  8.694936e+01  1.956438e+02  3.014980e+02  5.490129e+02 
 6.188468e-01  8.498968e+01  1.923599e+02  2.984225e+02  5.466458e+02 
 6.274732e-01  8.353312e+01  1.886685e+02  2.921726e+02  5.364522e+02 
 6.362198e-01  8.181468e+01  1.856862e+02  2.878169e+02  5.281080e+02 
 6.450884e-01  7.986088e+01  1.821572e+02  2.829417e+02  5.197805e+02 
 6.540806e-01  7.817302e+01  1.781629e+02  2.769442e+02  5.110550e+02 
 6.631981e-01  7.640766e+01  1.753538e+02  2.738266e+02  5.057068e+02 
 6.724427e-01  7.491619e+01  1.721721e+02  2.693987e+02  5.001126e+02 
 6.818162e-01  7.325939e+01  1.689435e+02  2.638481e+02  4.899838e+02 
 6.913204e-01  7.165936e+01  1.657270e+02  2.596774e+02  4.829461e+02 
 7.009570e-01  7.060012e+01  1.631401e+02  2.558789e+02  4.764369e+02 
 7.107280e-01  6.875672e+01  1.602424e+02  2.518362e+02  4.687137e+02 
 7.206351e-01  6.765073e+01  1.576681e+02  2.483791e+02  4.643890e+02 
 7.306804e-01  6.623866e+01  1.551271e+02  2.442370e+02  4.559301e+02 
 7.408657e-01  6.473704e+01  1.519531e+02  2.397237e+02  4.496666e+02 
 7.511929e-01  6.332370e+01  1.490615e+02  2.359511e+02  4.432364e+02 
 7.616642e-01  6.206300e+01  1.462645e+02  2.320053e+02  4.372515e+02 
 7.722814e-01  6.119308e+01  1.446450e+02  2.292339e+02  4.308015e+02 
 7.830465e-01  5.987492e+01  1.417497e+02  2.251724e+02  4.248322e+02 
 7.939618e-01  5.872490e+01  1.397675e+02  2.220626e+02  4.201464e+02 
 8.050292e-01  5.738909e+01  1.370711e+02  2.188516e+02  4.144430e+02 
 8.162509e-01  5.634800e+01  1.349581e+02  2.150735e+02  4.069571e+02 
 8.276289e-01  5.494736e+01  1.321607e+02  2.113920e+02  4.014687e+02 
 8.391656e-01  5.421540e+01  1.304952e+02  2.083142e+02  3.967289e+02 
 8.508632e-01  5.319642e+01  1.281657e+02  2.052637e+02  3.911392e+02 
 8.627237e-01  5.198382e+01  1.259893e+02  2.020324e+02  3.847508e+02 
 8.747496e-01  5.099676e+01  1.237536e+02  1.988593e+02  3.793578e+02 
 8.869432e-01  5.007421e+01  1.218752e+02  1.960185e+02  3.743351e+02 
 8.993067e-01  4.902581e+01  1.198258e+02  1.928914e+02  3.686804e+02 
 9.118425e-01  4.822752e+01  1.176930e+02  1.895175e+02  3.619710e+02 
 9.245531e-01  4.714471e+01  1.156294e+02  1.864172e+02  3.576644e+02 
 9.374409e-01  4.620568e+01  1.137416e+02  1.838487e+02  3.526423e+02 
 9.505083e-01  4.540014e+01  1.118640e+02  1.810385e+02  3.475006e+02 
 9.637579e-01  4.440557e+01  1.096310e+02  1.777138e+02  3.421503e+02 
 9.771921e-01  4.378088e+01  1.088654e+02  1.759104e+02  3.374438e+02 
 9.908137e-01  4.290652e+01  1.067473e+02  1.729407e+02  3.328013e+02 
 1.004625e+00  4.204823e+01  1.047137e+02  1.698497e+02  3.270145e+02 
 1.018629e+00  4.132238e+01  1.031788e+02  1.673685e+02  3.221106e+02 
 1.032828e+00  4.049736e+01  1.014622e+02  1.650323e+02  3.184775e+02 
 1.047225e+00  3.967824e+01  9.991357e+01  1.623269e+02  3.127989e+02 
 1.061823e+00  3.903175e+01  9.849197e+01  1.600079e+02  3.081732e+02 
 1.076624e+00  3.827346e+01  9.684136e+01  1.575084e+02  3.033596e+02 
 1.091632e+00  3.759473e+01  9.520076e+01  1.551308e+02  2.985946e+02 
 1.106848e+00  3.684425e+01  9.349355e+01  1.526184e+02  2.943116e+02 
 1.122277e+00  3.615837e+01  9.209772e+01  1.500415e+02  2.892458e+02 
 1.137921e+00  3.547238e+01  9.045872e+01  1.476515e+02  2.847728e+02 
 1.153783e+00  3.486454e+01  8.899154e+01  1.453084e+02  2.805187e+02 
 1.169866e+00  3.422681e+01  8.759451e+01  1.430298e+02  2.763865e+02 
 1.186174e+00  3.356962e+01  8.623764e+01  1.407957e+02  2.717655e+02 
 1.202708e+00  3.299281e+01  8.482829e+01  1.386199e+02  2.674629e+02 
 1.219473e+00  3.241312e+01  8.351329e+01  1.365324e+02  2.628960e+02 
 1.236472e+00  3.180931e+01  8.218504e+01  1.344641e+02  2.589374e+02 
 1.253708e+00  3.125721e+01  8.079657e+01  1.321172e+02  2.549310e+02 
 1.271184e+00  3.070833e+01  7.978329e+01  1.304317e+02  2.507394e+02 
 1.288904e+00  3.015366e+01  7.821351e+01  1.280400e+02  2.469366e+02 
 1.306870e+00  2.958356e+01  7.693806e+01  1.259702e+02  2.426378e+02 
 1.325087e+00  2.910764e+01  7.575891e+01  1.240091e+02  2.384143e+02 
 1.343558e+00  2.858841e+01  7.450713e+01  1.219798e+02  2.343957e+02 
 1.362287e+00  2.811304e+01  7.324906e+01  1.198311e+02  2.304117e+02 
 1.381276e+00  2.760496e+01  7.207082e+01  1.176741e+02  2.264515e+02 
 1.400531e+00  2.713355e+01  7.089995e+01  1.158220e+02  2.223044e+02 
 1.420053e+00  2.663246e+01  6.965553e+01  1.139424e+02  2.184023e+02 
 1.439848e+00  2.618075e+01  6.857929e+01  1.119357e+02  2.146465e+02 
 1.459919e+00  2.568999e+01  6.741283e+01  1.100283e+02  2.106352e+02 
 1.480269e+00  2.529953e+01  6.618956e+01  1.080401e+02  2.065614e+02 
 1.500903e+00  2.484960e+01  6.512377e+01  1.061507e+02  2.031945e+02 
 1.521825e+00  2.441019e+01  6.412059e+01  1.044417e+02  1.994518e+02 
 1.543038e+00  2.397415e+01  6.303126e+01  1.027228e+02  1.960210e+02 
 1.564548e+00  2.359705e+01  6.198299e+01  1.009086e+02  1.922646e+02 
 1.586357e+00  2.319633e+01  6.100342e+01  9.918320e+01  1.886822e+02 
 1.608469e+00  2.277631e+01  5.998783e+01  9.747281e+01  1.853626e+02 
 1.630891e+00  2.245325e+01  5.887653e+01  9.555782e+01  1.815903e+02 
 1.653624e+00  2.203833e+01  5.787391e+01  9.396662e+01  1.784470e+02 
 1.676675e+00  2.165932e+01  5.697829e+01  9.235972e+01  1.748802e+02 
 1.700047e+00  2.128358e+01  5.600509e+01  9.066550e+01  1.715657e+02 
 1.723745e+00  2.093521e+01  5.500406e+01  8.899730e+01  1.680070e+02 
 1.747773e+00  2.055360e+01  5.401707e+01  8.731763e+01  1.646866e+02 
 1.772136e+00  2.020740e+01  5.307992e+01  8.567892e+01  1.615559e+02 
 1.796838e+00  1.987104e+01  5.213592e+01  8.409247e+01  1.582830e+02 
 1.821885e+00  1.955519e+01  5.120232e+01  8.247179e+01  1.551633e+02 
 1.847281e+00  1.921384e+01  5.037296e+01  8.101194e+01  1.520296e+02 
 1.873032e+00  1.889338e+01  4.943024e+01  7.934817e+01  1.489823e+02 
 1.899141e+00  1.856460e+01  4.850504e+01  7.787181e+01  1.459605e+02 
 1.925614e+00  1.826557e+01  4.766523e+01  7.640091e+01  1.428945e+02 
 1.952456e+00  1.800396e+01  4.685759e+01  7.496198e+01  1.399369e+02 
 1.979672e+00  1.766472e+01  4.603976e+01  7.353578e+01  1.370727e+02 
 2.007267e+00  1.739233e+01  4.519343e+01  7.202176e+01  1.342733e+02 
 2.035248e+00  1.707966e+01  4.433247e+01  7.058148e+01  1.313618e+02 
 2.063618e+00  1.679081e+01  4.349211e+01  6.917847e+01  1.285420e+02 
 2.092383e+00  1.651310e+01  4.268111e+01  6.776589e+01  1.258057e+02 
 2.121550e+00  1.622337e+01  4.186092e+01  6.639061e+01  1.230388e+02 
 2.151123e+00  1.595353e+01  4.107372e+01  6.500266e+01  1.203067e+02 
 2.181109e+00  1.567787e+01  4.026898e+01  6.367672e+01  1.177311e+02 
 2.211512e+00  1.541142e+01  3.946986e+01  6.230892e+01  1.150120e+02 
 2.242340e+00  1.515054e+01  3.873824e+01  6.103007e+01  1.124923e+02 
 2.273597e+00  1.487614e+01  3.797661e+01  5.969229e+01  1.099572e+02 
 2.305289e+00  1.463928e+01  3.722579e+01  5.845340e+01  1.075129e+02 
 2.337424e+00  1.438858e+01  3.647768e+01  5.719457e+01  1.051085e+02 
 2.370006e+00  1.413813e+01  3.575553e+01  5.598806e+01  1.027904e+02 
 2.403043e+00  1.388395e+01  3.505035e+01  5.475213e+01  1.004198e+02 
 2.436540e+00  1.365583e+01  3.436327e+01  5.358501e+01  9.812745e+01 
 2.470504e+00  1.342051e+01  3.367976e+01  5.240454e+01  9.586952e+01 
 2.504942e+00  1.319051e+01  3.301640e+01  5.128688e+01  9.369556e+01 
 2.539859e+00  1.297151e+01  3.233437e+01  5.013867e+01  9.149995e+01 
 2.575263e+00  1.273464e+01  3.165777e+01  4.906484e+01  8.941855e+01 
 2.611161e+00  1.252038e+01  3.100486e+01  4.793689e+01  8.732809e+01 
 2.647559e+00  1.230018e+01  3.035314e+01  4.683463e+01  8.523137e+01 
 2.684465e+00  1.208294e+01  2.973361e+01  4.577229e+01  8.320284e+01 
 2.721885e+00  1.185890e+01  2.907515e+01  4.472969e+01  8.122486e+01 
 2.759826e+00  1.164784e+01  2.844111e+01  4.368154e+01  7.927799e+01 
 2.798297e+00  1.143630e+01  2.783883e+01  4.268249e+01  7.741605e+01 
 2.837304e+00  1.123090e+01  2.723300e+01  4.168714e+01  7.554645e+01 
 2.876854e+00  1.102482e+01  2.663248e+01  4.070894e+01  7.373419e+01 
 2.916956e+00  1.082528e+01  2.605755e+01  3.975789e+01  7.191792e+01 
 2.957617e+00  1.063138e+01  2.549349e+01  3.883995e+01  7.019746e+01 
 2.998844e+00  1.043622e+01  2.493802e+01  3.792455e+01  6.849399e+01 
 3.040646e+00  1.024551e+01  2.438364e+01  3.702939e+01  6.687788e+01 
 3.083031e+00  1.005849e+01  2.384035e+01  3.615796e+01  6.526385e+01 
 3.126007e+00  9.877458e+00  2.332034e+01  3.530601e+01  6.366574e+01 
 3.169582e+00  9.693147e+00  2.278639e+01  3.445004e+01  6.212086e+01 
 3.213764e+00  9.512416e+00  2.227407e+01  3.362541e+01  6.060344e+01 
 3.258562e+00  9.330157e+00  2.177368e+01  3.281501e+01  5.911175e+01 
 3.303985e+00  9.152779e+00  2.126487e+01  3.201675e+01  5.765318e+01 
 3.350041e+00  8.978485e+00  2.076694e+01  3.122561e+01  5.621673e+01 
 3.396739e+00  8.802145e+00  2.028495e+01  3.046716e+01  5.480515e+01 
 3.444087e+00  8.633258e+00  1.980311e+01  2.969977e+01  5.342884e+01 
 3.492096e+00  8.465369e+00  1.934104e+01  2.897504e+01  5.211138e+01 
 3.540774e+00  8.294423e+00  1.888826e+01  2.826205e+01  5.080614e+01 
 3.590130e+00  8.132940e+00  1.843594e+01  2.755412e+01  4.954355e+01 
 3.640175e+00  7.974557e+00  1.800084e+01  2.687945e+01  4.830390e+01 
 3.690917e+00  7.813917e+00  1.757941e+01  2.620498e+01  4.709573e+01 
 3.742366e+00  7.658253e+00  1.715299e+01  2.555627e+01  4.593679e+01 
 3.794533e+00  7.507473e+00  1.675019e+01  2.492523e+01  4.479020e+01 
 3.847427e+00  7.356965e+00  1.634620e+01  2.430516e+01  4.368550e+01 
 3.901058e+00  7.205976e+00  1.595718e+01  2.370378e+01  4.259042e+01 
 3.955436e+00  7.063265e+00  1.557058e+01  2.310160e+01  4.151539e+01 
 4.010573e+00  6.915826e+00  1.519110e+01  2.252634e+01  4.047920e+01 
 4.066478e+00  6.772540e+00  1.481562e+01  2.195208e+01  3.944802e+01 
 4.123163e+00  6.629837e+00  1.445432e+01  2.139313e+01  3.844251e+01 
 4.180637e+00  6.491330e+00  1.409747e+01  2.084966e+01  3.745823e+01 
 4.238913e+00  6.353392e+00  1.374389e+01  2.031286e+01  3.650633e+01 
 4.298001e+00  6.215138e+00  1.340093e+01  1.979348e+01  3.556932e+01 
 4.357913e+00  6.084693e+00  1.306449e+01  1.928677e+01  3.466555e+01 
 4.418660e+00  5.952766e+00  1.274075e+01  1.879060e+01  3.378415e+01 
 4.480254e+00  5.822807e+00  1.241975e+01  1.830832e+01  3.292213e+01 
 4.542706e+00  5.697794e+00  1.210634e+01  1.783689e+01  3.208059e+01 
 4.606029e+00  5.573398e+00  1.180551e+01  1.738303e+01  3.127147e+01 
 4.670234e+00  5.451484e+00  1.150992e+01  1.694240e+01  3.048117e+01 
 4.735335e+00  5.332365e+00  1.122271e+01  1.650896e+01  2.970617e+01 
 4.801343e+00  5.217248e+00  1.094328e+01  1.608871e+01  2.895004e+01 
 4.868271e+00  5.101986e+00  1.066741e+01  1.567624e+01  2.821212e+01 
 4.936132e+00  4.988594e+00  1.039699e+01  1.527292e+01  2.749062e+01 
 5.004939e+00  4.876542e+00  1.013346e+01  1.487821e+01  2.678263e+01 
 5.074705e+00  4.765422e+00  9.874169e+00  1.449028e+01  2.609213e+01 
 5.145444e+00  4.657801e+00  9.620898e+00  1.411330e+01  2.541816e+01 
 5.217169e+00  4.550436e+00  9.372565e+00  1.374288e+01  2.475095e+01 
 5.289893e+00  4.446920e+00  9.131547e+00  1.338694e+01  2.411065e+01 
 5.363631e+00  4.343036e+00  8.895974e+00  1.303370e+01  2.348111e+01 
 5.438397e+00  4.242830e+00  8.665341e+00  1.269271e+01  2.286650e+01 
 5.514206e+00  4.144147e+00  8.441481e+00  1.236105e+01  2.227215e+01 
 5.591071e+00  4.046710e+00  8.224119e+00  1.203723e+01  2.169294e+01 
 5.669007e+00  3.953430e+00  8.011514e+00  1.172454e+01  2.113102e+01 
 5.748030e+00  3.861105e+00  7.805972e+00  1.141848e+01  2.058068e+01 
 5.828155e+00  3.770929e+00  7.605739e+00  1.112246e+01  2.004723e+01 
 5.909396e+00  3.682902e+00  7.410484e+00  1.083397e+01  1.952983e+01 
 5.991770e+00  3.596443e+00  7.219657e+00  1.055189e+01  1.902382e+01 
 6.075292e+00  3.512100e+00  7.034750e+00  1.027811e+01  1.852874e+01 
 6.159978e+00  3.429022e+00  6.853027e+00  1.001013e+01  1.804601e+01 
 6.245845e+00  3.347293e+00  6.675401e+00  9.747884e+00  1.757197e+01 
 6.332908e+00  3.266890e+00  6.500924e+00  9.490782e+00  1.710753e+01 
 6.421186e+00  3.188581e+00  6.331362e+00  9.239687e+00  1.665451e+01 
 6.510694e+00  3.111279e+00  6.165471e+00  8.995497e+00  1.621291e+01 
 6.601449e+00  3.036233e+00  6.004286e+00  8.757452e+00  1.578239e+01 
 6.693470e+00  2.962199e+00  5.846335e+00  8.524556e+00  1.536202e+01 
 6.786773e+00  2.890102e+00  5.693350e+00  8.298507e+00  1.495351e+01 
 6.881377e+00  2.820104e+00  5.544504e+00  8.078967e+00  1.455499e+01 
 6.977300e+00  2.751536e+00  5.400042e+00  7.866610e+00  1.416905e+01 
 7.074559e+00  2.685092e+00  5.259268e+00  7.658752e+00  1.379309e+01 
 7.173175e+00  2.619895e+00  5.122898e+00  7.457718e+00  1.342868e+01 
 7.273165e+00  2.556708e+00  4.990464e+00  7.263062e+00  1.307397e+01 
 7.374549e+00  2.494928e+00  4.861310e+00  7.072552e+00  1.272962e+01 
 7.477346e+00  2.434502e+00  4.736207e+00  6.888545e+00  1.239396e+01 
 7.581576e+00  2.375869e+00  4.613375e+00  6.707989e+00  1.206631e+01 
 7.687260e+00  2.318125e+00  4.493997e+00  6.531893e+00  1.174690e+01 
 7.794416e+00  2.261642e+00  4.377147e+00  6.359144e+00  1.143334e+01 
 7.903066e+00  2.206372e+00  4.262545e+00  6.190229e+00  1.112631e+01 
 8.013230e+00  2.152273e+00  4.151432e+00  6.026900e+00  1.082761e+01 
 8.124930e+00  2.099316e+00  4.042866e+00  5.866810e+00  1.053599e+01 
 8.238187e+00  2.047854e+00  3.936856e+00  5.710452e+00  1.025216e+01 
 8.353023e+00  1.997497e+00  3.833964e+00  5.558930e+00  9.975603e+00 
 8.469460e+00  1.948558e+00  3.733982e+00  5.411562e+00  9.706883e+00 
 8.587519e+00  1.900928e+00  3.636618e+00  5.268108e+00  9.445815e+00 
 8.707225e+00  1.854583e+00  3.541914e+00  5.128998e+00  9.192180e+00 
 8.828599e+00  1.809541e+00  3.450512e+00  4.993907e+00  8.945590e+00 
 8.951665e+00  1.765648e+00  3.361669e+00  4.862831e+00  8.706911e+00 
 9.076446e+00  1.723103e+00  3.275421e+00  4.735907e+00  8.475322e+00 
 9.202967e+00  1.681701e+00  3.191562e+00  4.612546e+00  8.249667e+00 
 9.331251e+00  1.641345e+00  3.109875e+00  4.492129e+00  8.030233e+00 
 9.461324e+00  0.000000e+00  0.000000e+00  0.000000e+00  0.000000e+00 
 9.593209e+00  0.000000e+00  0.000000e+00  0.000000e+00  0.000000e+00 
 9.726934e+00  0.000000e+00  0.000000e+00  0.000000e+00  0.000000e+00 
 9.862522e+00  0.000000e+00  0.000000e+00  0.000000e+00  0.000000e+00 
 1.000000e+01  0.000000e+00  0.000000e+00  0.000000e+00  0.000000e+00 
