 1.000000e-02  5.581479e+03  1.039968e+04  1.426234e+04  2.172169e+04 
 1.013939e-02  5.614081e+03  1.046033e+04  1.434538e+04  2.184777e+04 
 1.028073e-02  5.646244e+03  1.052015e+04  1.442730e+04  2.197213e+04 
 1.042404e-02  5.677949e+03  1.057912e+04  1.450803e+04  2.209465e+04 
 1.056935e-02  5.709181e+03  1.063719e+04  1.458754e+04  2.221530e+04 
 1.071668e-02  5.739921e+03  1.069436e+04  1.466579e+04  2.233400e+04 
 1.086606e-02  5.770145e+03  1.075054e+04  1.474270e+04  2.245066e+04 
 1.101753e-02  5.799838e+03  1.080574e+04  1.481823e+04  2.256521e+04 
 1.117111e-02  5.828974e+03  1.085989e+04  1.489234e+04  2.267757e+04 
 1.132683e-02  5.857538e+03  1.091297e+04  1.496497e+04  2.278765e+04 
 1.148472e-02  5.885496e+03  1.096491e+04  1.503604e+04  2.289533e+04 
 1.164481e-02  5.912830e+03  1.101569e+04  1.510550e+04  2.300055e+04 
 1.180713e-02  5.939516e+03  1.106525e+04  1.517328e+04  2.310322e+04 
 1.197171e-02  5.965548e+03  1.111359e+04  1.523938e+04  2.320329e+04 
 1.213859e-02  5.990888e+03  1.116063e+04  1.530370e+04  2.330063e+04 
 1.230780e-02  6.015519e+03  1.120635e+04  1.536619e+04  2.339516e+04 
 1.247936e-02  6.039412e+03  1.125069e+04  1.542679e+04  2.348678e+04 
 1.265332e-02  6.062552e+03  1.129361e+04  1.548544e+04  2.357543e+04 
 1.282970e-02  6.084914e+03  1.133508e+04  1.554209e+04  2.366102e+04 
 1.300854e-02  6.106477e+03  1.137506e+04  1.559669e+04  2.374346e+04 
 1.318987e-02  6.127221e+03  1.141350e+04  1.564918e+04  2.382265e+04 
 1.337373e-02  6.147120e+03  1.145036e+04  1.569950e+04  2.389853e+04 
 1.356015e-02  6.166155e+03  1.148562e+04  1.574760e+04  2.397100e+04 
 1.374917e-02  6.184306e+03  1.151921e+04  1.579342e+04  2.403998e+04 
 1.394083e-02  6.201537e+03  1.155109e+04  1.583689e+04  2.410535e+04 
 1.413516e-02  6.217834e+03  1.158122e+04  1.587794e+04  2.416703e+04 
 1.433219e-02  6.233166e+03  1.160955e+04  1.591652e+04  2.422493e+04 
 1.453198e-02  6.247514e+03  1.163604e+04  1.595257e+04  2.427893e+04 
 1.473454e-02  6.260844e+03  1.166063e+04  1.598602e+04  2.432895e+04 
 1.493993e-02  6.273138e+03  1.168329e+04  1.601680e+04  2.437489e+04 
 1.514819e-02  6.284448e+03  1.170412e+04  1.604509e+04  2.441704e+04 
 1.535935e-02  6.294711e+03  1.172301e+04  1.607072e+04  2.445511e+04 
 1.557345e-02  6.303875e+03  1.173985e+04  1.609350e+04  2.448885e+04 
 1.579053e-02  6.311909e+03  1.175458e+04  1.611341e+04  2.451818e+04 
 1.601064e-02  6.318799e+03  1.176717e+04  1.613037e+04  2.454301e+04 
 1.623382e-02  6.324514e+03  1.177757e+04  1.614433e+04  2.456322e+04 
 1.646012e-02  6.329046e+03  1.178575e+04  1.615525e+04  2.457880e+04 
 1.668956e-02  6.332371e+03  1.179170e+04  1.616307e+04  2.458964e+04 
 1.692220e-02  6.334474e+03  1.179535e+04  1.616775e+04  2.459570e+04 
 1.715809e-02  6.335334e+03  1.179668e+04  1.616925e+04  2.459687e+04 
 1.739726e-02  6.334931e+03  1.179566e+04  1.616752e+04  2.459309e+04 
 1.763977e-02  6.333243e+03  1.179223e+04  1.616248e+04  2.458427e+04 
 1.788566e-02  6.330247e+03  1.178637e+04  1.615409e+04  2.457034e+04 
 1.813498e-02  6.325923e+03  1.177803e+04  1.614230e+04  2.455120e+04 
 1.838777e-02  6.320255e+03  1.176717e+04  1.612707e+04  2.452680e+04 
 1.864409e-02  6.313224e+03  1.175378e+04  1.610832e+04  2.449706e+04 
 1.890397e-02  6.304818e+03  1.173781e+04  1.608607e+04  2.446194e+04 
 1.916748e-02  6.295016e+03  1.171925e+04  1.606024e+04  2.442136e+04 
 1.943467e-02  6.283812e+03  1.169807e+04  1.603082e+04  2.437529e+04 
 1.970558e-02  6.271189e+03  1.167424e+04  1.599777e+04  2.432367e+04 
 1.998026e-02  6.257142e+03  1.164775e+04  1.596107e+04  2.426648e+04 
 2.025878e-02  6.241665e+03  1.161860e+04  1.592069e+04  2.420370e+04 
 2.054117e-02  6.224752e+03  1.158676e+04  1.587665e+04  2.413529e+04 
 2.082751e-02  6.206399e+03  1.155224e+04  1.582892e+04  2.406126e+04 
 2.111783e-02  6.186607e+03  1.151505e+04  1.577751e+04  2.398161e+04 
 2.141220e-02  6.165475e+03  1.147531e+04  1.572257e+04  2.389647e+04 
 2.171068e-02  6.143521e+03  1.143379e+04  1.566492e+04  2.380650e+04 
 2.201331e-02  6.120129e+03  1.138958e+04  1.560358e+04  2.371089e+04 
 2.232016e-02  6.095297e+03  1.134268e+04  1.553856e+04  2.360965e+04 
 2.263130e-02  6.069013e+03  1.129308e+04  1.546982e+04  2.350275e+04 
 2.294676e-02  6.041288e+03  1.124079e+04  1.539739e+04  2.339020e+04 
 2.326663e-02  6.012124e+03  1.118582e+04  1.532128e+04  2.327205e+04 
 2.359095e-02  5.981532e+03  1.112819e+04  1.524153e+04  2.314833e+04 
 2.391980e-02  5.949516e+03  1.106790e+04  1.515813e+04  2.301906e+04 
 2.425323e-02  5.916087e+03  1.100499e+04  1.507111e+04  2.288429e+04 
 2.459130e-02  5.881269e+03  1.093949e+04  1.498055e+04  2.274411e+04 
 2.493409e-02  5.845089e+03  1.087144e+04  1.488651e+04  2.259864e+04 
 2.528166e-02  5.807564e+03  1.080090e+04  1.478904e+04  2.244795e+04 
 2.563407e-02  5.768725e+03  1.072790e+04  1.468822e+04  2.229217e+04 
 2.599140e-02  5.728610e+03  1.065253e+04  1.458414e+04  2.213142e+04 
 2.635371e-02  5.687257e+03  1.057486e+04  1.447691e+04  2.196589e+04 
 2.672106e-02  5.644719e+03  1.049499e+04  1.436665e+04  2.179578e+04 
 2.709354e-02  5.601033e+03  1.041297e+04  1.425347e+04  2.162122e+04 
 2.747121e-02  5.556230e+03  1.032888e+04  1.413745e+04  2.144235e+04 
 2.785414e-02  5.510264e+03  1.024265e+04  1.401851e+04  2.125912e+04 
 2.824241e-02  5.462881e+03  1.015390e+04  1.389626e+04  2.107115e+04 
 2.863610e-02  5.414467e+03  1.006324e+04  1.377138e+04  2.087922e+04 
 2.903527e-02  5.365061e+03  9.970736e+03  1.364398e+04  2.068347e+04 
 2.944000e-02  5.314701e+03  9.876459e+03  1.351416e+04  2.048408e+04 
 2.985038e-02  5.263435e+03  9.780503e+03  1.338205e+04  2.028122e+04 
 3.026648e-02  5.211317e+03  9.682964e+03  1.324776e+04  2.007511e+04 
 3.068838e-02  5.158403e+03  9.583948e+03  1.311148e+04  1.986597e+04 
 3.111616e-02  5.104755e+03  9.483575e+03  1.297334e+04  1.965406e+04 
 3.154990e-02  5.050442e+03  9.381977e+03  1.283353e+04  1.943963e+04 
 3.198969e-02  4.995541e+03  9.279287e+03  1.269222e+04  1.922299e+04 
 3.243561e-02  4.940135e+03  9.175661e+03  1.254966e+04  1.900446e+04 
 3.288774e-02  4.884310e+03  9.071267e+03  1.240604e+04  1.878438e+04 
 3.334618e-02  4.828170e+03  8.966290e+03  1.226164e+04  1.856314e+04 
 3.381101e-02  4.771816e+03  8.860920e+03  1.211670e+04  1.834112e+04 
 3.428231e-02  4.715324e+03  8.755300e+03  1.197145e+04  1.811864e+04 
 3.476019e-02  4.658633e+03  8.649642e+03  1.182650e+04  1.789784e+04 
 3.524473e-02  4.601899e+03  8.543920e+03  1.168149e+04  1.767698e+04 
 3.573602e-02  4.545175e+03  8.438220e+03  1.153651e+04  1.745623e+04 
 3.623416e-02  4.488515e+03  8.332636e+03  1.139171e+04  1.723575e+04 
 3.673925e-02  4.431975e+03  8.227284e+03  1.124723e+04  1.701580e+04 
 3.725137e-02  4.375619e+03  8.122281e+03  1.110324e+04  1.679664e+04 
 3.777064e-02  4.319505e+03  8.017737e+03  1.095988e+04  1.657848e+04 
 3.829714e-02  4.263712e+03  7.913791e+03  1.081735e+04  1.636162e+04 
 3.883098e-02  4.208309e+03  7.810577e+03  1.067583e+04  1.614633e+04 
 3.937226e-02  4.153373e+03  7.708237e+03  1.053551e+04  1.593291e+04 
 3.992109e-02  4.098981e+03  7.606917e+03  1.039661e+04  1.572166e+04 
 4.047757e-02  4.045218e+03  7.506735e+03  1.025923e+04  1.551265e+04 
 4.104181e-02  3.991980e+03  7.406926e+03  1.012168e+04  1.530145e+04 
 4.161391e-02  3.939570e+03  7.308668e+03  9.986270e+03  1.509355e+04 
 4.219398e-02  3.888084e+03  7.212130e+03  9.853232e+03  1.488929e+04 
 4.278214e-02  3.837573e+03  7.117413e+03  9.722696e+03  1.468888e+04 
 4.337850e-02  3.788068e+03  7.024576e+03  9.594741e+03  1.449240e+04 
 4.398317e-02  3.739593e+03  6.933663e+03  9.469425e+03  1.429999e+04 
 4.459628e-02  3.692173e+03  6.844717e+03  9.346816e+03  1.411172e+04 
 4.521792e-02  3.645836e+03  6.757792e+03  9.226988e+03  1.392767e+04 
 4.584824e-02  3.600605e+03  6.672931e+03  9.109988e+03  1.374798e+04 
 4.648734e-02  3.556504e+03  6.590173e+03  8.995879e+03  1.357268e+04 
 4.713535e-02  3.513695e+03  6.510632e+03  8.887044e+03  1.340780e+04 
 4.779239e-02  3.472140e+03  6.433908e+03  8.782580e+03  1.325099e+04 
 4.845859e-02  3.431776e+03  6.359386e+03  8.681124e+03  1.309870e+04 
 4.913407e-02  3.392609e+03  6.287080e+03  8.582690e+03  1.295097e+04 
 4.981898e-02  3.354638e+03  6.216983e+03  8.487271e+03  1.280779e+04 
 5.051342e-02  3.317839e+03  6.149060e+03  8.394818e+03  1.266907e+04 
 5.121755e-02  3.282184e+03  6.083256e+03  8.305253e+03  1.253470e+04 
 5.193150e-02  3.247641e+03  6.019509e+03  8.218496e+03  1.240457e+04 
 5.265540e-02  3.214176e+03  5.957755e+03  8.134459e+03  1.227853e+04 
 5.338938e-02  3.181489e+03  5.896947e+03  8.051192e+03  1.215221e+04 
 5.413360e-02  3.149478e+03  5.836802e+03  7.968210e+03  1.202460e+04 
 5.488820e-02  3.118384e+03  5.778359e+03  7.887554e+03  1.190053e+04 
 5.565331e-02  3.088148e+03  5.721516e+03  7.809090e+03  1.177976e+04 
 5.642908e-02  3.058680e+03  5.666096e+03  7.732568e+03  1.166192e+04 
 5.721568e-02  3.029886e+03  5.611918e+03  7.657742e+03  1.154662e+04 
 5.801323e-02  3.001648e+03  5.558783e+03  7.584342e+03  1.143350e+04 
 5.882190e-02  2.973925e+03  5.506623e+03  7.512297e+03  1.132248e+04 
 5.964185e-02  2.946777e+03  5.455893e+03  7.442599e+03  1.121606e+04 
 6.047322e-02  2.920405e+03  5.407574e+03  7.377208e+03  1.111901e+04 
 6.131619e-02  2.894174e+03  5.359508e+03  7.312148e+03  1.102241e+04 
 6.217090e-02  2.867884e+03  5.311311e+03  7.246893e+03  1.092545e+04 
 6.303753e-02  2.841490e+03  5.262902e+03  7.181327e+03  1.082795e+04 
 6.391624e-02  2.814833e+03  5.213998e+03  7.115074e+03  1.072939e+04 
 6.480720e-02  2.787825e+03  5.164445e+03  7.047936e+03  1.062952e+04 
 6.571058e-02  2.760290e+03  5.113929e+03  6.979490e+03  1.052770e+04 
 6.662655e-02  2.730868e+03  5.057860e+03  6.901254e+03  1.040482e+04 
 6.755528e-02  2.700647e+03  5.000261e+03  6.820880e+03  1.027859e+04 
 6.849697e-02  2.669564e+03  4.941084e+03  6.738370e+03  1.014920e+04 
 6.945178e-02  2.637513e+03  4.880137e+03  6.653470e+03  1.001629e+04 
 7.041990e-02  2.604399e+03  4.817247e+03  6.565950e+03  9.879519e+03 
 7.140151e-02  2.570147e+03  4.752275e+03  6.475621e+03  9.738626e+03 
 7.239681e-02  2.534961e+03  4.685897e+03  6.383760e+03  9.596726e+03 
 7.340598e-02  2.498848e+03  4.618175e+03  6.290520e+03  9.454289e+03 
 7.442922e-02  2.461441e+03  4.548083e+03  6.194082e+03  9.307129e+03 
 7.546673e-02  2.422709e+03  4.475570e+03  6.094384e+03  9.155171e+03 
 7.651869e-02  2.382671e+03  4.400677e+03  5.991472e+03  8.998479e+03 
 7.758532e-02  2.341359e+03  4.323463e+03  5.885434e+03  8.837196e+03 
 7.866682e-02  2.299723e+03  4.246932e+03  5.781609e+03  8.682563e+03 
 7.976339e-02  2.258402e+03  4.173030e+03  5.683420e+03  8.541687e+03 
 8.087525e-02  2.215973e+03  4.097034e+03  5.582331e+03  8.396350e+03 
 8.200261e-02  2.172547e+03  4.019143e+03  5.478617e+03  8.246952e+03 
 8.314568e-02  2.128268e+03  3.939622e+03  5.372626e+03  8.094004e+03 
 8.430468e-02  2.083296e+03  3.858757e+03  5.264746e+03  7.938072e+03 
 8.547985e-02  2.037002e+03  3.774108e+03  5.150411e+03  7.769268e+03 
 8.667139e-02  1.990035e+03  3.687588e+03  5.032924e+03  7.594239e+03 
 8.787954e-02  1.942997e+03  3.600929e+03  4.915240e+03  7.418885e+03 
 8.910453e-02  1.896105e+03  3.514533e+03  4.797904e+03  7.244023e+03 
 9.034660e-02  1.849587e+03  3.428816e+03  4.681484e+03  7.070500e+03 
 9.160598e-02  1.804442e+03  3.346712e+03  4.570993e+03  6.908296e+03 
 9.288292e-02  1.760805e+03  3.268336e+03  4.466461e+03  6.757158e+03 
 9.417766e-02  1.718154e+03  3.191693e+03  4.364208e+03  6.609227e+03 
 9.549045e-02  1.676702e+03  3.117180e+03  4.264774e+03  6.465321e+03 
 9.682153e-02  1.636645e+03  3.045162e+03  4.168661e+03  6.326198e+03 
 9.817117e-02  1.598500e+03  2.977101e+03  4.078353e+03  6.196800e+03 
 9.953962e-02  1.562195e+03  2.912540e+03  3.992908e+03  6.074936e+03 
 1.009272e-01  1.527743e+03  2.851315e+03  3.911925e+03  5.959558e+03 
 1.023340e-01  1.495249e+03  2.793625e+03  3.835680e+03  5.851107e+03 
 1.037605e-01  1.464087e+03  2.737464e+03  3.760655e+03  5.742443e+03 
 1.052069e-01  1.432410e+03  2.677072e+03  3.676825e+03  5.613373e+03 
 1.066734e-01  1.402893e+03  2.620727e+03  3.598562e+03  5.492777e+03 
 1.081604e-01  1.375502e+03  2.568362e+03  3.525768e+03  5.380507e+03 
 1.096681e-01  1.350165e+03  2.519840e+03  3.458259e+03  5.276282e+03 
 1.111968e-01  1.326984e+03  2.475660e+03  3.396813e+03  5.180861e+03 
 1.127468e-01  1.305595e+03  2.434835e+03  3.339976e+03  5.092432e+03 
 1.143184e-01  1.285807e+03  2.396994e+03  3.287234e+03  5.010234e+03 
 1.159120e-01  1.267415e+03  2.361756e+03  3.238065e+03  4.933469e+03 
 1.175277e-01  1.250995e+03  2.331059e+03  3.195839e+03  4.868712e+03 
 1.191660e-01  1.235522e+03  2.302196e+03  3.156183e+03  4.807972e+03 
 1.208271e-01  1.220649e+03  2.274447e+03  3.118055e+03  4.749553e+03 
 1.225114e-01  1.206031e+03  2.247137e+03  3.080525e+03  4.692093e+03 
 1.242191e-01  1.190950e+03  2.218626e+03  3.041264e+03  4.632442e+03 
 1.259506e-01  1.175591e+03  2.189613e+03  3.001327e+03  4.571777e+03 
 1.277063e-01  1.159681e+03  2.159587e+03  2.960020e+03  4.509051e+03 
 1.294865e-01  1.143287e+03  2.128858e+03  2.917779e+03  4.444553e+03 
 1.312915e-01  1.126254e+03  2.097169e+03  2.874255e+03  4.377693e+03 
 1.331216e-01  1.108019e+03  2.063260e+03  2.827714e+03  4.306302e+03 
 1.349772e-01  1.088493e+03  2.027023e+03  2.778060e+03  4.230398e+03 
 1.368587e-01  1.068883e+03  1.992818e+03  2.733684e+03  4.169753e+03 
 1.387665e-01  1.047864e+03  1.955948e+03  2.685613e+03  4.103338e+03 
 1.407008e-01  1.025499e+03  1.916522e+03  2.633979e+03  4.031325e+03 
 1.426621e-01  1.002928e+03  1.877165e+03  2.582385e+03  3.958098e+03 
 1.446507e-01  9.796243e+02  1.836510e+03  2.528931e+03  3.881490e+03 
 1.466671e-01  9.554756e+02  1.794170e+03  2.473074e+03  3.801009e+03 
 1.487115e-01  9.287648e+02  1.745085e+03  2.406631e+03  3.702372e+03 
 1.507845e-01  9.005470e+02  1.691892e+03  2.333663e+03  3.592405e+03 
 1.528864e-01  8.725842e+02  1.639197e+03  2.261366e+03  3.483359e+03 
 1.550175e-01  8.473215e+02  1.593838e+03  2.200963e+03  3.396087e+03 
 1.571784e-01  8.243529e+02  1.554269e+03  2.149697e+03  3.325107e+03 
 1.593694e-01  8.024186e+02  1.516469e+03  2.100706e+03  3.257234e+03 
 1.615909e-01  7.823704e+02  1.482473e+03  2.057016e+03  3.197223e+03 
 1.638434e-01  7.640533e+02  1.451748e+03  2.017777e+03  3.143762e+03 
 1.661273e-01  7.473467e+02  1.423894e+03  1.982365e+03  3.095909e+03 
 1.684430e-01  7.288172e+02  1.389396e+03  1.935547e+03  3.026894e+03 
 1.707910e-01  7.116511e+02  1.357068e+03  1.891436e+03  2.961556e+03 
 1.731717e-01  6.967284e+02  1.329345e+03  1.853855e+03  2.906238e+03 
 1.755856e-01  6.854138e+02  1.309957e+03  1.828512e+03  2.869743e+03 
 1.780332e-01  6.753984e+02  1.292988e+03  1.806498e+03  2.838397e+03 
 1.805149e-01  6.644452e+02  1.271698e+03  1.776284e+03  2.789812e+03 
 1.830312e-01  6.530895e+02  1.248140e+03  1.741615e+03  2.731655e+03 
 1.855825e-01  6.422706e+02  1.225890e+03  1.709116e+03  2.677746e+03 
 1.881694e-01  6.320544e+02  1.206436e+03  1.682500e+03  2.637943e+03 
 1.907924e-01  6.216268e+02  1.186580e+03  1.655318e+03  2.597236e+03 
 1.934520e-01  6.101134e+02  1.164414e+03  1.624979e+03  2.552760e+03 
 1.961486e-01  5.976656e+02  1.140411e+03  1.592105e+03  2.504680e+03 
 1.988828e-01  5.856790e+02  1.118218e+03  1.562118e+03  2.460927e+03 
 2.016551e-01  5.746791e+02  1.099229e+03  1.537105e+03  2.424689e+03 
 2.044661e-01  5.625152e+02  1.077747e+03  1.508397e+03  2.382253e+03 
 2.073162e-01  5.485992e+02  1.051428e+03  1.471735e+03  2.325355e+03 
 2.102061e-01  5.339993e+02  1.023790e+03  1.433222e+03  2.265469e+03 
 2.131362e-01  5.232951e+02  1.008556e+03  1.415649e+03  2.243664e+03 
 2.161073e-01  5.125558e+02  9.933031e+02  1.398089e+03  2.221883e+03 
 2.191197e-01  4.986514e+02  9.693852e+02  1.367369e+03  2.180758e+03 
 2.221741e-01  4.844758e+02  9.442569e+02  1.334610e+03  2.136433e+03 
 2.252711e-01  4.715758e+02  9.220942e+02  1.306290e+03  2.098643e+03 
 2.284112e-01  4.597704e+02  9.021202e+02  1.281044e+03  2.065373e+03 
 2.315951e-01  4.493914e+02  8.837731e+02  1.256322e+03  2.027609e+03 
 2.348235e-01  4.402775e+02  8.674643e+02  1.233861e+03  1.991645e+03 
 2.380968e-01  4.298655e+02  8.469625e+02  1.204898e+03  1.946466e+03 
 2.414157e-01  4.198988e+02  8.269202e+02  1.176450e+03  1.902423e+03 
 2.447809e-01  4.101604e+02  8.076948e+02  1.149653e+03  1.861089e+03 
 2.481930e-01  4.011060e+02  7.899019e+02  1.124940e+03  1.823050e+03 
 2.516527e-01  3.958613e+02  7.809654e+02  1.112830e+03  1.804092e+03 
 2.551606e-01  3.896580e+02  7.696533e+02  1.097287e+03  1.780231e+03 
 2.587174e-01  3.800774e+02  7.501863e+02  1.069997e+03  1.739480e+03 
 2.623238e-01  3.720573e+02  7.351199e+02  1.049509e+03  1.709574e+03 
 2.659804e-01  3.656757e+02  7.247229e+02  1.036252e+03  1.691192e+03 
 2.696881e-01  3.569650e+02  7.087480e+02  1.014702e+03  1.658728e+03 
 2.734474e-01  3.473359e+02  6.907039e+02  9.901232e+02  1.621230e+03 
 2.772591e-01  3.400399e+02  6.789393e+02  9.757028e+02  1.603353e+03 
 2.811239e-01  3.321037e+02  6.652404e+02  9.583458e+02  1.581888e+03 
 2.850426e-01  3.235940e+02  6.495318e+02  9.379254e+02  1.557198e+03 
 2.890160e-01  3.157396e+02  6.362008e+02  9.207419e+02  1.532550e+03 
 2.930447e-01  3.083723e+02  6.234395e+02  9.035717e+02  1.505458e+03 
 2.971296e-01  3.013729e+02  6.095626e+02  8.825747e+02  1.468511e+03 
 3.012714e-01  2.950021e+02  5.983511e+02  8.675514e+02  1.445798e+03 
 3.054710e-01  2.888632e+02  5.879007e+02  8.543685e+02  1.428052e+03 
 3.097291e-01  2.816760e+02  5.743903e+02  8.364274e+02  1.403289e+03 
 3.140465e-01  2.753113e+02  5.613002e+02  8.173389e+02  1.371298e+03 
 3.184242e-01  2.697944e+02  5.500923e+02  8.009401e+02  1.343600e+03 
 3.228628e-01  2.655431e+02  5.430418e+02  7.921263e+02  1.333094e+03 
 3.273634e-01  2.594566e+02  5.306368e+02  7.741540e+02  1.303948e+03 
 3.319266e-01  2.531082e+02  5.182041e+02  7.568955e+02  1.277857e+03 
 3.365535e-01  2.470395e+02  5.073764e+02  7.430324e+02  1.259649e+03 
 3.412449e-01  2.428369e+02  5.019511e+02  7.367176e+02  1.249533e+03 
 3.460016e-01  2.380729e+02  4.942037e+02  7.267247e+02  1.235352e+03 
 3.508247e-01  2.332781e+02  4.855958e+02  7.151616e+02  1.218295e+03 
 3.557150e-01  2.285540e+02  4.767184e+02  7.030342e+02  1.199587e+03 
 3.606735e-01  2.230721e+02  4.667943e+02  6.898451e+02  1.180630e+03 
 3.657011e-01  2.165053e+02  4.541645e+02  6.723986e+02  1.155891e+03 
 3.707988e-01  2.112787e+02  4.439734e+02  6.583416e+02  1.134664e+03 
 3.759675e-01  2.065965e+02  4.348727e+02  6.457318e+02  1.115504e+03 
 3.812083e-01  2.018544e+02  4.261378e+02  6.338084e+02  1.097825e+03 
 3.865221e-01  1.979039e+02  4.201734e+02  6.267423e+02  1.085787e+03 
 3.919100e-01  1.939860e+02  4.109787e+02  6.126138e+02  1.066226e+03 
 3.973730e-01  1.895123e+02  4.035495e+02  6.033911e+02  1.051590e+03 
 4.029122e-01  1.859319e+02  3.979559e+02  5.956405e+02  1.037056e+03 
 4.085286e-01  1.822917e+02  3.900510e+02  5.842138e+02  1.020510e+03 
 4.142232e-01  1.777952e+02  3.807578e+02  5.718241e+02  1.005039e+03 
 4.199973e-01  1.733412e+02  3.729680e+02  5.618753e+02  9.903070e+02 
 4.258518e-01  1.697293e+02  3.661413e+02  5.520532e+02  9.729123e+02 
 4.317880e-01  1.658789e+02  3.584672e+02  5.405849e+02  9.550202e+02 
 4.378069e-01  1.625460e+02  3.517699e+02  5.309902e+02  9.389410e+02 
 4.439097e-01  1.597777e+02  3.473945e+02  5.256771e+02  9.339998e+02 
 4.500975e-01  1.554944e+02  3.392856e+02  5.144708e+02  9.170790e+02 
 4.563716e-01  1.519509e+02  3.319260e+02  5.036881e+02  8.973929e+02 
 4.627332e-01  1.497030e+02  3.288628e+02  5.005082e+02  8.947594e+02 
 4.691835e-01  1.459995e+02  3.213929e+02  4.896078e+02  8.759908e+02 
 4.757236e-01  1.433092e+02  3.161179e+02  4.824150e+02  8.650537e+02 
 4.823549e-01  1.396152e+02  3.084350e+02  4.715024e+02  8.502916e+02 
 4.890787e-01  1.366810e+02  3.026415e+02  4.635478e+02  8.374565e+02 
 4.958962e-01  1.344343e+02  2.982327e+02  4.566301e+02  8.244566e+02 
 5.028087e-01  1.314107e+02  2.928972e+02  4.493233e+02  8.136099e+02 
 5.098176e-01  1.289748e+02  2.883704e+02  4.426807e+02  8.001640e+02 
 5.169242e-01  1.267743e+02  2.841847e+02  4.370265e+02  7.925727e+02 
 5.241298e-01  1.226937e+02  2.770696e+02  4.281532e+02  7.816194e+02 
 5.314359e-01  1.205759e+02  2.737529e+02  4.236038e+02  7.741886e+02 
 5.388438e-01  1.181177e+02  2.681777e+02  4.151629e+02  7.611288e+02 
 5.463550e-01  1.160543e+02  2.640510e+02  4.089207e+02  7.505288e+02 
 5.539709e-01  1.129857e+02  2.585726e+02  4.018742e+02  7.392220e+02 
 5.616930e-01  1.109879e+02  2.546245e+02  3.961843e+02  7.304032e+02 
 5.695227e-01  1.087851e+02  2.509604e+02  3.916189e+02  7.205923e+02 
 5.774615e-01  1.063517e+02  2.452410e+02  3.830372e+02  7.081889e+02 
 5.855110e-01  1.044619e+02  2.416696e+02  3.774040e+02  6.984986e+02 
 5.936727e-01  1.020921e+02  2.361187e+02  3.696980e+02  6.867296e+02 
 6.019482e-01  1.003846e+02  2.335196e+02  3.653842e+02  6.786069e+02 
 6.103390e-01  9.803000e+01  2.294251e+02  3.599686e+02  6.688328e+02 
 6.188468e-01  9.586256e+01  2.257376e+02  3.566636e+02  6.663642e+02 
 6.274732e-01  9.429661e+01  2.217113e+02  3.496373e+02  6.547032e+02 
 6.362198e-01  9.240772e+01  2.183433e+02  3.445227e+02  6.444505e+02 
 6.450884e-01  9.025528e+01  2.144264e+02  3.391016e+02  6.350379e+02 
 6.540806e-01  8.841738e+01  2.099611e+02  3.322465e+02  6.249417e+02 
 6.631981e-01  8.648001e+01  2.069225e+02  3.289611e+02  6.188463e+02 
 6.724427e-01  8.486633e+01  2.033461e+02  3.239072e+02  6.126192e+02 
 6.818162e-01  8.306075e+01  1.998032e+02  3.175425e+02  6.006525e+02 
 6.913204e-01  8.130268e+01  1.961963e+02  3.128861e+02  5.924967e+02 
 7.009570e-01  8.016716e+01  1.933683e+02  3.086763e+02  5.849391e+02 
 7.107280e-01  7.812464e+01  1.900883e+02  3.040121e+02  5.757727e+02 
 7.206351e-01  7.693538e+01  1.872626e+02  3.001360e+02  5.709125e+02 
 7.306804e-01  7.537427e+01  1.844189e+02  2.954431e+02  5.610091e+02 
 7.408657e-01  7.372124e+01  1.808407e+02  2.902149e+02  5.535073e+02 
 7.511929e-01  7.216301e+01  1.775785e+02  2.859266e+02  5.460769e+02 
 7.616642e-01  7.078282e+01  1.744432e+02  2.814526e+02  5.389323e+02 
 7.722814e-01  6.983598e+01  1.726548e+02  2.782713e+02  5.311403e+02 
 7.830465e-01  6.838246e+01  1.693899e+02  2.736578e+02  5.240842e+02 
 7.939618e-01  6.710152e+01  1.671636e+02  2.700709e+02  5.189326e+02 
 8.050292e-01  6.563262e+01  1.640982e+02  2.663655e+02  5.119423e+02 
 8.162509e-01  6.449193e+01  1.617185e+02  2.619134e+02  5.029388e+02 
 8.276289e-01  6.292948e+01  1.585315e+02  2.577259e+02  4.964545e+02 
 8.391656e-01  6.214278e+01  1.567198e+02  2.542292e+02  4.911294e+02 
 8.508632e-01  6.102437e+01  1.540236e+02  2.506720e+02  4.843300e+02 
 8.627237e-01  5.967862e+01  1.515949e+02  2.469611e+02  4.765747e+02 
 8.747496e-01  5.859023e+01  1.490660e+02  2.433011e+02  4.702561e+02 
 8.869432e-01  5.756909e+01  1.469152e+02  2.399695e+02  4.639947e+02 
 8.993067e-01  5.641828e+01  1.445863e+02  2.363332e+02  4.573095e+02 
 9.118425e-01  5.552840e+01  1.421544e+02  2.323982e+02  4.491665e+02 
 9.245531e-01  5.432088e+01  1.397442e+02  2.287098e+02  4.440240e+02 
 9.374409e-01  5.329159e+01  1.376104e+02  2.257438e+02  4.379854e+02 
 9.505083e-01  5.239961e+01  1.354745e+02  2.224872e+02  4.316327e+02 
 9.637579e-01  5.128956e+01  1.328582e+02  2.185402e+02  4.253263e+02 
 9.771921e-01  5.061137e+01  1.320580e+02  2.164381e+02  4.195105e+02 
 9.908137e-01  4.963512e+01  1.296177e+02  2.129879e+02  4.140837e+02 
 1.004625e+00  4.869283e+01  1.272492e+02  2.092811e+02  4.068005e+02 
 1.018629e+00  4.787213e+01  1.254779e+02  2.063767e+02  4.008881e+02 
 1.032828e+00  4.696551e+01  1.235091e+02  2.036291e+02  3.966559e+02 
 1.047225e+00  4.605547e+01  1.217524e+02  2.004032e+02  3.897219e+02 
 1.061823e+00  4.533519e+01  1.201031e+02  1.976424e+02  3.838874e+02 
 1.076624e+00  4.449372e+01  1.181723e+02  1.946323e+02  3.780115e+02 
 1.091632e+00  4.373195e+01  1.162948e+02  1.918475e+02  3.721938e+02 
 1.106848e+00  4.289374e+01  1.142824e+02  1.888734e+02  3.668753e+02 
 1.122277e+00  4.212926e+01  1.126641e+02  1.858115e+02  3.607683e+02 
 1.137921e+00  4.136318e+01  1.107402e+02  1.829422e+02  3.552217e+02 
 1.153783e+00  4.069637e+01  1.090123e+02  1.801143e+02  3.500561e+02 
 1.169866e+00  3.995987e+01  1.073705e+02  1.773300e+02  3.448392e+02 
 1.186174e+00  3.922461e+01  1.057821e+02  1.746801e+02  3.392292e+02 
 1.202708e+00  3.858327e+01  1.041114e+02  1.720286e+02  3.337793e+02 
 1.219473e+00  3.792554e+01  1.025598e+02  1.694947e+02  3.281864e+02 
 1.236472e+00  3.724654e+01  1.009831e+02  1.669964e+02  3.232170e+02 
 1.253708e+00  3.662344e+01  9.934206e+01  1.642409e+02  3.183407e+02 
 1.271184e+00  3.600201e+01  9.817033e+01  1.621456e+02  3.130485e+02 
 1.288904e+00  3.538061e+01  9.628834e+01  1.592243e+02  3.084381e+02 
 1.306870e+00  3.473288e+01  9.477803e+01  1.567411e+02  3.031800e+02 
 1.325087e+00  3.419756e+01  9.336668e+01  1.543176e+02  2.978458e+02 
 1.343558e+00  3.361120e+01  9.188127e+01  1.518192e+02  2.928791e+02 
 1.362287e+00  3.307936e+01  9.038185e+01  1.492032e+02  2.879886e+02 
 1.381276e+00  3.250109e+01  8.895455e+01  1.465926e+02  2.831362e+02 
 1.400531e+00  3.196751e+01  8.754610e+01  1.443053e+02  2.778980e+02 
 1.420053e+00  3.139489e+01  8.605942e+01  1.420149e+02  2.730815e+02 
 1.439848e+00  3.087865e+01  8.475824e+01  1.395163e+02  2.684070e+02 
 1.459919e+00  3.031499e+01  8.334094e+01  1.371755e+02  2.633880e+02 
 1.480269e+00  2.987244e+01  8.186383e+01  1.347677e+02  2.583212e+02 
 1.500903e+00  2.935470e+01  8.056209e+01  1.324082e+02  2.541802e+02 
 1.521825e+00  2.885048e+01  7.935418e+01  1.302976e+02  2.494719e+02 
 1.543038e+00  2.835018e+01  7.801642e+01  1.281709e+02  2.451614e+02 
 1.564548e+00  2.792130e+01  7.673279e+01  1.259040e+02  2.405096e+02 
 1.586357e+00  2.746038e+01  7.555454e+01  1.237842e+02  2.359927e+02 
 1.608469e+00  2.698009e+01  7.432529e+01  1.216702e+02  2.318759e+02 
 1.630891e+00  2.661766e+01  7.296192e+01  1.193378e+02  2.272366e+02 
 1.653624e+00  2.613501e+01  7.173246e+01  1.173596e+02  2.232817e+02 
 1.676675e+00  2.570043e+01  7.065577e+01  1.153587e+02  2.188512e+02 
 1.700047e+00  2.526322e+01  6.944709e+01  1.132362e+02  2.146765e+02 
 1.723745e+00  2.485595e+01  6.822867e+01  1.111539e+02  2.102446e+02 
 1.747773e+00  2.441782e+01  6.701182e+01  1.090640e+02  2.061621e+02 
 1.772136e+00  2.401403e+01  6.583805e+01  1.070241e+02  2.022607e+02 
 1.796838e+00  2.362453e+01  6.467352e+01  1.050675e+02  1.981720e+02 
 1.821885e+00  2.325069e+01  6.352169e+01  1.030387e+02  1.942358e+02 
 1.847281e+00  2.286372e+01  6.250360e+01  1.011920e+02  1.903368e+02 
 1.873032e+00  2.248497e+01  6.131981e+01  9.910761e+01  1.865361e+02 
 1.899141e+00  2.209906e+01  6.017953e+01  9.727249e+01  1.827789e+02 
 1.925614e+00  2.174692e+01  5.913318e+01  9.543429e+01  1.789604e+02 
 1.952456e+00  2.144426e+01  5.812526e+01  9.361828e+01  1.752633e+02 
 1.979672e+00  2.104414e+01  5.710916e+01  9.184043e+01  1.716930e+02 
 2.007267e+00  2.072846e+01  5.605489e+01  8.991165e+01  1.682048e+02 
 2.035248e+00  2.035545e+01  5.498152e+01  8.812390e+01  1.646208e+02 
 2.063618e+00  2.001827e+01  5.393509e+01  8.639705e+01  1.610924e+02 
 2.092383e+00  1.969091e+01  5.293390e+01  8.462102e+01  1.577033e+02 
 2.121550e+00  1.935108e+01  5.190605e+01  8.290199e+01  1.542184e+02 
 2.151123e+00  1.903299e+01  5.091765e+01  8.116055e+01  1.508356e+02 
 2.181109e+00  1.870744e+01  4.991960e+01  7.950163e+01  1.476423e+02 
 2.211512e+00  1.839115e+01  4.891513e+01  7.778371e+01  1.442045e+02 
 2.242340e+00  1.808133e+01  4.799758e+01  7.616660e+01  1.410837e+02 
 2.273597e+00  1.775431e+01  4.703453e+01  7.447778e+01  1.379509e+02 
 2.305289e+00  1.747511e+01  4.610154e+01  7.292276e+01  1.348985e+02 
 2.337424e+00  1.717164e+01  4.515872e+01  7.133657e+01  1.319055e+02 
 2.370006e+00  1.687503e+01  4.425286e+01  6.982906e+01  1.289926e+02 
 2.403043e+00  1.657218e+01  4.336186e+01  6.827413e+01  1.260388e+02 
 2.436540e+00  1.629898e+01  4.249453e+01  6.680092e+01  1.231812e+02 
 2.470504e+00  1.601672e+01  4.164022e+01  6.531107e+01  1.203756e+02 
 2.504942e+00  1.574079e+01  4.080459e+01  6.389789e+01  1.176466e+02 
 2.539859e+00  1.547806e+01  3.995022e+01  6.246085e+01  1.149319e+02 
 2.575263e+00  1.519532e+01  3.910608e+01  6.111170e+01  1.123271e+02 
 2.611161e+00  1.493984e+01  3.827911e+01  5.969655e+01  1.097237e+02 
 2.647559e+00  1.467608e+01  3.746144e+01  5.831392e+01  1.071149e+02 
 2.684465e+00  1.441888e+01  3.668384e+01  5.697327e+01  1.045846e+02 
 2.721885e+00  1.414886e+01  3.585971e+01  5.566529e+01  1.021010e+02 
 2.759826e+00  1.389512e+01  3.505623e+01  5.435256e+01  9.968247e+01 
 2.798297e+00  1.364016e+01  3.430685e+01  5.308926e+01  9.734364e+01 
 2.837304e+00  1.339211e+01  3.354132e+01  5.183790e+01  9.498540e+01 
 2.876854e+00  1.314374e+01  3.278711e+01  5.060160e+01  9.271212e+01 
 2.916956e+00  1.290260e+01  3.206304e+01  4.940136e+01  9.045651e+01 
 2.957617e+00  1.266891e+01  3.135195e+01  4.824348e+01  8.828515e+01 
 2.998844e+00  1.243231e+01  3.065212e+01  4.708650e+01  8.614716e+01 
 3.040646e+00  1.220163e+01  2.995309e+01  4.596645e+01  8.411949e+01 
 3.083031e+00  1.197505e+01  2.927322e+01  4.486782e+01  8.208751e+01 
 3.126007e+00  1.175738e+01  2.861421e+01  4.379343e+01  8.008560e+01 
 3.169582e+00  1.153370e+01  2.794695e+01  4.272469e+01  7.814453e+01 
 3.213764e+00  1.131587e+01  2.730540e+01  4.168596e+01  7.624060e+01 
 3.258562e+00  1.109612e+01  2.667853e+01  4.066731e+01  7.436452e+01 
 3.303985e+00  1.088211e+01  2.604212e+01  3.966713e+01  7.253046e+01 
 3.350041e+00  1.067298e+01  2.541903e+01  3.866905e+01  7.072090e+01 
 3.396739e+00  1.045932e+01  2.481598e+01  3.771558e+01  6.893555e+01 
 3.444087e+00  1.025536e+01  2.421295e+01  3.675709e+01  6.720997e+01 
 3.492096e+00  1.005260e+01  2.363607e+01  3.583990e+01  6.554037e+01 
 3.540774e+00  9.847213e+00  2.306906e+01  3.494564e+01  6.389918e+01 
 3.590130e+00  9.650779e+00  2.250229e+01  3.405614e+01  6.229935e+01 
 3.640175e+00  9.460221e+00  2.195715e+01  3.320738e+01  6.072545e+01 
 3.690917e+00  9.265458e+00  2.143237e+01  3.236035e+01  5.920489e+01 
 3.742366e+00  9.076380e+00  2.089990e+01  3.154558e+01  5.773834e+01 
 3.794533e+00  8.895182e+00  2.039691e+01  3.075146e+01  5.628826e+01 
 3.847427e+00  8.713363e+00  1.989297e+01  2.997510e+01  5.488891e+01 
 3.901058e+00  8.531198e+00  1.940931e+01  2.922217e+01  5.350735e+01 
 3.955436e+00  8.358682e+00  1.892936e+01  2.846902e+01  5.215377e+01 
 4.010573e+00  8.182637e+00  1.845920e+01  2.774924e+01  5.084139e+01 
 4.066478e+00  8.010111e+00  1.799439e+01  2.703283e+01  4.954155e+01 
 4.123163e+00  7.838483e+00  1.754644e+01  2.633437e+01  4.827031e+01 
 4.180637e+00  7.672227e+00  1.710524e+01  2.565459e+01  4.702459e+01 
 4.238913e+00  7.506428e+00  1.666878e+01  2.498439e+01  4.582144e+01 
 4.298001e+00  7.340366e+00  1.624514e+01  2.433603e+01  4.463595e+01 
 4.357913e+00  7.184575e+00  1.582973e+01  2.370765e+01  4.349455e+01 
 4.418660e+00  7.025335e+00  1.543013e+01  2.308597e+01  4.237986e+01 
 4.480254e+00  6.870254e+00  1.503403e+01  2.248624e+01  4.128762e+01 
 4.542706e+00  6.720022e+00  1.464840e+01  2.189899e+01  4.022190e+01 
 4.606029e+00  6.571419e+00  1.427839e+01  2.133348e+01  3.919805e+01 
 4.670234e+00  6.425479e+00  1.391465e+01  2.078374e+01  3.819735e+01 
 4.735335e+00  6.283232e+00  1.356173e+01  2.024461e+01  3.721835e+01 
 4.801343e+00  6.145351e+00  1.321776e+01  1.972357e+01  3.626287e+01 
 4.868271e+00  6.008080e+00  1.288205e+01  1.921294e+01  3.533342e+01 
 4.936132e+00  5.872993e+00  1.255215e+01  1.871418e+01  3.442470e+01 
 5.004939e+00  5.739923e+00  1.223076e+01  1.822688e+01  3.353553e+01 
 5.074705e+00  5.608412e+00  1.191428e+01  1.774792e+01  3.266423e+01 
 5.145444e+00  5.480187e+00  1.160625e+01  1.728436e+01  3.181567e+01 
 5.217169e+00  5.353165e+00  1.130451e+01  1.682616e+01  3.097879e+01 
 5.289893e+00  5.230654e+00  1.101187e+01  1.638805e+01  3.017236e+01 
 5.363631e+00  5.107526e+00  1.072578e+01  1.595290e+01  2.938242e+01 
 5.438397e+00  4.989218e+00  1.044612e+01  1.553375e+01  2.860984e+01 
 5.514206e+00  4.872567e+00  1.017499e+01  1.512581e+01  2.786206e+01 
 5.591071e+00  4.757528e+00  9.911646e+00  1.472845e+01  2.713515e+01 
 5.669007e+00  4.647304e+00  9.654553e+00  1.434366e+01  2.642905e+01 
 5.748030e+00  4.538540e+00  9.406237e+00  1.396776e+01  2.573831e+01 
 5.828155e+00  4.432318e+00  9.164150e+00  1.360488e+01  2.506848e+01 
 5.909396e+00  4.328648e+00  8.928842e+00  1.325157e+01  2.442027e+01 
 5.991770e+00  4.227133e+00  8.699132e+00  1.290605e+01  2.378813e+01 
 6.075292e+00  4.128298e+00  8.476883e+00  1.257154e+01  2.316922e+01 
 6.159978e+00  4.030916e+00  8.258788e+00  1.224552e+01  2.256633e+01 
 6.245845e+00  3.935361e+00  8.045537e+00  1.192607e+01  2.197491e+01 
 6.332908e+00  3.841305e+00  7.836433e+00  1.161218e+01  2.139458e+01 
 6.421186e+00  3.749873e+00  7.633104e+00  1.130633e+01  2.082922e+01 
 6.510694e+00  3.659552e+00  7.434328e+00  1.100899e+01  2.027874e+01 
 6.601449e+00  3.571908e+00  7.241338e+00  1.071918e+01  1.974147e+01 
 6.693470e+00  3.485601e+00  7.052119e+00  1.043572e+01  1.921715e+01 
 6.786773e+00  3.401549e+00  6.868914e+00  1.016058e+01  1.870810e+01 
 6.881377e+00  3.320048e+00  6.691082e+00  9.892991e+00  1.821037e+01 
 6.977300e+00  3.240291e+00  6.518154e+00  9.634473e+00  1.772878e+01 
 7.074559e+00  3.162811e+00  6.349635e+00  9.381074e+00  1.725972e+01 
 7.173175e+00  3.086882e+00  6.186437e+00  9.136451e+00  1.680471e+01 
 7.273165e+00  3.013360e+00  6.027968e+00  8.899540e+00  1.636230e+01 
 7.374549e+00  2.941600e+00  5.873833e+00  8.667531e+00  1.593311e+01 
 7.477346e+00  2.871393e+00  5.724359e+00  8.443706e+00  1.551448e+01 
 7.581576e+00  2.803367e+00  5.577948e+00  8.224425e+00  1.510684e+01 
 7.687260e+00  2.736481e+00  5.435650e+00  8.010520e+00  1.470921e+01 
 7.794416e+00  2.671094e+00  5.296141e+00  7.800573e+00  1.461245e+01 
 7.903066e+00  2.607026e+00  5.159406e+00  7.595478e+00  1.393649e+01 
 8.013230e+00  2.544292e+00  5.026865e+00  7.396795e+00  1.356442e+01 
 8.124930e+00  2.482959e+00  4.897061e+00  7.202061e+00  1.320039e+01 
 8.238187e+00  2.423273e+00  4.770420e+00  7.011654e+00  1.284619e+01 
 8.353023e+00  2.364951e+00  4.647423e+00  6.827154e+00  1.250094e+01 
 8.469460e+00  2.308287e+00  4.527927e+00  6.647545e+00  1.216514e+01 
 8.587519e+00  2.253032e+00  4.411532e+00  6.472733e+00  1.183877e+01 
 8.707225e+00  2.199259e+00  4.298236e+00  6.302989e+00  1.152196e+01 
 8.828599e+00  2.147033e+00  4.188726e+00  6.138285e+00  1.121316e+01 
 8.951665e+00  2.096174e+00  4.082251e+00  5.978133e+00  1.091436e+01 
 9.076446e+00  2.046809e+00  3.978884e+00  5.823153e+00  1.062429e+01 
 9.202967e+00  1.998768e+00  3.878428e+00  5.672629e+00  1.034195e+01 
 9.331251e+00  1.951965e+00  3.780593e+00  5.525713e+00  1.006746e+01 
 9.461324e+00  0.000000e+00  0.000000e+00  0.000000e+00  0.000000e+00 
 9.593209e+00  0.000000e+00  0.000000e+00  0.000000e+00  0.000000e+00 
 9.726934e+00  0.000000e+00  0.000000e+00  0.000000e+00  0.000000e+00 
 9.862522e+00  0.000000e+00  0.000000e+00  0.000000e+00  0.000000e+00 
 1.000000e+01  0.000000e+00  0.000000e+00  0.000000e+00  0.000000e+00 
