 1.000000e-02  6.188163e+03  1.146855e+04  1.564736e+04  2.357814e+04 
 1.013939e-02  6.219454e+03  1.152639e+04  1.572613e+04  2.369642e+04 
 1.028073e-02  6.250164e+03  1.158314e+04  1.580341e+04  2.381245e+04 
 1.042404e-02  6.280269e+03  1.163877e+04  1.587915e+04  2.392614e+04 
 1.056935e-02  6.309744e+03  1.169322e+04  1.595328e+04  2.403739e+04 
 1.071668e-02  6.338570e+03  1.174647e+04  1.602575e+04  2.414611e+04 
 1.086606e-02  6.366724e+03  1.179845e+04  1.609651e+04  2.425225e+04 
 1.101753e-02  6.394177e+03  1.184915e+04  1.616549e+04  2.435570e+04 
 1.117111e-02  6.420910e+03  1.189850e+04  1.623263e+04  2.445635e+04 
 1.132683e-02  6.446900e+03  1.194646e+04  1.629789e+04  2.455414e+04 
 1.148472e-02  6.472114e+03  1.199297e+04  1.636116e+04  2.464894e+04 
 1.164481e-02  6.496533e+03  1.203802e+04  1.642241e+04  2.474067e+04 
 1.180713e-02  6.520135e+03  1.208154e+04  1.648158e+04  2.482924e+04 
 1.197171e-02  6.542905e+03  1.212351e+04  1.653862e+04  2.491460e+04 
 1.213859e-02  6.564804e+03  1.216386e+04  1.659346e+04  2.499662e+04 
 1.230780e-02  6.585815e+03  1.220256e+04  1.664603e+04  2.507520e+04 
 1.247936e-02  6.605915e+03  1.223957e+04  1.669628e+04  2.515027e+04 
 1.265332e-02  6.625083e+03  1.227484e+04  1.674417e+04  2.522176e+04 
 1.282970e-02  6.643293e+03  1.230832e+04  1.678960e+04  2.528955e+04 
 1.300854e-02  6.660524e+03  1.233999e+04  1.683256e+04  2.535359e+04 
 1.318987e-02  6.676761e+03  1.236981e+04  1.687299e+04  2.541378e+04 
 1.337373e-02  6.691976e+03  1.239773e+04  1.691081e+04  2.547004e+04 
 1.356015e-02  6.706134e+03  1.242368e+04  1.694595e+04  2.552223e+04 
 1.374917e-02  6.719211e+03  1.244762e+04  1.697834e+04  2.557027e+04 
 1.394083e-02  6.731180e+03  1.246951e+04  1.700792e+04  2.561405e+04 
 1.413516e-02  6.742026e+03  1.248931e+04  1.703464e+04  2.565352e+04 
 1.433219e-02  6.751712e+03  1.250694e+04  1.705840e+04  2.568851e+04 
 1.453198e-02  6.760217e+03  1.252238e+04  1.707917e+04  2.571896e+04 
 1.473454e-02  6.767505e+03  1.253556e+04  1.709685e+04  2.574476e+04 
 1.493993e-02  6.773564e+03  1.254646e+04  1.711140e+04  2.576583e+04 
 1.514819e-02  6.778327e+03  1.255498e+04  1.712273e+04  2.578205e+04 
 1.535935e-02  6.781791e+03  1.256110e+04  1.713078e+04  2.579336e+04 
 1.557345e-02  6.783956e+03  1.256480e+04  1.713554e+04  2.579970e+04 
 1.579053e-02  6.784796e+03  1.256605e+04  1.713693e+04  2.580095e+04 
 1.601064e-02  6.784297e+03  1.256481e+04  1.713493e+04  2.579707e+04 
 1.623382e-02  6.782423e+03  1.256101e+04  1.712945e+04  2.578792e+04 
 1.646012e-02  6.779177e+03  1.255467e+04  1.712049e+04  2.577353e+04 
 1.668956e-02  6.774530e+03  1.254574e+04  1.710797e+04  2.575376e+04 
 1.692220e-02  6.768473e+03  1.253419e+04  1.709189e+04  2.572861e+04 
 1.715809e-02  6.760956e+03  1.251992e+04  1.707210e+04  2.569788e+04 
 1.739726e-02  6.751981e+03  1.250296e+04  1.704862e+04  2.566155e+04 
 1.763977e-02  6.741511e+03  1.248322e+04  1.702136e+04  2.561952e+04 
 1.788566e-02  6.729555e+03  1.246072e+04  1.699034e+04  2.557181e+04 
 1.813498e-02  6.716071e+03  1.243539e+04  1.695543e+04  2.551826e+04 
 1.838777e-02  6.701055e+03  1.240722e+04  1.691666e+04  2.545885e+04 
 1.864409e-02  6.684482e+03  1.237615e+04  1.687395e+04  2.539350e+04 
 1.890397e-02  6.666354e+03  1.234222e+04  1.682729e+04  2.532221e+04 
 1.916748e-02  6.646654e+03  1.230536e+04  1.677666e+04  2.524492e+04 
 1.943467e-02  6.625376e+03  1.226558e+04  1.672205e+04  2.516162e+04 
 1.970558e-02  6.602519e+03  1.222288e+04  1.666343e+04  2.507228e+04 
 1.998026e-02  6.578080e+03  1.217723e+04  1.660082e+04  2.497691e+04 
 2.025878e-02  6.552058e+03  1.212866e+04  1.653419e+04  2.487550e+04 
 2.054117e-02  6.524457e+03  1.207717e+04  1.646359e+04  2.476808e+04 
 2.082751e-02  6.495285e+03  1.202276e+04  1.638900e+04  2.465467e+04 
 2.111783e-02  6.464546e+03  1.196545e+04  1.631046e+04  2.453528e+04 
 2.141220e-02  6.432338e+03  1.190538e+04  1.622812e+04  2.441006e+04 
 2.171068e-02  6.399228e+03  1.184341e+04  1.614293e+04  2.427996e+04 
 2.201331e-02  6.364550e+03  1.177853e+04  1.605380e+04  2.414388e+04 
 2.232016e-02  6.328306e+03  1.171075e+04  1.596070e+04  2.400184e+04 
 2.263130e-02  6.290504e+03  1.164009e+04  1.586366e+04  2.385387e+04 
 2.294676e-02  6.251154e+03  1.156657e+04  1.576272e+04  2.370001e+04 
 2.326663e-02  6.210274e+03  1.149020e+04  1.565792e+04  2.354034e+04 
 2.359095e-02  6.167884e+03  1.141104e+04  1.554931e+04  2.337493e+04 
 2.391980e-02  6.124001e+03  1.132913e+04  1.543692e+04  2.320384e+04 
 2.425323e-02  6.078654e+03  1.124450e+04  1.532085e+04  2.302720e+04 
 2.459130e-02  6.031874e+03  1.115722e+04  1.520116e+04  2.284515e+04 
 2.493409e-02  5.983708e+03  1.106738e+04  1.507799e+04  2.265784e+04 
 2.528166e-02  5.934192e+03  1.097504e+04  1.495141e+04  2.246543e+04 
 2.563407e-02  5.883373e+03  1.088030e+04  1.482156e+04  2.226810e+04 
 2.599140e-02  5.831307e+03  1.078325e+04  1.468857e+04  2.206604e+04 
 2.635371e-02  5.778051e+03  1.068400e+04  1.455258e+04  2.185950e+04 
 2.672106e-02  5.723636e+03  1.058261e+04  1.441368e+04  2.164859e+04 
 2.709354e-02  5.668095e+03  1.047915e+04  1.427196e+04  2.143346e+04 
 2.747121e-02  5.611462e+03  1.037367e+04  1.412751e+04  2.121421e+04 
 2.785414e-02  5.553709e+03  1.026615e+04  1.398028e+04  2.099092e+04 
 2.824241e-02  5.494613e+03  1.015628e+04  1.383001e+04  2.076338e+04 
 2.863610e-02  5.434561e+03  1.004466e+04  1.367735e+04  2.053226e+04 
 2.903527e-02  5.373607e+03  9.931364e+03  1.352242e+04  2.029776e+04 
 2.944000e-02  5.311812e+03  9.816527e+03  1.336540e+04  2.006013e+04 
 2.985038e-02  5.249242e+03  9.700266e+03  1.320645e+04  1.981963e+04 
 3.026648e-02  5.185971e+03  9.582712e+03  1.304573e+04  1.957652e+04 
 3.068838e-02  5.122078e+03  9.464018e+03  1.288348e+04  1.933113e+04 
 3.111616e-02  5.057648e+03  9.344343e+03  1.271990e+04  1.908377e+04 
 3.154990e-02  4.992780e+03  9.223862e+03  1.255523e+04  1.883480e+04 
 3.198969e-02  4.927571e+03  9.102763e+03  1.238973e+04  1.858462e+04 
 3.243561e-02  4.862141e+03  8.981265e+03  1.222369e+04  1.833366e+04 
 3.288774e-02  4.796598e+03  8.859564e+03  1.205739e+04  1.808234e+04 
 3.334618e-02  4.731044e+03  8.737848e+03  1.189108e+04  1.783103e+04 
 3.381101e-02  4.665530e+03  8.616216e+03  1.172489e+04  1.757993e+04 
 3.428231e-02  4.600111e+03  8.494771e+03  1.155896e+04  1.732926e+04 
 3.476019e-02  4.534638e+03  8.373588e+03  1.139379e+04  1.708091e+04 
 3.524473e-02  4.469377e+03  8.252814e+03  1.122920e+04  1.683347e+04 
 3.573602e-02  4.404402e+03  8.132572e+03  1.106534e+04  1.658716e+04 
 3.623416e-02  4.339780e+03  8.012986e+03  1.090238e+04  1.634221e+04 
 3.673925e-02  4.275582e+03  7.894197e+03  1.074050e+04  1.609893e+04 
 3.725137e-02  4.211890e+03  7.776349e+03  1.057991e+04  1.585760e+04 
 3.777064e-02  4.148785e+03  7.659584e+03  1.042082e+04  1.561854e+04 
 3.829714e-02  4.086352e+03  7.544072e+03  1.026343e+04  1.538206e+04 
 3.883098e-02  4.024685e+03  7.429983e+03  1.010799e+04  1.514852e+04 
 3.937226e-02  3.963883e+03  7.317494e+03  9.954719e+03  1.491829e+04 
 3.992109e-02  3.904041e+03  7.206783e+03  9.803887e+03  1.469172e+04 
 4.047757e-02  3.845266e+03  7.098017e+03  9.655666e+03  1.446900e+04 
 4.104181e-02  3.787494e+03  6.990493e+03  9.508474e+03  1.424594e+04 
 4.161391e-02  3.730975e+03  6.885298e+03  9.364466e+03  1.402769e+04 
 4.219398e-02  3.675741e+03  6.782489e+03  9.223719e+03  1.381439e+04 
 4.278214e-02  3.621825e+03  6.682128e+03  9.086314e+03  1.360614e+04 
 4.337850e-02  3.569257e+03  6.584264e+03  8.952325e+03  1.340305e+04 
 4.398317e-02  3.518063e+03  6.488955e+03  8.821819e+03  1.320523e+04 
 4.459628e-02  3.468272e+03  6.396246e+03  8.694867e+03  1.301278e+04 
 4.521792e-02  3.419910e+03  6.306186e+03  8.571536e+03  1.282579e+04 
 4.584824e-02  3.373001e+03  6.218824e+03  8.451883e+03  1.264435e+04 
 4.648734e-02  3.327567e+03  6.134193e+03  8.335954e+03  1.246852e+04 
 4.713535e-02  3.283724e+03  6.053273e+03  8.225887e+03  1.230367e+04 
 4.779239e-02  3.241446e+03  5.975706e+03  8.120870e+03  1.214769e+04 
 4.845859e-02  3.200681e+03  5.900920e+03  8.019624e+03  1.199733e+04 
 4.913407e-02  3.161412e+03  5.828890e+03  7.922118e+03  1.185257e+04 
 4.981898e-02  3.123613e+03  5.759568e+03  7.828289e+03  1.171329e+04 
 5.051342e-02  3.087250e+03  5.692889e+03  7.738050e+03  1.157936e+04 
 5.121755e-02  3.052285e+03  5.628782e+03  7.651300e+03  1.145064e+04 
 5.193150e-02  3.018670e+03  5.567163e+03  7.567925e+03  1.132696e+04 
 5.265540e-02  2.986352e+03  5.507935e+03  7.487795e+03  1.120811e+04 
 5.338938e-02  2.955025e+03  5.450065e+03  7.409023e+03  1.108998e+04 
 5.413360e-02  2.924572e+03  5.393242e+03  7.331095e+03  1.097157e+04 
 5.488820e-02  2.895196e+03  5.338410e+03  7.255879e+03  1.085720e+04 
 5.565331e-02  2.866814e+03  5.285416e+03  7.183158e+03  1.074659e+04 
 5.642908e-02  2.839308e+03  5.234038e+03  7.112634e+03  1.063924e+04 
 5.721568e-02  2.812562e+03  5.184062e+03  7.044018e+03  1.053475e+04 
 5.801323e-02  2.786437e+03  5.135236e+03  6.976976e+03  1.043262e+04 
 5.882190e-02  2.760883e+03  5.087483e+03  6.911411e+03  1.033277e+04 
 5.964185e-02  2.735912e+03  5.041151e+03  6.848119e+03  1.023726e+04 
 6.047322e-02  2.711680e+03  4.997069e+03  6.788817e+03  1.015022e+04 
 6.131619e-02  2.687556e+03  4.953172e+03  6.729756e+03  1.006349e+04 
 6.217090e-02  2.663322e+03  4.909059e+03  6.670374e+03  9.976223e+03 
 6.303753e-02  2.638908e+03  4.864591e+03  6.610493e+03  9.888148e+03 
 6.391624e-02  2.614118e+03  4.819424e+03  6.549654e+03  9.798617e+03 
 6.480720e-02  2.588848e+03  4.773374e+03  6.487618e+03  9.707304e+03 
 6.571058e-02  2.562914e+03  4.726106e+03  6.423933e+03  9.613554e+03 
 6.662655e-02  2.535008e+03  4.673253e+03  6.350607e+03  9.499685e+03 
 6.755528e-02  2.506117e+03  4.618538e+03  6.274707e+03  9.381837e+03 
 6.849697e-02  2.476171e+03  4.561896e+03  6.196206e+03  9.260161e+03 
 6.945178e-02  2.445060e+03  4.503128e+03  6.114837e+03  9.134267e+03 
 7.041990e-02  2.412671e+03  4.442025e+03  6.030326e+03  9.003762e+03 
 7.140151e-02  2.378921e+03  4.378445e+03  5.942483e+03  8.868374e+03 
 7.239681e-02  2.344074e+03  4.313192e+03  5.852777e+03  8.731484e+03 
 7.340598e-02  2.308126e+03  4.246325e+03  5.761359e+03  8.593546e+03 
 7.442922e-02  2.270676e+03  4.176716e+03  5.666247e+03  8.450168e+03 
 7.546673e-02  2.231723e+03  4.104367e+03  5.567443e+03  8.301362e+03 
 7.651869e-02  2.191287e+03  4.029314e+03  5.465000e+03  8.147212e+03 
 7.758532e-02  2.149427e+03  3.951669e+03  5.359070e+03  7.987949e+03 
 7.866682e-02  2.107077e+03  3.874312e+03  5.254714e+03  7.834047e+03 
 7.976339e-02  2.064867e+03  3.799102e+03  5.155146e+03  7.692078e+03 
 8.087525e-02  2.021479e+03  3.721665e+03  5.052501e+03  7.545381e+03 
 8.200261e-02  1.977065e+03  3.642274e+03  4.947141e+03  7.394475e+03 
 8.314568e-02  1.931801e+03  3.561247e+03  4.839491e+03  7.239985e+03 
 8.430468e-02  1.885884e+03  3.478944e+03  4.730036e+03  7.082616e+03 
 8.547985e-02  1.838823e+03  3.393343e+03  4.614944e+03  6.913988e+03 
 8.667139e-02  1.791262e+03  3.306256e+03  4.497290e+03  6.740185e+03 
 8.787954e-02  1.743787e+03  3.219310e+03  4.379802e+03  6.566572e+03 
 8.910453e-02  1.696650e+03  3.132967e+03  4.263114e+03  6.394085e+03 
 9.034660e-02  1.650114e+03  3.047708e+03  4.147871e+03  6.223683e+03 
 9.160598e-02  1.605122e+03  2.966257e+03  4.038697e+03  6.064505e+03 
 9.288292e-02  1.561839e+03  2.888786e+03  3.935707e+03  5.916432e+03 
 9.417766e-02  1.519834e+03  2.813568e+03  3.835676e+03  5.772517e+03 
 9.549045e-02  1.479332e+03  2.741022e+03  3.739174e+03  5.633629e+03 
 9.682153e-02  1.440533e+03  2.671519e+03  3.646713e+03  5.500545e+03 
 9.817117e-02  1.403878e+03  2.606296e+03  3.560359e+03  5.377247e+03 
 9.953962e-02  1.369348e+03  2.545045e+03  3.479450e+03  5.262179e+03 
 1.009272e-01  1.336965e+03  2.487662e+03  3.403704e+03  5.154605e+03 
 1.023340e-01  1.306817e+03  2.434320e+03  3.333371e+03  5.054928e+03 
 1.037605e-01  1.278328e+03  2.383169e+03  3.265218e+03  4.956647e+03 
 1.052069e-01  1.249742e+03  2.328832e+03  3.189971e+03  4.841298e+03 
 1.066734e-01  1.223534e+03  2.278935e+03  3.120811e+03  4.735165e+03 
 1.081604e-01  1.199621e+03  2.233324e+03  3.057518e+03  4.637905e+03 
 1.096681e-01  1.177892e+03  2.191779e+03  2.999790e+03  4.549055e+03 
 1.111968e-01  1.158304e+03  2.154421e+03  2.947816e+03  4.468461e+03 
 1.127468e-01  1.140566e+03  2.120515e+03  2.900570e+03  4.395003e+03 
 1.143184e-01  1.124440e+03  2.089609e+03  2.857424e+03  4.327747e+03 
 1.159120e-01  1.109669e+03  2.061218e+03  2.817719e+03  4.265696e+03 
 1.175277e-01  1.096690e+03  2.036871e+03  2.784097e+03  4.213857e+03 
 1.191660e-01  1.084534e+03  2.014110e+03  2.752691e+03  4.165463e+03 
 1.208271e-01  1.072812e+03  1.992159e+03  2.722395e+03  4.118756e+03 
 1.225114e-01  1.061147e+03  1.970278e+03  2.692192e+03  4.072241e+03 
 1.242191e-01  1.048813e+03  1.946821e+03  2.659739e+03  4.022662e+03 
 1.259506e-01  1.035934e+03  1.922371e+03  2.625949e+03  3.971112e+03 
 1.277063e-01  1.022224e+03  1.896398e+03  2.590105e+03  3.916506e+03 
 1.294865e-01  1.007788e+03  1.869352e+03  2.552927e+03  3.859876e+03 
 1.312915e-01  9.924687e+02  1.840990e+03  2.514113e+03  3.800766e+03 
 1.331216e-01  9.756748e+02  1.809915e+03  2.471624e+03  3.736186e+03 
 1.349772e-01  9.573315e+02  1.776029e+03  2.425374e+03  3.666134e+03 
 1.368587e-01  9.386172e+02  1.743435e+03  2.383113e+03  3.608369e+03 
 1.387665e-01  9.183062e+02  1.707833e+03  2.336698e+03  3.544200e+03 
 1.407008e-01  8.965388e+02  1.669469e+03  2.286452e+03  3.474070e+03 
 1.426621e-01  8.745318e+02  1.631257e+03  2.236557e+03  3.403897e+03 
 1.446507e-01  8.517803e+02  1.591763e+03  2.184886e+03  3.330693e+03 
 1.466671e-01  8.282507e+02  1.550691e+03  2.130946e+03  3.253815e+03 
 1.487115e-01  8.024551e+02  1.503568e+03  2.067479e+03  3.160560e+03 
 1.507845e-01  7.754441e+02  1.452981e+03  1.998438e+03  3.057523e+03 
 1.528864e-01  7.488991e+02  1.403261e+03  1.930558e+03  2.956108e+03 
 1.550175e-01  7.249781e+02  1.360373e+03  1.873566e+03  2.874200e+03 
 1.571784e-01  7.033723e+02  1.323060e+03  1.825195e+03  2.807279e+03 
 1.593694e-01  6.830677e+02  1.288001e+03  1.779750e+03  2.744422e+03 
 1.615909e-01  6.647697e+02  1.256826e+03  1.739568e+03  2.688993e+03 
 1.638434e-01  6.483771e+02  1.229193e+03  1.704150e+03  2.640441e+03 
 1.661273e-01  6.337971e+02  1.204822e+03  1.673104e+03  2.598329e+03 
 1.684430e-01  6.179378e+02  1.175147e+03  1.632758e+03  2.538823e+03 
 1.707910e-01  6.035952e+02  1.147976e+03  1.595610e+03  2.483797e+03 
 1.731717e-01  5.914387e+02  1.125244e+03  1.564720e+03  2.438307e+03 
 1.755856e-01  5.825343e+02  1.109905e+03  1.544585e+03  2.409083e+03 
 1.780332e-01  5.748800e+02  1.096904e+03  1.527669e+03  2.384817e+03 
 1.805149e-01  5.664600e+02  1.080302e+03  1.503940e+03  2.346424e+03 
 1.830312e-01  5.576375e+02  1.061658e+03  1.476295e+03  2.299848e+03 
 1.855825e-01  5.491227e+02  1.043835e+03  1.450073e+03  2.256162e+03 
 1.881694e-01  5.408541e+02  1.027827e+03  1.427972e+03  2.222782e+03 
 1.907924e-01  5.320829e+02  1.010894e+03  1.404609e+03  2.187475e+03 
 1.934520e-01  5.221700e+02  9.918032e+02  1.378502e+03  2.149332e+03 
 1.961486e-01  5.111310e+02  9.706106e+02  1.349578e+03  2.107286e+03 
 1.988828e-01  5.001634e+02  9.503577e+02  1.322262e+03  2.067530e+03 
 2.016551e-01  4.897775e+02  9.323369e+02  1.298464e+03  2.032931e+03 
 2.044661e-01  4.781892e+02  9.118023e+02  1.270993e+03  1.992295e+03 
 2.073162e-01  4.650950e+02  8.872137e+02  1.236949e+03  1.939869e+03 
 2.102061e-01  4.513787e+02  8.614119e+02  1.201196e+03  1.884701e+03 
 2.131362e-01  4.409403e+02  8.460970e+02  1.183173e+03  1.861977e+03 
 2.161073e-01  4.305696e+02  8.309121e+02  1.165335e+03  1.839513e+03 
 2.191197e-01  4.177466e+02  8.087239e+02  1.136692e+03  1.800630e+03 
 2.221741e-01  4.049268e+02  7.859243e+02  1.106862e+03  1.759725e+03 
 2.252711e-01  3.934457e+02  7.661276e+02  1.081487e+03  1.725670e+03 
 2.284112e-01  3.832323e+02  7.488357e+02  1.059629e+03  1.696937e+03 
 2.315951e-01  3.743467e+02  7.330661e+02  1.038423e+03  1.664949e+03 
 2.348235e-01  3.667434e+02  7.193920e+02  1.019640e+03  1.635335e+03 
 2.380968e-01  3.582918e+02  7.026313e+02  9.959418e+02  1.598513e+03 
 2.414157e-01  3.503297e+02  6.864682e+02  9.729492e+02  1.562977e+03 
 2.447809e-01  3.426348e+02  6.711696e+02  9.515958e+02  1.530046e+03 
 2.481930e-01  3.354684e+02  6.569946e+02  9.318837e+02  1.499704e+03 
 2.516527e-01  3.313206e+02  6.498047e+02  9.220473e+02  1.484202e+03 
 2.551606e-01  3.261365e+02  6.401944e+02  9.087490e+02  1.463669e+03 
 2.587174e-01  3.178781e+02  6.233278e+02  8.850663e+02  1.428145e+03 
 2.623238e-01  3.108131e+02  6.099749e+02  8.668375e+02  1.401338e+03 
 2.659804e-01  3.049628e+02  6.002614e+02  8.542697e+02  1.383558e+03 
 2.696881e-01  2.970370e+02  5.856771e+02  8.345512e+02  1.353921e+03 
 2.734474e-01  2.882799e+02  5.692659e+02  8.121957e+02  1.320000e+03 
 2.772591e-01  2.814319e+02  5.579595e+02  7.980589e+02  1.301726e+03 
 2.811239e-01  2.741681e+02  5.453136e+02  7.818253e+02  1.280759e+03 
 2.850426e-01  2.666647e+02  5.315357e+02  7.637693e+02  1.257919e+03 
 2.890160e-01  2.597417e+02  5.197125e+02  7.484901e+02  1.236155e+03 
 2.930447e-01  2.533430e+02  5.085748e+02  7.335502e+02  1.212985e+03 
 2.971296e-01  2.474227e+02  4.968829e+02  7.159838e+02  1.182201e+03 
 3.012714e-01  2.422147e+02  4.877313e+02  7.038077e+02  1.164225e+03 
 3.054710e-01  2.372829e+02  4.793191e+02  6.932448e+02  1.150413e+03 
 3.097291e-01  2.315146e+02  4.683035e+02  6.784501e+02  1.129538e+03 
 3.140465e-01  2.263365e+02  4.576994e+02  6.630968e+02  1.104164e+03 
 3.184242e-01  2.217453e+02  4.484106e+02  6.496370e+02  1.081901e+03 
 3.228628e-01  2.179993e+02  4.419000e+02  6.412666e+02  1.071392e+03 
 3.273634e-01  2.127816e+02  4.312662e+02  6.258599e+02  1.046474e+03 
 3.319266e-01  2.072730e+02  4.204380e+02  6.107678e+02  1.023545e+03 
 3.365535e-01  2.018574e+02  4.105970e+02  5.979505e+02  1.006152e+03 
 3.412449e-01  1.979363e+02  4.052293e+02  5.915248e+02  9.959503e+02 
 3.460016e-01  1.936386e+02  3.980855e+02  5.822408e+02  9.827689e+02 
 3.508247e-01  1.894091e+02  3.904337e+02  5.719144e+02  9.674018e+02 
 3.557150e-01  1.853087e+02  3.827232e+02  5.613375e+02  9.508373e+02 
 3.606735e-01  1.806544e+02  3.742949e+02  5.501872e+02  9.351164e+02 
 3.657011e-01  1.752957e+02  3.639608e+02  5.358902e+02  9.148410e+02 
 3.707988e-01  1.710011e+02  3.555454e+02  5.242736e+02  8.974330e+02 
 3.759675e-01  1.671347e+02  3.479773e+02  5.137709e+02  8.814849e+02 
 3.812083e-01  1.632516e+02  3.407999e+02  5.039775e+02  8.669091e+02 
 3.865221e-01  1.600261e+02  3.360007e+02  4.984463e+02  8.580527e+02 
 3.919100e-01  1.566028e+02  3.279590e+02  4.861334e+02  8.406438e+02 
 3.973730e-01  1.527763e+02  3.213445e+02  4.776949e+02  8.271624e+02 
 4.029122e-01  1.495831e+02  3.161780e+02  4.704920e+02  8.140105e+02 
 4.085286e-01  1.463732e+02  3.092800e+02  4.605068e+02  7.993897e+02 
 4.142232e-01  1.425556e+02  3.013878e+02  4.498678e+02  7.856203e+02 
 4.199973e-01  1.388010e+02  2.947387e+02  4.412873e+02  7.728946e+02 
 4.258518e-01  1.357611e+02  2.890268e+02  4.331636e+02  7.589412e+02 
 4.317880e-01  1.325629e+02  2.827442e+02  4.238462e+02  7.443184e+02 
 4.378069e-01  1.297545e+02  2.770104e+02  4.155449e+02  7.304631e+02 
 4.439097e-01  1.274349e+02  2.733308e+02  4.110727e+02  7.259191e+02 
 4.500975e-01  1.239331e+02  2.667086e+02  4.019887e+02  7.124719e+02 
 4.563716e-01  1.209722e+02  2.604801e+02  3.928888e+02  6.962989e+02 
 4.627332e-01  1.190295e+02  2.577205e+02  3.898649e+02  6.933407e+02 
 4.691835e-01  1.158741e+02  2.513838e+02  3.807637e+02  6.781457e+02 
 4.757236e-01  1.135889e+02  2.467751e+02  3.742859e+02  6.679317e+02 
 4.823549e-01  1.104921e+02  2.404132e+02  3.651969e+02  6.550596e+02 
 4.890787e-01  1.079940e+02  2.354411e+02  3.584139e+02  6.444267e+02 
 4.958962e-01  1.060909e+02  2.316836e+02  3.525880e+02  6.337005e+02 
 5.028087e-01  1.035836e+02  2.272788e+02  3.466038e+02  6.248131e+02 
 5.098176e-01  1.015608e+02  2.234723e+02  3.411182e+02  6.142734e+02 
 5.169242e-01  9.968092e+01  2.198506e+02  3.361585e+02  6.074129e+02 
 5.241298e-01  9.634347e+01  2.140142e+02  3.288753e+02  5.982173e+02 
 5.314359e-01  9.457227e+01  2.112825e+02  3.251770e+02  5.921189e+02 
 5.388438e-01  9.247904e+01  2.064522e+02  3.178808e+02  5.807819e+02 
 5.463550e-01  9.069870e+01  2.029319e+02  3.126447e+02  5.719179e+02 
 5.539709e-01  8.814007e+01  1.982500e+02  3.065884e+02  5.625815e+02 
 5.616930e-01  8.646840e+01  1.949453e+02  3.018897e+02  5.554661e+02 
 5.695227e-01  8.466688e+01  1.918694e+02  2.980177e+02  5.477443e+02 
 5.774615e-01  8.266854e+01  1.872349e+02  2.910277e+02  5.373726e+02 
 5.855110e-01  8.110157e+01  1.843242e+02  2.866457e+02  5.297897e+02 
 5.936727e-01  7.913249e+01  1.797772e+02  2.801356e+02  5.197607e+02 
 6.019482e-01  7.767429e+01  1.773912e+02  2.763906e+02  5.128630e+02 
 6.103390e-01  7.572679e+01  1.739650e+02  2.719411e+02  5.051834e+02 
 6.188468e-01  7.397383e+01  1.709045e+02  2.689221e+02  5.028106e+02 
 6.274732e-01  7.262697e+01  1.674752e+02  2.630284e+02  4.929064e+02 
 6.362198e-01  7.105828e+01  1.647686e+02  2.591781e+02  4.855370e+02 
 6.450884e-01  6.930507e+01  1.615071e+02  2.546051e+02  4.775533e+02 
 6.540806e-01  6.779083e+01  1.578668e+02  2.490519e+02  4.691899e+02 
 6.631981e-01  6.618908e+01  1.551748e+02  2.459951e+02  4.641821e+02 
 6.724427e-01  6.483949e+01  1.522836e+02  2.418996e+02  4.588098e+02 
 6.818162e-01  6.333931e+01  1.493435e+02  2.368730e+02  4.494134e+02 
 6.913204e-01  6.190000e+01  1.463799e+02  2.329664e+02  4.428155e+02 
 7.009570e-01  6.094541e+01  1.440227e+02  2.294332e+02  4.367559e+02 
 7.107280e-01  5.928796e+01  1.413727e+02  2.257823e+02  4.296410e+02 
 7.206351e-01  5.828751e+01  1.389910e+02  2.225115e+02  4.254964e+02 
 7.306804e-01  5.702173e+01  1.367167e+02  2.187895e+02  4.176645e+02 
 7.408657e-01  5.568421e+01  1.338321e+02  2.146502e+02  4.118985e+02 
 7.511929e-01  5.442875e+01  1.311921e+02  2.111662e+02  4.059850e+02 
 7.616642e-01  5.331337e+01  1.286469e+02  2.074884e+02  4.002869e+02 
 7.722814e-01  5.250828e+01  1.272008e+02  2.050505e+02  3.945801e+02 
 7.830465e-01  5.134245e+01  1.245679e+02  2.012675e+02  3.890259e+02 
 7.939618e-01  5.031201e+01  1.227716e+02  1.984433e+02  3.843904e+02 
 8.050292e-01  4.911805e+01  1.202831e+02  1.954377e+02  3.791909e+02 
 8.162509e-01  4.816578e+01  1.183612e+02  1.920562e+02  3.722977e+02 
 8.276289e-01  4.692731e+01  1.158041e+02  1.886014e+02  3.671031e+02 
 8.391656e-01  4.623942e+01  1.142614e+02  1.857110e+02  3.624191e+02 
 8.508632e-01  4.533341e+01  1.121737e+02  1.829702e+02  3.573479e+02 
 8.627237e-01  4.425258e+01  1.101692e+02  1.799689e+02  3.513991e+02 
 8.747496e-01  4.337570e+01  1.081151e+02  1.770360e+02  3.464081e+02 
 8.869432e-01  4.254708e+01  1.064413e+02  1.744717e+02  3.419212e+02 
 8.993067e-01  4.160698e+01  1.045879e+02  1.716336e+02  3.365888e+02 
 9.118425e-01  4.090952e+01  1.026749e+02  1.685606e+02  3.304436e+02 
 9.245531e-01  3.994787e+01  1.008438e+02  1.657710e+02  3.264070e+02 
 9.374409e-01  3.910678e+01  9.911278e+01  1.633935e+02  3.218517e+02 
 9.505083e-01  3.838644e+01  9.741271e+01  1.608218e+02  3.171256e+02 
 9.637579e-01  3.751698e+01  9.544442e+01  1.578370e+02  3.121076e+02 
 9.771921e-01  3.693313e+01  9.471178e+01  1.562352e+02  3.078792e+02 
 9.908137e-01  3.616187e+01  9.281150e+01  1.534713e+02  3.034561e+02 
 1.004625e+00  3.540104e+01  9.098419e+01  1.506998e+02  2.982324e+02 
 1.018629e+00  3.476178e+01  8.961217e+01  1.484444e+02  2.936814e+02 
 1.032828e+00  3.401835e+01  8.802901e+01  1.462830e+02  2.901814e+02 
 1.047225e+00  3.329010e+01  8.660954e+01  1.438266e+02  2.849456e+02 
 1.061823e+00  3.270924e+01  8.534462e+01  1.417386e+02  2.808243e+02 
 1.076624e+00  3.203812e+01  8.387054e+01  1.394951e+02  2.764213e+02 
 1.091632e+00  3.145096e+01  8.239567e+01  1.373407e+02  2.720595e+02 
 1.106848e+00  3.078548e+01  8.086310e+01  1.350458e+02  2.680782e+02 
 1.122277e+00  3.017954e+01  7.962455e+01  1.327322e+02  2.633721e+02 
 1.137921e+00  2.957431e+01  7.815246e+01  1.305395e+02  2.592949e+02 
 1.153783e+00  2.903062e+01  7.686030e+01  1.284786e+02  2.554158e+02 
 1.169866e+00  2.849251e+01  7.563278e+01  1.264589e+02  2.516998e+02 
 1.186174e+00  2.791341e+01  7.442799e+01  1.244313e+02  2.474205e+02 
 1.202708e+00  2.740166e+01  7.317640e+01  1.224966e+02  2.436188e+02 
 1.219473e+00  2.689848e+01  7.200798e+01  1.206429e+02  2.394207e+02 
 1.236472e+00  2.636969e+01  7.082380e+01  1.187909e+02  2.358672e+02 
 1.253708e+00  2.588296e+01  6.959955e+01  1.166343e+02  2.320093e+02 
 1.271184e+00  2.540168e+01  6.866958e+01  1.151319e+02  2.282931e+02 
 1.288904e+00  2.491326e+01  6.728027e+01  1.129621e+02  2.247434e+02 
 1.306870e+00  2.442109e+01  6.614239e+01  1.110923e+02  2.207434e+02 
 1.325087e+00  2.400079e+01  6.509666e+01  1.093577e+02  2.169218e+02 
 1.343558e+00  2.354705e+01  6.398361e+01  1.075363e+02  2.132625e+02 
 1.362287e+00  2.312728e+01  6.288095e+01  1.056221e+02  2.095537e+02 
 1.381276e+00  2.268481e+01  6.185420e+01  1.036781e+02  2.058573e+02 
 1.400531e+00  2.227566e+01  6.082293e+01  1.020359e+02  2.021573e+02 
 1.420053e+00  2.184830e+01  5.971630e+01  1.003569e+02  1.986060e+02 
 1.439848e+00  2.145522e+01  5.878373e+01  9.857365e+01  1.952066e+02 
 1.459919e+00  2.103650e+01  5.776816e+01  9.689919e+01  1.915618e+02 
 1.480269e+00  2.069903e+01  5.670441e+01  9.510829e+01  1.878464e+02 
 1.500903e+00  2.031613e+01  5.578697e+01  9.345714e+01  1.847643e+02 
 1.521825e+00  1.993587e+01  5.489611e+01  9.192990e+01  1.813849e+02 
 1.543038e+00  1.956159e+01  5.394082e+01  9.041026e+01  1.782902e+02 
 1.564548e+00  1.923574e+01  5.303580e+01  8.880667e+01  1.748467e+02 
 1.586357e+00  1.888936e+01  5.216391e+01  8.726379e+01  1.715578e+02 
 1.608469e+00  1.852628e+01  5.126278e+01  8.571695e+01  1.685146e+02 
 1.630891e+00  1.824339e+01  5.030052e+01  8.400440e+01  1.649805e+02 
 1.653624e+00  1.788928e+01  4.941849e+01  8.258393e+01  1.621251e+02 
 1.676675e+00  1.756292e+01  4.862681e+01  8.115022e+01  1.588824e+02 
 1.700047e+00  1.724355e+01  4.778679e+01  7.966061e+01  1.558608e+02 
 1.723745e+00  1.695448e+01  4.691731e+01  7.818863e+01  1.526293e+02 
 1.747773e+00  1.662738e+01  4.606053e+01  7.669882e+01  1.495830e+02 
 1.772136e+00  1.633429e+01  4.526260e+01  7.525418e+01  1.467463e+02 
 1.796838e+00  1.604927e+01  4.444087e+01  7.384773e+01  1.437708e+02 
 1.821885e+00  1.579012e+01  4.363858e+01  7.242326e+01  1.409382e+02 
 1.847281e+00  1.549606e+01  4.291792e+01  7.113989e+01  1.381001e+02 
 1.873032e+00  1.522802e+01  4.212164e+01  6.967382e+01  1.353089e+02 
 1.899141e+00  1.495621e+01  4.131946e+01  6.836526e+01  1.325749e+02 
 1.925614e+00  1.470497e+01  4.059333e+01  6.707131e+01  1.297643e+02 
 1.952456e+00  1.448222e+01  3.990206e+01  6.581105e+01  1.270695e+02 
 1.979672e+00  1.419757e+01  3.919167e+01  6.454212e+01  1.244436e+02 
 2.007267e+00  1.396491e+01  3.846130e+01  6.319650e+01  1.218654e+02 
 2.035248e+00  1.370695e+01  3.771197e+01  6.191617e+01  1.191922e+02 
 2.063618e+00  1.346346e+01  3.698502e+01  6.065369e+01  1.165870e+02 
 2.092383e+00  1.323305e+01  3.628018e+01  5.939810e+01  1.140563e+02 
 2.121550e+00  1.299142e+01  3.557757e+01  5.818647e+01  1.115598e+02 
 2.151123e+00  1.276800e+01  3.490814e+01  5.696410e+01  1.090500e+02 
 2.181109e+00  1.253927e+01  3.420824e+01  5.578535e+01  1.066933e+02 
 2.211512e+00  1.232233e+01  3.352592e+01  5.458030e+01  1.042117e+02 
 2.242340e+00  1.210621e+01  3.290485e+01  5.346238e+01  1.019178e+02 
 2.273597e+00  1.188214e+01  3.225765e+01  5.228852e+01  9.960329e+01 
 2.305289e+00  1.168787e+01  3.161560e+01  5.119588e+01  9.737648e+01 
 2.337424e+00  1.148585e+01  3.097770e+01  5.008114e+01  9.521000e+01 
 2.370006e+00  1.127946e+01  3.035913e+01  4.901677e+01  9.305942e+01 
 2.403043e+00  1.106969e+01  2.975764e+01  4.792894e+01  9.089232e+01 
 2.436540e+00  1.088503e+01  2.917222e+01  4.689739e+01  8.879044e+01 
 2.470504e+00  1.069159e+01  2.857954e+01  4.584699e+01  8.671017e+01 
 2.504942e+00  1.050395e+01  2.800879e+01  4.485514e+01  8.471216e+01 
 2.539859e+00  1.032438e+01  2.742211e+01  4.383271e+01  8.267391e+01 
 2.575263e+00  1.013064e+01  2.683747e+01  4.287331e+01  8.076389e+01 
 2.611161e+00  9.955868e+00  2.628300e+01  4.187624e+01  7.884391e+01 
 2.647559e+00  9.777236e+00  2.572580e+01  4.090176e+01  7.691273e+01 
 2.684465e+00  9.600576e+00  2.519388e+01  3.996581e+01  7.505960e+01 
 2.721885e+00  9.420886e+00  2.463187e+01  3.904148e+01  7.325227e+01 
 2.759826e+00  9.252284e+00  2.409500e+01  3.811902e+01  7.147107e+01 
 2.798297e+00  9.081491e+00  2.357875e+01  3.723415e+01  6.976815e+01 
 2.837304e+00  8.917318e+00  2.306465e+01  3.636044e+01  6.806726e+01 
 2.876854e+00  8.752834e+00  2.255633e+01  3.549904e+01  6.641201e+01 
 2.916956e+00  8.593495e+00  2.206750e+01  3.466369e+01  6.475490e+01 
 2.957617e+00  8.438415e+00  2.158732e+01  3.385482e+01  6.317814e+01 
 2.998844e+00  8.283337e+00  2.111440e+01  3.304965e+01  6.162154e+01 
 3.040646e+00  8.130498e+00  2.064181e+01  3.225154e+01  6.013928e+01 
 3.083031e+00  7.981073e+00  2.017421e+01  3.148028e+01  5.865461e+01 
 3.126007e+00  7.835301e+00  1.973218e+01  3.072529e+01  5.718040e+01 
 3.169582e+00  7.687897e+00  1.927319e+01  2.996208e+01  5.575667e+01 
 3.213764e+00  7.543102e+00  1.883426e+01  2.923217e+01  5.436291e+01 
 3.258562e+00  7.397980e+00  1.840703e+01  2.851615e+01  5.299334e+01 
 3.303985e+00  7.257010e+00  1.797269e+01  2.780762e+01  5.165639e+01 
 3.350041e+00  7.118220e+00  1.754788e+01  2.711381e+01  5.034540e+01 
 3.396739e+00  6.979365e+00  1.713729e+01  2.644527e+01  4.905353e+01 
 3.444087e+00  6.845643e+00  1.673052e+01  2.576811e+01  4.780288e+01 
 3.492096e+00  6.713357e+00  1.633838e+01  2.513288e+01  4.660228e+01 
 3.540774e+00  6.578362e+00  1.595267e+01  2.450574e+01  4.541540e+01 
 3.590130e+00  6.451678e+00  1.557094e+01  2.388558e+01  4.426785e+01 
 3.640175e+00  6.326365e+00  1.520220e+01  2.329492e+01  4.314653e+01 
 3.690917e+00  6.200549e+00  1.484555e+01  2.269984e+01  4.204212e+01 
 3.742366e+00  6.078340e+00  1.448330e+01  2.213256e+01  4.098618e+01 
 3.794533e+00  5.959355e+00  1.413955e+01  2.157722e+01  3.994137e+01 
 3.847427e+00  5.840013e+00  1.379667e+01  2.102831e+01  3.893130e+01 
 3.901058e+00  5.720769e+00  1.346261e+01  2.049777e+01  3.792769e+01 
 3.955436e+00  5.608176e+00  1.313407e+01  1.996541e+01  3.694459e+01 
 4.010573e+00  5.491129e+00  1.281024e+01  1.945945e+01  3.600218e+01 
 4.066478e+00  5.377944e+00  1.248998e+01  1.895412e+01  3.506390e+01 
 4.123163e+00  5.265801e+00  1.218296e+01  1.846421e+01  3.415113e+01 
 4.180637e+00  5.156889e+00  1.188133e+01  1.798904e+01  3.326016e+01 
 4.238913e+00  5.048710e+00  1.158196e+01  1.751973e+01  3.239917e+01 
 4.298001e+00  4.940504e+00  1.129147e+01  1.706648e+01  3.155338e+01 
 4.357913e+00  4.838364e+00  1.100703e+01  1.662491e+01  3.073925e+01 
 4.418660e+00  4.735286e+00  1.073421e+01  1.619303e+01  2.994758e+01 
 4.480254e+00  4.633540e+00  1.046362e+01  1.577411e+01  2.917230e+01 
 4.542706e+00  4.536003e+00  1.019976e+01  1.536501e+01  2.841799e+01 
 4.606029e+00  4.438430e+00  9.945718e+00  1.496972e+01  2.769076e+01 
 4.670234e+00  4.342761e+00  9.696383e+00  1.458744e+01  2.698135e+01 
 4.735335e+00  4.249371e+00  9.453621e+00  1.421065e+01  2.628426e+01 
 4.801343e+00  4.158764e+00  9.216722e+00  1.384416e+01  2.560244e+01 
 4.868271e+00  4.067527e+00  8.982310e+00  1.348294e+01  2.493635e+01 
 4.936132e+00  3.978046e+00  8.752725e+00  1.313066e+01  2.428585e+01 
 5.004939e+00  3.889547e+00  8.529250e+00  1.278692e+01  2.364926e+01 
 5.074705e+00  3.802070e+00  8.310197e+00  1.244984e+01  2.303011e+01 
 5.145444e+00  3.717609e+00  8.096330e+00  1.212271e+01  2.242592e+01 
 5.217169e+00  3.633018e+00  7.886733e+00  1.180220e+01  2.183024e+01 
 5.289893e+00  3.551775e+00  7.683833e+00  1.149468e+01  2.126118e+01 
 5.363631e+00  3.470238e+00  7.485573e+00  1.119021e+01  2.070044e+01 
 5.438397e+00  3.391698e+00  7.291835e+00  1.089670e+01  2.015544e+01 
 5.514206e+00  3.314384e+00  7.104153e+00  1.061108e+01  1.962849e+01 
 5.591071e+00  3.237966e+00  6.921640e+00  1.033294e+01  1.911442e+01 
 5.669007e+00  3.164838e+00  6.743857e+00  1.006400e+01  1.861844e+01 
 5.748030e+00  3.092401e+00  6.571059e+00  9.800600e+00  1.813075e+01 
 5.828155e+00  3.021396e+00  6.402853e+00  9.546196e+00  1.765848e+01 
 5.909396e+00  2.951952e+00  6.238448e+00  9.297493e+00  1.719889e+01 
 5.991770e+00  2.883477e+00  6.077550e+00  9.053530e+00  1.674904e+01 
 6.075292e+00  2.816381e+00  5.920961e+00  8.816510e+00  1.630681e+01 
 6.159978e+00  2.750414e+00  5.766937e+00  8.584085e+00  1.587657e+01 
 6.245845e+00  2.685665e+00  5.617035e+00  8.357569e+00  1.545577e+01 
 6.332908e+00  2.621989e+00  5.469902e+00  8.135914e+00  1.504335e+01 
 6.421186e+00  2.559857e+00  5.327154e+00  7.919700e+00  1.464214e+01 
 6.510694e+00  2.498709e+00  5.187739e+00  7.709643e+00  1.425173e+01 
 6.601449e+00  2.439386e+00  5.052321e+00  7.505218e+00  1.387125e+01 
 6.693470e+00  2.380781e+00  4.919932e+00  7.305656e+00  1.350063e+01 
 6.786773e+00  2.323906e+00  4.791379e+00  7.111829e+00  1.314126e+01 
 6.881377e+00  2.268583e+00  4.666734e+00  6.923891e+00  1.279064e+01 
 6.977300e+00  2.214313e+00  4.545799e+00  6.742296e+00  1.245076e+01 
 7.074559e+00  2.161871e+00  4.427923e+00  6.564564e+00  1.211977e+01 
 7.173175e+00  2.110249e+00  4.313614e+00  6.392092e+00  1.179895e+01 
 7.273165e+00  2.060176e+00  4.202331e+00  6.225120e+00  1.148643e+01 
 7.374549e+00  2.010947e+00  4.093581e+00  6.061556e+00  1.118249e+01 
 7.477346e+00  1.962718e+00  3.987862e+00  5.902788e+00  1.088439e+01 
 7.581576e+00  1.915693e+00  3.883880e+00  5.746620e+00  1.059306e+01 
 7.687260e+00  1.869375e+00  3.782855e+00  5.594487e+00  1.030922e+01 
 7.794416e+00  1.824164e+00  3.684180e+00  5.445568e+00  1.003105e+01 
 7.903066e+00  1.779958e+00  3.587322e+00  5.300051e+00  9.759090e+00 
 8.013230e+00  1.736731e+00  3.493668e+00  5.159422e+00  9.495082e+00 
 8.124930e+00  1.694435e+00  3.402251e+00  5.021939e+00  9.237655e+00 
 8.238187e+00  1.653405e+00  3.313162e+00  4.887974e+00  8.987097e+00 
 8.353023e+00  1.613226e+00  3.226647e+00  4.758047e+00  8.743475e+00 
 8.469460e+00  1.574203e+00  3.142746e+00  4.632002e+00  8.507118e+00 
 8.587519e+00  1.536275e+00  3.061062e+00  4.509213e+00  8.277436e+00 
 8.707225e+00  1.499334e+00  2.981700e+00  4.390363e+00  8.054588e+00 
 8.828599e+00  1.463428e+00  2.904998e+00  4.275031e+00  7.837991e+00 
 8.951665e+00  1.428358e+00  2.830489e+00  4.162834e+00  7.628254e+00 
 9.076446e+00  1.394368e+00  2.757927e+00  4.054083e+00  7.424334e+00 
 9.202967e+00  1.361141e+00  2.687303e+00  3.948280e+00  7.225383e+00 
 9.331251e+00  1.328645e+00  2.618303e+00  3.844590e+00  7.031380e+00 
 9.461324e+00  0.000000e+00  0.000000e+00  0.000000e+00  0.000000e+00 
 9.593209e+00  0.000000e+00  0.000000e+00  0.000000e+00  0.000000e+00 
 9.726934e+00  0.000000e+00  0.000000e+00  0.000000e+00  0.000000e+00 
 9.862522e+00  0.000000e+00  0.000000e+00  0.000000e+00  0.000000e+00 
 1.000000e+01  0.000000e+00  0.000000e+00  0.000000e+00  0.000000e+00 
