 1.000000e-02  6.056845e+03  1.127384e+04  1.541634e+04  2.329577e+04 
 1.013939e-02  6.087154e+03  1.133010e+04  1.549313e+04  2.341137e+04 
 1.028073e-02  6.116891e+03  1.138529e+04  1.556844e+04  2.352474e+04 
 1.042404e-02  6.146043e+03  1.143939e+04  1.564224e+04  2.363582e+04 
 1.056935e-02  6.174583e+03  1.149234e+04  1.571447e+04  2.374449e+04 
 1.071668e-02  6.202494e+03  1.154410e+04  1.578509e+04  2.385069e+04 
 1.086606e-02  6.229755e+03  1.159465e+04  1.585403e+04  2.395438e+04 
 1.101753e-02  6.256340e+03  1.164394e+04  1.592123e+04  2.405542e+04 
 1.117111e-02  6.282230e+03  1.169193e+04  1.598666e+04  2.415374e+04 
 1.132683e-02  6.307393e+03  1.173856e+04  1.605022e+04  2.424923e+04 
 1.148472e-02  6.331818e+03  1.178379e+04  1.611188e+04  2.434183e+04 
 1.164481e-02  6.355476e+03  1.182761e+04  1.617157e+04  2.443144e+04 
 1.180713e-02  6.378348e+03  1.186995e+04  1.622925e+04  2.451800e+04 
 1.197171e-02  6.400408e+03  1.191076e+04  1.628485e+04  2.460138e+04 
 1.213859e-02  6.421638e+03  1.195003e+04  1.633832e+04  2.468153e+04 
 1.230780e-02  6.442016e+03  1.198770e+04  1.638959e+04  2.475834e+04 
 1.247936e-02  6.461520e+03  1.202375e+04  1.643863e+04  2.483176e+04 
 1.265332e-02  6.480128e+03  1.205812e+04  1.648537e+04  2.490169e+04 
 1.282970e-02  6.497822e+03  1.209077e+04  1.652976e+04  2.496807e+04 
 1.300854e-02  6.514582e+03  1.212169e+04  1.657176e+04  2.503080e+04 
 1.318987e-02  6.530385e+03  1.215081e+04  1.661131e+04  2.508981e+04 
 1.337373e-02  6.545208e+03  1.217809e+04  1.664836e+04  2.514503e+04 
 1.356015e-02  6.559027e+03  1.220351e+04  1.668283e+04  2.519632e+04 
 1.374917e-02  6.571821e+03  1.222701e+04  1.671467e+04  2.524363e+04 
 1.394083e-02  6.583558e+03  1.224854e+04  1.674381e+04  2.528684e+04 
 1.413516e-02  6.594221e+03  1.226807e+04  1.677020e+04  2.532587e+04 
 1.433219e-02  6.603780e+03  1.228552e+04  1.679377e+04  2.536063e+04 
 1.453198e-02  6.612217e+03  1.230088e+04  1.681446e+04  2.539101e+04 
 1.473454e-02  6.619511e+03  1.231411e+04  1.683222e+04  2.541697e+04 
 1.493993e-02  6.625639e+03  1.232517e+04  1.684701e+04  2.543839e+04 
 1.514819e-02  6.630583e+03  1.233403e+04  1.685881e+04  2.545535e+04 
 1.535935e-02  6.634323e+03  1.234067e+04  1.686756e+04  2.546769e+04 
 1.557345e-02  6.636838e+03  1.234502e+04  1.687319e+04  2.547527e+04 
 1.579053e-02  6.638107e+03  1.234704e+04  1.687564e+04  2.547804e+04 
 1.601064e-02  6.638118e+03  1.234671e+04  1.687486e+04  2.547593e+04 
 1.623382e-02  6.636859e+03  1.234401e+04  1.687084e+04  2.546889e+04 
 1.646012e-02  6.634311e+03  1.233892e+04  1.686352e+04  2.545687e+04 
 1.668956e-02  6.630458e+03  1.233138e+04  1.685288e+04  2.543981e+04 
 1.692220e-02  6.625282e+03  1.232138e+04  1.683886e+04  2.541762e+04 
 1.715809e-02  6.618764e+03  1.230889e+04  1.682141e+04  2.539024e+04 
 1.739726e-02  6.610887e+03  1.229384e+04  1.680048e+04  2.535760e+04 
 1.763977e-02  6.601629e+03  1.227623e+04  1.677603e+04  2.531962e+04 
 1.788566e-02  6.590978e+03  1.225603e+04  1.674804e+04  2.527626e+04 
 1.813498e-02  6.578919e+03  1.223319e+04  1.671644e+04  2.522746e+04 
 1.838777e-02  6.565443e+03  1.220772e+04  1.668124e+04  2.517318e+04 
 1.864409e-02  6.550533e+03  1.217957e+04  1.664238e+04  2.511336e+04 
 1.890397e-02  6.534188e+03  1.214876e+04  1.659984e+04  2.504800e+04 
 1.916748e-02  6.516395e+03  1.211524e+04  1.655363e+04  2.497705e+04 
 1.943467e-02  6.497156e+03  1.207903e+04  1.650372e+04  2.490051e+04 
 1.970558e-02  6.476466e+03  1.204010e+04  1.645011e+04  2.481837e+04 
 1.998026e-02  6.454326e+03  1.199849e+04  1.639281e+04  2.473066e+04 
 2.025878e-02  6.430737e+03  1.195418e+04  1.633183e+04  2.463736e+04 
 2.054117e-02  6.405717e+03  1.190720e+04  1.626719e+04  2.453853e+04 
 2.082751e-02  6.379269e+03  1.185755e+04  1.619890e+04  2.443418e+04 
 2.111783e-02  6.351393e+03  1.180525e+04  1.612698e+04  2.432435e+04 
 2.141220e-02  6.322171e+03  1.175042e+04  1.605156e+04  2.420910e+04 
 2.171068e-02  6.292136e+03  1.169382e+04  1.597346e+04  2.408917e+04 
 2.201331e-02  6.260673e+03  1.163455e+04  1.589173e+04  2.396373e+04 
 2.232016e-02  6.227795e+03  1.157266e+04  1.580640e+04  2.383283e+04 
 2.263130e-02  6.193496e+03  1.150812e+04  1.571745e+04  2.369647e+04 
 2.294676e-02  6.157794e+03  1.144097e+04  1.562493e+04  2.355473e+04 
 2.326663e-02  6.120705e+03  1.137124e+04  1.552887e+04  2.340764e+04 
 2.359095e-02  6.082243e+03  1.129896e+04  1.542935e+04  2.325531e+04 
 2.391980e-02  6.042434e+03  1.122416e+04  1.532639e+04  2.309780e+04 
 2.425323e-02  6.001299e+03  1.114691e+04  1.522006e+04  2.293521e+04 
 2.459130e-02  5.958876e+03  1.106726e+04  1.511047e+04  2.276770e+04 
 2.493409e-02  5.915195e+03  1.098528e+04  1.499769e+04  2.259537e+04 
 2.528166e-02  5.870298e+03  1.090105e+04  1.488183e+04  2.241840e+04 
 2.563407e-02  5.824236e+03  1.081465e+04  1.476301e+04  2.223698e+04 
 2.599140e-02  5.777050e+03  1.072616e+04  1.464135e+04  2.205128e+04 
 2.635371e-02  5.728797e+03  1.063569e+04  1.451698e+04  2.186150e+04 
 2.672106e-02  5.679498e+03  1.054329e+04  1.438998e+04  2.166776e+04 
 2.709354e-02  5.629192e+03  1.044902e+04  1.426042e+04  2.147019e+04 
 2.747121e-02  5.577899e+03  1.035292e+04  1.412838e+04  2.126889e+04 
 2.785414e-02  5.525594e+03  1.025497e+04  1.399384e+04  2.106388e+04 
 2.824241e-02  5.472031e+03  1.015481e+04  1.385640e+04  2.085482e+04 
 2.863610e-02  5.417609e+03  1.005307e+04  1.371681e+04  2.064251e+04 
 2.903527e-02  5.362378e+03  9.949823e+03  1.357516e+04  2.042716e+04 
 2.944000e-02  5.306393e+03  9.845182e+03  1.343163e+04  2.020897e+04 
 2.985038e-02  5.249711e+03  9.739257e+03  1.328636e+04  1.998819e+04 
 3.026648e-02  5.192396e+03  9.632171e+03  1.313949e+04  1.976503e+04 
 3.068838e-02  5.134526e+03  9.524059e+03  1.299124e+04  1.953982e+04 
 3.111616e-02  5.076178e+03  9.415067e+03  1.284181e+04  1.931284e+04 
 3.154990e-02  5.017439e+03  9.305356e+03  1.269138e+04  1.908441e+04 
 3.198969e-02  4.958398e+03  9.195096e+03  1.254022e+04  1.885491e+04 
 3.243561e-02  4.899160e+03  9.084475e+03  1.238859e+04  1.862470e+04 
 3.288774e-02  4.839822e+03  8.973676e+03  1.223671e+04  1.839416e+04 
 3.334618e-02  4.780464e+03  8.862853e+03  1.208481e+04  1.816362e+04 
 3.381101e-02  4.721133e+03  8.752087e+03  1.193298e+04  1.793323e+04 
 3.428231e-02  4.661875e+03  8.641462e+03  1.178137e+04  1.770318e+04 
 3.476019e-02  4.602512e+03  8.530984e+03  1.163035e+04  1.747515e+04 
 3.524473e-02  4.543317e+03  8.420838e+03  1.147980e+04  1.724788e+04 
 3.573602e-02  4.484357e+03  8.311134e+03  1.132985e+04  1.702156e+04 
 3.623416e-02  4.425692e+03  8.201983e+03  1.118065e+04  1.679641e+04 
 3.673925e-02  4.367385e+03  8.093502e+03  1.103240e+04  1.657267e+04 
 3.725137e-02  4.309501e+03  7.985813e+03  1.088522e+04  1.635059e+04 
 3.777064e-02  4.252112e+03  7.879048e+03  1.073931e+04  1.613045e+04 
 3.829714e-02  4.195290e+03  7.773344e+03  1.059485e+04  1.591251e+04 
 3.883098e-02  4.139116e+03  7.668849e+03  1.045205e+04  1.569711e+04 
 3.937226e-02  4.083672e+03  7.565707e+03  1.031111e+04  1.548450e+04 
 3.992109e-02  4.029045e+03  7.464090e+03  1.017224e+04  1.527505e+04 
 4.047757e-02  3.975318e+03  7.364109e+03  1.003558e+04  1.506882e+04 
 4.104181e-02  3.922348e+03  7.264878e+03  9.899213e+03  1.486102e+04 
 4.161391e-02  3.870423e+03  7.167592e+03  9.765521e+03  1.465728e+04 
 4.219398e-02  3.819558e+03  7.072290e+03  9.634536e+03  1.445764e+04 
 4.278214e-02  3.769777e+03  6.979009e+03  9.506320e+03  1.426221e+04 
 4.337850e-02  3.721103e+03  6.887790e+03  9.380935e+03  1.407108e+04 
 4.398317e-02  3.673554e+03  6.798665e+03  9.258412e+03  1.388429e+04 
 4.459628e-02  3.627151e+03  6.711677e+03  9.138813e+03  1.370192e+04 
 4.521792e-02  3.581905e+03  6.626851e+03  9.022174e+03  1.352404e+04 
 4.584824e-02  3.537835e+03  6.544209e+03  8.908524e+03  1.335067e+04 
 4.648734e-02  3.494952e+03  6.463776e+03  8.797892e+03  1.318186e+04 
 4.713535e-02  3.453426e+03  6.386691e+03  8.692695e+03  1.302357e+04 
 4.779239e-02  3.413197e+03  6.312501e+03  8.591961e+03  1.287339e+04 
 4.845859e-02  3.374148e+03  6.240490e+03  8.494193e+03  1.272764e+04 
 4.913407e-02  3.336253e+03  6.170615e+03  8.399325e+03  1.258622e+04 
 4.981898e-02  3.299480e+03  6.102808e+03  8.307274e+03  1.244902e+04 
 5.051342e-02  3.263785e+03  6.037002e+03  8.217939e+03  1.231587e+04 
 5.121755e-02  3.229127e+03  5.973108e+03  8.131207e+03  1.218662e+04 
 5.193150e-02  3.195453e+03  5.911032e+03  8.046950e+03  1.206107e+04 
 5.265540e-02  3.162706e+03  5.850672e+03  7.965023e+03  1.193901e+04 
 5.338938e-02  3.130568e+03  5.790944e+03  7.883451e+03  1.181613e+04 
 5.413360e-02  3.098909e+03  5.731516e+03  7.801684e+03  1.169133e+04 
 5.488820e-02  3.067948e+03  5.673392e+03  7.721692e+03  1.156922e+04 
 5.565331e-02  3.037593e+03  5.616393e+03  7.643243e+03  1.144943e+04 
 5.642908e-02  3.007754e+03  5.560350e+03  7.566102e+03  1.133160e+04 
 5.721568e-02  2.978308e+03  5.505039e+03  7.489954e+03  1.121528e+04 
 5.801323e-02  2.949136e+03  5.450238e+03  7.414507e+03  1.110000e+04 
 5.882190e-02  2.920131e+03  5.395764e+03  7.339526e+03  1.098546e+04 
 5.964185e-02  2.891468e+03  5.342320e+03  7.266355e+03  1.087477e+04 
 6.047322e-02  2.863376e+03  5.290984e+03  7.197147e+03  1.077295e+04 
 6.131619e-02  2.835113e+03  5.239337e+03  7.127522e+03  1.067052e+04 
 6.217090e-02  2.806476e+03  5.186988e+03  7.056924e+03  1.056659e+04 
 6.303753e-02  2.777406e+03  5.133809e+03  6.985168e+03  1.046084e+04 
 6.391624e-02  2.747742e+03  5.079514e+03  6.911879e+03  1.035275e+04 
 6.480720e-02  2.717413e+03  5.023988e+03  6.836912e+03  1.024215e+04 
 6.571058e-02  2.686299e+03  4.967014e+03  6.759987e+03  1.012864e+04 
 6.662655e-02  2.653097e+03  4.904190e+03  6.672992e+03  9.994215e+03 
 6.755528e-02  2.618883e+03  4.839459e+03  6.583365e+03  9.855758e+03 
 6.849697e-02  2.583624e+03  4.772813e+03  6.491160e+03  9.713526e+03 
 6.945178e-02  2.547247e+03  4.704134e+03  6.396222e+03  9.567287e+03 
 7.041990e-02  2.509710e+03  4.633345e+03  6.298449e+03  9.416910e+03 
 7.140151e-02  2.470985e+03  4.560390e+03  6.197771e+03  9.262303e+03 
 7.239681e-02  2.431368e+03  4.486152e+03  6.095779e+03  9.107090e+03 
 7.340598e-02  2.390926e+03  4.410815e+03  5.992788e+03  8.951973e+03 
 7.442922e-02  2.349300e+03  4.333316e+03  5.886889e+03  8.792587e+03 
 7.546673e-02  2.306541e+03  4.253756e+03  5.778221e+03  8.629140e+03 
 7.651869e-02  2.262719e+03  4.172262e+03  5.666954e+03  8.461892e+03 
 7.758532e-02  2.217927e+03  4.089008e+03  5.553326e+03  8.291201e+03 
 7.866682e-02  2.173181e+03  4.007098e+03  5.442767e+03  8.128218e+03 
 7.976339e-02  2.129157e+03  3.928521e+03  5.338710e+03  7.979906e+03 
 8.087525e-02  2.084493e+03  3.848695e+03  5.232889e+03  7.828798e+03 
 8.200261e-02  2.039358e+03  3.767929e+03  5.125719e+03  7.675497e+03 
 8.314568e-02  1.993931e+03  3.686548e+03  5.017639e+03  7.520647e+03 
 8.430468e-02  1.948408e+03  3.604910e+03  4.909134e+03  7.364959e+03 
 8.547985e-02  1.902063e+03  3.520333e+03  4.795253e+03  7.197885e+03 
 8.667139e-02  1.855634e+03  3.434933e+03  4.679609e+03  7.026594e+03 
 8.787954e-02  1.809794e+03  3.350607e+03  4.565409e+03  6.857404e+03 
 8.910453e-02  1.764750e+03  3.267737e+03  4.453169e+03  6.691087e+03 
 9.034660e-02  1.720708e+03  3.186706e+03  4.343407e+03  6.528414e+03 
 9.160598e-02  1.678513e+03  3.109969e+03  4.240286e+03  6.377518e+03 
 9.288292e-02  1.638263e+03  3.037597e+03  4.143800e+03  6.238163e+03 
 9.417766e-02  1.599518e+03  2.967931e+03  4.050914e+03  6.103992e+03 
 9.549045e-02  1.562433e+03  2.901257e+03  3.962021e+03  5.975603e+03 
 9.682153e-02  1.527139e+03  2.837820e+03  3.877463e+03  5.853523e+03 
 9.817117e-02  1.493906e+03  2.778447e+03  3.798657e+03  5.740545e+03 
 9.953962e-02  1.462694e+03  2.722858e+03  3.725038e+03  5.635401e+03 
 1.009272e-01  1.433466e+03  2.670873e+03  3.656256e+03  5.537335e+03 
 1.023340e-01  1.406234e+03  2.622519e+03  3.592356e+03  5.446432e+03 
 1.037605e-01  1.380273e+03  2.575616e+03  3.529607e+03  5.355350e+03 
 1.052069e-01  1.353622e+03  2.524214e+03  3.457802e+03  5.243940e+03 
 1.066734e-01  1.328854e+03  2.476348e+03  3.390852e+03  5.139898e+03 
 1.081604e-01  1.305832e+03  2.431751e+03  3.328389e+03  5.042659e+03 
 1.096681e-01  1.284387e+03  2.390112e+03  3.269986e+03  4.951575e+03 
 1.111968e-01  1.264711e+03  2.352253e+03  3.217030e+03  4.868851e+03 
 1.127468e-01  1.246204e+03  2.316601e+03  3.167118e+03  4.790763e+03 
 1.143184e-01  1.228601e+03  2.282647e+03  3.119540e+03  4.716227e+03 
 1.159120e-01  1.211639e+03  2.249899e+03  3.073626e+03  4.644241e+03 
 1.175277e-01  1.196187e+03  2.221186e+03  3.034272e+03  4.584351e+03 
 1.191660e-01  1.180916e+03  2.192923e+03  2.995629e+03  4.525746e+03 
 1.208271e-01  1.165455e+03  2.164316e+03  2.956533e+03  4.466498e+03 
 1.225114e-01  1.149527e+03  2.134855e+03  2.916312e+03  4.405722e+03 
 1.242191e-01  1.132706e+03  2.103716e+03  2.874030e+03  4.343047e+03 
 1.259506e-01  1.115004e+03  2.070955e+03  2.829550e+03  4.277089e+03 
 1.277063e-01  1.096245e+03  2.036255e+03  2.782442e+03  4.207207e+03 
 1.294865e-01  1.076758e+03  2.000520e+03  2.734075e+03  4.135403e+03 
 1.312915e-01  1.056549e+03  1.963801e+03  2.684532e+03  4.061782e+03 
 1.331216e-01  1.035080e+03  1.924743e+03  2.631802e+03  3.983376e+03 
 1.349772e-01  1.012433e+03  1.883536e+03  2.576194e+03  3.900783e+03 
 1.368587e-01  9.899340e+02  1.844635e+03  2.526033e+03  3.832914e+03 
 1.387665e-01  9.664797e+02  1.803866e+03  2.473224e+03  3.760792e+03 
 1.407008e-01  9.422740e+02  1.761589e+03  2.418244e+03  3.685093e+03 
 1.426621e-01  9.184115e+02  1.720154e+03  2.364145e+03  3.609033e+03 
 1.446507e-01  8.945758e+02  1.678731e+03  2.309895e+03  3.532028e+03 
 1.466671e-01  8.708003e+02  1.637272e+03  2.255472e+03  3.454491e+03 
 1.487115e-01  8.451610e+02  1.590130e+03  2.191718e+03  3.360258e+03 
 1.507845e-01  8.187779e+02  1.540149e+03  2.123052e+03  3.256857e+03 
 1.528864e-01  7.934999e+02  1.492244e+03  2.057214e+03  3.157650e+03 
 1.550175e-01  7.713054e+02  1.451935e+03  2.003192e+03  3.078989e+03 
 1.571784e-01  7.517898e+02  1.417851e+03  1.958628e+03  3.016400e+03 
 1.593694e-01  7.337886e+02  1.386478e+03  1.917674e+03  2.959050e+03 
 1.615909e-01  7.177648e+02  1.358886e+03  1.881806e+03  2.908849e+03 
 1.638434e-01  7.035149e+02  1.334605e+03  1.850400e+03  2.865118e+03 
 1.661273e-01  6.907999e+02  1.313122e+03  1.822776e+03  2.827033e+03 
 1.684430e-01  6.761479e+02  1.285094e+03  1.784210e+03  2.769317e+03 
 1.707910e-01  6.623946e+02  1.258416e+03  1.747271e+03  2.713735e+03 
 1.731717e-01  6.502866e+02  1.235293e+03  1.715472e+03  2.666155e+03 
 1.755856e-01  6.412751e+02  1.219801e+03  1.695137e+03  2.636626e+03 
 1.780332e-01  6.327139e+02  1.205143e+03  1.675949e+03  2.608867e+03 
 1.805149e-01  6.226889e+02  1.185713e+03  1.648477e+03  2.565127e+03 
 1.830312e-01  6.115921e+02  1.163070e+03  1.615566e+03  2.511110e+03 
 1.855825e-01  6.002753e+02  1.140350e+03  1.582930e+03  2.458400e+03 
 1.881694e-01  5.891499e+02  1.119878e+03  1.555519e+03  2.418753e+03 
 1.907924e-01  5.772463e+02  1.097950e+03  1.526095e+03  2.375976e+03 
 1.934520e-01  5.641678e+02  1.073819e+03  1.493875e+03  2.330326e+03 
 1.961486e-01  5.501585e+02  1.047930e+03  1.459285e+03  2.281395e+03 
 1.988828e-01  5.366122e+02  1.023640e+03  1.427111e+03  2.235736e+03 
 2.016551e-01  5.241854e+02  1.002476e+03  1.399555e+03  2.196591e+03 
 2.044661e-01  5.111340e+02  9.797428e+02  1.369517e+03  2.153038e+03 
 2.073162e-01  4.968403e+02  9.528894e+02  1.332368e+03  2.096043e+03 
 2.102061e-01  4.826723e+02  9.262236e+02  1.295442e+03  2.039285e+03 
 2.131362e-01  4.724541e+02  9.111964e+02  1.277613e+03  2.016176e+03 
 2.161073e-01  4.629245e+02  8.975025e+02  1.261653e+03  1.995970e+03 
 2.191197e-01  4.508115e+02  8.761666e+02  1.233870e+03  1.957987e+03 
 2.221741e-01  4.388993e+02  8.545543e+02  1.205376e+03  1.918879e+03 
 2.252711e-01  4.283808e+02  8.360386e+02  1.181416e+03  1.886411e+03 
 2.284112e-01  4.189789e+02  8.197672e+02  1.160622e+03  1.858660e+03 
 2.315951e-01  4.108582e+02  8.049879e+02  1.140392e+03  1.827322e+03 
 2.348235e-01  4.036364e+02  7.915983e+02  1.121585e+03  1.796706e+03 
 2.380968e-01  3.950240e+02  7.742907e+02  1.096983e+03  1.758383e+03 
 2.414157e-01  3.862868e+02  7.564457e+02  1.071563e+03  1.719137e+03 
 2.447809e-01  3.775515e+02  7.393697e+02  1.047940e+03  1.683115e+03 
 2.481930e-01  3.688655e+02  7.225469e+02  1.024763e+03  1.647797e+03 
 2.516527e-01  3.634666e+02  7.136151e+02  1.012921e+03  1.629881e+03 
 2.551606e-01  3.567547e+02  7.016919e+02  9.968204e+02  1.605737e+03 
 2.587174e-01  3.467200e+02  6.819948e+02  9.696777e+02  1.565869e+03 
 2.623238e-01  3.381359e+02  6.662982e+02  9.486094e+02  1.535462e+03 
 2.659804e-01  3.312400e+02  6.551442e+02  9.344123e+02  1.515783e+03 
 2.696881e-01  3.222977e+02  6.388646e+02  9.124972e+02  1.482929e+03 
 2.734474e-01  3.129142e+02  6.213906e+02  8.887573e+02  1.446955e+03 
 2.772591e-01  3.058734e+02  6.097579e+02  8.742378e+02  1.428253e+03 
 2.811239e-01  2.986910e+02  5.971873e+02  8.581986e+02  1.408079e+03 
 2.850426e-01  2.913191e+02  5.833832e+02  8.401951e+02  1.386197e+03 
 2.890160e-01  2.846831e+02  5.718572e+02  8.251762e+02  1.364500e+03 
 2.930447e-01  2.785936e+02  5.610421e+02  8.104589e+02  1.341168e+03 
 2.971296e-01  2.727971e+02  5.491491e+02  7.922586e+02  1.309108e+03 
 3.012714e-01  2.675698e+02  5.398833e+02  7.798496e+02  1.290597e+03 
 3.054710e-01  2.623224e+02  5.309605e+02  7.686522e+02  1.275808e+03 
 3.097291e-01  2.558864e+02  5.188760e+02  7.526175e+02  1.253638e+03 
 3.140465e-01  2.498914e+02  5.067378e+02  7.350811e+02  1.224679e+03 
 3.184242e-01  2.444159e+02  4.958455e+02  7.193556e+02  1.198659e+03 
 3.228628e-01  2.400111e+02  4.885055e+02  7.101309e+02  1.187315e+03 
 3.273634e-01  2.339044e+02  4.762824e+02  6.925605e+02  1.159094e+03 
 3.319266e-01  2.276005e+02  4.640621e+02  6.756313e+02  1.133516e+03 
 3.365535e-01  2.216638e+02  4.534400e+02  6.619186e+02  1.115137e+03 
 3.412449e-01  2.176076e+02  4.479801e+02  6.553455e+02  1.104476e+03 
 3.460016e-01  2.132391e+02  4.407362e+02  6.459529e+02  1.091179e+03 
 3.508247e-01  2.090159e+02  4.330385e+02  6.355666e+02  1.075838e+03 
 3.557150e-01  2.049610e+02  4.253073e+02  6.249285e+02  1.059253e+03 
 3.606735e-01  2.002345e+02  4.166874e+02  6.135353e+02  1.043156e+03 
 3.657011e-01  1.945570e+02  4.057292e+02  5.984799e+02  1.022228e+03 
 3.707988e-01  1.899725e+02  3.967933e+02  5.862107e+02  1.003928e+03 
 3.759675e-01  1.857294e+02  3.885508e+02  5.748144e+02  9.867230e+02 
 3.812083e-01  1.813170e+02  3.804259e+02  5.637219e+02  9.703210e+02 
 3.865221e-01  1.775633e+02  3.747806e+02  5.569570e+02  9.588548e+02 
 3.919100e-01  1.736850e+02  3.657711e+02  5.433296e+02  9.400181e+02 
 3.973730e-01  1.693954e+02  3.585122e+02  5.340939e+02  9.251379e+02 
 4.029122e-01  1.659633e+02  3.529819e+02  5.263215e+02  9.108463e+02 
 4.085286e-01  1.625294e+02  3.455376e+02  5.156123e+02  8.953962e+02 
 4.142232e-01  1.584477e+02  3.371162e+02  5.044114e+02  8.812758e+02 
 4.199973e-01  1.545182e+02  3.302467e+02  4.956212e+02  8.682480e+02 
 4.258518e-01  1.513733e+02  3.243017e+02  4.871020e+02  8.534305e+02 
 4.317880e-01  1.480108e+02  3.175961e+02  4.771480e+02  8.380803e+02 
 4.378069e-01  1.450186e+02  3.115209e+02  4.683758e+02  8.234826e+02 
 4.439097e-01  1.424872e+02  3.075102e+02  4.635278e+02  8.187646e+02 
 4.500975e-01  1.385571e+02  3.000900e+02  4.532987e+02  8.034831e+02 
 4.563716e-01  1.352104e+02  2.930991e+02  4.430749e+02  7.851941e+02 
 4.627332e-01  1.330781e+02  2.900721e+02  4.397482e+02  7.818117e+02 
 4.691835e-01  1.296287e+02  2.831524e+02  4.297408e+02  7.649178e+02 
 4.757236e-01  1.271432e+02  2.781760e+02  4.228480e+02  7.543030e+02 
 4.823549e-01  1.238083e+02  2.712849e+02  4.130969e+02  7.409324e+02 
 4.890787e-01  1.211715e+02  2.660933e+02  4.060169e+02  7.296842e+02 
 4.958962e-01  1.191868e+02  2.621524e+02  3.998555e+02  7.183027e+02 
 5.028087e-01  1.165078e+02  2.574379e+02  3.934397e+02  7.088460e+02 
 5.098176e-01  1.142995e+02  2.532793e+02  3.873434e+02  6.968770e+02 
 5.169242e-01  1.122402e+02  2.493154e+02  3.819511e+02  6.894112e+02 
 5.241298e-01  1.085262e+02  2.428952e+02  3.739706e+02  6.793518e+02 
 5.314359e-01  1.065900e+02  2.398046e+02  3.696531e+02  6.722851e+02 
 5.388438e-01  1.043052e+02  2.345723e+02  3.618185e+02  6.602308e+02 
 5.463550e-01  1.024141e+02  2.307991e+02  3.561603e+02  6.507366e+02 
 5.539709e-01  9.966625e+01  2.258846e+02  3.498320e+02  6.408390e+02 
 5.616930e-01  9.787045e+01  2.223349e+02  3.447651e+02  6.330726e+02 
 5.695227e-01  9.591755e+01  2.190761e+02  3.406302e+02  6.243757e+02 
 5.774615e-01  9.369982e+01  2.139071e+02  3.329354e+02  6.132387e+02 
 5.855110e-01  9.197774e+01  2.106440e+02  3.278950e+02  6.045285e+02 
 5.936727e-01  8.980478e+01  2.055586e+02  3.207504e+02  5.937515e+02 
 6.019482e-01  8.823553e+01  2.030609e+02  3.167069e+02  5.862166e+02 
 6.103390e-01  8.611037e+01  1.993640e+02  3.118391e+02  5.774322e+02 
 6.188468e-01  8.418111e+01  1.961133e+02  3.088088e+02  5.751203e+02 
 6.274732e-01  8.274060e+01  1.923649e+02  3.024092e+02  5.646322e+02 
 6.362198e-01  8.105304e+01  1.893895e+02  2.980101e+02  5.560175e+02 
 6.450884e-01  7.912069e+01  1.858513e+02  2.930417e+02  5.473541e+02 
 6.540806e-01  7.744532e+01  1.818076e+02  2.869110e+02  5.383132e+02 
 6.631981e-01  7.570459e+01  1.789947e+02  2.837601e+02  5.327415e+02 
 6.724427e-01  7.422767e+01  1.758039e+02  2.792908e+02  5.270013e+02 
 6.818162e-01  7.258968e+01  1.725315e+02  2.735666e+02  5.164445e+02 
 6.913204e-01  7.100834e+01  1.692876e+02  2.693138e+02  5.090861e+02 
 7.009570e-01  6.995797e+01  1.666604e+02  2.654350e+02  5.023401e+02 
 7.107280e-01  6.814424e+01  1.637834e+02  2.613210e+02  4.942790e+02 
 7.206351e-01  6.705018e+01  1.611872e+02  2.578372e+02  4.898000e+02 
 7.306804e-01  6.566130e+01  1.586223e+02  2.535564e+02  4.809360e+02 
 7.408657e-01  6.417599e+01  1.554300e+02  2.489692e+02  4.745186e+02 
 7.511929e-01  6.278249e+01  1.525231e+02  2.451471e+02  4.677347e+02 
 7.616642e-01  6.153180e+01  1.496970e+02  2.411079e+02  4.616175e+02 
 7.722814e-01  6.068400e+01  1.480673e+02  2.382716e+02  4.548412e+02 
 7.830465e-01  5.937936e+01  1.451464e+02  2.341187e+02  4.486359e+02 
 7.939618e-01  5.824940e+01  1.431669e+02  2.309388e+02  4.437422e+02 
 8.050292e-01  5.693459e+01  1.404617e+02  2.277112e+02  4.378167e+02 
 8.162509e-01  5.591233e+01  1.383387e+02  2.238469e+02  4.299908e+02 
 8.276289e-01  5.453173e+01  1.355275e+02  2.200963e+02  4.243116e+02 
 8.391656e-01  5.381706e+01  1.338433e+02  2.169303e+02  4.193530e+02 
 8.508632e-01  5.280819e+01  1.315017e+02  2.138104e+02  4.135122e+02 
 8.627237e-01  5.161692e+01  1.293016e+02  2.105012e+02  4.068140e+02 
 8.747496e-01  5.063936e+01  1.270489e+02  2.072717e+02  4.011252e+02 
 8.869432e-01  4.973487e+01  1.251529e+02  2.043520e+02  3.959079e+02 
 8.993067e-01  4.869963e+01  1.230828e+02  2.011224e+02  3.899577e+02 
 9.118425e-01  4.791074e+01  1.209128e+02  1.976592e+02  3.829054e+02 
 9.245531e-01  4.684322e+01  1.188286e+02  1.944635e+02  3.783724e+02 
 9.374409e-01  4.591505e+01  1.169184e+02  1.918274e+02  3.730582e+02 
 9.505083e-01  4.512340e+01  1.150020e+02  1.889285e+02  3.676520e+02 
 9.637579e-01  4.413681e+01  1.127420e+02  1.855002e+02  3.619840e+02 
 9.771921e-01  4.352353e+01  1.119763e+02  1.836042e+02  3.570130e+02 
 9.908137e-01  4.266053e+01  1.098084e+02  1.805481e+02  3.520770e+02 
 1.004625e+00  4.180645e+01  1.077413e+02  1.773400e+02  3.459990e+02 
 1.018629e+00  4.109206e+01  1.061810e+02  1.747642e+02  3.407935e+02 
 1.032828e+00  4.027596e+01  1.044484e+02  1.723713e+02  3.369094e+02 
 1.047225e+00  3.946590e+01  1.028785e+02  1.695560e+02  3.309059e+02 
 1.061823e+00  3.883094e+01  1.014232e+02  1.671579e+02  3.260422e+02 
 1.076624e+00  3.808088e+01  9.975163e+01  1.645740e+02  3.209346e+02 
 1.091632e+00  3.740851e+01  9.806838e+01  1.621005e+02  3.158489e+02 
 1.106848e+00  3.666832e+01  9.633175e+01  1.595005e+02  3.113394e+02 
 1.122277e+00  3.599013e+01  9.491548e+01  1.568026e+02  3.059752e+02 
 1.137921e+00  3.531341e+01  9.323648e+01  1.543389e+02  3.012278e+02 
 1.153783e+00  3.471115e+01  9.174197e+01  1.518969e+02  2.966725e+02 
 1.169866e+00  3.407913e+01  9.031378e+01  1.495204e+02  2.923120e+02 
 1.186174e+00  3.343120e+01  8.892737e+01  1.471836e+02  2.874259e+02 
 1.202708e+00  3.286252e+01  8.748917e+01  1.449357e+02  2.828518e+02 
 1.219473e+00  3.228961e+01  8.614026e+01  1.427605e+02  2.779736e+02 
 1.236472e+00  3.169194e+01  8.479265e+01  1.406005e+02  2.737449e+02 
 1.253708e+00  3.114899e+01  8.336246e+01  1.381346e+02  2.695280e+02 
 1.271184e+00  3.060684e+01  8.232814e+01  1.363859e+02  2.650681e+02 
 1.288904e+00  3.005901e+01  8.071754e+01  1.339123e+02  2.610220e+02 
 1.306870e+00  2.949329e+01  7.942158e+01  1.317341e+02  2.564324e+02 
 1.325087e+00  2.902467e+01  7.821173e+01  1.296978e+02  2.519501e+02 
 1.343558e+00  2.851267e+01  7.692826e+01  1.275778e+02  2.476738e+02 
 1.362287e+00  2.804289e+01  7.562995e+01  1.253316e+02  2.434485e+02 
 1.381276e+00  2.754096e+01  7.441312e+01  1.230623e+02  2.392459e+02 
 1.400531e+00  2.707268e+01  7.321166e+01  1.211232e+02  2.348243e+02 
 1.420053e+00  2.657539e+01  7.193228e+01  1.191650e+02  2.306292e+02 
 1.439848e+00  2.612780e+01  7.081851e+01  1.170669e+02  2.266141e+02 
 1.459919e+00  2.564126e+01  6.961993e+01  1.150433e+02  2.223472e+02 
 1.480269e+00  2.525408e+01  6.835018e+01  1.129676e+02  2.180080e+02 
 1.500903e+00  2.480682e+01  6.725157e+01  1.109704e+02  2.144070e+02 
 1.521825e+00  2.437200e+01  6.621313e+01  1.091802e+02  2.104326e+02 
 1.543038e+00  2.393947e+01  6.509381e+01  1.073666e+02  2.067454e+02 
 1.564548e+00  2.356432e+01  6.400735e+01  1.054585e+02  2.027369e+02 
 1.586357e+00  2.316575e+01  6.299553e+01  1.036364e+02  1.989343e+02 
 1.608469e+00  2.274867e+01  6.194553e+01  1.018326e+02  1.953768e+02 
 1.630891e+00  2.242826e+01  6.079377e+01  9.980825e+01  1.913856e+02 
 1.653624e+00  2.201729e+01  5.975699e+01  9.814240e+01  1.880256e+02 
 1.676675e+00  2.163993e+01  5.882475e+01  9.645332e+01  1.842171e+02 
 1.700047e+00  2.126647e+01  5.782061e+01  9.465963e+01  1.807093e+02 
 1.723745e+00  2.091997e+01  5.678070e+01  9.291078e+01  1.769310e+02 
 1.747773e+00  2.054059e+01  5.575863e+01  9.114192e+01  1.733705e+02 
 1.772136e+00  2.019531e+01  5.478113e+01  8.940997e+01  1.700281e+02 
 1.796838e+00  1.986274e+01  5.380579e+01  8.773412e+01  1.665446e+02 
 1.821885e+00  1.954743e+01  5.283707e+01  8.602384e+01  1.632453e+02 
 1.847281e+00  1.920637e+01  5.197333e+01  8.448815e+01  1.599096e+02 
 1.873032e+00  1.888843e+01  5.099371e+01  8.273022e+01  1.566688e+02 
 1.899141e+00  1.856090e+01  5.003140e+01  8.117523e+01  1.534390e+02 
 1.925614e+00  1.826309e+01  4.915963e+01  7.962208e+01  1.501851e+02 
 1.952456e+00  1.800349e+01  4.831455e+01  7.810481e+01  1.470545e+02 
 1.979672e+00  1.766521e+01  4.746478e+01  7.659392e+01  1.439905e+02 
 2.007267e+00  1.739338e+01  4.658625e+01  7.500352e+01  1.410270e+02 
 2.035248e+00  1.708283e+01  4.569422e+01  7.348886e+01  1.379290e+02 
 2.063618e+00  1.679421e+01  4.481782e+01  7.200813e+01  1.349511e+02 
 2.092383e+00  1.651761e+01  4.397636e+01  7.052563e+01  1.320546e+02 
 2.121550e+00  1.625246e+01  4.312213e+01  6.906730e+01  1.291196e+02 
 2.151123e+00  1.595874e+01  4.230126e+01  6.760129e+01  1.262143e+02 
 2.181109e+00  1.568470e+01  4.146612e+01  6.620472e+01  1.234817e+02 
 2.211512e+00  1.541733e+01  4.063504e+01  6.476072e+01  1.206158e+02 
 2.242340e+00  1.515703e+01  3.986980e+01  6.341127e+01  1.179375e+02 
 2.273597e+00  1.488273e+01  3.907665e+01  6.200087e+01  1.152457e+02 
 2.305289e+00  1.464479e+01  3.829208e+01  6.069107e+01  1.126495e+02 
 2.337424e+00  1.439375e+01  3.751061e+01  5.937445e+01  1.100813e+02 
 2.370006e+00  1.414375e+01  3.675979e+01  5.809170e+01  1.076436e+02 
 2.403043e+00  1.388976e+01  3.602541e+01  5.678778e+01  1.051352e+02 
 2.436540e+00  1.366045e+01  3.530669e+01  5.555719e+01  1.027018e+02 
 2.470504e+00  1.342596e+01  3.459765e+01  5.431581e+01  1.003211e+02 
 2.504942e+00  1.319574e+01  3.390729e+01  5.313607e+01  9.802439e+01 
 2.539859e+00  1.297686e+01  3.319576e+01  5.192767e+01  9.569931e+01 
 2.575263e+00  1.273930e+01  3.248952e+01  5.080182e+01  9.349856e+01 
 2.611161e+00  1.252511e+01  3.181029e+01  4.961288e+01  9.128103e+01 
 2.647559e+00  1.230428e+01  3.113056e+01  4.845085e+01  8.906734e+01 
 2.684465e+00  1.208570e+01  3.048748e+01  4.733051e+01  8.691933e+01 
 2.721885e+00  1.186088e+01  2.980066e+01  4.623579e+01  8.483281e+01 
 2.759826e+00  1.164799e+01  2.913937e+01  4.513292e+01  8.276896e+01 
 2.798297e+00  1.143697e+01  2.851424e+01  4.408384e+01  8.080061e+01 
 2.837304e+00  1.123091e+01  2.788319e+01  4.303378e+01  7.883049e+01 
 2.876854e+00  1.102410e+01  2.725533e+01  4.201088e+01  7.691815e+01 
 2.916956e+00  1.082411e+01  2.666030e+01  4.101159e+01  7.499593e+01 
 2.957617e+00  1.062966e+01  2.607142e+01  4.004793e+01  7.318616e+01 
 2.998844e+00  1.043365e+01  2.549585e+01  3.908841e+01  7.138775e+01 
 3.040646e+00  1.024282e+01  2.491952e+01  3.815190e+01  6.968043e+01 
 3.083031e+00  1.005516e+01  2.435697e+01  3.723864e+01  6.797951e+01 
 3.126007e+00  9.873585e+00  2.381635e+01  3.634514e+01  6.629653e+01 
 3.169582e+00  9.689432e+00  2.326324e+01  3.544942e+01  6.466910e+01 
 3.213764e+00  9.508050e+00  2.273198e+01  3.458627e+01  6.306975e+01 
 3.258562e+00  9.325106e+00  2.221361e+01  3.373946e+01  6.149952e+01 
 3.303985e+00  9.146948e+00  2.168631e+01  3.290306e+01  5.996427e+01 
 3.350041e+00  8.972509e+00  2.117071e+01  3.207868e+01  5.844839e+01 
 3.396739e+00  8.794874e+00  2.067227e+01  3.128464e+01  5.696730e+01 
 3.444087e+00  8.625309e+00  2.017216e+01  3.048430e+01  5.551786e+01 
 3.492096e+00  8.456913e+00  1.969370e+01  2.972861e+01  5.413201e+01 
 3.540774e+00  8.284994e+00  1.922584e+01  2.898521e+01  5.275739e+01 
 3.590130e+00  8.123300e+00  1.875858e+01  2.824735e+01  5.143084e+01 
 3.640175e+00  7.964415e+00  1.830942e+01  2.754455e+01  5.012832e+01 
 3.690917e+00  7.803042e+00  1.787475e+01  2.684342e+01  4.886075e+01 
 3.742366e+00  7.647050e+00  1.743474e+01  2.616758e+01  4.764358e+01 
 3.794533e+00  7.495615e+00  1.701996e+01  2.551213e+01  4.643852e+01 
 3.847427e+00  7.344823e+00  1.660325e+01  2.486881e+01  4.528096e+01 
 3.901058e+00  7.193551e+00  1.620375e+01  2.424375e+01  4.413340e+01 
 3.955436e+00  7.050588e+00  1.580527e+01  2.362175e+01  4.300821e+01 
 4.010573e+00  6.903003e+00  1.541552e+01  2.302518e+01  4.192168e+01 
 4.066478e+00  6.759441e+00  1.503036e+01  2.243131e+01  4.084181e+01 
 4.123163e+00  6.615990e+00  1.465956e+01  2.185197e+01  3.978934e+01 
 4.180637e+00  6.477503e+00  1.429270e+01  2.128996e+01  3.876009e+01 
 4.238913e+00  6.339031e+00  1.392986e+01  2.073518e+01  3.776503e+01 
 4.298001e+00  6.200372e+00  1.357847e+01  2.019978e+01  3.678619e+01 
 4.357913e+00  6.069459e+00  1.323390e+01  1.967586e+01  3.584152e+01 
 4.418660e+00  5.937490e+00  1.290241e+01  1.916450e+01  3.492020e+01 
 4.480254e+00  5.807321e+00  1.257442e+01  1.866688e+01  3.402092e+01 
 4.542706e+00  5.682062e+00  1.225369e+01  1.818144e+01  3.314287e+01 
 4.606029e+00  5.557532e+00  1.194682e+01  1.771417e+01  3.229914e+01 
 4.670234e+00  5.435654e+00  1.164443e+01  1.726165e+01  3.147574e+01 
 4.735335e+00  5.316468e+00  1.135151e+01  1.681644e+01  3.066905e+01 
 4.801343e+00  5.201250e+00  1.106743e+01  1.638472e+01  2.988356e+01 
 4.868271e+00  5.086127e+00  1.078647e+01  1.596221e+01  2.911576e+01 
 4.936132e+00  4.973101e+00  1.051134e+01  1.554892e+01  2.836746e+01 
 5.004939e+00  4.861237e+00  1.024344e+01  1.514486e+01  2.763125e+01 
 5.074705e+00  4.750047e+00  9.979977e+00  1.474766e+01  2.691582e+01 
 5.145444e+00  4.642575e+00  9.722565e+00  1.436179e+01  2.621657e+01 
 5.217169e+00  4.535236e+00  9.470433e+00  1.398337e+01  2.552578e+01 
 5.289893e+00  4.431786e+00  9.225603e+00  1.361908e+01  2.486051e+01 
 5.363631e+00  4.328116e+00  8.986527e+00  1.325792e+01  2.420862e+01 
 5.438397e+00  4.227966e+00  8.752783e+00  1.290961e+01  2.357201e+01 
 5.514206e+00  4.129479e+00  8.525688e+00  1.257098e+01  2.295606e+01 
 5.591071e+00  4.032161e+00  8.305625e+00  1.224021e+01  2.235657e+01 
 5.669007e+00  3.939158e+00  8.090274e+00  1.192161e+01  2.177531e+01 
 5.748030e+00  3.846940e+00  7.882120e+00  1.160985e+01  2.120590e+01 
 5.828155e+00  3.757082e+00  7.679495e+00  1.130802e+01  2.065448e+01 
 5.909396e+00  3.669369e+00  7.482154e+00  1.101395e+01  2.011978e+01 
 5.991770e+00  3.583258e+00  7.289200e+00  1.072702e+01  1.959724e+01 
 6.075292e+00  3.499267e+00  7.102450e+00  1.044844e+01  1.908613e+01 
 6.159978e+00  3.416597e+00  6.919182e+00  1.017602e+01  1.858854e+01 
 6.245845e+00  3.335247e+00  6.739823e+00  9.909548e+00  1.809933e+01 
 6.332908e+00  3.255160e+00  6.563778e+00  9.648097e+00  1.762058e+01 
 6.421186e+00  3.177211e+00  6.392671e+00  9.392741e+00  1.715328e+01 
 6.510694e+00  3.100280e+00  6.225074e+00  9.144527e+00  1.669763e+01 
 6.601449e+00  3.025483e+00  6.062382e+00  8.902332e+00  1.625358e+01 
 6.693470e+00  2.951792e+00  5.902968e+00  8.665411e+00  1.581948e+01 
 6.786773e+00  2.879969e+00  5.748639e+00  8.435435e+00  1.539761e+01 
 6.881377e+00  2.810211e+00  5.598275e+00  8.212132e+00  1.498656e+01 
 6.977300e+00  2.741941e+00  5.452392e+00  7.996192e+00  1.458842e+01 
 7.074559e+00  2.675728e+00  5.310409e+00  7.784733e+00  1.420040e+01 
 7.173175e+00  2.610841e+00  5.172721e+00  7.580383e+00  1.382441e+01 
 7.273165e+00  2.547964e+00  5.039146e+00  7.382199e+00  1.345826e+01 
 7.374549e+00  2.486509e+00  4.908859e+00  7.188597e+00  1.310263e+01 
 7.477346e+00  2.426363e+00  4.782637e+00  7.001574e+00  1.275684e+01 
 7.581576e+00  2.368108e+00  4.658777e+00  6.818085e+00  1.241895e+01 
 7.687260e+00  2.310740e+00  4.538424e+00  6.639226e+00  1.208963e+01 
 7.794416e+00  2.254523e+00  4.420675e+00  6.463624e+00  1.176633e+01 
 7.903066e+00  2.199593e+00  4.305104e+00  6.291927e+00  1.144978e+01 
 8.013230e+00  2.145821e+00  4.193005e+00  6.125888e+00  1.114156e+01 
 8.124930e+00  2.093111e+00  4.083496e+00  5.963074e+00  1.084072e+01 
 8.238187e+00  2.041889e+00  3.976520e+00  5.804000e+00  1.054782e+01 
 8.353023e+00  1.991745e+00  3.872649e+00  5.649744e+00  1.026233e+01 
 8.469460e+00  1.943004e+00  3.771649e+00  5.499747e+00  9.984822e+00 
 8.587519e+00  1.895563e+00  3.673289e+00  5.353784e+00  9.715336e+00 
 8.707225e+00  1.849417e+00  3.577636e+00  5.212263e+00  9.453275e+00 
 8.828599e+00  1.804551e+00  3.485382e+00  5.074664e+00  9.198711e+00 
 8.951665e+00  1.760850e+00  3.395638e+00  4.941304e+00  8.952307e+00 
 9.076446e+00  1.718467e+00  3.308622e+00  4.812177e+00  8.713232e+00 
 9.202967e+00  1.677258e+00  3.223905e+00  4.686626e+00  8.480248e+00 
 9.331251e+00  1.637084e+00  3.141471e+00  4.564228e+00  8.253841e+00 
 9.461324e+00  0.000000e+00  0.000000e+00  0.000000e+00  0.000000e+00 
 9.593209e+00  0.000000e+00  0.000000e+00  0.000000e+00  0.000000e+00 
 9.726934e+00  0.000000e+00  0.000000e+00  0.000000e+00  0.000000e+00 
 9.862522e+00  0.000000e+00  0.000000e+00  0.000000e+00  0.000000e+00 
 1.000000e+01  0.000000e+00  0.000000e+00  0.000000e+00  0.000000e+00 
