 1.000000e-02  5.449791e+03  1.003163e+04  1.365896e+04  2.058519e+04 
 1.013939e-02  5.480350e+03  1.008772e+04  1.373516e+04  2.069966e+04 
 1.028073e-02  5.510461e+03  1.014297e+04  1.381026e+04  2.081241e+04 
 1.042404e-02  5.540121e+03  1.019740e+04  1.388419e+04  2.092340e+04 
 1.056935e-02  5.569300e+03  1.025092e+04  1.395691e+04  2.103255e+04 
 1.071668e-02  5.597983e+03  1.030353e+04  1.402837e+04  2.113979e+04 
 1.086606e-02  5.626152e+03  1.035518e+04  1.409852e+04  2.124506e+04 
 1.101753e-02  5.653783e+03  1.040585e+04  1.416733e+04  2.134828e+04 
 1.117111e-02  5.680867e+03  1.045549e+04  1.423474e+04  2.144940e+04 
 1.132683e-02  5.707374e+03  1.050407e+04  1.430070e+04  2.154830e+04 
 1.148472e-02  5.733282e+03  1.055155e+04  1.436514e+04  2.164490e+04 
 1.164481e-02  5.758572e+03  1.059787e+04  1.442803e+04  2.173915e+04 
 1.180713e-02  5.783220e+03  1.064302e+04  1.448929e+04  2.183095e+04 
 1.197171e-02  5.807214e+03  1.068695e+04  1.454889e+04  2.192023e+04 
 1.213859e-02  5.830529e+03  1.072962e+04  1.460678e+04  2.200690e+04 
 1.230780e-02  5.853136e+03  1.077099e+04  1.466288e+04  2.209088e+04 
 1.247936e-02  5.875021e+03  1.081102e+04  1.471716e+04  2.217210e+04 
 1.265332e-02  5.896157e+03  1.084967e+04  1.476957e+04  2.225048e+04 
 1.282970e-02  5.916536e+03  1.088692e+04  1.482004e+04  2.232596e+04 
 1.300854e-02  5.936129e+03  1.092271e+04  1.486854e+04  2.239842e+04 
 1.318987e-02  5.954918e+03  1.095702e+04  1.491502e+04  2.246782e+04 
 1.337373e-02  5.972889e+03  1.098983e+04  1.495942e+04  2.253410e+04 
 1.356015e-02  5.990006e+03  1.102104e+04  1.500167e+04  2.259712e+04 
 1.374917e-02  6.006258e+03  1.105066e+04  1.504174e+04  2.265685e+04 
 1.394083e-02  6.021616e+03  1.107863e+04  1.507957e+04  2.271317e+04 
 1.413516e-02  6.036071e+03  1.110494e+04  1.511513e+04  2.276605e+04 
 1.433219e-02  6.049584e+03  1.112950e+04  1.514830e+04  2.281536e+04 
 1.453198e-02  6.062140e+03  1.115230e+04  1.517906e+04  2.286100e+04 
 1.473454e-02  6.073713e+03  1.117328e+04  1.520736e+04  2.290292e+04 
 1.493993e-02  6.084282e+03  1.119242e+04  1.523312e+04  2.294101e+04 
 1.514819e-02  6.093898e+03  1.120980e+04  1.525651e+04  2.297554e+04 
 1.535935e-02  6.102494e+03  1.122533e+04  1.527737e+04  2.300625e+04 
 1.557345e-02  6.110037e+03  1.123890e+04  1.529557e+04  2.303293e+04 
 1.579053e-02  6.116497e+03  1.125047e+04  1.531104e+04  2.305550e+04 
 1.601064e-02  6.121855e+03  1.126001e+04  1.532375e+04  2.307388e+04 
 1.623382e-02  6.126090e+03  1.126747e+04  1.533363e+04  2.308800e+04 
 1.646012e-02  6.129191e+03  1.127286e+04  1.534066e+04  2.309782e+04 
 1.668956e-02  6.131138e+03  1.127611e+04  1.534479e+04  2.310327e+04 
 1.692220e-02  6.131927e+03  1.127723e+04  1.534601e+04  2.310431e+04 
 1.715809e-02  6.131523e+03  1.127614e+04  1.534423e+04  2.310082e+04 
 1.739726e-02  6.129918e+03  1.127285e+04  1.533943e+04  2.309280e+04 
 1.763977e-02  6.127093e+03  1.126729e+04  1.533156e+04  2.308011e+04 
 1.788566e-02  6.123033e+03  1.125947e+04  1.532059e+04  2.306276e+04 
 1.813498e-02  6.117702e+03  1.124931e+04  1.530645e+04  2.304063e+04 
 1.838777e-02  6.111102e+03  1.123680e+04  1.528910e+04  2.301365e+04 
 1.864409e-02  6.103207e+03  1.122191e+04  1.526850e+04  2.298176e+04 
 1.890397e-02  6.094011e+03  1.120462e+04  1.524464e+04  2.294497e+04 
 1.916748e-02  6.083494e+03  1.118489e+04  1.521747e+04  2.290316e+04 
 1.943467e-02  6.071650e+03  1.116272e+04  1.518696e+04  2.285634e+04 
 1.970558e-02  6.058464e+03  1.113809e+04  1.515308e+04  2.280444e+04 
 1.998026e-02  6.043931e+03  1.111097e+04  1.511583e+04  2.274746e+04 
 2.025878e-02  6.028047e+03  1.108137e+04  1.507520e+04  2.268536e+04 
 2.054117e-02  6.010817e+03  1.104928e+04  1.503118e+04  2.261817e+04 
 2.082751e-02  5.992223e+03  1.101469e+04  1.498376e+04  2.254585e+04 
 2.111783e-02  5.972278e+03  1.097760e+04  1.493295e+04  2.246843e+04 
 2.141220e-02  5.951077e+03  1.093817e+04  1.487889e+04  2.238601e+04 
 2.171068e-02  5.929089e+03  1.089705e+04  1.482229e+04  2.229907e+04 
 2.201331e-02  5.905754e+03  1.085344e+04  1.476229e+04  2.220705e+04 
 2.232016e-02  5.881060e+03  1.080735e+04  1.469891e+04  2.210991e+04 
 2.263130e-02  5.855018e+03  1.075876e+04  1.463215e+04  2.200766e+04 
 2.294676e-02  5.827620e+03  1.070768e+04  1.456198e+04  2.190033e+04 
 2.326663e-02  5.798870e+03  1.065412e+04  1.448845e+04  2.178789e+04 
 2.359095e-02  5.768789e+03  1.059811e+04  1.441157e+04  2.167043e+04 
 2.391980e-02  5.737375e+03  1.053965e+04  1.433137e+04  2.154796e+04 
 2.425323e-02  5.704653e+03  1.047879e+04  1.424790e+04  2.142058e+04 
 2.459130e-02  5.670632e+03  1.041554e+04  1.416118e+04  2.128831e+04 
 2.493409e-02  5.635339e+03  1.034995e+04  1.407129e+04  2.115125e+04 
 2.528166e-02  5.598791e+03  1.028207e+04  1.397827e+04  2.100952e+04 
 2.563407e-02  5.561043e+03  1.021197e+04  1.388224e+04  2.086325e+04 
 2.599140e-02  5.522112e+03  1.013970e+04  1.378326e+04  2.071254e+04 
 2.635371e-02  5.482037e+03  1.006533e+04  1.368143e+04  2.055758e+04 
 2.672106e-02  5.440868e+03  9.988962e+03  1.357689e+04  2.039851e+04 
 2.709354e-02  5.398652e+03  9.910670e+03  1.346971e+04  2.023551e+04 
 2.747121e-02  5.355409e+03  9.830489e+03  1.335999e+04  2.006868e+04 
 2.785414e-02  5.311097e+03  9.748379e+03  1.324767e+04  1.989800e+04 
 2.824241e-02  5.265473e+03  9.663962e+03  1.313230e+04  1.972302e+04 
 2.863610e-02  5.218905e+03  9.577819e+03  1.301461e+04  1.954454e+04 
 2.903527e-02  5.171435e+03  9.490019e+03  1.289466e+04  1.936270e+04 
 2.944000e-02  5.123101e+03  9.400640e+03  1.277257e+04  1.917763e+04 
 2.985038e-02  5.073946e+03  9.309756e+03  1.264845e+04  1.898953e+04 
 3.026648e-02  5.024018e+03  9.217460e+03  1.252241e+04  1.879856e+04 
 3.068838e-02  4.973371e+03  9.123854e+03  1.239459e+04  1.860494e+04 
 3.111616e-02  4.922073e+03  9.029052e+03  1.226515e+04  1.840889e+04 
 3.154990e-02  4.870174e+03  8.933167e+03  1.213424e+04  1.821067e+04 
 3.198969e-02  4.817759e+03  8.836327e+03  1.200205e+04  1.801053e+04 
 3.243561e-02  4.764898e+03  8.738680e+03  1.186877e+04  1.780876e+04 
 3.288774e-02  4.711683e+03  8.640384e+03  1.173461e+04  1.760570e+04 
 3.334618e-02  4.658197e+03  8.541603e+03  1.159980e+04  1.740167e+04 
 3.381101e-02  4.604540e+03  8.442517e+03  1.146458e+04  1.719703e+04 
 3.428231e-02  4.550782e+03  8.343251e+03  1.132911e+04  1.699206e+04 
 3.476019e-02  4.496862e+03  8.244007e+03  1.119405e+04  1.678876e+04 
 3.524473e-02  4.442932e+03  8.144749e+03  1.105897e+04  1.658549e+04 
 3.573602e-02  4.389033e+03  8.045565e+03  1.092399e+04  1.638237e+04 
 3.623416e-02  4.335222e+03  7.946541e+03  1.078924e+04  1.617960e+04 
 3.673925e-02  4.281547e+03  7.847774e+03  1.065485e+04  1.597737e+04 
 3.725137e-02  4.228069e+03  7.749375e+03  1.052095e+04  1.577591e+04 
 3.777064e-02  4.174846e+03  7.651450e+03  1.038770e+04  1.557542e+04 
 3.829714e-02  4.121939e+03  7.554114e+03  1.025526e+04  1.537617e+04 
 3.883098e-02  4.069418e+03  7.457491e+03  1.012380e+04  1.517838e+04 
 3.937226e-02  4.017359e+03  7.361718e+03  9.993492e+03  1.498235e+04 
 3.992109e-02  3.965831e+03  7.266927e+03  9.864517e+03  1.478834e+04 
 4.047757e-02  3.914906e+03  7.173216e+03  9.736984e+03  1.459638e+04 
 4.104181e-02  3.864460e+03  7.079785e+03  9.609163e+03  1.440209e+04 
 4.161391e-02  3.814802e+03  6.987815e+03  9.483335e+03  1.421082e+04 
 4.219398e-02  3.766017e+03  6.897451e+03  9.359701e+03  1.402287e+04 
 4.278214e-02  3.718148e+03  6.808772e+03  9.238362e+03  1.383838e+04 
 4.337850e-02  3.671219e+03  6.721828e+03  9.119384e+03  1.365745e+04 
 4.398317e-02  3.625251e+03  6.636652e+03  9.002818e+03  1.348016e+04 
 4.459628e-02  3.580263e+03  6.553287e+03  8.888719e+03  1.330659e+04 
 4.521792e-02  3.536281e+03  6.471776e+03  8.777143e+03  1.313683e+04 
 4.584824e-02  3.493323e+03  6.392149e+03  8.668133e+03  1.297094e+04 
 4.648734e-02  3.451407e+03  6.314444e+03  8.561738e+03  1.280899e+04 
 4.713535e-02  3.410725e+03  6.239798e+03  8.460344e+03  1.265687e+04 
 4.779239e-02  3.371214e+03  6.167783e+03  8.363033e+03  1.251225e+04 
 4.845859e-02  3.332797e+03  6.097760e+03  8.268417e+03  1.237166e+04 
 4.913407e-02  3.295465e+03  6.029725e+03  8.176492e+03  1.223509e+04 
 4.981898e-02  3.259209e+03  5.963655e+03  8.087229e+03  1.210249e+04 
 5.051342e-02  3.224004e+03  5.899511e+03  8.000569e+03  1.197377e+04 
 5.121755e-02  3.189824e+03  5.837243e+03  7.916451e+03  1.184884e+04 
 5.193150e-02  3.156633e+03  5.776785e+03  7.834787e+03  1.172757e+04 
 5.265540e-02  3.124401e+03  5.718072e+03  7.755490e+03  1.160984e+04 
 5.338938e-02  3.092819e+03  5.660074e+03  7.676658e+03  1.149146e+04 
 5.413360e-02  3.061792e+03  5.602528e+03  7.597846e+03  1.137148e+04 
 5.488820e-02  3.031559e+03  5.546435e+03  7.521014e+03  1.125449e+04 
 5.565331e-02  3.002072e+03  5.491711e+03  7.446039e+03  1.114028e+04 
 5.642908e-02  2.973196e+03  5.438101e+03  7.372569e+03  1.102833e+04 
 5.721568e-02  2.944881e+03  5.385528e+03  7.300510e+03  1.091848e+04 
 5.801323e-02  2.916973e+03  5.333721e+03  7.229519e+03  1.081030e+04 
 5.882190e-02  2.889573e+03  5.282875e+03  7.159864e+03  1.070422e+04 
 5.964185e-02  2.862587e+03  5.233158e+03  7.092123e+03  1.060207e+04 
 6.047322e-02  2.836325e+03  5.185710e+03  7.028449e+03  1.050873e+04 
 6.131619e-02  2.809995e+03  5.138115e+03  6.964547e+03  1.041496e+04 
 6.217090e-02  2.783614e+03  5.090396e+03  6.900452e+03  1.032084e+04 
 6.303753e-02  2.757017e+03  5.042289e+03  6.835827e+03  1.022592e+04 
 6.391624e-02  2.730144e+03  4.993676e+03  6.770524e+03  1.013000e+04 
 6.480720e-02  2.702832e+03  4.944258e+03  6.704137e+03  1.003247e+04 
 6.571058e-02  2.674960e+03  4.893824e+03  6.636372e+03  9.932877e+03 
 6.662655e-02  2.645185e+03  4.837910e+03  6.559037e+03  9.812961e+03 
 6.755528e-02  2.614618e+03  4.780492e+03  6.479611e+03  9.689768e+03 
 6.849697e-02  2.583185e+03  4.721512e+03  6.398089e+03  9.563485e+03 
 6.945178e-02  2.550810e+03  4.660822e+03  6.314269e+03  9.433826e+03 
 7.041990e-02  2.517419e+03  4.598291e+03  6.227977e+03  9.300534e+03 
 7.140151e-02  2.482937e+03  4.533792e+03  6.139039e+03  9.163357e+03 
 7.239681e-02  2.447589e+03  4.467995e+03  6.048706e+03  9.025303e+03 
 7.340598e-02  2.411387e+03  4.400988e+03  5.957162e+03  8.886869e+03 
 7.442922e-02  2.373989e+03  4.331812e+03  5.862696e+03  8.744119e+03 
 7.546673e-02  2.335401e+03  4.260480e+03  5.765334e+03  8.597086e+03 
 7.651869e-02  2.295648e+03  4.187044e+03  5.665142e+03  8.445883e+03 
 7.758532e-02  2.254769e+03  4.111569e+03  5.562212e+03  8.290649e+03 
 7.866682e-02  2.213720e+03  4.037011e+03  5.461742e+03  8.142170e+03 
 7.976339e-02  2.173131e+03  3.965263e+03  5.367024e+03  8.007212e+03 
 8.087525e-02  2.131613e+03  3.891763e+03  5.269877e+03  7.868479e+03 
 8.200261e-02  2.089291e+03  3.816731e+03  5.170595e+03  7.726400e+03 
 8.314568e-02  2.046307e+03  3.740424e+03  5.069524e+03  7.581479e+03 
 8.430468e-02  2.002819e+03  3.663130e+03  4.967044e+03  7.434273e+03 
 8.547985e-02  1.958152e+03  3.582328e+03  4.858514e+03  7.274887e+03 
 8.667139e-02  1.912976e+03  3.499958e+03  4.747251e+03  7.109932e+03 
 8.787954e-02  1.867898e+03  3.417762e+03  4.636209e+03  6.945256e+03 
 8.910453e-02  1.823127e+03  3.336118e+03  4.525902e+03  6.781625e+03 
 9.034660e-02  1.778874e+03  3.255408e+03  4.416844e+03  6.619810e+03 
 9.160598e-02  1.736069e+03  3.178338e+03  4.313625e+03  6.468830e+03 
 9.288292e-02  1.694828e+03  3.104996e+03  4.216253e+03  6.328435e+03 
 9.417766e-02  1.654661e+03  3.033546e+03  4.121367e+03  6.191559e+03 
 9.549045e-02  1.615744e+03  2.964309e+03  4.029407e+03  6.058869e+03 
 9.682153e-02  1.578257e+03  2.897614e+03  3.940821e+03  5.931045e+03 
 9.817117e-02  1.542647e+03  2.834754e+03  3.857807e+03  5.812444e+03 
 9.953962e-02  1.508844e+03  2.775291e+03  3.779487e+03  5.701072e+03 
 1.009272e-01  1.476828e+03  2.719031e+03  3.705435e+03  5.595900e+03 
 1.023340e-01  1.446686e+03  2.666133e+03  3.635879e+03  5.497293e+03 
 1.037605e-01  1.417776e+03  2.614617e+03  3.567388e+03  5.398409e+03 
 1.052069e-01  1.388264e+03  2.558882e+03  3.490323e+03  5.280111e+03 
 1.066734e-01  1.360740e+03  2.506846e+03  3.418322e+03  5.169496e+03 
 1.081604e-01  1.335141e+03  2.458384e+03  3.351211e+03  5.066294e+03 
 1.096681e-01  1.311369e+03  2.413313e+03  3.288738e+03  4.970122e+03 
 1.111968e-01  1.289608e+03  2.372350e+03  3.232049e+03  4.882493e+03 
 1.127468e-01  1.269395e+03  2.334273e+03  3.179310e+03  4.800845e+03 
 1.143184e-01  1.250527e+03  2.298682e+03  3.129971e+03  4.724354e+03 
 1.159120e-01  1.232789e+03  2.265187e+03  3.083494e+03  4.652209e+03 
 1.175277e-01  1.216866e+03  2.236012e+03  3.043727e+03  4.591856e+03 
 1.191660e-01  1.201645e+03  2.208216e+03  3.005910e+03  4.534595e+03 
 1.208271e-01  1.186786e+03  2.181081e+03  2.968996e+03  4.478707e+03 
 1.225114e-01  1.171974e+03  2.154013e+03  2.932176e+03  4.423044e+03 
 1.242191e-01  1.156587e+03  2.125655e+03  2.893612e+03  4.365445e+03 
 1.259506e-01  1.140767e+03  2.096509e+03  2.853981e+03  4.306253e+03 
 1.277063e-01  1.124284e+03  2.066147e+03  2.812703e+03  4.244590e+03 
 1.294865e-01  1.107244e+03  2.034933e+03  2.770275e+03  4.180813e+03 
 1.312915e-01  1.089534e+03  2.002684e+03  2.726447e+03  4.114481e+03 
 1.331216e-01  1.070659e+03  1.968291e+03  2.679713e+03  4.043800e+03 
 1.349772e-01  1.050568e+03  1.931705e+03  2.630049e+03  3.968883e+03 
 1.368587e-01  1.030456e+03  1.897140e+03  2.585480e+03  3.908441e+03 
 1.387665e-01  1.009103e+03  1.860217e+03  2.537632e+03  3.842864e+03 
 1.407008e-01  9.866233e+02  1.821138e+03  2.486766e+03  3.772519e+03 
 1.426621e-01  9.640631e+02  1.782172e+03  2.435843e+03  3.700459e+03 
 1.446507e-01  9.409887e+02  1.742258e+03  2.383493e+03  3.625587e+03 
 1.466671e-01  9.173680e+02  1.701210e+03  2.329501e+03  3.548027e+03 
 1.487115e-01  8.914184e+02  1.653897e+03  2.265646e+03  3.453587e+03 
 1.507845e-01  8.642001e+02  1.602953e+03  2.195964e+03  3.349004e+03 
 1.528864e-01  8.374899e+02  1.552963e+03  2.127579e+03  3.246305e+03 
 1.550175e-01  8.135788e+02  1.510261e+03  2.070794e+03  3.164355e+03 
 1.571784e-01  7.920590e+02  1.473379e+03  2.023043e+03  3.098168e+03 
 1.593694e-01  7.716969e+02  1.438492e+03  1.977887e+03  3.035610e+03 
 1.615909e-01  7.532406e+02  1.407386e+03  1.937960e+03  2.980795e+03 
 1.638434e-01  7.365044e+02  1.379509e+03  1.902421e+03  2.932448e+03 
 1.661273e-01  7.213274e+02  1.354405e+03  1.870578e+03  2.889516e+03 
 1.684430e-01  7.043377e+02  1.322975e+03  1.828066e+03  2.827203e+03 
 1.707910e-01  6.885533e+02  1.293437e+03  1.787905e+03  2.768066e+03 
 1.731717e-01  6.748024e+02  1.268087e+03  1.753679e+03  2.717997e+03 
 1.755856e-01  6.644916e+02  1.250730e+03  1.731191e+03  2.685944e+03 
 1.780332e-01  6.552091e+02  1.235270e+03  1.711295e+03  2.657855e+03 
 1.805149e-01  6.448197e+02  1.215394e+03  1.683316e+03  2.613350e+03 
 1.830312e-01  6.337948e+02  1.192946e+03  1.650612e+03  2.559234e+03 
 1.855825e-01  6.230767e+02  1.171381e+03  1.619482e+03  2.508397e+03 
 1.881694e-01  6.128008e+02  1.152367e+03  1.593877e+03  2.470902e+03 
 1.907924e-01  6.021519e+02  1.132655e+03  1.567305e+03  2.431890e+03 
 1.934520e-01  5.903217e+02  1.110497e+03  1.537417e+03  2.388881e+03 
 1.961486e-01  5.775148e+02  1.086443e+03  1.504933e+03  2.342198e+03 
 1.988828e-01  5.651498e+02  1.064047e+03  1.475029e+03  2.299207e+03 
 2.016551e-01  5.537960e+02  1.044719e+03  1.449772e+03  2.262980e+03 
 2.044661e-01  5.414104e+02  1.023141e+03  1.421163e+03  2.221154e+03 
 2.073162e-01  5.273809e+02  9.968825e+02  1.384826e+03  2.165377e+03 
 2.102061e-01  5.129213e+02  9.697886e+02  1.347319e+03  2.107716e+03 
 2.131362e-01  5.023954e+02  9.546853e+02  1.329667e+03  2.085177e+03 
 2.161073e-01  4.920683e+02  9.399883e+02  1.312604e+03  2.063548e+03 
 2.191197e-01  4.787926e+02  9.172349e+02  1.283435e+03  2.024618e+03 
 2.221741e-01  4.654159e+02  8.936439e+02  1.252801e+03  1.983492e+03 
 2.252711e-01  4.533850e+02  8.730804e+02  1.226603e+03  1.948688e+03 
 2.284112e-01  4.424896e+02  8.547732e+02  1.203557e+03  1.918467e+03 
 2.315951e-01  4.330579e+02  8.382053e+02  1.181276e+03  1.884485e+03 
 2.348235e-01  4.247792e+02  8.234570e+02  1.160956e+03  1.851889e+03 
 2.380968e-01  4.152001e+02  8.047716e+02  1.134719e+03  1.811402e+03 
 2.414157e-01  4.059035e+02  7.862809e+02  1.108662e+03  1.771566e+03 
 2.447809e-01  3.967113e+02  7.684636e+02  1.084081e+03  1.734131e+03 
 2.481930e-01  3.879897e+02  7.516598e+02  1.060979e+03  1.698985e+03 
 2.516527e-01  3.828889e+02  7.432054e+02  1.049662e+03  1.681512e+03 
 2.551606e-01  3.766882e+02  7.321693e+02  1.034678e+03  1.658826e+03 
 2.587174e-01  3.670683e+02  7.131081e+02  1.008299e+03  1.620023e+03 
 2.623238e-01  3.589175e+02  6.981307e+02  9.881491e+02  1.590940e+03 
 2.659804e-01  3.523679e+02  6.875785e+02  9.747390e+02  1.572361e+03 
 2.696881e-01  3.435215e+02  6.715677e+02  9.532571e+02  1.540176e+03 
 2.734474e-01  3.338934e+02  6.537767e+02  9.291788e+02  1.503721e+03 
 2.772591e-01  3.266316e+02  6.420942e+02  9.148368e+02  1.485771e+03 
 2.811239e-01  3.188718e+02  6.287911e+02  8.980697e+02  1.465142e+03 
 2.850426e-01  3.106482e+02  6.137334e+02  8.786784e+02  1.442074e+03 
 2.890160e-01  3.032370e+02  6.012477e+02  8.626387e+02  1.419101e+03 
 2.930447e-01  2.963921e+02  5.894784e+02  8.468391e+02  1.394226e+03 
 2.971296e-01  2.899069e+02  5.766248e+02  8.274255e+02  1.360472e+03 
 3.012714e-01  2.840724e+02  5.665063e+02  8.139523e+02  1.340293e+03 
 3.054710e-01  2.784161e+02  5.570889e+02  8.022181e+02  1.324723e+03 
 3.097291e-01  2.716471e+02  5.446421e+02  7.859312e+02  1.302719e+03 
 3.140465e-01  2.655522e+02  5.322953e+02  7.680544e+02  1.273059e+03 
 3.184242e-01  2.601929e+02  5.215766e+02  7.524795e+02  1.247002e+03 
 3.228628e-01  2.560091e+02  5.147714e+02  7.440589e+02  1.236997e+03 
 3.273634e-01  2.499022e+02  5.025379e+02  7.264920e+02  1.208817e+03 
 3.319266e-01  2.435364e+02  4.902866e+02  7.096238e+02  1.183532e+03 
 3.365535e-01  2.374811e+02  4.796486e+02  6.960806e+02  1.165765e+03 
 3.412449e-01  2.332856e+02  4.741333e+02  6.895006e+02  1.155117e+03 
 3.460016e-01  2.285988e+02  4.665191e+02  6.796701e+02  1.141145e+03 
 3.508247e-01  2.239671e+02  4.582705e+02  6.686506e+02  1.125039e+03 
 3.557150e-01  2.194807e+02  4.499306e+02  6.573445e+02  1.107815e+03 
 3.606735e-01  2.143118e+02  4.406936e+02  6.451713e+02  1.090460e+03 
 3.657011e-01  2.081290e+02  4.289993e+02  6.292198e+02  1.068315e+03 
 3.707988e-01  2.032455e+02  4.196524e+02  6.164788e+02  1.049345e+03 
 3.759675e-01  1.988298e+02  4.112204e+02  6.049167e+02  1.032041e+03 
 3.812083e-01  1.942839e+02  4.029821e+02  5.937652e+02  1.015781e+03 
 3.865221e-01  1.904496e+02  3.972715e+02  5.869479e+02  1.004009e+03 
 3.919100e-01  1.865938e+02  3.883456e+02  5.734365e+02  9.857586e+02 
 3.973730e-01  1.821624e+02  3.810933e+02  5.644143e+02  9.714161e+02 
 4.029122e-01  1.786247e+02  3.755486e+02  5.566899e+02  9.570510e+02 
 4.085286e-01  1.750184e+02  3.678183e+02  5.456466e+02  9.412340e+02 
 4.142232e-01  1.706216e+02  3.588988e+02  5.339174e+02  9.267633e+02 
 4.199973e-01  1.663310e+02  3.515267e+02  5.245674e+02  9.129800e+02 
 4.258518e-01  1.629014e+02  3.451135e+02  5.153838e+02  8.968704e+02 
 4.317880e-01  1.592810e+02  3.379655e+02  5.048172e+02  8.807300e+02 
 4.378069e-01  1.561397e+02  3.317646e+02  4.960115e+02  8.661031e+02 
 4.439097e-01  1.535221e+02  3.276910e+02  4.911427e+02  8.617781e+02 
 4.500975e-01  1.494009e+02  3.200209e+02  4.806147e+02  8.460519e+02 
 4.563716e-01  1.459549e+02  3.129744e+02  4.703564e+02  8.275642e+02 
 4.627332e-01  1.437512e+02  3.099536e+02  4.671656e+02  8.246547e+02 
 4.691835e-01  1.401238e+02  3.027307e+02  4.566929e+02  8.068233e+02 
 4.757236e-01  1.374805e+02  2.976242e+02  4.497986e+02  7.964403e+02 
 4.823549e-01  1.339049e+02  2.903000e+02  4.395575e+02  7.828557e+02 
 4.890787e-01  1.310799e+02  2.848196e+02  4.320770e+02  7.709103e+02 
 4.958962e-01  1.289387e+02  2.806426e+02  4.255623e+02  7.588552e+02 
 5.028087e-01  1.260831e+02  2.756719e+02  4.188285e+02  7.490296e+02 
 5.098176e-01  1.237673e+02  2.714202e+02  4.125789e+02  7.365332e+02 
 5.169242e-01  1.216569e+02  2.674535e+02  4.072951e+02  7.294442e+02 
 5.241298e-01  1.177214e+02  2.607439e+02  3.990383e+02  7.193282e+02 
 5.314359e-01  1.156669e+02  2.575101e+02  3.945732e+02  7.121514e+02 
 5.388438e-01  1.132765e+02  2.521646e+02  3.865954e+02  7.000454e+02 
 5.463550e-01  1.112753e+02  2.481904e+02  3.806311e+02  6.901174e+02 
 5.539709e-01  1.083312e+02  2.430543e+02  3.740539e+02  6.796698e+02 
 5.616930e-01  1.064139e+02  2.393025e+02  3.687015e+02  6.714331e+02 
 5.695227e-01  1.043150e+02  2.359019e+02  3.644576e+02  6.622708e+02 
 5.774615e-01  1.019653e+02  2.304781e+02  3.564703e+02  6.509496e+02 
 5.855110e-01  1.001442e+02  2.270383e+02  3.510904e+02  6.419380e+02 
 5.936727e-01  9.785437e+01  2.217664e+02  3.438871e+02  6.311332e+02 
 6.019482e-01  9.621826e+01  2.192762e+02  3.397663e+02  6.235017e+02 
 6.103390e-01  9.395254e+01  2.154023e+02  3.346524e+02  6.142584e+02 
 6.188468e-01  9.185390e+01  2.119633e+02  3.316185e+02  6.118811e+02 
 6.274732e-01  9.034765e+01  2.081053e+02  3.250127e+02  6.012201e+02 
 6.362198e-01  8.854735e+01  2.048939e+02  3.201470e+02  5.917218e+02 
 6.450884e-01  8.648506e+01  2.012306e+02  3.151183e+02  5.830139e+02 
 6.540806e-01  8.470322e+01  1.969840e+02  3.087064e+02  5.738335e+02 
 6.631981e-01  8.284570e+01  1.941429e+02  3.056154e+02  5.680010e+02 
 6.724427e-01  8.128232e+01  1.907379e+02  3.009068e+02  5.623071e+02 
 6.818162e-01  7.954907e+01  1.873252e+02  2.948504e+02  5.511776e+02 
 6.913204e-01  7.785553e+01  1.839349e+02  2.904943e+02  5.436707e+02 
 7.009570e-01  7.675255e+01  1.812235e+02  2.865267e+02  5.366388e+02 
 7.107280e-01  7.480151e+01  1.781517e+02  2.821522e+02  5.281998e+02 
 7.206351e-01  7.365612e+01  1.754725e+02  2.785622e+02  5.237534e+02 
 7.306804e-01  7.216546e+01  1.727780e+02  2.741281e+02  5.145618e+02 
 7.408657e-01  7.057669e+01  1.694060e+02  2.692689e+02  5.077662e+02 
 7.511929e-01  6.908458e+01  1.663523e+02  2.653162e+02  5.008384e+02 
 7.616642e-01  6.774906e+01  1.633988e+02  2.611589e+02  4.944699e+02 
 7.722814e-01  6.685277e+01  1.616750e+02  2.581200e+02  4.871585e+02 
 7.830465e-01  6.545196e+01  1.586143e+02  2.538461e+02  4.806748e+02 
 7.939618e-01  6.423002e+01  1.565111e+02  2.505112e+02  4.759884e+02 
 8.050292e-01  6.281791e+01  1.536453e+02  2.470936e+02  4.695945e+02 
 8.162509e-01  6.172988e+01  1.513674e+02  2.428737e+02  4.613428e+02 
 8.276289e-01  6.022453e+01  1.483837e+02  2.390007e+02  4.553944e+02 
 8.391656e-01  5.947439e+01  1.466340e+02  2.357130e+02  4.504513e+02 
 8.508632e-01  5.838120e+01  1.440852e+02  2.323889e+02  4.441822e+02 
 8.627237e-01  5.709789e+01  1.417975e+02  2.289058e+02  4.371080e+02 
 8.747496e-01  5.604802e+01  1.394220e+02  2.255106e+02  4.312894e+02 
 8.869432e-01  5.507075e+01  1.373829e+02  2.223838e+02  4.255265e+02 
 8.993067e-01  5.397034e+01  1.351880e+02  2.190102e+02  4.194220e+02 
 9.118425e-01  5.311048e+01  1.328896e+02  2.153389e+02  4.119775e+02 
 9.245531e-01  5.195628e+01  1.306314e+02  2.119332e+02  4.073243e+02 
 9.374409e-01  5.097448e+01  1.286432e+02  2.092016e+02  4.017820e+02 
 9.505083e-01  5.012498e+01  1.266331e+02  2.061593e+02  3.959988e+02 
 9.637579e-01  4.905732e+01  1.241836e+02  2.025304e+02  3.903002e+02 
 9.771921e-01  4.842322e+01  1.234162e+02  2.005209e+02  3.849436e+02 
 9.908137e-01  4.748791e+01  1.211303e+02  1.973603e+02  3.799921e+02 
 1.004625e+00  4.657790e+01  1.188935e+02  1.939005e+02  3.733848e+02 
 1.018629e+00  4.578710e+01  1.172269e+02  1.911778e+02  3.679343e+02 
 1.032828e+00  4.491656e+01  1.153837e+02  1.886625e+02  3.640723e+02 
 1.047225e+00  4.404780e+01  1.137161e+02  1.856317e+02  3.577107e+02 
 1.061823e+00  4.335746e+01  1.121475e+02  1.830445e+02  3.523448e+02 
 1.076624e+00  4.254742e+01  1.103360e+02  1.802600e+02  3.469739e+02 
 1.091632e+00  4.181052e+01  1.085723e+02  1.776605e+02  3.416148e+02 
 1.106848e+00  4.101173e+01  1.066947e+02  1.749196e+02  3.368492e+02 
 1.122277e+00  4.028544e+01  1.051788e+02  1.720786e+02  3.312878e+02 
 1.137921e+00  3.955295e+01  1.033821e+02  1.694465e+02  3.262558e+02 
 1.153783e+00  3.891903e+01  1.017641e+02  1.668346e+02  3.215167e+02 
 1.169866e+00  3.820964e+01  1.002229e+02  1.642582e+02  3.168107e+02 
 1.186174e+00  3.751104e+01  9.875082e+01  1.618301e+02  3.117153e+02 
 1.202708e+00  3.690335e+01  9.719763e+01  1.593651e+02  3.067678e+02 
 1.219473e+00  3.627333e+01  9.574349e+01  1.570321e+02  3.016483e+02 
 1.236472e+00  3.562488e+01  9.428281e+01  1.547277e+02  2.971025e+02 
 1.253708e+00  3.503344e+01  9.274763e+01  1.521780e+02  2.927004e+02 
 1.271184e+00  3.443668e+01  9.165141e+01  1.502292e+02  2.878642e+02 
 1.288904e+00  3.384040e+01  8.987713e+01  1.475577e+02  2.836385e+02 
 1.306870e+00  3.321554e+01  8.846869e+01  1.452342e+02  2.787895e+02 
 1.325087e+00  3.270124e+01  8.713961e+01  1.429829e+02  2.739518e+02 
 1.343558e+00  3.214219e+01  8.574017e+01  1.406808e+02  2.694005e+02 
 1.362287e+00  3.163313e+01  8.433129e+01  1.382569e+02  2.649454e+02 
 1.381276e+00  3.108453e+01  8.300626e+01  1.358519e+02  2.605166e+02 
 1.400531e+00  3.057234e+01  8.169456e+01  1.337369e+02  2.557503e+02 
 1.420053e+00  3.002750e+01  8.031659e+01  1.316186e+02  2.513165e+02 
 1.439848e+00  2.953737e+01  7.909848e+01  1.293272e+02  2.470687e+02 
 1.459919e+00  2.900013e+01  7.778298e+01  1.271622e+02  2.424968e+02 
 1.480269e+00  2.857693e+01  7.641341e+01  1.249425e+02  2.378785e+02 
 1.500903e+00  2.808427e+01  7.520216e+01  1.227831e+02  2.341191e+02 
 1.521825e+00  2.760778e+01  7.408256e+01  1.208406e+02  2.297857e+02 
 1.543038e+00  2.713192e+01  7.284401e+01  1.188746e+02  2.258571e+02 
 1.564548e+00  2.672070e+01  7.164195e+01  1.167862e+02  2.216126e+02 
 1.586357e+00  2.628074e+01  7.054171e+01  1.148174e+02  2.175017e+02 
 1.608469e+00  2.582170e+01  6.939690e+01  1.128497e+02  2.137218e+02 
 1.630891e+00  2.547020e+01  6.812042e+01  1.106903e+02  2.094418e+02 
 1.653624e+00  2.501009e+01  6.697139e+01  1.088600e+02  2.058236e+02 
 1.676675e+00  2.459663e+01  6.596410e+01  1.069990e+02  2.017279e+02 
 1.700047e+00  2.417845e+01  6.483611e+01  1.050463e+02  1.979273e+02 
 1.723745e+00  2.378738e+01  6.369954e+01  1.031232e+02  1.938446e+02 
 1.747773e+00  2.337117e+01  6.257099e+01  1.012078e+02  1.900777e+02 
 1.772136e+00  2.298895e+01  6.148229e+01  9.930948e+01  1.865049e+02 
 1.796838e+00  2.261996e+01  6.040835e+01  9.750176e+01  1.827474e+02 
 1.821885e+00  2.226220e+01  5.933708e+01  9.563750e+01  1.791615e+02 
 1.847281e+00  2.189589e+01  5.838949e+01  9.393735e+01  1.755825e+02 
 1.873032e+00  2.153722e+01  5.728906e+01  9.202167e+01  1.721185e+02 
 1.899141e+00  2.116946e+01  5.623550e+01  9.032627e+01  1.686456e+02 
 1.925614e+00  2.083599e+01  5.526478e+01  8.862796e+01  1.651399e+02 
 1.952456e+00  2.054925e+01  5.432209e+01  8.694527e+01  1.617283e+02 
 1.979672e+00  2.016717e+01  5.337679e+01  8.528676e+01  1.584327e+02 
 2.007267e+00  1.986415e+01  5.238306e+01  8.351112e+01  1.552321e+02 
 2.035248e+00  1.950709e+01  5.138890e+01  8.184540e+01  1.518885e+02 
 2.063618e+00  1.918499e+01  5.041622e+01  8.024177e+01  1.486330e+02 
 2.092383e+00  1.887188e+01  4.948185e+01  7.859652e+01  1.454982e+02 
 2.121550e+00  1.854707e+01  4.852378e+01  7.699208e+01  1.422927e+02 
 2.151123e+00  1.824314e+01  4.760456e+01  7.537961e+01  1.391556e+02 
 2.181109e+00  1.793369e+01  4.667627e+01  7.384698e+01  1.361917e+02 
 2.211512e+00  1.763269e+01  4.574639e+01  7.226039e+01  1.330629e+02 
 2.242340e+00  1.734037e+01  4.488742e+01  7.076526e+01  1.301629e+02 
 2.273597e+00  1.702947e+01  4.399709e+01  6.920626e+01  1.272556e+02 
 2.305289e+00  1.676282e+01  4.312717e+01  6.777145e+01  1.244400e+02 
 2.337424e+00  1.647590e+01  4.225679e+01  6.630000e+01  1.216635e+02 
 2.370006e+00  1.619428e+01  4.141612e+01  6.490424e+01  1.190022e+02 
 2.403043e+00  1.590717e+01  4.058694e+01  6.346413e+01  1.162666e+02 
 2.436540e+00  1.564549e+01  3.977908e+01  6.209523e+01  1.136173e+02 
 2.470504e+00  1.537725e+01  3.898319e+01  6.071885e+01  1.110132e+02 
 2.504942e+00  1.511322e+01  3.820143e+01  5.940128e+01  1.084868e+02 
 2.539859e+00  1.486249e+01  3.740235e+01  5.806396e+01  1.059551e+02 
 2.575263e+00  1.459335e+01  3.661500e+01  5.681053e+01  1.035338e+02 
 2.611161e+00  1.434825e+01  3.584532e+01  5.548856e+01  1.011143e+02 
 2.647559e+00  1.409684e+01  3.508100e+01  5.420579e+01  9.869971e+01 
 2.684465e+00  1.385052e+01  3.435618e+01  5.295732e+01  9.635530e+01 
 2.721885e+00  1.359352e+01  3.358833e+01  5.174449e+01  9.405629e+01 
 2.759826e+00  1.335139e+01  3.284281e+01  5.052658e+01  9.180849e+01 
 2.798297e+00  1.310952e+01  3.214317e+01  4.935408e+01  8.965018e+01 
 2.837304e+00  1.287342e+01  3.143024e+01  4.819338e+01  8.747791e+01 
 2.876854e+00  1.263747e+01  3.072708e+01  4.705231e+01  8.537638e+01 
 2.916956e+00  1.240834e+01  3.005422e+01  4.593820e+01  8.329045e+01 
 2.957617e+00  1.218563e+01  2.939318e+01  4.486421e+01  8.129001e+01 
 2.998844e+00  1.196018e+01  2.874156e+01  4.379249e+01  7.931021e+01 
 3.040646e+00  1.174070e+01  2.809247e+01  4.275052e+01  7.743278e+01 
 3.083031e+00  1.152420e+01  2.745747e+01  4.172918e+01  7.555072e+01 
 3.126007e+00  1.131526e+01  2.684206e+01  4.072673e+01  7.369745e+01 
 3.169582e+00  1.110142e+01  2.621653e+01  3.973035e+01  7.189571e+01 
 3.213764e+00  1.089284e+01  2.561611e+01  3.876269e+01  7.012741e+01 
 3.258562e+00  1.068241e+01  2.503112e+01  3.781323e+01  6.839074e+01 
 3.303985e+00  1.047749e+01  2.443599e+01  3.688445e+01  6.669514e+01 
 3.350041e+00  1.027775e+01  2.385474e+01  3.595780e+01  6.502022e+01 
 3.396739e+00  1.007301e+01  2.329242e+01  3.507229e+01  6.338305e+01 
 3.444087e+00  9.878536e+00  2.272915e+01  3.418421e+01  6.178457e+01 
 3.492096e+00  9.684722e+00  2.219058e+01  3.333591e+01  6.024739e+01 
 3.540774e+00  9.489291e+00  2.166390e+01  3.250659e+01  5.873409e+01 
 3.590130e+00  9.301978e+00  2.113711e+01  3.168216e+01  5.726563e+01 
 3.640175e+00  9.119688e+00  2.062901e+01  3.089578e+01  5.581980e+01 
 3.690917e+00  8.933637e+00  2.013906e+01  3.011243e+01  5.442023e+01 
 3.742366e+00  8.753456e+00  1.964262e+01  2.935761e+01  5.307135e+01 
 3.794533e+00  8.579385e+00  1.917403e+01  2.862211e+01  5.173410e+01 
 3.847427e+00  8.405271e+00  1.870235e+01  2.790162e+01  5.044616e+01 
 3.901058e+00  8.230109e+00  1.824979e+01  2.720036e+01  4.917003e+01 
 3.955436e+00  8.064457e+00  1.780012e+01  2.650077e+01  4.792014e+01 
 4.010573e+00  7.894508e+00  1.735858e+01  2.583058e+01  4.670904e+01 
 4.066478e+00  7.728807e+00  1.692492e+01  2.516487e+01  4.551025e+01 
 4.123163e+00  7.564266e+00  1.650533e+01  2.451661e+01  4.434182e+01 
 4.180637e+00  7.404685e+00  1.609265e+01  2.388559e+01  4.319675e+01 
 4.238913e+00  7.245587e+00  1.568417e+01  2.326595e+01  4.209293e+01 
 4.298001e+00  7.086458e+00  1.528898e+01  2.266583e+01  4.100454e+01 
 4.357913e+00  6.936962e+00  1.490211e+01  2.208303e+01  3.995767e+01 
 4.418660e+00  6.784767e+00  1.452833e+01  2.150927e+01  3.893568e+01 
 4.480254e+00  6.635748e+00  1.415934e+01  2.095377e+01  3.793558e+01 
 4.542706e+00  6.491648e+00  1.379888e+01  2.041048e+01  3.696005e+01 
 4.606029e+00  6.349049e+00  1.345364e+01  1.988741e+01  3.602207e+01 
 4.670234e+00  6.208922e+00  1.311357e+01  1.937949e+01  3.510630e+01 
 4.735335e+00  6.072219e+00  1.278317e+01  1.888034e+01  3.420826e+01 
 4.801343e+00  5.939428e+00  1.246233e+01  1.839652e+01  3.333010e+01 
 4.868271e+00  5.806901e+00  1.214570e+01  1.792124e+01  3.247493e+01 
 4.936132e+00  5.676393e+00  1.183516e+01  1.745754e+01  3.163866e+01 
 5.004939e+00  5.547789e+00  1.153322e+01  1.700373e+01  3.081952e+01 
 5.074705e+00  5.420630e+00  1.123602e+01  1.655867e+01  3.001986e+01 
 5.145444e+00  5.296895e+00  1.094722e+01  1.612689e+01  2.924101e+01 
 5.217169e+00  5.174296e+00  1.066355e+01  1.570293e+01  2.847277e+01 
 5.289893e+00  5.056068e+00  1.038902e+01  1.529534e+01  2.773260e+01 
 5.363631e+00  4.937656e+00  1.012071e+01  1.489187e+01  2.700895e+01 
 5.438397e+00  4.823519e+00  9.858714e+00  1.450277e+01  2.630181e+01 
 5.514206e+00  4.711080e+00  9.604322e+00  1.412441e+01  2.561730e+01 
 5.591071e+00  4.600147e+00  9.357815e+00  1.375544e+01  2.495197e+01 
 5.669007e+00  4.493941e+00  9.116351e+00  1.339875e+01  2.430487e+01 
 5.748030e+00  4.388949e+00  8.883234e+00  1.305008e+01  2.367276e+01 
 5.828155e+00  4.286523e+00  8.655926e+00  1.271271e+01  2.305959e+01 
 5.909396e+00  4.186314e+00  8.434298e+00  1.238380e+01  2.246481e+01 
 5.991770e+00  4.087952e+00  8.217690e+00  1.206217e+01  2.188313e+01 
 6.075292e+00  3.991979e+00  8.007634e+00  1.174955e+01  2.131370e+01 
 6.159978e+00  3.897253e+00  7.801448e+00  1.144400e+01  2.075779e+01 
 6.245845e+00  3.804422e+00  7.599853e+00  1.114506e+01  2.021222e+01 
 6.332908e+00  3.713015e+00  7.401931e+00  1.085154e+01  1.967842e+01 
 6.421186e+00  3.624270e+00  7.209805e+00  1.056552e+01  1.915777e+01 
 6.510694e+00  3.536650e+00  7.021987e+00  1.028790e+01  1.865086e+01 
 6.601449e+00  3.451656e+00  6.839728e+00  1.001711e+01  1.815729e+01 
 6.693470e+00  3.368089e+00  6.661195e+00  9.752342e+00  1.767532e+01 
 6.786773e+00  3.286598e+00  6.488400e+00  9.495435e+00  1.720730e+01 
 6.881377e+00  3.207568e+00  6.320298e+00  9.245950e+00  1.675038e+01 
 6.977300e+00  3.130314e+00  6.157136e+00  9.004522e+00  1.630823e+01 
 7.074559e+00  3.055196e+00  5.997973e+00  8.768084e+00  1.587730e+01 
 7.173175e+00  2.981609e+00  5.843852e+00  8.539586e+00  1.545945e+01 
 7.273165e+00  2.910269e+00  5.694100e+00  8.317911e+00  1.505234e+01 
 7.374549e+00  2.840527e+00  5.547958e+00  8.100791e+00  1.465692e+01 
 7.477346e+00  2.772219e+00  5.406232e+00  7.891087e+00  1.427114e+01 
 7.581576e+00  2.705885e+00  5.266948e+00  7.684948e+00  1.389415e+01 
 7.687260e+00  2.640575e+00  5.131377e+00  7.483658e+00  1.352601e+01 
 7.794416e+00  2.576650e+00  4.998642e+00  7.286103e+00  1.316507e+01 
 7.903066e+00  2.514167e+00  4.868666e+00  7.093375e+00  1.281158e+01 
 8.013230e+00  2.453043e+00  4.742629e+00  6.906854e+00  1.246799e+01 
 8.124930e+00  2.393267e+00  4.619457e+00  6.724044e+00  1.213213e+01 
 8.238187e+00  2.335196e+00  4.499257e+00  6.545640e+00  1.180571e+01 
 8.353023e+00  2.278445e+00  4.382637e+00  6.372770e+00  1.148773e+01 
 8.469460e+00  2.223350e+00  4.269323e+00  6.204621e+00  1.117874e+01 
 8.587519e+00  2.169658e+00  4.159025e+00  6.041125e+00  1.087856e+01 
 8.707225e+00  2.117423e+00  4.051679e+00  5.882387e+00  1.058710e+01 
 8.828599e+00  2.066680e+00  3.948046e+00  5.728257e+00  1.030332e+01 
 8.951665e+00  2.017209e+00  3.847191e+00  5.578527e+00  1.002857e+01 
 9.076446e+00  1.969205e+00  3.749246e+00  5.433546e+00  9.761806e+00 
 9.202967e+00  1.922458e+00  3.653943e+00  5.292443e+00  9.501842e+00 
 9.331251e+00  1.876840e+00  3.561019e+00  5.154674e+00  9.248820e+00 
 9.461324e+00  0.000000e+00  0.000000e+00  0.000000e+00  0.000000e+00 
 9.593209e+00  0.000000e+00  0.000000e+00  0.000000e+00  0.000000e+00 
 9.726934e+00  0.000000e+00  0.000000e+00  0.000000e+00  0.000000e+00 
 9.862522e+00  0.000000e+00  0.000000e+00  0.000000e+00  0.000000e+00 
 1.000000e+01  0.000000e+00  0.000000e+00  0.000000e+00  0.000000e+00 
