 1.000000e-02  5.475821e+03  1.022467e+04  1.404255e+04  2.143770e+04 
 1.013939e-02  5.508331e+03  1.028523e+04  1.412556e+04  2.156394e+04 
 1.028073e-02  5.540430e+03  1.034501e+04  1.420750e+04  2.168852e+04 
 1.042404e-02  5.572108e+03  1.040400e+04  1.428834e+04  2.181141e+04 
 1.056935e-02  5.603343e+03  1.046216e+04  1.436804e+04  2.193253e+04 
 1.071668e-02  5.634123e+03  1.051946e+04  1.444655e+04  2.205181e+04 
 1.086606e-02  5.664420e+03  1.057584e+04  1.452380e+04  2.216916e+04 
 1.101753e-02  5.694221e+03  1.063130e+04  1.459975e+04  2.228452e+04 
 1.117111e-02  5.723502e+03  1.068578e+04  1.467437e+04  2.239780e+04 
 1.132683e-02  5.752244e+03  1.073924e+04  1.474758e+04  2.250893e+04 
 1.148472e-02  5.780428e+03  1.079166e+04  1.481934e+04  2.261780e+04 
 1.164481e-02  5.808030e+03  1.084298e+04  1.488960e+04  2.272437e+04 
 1.180713e-02  5.835030e+03  1.089317e+04  1.495829e+04  2.282851e+04 
 1.197171e-02  5.861405e+03  1.094218e+04  1.502537e+04  2.293017e+04 
 1.213859e-02  5.887134e+03  1.098998e+04  1.509077e+04  2.302925e+04 
 1.230780e-02  5.912199e+03  1.103654e+04  1.515445e+04  2.312568e+04 
 1.247936e-02  5.936575e+03  1.108180e+04  1.521635e+04  2.321938e+04 
 1.265332e-02  5.960242e+03  1.112573e+04  1.527641e+04  2.331023e+04 
 1.282970e-02  5.983182e+03  1.116830e+04  1.533458e+04  2.339819e+04 
 1.300854e-02  6.005372e+03  1.120946e+04  1.539082e+04  2.348318e+04 
 1.318987e-02  6.026787e+03  1.124917e+04  1.544507e+04  2.356509e+04 
 1.337373e-02  6.047412e+03  1.128740e+04  1.549727e+04  2.364386e+04 
 1.356015e-02  6.067224e+03  1.132409e+04  1.554737e+04  2.371941e+04 
 1.374917e-02  6.086203e+03  1.135924e+04  1.559531e+04  2.379163e+04 
 1.394083e-02  6.104322e+03  1.139277e+04  1.564105e+04  2.386047e+04 
 1.413516e-02  6.121558e+03  1.142465e+04  1.568451e+04  2.392580e+04 
 1.433219e-02  6.137887e+03  1.145483e+04  1.572563e+04  2.398753e+04 
 1.453198e-02  6.153286e+03  1.148327e+04  1.576435e+04  2.404558e+04 
 1.473454e-02  6.167732e+03  1.150992e+04  1.580061e+04  2.409987e+04 
 1.493993e-02  6.181205e+03  1.153476e+04  1.583436e+04  2.415029e+04 
 1.514819e-02  6.193800e+03  1.155796e+04  1.586588e+04  2.419730e+04 
 1.535935e-02  6.205432e+03  1.157938e+04  1.589495e+04  2.424051e+04 
 1.557345e-02  6.216031e+03  1.159885e+04  1.592133e+04  2.427964e+04 
 1.579053e-02  6.225571e+03  1.161634e+04  1.594499e+04  2.431457e+04 
 1.601064e-02  6.234033e+03  1.163182e+04  1.596588e+04  2.434526e+04 
 1.623382e-02  6.241400e+03  1.164524e+04  1.598395e+04  2.437161e+04 
 1.646012e-02  6.247654e+03  1.165660e+04  1.599914e+04  2.439355e+04 
 1.668956e-02  6.252774e+03  1.166582e+04  1.601142e+04  2.441102e+04 
 1.692220e-02  6.256748e+03  1.167290e+04  1.602075e+04  2.442394e+04 
 1.715809e-02  6.259562e+03  1.167780e+04  1.602708e+04  2.443229e+04 
 1.739726e-02  6.261192e+03  1.168050e+04  1.603036e+04  2.443595e+04 
 1.763977e-02  6.261613e+03  1.168093e+04  1.603054e+04  2.443484e+04 
 1.788566e-02  6.260813e+03  1.167907e+04  1.602757e+04  2.442890e+04 
 1.813498e-02  6.258771e+03  1.167490e+04  1.602140e+04  2.441806e+04 
 1.838777e-02  6.255469e+03  1.166835e+04  1.601198e+04  2.440224e+04 
 1.864409e-02  6.250888e+03  1.165942e+04  1.599928e+04  2.438137e+04 
 1.890397e-02  6.245017e+03  1.164808e+04  1.598324e+04  2.435540e+04 
 1.916748e-02  6.237838e+03  1.163429e+04  1.596386e+04  2.432429e+04 
 1.943467e-02  6.229340e+03  1.161803e+04  1.594107e+04  2.428797e+04 
 1.970558e-02  6.219518e+03  1.159929e+04  1.591487e+04  2.424643e+04 
 1.998026e-02  6.208357e+03  1.157806e+04  1.588524e+04  2.419961e+04 
 2.025878e-02  6.195852e+03  1.155431e+04  1.585215e+04  2.414751e+04 
 2.054117e-02  6.181992e+03  1.152803e+04  1.581558e+04  2.409005e+04 
 2.082751e-02  6.166784e+03  1.149922e+04  1.577553e+04  2.402731e+04 
 2.111783e-02  6.150222e+03  1.146790e+04  1.573202e+04  2.395923e+04 
 2.141220e-02  6.132404e+03  1.143417e+04  1.568517e+04  2.388595e+04 
 2.171068e-02  6.113814e+03  1.139874e+04  1.563569e+04  2.380790e+04 
 2.201331e-02  6.093870e+03  1.136078e+04  1.558274e+04  2.372452e+04 
 2.232016e-02  6.072571e+03  1.132028e+04  1.552630e+04  2.363580e+04 
 2.263130e-02  6.049913e+03  1.127725e+04  1.546637e+04  2.354174e+04 
 2.294676e-02  6.025896e+03  1.123167e+04  1.540295e+04  2.344233e+04 
 2.326663e-02  6.000522e+03  1.118356e+04  1.533604e+04  2.333760e+04 
 2.359095e-02  5.973798e+03  1.113293e+04  1.526568e+04  2.322758e+04 
 2.391980e-02  5.945732e+03  1.107980e+04  1.519187e+04  2.311230e+04 
 2.425323e-02  5.916336e+03  1.102418e+04  1.511464e+04  2.299181e+04 
 2.459130e-02  5.885625e+03  1.096610e+04  1.503404e+04  2.286617e+04 
 2.493409e-02  5.853624e+03  1.090562e+04  1.495016e+04  2.273550e+04 
 2.528166e-02  5.820349e+03  1.084277e+04  1.486300e+04  2.259984e+04 
 2.563407e-02  5.785829e+03  1.077759e+04  1.477265e+04  2.245932e+04 
 2.599140e-02  5.750098e+03  1.071016e+04  1.467921e+04  2.231410e+04 
 2.635371e-02  5.713193e+03  1.064053e+04  1.458276e+04  2.216427e+04 
 2.672106e-02  5.675157e+03  1.056880e+04  1.448342e+04  2.201006e+04 
 2.709354e-02  5.636028e+03  1.049503e+04  1.438128e+04  2.185159e+04 
 2.747121e-02  5.595838e+03  1.041928e+04  1.427644e+04  2.168900e+04 
 2.785414e-02  5.554534e+03  1.034147e+04  1.416879e+04  2.152221e+04 
 2.824241e-02  5.511847e+03  1.026120e+04  1.405788e+04  2.135072e+04 
 2.863610e-02  5.468172e+03  1.017910e+04  1.394443e+04  2.117541e+04 
 2.903527e-02  5.423543e+03  1.009521e+04  1.382857e+04  2.099641e+04 
 2.944000e-02  5.377995e+03  1.000962e+04  1.371036e+04  2.081387e+04 
 2.985038e-02  5.331567e+03  9.922393e+03  1.358993e+04  2.062796e+04 
 3.026648e-02  5.284310e+03  9.833615e+03  1.346737e+04  2.043886e+04 
 3.068838e-02  5.236273e+03  9.743396e+03  1.334285e+04  2.024679e+04 
 3.111616e-02  5.187511e+03  9.651835e+03  1.321648e+04  2.005195e+04 
 3.154990e-02  5.138083e+03  9.559041e+03  1.308843e+04  1.985460e+04 
 3.198969e-02  5.088060e+03  9.465140e+03  1.295887e+04  1.965499e+04 
 3.243561e-02  5.037519e+03  9.370281e+03  1.282802e+04  1.945344e+04 
 3.288774e-02  4.986537e+03  9.274609e+03  1.269606e+04  1.925023e+04 
 3.334618e-02  4.935204e+03  9.178284e+03  1.256320e+04  1.904574e+04 
 3.381101e-02  4.883610e+03  9.081482e+03  1.242972e+04  1.884029e+04 
 3.428231e-02  4.831832e+03  8.984345e+03  1.229577e+04  1.863419e+04 
 3.476019e-02  4.779811e+03  8.887081e+03  1.216203e+04  1.842960e+04 
 3.524473e-02  4.727689e+03  8.789643e+03  1.202806e+04  1.822474e+04 
 3.573602e-02  4.675516e+03  8.692114e+03  1.189399e+04  1.801975e+04 
 3.623416e-02  4.623338e+03  8.594583e+03  1.175991e+04  1.781481e+04 
 3.673925e-02  4.571204e+03  8.497141e+03  1.162597e+04  1.761011e+04 
 3.725137e-02  4.519170e+03  8.399892e+03  1.149230e+04  1.740587e+04 
 3.777064e-02  4.467293e+03  8.302938e+03  1.135905e+04  1.720230e+04 
 3.829714e-02  4.415633e+03  8.206395e+03  1.122637e+04  1.699966e+04 
 3.883098e-02  4.364253e+03  8.110384e+03  1.109443e+04  1.679817e+04 
 3.937226e-02  4.313226e+03  8.015034e+03  1.096342e+04  1.659814e+04 
 3.992109e-02  4.262622e+03  7.920476e+03  1.083348e+04  1.639982e+04 
 4.047757e-02  4.212505e+03  7.826797e+03  1.070473e+04  1.620321e+04 
 4.104181e-02  4.162705e+03  7.733054e+03  1.057515e+04  1.600324e+04 
 4.161391e-02  4.113583e+03  7.640576e+03  1.044732e+04  1.580596e+04 
 4.219398e-02  4.065214e+03  7.549507e+03  1.032144e+04  1.561171e+04 
 4.278214e-02  4.017646e+03  7.459938e+03  1.019762e+04  1.542063e+04 
 4.337850e-02  3.970898e+03  7.371910e+03  1.007592e+04  1.523282e+04 
 4.398317e-02  3.924996e+03  7.285460e+03  9.956393e+03  1.504834e+04 
 4.459628e-02  3.879956e+03  7.200622e+03  9.839085e+03  1.486727e+04 
 4.521792e-02  3.835799e+03  7.117433e+03  9.724055e+03  1.468971e+04 
 4.584824e-02  3.792545e+03  7.035931e+03  9.611339e+03  1.451569e+04 
 4.648734e-02  3.750210e+03  6.956147e+03  9.500989e+03  1.434530e+04 
 4.713535e-02  3.709010e+03  6.879358e+03  9.395679e+03  1.418516e+04 
 4.779239e-02  3.668878e+03  6.805081e+03  9.294368e+03  1.403266e+04 
 4.845859e-02  3.629708e+03  6.732590e+03  9.195499e+03  1.388386e+04 
 4.913407e-02  3.591499e+03  6.661880e+03  9.099066e+03  1.373873e+04 
 4.981898e-02  3.554238e+03  6.592926e+03  9.005034e+03  1.359722e+04 
 5.051342e-02  3.517901e+03  6.525684e+03  8.913341e+03  1.345925e+04 
 5.121755e-02  3.482458e+03  6.460100e+03  8.823915e+03  1.332469e+04 
 5.193150e-02  3.447877e+03  6.396115e+03  8.736668e+03  1.319343e+04 
 5.265540e-02  3.414113e+03  6.333646e+03  8.651496e+03  1.306530e+04 
 5.338938e-02  3.380852e+03  6.271574e+03  8.566311e+03  1.293561e+04 
 5.413360e-02  3.347984e+03  6.209602e+03  8.480597e+03  1.280329e+04 
 5.488820e-02  3.315774e+03  6.148855e+03  8.396566e+03  1.267353e+04 
 5.565331e-02  3.284173e+03  6.089246e+03  8.314096e+03  1.254614e+04 
 5.642908e-02  3.253087e+03  6.030592e+03  8.232930e+03  1.242071e+04 
 5.721568e-02  3.222419e+03  5.972712e+03  8.152816e+03  1.229687e+04 
 5.801323e-02  3.192043e+03  5.915388e+03  8.073477e+03  1.217423e+04 
 5.882190e-02  3.161978e+03  5.858673e+03  7.995012e+03  1.205301e+04 
 5.964185e-02  3.132325e+03  5.803154e+03  7.918638e+03  1.193624e+04 
 6.047322e-02  3.103386e+03  5.750065e+03  7.846750e+03  1.182946e+04 
 6.131619e-02  3.074248e+03  5.696583e+03  7.774292e+03  1.172174e+04 
 6.217090e-02  3.044940e+03  5.642752e+03  7.701322e+03  1.161316e+04 
 6.303753e-02  3.015334e+03  5.588352e+03  7.627566e+03  1.150335e+04 
 6.391624e-02  2.985341e+03  5.533242e+03  7.552841e+03  1.139210e+04 
 6.480720e-02  2.954847e+03  5.477216e+03  7.476877e+03  1.127901e+04 
 6.571058e-02  2.923724e+03  5.420034e+03  7.399342e+03  1.116360e+04 
 6.662655e-02  2.890564e+03  5.356896e+03  7.311314e+03  1.102566e+04 
 6.755528e-02  2.856551e+03  5.292126e+03  7.221009e+03  1.088415e+04 
 6.849697e-02  2.821650e+03  5.225734e+03  7.128517e+03  1.073944e+04 
 6.945178e-02  2.785790e+03  5.157593e+03  7.033668e+03  1.059128e+04 
 7.041990e-02  2.748906e+03  5.087589e+03  6.936312e+03  1.043944e+04 
 7.140151e-02  2.710950e+03  5.015630e+03  6.836326e+03  1.028378e+04 
 7.239681e-02  2.672160e+03  4.942461e+03  6.735099e+03  1.012766e+04 
 7.340598e-02  2.632571e+03  4.868195e+03  6.632863e+03  9.971687e+03 
 7.442922e-02  2.591847e+03  4.791854e+03  6.527832e+03  9.811612e+03 
 7.546673e-02  2.550000e+03  4.713470e+03  6.420050e+03  9.647500e+03 
 7.651869e-02  2.507069e+03  4.633117e+03  6.309621e+03  9.479515e+03 
 7.758532e-02  2.463113e+03  4.550901e+03  6.196692e+03  9.307880e+03 
 7.866682e-02  2.419179e+03  4.470115e+03  6.087095e+03  9.144772e+03 
 7.976339e-02  2.375967e+03  4.392878e+03  5.984532e+03  8.997853e+03 
 8.087525e-02  2.331948e+03  4.314096e+03  5.879817e+03  8.847584e+03 
 8.200261e-02  2.287255e+03  4.234011e+03  5.773274e+03  8.694438e+03 
 8.314568e-02  2.242037e+03  4.152894e+03  5.665265e+03  8.538944e+03 
 8.430468e-02  2.196456e+03  4.071038e+03  5.556190e+03  8.381695e+03 
 8.547985e-02  2.149687e+03  3.985429e+03  5.440513e+03  8.210923e+03 
 8.667139e-02  2.102480e+03  3.898283e+03  5.322046e+03  8.034271e+03 
 8.787954e-02  2.055509e+03  3.811571e+03  5.204166e+03  7.858477e+03 
 8.910453e-02  2.008978e+03  3.725667e+03  5.087384e+03  7.684300e+03 
 9.034660e-02  1.963088e+03  3.640939e+03  4.972197e+03  7.512481e+03 
 9.160598e-02  1.918807e+03  3.560258e+03  4.863508e+03  7.352697e+03 
 9.288292e-02  1.876240e+03  3.483688e+03  4.761289e+03  7.204636e+03 
 9.417766e-02  1.834830e+03  3.409185e+03  4.661813e+03  7.060514e+03 
 9.549045e-02  1.794742e+03  3.337053e+03  4.565503e+03  6.920971e+03 
 9.682153e-02  1.756131e+03  3.267580e+03  4.472750e+03  6.786601e+03 
 9.817117e-02  1.719440e+03  3.202066e+03  4.385795e+03  6.661944e+03 
 9.953962e-02  1.684565e+03  3.140015e+03  4.303666e+03  6.544786e+03 
 1.009272e-01  1.651478e+03  3.081195e+03  4.225869e+03  6.433963e+03 
 1.023340e-01  1.620231e+03  3.025709e+03  4.152556e+03  6.329714e+03 
 1.037605e-01  1.590091e+03  2.971276e+03  4.079757e+03  6.224097e+03 
 1.052069e-01  1.558967e+03  2.911468e+03  3.996367e+03  6.094930e+03 
 1.066734e-01  1.529741e+03  2.855224e+03  3.917884e+03  5.973247e+03 
 1.081604e-01  1.502327e+03  2.802380e+03  3.844081e+03  5.858692e+03 
 1.096681e-01  1.476606e+03  2.752712e+03  3.774648e+03  5.750792e+03 
 1.111968e-01  1.452866e+03  2.707259e+03  3.711263e+03  5.651976e+03 
 1.127468e-01  1.430518e+03  2.664430e+03  3.651497e+03  5.558669e+03 
 1.143184e-01  1.409336e+03  2.623785e+03  3.594732e+03  5.469936e+03 
 1.159120e-01  1.389101e+03  2.584913e+03  3.540407e+03  5.384925e+03 
 1.175277e-01  1.370714e+03  2.550748e+03  3.493634e+03  5.313706e+03 
 1.191660e-01  1.352862e+03  2.517691e+03  3.448477e+03  5.245138e+03 
 1.208271e-01  1.335195e+03  2.484978e+03  3.403793e+03  5.177294e+03 
 1.225114e-01  1.317412e+03  2.452042e+03  3.358824e+03  5.109139e+03 
 1.242191e-01  1.298969e+03  2.417744e+03  3.312124e+03  5.039469e+03 
 1.259506e-01  1.279975e+03  2.382438e+03  3.264053e+03  4.967722e+03 
 1.277063e-01  1.260230e+03  2.345749e+03  3.214101e+03  4.893129e+03 
 1.294865e-01  1.239933e+03  2.308236e+03  3.163032e+03  4.816361e+03 
 1.312915e-01  1.219010e+03  2.269798e+03  3.110707e+03  4.737136e+03 
 1.331216e-01  1.196957e+03  2.229271e+03  3.055537e+03  4.653627e+03 
 1.349772e-01  1.173776e+03  2.186707e+03  2.997650e+03  4.566190e+03 
 1.368587e-01  1.150823e+03  2.146927e+03  2.946262e+03  4.496534e+03 
 1.387665e-01  1.126793e+03  2.105069e+03  2.891949e+03  4.422197e+03 
 1.407008e-01  1.101822e+03  2.061381e+03  2.835036e+03  4.343640e+03 
 1.426621e-01  1.076988e+03  2.018093e+03  2.778276e+03  4.262978e+03 
 1.446507e-01  1.051886e+03  1.974269e+03  2.720589e+03  4.180009e+03 
 1.466671e-01  1.026477e+03  1.929752e+03  2.661846e+03  4.095206e+03 
 1.487115e-01  9.986717e+02  1.878485e+03  2.592283e+03  3.991537e+03 
 1.507845e-01  9.696309e+02  1.823415e+03  2.516472e+03  3.876738e+03 
 1.528864e-01  9.413188e+02  1.769730e+03  2.442549e+03  3.764733e+03 
 1.550175e-01  9.162157e+02  1.724388e+03  2.381915e+03  3.676498e+03 
 1.571784e-01  8.938162e+02  1.685673e+03  2.331598e+03  3.606334e+03 
 1.593694e-01  8.726913e+02  1.649196e+03  2.284224e+03  3.540363e+03 
 1.615909e-01  8.535824e+02  1.616763e+03  2.242477e+03  3.482836e+03 
 1.638434e-01  8.362382e+02  1.587688e+03  2.205321e+03  3.432163e+03 
 1.661273e-01  8.204343e+02  1.561382e+03  2.171879e+03  3.386987e+03 
 1.684430e-01  8.023016e+02  1.527354e+03  2.125519e+03  3.318398e+03 
 1.707910e-01  7.852084e+02  1.494873e+03  2.081011e+03  3.252192e+03 
 1.731717e-01  7.700901e+02  1.466593e+03  2.042541e+03  3.195355e+03 
 1.755856e-01  7.586753e+02  1.447246e+03  2.017409e+03  3.159434e+03 
 1.780332e-01  7.480654e+02  1.429378e+03  1.994298e+03  3.126616e+03 
 1.805149e-01  7.359418e+02  1.406010e+03  1.961296e+03  3.073938e+03 
 1.830312e-01  7.228735e+02  1.379305e+03  1.922339e+03  3.009373e+03 
 1.855825e-01  7.099414e+02  1.353246e+03  1.884719e+03  2.947947e+03 
 1.881694e-01  6.975113e+02  1.330294e+03  1.853901e+03  2.903096e+03 
 1.907924e-01  6.846097e+02  1.306429e+03  1.821790e+03  2.856157e+03 
 1.934520e-01  6.704220e+02  1.279825e+03  1.785911e+03  2.804577e+03 
 1.961486e-01  6.552511e+02  1.251266e+03  1.747321e+03  2.749105e+03 
 1.988828e-01  6.407786e+02  1.224967e+03  1.712185e+03  2.698605e+03 
 2.016551e-01  6.276979e+02  1.202628e+03  1.683003e+03  2.656836e+03 
 2.044661e-01  6.137221e+02  1.178193e+03  1.650588e+03  2.609456e+03 
 2.073162e-01  5.980270e+02  1.148496e+03  1.609241e+03  2.545554e+03 
 2.102061e-01  5.821328e+02  1.118392e+03  1.567310e+03  2.480636e+03 
 2.131362e-01  5.709109e+02  1.102355e+03  1.548608e+03  2.456565e+03 
 2.161073e-01  5.601332e+02  1.087227e+03  1.531223e+03  2.434562e+03 
 2.191197e-01  5.460146e+02  1.062782e+03  1.499760e+03  2.392538e+03 
 2.221741e-01  5.317850e+02  1.037379e+03  1.466628e+03  2.348119e+03 
 2.252711e-01  5.190629e+02  1.015398e+03  1.438507e+03  2.310645e+03 
 2.284112e-01  5.075298e+02  9.958188e+02  1.413765e+03  2.278067e+03 
 2.315951e-01  4.975357e+02  9.780402e+02  1.389617e+03  2.240548e+03 
 2.348235e-01  4.886759e+02  9.620336e+02  1.367293e+03  2.203930e+03 
 2.380968e-01  4.780860e+02  9.410830e+02  1.337657e+03  2.157821e+03 
 2.414157e-01  4.675189e+02  9.197847e+02  1.307451e+03  2.111349e+03 
 2.447809e-01  4.569092e+02  8.990753e+02  1.278797e+03  2.067592e+03 
 2.481930e-01  4.466489e+02  8.791871e+02  1.251380e+03  2.025758e+03 
 2.516527e-01  4.405519e+02  8.691312e+02  1.237998e+03  2.005282e+03 
 2.551606e-01  4.330878e+02  8.558512e+02  1.219998e+03  1.978125e+03 
 2.587174e-01  4.217718e+02  8.333879e+02  1.188892e+03  1.932393e+03 
 2.623238e-01  4.122176e+02  8.157889e+02  1.165207e+03  1.898215e+03 
 2.659804e-01  4.045781e+02  8.034510e+02  1.149538e+03  1.876514e+03 
 2.696881e-01  3.944467e+02  7.849652e+02  1.124624e+03  1.838875e+03 
 2.734474e-01  3.836181e+02  7.647697e+02  1.097151e+03  1.796902e+03 
 2.772591e-01  3.756312e+02  7.518598e+02  1.081302e+03  1.777178e+03 
 2.811239e-01  3.671664e+02  7.372067e+02  1.062840e+03  1.754834e+03 
 2.850426e-01  3.581886e+02  7.205026e+02  1.041340e+03  1.729946e+03 
 2.890160e-01  3.502418e+02  7.069893e+02  1.023895e+03  1.704643e+03 
 2.930447e-01  3.428828e+02  6.941844e+02  1.006525e+03  1.676704e+03 
 2.971296e-01  3.358673e+02  6.799454e+02  9.846684e+02  1.638201e+03 
 3.012714e-01  3.295046e+02  6.688334e+02  9.697785e+02  1.615626e+03 
 3.054710e-01  3.231662e+02  6.582525e+02  9.565931e+02  1.598034e+03 
 3.097291e-01  3.154080e+02  6.439526e+02  9.379438e+02  1.573120e+03 
 3.140465e-01  3.083518e+02  6.295033e+02  9.168689e+02  1.537765e+03 
 3.184242e-01  3.021041e+02  6.168847e+02  8.983867e+02  1.506435e+03 
 3.228628e-01  2.972395e+02  6.090433e+02  8.887627e+02  1.495166e+03 
 3.273634e-01  2.900840e+02  5.945919e+02  8.679186e+02  1.461484e+03 
 3.319266e-01  2.827079e+02  5.802774e+02  8.481356e+02  1.431658e+03 
 3.365535e-01  2.757759e+02  5.680363e+02  8.325504e+02  1.411249e+03 
 3.412449e-01  2.711063e+02  5.619247e+02  8.252239e+02  1.399164e+03 
 3.460016e-01  2.659367e+02  5.534889e+02  8.142787e+02  1.383470e+03 
 3.508247e-01  2.608743e+02  5.443848e+02  8.020629e+02  1.365584e+03 
 3.557150e-01  2.559631e+02  5.351194e+02  7.894410e+02  1.346339e+03 
 3.606735e-01  2.502571e+02  5.248065e+02  7.757766e+02  1.326638e+03 
 3.657011e-01  2.433071e+02  5.115254e+02  7.576175e+02  1.301529e+03 
 3.707988e-01  2.378146e+02  5.009342e+02  7.431429e+02  1.279836e+03 
 3.759675e-01  2.327996e+02  4.912914e+02  7.298761e+02  1.259889e+03 
 3.812083e-01  2.275594e+02  4.817165e+02  7.168499e+02  1.240875e+03 
 3.865221e-01  2.230992e+02  4.750051e+02  7.087025e+02  1.226267e+03 
 3.919100e-01  2.186487e+02  4.645702e+02  6.928298e+02  1.204966e+03 
 3.973730e-01  2.135029e+02  4.561787e+02  6.823898e+02  1.188129e+03 
 4.029122e-01  2.095120e+02  4.499225e+02  6.735848e+02  1.171340e+03 
 4.085286e-01  2.054266e+02  4.409899e+02  6.607655e+02  1.152942e+03 
 4.142232e-01  2.004036e+02  4.306504e+02  6.471769e+02  1.136361e+03 
 4.199973e-01  1.955522e+02  4.222774e+02  6.365568e+02  1.120571e+03 
 4.258518e-01  1.917406e+02  4.150604e+02  6.261010e+02  1.101811e+03 
 4.317880e-01  1.876850e+02  4.068813e+02  6.138890e+02  1.083181e+03 
 4.378069e-01  1.841582e+02  3.998826e+02  6.039183e+02  1.066378e+03 
 4.439097e-01  1.812146e+02  3.953056e+02  5.984908e+02  1.062031e+03 
 4.500975e-01  1.764526e+02  3.863432e+02  5.860656e+02  1.043146e+03 
 4.563716e-01  1.724616e+02  3.781073e+02  5.739641e+02  1.020917e+03 
 4.627332e-01  1.699378e+02  3.746425e+02  5.703137e+02  1.017604e+03 
 4.691835e-01  1.657645e+02  3.662035e+02  5.579112e+02  9.960305e+02 
 4.757236e-01  1.627477e+02  3.603602e+02  5.500811e+02  9.843257e+02 
 4.823549e-01  1.586488e+02  3.518043e+02  5.381045e+02  9.687094e+02 
 4.890787e-01  1.554460e+02  3.455359e+02  5.294587e+02  9.545951e+02 
 4.958962e-01  1.530665e+02  3.408349e+02  5.220040e+02  9.405196e+02 
 5.028087e-01  1.498408e+02  3.351550e+02  5.142570e+02  9.292117e+02 
 5.098176e-01  1.472074e+02  3.302810e+02  5.069289e+02  9.140261e+02 
 5.169242e-01  1.448131e+02  3.257455e+02  5.008955e+02  9.058996e+02 
 5.241298e-01  1.402324e+02  3.178671e+02  4.911840e+02  8.940387e+02 
 5.314359e-01  1.378823e+02  3.141032e+02  4.858798e+02  8.854222e+02 
 5.388438e-01  1.351429e+02  3.078994e+02  4.765506e+02  8.712150e+02 
 5.463550e-01  1.328714e+02  3.032900e+02  4.695150e+02  8.593926e+02 
 5.539709e-01  1.294980e+02  2.974208e+02  4.619649e+02  8.470641e+02 
 5.616930e-01  1.273299e+02  2.931084e+02  4.557207e+02  8.372016e+02 
 5.695227e-01  1.249234e+02  2.892525e+02  4.508966e+02  8.261629e+02 
 5.774615e-01  1.221982e+02  2.828227e+02  4.414096e+02  8.127557e+02 
 5.855110e-01  1.201065e+02  2.787674e+02  4.348896e+02  8.018021e+02 
 5.936727e-01  1.174746e+02  2.725577e+02  4.264649e+02  7.891173e+02 
 6.019482e-01  1.156198e+02  2.697817e+02  4.216657e+02  7.800044e+02 
 6.103390e-01  1.129994e+02  2.652769e+02  4.156169e+02  7.686200e+02 
 6.188468e-01  1.105559e+02  2.613200e+02  4.123007e+02  7.659743e+02 
 6.274732e-01  1.088582e+02  2.568301e+02  4.045059e+02  7.534549e+02 
 6.362198e-01  1.068021e+02  2.530331e+02  3.985369e+02  7.415531e+02 
 6.450884e-01  1.044064e+02  2.487931e+02  3.926955e+02  7.312254e+02 
 6.540806e-01  1.023359e+02  2.437463e+02  3.849968e+02  7.202166e+02 
 6.631981e-01  1.001915e+02  2.405367e+02  3.815231e+02  7.130080e+02 
 6.724427e-01  9.839291e+01  2.365145e+02  3.759705e+02  7.064497e+02 
 6.818162e-01  9.639606e+01  2.324727e+02  3.685586e+02  6.926715e+02 
 6.913204e-01  9.442463e+01  2.284830e+02  3.634212e+02  6.835742e+02 
 7.009570e-01  9.316213e+01  2.252873e+02  3.587309e+02  6.749666e+02 
 7.107280e-01  9.088901e+01  2.216797e+02  3.534320e+02  6.645667e+02 
 7.206351e-01  8.957997e+01  2.185482e+02  3.492290e+02  6.592310e+02 
 7.306804e-01  8.784504e+01  2.153381e+02  3.438331e+02  6.478696e+02 
 7.408657e-01  8.598598e+01  2.113269e+02  3.379525e+02  6.395081e+02 
 7.511929e-01  8.424416e+01  2.077127e+02  3.332671e+02  6.309086e+02 
 7.616642e-01  8.267765e+01  2.042012e+02  3.282860e+02  6.232307e+02 
 7.722814e-01  8.166611e+01  2.021446e+02  3.245254e+02  6.138827e+02 
 7.830465e-01  8.002095e+01  1.985142e+02  3.194289e+02  6.058235e+02 
 7.939618e-01  7.859730e+01  1.960310e+02  3.153989e+02  6.003352e+02 
 8.050292e-01  7.695508e+01  1.926410e+02  3.113334e+02  5.923380e+02 
 8.162509e-01  7.571185e+01  1.899325e+02  3.061235e+02  5.821188e+02 
 8.276289e-01  7.394279e+01  1.864129e+02  3.015695e+02  5.748935e+02 
 8.391656e-01  7.311835e+01  1.843912e+02  2.976638e+02  5.690104e+02 
 8.508632e-01  7.183898e+01  1.813150e+02  2.936180e+02  5.611805e+02 
 8.627237e-01  7.034670e+01  1.786327e+02  2.894216e+02  5.523776e+02 
 8.747496e-01  6.911790e+01  1.758246e+02  2.853502e+02  5.452030e+02 
 8.869432e-01  6.798268e+01  1.733591e+02  2.814847e+02  5.378064e+02 
 8.993067e-01  6.670215e+01  1.707197e+02  2.773509e+02  5.302595e+02 
 9.118425e-01  6.568306e+01  1.679390e+02  2.728505e+02  5.209184e+02 
 9.245531e-01  6.431511e+01  1.651688e+02  2.686158e+02  5.150405e+02 
 9.374409e-01  6.316946e+01  1.627921e+02  2.652824e+02  5.080064e+02 
 9.505083e-01  6.217387e+01  1.603527e+02  2.615212e+02  5.005761e+02 
 9.637579e-01  6.089638e+01  1.573358e+02  2.570179e+02  4.935097e+02 
 9.771921e-01  6.017904e+01  1.564457e+02  2.544386e+02  4.865605e+02 
 9.908137e-01  5.906627e+01  1.536519e+02  2.505941e+02  4.803743e+02 
 1.004625e+00  5.798860e+01  1.508851e+02  2.462112e+02  4.718786e+02 
 1.018629e+00  5.704282e+01  1.488561e+02  2.428262e+02  4.649470e+02 
 1.032828e+00  5.602467e+01  1.466483e+02  2.397702e+02  4.601675e+02 
 1.047225e+00  5.500709e+01  1.446442e+02  2.359676e+02  4.521481e+02 
 1.061823e+00  5.419743e+01  1.427066e+02  2.327303e+02  4.452010e+02 
 1.076624e+00  5.323928e+01  1.404885e+02  2.292459e+02  4.383956e+02 
 1.091632e+00  5.235320e+01  1.383370e+02  2.260002e+02  4.314954e+02 
 1.106848e+00  5.140725e+01  1.360208e+02  2.225983e+02  4.254730e+02 
 1.122277e+00  5.054891e+01  1.341659e+02  2.190353e+02  4.184832e+02 
 1.137921e+00  4.967533e+01  1.319354e+02  2.157455e+02  4.120101e+02 
 1.153783e+00  4.893110e+01  1.299193e+02  2.124207e+02  4.058930e+02 
 1.169866e+00  4.805521e+01  1.279874e+02  2.091043e+02  3.997918e+02 
 1.186174e+00  4.722183e+01  1.261658e+02  2.060692e+02  3.933581e+02 
 1.202708e+00  4.650392e+01  1.242309e+02  2.029111e+02  3.868926e+02 
 1.219473e+00  4.573840e+01  1.224018e+02  1.999309e+02  3.803174e+02 
 1.236472e+00  4.495999e+01  1.205928e+02  1.970039e+02  3.743614e+02 
 1.253708e+00  4.425572e+01  1.186711e+02  1.938231e+02  3.688581e+02 
 1.271184e+00  4.353463e+01  1.173297e+02  1.913094e+02  3.625867e+02 
 1.288904e+00  4.282653e+01  1.151006e+02  1.879787e+02  3.572682e+02 
 1.306870e+00  4.207075e+01  1.133719e+02  1.850402e+02  3.511138e+02 
 1.325087e+00  4.145918e+01  1.117046e+02  1.821710e+02  3.449540e+02 
 1.343558e+00  4.079118e+01  1.099532e+02  1.792438e+02  3.391532e+02 
 1.362287e+00  4.018294e+01  1.081789e+02  1.761677e+02  3.335258e+02 
 1.381276e+00  3.952181e+01  1.065001e+02  1.731307e+02  3.279227e+02 
 1.400531e+00  3.889769e+01  1.048399e+02  1.704062e+02  3.217677e+02 
 1.420053e+00  3.823299e+01  1.031139e+02  1.677002e+02  3.160415e+02 
 1.439848e+00  3.763444e+01  1.015462e+02  1.647599e+02  3.105800e+02 
 1.459919e+00  3.697158e+01  9.986436e+01  1.619457e+02  3.047011e+02 
 1.480269e+00  3.645275e+01  9.811946e+01  1.591345e+02  2.987945e+02 
 1.500903e+00  3.584348e+01  9.655801e+01  1.563270e+02  2.939855e+02 
 1.521825e+00  3.526038e+01  9.513234e+01  1.538281e+02  2.883661e+02 
 1.543038e+00  3.467324e+01  9.354482e+01  1.512726e+02  2.832822e+02 
 1.564548e+00  3.416827e+01  9.199085e+01  1.485755e+02  2.778891e+02 
 1.586357e+00  3.362715e+01  9.059541e+01  1.460436e+02  2.726578e+02 
 1.608469e+00  3.306649e+01  8.914700e+01  1.435193e+02  2.678399e+02 
 1.630891e+00  3.264088e+01  8.752005e+01  1.407919e+02  2.624922e+02 
 1.653624e+00  3.207379e+01  8.605247e+01  1.384539e+02  2.578805e+02 
 1.676675e+00  3.156720e+01  8.477102e+01  1.360612e+02  2.526788e+02 
 1.700047e+00  3.104629e+01  8.331341e+01  1.335456e+02  2.478681e+02 
 1.723745e+00  3.055366e+01  8.185931e+01  1.310758e+02  2.427013e+02 
 1.747773e+00  3.004017e+01  8.040706e+01  1.286291e+02  2.379120e+02 
 1.772136e+00  2.956206e+01  7.898322e+01  1.261628e+02  2.333631e+02 
 1.796838e+00  2.910306e+01  7.760674e+01  1.238444e+02  2.285767e+02 
 1.821885e+00  2.864456e+01  7.621629e+01  1.214405e+02  2.240268e+02 
 1.847281e+00  2.819306e+01  7.498505e+01  1.192292e+02  2.194911e+02 
 1.873032e+00  2.773874e+01  7.354243e+01  1.167600e+02  2.151140e+02 
 1.899141e+00  2.727115e+01  7.218342e+01  1.145807e+02  2.106819e+02 
 1.925614e+00  2.684953e+01  7.092342e+01  1.123906e+02  2.062658e+02 
 1.952456e+00  2.649187e+01  6.968845e+01  1.102105e+02  2.019697e+02 
 1.979672e+00  2.600835e+01  6.846655e+01  1.080748e+02  1.978025e+02 
 2.007267e+00  2.562931e+01  6.717670e+01  1.058061e+02  1.938250e+02 
 2.035248e+00  2.517689e+01  6.591124e+01  1.036978e+02  1.896514e+02 
 2.063618e+00  2.477349e+01  6.466142e+01  1.016767e+02  1.856052e+02 
 2.092383e+00  2.437686e+01  6.346461e+01  9.958336e+01  1.817162e+02 
 2.121550e+00  2.396638e+01  6.222225e+01  9.752078e+01  1.776902e+02 
 2.151123e+00  2.357860e+01  6.102644e+01  9.546070e+01  1.737720e+02 
 2.181109e+00  2.318541e+01  5.983267e+01  9.350680e+01  1.700613e+02 
 2.211512e+00  2.279782e+01  5.862650e+01  9.148136e+01  1.661727e+02 
 2.242340e+00  2.242409e+01  5.749663e+01  8.955388e+01  1.625299e+02 
 2.273597e+00  2.202312e+01  5.633460e+01  8.755642e+01  1.588889e+02 
 2.305289e+00  2.167801e+01  5.520255e+01  8.571862e+01  1.553601e+02 
 2.337424e+00  2.130376e+01  5.406908e+01  8.383883e+01  1.518548e+02 
 2.370006e+00  2.094314e+01  5.297885e+01  8.205051e+01  1.485652e+02 
 2.403043e+00  2.057427e+01  5.189716e+01  8.021178e+01  1.451532e+02 
 2.436540e+00  2.023331e+01  5.084172e+01  7.845953e+01  1.418491e+02 
 2.470504e+00  1.988761e+01  4.981722e+01  7.671635e+01  1.386300e+02 
 2.504942e+00  1.954671e+01  4.880500e+01  7.503733e+01  1.355045e+02 
 2.539859e+00  1.922436e+01  4.777697e+01  7.335386e+01  1.323865e+02 
 2.575263e+00  1.887950e+01  4.676671e+01  7.177482e+01  1.293903e+02 
 2.611161e+00  1.856303e+01  4.577155e+01  7.009954e+01  1.263951e+02 
 2.647559e+00  1.823706e+01  4.478303e+01  6.847875e+01  1.234247e+02 
 2.684465e+00  1.791821e+01  4.384755e+01  6.688749e+01  1.205173e+02 
 2.721885e+00  1.758352e+01  4.285625e+01  6.535570e+01  1.176668e+02 
 2.759826e+00  1.726635e+01  4.188786e+01  6.381384e+01  1.148726e+02 
 2.798297e+00  1.695199e+01  4.098745e+01  6.232276e+01  1.121933e+02 
 2.837304e+00  1.664267e+01  4.006006e+01  6.084542e+01  1.094930e+02 
 2.876854e+00  1.633437e+01  3.914567e+01  5.940269e+01  1.068845e+02 
 2.916956e+00  1.603417e+01  3.827650e+01  5.798669e+01  1.043013e+02 
 2.957617e+00  1.574220e+01  3.741861e+01  5.662133e+01  1.018211e+02 
 2.998844e+00  1.544592e+01  3.657699e+01  5.526378e+01  9.936057e+01 
 3.040646e+00  1.515958e+01  3.574008e+01  5.395240e+01  9.703045e+01 
 3.083031e+00  1.487607e+01  3.492731e+01  5.266252e+01  9.470138e+01 
 3.126007e+00  1.460395e+01  3.413295e+01  5.139718e+01  9.242479e+01 
 3.169582e+00  1.432649e+01  3.333454e+01  5.015208e+01  9.020524e+01 
 3.213764e+00  1.405542e+01  3.256715e+01  4.893566e+01  8.802615e+01 
 3.258562e+00  1.378133e+01  3.181967e+01  4.774232e+01  8.588417e+01 
 3.303985e+00  1.351378e+01  3.105692e+01  4.657492e+01  8.379055e+01 
 3.350041e+00  1.325394e+01  3.031207e+01  4.540609e+01  8.170930e+01 
 3.396739e+00  1.298398e+01  2.959151e+01  4.428708e+01  7.968964e+01 
 3.444087e+00  1.272915e+01  2.886593e+01  4.317171e+01  7.770169e+01 
 3.492096e+00  1.247467e+01  2.817328e+01  4.209749e+01  7.578598e+01 
 3.540774e+00  1.221932e+01  2.749731e+01  4.104936e+01  7.390103e+01 
 3.590130e+00  1.197256e+01  2.682050e+01  4.000550e+01  7.207111e+01 
 3.640175e+00  1.173307e+01  2.616683e+01  3.900933e+01  7.026589e+01 
 3.690917e+00  1.148797e+01  2.553738e+01  3.802151e+01  6.852479e+01 
 3.742366e+00  1.125146e+01  2.490038e+01  3.706527e+01  6.684144e+01 
 3.794533e+00  1.102296e+01  2.430099e+01  3.613592e+01  6.517138e+01 
 3.847427e+00  1.079556e+01  2.369677e+01  3.522992e+01  6.357008e+01 
 3.901058e+00  1.056729e+01  2.312156e+01  3.434680e+01  6.198732e+01 
 3.955436e+00  1.035177e+01  2.255021e+01  3.347403e+01  6.044327e+01 
 4.010573e+00  1.013178e+01  2.198929e+01  3.263141e+01  5.893728e+01 
 4.066478e+00  9.916301e+00  2.144091e+01  3.179643e+01  5.744774e+01 
 4.123163e+00  9.702121e+00  2.090618e+01  3.098034e+01  5.599436e+01 
 4.180637e+00  9.494448e+00  2.037997e+01  3.018416e+01  5.456518e+01 
 4.238913e+00  9.286518e+00  1.985916e+01  2.940343e+01  5.318679e+01 
 4.298001e+00  9.079051e+00  1.942912e+01  2.864606e+01  5.182355e+01 
 4.357913e+00  8.883850e+00  1.886303e+01  2.790993e+01  5.051022e+01 
 4.418660e+00  8.685029e+00  1.838470e+01  2.718327e+01  4.922526e+01 
 4.480254e+00  8.490683e+00  1.791404e+01  2.647930e+01  4.796708e+01 
 4.542706e+00  8.302018e+00  1.745334e+01  2.579085e+01  4.673826e+01 
 4.606029e+00  8.116325e+00  1.701352e+01  2.512806e+01  4.555706e+01 
 4.670234e+00  7.933996e+00  1.657909e+01  2.448506e+01  4.440452e+01 
 4.735335e+00  7.756445e+00  1.615808e+01  2.385443e+01  4.327563e+01 
 4.801343e+00  7.583889e+00  1.575155e+01  2.324388e+01  4.217344e+01 
 4.868271e+00  7.412962e+00  1.535115e+01  2.264630e+01  4.110208e+01 
 4.936132e+00  7.245368e+00  1.495923e+01  2.206523e+01  4.005889e+01 
 5.004939e+00  7.080237e+00  1.457866e+01  2.149581e+01  3.903432e+01 
 5.074705e+00  6.916699e+00  1.420310e+01  2.093676e+01  3.803294e+01 
 5.145444e+00  6.757051e+00  1.383857e+01  2.039324e+01  3.705558e+01 
 5.217169e+00  6.599237e+00  1.347927e+01  1.985991e+01  3.609228e+01 
 5.289893e+00  6.446627e+00  1.313133e+01  1.934415e+01  3.515661e+01 
 5.363631e+00  6.294213e+00  1.279104e+01  1.883422e+01  3.424514e+01 
 5.438397e+00  6.146881e+00  1.245901e+01  1.834220e+01  3.335214e+01 
 5.514206e+00  6.001763e+00  1.213588e+01  1.786318e+01  3.248501e+01 
 5.591071e+00  5.858637e+00  1.182325e+01  1.739403e+01  3.164322e+01 
 5.669007e+00  5.721684e+00  1.151664e+01  1.694402e+01  3.082249e+01 
 5.748030e+00  5.586349e+00  1.122082e+01  1.650286e+01  3.002231e+01 
 5.828155e+00  5.454837e+00  1.093247e+01  1.607586e+01  2.924633e+01 
 5.909396e+00  5.326191e+00  1.065209e+01  1.565988e+01  2.849419e+01 
 5.991770e+00  5.200434e+00  1.037861e+01  1.525487e+01  2.776059e+01 
 6.075292e+00  5.078162e+00  1.011452e+01  1.486211e+01  2.704506e+01 
 6.159978e+00  4.957846e+00  9.856481e+00  1.447963e+01  2.634860e+01 
 6.245845e+00  4.840149e+00  9.603802e+00  1.410559e+01  2.566391e+01 
 6.332908e+00  4.724015e+00  9.355371e+00  1.373703e+01  2.499414e+01 
 6.421186e+00  4.611365e+00  9.114056e+00  1.337772e+01  2.433880e+01 
 6.510694e+00  4.499962e+00  8.877678e+00  1.302900e+01  2.369992e+01 
 6.601449e+00  4.391673e+00  8.648305e+00  1.268779e+01  2.307761e+01 
 6.693470e+00  4.285440e+00  8.423394e+00  1.235391e+01  2.246844e+01 
 6.786773e+00  4.181544e+00  8.205664e+00  1.202958e+01  2.187599e+01 
 6.881377e+00  4.080775e+00  7.993450e+00  1.171458e+01  2.129749e+01 
 6.977300e+00  3.982439e+00  7.787508e+00  1.140940e+01  2.073771e+01 
 7.074559e+00  3.886571e+00  7.586634e+00  1.111053e+01  2.019143e+01 
 7.173175e+00  3.792946e+00  7.392154e+00  1.082209e+01  1.966209e+01 
 7.273165e+00  3.702256e+00  7.203558e+00  1.054177e+01  1.914631e+01 
 7.374549e+00  3.613833e+00  7.019705e+00  1.026817e+01  1.864579e+01 
 7.477346e+00  3.527397e+00  6.841802e+00  1.000458e+01  1.815974e+01 
 7.581576e+00  3.443861e+00  6.667676e+00  9.746219e+00  1.768552e+01 
 7.687260e+00  3.361954e+00  6.498637e+00  9.494723e+00  1.722363e+01 
 7.794416e+00  3.281630e+00  6.333152e+00  9.247663e+00  1.677107e+01 
 7.903066e+00  3.203164e+00  6.170931e+00  9.006561e+00  1.632688e+01 
 8.013230e+00  3.126307e+00  6.013331e+00  8.772723e+00  1.589430e+01 
 8.124930e+00  3.050986e+00  5.859103e+00  8.543029e+00  1.547043e+01 
 8.238187e+00  2.977731e+00  5.708303e+00  8.318646e+00  1.505823e+01 
 8.353023e+00  2.906078e+00  5.561866e+00  8.100794e+00  1.465586e+01 
 8.469460e+00  2.836473e+00  5.419290e+00  7.888610e+00  1.426420e+01 
 8.587519e+00  2.768529e+00  5.280429e+00  7.682317e+00  1.388339e+01 
 8.707225e+00  2.702435e+00  5.145154e+00  7.481777e+00  1.351324e+01 
 8.828599e+00  2.638215e+00  5.014600e+00  7.286782e+00  1.315267e+01 
 8.951665e+00  2.575652e+00  4.887418e+00  7.097480e+00  1.280349e+01 
 9.076446e+00  2.514966e+00  4.764070e+00  6.914334e+00  1.246473e+01 
 9.202967e+00  2.456011e+00  4.644081e+00  6.736092e+00  1.213485e+01 
 9.331251e+00  2.398583e+00  4.527454e+00  6.562709e+00  1.181463e+01 
 9.461324e+00  0.000000e+00  0.000000e+00  0.000000e+00  0.000000e+00 
 9.593209e+00  0.000000e+00  0.000000e+00  0.000000e+00  0.000000e+00 
 9.726934e+00  0.000000e+00  0.000000e+00  0.000000e+00  0.000000e+00 
 9.862522e+00  0.000000e+00  0.000000e+00  0.000000e+00  0.000000e+00 
 1.000000e+01  0.000000e+00  0.000000e+00  0.000000e+00  0.000000e+00 
