 1.000000e-02  6.176040e+03  1.146602e+04  1.566430e+04  2.365779e+04 
 1.013939e-02  6.206520e+03  1.152243e+04  1.574121e+04  2.377351e+04 
 1.028073e-02  6.236417e+03  1.157775e+04  1.581662e+04  2.388697e+04 
 1.042404e-02  6.265715e+03  1.163195e+04  1.589050e+04  2.399810e+04 
 1.056935e-02  6.294390e+03  1.168499e+04  1.596278e+04  2.410678e+04 
 1.071668e-02  6.322419e+03  1.173682e+04  1.603340e+04  2.421296e+04 
 1.086606e-02  6.349787e+03  1.178743e+04  1.610234e+04  2.431657e+04 
 1.101753e-02  6.376460e+03  1.183672e+04  1.616950e+04  2.441748e+04 
 1.117111e-02  6.402417e+03  1.188469e+04  1.623483e+04  2.451563e+04 
 1.132683e-02  6.427634e+03  1.193128e+04  1.629826e+04  2.461090e+04 
 1.148472e-02  6.452095e+03  1.197645e+04  1.635978e+04  2.470322e+04 
 1.164481e-02  6.475767e+03  1.202017e+04  1.641926e+04  2.479250e+04 
 1.180713e-02  6.498634e+03  1.206238e+04  1.647671e+04  2.487864e+04 
 1.197171e-02  6.520664e+03  1.210302e+04  1.653200e+04  2.496154e+04 
 1.213859e-02  6.541839e+03  1.214207e+04  1.658512e+04  2.504114e+04 
 1.230780e-02  6.562138e+03  1.217949e+04  1.663600e+04  2.511735e+04 
 1.247936e-02  6.581541e+03  1.221524e+04  1.668460e+04  2.519008e+04 
 1.265332e-02  6.600021e+03  1.224927e+04  1.673082e+04  2.525923e+04 
 1.282970e-02  6.617552e+03  1.228153e+04  1.677465e+04  2.532471e+04 
 1.300854e-02  6.634118e+03  1.231201e+04  1.681601e+04  2.538647e+04 
 1.318987e-02  6.649701e+03  1.234063e+04  1.685485e+04  2.544442e+04 
 1.337373e-02  6.664272e+03  1.236738e+04  1.689112e+04  2.549846e+04 
 1.356015e-02  6.677808e+03  1.239220e+04  1.692475e+04  2.554849e+04 
 1.374917e-02  6.690284e+03  1.241506e+04  1.695567e+04  2.559443e+04 
 1.394083e-02  6.701676e+03  1.243588e+04  1.698384e+04  2.563619e+04 
 1.413516e-02  6.711950e+03  1.245463e+04  1.700915e+04  2.567362e+04 
 1.433219e-02  6.721087e+03  1.247127e+04  1.703159e+04  2.570668e+04 
 1.453198e-02  6.729066e+03  1.248575e+04  1.705105e+04  2.573525e+04 
 1.473454e-02  6.735868e+03  1.249803e+04  1.706753e+04  2.575929e+04 
 1.493993e-02  6.741458e+03  1.250806e+04  1.708091e+04  2.577864e+04 
 1.514819e-02  6.745776e+03  1.251576e+04  1.709112e+04  2.579323e+04 
 1.535935e-02  6.748824e+03  1.252111e+04  1.709812e+04  2.580299e+04 
 1.557345e-02  6.750609e+03  1.252409e+04  1.710192e+04  2.580788e+04 
 1.579053e-02  6.751102e+03  1.252470e+04  1.710243e+04  2.580781e+04 
 1.601064e-02  6.750290e+03  1.252286e+04  1.709961e+04  2.580270e+04 
 1.623382e-02  6.748153e+03  1.251856e+04  1.709343e+04  2.579249e+04 
 1.646012e-02  6.744681e+03  1.251178e+04  1.708386e+04  2.577714e+04 
 1.668956e-02  6.739855e+03  1.250249e+04  1.707084e+04  2.575658e+04 
 1.692220e-02  6.733664e+03  1.249066e+04  1.705434e+04  2.573077e+04 
 1.715809e-02  6.726073e+03  1.247621e+04  1.703429e+04  2.569957e+04 
 1.739726e-02  6.717069e+03  1.245915e+04  1.701066e+04  2.566294e+04 
 1.763977e-02  6.706632e+03  1.243943e+04  1.698337e+04  2.562079e+04 
 1.788566e-02  6.694753e+03  1.241702e+04  1.695242e+04  2.557310e+04 
 1.813498e-02  6.681404e+03  1.239189e+04  1.691776e+04  2.551977e+04 
 1.838777e-02  6.666578e+03  1.236400e+04  1.687931e+04  2.546075e+04 
 1.864409e-02  6.650260e+03  1.233335e+04  1.683709e+04  2.539601e+04 
 1.890397e-02  6.632436e+03  1.229990e+04  1.679104e+04  2.532548e+04 
 1.916748e-02  6.613104e+03  1.226365e+04  1.674118e+04  2.524917e+04 
 1.943467e-02  6.592246e+03  1.222456e+04  1.668743e+04  2.516700e+04 
 1.970558e-02  6.569881e+03  1.218268e+04  1.662986e+04  2.507905e+04 
 1.998026e-02  6.545987e+03  1.213796e+04  1.656842e+04  2.498524e+04 
 2.025878e-02  6.520577e+03  1.209042e+04  1.650312e+04  2.488561e+04 
 2.054117e-02  6.493636e+03  1.204003e+04  1.643394e+04  2.478012e+04 
 2.082751e-02  6.465196e+03  1.198688e+04  1.636095e+04  2.466888e+04 
 2.111783e-02  6.435251e+03  1.193092e+04  1.628417e+04  2.455188e+04 
 2.141220e-02  6.403904e+03  1.187233e+04  1.620373e+04  2.442928e+04 
 2.171068e-02  6.371667e+03  1.181185e+04  1.612046e+04  2.430175e+04 
 2.201331e-02  6.337930e+03  1.174857e+04  1.603339e+04  2.416848e+04 
 2.232016e-02  6.302692e+03  1.168252e+04  1.594251e+04  2.402944e+04 
 2.263130e-02  6.265966e+03  1.161370e+04  1.584786e+04  2.388472e+04 
 2.294676e-02  6.227752e+03  1.154213e+04  1.574946e+04  2.373433e+04 
 2.326663e-02  6.188071e+03  1.146784e+04  1.564733e+04  2.357834e+04 
 2.359095e-02  6.146943e+03  1.139087e+04  1.554155e+04  2.341682e+04 
 2.391980e-02  6.104381e+03  1.131123e+04  1.543214e+04  2.324984e+04 
 2.425323e-02  6.060413e+03  1.122900e+04  1.531918e+04  2.307750e+04 
 2.459130e-02  6.015071e+03  1.114421e+04  1.520275e+04  2.289994e+04 
 2.493409e-02  5.968401e+03  1.105698e+04  1.508297e+04  2.271733e+04 
 2.528166e-02  5.920435e+03  1.096735e+04  1.495991e+04  2.252979e+04 
 2.563407e-02  5.871218e+03  1.087539e+04  1.483370e+04  2.233751e+04 
 2.599140e-02  5.820802e+03  1.078122e+04  1.470447e+04  2.214068e+04 
 2.635371e-02  5.769248e+03  1.068495e+04  1.457237e+04  2.193953e+04 
 2.672106e-02  5.716593e+03  1.058664e+04  1.443749e+04  2.173422e+04 
 2.709354e-02  5.662868e+03  1.048637e+04  1.429993e+04  2.152485e+04 
 2.747121e-02  5.608105e+03  1.038416e+04  1.415975e+04  2.131158e+04 
 2.785414e-02  5.552270e+03  1.028000e+04  1.401695e+04  2.109442e+04 
 2.824241e-02  5.495130e+03  1.017356e+04  1.387115e+04  2.087307e+04 
 2.863610e-02  5.437080e+03  1.006544e+04  1.372306e+04  2.064830e+04 
 2.903527e-02  5.378166e+03  9.955724e+03  1.357281e+04  2.042027e+04 
 2.944000e-02  5.318448e+03  9.844523e+03  1.342053e+04  2.018925e+04 
 2.985038e-02  5.257984e+03  9.731953e+03  1.326640e+04  1.995544e+04 
 3.026648e-02  5.196846e+03  9.618146e+03  1.311058e+04  1.971913e+04 
 3.068838e-02  5.135103e+03  9.503229e+03  1.295327e+04  1.948057e+04 
 3.111616e-02  5.072840e+03  9.387354e+03  1.279465e+04  1.924010e+04 
 3.154990e-02  5.010146e+03  9.270688e+03  1.263498e+04  1.899804e+04 
 3.198969e-02  4.947113e+03  9.153403e+03  1.247446e+04  1.875475e+04 
 3.243561e-02  4.883845e+03  9.035693e+03  1.231336e+04  1.851064e+04 
 3.288774e-02  4.820449e+03  8.917756e+03  1.215197e+04  1.826610e+04 
 3.334618e-02  4.757035e+03  8.799793e+03  1.199056e+04  1.802154e+04 
 3.381101e-02  4.693656e+03  8.681903e+03  1.182925e+04  1.777719e+04 
 3.428231e-02  4.630363e+03  8.564183e+03  1.166819e+04  1.753321e+04 
 3.476019e-02  4.567027e+03  8.446738e+03  1.150789e+04  1.729157e+04 
 3.524473e-02  4.503887e+03  8.329674e+03  1.134813e+04  1.705080e+04 
 3.573602e-02  4.441004e+03  8.213095e+03  1.118904e+04  1.681105e+04 
 3.623416e-02  4.378445e+03  8.097115e+03  1.103078e+04  1.657256e+04 
 3.673925e-02  4.316274e+03  7.981865e+03  1.087351e+04  1.633559e+04 
 3.725137e-02  4.254569e+03  7.867484e+03  1.071744e+04  1.610043e+04 
 3.777064e-02  4.193398e+03  7.754093e+03  1.056273e+04  1.586735e+04 
 3.829714e-02  4.132845e+03  7.641855e+03  1.040958e+04  1.563666e+04 
 3.883098e-02  4.072992e+03  7.530918e+03  1.025823e+04  1.540867e+04 
 3.937226e-02  4.013928e+03  7.421446e+03  1.010888e+04  1.518371e+04 
 3.992109e-02  3.955747e+03  7.313613e+03  9.961755e+03  1.496213e+04 
 4.047757e-02  3.898537e+03  7.207547e+03  9.817010e+03  1.474404e+04 
 4.104181e-02  3.842210e+03  7.102491e+03  9.672955e+03  1.452506e+04 
 4.161391e-02  3.787046e+03  6.999602e+03  9.531863e+03  1.431057e+04 
 4.219398e-02  3.733075e+03  6.898930e+03  9.393806e+03  1.410068e+04 
 4.278214e-02  3.680323e+03  6.800528e+03  9.258853e+03  1.389548e+04 
 4.337850e-02  3.628821e+03  6.704443e+03  9.127069e+03  1.369510e+04 
 4.398317e-02  3.578594e+03  6.610727e+03  8.998531e+03  1.349962e+04 
 4.459628e-02  3.529665e+03  6.519422e+03  8.873287e+03  1.330914e+04 
 4.521792e-02  3.482054e+03  6.430568e+03  8.751386e+03  1.312371e+04 
 4.584824e-02  3.435783e+03  6.344202e+03  8.632888e+03  1.294342e+04 
 4.648734e-02  3.390868e+03  6.260351e+03  8.517827e+03  1.276831e+04 
 4.713535e-02  3.347470e+03  6.180116e+03  8.408539e+03  1.260419e+04 
 4.779239e-02  3.305543e+03  6.103083e+03  8.304118e+03  1.244875e+04 
 4.845859e-02  3.264999e+03  6.028597e+03  8.203159e+03  1.229848e+04 
 4.913407e-02  3.225821e+03  5.956626e+03  8.105619e+03  1.215332e+04 
 4.981898e-02  3.187981e+03  5.887122e+03  8.011427e+03  1.201317e+04 
 5.051342e-02  3.151447e+03  5.820028e+03  7.920508e+03  1.187790e+04 
 5.121755e-02  3.116178e+03  5.755266e+03  7.832759e+03  1.174739e+04 
 5.193150e-02  3.082128e+03  5.692746e+03  7.748061e+03  1.162143e+04 
 5.265540e-02  3.049243e+03  5.632375e+03  7.666282e+03  1.149983e+04 
 5.338938e-02  3.017213e+03  5.573107e+03  7.585506e+03  1.137840e+04 
 5.413360e-02  2.985921e+03  5.514634e+03  7.505218e+03  1.125612e+04 
 5.488820e-02  2.955578e+03  5.457922e+03  7.427332e+03  1.113745e+04 
 5.565331e-02  2.926108e+03  5.402823e+03  7.351644e+03  1.102208e+04 
 5.642908e-02  2.897398e+03  5.349126e+03  7.277865e+03  1.090957e+04 
 5.721568e-02  2.869333e+03  5.296619e+03  7.205707e+03  1.079950e+04 
 5.801323e-02  2.841782e+03  5.245073e+03  7.134865e+03  1.069141e+04 
 5.882190e-02  2.814699e+03  5.194410e+03  7.065247e+03  1.058521e+04 
 5.964185e-02  2.788125e+03  5.145049e+03  6.997781e+03  1.048327e+04 
 6.047322e-02  2.762254e+03  5.097948e+03  6.934373e+03  1.039010e+04 
 6.131619e-02  2.736415e+03  5.050892e+03  6.871017e+03  1.029697e+04 
 6.217090e-02  2.710400e+03  5.003490e+03  6.807171e+03  1.020304e+04 
 6.303753e-02  2.684154e+03  4.955644e+03  6.742697e+03  1.010810e+04 
 6.391624e-02  2.657491e+03  4.907019e+03  6.677155e+03  1.001156e+04 
 6.480720e-02  2.630321e+03  4.857465e+03  6.610352e+03  9.913127e+03 
 6.571058e-02  2.602480e+03  4.806675e+03  6.541880e+03  9.812210e+03 
 6.662655e-02  2.572634e+03  4.750188e+03  6.463553e+03  9.690669e+03 
 6.755528e-02  2.541825e+03  4.691882e+03  6.382702e+03  9.565223e+03 
 6.849697e-02  2.510003e+03  4.631728e+03  6.299356e+03  9.436098e+03 
 6.945178e-02  2.477073e+03  4.569546e+03  6.213282e+03  9.302959e+03 
 7.041990e-02  2.442941e+03  4.505172e+03  6.124256e+03  9.165493e+03 
 7.140151e-02  2.407541e+03  4.438493e+03  6.032127e+03  9.023482e+03 
 7.239681e-02  2.371136e+03  4.370299e+03  5.938344e+03  8.880264e+03 
 7.340598e-02  2.333735e+03  4.300666e+03  5.843076e+03  8.736330e+03 
 7.442922e-02  2.294971e+03  4.228547e+03  5.744453e+03  8.587451e+03 
 7.546673e-02  2.254860e+03  4.153968e+03  5.642516e+03  8.433692e+03 
 7.651869e-02  2.213428e+03  4.076986e+03  5.537344e+03  8.275175e+03 
 7.758532e-02  2.170748e+03  3.997729e+03  5.429114e+03  8.112166e+03 
 7.866682e-02  2.127771e+03  3.919141e+03  5.322994e+03  7.955372e+03 
 7.976339e-02  2.085136e+03  3.843110e+03  5.222263e+03  7.811498e+03 
 8.087525e-02  2.041512e+03  3.765195e+03  5.118913e+03  7.663557e+03 
 8.200261e-02  1.997051e+03  3.685669e+03  5.013310e+03  7.512081e+03 
 8.314568e-02  1.951926e+03  3.604848e+03  4.905875e+03  7.357689e+03 
 8.430468e-02  1.906328e+03  3.523083e+03  4.797082e+03  7.201073e+03 
 8.547985e-02  1.859672e+03  3.438069e+03  4.682617e+03  7.032892e+03 
 8.667139e-02  1.812630e+03  3.351738e+03  4.565773e+03  6.859695e+03 
 8.787954e-02  1.765818e+03  3.265816e+03  4.449465e+03  6.687239e+03 
 8.910453e-02  1.719473e+03  3.180742e+03  4.334289e+03  6.516415e+03 
 9.034660e-02  1.673838e+03  3.096957e+03  4.220845e+03  6.348116e+03 
 9.160598e-02  1.629825e+03  3.017113e+03  4.113638e+03  6.191242e+03 
 9.288292e-02  1.587576e+03  2.941350e+03  4.012740e+03  6.045619e+03 
 9.417766e-02  1.546647e+03  2.867925e+03  3.914929e+03  5.904380e+03 
 9.549045e-02  1.507237e+03  2.797214e+03  3.820720e+03  5.768308e+03 
 9.682153e-02  1.469517e+03  2.729541e+03  3.730558e+03  5.638081e+03 
 9.817117e-02  1.433919e+03  2.666120e+03  3.646485e+03  5.517678e+03 
 9.953962e-02  1.400391e+03  2.606588e+03  3.567759e+03  5.405405e+03 
 1.009272e-01  1.368923e+03  2.550778e+03  3.494014e+03  5.300385e+03 
 1.023340e-01  1.339585e+03  2.498822e+03  3.425441e+03  5.202938e+03 
 1.037605e-01  1.311760e+03  2.448799e+03  3.358697e+03  5.106372e+03 
 1.052069e-01  1.283653e+03  2.395204e+03  3.284300e+03  4.991839e+03 
 1.066734e-01  1.257740e+03  2.345710e+03  3.215530e+03  4.885840e+03 
 1.081604e-01  1.233937e+03  2.300164e+03  3.152171e+03  4.788042e+03 
 1.096681e-01  1.212120e+03  2.258330e+03  3.093901e+03  4.697966e+03 
 1.111968e-01  1.192355e+03  2.220648e+03  3.041458e+03  4.616528e+03 
 1.127468e-01  1.174226e+03  2.186030e+03  2.993217e+03  4.541454e+03 
 1.143184e-01  1.157492e+03  2.154011e+03  2.948536e+03  4.471775e+03 
 1.159120e-01  1.141895e+03  2.124111e+03  2.906758e+03  4.406509e+03 
 1.175277e-01  1.128026e+03  2.098308e+03  2.871304e+03  4.352211e+03 
 1.191660e-01  1.114796e+03  2.073772e+03  2.837648e+03  4.300769e+03 
 1.208271e-01  1.101820e+03  2.049709e+03  2.804646e+03  4.250333e+03 
 1.225114e-01  1.088761e+03  2.025474e+03  2.771413e+03  4.199632e+03 
 1.242191e-01  1.074966e+03  1.999608e+03  2.735934e+03  4.146106e+03 
 1.259506e-01  1.060542e+03  1.972593e+03  2.698903e+03  4.090272e+03 
 1.277063e-01  1.045244e+03  1.943972e+03  2.659696e+03  4.031194e+03 
 1.294865e-01  1.029224e+03  1.914263e+03  2.619105e+03  3.969900e+03 
 1.312915e-01  1.012360e+03  1.883277e+03  2.576883e+03  3.905996e+03 
 1.331216e-01  9.941101e+02  1.849727e+03  2.531178e+03  3.836878e+03 
 1.349772e-01  9.744396e+02  1.813591e+03  2.482004e+03  3.762702e+03 
 1.368587e-01  9.545425e+02  1.779007e+03  2.437186e+03  3.701464e+03 
 1.387665e-01  9.332692e+02  1.741802e+03  2.388720e+03  3.634535e+03 
 1.407008e-01  9.107476e+02  1.702199e+03  2.336900e+03  3.562312e+03 
 1.426621e-01  8.881515e+02  1.662882e+03  2.285434e+03  3.489554e+03 
 1.446507e-01  8.650468e+02  1.622660e+03  2.232641e+03  3.414271e+03 
 1.466671e-01  8.413996e+02  1.581287e+03  2.178157e+03  3.336178e+03 
 1.487115e-01  8.156095e+02  1.533960e+03  2.114172e+03  3.241542e+03 
 1.507845e-01  7.887359e+02  1.483328e+03  2.044769e+03  3.137247e+03 
 1.528864e-01  7.625146e+02  1.433915e+03  1.977016e+03  3.035333e+03 
 1.550175e-01  7.390827e+02  1.391663e+03  1.920610e+03  2.953634e+03 
 1.571784e-01  7.180957e+02  1.355259e+03  1.873227e+03  2.887575e+03 
 1.593694e-01  6.984591e+02  1.321221e+03  1.828944e+03  2.825896e+03 
 1.615909e-01  6.808538e+02  1.291155e+03  1.790090e+03  2.772046e+03 
 1.638434e-01  6.651222e+02  1.264604e+03  1.756000e+03  2.725155e+03 
 1.661273e-01  6.511056e+02  1.241152e+03  1.726078e+03  2.684439e+03 
 1.684430e-01  6.356619e+02  1.212168e+03  1.686605e+03  2.626136e+03 
 1.707910e-01  6.215476e+02  1.185346e+03  1.649871e+03  2.571647e+03 
 1.731717e-01  6.094624e+02  1.162720e+03  1.619105e+03  2.526322e+03 
 1.755856e-01  6.006230e+02  1.147677e+03  1.599508e+03  2.498160e+03 
 1.780332e-01  5.927952e+02  1.134525e+03  1.582513e+03  2.474009e+03 
 1.805149e-01  5.839654e+02  1.117323e+03  1.558080e+03  2.434781e+03 
 1.830312e-01  5.745162e+02  1.097673e+03  1.529174e+03  2.386525e+03 
 1.855825e-01  5.652099e+02  1.078567e+03  1.501339e+03  2.340686e+03 
 1.881694e-01  5.561083e+02  1.061355e+03  1.477896e+03  2.305913e+03 
 1.907924e-01  5.464288e+02  1.043066e+03  1.452966e+03  2.268841e+03 
 1.934520e-01  5.355451e+02  1.022436e+03  1.424987e+03  2.228356e+03 
 1.961486e-01  5.235740e+02  9.997495e+02  1.394223e+03  2.183963e+03 
 1.988828e-01  5.117660e+02  9.781348e+02  1.365204e+03  2.141930e+03 
 2.016551e-01  5.006867e+02  9.589671e+02  1.339929e+03  2.105213e+03 
 2.044661e-01  4.885524e+02  9.375038e+02  1.311235e+03  2.062767e+03 
 2.073162e-01  4.749583e+02  9.118486e+02  1.275595e+03  2.007656e+03 
 2.102061e-01  4.609569e+02  8.853792e+02  1.238794e+03  1.950639e+03 
 2.131362e-01  4.504857e+02  8.699023e+02  1.220411e+03  1.926898e+03 
 2.161073e-01  4.402743e+02  8.549308e+02  1.202742e+03  1.904250e+03 
 2.191197e-01  4.276012e+02  8.328368e+02  1.174097e+03  1.865172e+03 
 2.221741e-01  4.149991e+02  8.102502e+02  1.144440e+03  1.824431e+03 
 2.252711e-01  4.038181e+02  7.908780e+02  1.119564e+03  1.791010e+03 
 2.284112e-01  3.938969e+02  7.740300e+02  1.098255e+03  1.763005e+03 
 2.315951e-01  3.853358e+02  7.588060e+02  1.077725e+03  1.731835e+03 
 2.348235e-01  3.779609e+02  7.455126e+02  1.059387e+03  1.702640e+03 
 2.380968e-01  3.695993e+02  7.289496e+02  1.035989e+03  1.666385e+03 
 2.414157e-01  3.615519e+02  7.126689e+02  1.012883e+03  1.630856e+03 
 2.447809e-01  3.536536e+02  6.971248e+02  9.913039e+02  1.597788e+03 
 2.481930e-01  3.461317e+02  6.824265e+02  9.709827e+02  1.566694e+03 
 2.516527e-01  3.417057e+02  6.749922e+02  9.609749e+02  1.551144e+03 
 2.551606e-01  3.361119e+02  6.648480e+02  9.470858e+02  1.529910e+03 
 2.587174e-01  3.272900e+02  6.470552e+02  9.222336e+02  1.492836e+03 
 2.623238e-01  3.197204e+02  6.328925e+02  9.029794e+02  1.464605e+03 
 2.659804e-01  3.134778e+02  6.225841e+02  8.896669e+02  1.445741e+03 
 2.696881e-01  3.051231e+02  6.071873e+02  8.687928e+02  1.414157e+03 
 2.734474e-01  2.960456e+02  5.901215e+02  8.454684e+02  1.378532e+03 
 2.772591e-01  2.890419e+02  5.785063e+02  8.309032e+02  1.359573e+03 
 2.811239e-01  2.817087e+02  5.656766e+02  8.144319e+02  1.338384e+03 
 2.850426e-01  2.741691e+02  5.517216e+02  7.961666e+02  1.315589e+03 
 2.890160e-01  2.673460e+02  5.400365e+02  7.810435e+02  1.293931e+03 
 2.930447e-01  2.610841e+02  5.291093e+02  7.663334e+02  1.270913e+03 
 2.971296e-01  2.552783e+02  5.175204e+02  7.487892e+02  1.240065e+03 
 3.012714e-01  2.501794e+02  5.086298e+02  7.369937e+02  1.222669e+03 
 3.054710e-01  2.452785e+02  5.004022e+02  7.267755e+02  1.209477e+03 
 3.097291e-01  2.394119e+02  4.893404e+02  7.120612e+02  1.189059e+03 
 3.140465e-01  2.340640e+02  4.784424e+02  6.962745e+02  1.162896e+03 
 3.184242e-01  2.292683e+02  4.688051e+02  6.823023e+02  1.139682e+03 
 3.228628e-01  2.253463e+02  4.621407e+02  6.738462e+02  1.129224e+03 
 3.273634e-01  2.198111e+02  4.508928e+02  6.575423e+02  1.102790e+03 
 3.319266e-01  2.139952e+02  4.394782e+02  6.416219e+02  1.078535e+03 
 3.365535e-01  2.083492e+02  4.292437e+02  6.283023e+02  1.060440e+03 
 3.412449e-01  2.043334e+02  4.237515e+02  6.216630e+02  1.049651e+03 
 3.460016e-01  1.999612e+02  4.164782e+02  6.121961e+02  1.036142e+03 
 3.508247e-01  1.957138e+02  4.087890e+02  6.018212e+02  1.020719e+03 
 3.557150e-01  1.916363e+02  4.011168e+02  5.912984e+02  1.004248e+03 
 3.606735e-01  1.870074e+02  3.927492e+02  5.802572e+02  9.887024e+02 
 3.657011e-01  1.816171e+02  3.823632e+02  5.659383e+02  9.686344e+02 
 3.707988e-01  1.773122e+02  3.739738e+02  5.544013e+02  9.514091e+02 
 3.759675e-01  1.734008e+02  3.663698e+02  5.438787e+02  9.354966e+02 
 3.812083e-01  1.694045e+02  3.590275e+02  5.338727e+02  9.206800e+02 
 3.865221e-01  1.660489e+02  3.540912e+02  5.281545e+02  9.111815e+02 
 3.919100e-01  1.624824e+02  3.456959e+02  5.153192e+02  8.932595e+02 
 3.973730e-01  1.584811e+02  3.388368e+02  5.065599e+02  8.791045e+02 
 4.029122e-01  1.551896e+02  3.335153e+02  4.990816e+02  8.652556e+02 
 4.085286e-01  1.518814e+02  3.263717e+02  4.887457e+02  8.501722e+02 
 4.142232e-01  1.479578e+02  3.182604e+02  4.778729e+02  8.362808e+02 
 4.199973e-01  1.441471e+02  3.115575e+02  4.692564e+02  8.234514e+02 
 4.258518e-01  1.411060e+02  3.058428e+02  4.610851e+02  8.092360e+02 
 4.317880e-01  1.379022e+02  2.995133e+02  4.516784e+02  7.945890e+02 
 4.378069e-01  1.350883e+02  2.938021e+02  4.434110e+02  7.807227e+02 
 4.439097e-01  1.327526e+02  2.901688e+02  4.390684e+02  7.766150e+02 
 4.500975e-01  1.291390e+02  2.833352e+02  4.296637e+02  7.626666e+02 
 4.563716e-01  1.260633e+02  2.768634e+02  4.201621e+02  7.455985e+02 
 4.627332e-01  1.240648e+02  2.740837e+02  4.171747e+02  7.427346e+02 
 4.691835e-01  1.208060e+02  2.675069e+02  4.076590e+02  7.266856e+02 
 4.757236e-01  1.184529e+02  2.627901e+02  4.010563e+02  7.162942e+02 
 4.823549e-01  1.152805e+02  2.562240e+02  3.916970e+02  7.032346e+02 
 4.890787e-01  1.127523e+02  2.512155e+02  3.848543e+02  6.924264e+02 
 4.958962e-01  1.108480e+02  2.474628e+02  3.789773e+02  6.814735e+02 
 5.028087e-01  1.083218e+02  2.430401e+02  3.729727e+02  6.725882e+02 
 5.098176e-01  1.062737e+02  2.392111e+02  3.673919e+02  6.616316e+02 
 5.169242e-01  1.043620e+02  2.355469e+02  3.624024e+02  6.547562e+02 
 5.241298e-01  1.009109e+02  2.295274e+02  3.549218e+02  6.453641e+02 
 5.314359e-01  9.909720e+01  2.267243e+02  3.510737e+02  6.389971e+02 
 5.388438e-01  9.694752e+01  2.217484e+02  3.435499e+02  6.273505e+02 
 5.463550e-01  9.514320e+01  2.181715e+02  3.381854e+02  6.182542e+02 
 5.539709e-01  9.253295e+01  2.134323e+02  3.320553e+02  6.087032e+02 
 5.616930e-01  9.084200e+01  2.100994e+02  3.273126e+02  6.014947e+02 
 5.695227e-01  8.901686e+01  2.070493e+02  3.234688e+02  5.934435e+02 
 5.774615e-01  8.696065e+01  2.022383e+02  3.162271e+02  5.828414e+02 
 5.855110e-01  8.536169e+01  1.992507e+02  3.116541e+02  5.749207e+02 
 5.936727e-01  8.333041e+01  1.945044e+02  3.049052e+02  5.645732e+02 
 6.019482e-01  8.185920e+01  1.921441e+02  3.011089e+02  5.574832e+02 
 6.103390e-01  7.986475e+01  1.886521e+02  2.965430e+02  5.493807e+02 
 6.188468e-01  7.805984e+01  1.855781e+02  2.936583e+02  5.472767e+02 
 6.274732e-01  7.670163e+01  1.820471e+02  2.875393e+02  5.370924e+02 
 6.362198e-01  7.511267e+01  1.792908e+02  2.835425e+02  5.292941e+02 
 6.450884e-01  7.331648e+01  1.759643e+02  2.788593e+02  5.210132e+02 
 6.540806e-01  7.175803e+01  1.721792e+02  2.730737e+02  5.124601e+02 
 6.631981e-01  7.012561e+01  1.695022e+02  2.700816e+02  5.073263e+02 
 6.724427e-01  6.874705e+01  1.665200e+02  2.658746e+02  5.019137e+02 
 6.818162e-01  6.721607e+01  1.634684e+02  2.605522e+02  4.919966e+02 
 6.913204e-01  6.574398e+01  1.604400e+02  2.565669e+02  4.851499e+02 
 7.009570e-01  6.477533e+01  1.580221e+02  2.529453e+02  4.788392e+02 
 7.107280e-01  6.307557e+01  1.553151e+02  2.491576e+02  4.713573e+02 
 7.206351e-01  6.206029e+01  1.528855e+02  2.458554e+02  4.672602e+02 
 7.306804e-01  6.076994e+01  1.505449e+02  2.419388e+02  4.589423e+02 
 7.408657e-01  5.939275e+01  1.475447e+02  2.376252e+02  4.529913e+02 
 7.511929e-01  5.810195e+01  1.448222e+02  2.340441e+02  4.467637e+02 
 7.616642e-01  5.695004e+01  1.421837e+02  2.302458e+02  4.409377e+02 
 7.722814e-01  5.615245e+01  1.407271e+02  2.277057e+02  4.347920e+02 
 7.830465e-01  5.494677e+01  1.379842e+02  2.237716e+02  4.290098e+02 
 7.939618e-01  5.389695e+01  1.361507e+02  2.208413e+02  4.243490e+02 
 8.050292e-01  5.266284e+01  1.335812e+02  2.177726e+02  4.188668e+02 
 8.162509e-01  5.169929e+01  1.315868e+02  2.141553e+02  4.115072e+02 
 8.276289e-01  5.041213e+01  1.289121e+02  2.105635e+02  4.060897e+02 
 8.391656e-01  4.973129e+01  1.273350e+02  2.075578e+02  4.013221e+02 
 8.508632e-01  4.879372e+01  1.251562e+02  2.046974e+02  3.959317e+02 
 8.627237e-01  4.768162e+01  1.230829e+02  2.015618e+02  3.896427e+02 
 8.747496e-01  4.677966e+01  1.209493e+02  1.984973e+02  3.843731e+02 
 8.869432e-01  4.593559e+01  1.192095e+02  1.958151e+02  3.796129e+02 
 8.993067e-01  4.497053e+01  1.172782e+02  1.928286e+02  3.740208e+02 
 9.118425e-01  4.425352e+01  1.152636e+02  1.895661e+02  3.674247e+02 
 9.245531e-01  4.326343e+01  1.133469e+02  1.866293e+02  3.632999e+02 
 9.374409e-01  4.240083e+01  1.115586e+02  1.841784e+02  3.584454e+02 
 9.505083e-01  4.166893e+01  1.097849e+02  1.814734e+02  3.534736e+02 
 9.637579e-01  4.076354e+01  1.076862e+02  1.782899e+02  3.481929e+02 
 9.771921e-01  4.018858e+01  1.069988e+02  1.766278e+02  3.436658e+02 
 9.908137e-01  3.939285e+01  1.049825e+02  1.737227e+02  3.390562e+02 
 1.004625e+00  3.860275e+01  1.030420e+02  1.707595e+02  3.334481e+02 
 1.018629e+00  3.794464e+01  1.016056e+02  1.683611e+02  3.286031e+02 
 1.032828e+00  3.717925e+01  9.995131e+01  1.661073e+02  3.249906e+02 
 1.047225e+00  3.642711e+01  9.846255e+01  1.634762e+02  3.193640e+02 
 1.061823e+00  3.583656e+01  9.713413e+01  1.612545e+02  3.149116e+02 
 1.076624e+00  3.513992e+01  9.557122e+01  1.588633e+02  3.101899e+02 
 1.091632e+00  3.452833e+01  9.401122e+01  1.565660e+02  3.055175e+02 
 1.106848e+00  3.383978e+01  9.237799e+01  1.541332e+02  3.013258e+02 
 1.122277e+00  3.321498e+01  9.106197e+01  1.516291e+02  2.962761e+02 
 1.137921e+00  3.258825e+01  8.949714e+01  1.493088e+02  2.919212e+02 
 1.153783e+00  3.203062e+01  8.811501e+01  1.470841e+02  2.877813e+02 
 1.169866e+00  3.146360e+01  8.680463e+01  1.449100e+02  2.838166e+02 
 1.186174e+00  3.086286e+01  8.552643e+01  1.427402e+02  2.792025e+02 
 1.202708e+00  3.033599e+01  8.418816e+01  1.406538e+02  2.750942e+02 
 1.219473e+00  2.981149e+01  8.294339e+01  1.386590e+02  2.705626e+02 
 1.236472e+00  2.925922e+01  8.167908e+01  1.366689e+02  2.667366e+02 
 1.253708e+00  2.875482e+01  8.034895e+01  1.343342e+02  2.626718e+02 
 1.271184e+00  2.825274e+01  7.938377e+01  1.327217e+02  2.585953e+02 
 1.288904e+00  2.774153e+01  7.785841e+01  1.303716e+02  2.548107e+02 
 1.306870e+00  2.722089e+01  7.663021e+01  1.283349e+02  2.504909e+02 
 1.325087e+00  2.678365e+01  7.550282e+01  1.264468e+02  2.463414e+02 
 1.343558e+00  2.630857e+01  7.429503e+01  1.244718e+02  2.423691e+02 
 1.362287e+00  2.587210e+01  7.309022e+01  1.223673e+02  2.383920e+02 
 1.381276e+00  2.540907e+01  7.197330e+01  1.202425e+02  2.344289e+02 
 1.400531e+00  2.497911e+01  7.085717e+01  1.184579e+02  2.303673e+02 
 1.420053e+00  2.452601e+01  6.965193e+01  1.166252e+02  2.265188e+02 
 1.439848e+00  2.411493e+01  6.863362e+01  1.146717e+02  2.228468e+02 
 1.459919e+00  2.367036e+01  6.752263e+01  1.128325e+02  2.188800e+02 
 1.480269e+00  2.331637e+01  6.634810e+01  1.108637e+02  2.148179e+02 
 1.500903e+00  2.290982e+01  6.534149e+01  1.090421e+02  2.115137e+02 
 1.521825e+00  2.250925e+01  6.437527e+01  1.073731e+02  2.078078e+02 
 1.543038e+00  2.211232e+01  6.332693e+01  1.057082e+02  2.044541e+02 
 1.564548e+00  2.176734e+01  6.232512e+01  1.039335e+02  2.006912e+02 
 1.586357e+00  2.139906e+01  6.136725e+01  1.022279e+02  1.971117e+02 
 1.608469e+00  2.101167e+01  6.037701e+01  1.005284e+02  1.938085e+02 
 1.630891e+00  2.071260e+01  5.929905e+01  9.861699e+01  1.899452e+02 
 1.653624e+00  2.033330e+01  5.832260e+01  9.705242e+01  1.868415e+02 
 1.676675e+00  1.998590e+01  5.745171e+01  9.546317e+01  1.832722e+02 
 1.700047e+00  1.964279e+01  5.651595e+01  9.380818e+01  1.799713e+02 
 1.723745e+00  1.933005e+01  5.554467e+01  9.216133e+01  1.764042e+02 
 1.747773e+00  1.897871e+01  5.458897e+01  9.050341e+01  1.730642e+02 
 1.772136e+00  1.866525e+01  5.369332e+01  8.888823e+01  1.699637e+02 
 1.796838e+00  1.835858e+01  5.277484e+01  8.731794e+01  1.666883e+02 
 1.821885e+00  1.807615e+01  5.187232e+01  8.572141e+01  1.635826e+02 
 1.847281e+00  1.776095e+01  5.106888e+01  8.428871e+01  1.604536e+02 
 1.873032e+00  1.747080e+01  5.016158e+01  8.264288e+01  1.573980e+02 
 1.899141e+00  1.717371e+01  4.925943e+01  8.117584e+01  1.543753e+02 
 1.925614e+00  1.690198e+01  4.844214e+01  7.971695e+01  1.512717e+02 
 1.952456e+00  1.666258e+01  4.765972e+01  7.829107e+01  1.482887e+02 
 1.979672e+00  1.635037e+01  4.685656e+01  7.686148e+01  1.453930e+02 
 2.007267e+00  1.609765e+01  4.602143e+01  7.534338e+01  1.425531e+02 
 2.035248e+00  1.581317e+01  4.517205e+01  7.388832e+01  1.395726e+02 
 2.063618e+00  1.554659e+01  4.434411e+01  7.246320e+01  1.366895e+02 
 2.092383e+00  1.529304e+01  4.354009e+01  7.103711e+01  1.338876e+02 
 2.121550e+00  1.502703e+01  4.273570e+01  6.966059e+01  1.311027e+02 
 2.151123e+00  1.478103e+01  4.196880e+01  6.826612e+01  1.283126e+02 
 2.181109e+00  1.452866e+01  4.116760e+01  6.692971e+01  1.256868e+02 
 2.211512e+00  1.428799e+01  4.038385e+01  6.555444e+01  1.229169e+02 
 2.242340e+00  1.405042e+01  3.966764e+01  6.427552e+01  1.203534e+02 
 2.273597e+00  1.380081e+01  3.892325e+01  6.292994e+01  1.177620e+02 
 2.305289e+00  1.358556e+01  3.818192e+01  6.168196e+01  1.152716e+02 
 2.337424e+00  1.336039e+01  3.744478e+01  6.040274e+01  1.128364e+02 
 2.370006e+00  1.313065e+01  3.672933e+01  5.918220e+01  1.104428e+02 
 2.403043e+00  1.289728e+01  3.603144e+01  5.792720e+01  1.080010e+02 
 2.436540e+00  1.268994e+01  3.535194e+01  5.673892e+01  1.056390e+02 
 2.470504e+00  1.247361e+01  3.466346e+01  5.552823e+01  1.032871e+02 
 2.504942e+00  1.226235e+01  3.399946e+01  5.438382e+01  1.010362e+02 
 2.539859e+00  1.206125e+01  3.331418e+01  5.319839e+01  9.873289e+01 
 2.575263e+00  1.184308e+01  3.263261e+01  5.208998e+01  9.656963e+01 
 2.611161e+00  1.164603e+01  3.198159e+01  5.092762e+01  9.439446e+01 
 2.647559e+00  1.144471e+01  3.132773e+01  4.979337e+01  9.219977e+01 
 2.684465e+00  1.124479e+01  3.070418e+01  4.870206e+01  9.009003e+01 
 2.721885e+00  1.104092e+01  3.004266e+01  4.762600e+01  8.802819e+01 
 2.759826e+00  1.084899e+01  2.941024e+01  4.654463e+01  8.599305e+01 
 2.798297e+00  1.065552e+01  2.880022e+01  4.551104e+01  8.405253e+01 
 2.837304e+00  1.046850e+01  2.819285e+01  4.448632e+01  8.210101e+01 
 2.876854e+00  1.028090e+01  2.759088e+01  4.347235e+01  8.020330e+01 
 2.916956e+00  1.009894e+01  2.701035e+01  4.248791e+01  7.829257e+01 
 2.957617e+00  9.921386e+00  2.644216e+01  4.153426e+01  7.648051e+01 
 2.998844e+00  9.743517e+00  2.587913e+01  4.058155e+01  7.468114e+01 
 3.040646e+00  9.568193e+00  2.531580e+01  3.963781e+01  7.297032e+01 
 3.083031e+00  9.396204e+00  2.475805e+01  3.872257e+01  7.125218e+01 
 3.126007e+00  9.228675e+00  2.422926e+01  3.782453e+01  6.953906e+01 
 3.169582e+00  9.058744e+00  2.367923e+01  3.691759e+01  6.788474e+01 
 3.213764e+00  8.891771e+00  2.315316e+01  3.604672e+01  6.625962e+01 
 3.258562e+00  8.723914e+00  2.264018e+01  3.518901e+01  6.466083e+01 
 3.303985e+00  8.560650e+00  2.211777e+01  3.434443e+01  6.309665e+01 
 3.350041e+00  8.399669e+00  2.160642e+01  3.350935e+01  6.155889e+01 
 3.396739e+00  8.238411e+00  2.111122e+01  3.270753e+01  6.004320e+01 
 3.444087e+00  8.083558e+00  2.061836e+01  3.189263e+01  5.856476e+01 
 3.492096e+00  7.929466e+00  2.014396e+01  3.112733e+01  5.715180e+01 
 3.540774e+00  7.772434e+00  1.967791e+01  3.037005e+01  5.574653e+01 
 3.590130e+00  7.624684e+00  1.921411e+01  2.961898e+01  5.438979e+01 
 3.640175e+00  7.478667e+00  1.876568e+01  2.890298e+01  5.305637e+01 
 3.690917e+00  7.331370e+00  1.833047e+01  2.818086e+01  5.174417e+01 
 3.742366e+00  7.188434e+00  1.788946e+01  2.749051e+01  5.048700e+01 
 3.794533e+00  7.048865e+00  1.747081e+01  2.681432e+01  4.923885e+01 
 3.847427e+00  6.909317e+00  1.705051e+01  2.614550e+01  4.803173e+01 
 3.901058e+00  6.768833e+00  1.664264e+01  2.549629e+01  4.682785e+01 
 3.955436e+00  6.636742e+00  1.623939e+01  2.484370e+01  4.564601e+01 
 4.010573e+00  6.498779e+00  1.584171e+01  2.422343e+01  4.451251e+01 
 4.066478e+00  6.365773e+00  1.544866e+01  2.360191e+01  4.337951e+01 
 4.123163e+00  6.233778e+00  1.507088e+01  2.299948e+01  4.227704e+01 
 4.180637e+00  6.105269e+00  1.469918e+01  2.241353e+01  4.119801e+01 
 4.238913e+00  5.977819e+00  1.432991e+01  2.183485e+01  4.015431e+01 
 4.298001e+00  5.850004e+00  1.397160e+01  2.127449e+01  3.912703e+01 
 4.357913e+00  5.729393e+00  1.362075e+01  2.072761e+01  3.813663e+01 
 4.418660e+00  5.607562e+00  1.328279e+01  2.019354e+01  3.717230e+01 
 4.480254e+00  5.487078e+00  1.294797e+01  1.967344e+01  3.622677e+01 
 4.542706e+00  5.371610e+00  1.262073e+01  1.916508e+01  3.530443e+01 
 4.606029e+00  5.256064e+00  1.230577e+01  1.867430e+01  3.441487e+01 
 4.670234e+00  5.142744e+00  1.199657e+01  1.819821e+01  3.354585e+01 
 4.735335e+00  5.031807e+00  1.169499e+01  1.772834e+01  3.286672e+01 
 4.801343e+00  4.924442e+00  1.140011e+01  1.727101e+01  3.185136e+01 
 4.868271e+00  4.816198e+00  1.110823e+01  1.682021e+01  3.103214e+01 
 4.936132e+00  4.709885e+00  1.082250e+01  1.638053e+01  3.023008e+01 
 5.004939e+00  4.604768e+00  1.054426e+01  1.595055e+01  2.944510e+01 
 5.074705e+00  4.500795e+00  1.027133e+01  1.552901e+01  2.868050e+01 
 5.145444e+00  4.400363e+00  1.000482e+01  1.511902e+01  2.793469e+01 
 5.217169e+00  4.299895e+00  9.743578e+00  1.471795e+01  2.719639e+01 
 5.289893e+00  4.203328e+00  9.490615e+00  1.433283e+01  2.649175e+01 
 5.363631e+00  4.106476e+00  9.243614e+00  1.395133e+01  2.579722e+01 
 5.438397e+00  4.013041e+00  9.001970e+00  1.358319e+01  2.512118e+01 
 5.514206e+00  3.921085e+00  8.767779e+00  1.322530e+01  2.446813e+01 
 5.591071e+00  3.830212e+00  8.540329e+00  1.287631e+01  2.383084e+01 
 5.669007e+00  3.743230e+00  8.318186e+00  1.253931e+01  2.321370e+01 
 5.748030e+00  3.657076e+00  8.102813e+00  1.220919e+01  2.260820e+01 
 5.828155e+00  3.572657e+00  7.893179e+00  1.188986e+01  2.202087e+01 
 5.909396e+00  3.490118e+00  7.688083e+00  1.157807e+01  2.144998e+01 
 5.991770e+00  3.408660e+00  7.487414e+00  1.127233e+01  2.088957e+01 
 6.075292e+00  3.328951e+00  7.292367e+00  1.097511e+01  2.034008e+01 
 6.159978e+00  3.250550e+00  7.100631e+00  1.068382e+01  1.980462e+01 
 6.245845e+00  3.173534e+00  6.914079e+00  1.039984e+01  1.928056e+01 
 6.332908e+00  3.097847e+00  6.730895e+00  1.012235e+01  1.876762e+01 
 6.421186e+00  3.024100e+00  6.553406e+00  9.851547e+00  1.826804e+01 
 6.510694e+00  2.951476e+00  6.380111e+00  9.588688e+00  1.778183e+01 
 6.601449e+00  2.881103e+00  6.211907e+00  9.332902e+00  1.730854e+01 
 6.693470e+00  2.811640e+00  6.047501e+00  9.083304e+00  1.684749e+01 
 6.786773e+00  2.744133e+00  5.888297e+00  8.841242e+00  1.640000e+01 
 6.881377e+00  2.678589e+00  5.733654e+00  8.606580e+00  1.596368e+01 
 6.977300e+00  2.614321e+00  5.583846e+00  8.379634e+00  1.554105e+01 
 7.074559e+00  2.552189e+00  5.437829e+00  8.157899e+00  1.512947e+01 
 7.173175e+00  2.491067e+00  5.296434e+00  7.942872e+00  1.473051e+01 
 7.273165e+00  2.431776e+00  5.158914e+00  7.734815e+00  1.434186e+01 
 7.374549e+00  2.373579e+00  5.024487e+00  7.530840e+00  1.396385e+01 
 7.477346e+00  2.316559e+00  4.894099e+00  7.333186e+00  1.359355e+01 
 7.581576e+00  2.261020e+00  4.765699e+00  7.138741e+00  1.323137e+01 
 7.687260e+00  2.206320e+00  4.641106e+00  6.949414e+00  1.287872e+01 
 7.794416e+00  2.152943e+00  4.519453e+00  6.764117e+00  1.253309e+01 
 7.903066e+00  2.100756e+00  4.400297e+00  6.583097e+00  1.219509e+01 
 8.013230e+00  2.049773e+00  4.284985e+00  6.408403e+00  1.186690e+01 
 8.124930e+00  1.999908e+00  4.172599e+00  6.237565e+00  1.154704e+01 
 8.238187e+00  1.951556e+00  4.063027e+00  6.071119e+00  1.123596e+01 
 8.353023e+00  1.904246e+00  3.956817e+00  5.909961e+00  1.093326e+01 
 8.469460e+00  1.858317e+00  3.853831e+00  5.753491e+00  1.063972e+01 
 8.587519e+00  1.813699e+00  3.753586e+00  5.601202e+00  1.035455e+01 
 8.707225e+00  1.770267e+00  3.656213e+00  5.453766e+00  1.007761e+01 
 8.828599e+00  1.728037e+00  3.562205e+00  5.310645e+00  9.808511e+00 
 8.951665e+00  1.686816e+00  3.470881e+00  5.171620e+00  9.547789e+00 
 9.076446e+00  1.646867e+00  3.382012e+00  5.036851e+00  9.294461e+00 
 9.202967e+00  1.607852e+00  3.295534e+00  4.905647e+00  9.047100e+00 
 9.331251e+00  1.569715e+00  3.211003e+00  4.777112e+00  8.805724e+00 
 9.461324e+00  0.000000e+00  0.000000e+00  0.000000e+00  0.000000e+00 
 9.593209e+00  0.000000e+00  0.000000e+00  0.000000e+00  0.000000e+00 
 9.726934e+00  0.000000e+00  0.000000e+00  0.000000e+00  0.000000e+00 
 9.862522e+00  0.000000e+00  0.000000e+00  0.000000e+00  0.000000e+00 
 1.000000e+01  0.000000e+00  0.000000e+00  0.000000e+00  0.000000e+00 
