 1.000000e-02  5.520767e+03  1.021666e+04  1.391421e+04  2.083341e+04 
 1.013939e-02  5.551539e+03  1.027338e+04  1.399129e+04  2.094850e+04 
 1.028073e-02  5.581860e+03  1.032927e+04  1.406725e+04  2.106187e+04 
 1.042404e-02  5.611733e+03  1.038434e+04  1.414214e+04  2.117353e+04 
 1.056935e-02  5.641133e+03  1.043860e+04  1.421591e+04  2.128336e+04 
 1.071668e-02  5.670040e+03  1.049195e+04  1.428835e+04  2.139125e+04 
 1.086606e-02  5.698421e+03  1.054428e+04  1.435935e+04  2.149715e+04 
 1.101753e-02  5.726249e+03  1.059558e+04  1.442896e+04  2.160098e+04 
 1.117111e-02  5.753520e+03  1.064583e+04  1.449722e+04  2.170262e+04 
 1.132683e-02  5.780214e+03  1.069503e+04  1.456409e+04  2.180204e+04 
 1.148472e-02  5.806315e+03  1.074310e+04  1.462943e+04  2.189920e+04 
 1.164481e-02  5.831812e+03  1.079004e+04  1.469318e+04  2.199402e+04 
 1.180713e-02  5.856669e+03  1.083580e+04  1.475530e+04  2.208644e+04 
 1.197171e-02  5.880884e+03  1.088037e+04  1.481575e+04  2.217642e+04 
 1.213859e-02  5.904429e+03  1.092368e+04  1.487447e+04  2.226383e+04 
 1.230780e-02  5.927250e+03  1.096568e+04  1.493140e+04  2.234846e+04 
 1.247936e-02  5.949353e+03  1.100631e+04  1.498649e+04  2.243031e+04 
 1.265332e-02  5.970729e+03  1.104562e+04  1.503973e+04  2.250941e+04 
 1.282970e-02  5.991355e+03  1.108354e+04  1.509107e+04  2.258577e+04 
 1.300854e-02  6.011204e+03  1.112001e+04  1.514045e+04  2.265916e+04 
 1.318987e-02  6.030244e+03  1.115497e+04  1.518780e+04  2.272939e+04 
 1.337373e-02  6.048447e+03  1.118838e+04  1.523307e+04  2.279638e+04 
 1.356015e-02  6.065803e+03  1.122024e+04  1.527626e+04  2.286019e+04 
 1.374917e-02  6.082308e+03  1.125048e+04  1.531728e+04  2.292076e+04 
 1.394083e-02  6.097925e+03  1.127911e+04  1.535600e+04  2.297798e+04 
 1.413516e-02  6.112652e+03  1.130607e+04  1.539239e+04  2.303173e+04 
 1.433219e-02  6.126457e+03  1.133130e+04  1.542640e+04  2.308190e+04 
 1.453198e-02  6.139300e+03  1.135477e+04  1.545798e+04  2.312853e+04 
 1.473454e-02  6.151165e+03  1.137641e+04  1.548712e+04  2.317149e+04 
 1.493993e-02  6.162043e+03  1.139623e+04  1.551386e+04  2.321064e+04 
 1.514819e-02  6.171984e+03  1.141432e+04  1.553834e+04  2.324625e+04 
 1.535935e-02  6.180927e+03  1.143058e+04  1.556027e+04  2.327815e+04 
 1.557345e-02  6.188838e+03  1.144492e+04  1.557946e+04  2.330613e+04 
 1.579053e-02  6.195674e+03  1.145727e+04  1.559589e+04  2.333010e+04 
 1.601064e-02  6.201415e+03  1.146759e+04  1.560953e+04  2.334988e+04 
 1.623382e-02  6.206042e+03  1.147584e+04  1.562046e+04  2.336532e+04 
 1.646012e-02  6.209544e+03  1.148202e+04  1.562864e+04  2.337652e+04 
 1.668956e-02  6.211910e+03  1.148608e+04  1.563388e+04  2.338361e+04 
 1.692220e-02  6.213128e+03  1.148801e+04  1.563617e+04  2.338639e+04 
 1.715809e-02  6.213144e+03  1.148774e+04  1.563549e+04  2.338443e+04 
 1.739726e-02  6.211950e+03  1.148520e+04  1.563177e+04  2.337781e+04 
 1.763977e-02  6.209555e+03  1.148045e+04  1.562497e+04  2.336665e+04 
 1.788566e-02  6.205952e+03  1.147347e+04  1.561511e+04  2.335104e+04 
 1.813498e-02  6.201106e+03  1.146418e+04  1.560212e+04  2.333082e+04 
 1.838777e-02  6.195010e+03  1.145257e+04  1.558598e+04  2.330581e+04 
 1.864409e-02  6.187642e+03  1.143859e+04  1.556663e+04  2.327588e+04 
 1.890397e-02  6.178974e+03  1.142222e+04  1.554398e+04  2.324098e+04 
 1.916748e-02  6.169001e+03  1.140345e+04  1.551806e+04  2.320118e+04 
 1.943467e-02  6.157727e+03  1.138227e+04  1.548884e+04  2.315650e+04 
 1.970558e-02  6.145176e+03  1.135869e+04  1.545641e+04  2.310695e+04 
 1.998026e-02  6.131329e+03  1.133271e+04  1.542070e+04  2.305250e+04 
 2.025878e-02  6.116123e+03  1.130424e+04  1.538159e+04  2.299303e+04 
 2.054117e-02  6.099556e+03  1.127326e+04  1.533906e+04  2.292847e+04 
 2.082751e-02  6.081664e+03  1.123982e+04  1.529318e+04  2.285883e+04 
 2.111783e-02  6.062459e+03  1.120393e+04  1.524396e+04  2.278420e+04 
 2.141220e-02  6.042004e+03  1.116570e+04  1.519150e+04  2.270457e+04 
 2.171068e-02  6.020768e+03  1.112576e+04  1.513647e+04  2.262037e+04 
 2.201331e-02  5.998185e+03  1.108337e+04  1.507808e+04  2.253114e+04 
 2.232016e-02  5.974282e+03  1.103849e+04  1.501634e+04  2.243694e+04 
 2.263130e-02  5.949063e+03  1.099119e+04  1.495126e+04  2.233788e+04 
 2.294676e-02  5.922531e+03  1.094146e+04  1.488286e+04  2.223387e+04 
 2.326663e-02  5.894679e+03  1.088929e+04  1.481118e+04  2.212479e+04 
 2.359095e-02  5.865531e+03  1.083474e+04  1.473621e+04  2.201075e+04 
 2.391980e-02  5.835108e+03  1.077782e+04  1.465804e+04  2.189194e+04 
 2.425323e-02  5.803427e+03  1.071855e+04  1.457670e+04  2.176841e+04 
 2.459130e-02  5.770497e+03  1.065700e+04  1.449224e+04  2.164017e+04 
 2.493409e-02  5.736325e+03  1.059315e+04  1.440464e+04  2.150730e+04 
 2.528166e-02  5.700942e+03  1.052707e+04  1.431401e+04  2.136988e+04 
 2.563407e-02  5.664379e+03  1.045881e+04  1.422041e+04  2.122802e+04 
 2.599140e-02  5.626666e+03  1.038842e+04  1.412391e+04  2.108187e+04 
 2.635371e-02  5.587815e+03  1.031594e+04  1.402457e+04  2.093147e+04 
 2.672106e-02  5.547867e+03  1.024144e+04  1.392248e+04  2.077697e+04 
 2.709354e-02  5.506853e+03  1.016499e+04  1.381774e+04  2.061850e+04 
 2.747121e-02  5.464828e+03  1.008662e+04  1.371041e+04  2.045616e+04 
 2.785414e-02  5.421740e+03  1.000632e+04  1.360048e+04  2.029000e+04 
 2.824241e-02  5.377338e+03  9.923694e+03  1.348751e+04  2.011956e+04 
 2.863610e-02  5.332011e+03  9.839401e+03  1.337226e+04  1.994572e+04 
 2.903527e-02  5.285813e+03  9.753500e+03  1.325482e+04  1.976865e+04 
 2.944000e-02  5.238812e+03  9.666114e+03  1.313536e+04  1.958858e+04 
 2.985038e-02  5.191045e+03  9.577324e+03  1.301400e+04  1.940565e+04 
 3.026648e-02  5.142571e+03  9.487209e+03  1.289085e+04  1.922008e+04 
 3.068838e-02  5.093432e+03  9.395867e+03  1.276605e+04  1.903208e+04 
 3.111616e-02  5.043690e+03  9.303433e+03  1.263973e+04  1.884185e+04 
 3.154990e-02  4.993391e+03  9.209990e+03  1.251207e+04  1.864959e+04 
 3.198969e-02  4.942595e+03  9.115641e+03  1.238317e+04  1.845552e+04 
 3.243561e-02  4.891369e+03  9.020496e+03  1.225320e+04  1.825986e+04 
 3.288774e-02  4.839771e+03  8.924653e+03  1.212230e+04  1.806286e+04 
 3.334618e-02  4.787867e+03  8.828256e+03  1.199066e+04  1.786472e+04 
 3.381101e-02  4.735716e+03  8.731413e+03  1.185844e+04  1.766573e+04 
 3.428231e-02  4.683383e+03  8.634254e+03  1.172575e+04  1.746610e+04 
 3.476019e-02  4.630796e+03  8.536950e+03  1.159325e+04  1.726789e+04 
 3.524473e-02  4.578156e+03  8.439559e+03  1.146066e+04  1.706959e+04 
 3.573602e-02  4.525538e+03  8.342200e+03  1.132810e+04  1.687135e+04 
 3.623416e-02  4.473005e+03  8.245002e+03  1.119577e+04  1.667343e+04 
 3.673925e-02  4.420628e+03  8.148100e+03  1.106385e+04  1.647611e+04 
 3.725137e-02  4.368473e+03  8.051623e+03  1.093250e+04  1.627968e+04 
 3.777064e-02  4.316597e+03  7.955670e+03  1.080186e+04  1.608436e+04 
 3.829714e-02  4.265056e+03  7.860328e+03  1.067208e+04  1.589031e+04 
 3.883098e-02  4.213913e+03  7.765731e+03  1.054331e+04  1.569776e+04 
 3.937226e-02  4.163242e+03  7.671997e+03  1.041570e+04  1.550700e+04 
 3.992109e-02  4.113108e+03  7.579261e+03  1.028946e+04  1.531825e+04 
 4.047757e-02  4.063542e+03  7.487536e+03  1.016456e+04  1.513140e+04 
 4.104181e-02  4.014346e+03  7.395850e+03  1.003900e+04  1.494154e+04 
 4.161391e-02  3.965835e+03  7.305441e+03  9.915187e+03  1.475432e+04 
 4.219398e-02  3.918067e+03  7.216404e+03  9.793247e+03  1.456993e+04 
 4.278214e-02  3.871093e+03  7.128817e+03  9.673289e+03  1.438854e+04 
 4.337850e-02  3.824934e+03  7.042753e+03  9.555409e+03  1.421027e+04 
 4.398317e-02  3.779623e+03  6.958279e+03  9.439695e+03  1.403525e+04 
 4.459628e-02  3.735189e+03  6.875441e+03  9.326207e+03  1.386358e+04 
 4.521792e-02  3.691664e+03  6.794295e+03  9.215013e+03  1.369536e+04 
 4.584824e-02  3.649080e+03  6.714872e+03  9.106168e+03  1.353066e+04 
 4.648734e-02  3.607446e+03  6.637208e+03  8.999730e+03  1.336955e+04 
 4.713535e-02  3.566977e+03  6.562540e+03  8.898290e+03  1.321834e+04 
 4.779239e-02  3.527594e+03  6.490391e+03  8.800800e+03  1.307449e+04 
 4.845859e-02  3.489169e+03  6.420005e+03  8.705699e+03  1.293417e+04 
 4.913407e-02  3.451688e+03  6.351360e+03  8.612947e+03  1.279734e+04 
 4.981898e-02  3.415132e+03  6.284423e+03  8.522501e+03  1.266396e+04 
 5.051342e-02  3.379482e+03  6.219147e+03  8.434309e+03  1.253392e+04 
 5.121755e-02  3.344713e+03  6.155483e+03  8.348302e+03  1.240713e+04 
 5.193150e-02  3.310790e+03  6.093375e+03  8.264407e+03  1.228342e+04 
 5.265540e-02  3.277661e+03  6.032724e+03  8.182483e+03  1.216263e+04 
 5.338938e-02  3.245003e+03  5.972426e+03  8.100520e+03  1.204039e+04 
 5.413360e-02  3.212729e+03  5.912219e+03  8.018054e+03  1.191572e+04 
 5.488820e-02  3.181103e+03  5.853223e+03  7.937225e+03  1.179350e+04 
 5.565331e-02  3.150046e+03  5.795276e+03  7.857821e+03  1.167343e+04 
 5.642908e-02  3.119381e+03  5.738060e+03  7.779419e+03  1.155483e+04 
 5.721568e-02  3.088961e+03  5.681320e+03  7.701650e+03  1.143720e+04 
 5.801323e-02  3.058960e+03  5.625359e+03  7.624959e+03  1.132116e+04 
 5.882190e-02  3.029693e+03  5.570734e+03  7.550087e+03  1.120784e+04 
 5.964185e-02  3.001259e+03  5.518015e+03  7.478212e+03  1.110007e+04 
 6.047322e-02  2.973377e+03  5.467383e+03  7.410300e+03  1.100123e+04 
 6.131619e-02  2.944813e+03  5.415504e+03  7.340670e+03  1.089985e+04 
 6.217090e-02  2.915578e+03  5.362392e+03  7.269370e+03  1.079599e+04 
 6.303753e-02  2.885840e+03  5.308367e+03  7.196824e+03  1.069026e+04 
 6.391624e-02  2.855758e+03  5.253705e+03  7.123409e+03  1.058322e+04 
 6.480720e-02  2.825262e+03  5.198269e+03  7.048957e+03  1.047462e+04 
 6.571058e-02  2.794165e+03  5.141731e+03  6.973005e+03  1.036380e+04 
 6.662655e-02  2.761018e+03  5.079324e+03  6.886850e+03  1.023162e+04 
 6.755528e-02  2.726968e+03  5.015200e+03  6.798316e+03  1.009578e+04 
 6.849697e-02  2.692006e+03  4.949423e+03  6.707572e+03  9.956700e+03 
 6.945178e-02  2.656088e+03  4.881909e+03  6.614500e+03  9.814224e+03 
 7.041990e-02  2.619171e+03  4.812578e+03  6.519003e+03  9.668197e+03 
 7.140151e-02  2.581210e+03  4.741354e+03  6.420979e+03  9.518503e+03 
 7.239681e-02  2.542437e+03  4.668975e+03  6.321777e+03  9.368370e+03 
 7.340598e-02  2.502912e+03  4.595594e+03  6.221660e+03  9.218442e+03 
 7.442922e-02  2.462313e+03  4.520263e+03  6.118930e+03  9.064653e+03 
 7.546673e-02  2.420676e+03  4.443035e+03  6.013649e+03  8.907121e+03 
 7.651869e-02  2.378050e+03  4.364008e+03  5.905962e+03  8.746077e+03 
 7.758532e-02  2.334501e+03  4.283312e+03  5.796046e+03  8.581785e+03 
 7.866682e-02  2.291053e+03  4.204096e+03  5.689445e+03  8.425614e+03 
 7.976339e-02  2.248378e+03  4.128413e+03  5.589678e+03  8.284717e+03 
 8.087525e-02  2.205035e+03  4.051456e+03  5.488109e+03  8.140990e+03 
 8.200261e-02  2.161168e+03  3.973468e+03  5.385069e+03  7.994909e+03 
 8.314568e-02  2.116933e+03  3.894729e+03  5.280931e+03  7.847016e+03 
 8.430468e-02  2.072497e+03  3.815529e+03  5.176104e+03  7.697899e+03 
 8.547985e-02  2.027034e+03  3.732925e+03  5.065197e+03  7.536272e+03 
 8.667139e-02  1.981288e+03  3.649104e+03  4.951962e+03  7.369562e+03 
 8.787954e-02  1.935939e+03  3.566004e+03  4.839702e+03  7.204233e+03 
 8.910453e-02  1.891192e+03  3.483975e+03  4.728906e+03  7.041006e+03 
 9.034660e-02  1.847233e+03  3.403372e+03  4.620026e+03  6.880588e+03 
 9.160598e-02  1.804950e+03  3.326827e+03  4.517507e+03  6.731632e+03 
 9.288292e-02  1.764434e+03  3.254398e+03  4.421323e+03  6.593839e+03 
 9.417766e-02  1.725175e+03  3.184223e+03  4.328132e+03  6.460290e+03 
 9.549045e-02  1.687331e+03  3.116576e+03  4.238313e+03  6.331544e+03 
 9.682153e-02  1.651031e+03  3.051701e+03  4.152197e+03  6.208138e+03 
 9.817117e-02  1.616649e+03  2.990713e+03  4.071673e+03  6.093894e+03 
 9.953962e-02  1.584088e+03  2.933154e+03  3.995884e+03  5.986900e+03 
 1.009272e-01  1.553307e+03  2.878802e+03  3.924376e+03  5.886133e+03 
 1.023340e-01  1.524338e+03  2.827725e+03  3.857267e+03  5.791745e+03 
 1.037605e-01  1.496455e+03  2.777731e+03  3.790784e+03  5.696326e+03 
 1.052069e-01  1.467639e+03  2.722688e+03  3.714385e+03  5.579299e+03 
 1.066734e-01  1.440606e+03  2.670984e+03  3.642534e+03  5.469171e+03 
 1.081604e-01  1.415243e+03  2.622373e+03  3.574953e+03  5.365479e+03 
 1.096681e-01  1.391421e+03  2.576617e+03  3.511315e+03  5.267713e+03 
 1.111968e-01  1.369470e+03  2.534905e+03  3.453500e+03  5.178842e+03 
 1.127468e-01  1.348723e+03  2.495481e+03  3.398809e+03  5.094677e+03 
 1.143184e-01  1.328931e+03  2.457829e+03  3.346565e+03  5.014186e+03 
 1.159120e-01  1.309881e+03  2.421546e+03  3.296220e+03  4.936579e+03 
 1.175277e-01  1.292531e+03  2.389699e+03  3.253032e+03  4.872051e+03 
 1.191660e-01  1.275510e+03  2.358629e+03  3.210967e+03  4.809394e+03 
 1.208271e-01  1.258465e+03  2.327555e+03  3.168875e+03  4.746676e+03 
 1.225114e-01  1.241160e+03  2.295897e+03  3.126051e+03  4.683027e+03 
 1.242191e-01  1.223116e+03  2.262764e+03  3.081415e+03  4.617822e+03 
 1.259506e-01  1.204387e+03  2.228441e+03  3.035129e+03  4.550111e+03 
 1.277063e-01  1.184813e+03  2.192548e+03  2.986710e+03  4.479213e+03 
 1.294865e-01  1.164648e+03  2.155758e+03  2.937093e+03  4.406117e+03 
 1.312915e-01  1.143864e+03  2.118087e+03  2.886300e+03  4.330749e+03 
 1.331216e-01  1.121995e+03  2.078360e+03  2.832729e+03  4.251225e+03 
 1.349772e-01  1.099067e+03  2.036685e+03  2.776563e+03  4.167970e+03 
 1.368587e-01  1.076342e+03  1.997571e+03  2.726292e+03  4.100562e+03 
 1.387665e-01  1.052697e+03  1.956679e+03  2.673485e+03  4.029081e+03 
 1.407008e-01  1.028298e+03  1.914262e+03  2.618519e+03  3.954060e+03 
 1.426621e-01  1.004123e+03  1.872319e+03  2.563798e+03  3.877108e+03 
 1.446507e-01  9.798748e+02  1.830202e+03  2.508591e+03  3.798572e+03 
 1.466671e-01  9.555367e+02  1.787802e+03  2.452867e+03  3.719079e+03 
 1.487115e-01  9.290321e+02  1.739089e+03  2.387012e+03  3.621976e+03 
 1.507845e-01  9.015234e+02  1.687015e+03  2.315577e+03  3.514865e+03 
 1.528864e-01  8.749195e+02  1.636684e+03  2.246474e+03  3.411246e+03 
 1.550175e-01  8.514641e+02  1.594335e+03  2.189930e+03  3.329579e+03 
 1.571784e-01  8.306861e+02  1.558376e+03  2.143262e+03  3.264789e+03 
 1.593694e-01  8.112653e+02  1.524861e+03  2.099776e+03  3.204606e+03 
 1.615909e-01  7.938172e+02  1.495256e+03  2.061724e+03  3.152438e+03 
 1.638434e-01  7.780879e+02  1.468919e+03  2.028090e+03  3.106841e+03 
 1.661273e-01  7.638223e+02  1.445228e+03  1.998033e+03  3.066450e+03 
 1.684430e-01  7.473895e+02  1.414445e+03  1.956295e+03  3.005395e+03 
 1.707910e-01  7.318470e+02  1.384971e+03  1.916033e+03  2.946341e+03 
 1.731717e-01  7.180898e+02  1.359331e+03  1.881330e+03  2.895780e+03 
 1.755856e-01  7.077640e+02  1.342078e+03  1.859155e+03  2.864738e+03 
 1.780332e-01  6.980286e+02  1.325895e+03  1.838447e+03  2.835815e+03 
 1.805149e-01  6.867590e+02  1.304457e+03  1.808469e+03  2.788959e+03 
 1.830312e-01  6.744392e+02  1.279657e+03  1.772697e+03  2.731000e+03 
 1.855825e-01  6.620624e+02  1.255111e+03  1.737708e+03  2.675123e+03 
 1.881694e-01  6.500122e+02  1.233208e+03  1.708644e+03  2.633781e+03 
 1.907924e-01  6.373785e+02  1.210190e+03  1.678018e+03  2.589995e+03 
 1.934520e-01  6.235003e+02  1.184578e+03  1.643871e+03  2.541943e+03 
 1.961486e-01  6.087251e+02  1.157175e+03  1.607234e+03  2.490325e+03 
 1.988828e-01  5.945938e+02  1.131755e+03  1.573545e+03  2.442667e+03 
 2.016551e-01  5.817626e+02  1.109894e+03  1.545076e+03  2.402271e+03 
 2.044661e-01  5.682081e+02  1.086260e+03  1.513837e+03  2.357061e+03 
 2.073162e-01  5.531205e+02  1.057745e+03  1.474282e+03  2.296553e+03 
 2.102061e-01  5.380152e+02  1.029182e+03  1.434648e+03  2.235874e+03 
 2.131362e-01  5.272997e+02  1.013641e+03  1.416325e+03  2.212027e+03 
 2.161073e-01  5.171447e+02  9.992330e+02  1.399628e+03  2.190716e+03 
 2.191197e-01  5.039926e+02  9.763576e+02  1.370147e+03  2.151371e+03 
 2.221741e-01  4.908669e+02  9.528431e+02  1.339475e+03  2.110360e+03 
 2.252711e-01  4.792649e+02  9.327865e+02  1.313876e+03  2.076550e+03 
 2.284112e-01  4.688258e+02  9.150893e+02  1.291595e+03  2.047555e+03 
 2.315951e-01  4.598488e+02  8.991739e+02  1.270084e+03  2.014627e+03 
 2.348235e-01  4.518810e+02  8.848227e+02  1.250160e+03  1.982427e+03 
 2.380968e-01  4.423252e+02  8.660484e+02  1.223799e+03  1.942162e+03 
 2.414157e-01  4.326734e+02  8.467552e+02  1.196656e+03  1.901179e+03 
 2.447809e-01  4.229292e+02  8.280036e+02  1.170985e+03  1.862747e+03 
 2.481930e-01  4.133689e+02  8.097503e+02  1.146088e+03  1.825481e+03 
 2.516527e-01  4.075723e+02  8.003801e+02  1.133797e+03  1.807085e+03 
 2.551606e-01  4.003815e+02  7.877756e+02  1.116900e+03  1.782056e+03 
 2.587174e-01  3.895054e+02  7.664434e+02  1.087610e+03  1.739621e+03 
 2.623238e-01  3.802586e+02  7.495472e+02  1.065005e+03  1.707362e+03 
 2.659804e-01  3.728273e+02  7.375382e+02  1.049748e+03  1.686296e+03 
 2.696881e-01  3.630790e+02  7.197596e+02  1.025833e+03  1.650540e+03 
 2.734474e-01  3.527844e+02  7.005627e+02  9.997786e+02  1.611192e+03 
 2.772591e-01  3.451597e+02  6.880878e+02  9.843492e+02  1.591745e+03 
 2.811239e-01  3.372318e+02  6.742955e+02  9.669286e+02  1.570518e+03 
 2.850426e-01  3.289662e+02  6.588998e+02  9.471156e+02  1.547529e+03 
 2.890160e-01  3.216907e+02  6.465200e+02  9.311819e+02  1.524733e+03 
 2.930447e-01  3.149898e+02  6.348825e+02  9.154722e+02  1.499865e+03 
 2.971296e-01  3.086354e+02  6.220325e+02  8.958470e+02  1.465713e+03 
 3.012714e-01  3.029176e+02  6.121931e+02  8.828239e+02  1.446462e+03 
 3.054710e-01  2.971878e+02  6.027937e+02  8.712912e+02  1.431598e+03 
 3.097291e-01  2.900971e+02  5.898516e+02  8.545380e+02  1.409536e+03 
 3.140465e-01  2.835514e+02  5.766377e+02  8.354486e+02  1.378125e+03 
 3.184242e-01  2.776598e+02  5.649137e+02  8.184618e+02  1.349942e+03 
 3.228628e-01  2.729719e+02  5.573387e+02  8.091712e+02  1.339029e+03 
 3.273634e-01  2.661803e+02  5.437104e+02  7.896129e+02  1.307852e+03 
 3.319266e-01  2.591718e+02  5.301429e+02  7.709058e+02  1.279921e+03 
 3.365535e-01  2.525787e+02  5.184531e+02  7.559763e+02  1.260343e+03 
 3.412449e-01  2.481125e+02  5.124979e+02  7.487729e+02  1.248495e+03 
 3.460016e-01  2.432577e+02  5.045294e+02  7.384600e+02  1.233891e+03 
 3.508247e-01  2.385689e+02  4.960937e+02  7.271817e+02  1.217535e+03 
 3.557150e-01  2.340675e+02  4.876367e+02  7.157016e+02  1.200120e+03 
 3.606735e-01  2.288656e+02  4.783122e+02  7.034737e+02  1.182928e+03 
 3.657011e-01  2.225601e+02  4.663454e+02  6.872268e+02  1.160969e+03 
 3.707988e-01  2.175603e+02  4.567910e+02  6.742736e+02  1.141965e+03 
 3.759675e-01  2.129570e+02  4.480175e+02  6.622903e+02  1.124251e+03 
 3.812083e-01  2.081205e+02  4.392545e+02  6.504505e+02  1.107205e+03 
 3.865221e-01  2.039775e+02  4.331122e+02  6.430992e+02  1.094309e+03 
 3.919100e-01  1.997402e+02  4.232241e+02  6.281587e+02  1.074404e+03 
 3.973730e-01  1.949016e+02  4.152526e+02  6.181886e+02  1.058430e+03 
 4.029122e-01  1.911121e+02  4.092542e+02  6.097455e+02  1.042648e+03 
 4.085286e-01  1.872712e+02  4.009013e+02  5.978051e+02  1.025726e+03 
 4.142232e-01  1.826229e+02  3.913708e+02  5.853211e+02  1.010607e+03 
 4.199973e-01  1.781712e+02  3.837200e+02  5.756600e+02  9.964511e+02 
 4.258518e-01  1.746906e+02  3.771878e+02  5.662736e+02  9.799833e+02 
 4.317880e-01  1.709983e+02  3.698223e+02  5.553495e+02  9.635768e+02 
 4.378069e-01  1.677688e+02  3.634285e+02  5.462457e+02  9.484983e+02 
 4.439097e-01  1.650588e+02  3.592783e+02  5.413883e+02  9.445966e+02 
 4.500975e-01  1.606693e+02  3.510706e+02  5.300953e+02  9.277874e+02 
 4.563716e-01  1.569423e+02  3.433755e+02  5.188557e+02  9.076011e+02 
 4.627332e-01  1.545773e+02  3.401237e+02  5.154013e+02  9.043497e+02 
 4.691835e-01  1.506935e+02  3.323172e+02  5.040466e+02  8.850493e+02 
 4.757236e-01  1.478908e+02  3.268484e+02  4.966750e+02  8.740478e+02 
 4.823549e-01  1.441143e+02  3.190223e+02  4.857378e+02  8.598259e+02 
 4.890787e-01  1.411606e+02  3.132685e+02  4.778806e+02  8.473108e+02 
 4.958962e-01  1.389775e+02  3.089765e+02  4.711216e+02  8.347685e+02 
 5.028087e-01  1.360282e+02  3.038389e+02  4.641779e+02  8.248001e+02 
 5.098176e-01  1.336130e+02  2.993815e+02  4.575541e+02  8.114261e+02 
 5.169242e-01  1.313858e+02  2.951773e+02  4.519602e+02  8.039707e+02 
 5.241298e-01  1.271751e+02  2.879885e+02  4.431653e+02  7.933198e+02 
 5.314359e-01  1.250048e+02  2.845424e+02  4.383184e+02  7.854893e+02 
 5.388438e-01  1.224552e+02  2.787453e+02  4.296721e+02  7.725285e+02 
 5.463550e-01  1.203512e+02  2.745224e+02  4.232853e+02  7.619572e+02 
 5.539709e-01  1.172542e+02  2.691297e+02  4.164001e+02  7.510644e+02 
 5.616930e-01  1.152602e+02  2.651998e+02  4.107688e+02  7.424031e+02 
 5.695227e-01  1.130687e+02  2.616989e+02  4.064117e+02  7.327131e+02 
 5.774615e-01  1.105650e+02  2.558275e+02  3.977789e+02  7.206660e+02 
 5.855110e-01  1.086416e+02  2.521492e+02  3.919660e+02  7.109238e+02 
 5.936727e-01  1.062148e+02  2.464310e+02  3.841573e+02  6.994736e+02 
 6.019482e-01  1.044948e+02  2.438370e+02  3.797666e+02  6.912466e+02 
 6.103390e-01  1.020924e+02  2.397237e+02  3.743257e+02  6.811950e+02 
 6.188468e-01  9.986665e+01  2.361275e+02  3.712702e+02  6.790032e+02 
 6.274732e-01  9.829354e+01  2.319614e+02  3.641004e+02  6.676647e+02 
 6.362198e-01  9.640625e+01  2.285488e+02  3.588724e+02  6.574508e+02 
 6.450884e-01  9.421791e+01  2.246707e+02  3.535056e+02  6.480780e+02 
 6.540806e-01  9.231933e+01  2.200631e+02  3.465376e+02  6.382668e+02 
 6.631981e-01  9.036009e+01  2.170771e+02  3.433271e+02  6.319725e+02 
 6.724427e-01  8.870512e+01  2.134418e+02  3.383224e+02  6.260904e+02 
 6.818162e-01  8.686791e+01  2.097379e+02  3.316376e+02  6.138823e+02 
 6.913204e-01  8.506983e+01  2.060980e+02  3.269534e+02  6.058171e+02 
 7.009570e-01  8.390753e+01  2.031527e+02  3.226640e+02  5.982249e+02 
 7.107280e-01  8.183294e+01  1.999095e+02  3.179465e+02  5.890822e+02 
 7.206351e-01  8.062691e+01  1.970197e+02  3.141306e+02  5.843812e+02 
 7.306804e-01  7.904827e+01  1.941200e+02  3.092407e+02  5.742485e+02 
 7.408657e-01  7.735076e+01  1.904698e+02  3.039563e+02  5.670276e+02 
 7.511929e-01  7.576357e+01  1.871759e+02  2.997260e+02  5.593725e+02 
 7.616642e-01  7.433070e+01  1.839592e+02  2.951762e+02  5.527133e+02 
 7.722814e-01  7.340558e+01  1.821127e+02  2.918459e+02  5.446202e+02 
 7.830465e-01  7.190645e+01  1.787976e+02  2.871799e+02  5.376205e+02 
 7.939618e-01  7.061728e+01  1.765702e+02  2.835812e+02  5.325216e+02 
 8.050292e-01  6.911843e+01  1.734781e+02  2.799672e+02  5.257055e+02 
 8.162509e-01  6.798064e+01  1.710421e+02  2.753516e+02  5.166729e+02 
 8.276289e-01  6.637917e+01  1.678427e+02  2.711967e+02  5.103895e+02 
 8.391656e-01  6.561971e+01  1.659966e+02  2.676313e+02  5.050636e+02 
 8.508632e-01  6.445634e+01  1.632401e+02  2.640454e+02  4.983372e+02 
 8.627237e-01  6.309765e+01  1.607812e+02  2.602602e+02  4.906622e+02 
 8.747496e-01  6.198059e+01  1.582205e+02  2.565944e+02  4.843218e+02 
 8.869432e-01  6.095242e+01  1.560085e+02  2.531553e+02  4.780939e+02 
 8.993067e-01  5.977815e+01  1.536204e+02  2.494452e+02  4.714203e+02 
 9.118425e-01  5.886328e+01  1.510906e+02  2.453941e+02  4.632460e+02 
 9.245531e-01  5.762403e+01  1.486294e+02  2.416259e+02  4.581152e+02 
 9.374409e-01  5.657433e+01  1.464610e+02  2.386404e+02  4.520313e+02 
 9.505083e-01  5.567432e+01  1.442313e+02  2.352563e+02  4.456114e+02 
 9.637579e-01  5.451621e+01  1.415367e+02  2.312178e+02  4.393644e+02 
 9.771921e-01  5.385322e+01  1.407496e+02  2.289510e+02  4.333801e+02 
 9.908137e-01  5.284944e+01  1.381990e+02  2.254651e+02  4.278912e+02 
 1.004625e+00  5.186353e+01  1.357133e+02  2.215763e+02  4.206520e+02 
 1.018629e+00  5.102067e+01  1.338941e+02  2.185486e+02  4.145683e+02 
 1.032828e+00  5.008952e+01  1.318967e+02  2.158334e+02  4.103390e+02 
 1.047225e+00  4.916323e+01  1.300837e+02  2.124489e+02  4.033489e+02 
 1.061823e+00  4.843369e+01  1.283490e+02  2.095854e+02  3.974760e+02 
 1.076624e+00  4.756316e+01  1.263667e+02  2.065089e+02  3.915651e+02 
 1.091632e+00  4.677059e+01  1.243913e+02  2.036158e+02  3.855242e+02 
 1.106848e+00  4.591252e+01  1.223197e+02  2.005486e+02  3.803610e+02 
 1.122277e+00  4.513133e+01  1.206625e+02  1.973317e+02  3.742142e+02 
 1.137921e+00  4.433964e+01  1.186437e+02  1.944138e+02  3.686132e+02 
 1.153783e+00  4.365813e+01  1.168423e+02  1.914668e+02  3.632502e+02 
 1.169866e+00  4.288365e+01  1.151186e+02  1.885333e+02  3.580920e+02 
 1.186174e+00  4.212938e+01  1.134834e+02  1.857990e+02  3.524496e+02 
 1.202708e+00  4.147540e+01  1.117449e+02  1.830280e+02  3.469235e+02 
 1.219473e+00  4.079103e+01  1.101041e+02  1.804079e+02  3.411175e+02 
 1.236472e+00  4.008712e+01  1.084916e+02  1.778000e+02  3.360074e+02 
 1.253708e+00  3.945368e+01  1.067664e+02  1.748781e+02  3.311887e+02 
 1.271184e+00  3.880823e+01  1.055562e+02  1.727254e+02  3.258225e+02 
 1.288904e+00  3.816702e+01  1.035563e+02  1.697669e+02  3.211553e+02 
 1.306870e+00  3.749015e+01  1.020101e+02  1.671208e+02  3.157466e+02 
 1.325087e+00  3.693971e+01  1.005250e+02  1.646192e+02  3.104160e+02 
 1.343558e+00  3.633945e+01  9.894947e+01  1.620326e+02  3.053828e+02 
 1.362287e+00  3.578792e+01  9.735494e+01  1.592867e+02  3.004164e+02 
 1.381276e+00  3.519129e+01  9.587266e+01  1.565501e+02  2.955016e+02 
 1.400531e+00  3.463074e+01  9.438992e+01  1.541518e+02  2.901593e+02 
 1.420053e+00  3.403352e+01  9.282450e+01  1.517526e+02  2.850890e+02 
 1.439848e+00  3.349723e+01  9.144046e+01  1.491463e+02  2.803251e+02 
 1.459919e+00  3.290604e+01  8.994531e+01  1.466382e+02  2.751978e+02 
 1.480269e+00  3.244146e+01  8.837282e+01  1.441020e+02  2.699881e+02 
 1.500903e+00  3.189639e+01  8.699575e+01  1.416164e+02  2.657896e+02 
 1.521825e+00  3.137314e+01  8.571367e+01  1.394148e+02  2.608531e+02 
 1.543038e+00  3.084841e+01  8.430998e+01  1.371381e+02  2.564366e+02 
 1.564548e+00  3.039413e+01  8.292694e+01  1.347552e+02  2.516749e+02 
 1.586357e+00  2.991069e+01  8.168037e+01  1.324882e+02  2.471225e+02 
 1.608469e+00  2.940654e+01  8.038481e+01  1.302389e+02  2.428818e+02 
 1.630891e+00  2.902314e+01  7.893362e+01  1.277676e+02  2.381355e+02 
 1.653624e+00  2.851830e+01  7.762265e+01  1.256972e+02  2.341076e+02 
 1.676675e+00  2.806189e+01  7.647109e+01  1.235767e+02  2.294895e+02 
 1.700047e+00  2.759924e+01  7.518563e+01  1.213411e+02  2.252984e+02 
 1.723745e+00  2.716597e+01  7.387342e+01  1.191533e+02  2.207154e+02 
 1.747773e+00  2.670257e+01  7.257986e+01  1.169645e+02  2.164296e+02 
 1.772136e+00  2.627591e+01  7.132459e+01  1.147537e+02  2.123973e+02 
 1.796838e+00  2.586781e+01  7.009453e+01  1.126632e+02  2.081509e+02 
 1.821885e+00  2.546712e+01  6.885609e+01  1.105115e+02  2.041555e+02 
 1.847281e+00  2.505231e+01  6.775111e+01  1.085620e+02  2.001166e+02 
 1.873032e+00  2.465209e+01  6.648169e+01  1.063366e+02  1.962409e+02 
 1.899141e+00  2.423855e+01  6.525584e+01  1.043850e+02  1.922602e+02 
 1.925614e+00  2.386576e+01  6.413393e+01  1.024265e+02  1.883080e+02 
 1.952456e+00  2.354745e+01  6.303427e+01  1.004908e+02  1.844808e+02 
 1.979672e+00  2.311698e+01  6.195054e+01  9.856185e+01  1.807561e+02 
 2.007267e+00  2.277866e+01  6.080340e+01  9.654518e+01  1.772255e+02 
 2.035248e+00  2.238159e+01  5.967276e+01  9.464701e+01  1.734416e+02 
 2.063618e+00  2.202149e+01  5.855212e+01  9.280972e+01  1.698329e+02 
 2.092383e+00  2.167261e+01  5.748082e+01  9.093060e+01  1.663228e+02 
 2.121550e+00  2.130614e+01  5.637047e+01  8.907023e+01  1.627403e+02 
 2.151123e+00  2.096173e+01  5.530744e+01  8.721061e+01  1.591836e+02 
 2.181109e+00  2.061323e+01  5.423005e+01  8.544806e+01  1.558294e+02 
 2.211512e+00  2.027100e+01  5.315502e+01  8.361562e+01  1.523594e+02 
 2.242340e+00  1.993995e+01  5.214466e+01  8.188630e+01  1.490517e+02 
 2.273597e+00  1.958524e+01  5.111260e+01  8.008577e+01  1.457403e+02 
 2.305289e+00  1.927807e+01  5.008790e+01  7.842081e+01  1.425468e+02 
 2.337424e+00  1.895100e+01  4.907412e+01  7.672597e+01  1.393543e+02 
 2.370006e+00  1.863181e+01  4.809902e+01  7.509681e+01  1.364045e+02 
 2.403043e+00  1.830618e+01  4.713555e+01  7.343268e+01  1.333084e+02 
 2.436540e+00  1.800535e+01  4.619308e+01  7.185184e+01  1.303021e+02 
 2.470504e+00  1.770295e+01  4.527321e+01  7.027653e+01  1.273742e+02 
 2.504942e+00  1.740308e+01  4.436741e+01  6.875703e+01  1.245449e+02 
 2.539859e+00  1.711947e+01  4.343876e+01  6.722490e+01  1.216824e+02 
 2.575263e+00  1.681289e+01  4.252094e+01  6.579003e+01  1.189569e+02 
 2.611161e+00  1.653144e+01  4.163167e+01  6.425467e+01  1.162097e+02 
 2.647559e+00  1.624246e+01  4.073795e+01  6.277367e+01  1.134839e+02 
 2.684465e+00  1.595714e+01  3.989566e+01  6.132350e+01  1.108184e+02 
 2.721885e+00  1.566100e+01  3.899506e+01  5.992360e+01  1.082155e+02 
 2.759826e+00  1.538041e+01  3.812487e+01  5.851125e+01  1.056428e+02 
 2.798297e+00  1.510345e+01  3.730807e+01  5.715126e+01  1.031939e+02 
 2.837304e+00  1.483121e+01  3.647255e+01  5.579995e+01  1.007337e+02 
 2.876854e+00  1.455938e+01  3.564431e+01  5.448902e+01  9.834665e+01 
 2.916956e+00  1.429605e+01  3.486244e+01  5.319735e+01  9.595450e+01 
 2.957617e+00  1.403895e+01  3.408758e+01  5.195322e+01  9.368854e+01 
 2.998844e+00  1.377910e+01  3.332971e+01  5.071494e+01  9.142974e+01 
 3.040646e+00  1.352754e+01  3.257490e+01  4.950945e+01  8.928928e+01 
 3.083031e+00  1.327865e+01  3.183738e+01  4.833010e+01  8.714973e+01 
 3.126007e+00  1.303804e+01  3.112278e+01  4.717329e+01  8.505512e+01 
 3.169582e+00  1.279439e+01  3.039750e+01  4.602377e+01  8.301036e+01 
 3.213764e+00  1.255397e+01  2.969895e+01  4.490802e+01  8.099829e+01 
 3.258562e+00  1.231082e+01  2.901900e+01  4.381025e+01  7.902174e+01 
 3.303985e+00  1.207331e+01  2.832314e+01  4.273223e+01  7.708657e+01 
 3.350041e+00  1.184249e+01  2.764443e+01  4.166023e+01  7.516558e+01 
 3.396739e+00  1.160348e+01  2.698677e+01  4.062948e+01  7.330618e+01 
 3.444087e+00  1.137733e+01  2.632562e+01  3.959804e+01  7.146133e+01 
 3.492096e+00  1.115255e+01  2.569371e+01  3.861456e+01  6.969875e+01 
 3.540774e+00  1.092537e+01  2.507871e+01  3.764982e+01  6.795359e+01 
 3.590130e+00  1.070859e+01  2.446390e+01  3.668923e+01  6.626939e+01 
 3.640175e+00  1.049636e+01  2.386938e+01  3.577464e+01  6.460811e+01 
 3.690917e+00  1.028015e+01  2.329648e+01  3.486389e+01  6.299766e+01 
 3.742366e+00  1.007199e+01  2.271577e+01  3.398548e+01  6.144476e+01 
 3.794533e+00  9.869481e+00  2.217059e+01  3.313256e+01  5.990272e+01 
 3.847427e+00  9.668369e+00  2.161999e+01  3.229799e+01  5.842695e+01 
 3.901058e+00  9.466558e+00  2.109529e+01  3.148375e+01  5.696314e+01 
 3.955436e+00  9.276303e+00  2.057302e+01  3.067986e+01  5.553290e+01 
 4.010573e+00  9.079372e+00  2.005916e+01  2.990226e+01  5.414322e+01 
 4.066478e+00  8.887396e+00  1.955572e+01  2.913047e+01  5.276161e+01 
 4.123163e+00  8.696082e+00  1.906599e+01  2.837548e+01  5.141540e+01 
 4.180637e+00  8.511211e+00  1.858316e+01  2.764080e+01  5.009385e+01 
 4.238913e+00  8.325686e+00  1.810450e+01  2.691944e+01  4.881856e+01 
 4.298001e+00  8.140453e+00  1.764294e+01  2.622139e+01  4.755821e+01 
 4.357913e+00  7.966024e+00  1.719139e+01  2.553894e+01  4.634366e+01 
 4.418660e+00  7.789869e+00  1.675358e+01  2.487081e+01  4.515676e+01 
 4.480254e+00  7.616275e+00  1.632339e+01  2.422064e+01  4.399601e+01 
 4.542706e+00  7.448622e+00  1.590137e+01  2.358637e+01  4.286348e+01 
 4.606029e+00  7.283110e+00  1.549916e+01  2.297585e+01  4.177404e+01 
 4.670234e+00  7.120858e+00  1.510154e+01  2.238625e+01  4.071243e+01 
 4.735335e+00  6.962771e+00  1.471678e+01  2.180588e+01  3.967216e+01 
 4.801343e+00  6.809428e+00  1.434552e+01  2.124326e+01  3.865612e+01 
 4.868271e+00  6.656779e+00  1.397809e+01  2.069317e+01  3.766793e+01 
 4.936132e+00  6.507395e+00  1.361868e+01  2.015740e+01  3.670602e+01 
 5.004939e+00  6.359210e+00  1.326915e+01  1.963200e+01  3.575798e+01 
 5.074705e+00  6.211991e+00  1.292487e+01  1.911574e+01  3.483585e+01 
 5.145444e+00  6.069031e+00  1.258942e+01  1.861266e+01  3.393300e+01 
 5.217169e+00  5.926756e+00  1.225886e+01  1.812187e+01  3.304248e+01 
 5.289893e+00  5.789565e+00  1.193890e+01  1.764546e+01  3.217929e+01 
 5.363631e+00  5.652664e+00  1.162647e+01  1.717543e+01  3.133786e+01 
 5.438397e+00  5.520076e+00  1.132165e+01  1.672189e+01  3.051415e+01 
 5.514206e+00  5.389827e+00  1.102512e+01  1.628084e+01  2.971620e+01 
 5.591071e+00  5.261227e+00  1.073898e+01  1.585031e+01  2.894083e+01 
 5.669007e+00  5.138488e+00  1.045811e+01  1.543575e+01  2.818644e+01 
 5.748030e+00  5.016900e+00  1.018701e+01  1.503106e+01  2.745052e+01 
 5.828155e+00  4.898975e+00  9.923514e+00  1.463871e+01  2.673770e+01 
 5.909396e+00  4.783622e+00  9.666934e+00  1.425697e+01  2.604689e+01 
 5.991770e+00  4.670657e+00  9.416704e+00  1.388570e+01  2.537211e+01 
 6.075292e+00  4.560687e+00  9.174895e+00  1.352528e+01  2.471384e+01 
 6.159978e+00  4.452418e+00  8.938442e+00  1.317353e+01  2.407395e+01 
 6.245845e+00  4.346253e+00  8.706799e+00  1.282962e+01  2.344360e+01 
 6.332908e+00  4.241285e+00  8.478875e+00  1.249109e+01  2.282736e+01 
 6.421186e+00  4.139292e+00  8.257470e+00  1.216043e+01  2.222422e+01 
 6.510694e+00  4.038510e+00  8.040438e+00  1.183963e+01  2.163570e+01 
 6.601449e+00  3.940518e+00  7.829872e+00  1.152584e+01  2.106281e+01 
 6.693470e+00  3.844288e+00  7.623770e+00  1.121899e+01  2.050212e+01 
 6.786773e+00  3.750328e+00  7.424374e+00  1.092116e+01  1.995709e+01 
 6.881377e+00  3.659139e+00  7.229782e+00  1.063245e+01  1.942608e+01 
 6.977300e+00  3.570221e+00  7.041408e+00  1.035292e+01  1.891197e+01 
 7.074559e+00  3.483736e+00  6.857965e+00  1.007945e+01  1.841074e+01 
 7.173175e+00  3.399283e+00  6.680455e+00  9.815446e+00  1.792557e+01 
 7.273165e+00  3.317519e+00  6.508429e+00  9.559020e+00  1.745288e+01 
 7.374549e+00  3.237687e+00  6.340497e+00  9.309130e+00  1.699410e+01 
 7.477346e+00  3.159720e+00  6.178230e+00  9.068338e+00  1.654897e+01 
 7.581576e+00  3.084336e+00  6.019196e+00  8.832057e+00  1.611431e+01 
 7.687260e+00  3.010300e+00  5.864849e+00  8.602168e+00  1.569104e+01 
 7.794416e+00  2.937500e+00  5.713856e+00  8.375997e+00  1.527593e+01 
 7.903066e+00  2.866431e+00  5.565534e+00  8.155080e+00  1.486847e+01 
 8.013230e+00  2.796723e+00  5.421313e+00  7.940958e+00  1.447134e+01 
 8.124930e+00  2.728330e+00  5.280349e+00  7.730607e+00  1.408263e+01 
 8.238187e+00  2.661877e+00  5.142524e+00  7.525168e+00  1.370441e+01 
 8.353023e+00  2.596813e+00  5.008719e+00  7.325599e+00  1.333523e+01 
 8.469460e+00  2.533640e+00  4.878477e+00  7.131581e+00  1.297638e+01 
 8.587519e+00  2.472134e+00  4.751732e+00  6.943020e+00  1.262758e+01 
 8.707225e+00  2.412341e+00  4.628449e+00  6.759954e+00  1.228834e+01 
 8.828599e+00  2.354258e+00  4.509669e+00  6.581941e+00  1.195862e+01 
 8.951665e+00  2.297665e+00  4.394062e+00  6.409453e+00  1.163942e+01 
 9.076446e+00  2.242889e+00  4.281983e+00  6.242558e+00  1.132972e+01 
 9.202967e+00  2.189681e+00  4.172952e+00  6.080178e+00  1.102816e+01 
 9.331251e+00  2.137853e+00  4.067021e+00  5.922267e+00  1.073540e+01 
 9.461324e+00  0.000000e+00  0.000000e+00  0.000000e+00  0.000000e+00 
 9.593209e+00  0.000000e+00  0.000000e+00  0.000000e+00  0.000000e+00 
 9.726934e+00  0.000000e+00  0.000000e+00  0.000000e+00  0.000000e+00 
 9.862522e+00  0.000000e+00  0.000000e+00  0.000000e+00  0.000000e+00 
 1.000000e+01  0.000000e+00  0.000000e+00  0.000000e+00  0.000000e+00 
