 1.000000e-02  5.480613e+03  9.991330e+03  1.351843e+04  2.017222e+04 
 1.013939e-02  5.510917e+03  1.004643e+04  1.359288e+04  2.028283e+04 
 1.028073e-02  5.540751e+03  1.010066e+04  1.366618e+04  2.039172e+04 
 1.042404e-02  5.570111e+03  1.015398e+04  1.373823e+04  2.049883e+04 
 1.056935e-02  5.598963e+03  1.020640e+04  1.380897e+04  2.060405e+04 
 1.071668e-02  5.627304e+03  1.025788e+04  1.387842e+04  2.070728e+04 
 1.086606e-02  5.655101e+03  1.030840e+04  1.394658e+04  2.080854e+04 
 1.101753e-02  5.682344e+03  1.035791e+04  1.401339e+04  2.090771e+04 
 1.117111e-02  5.709012e+03  1.040633e+04  1.407875e+04  2.100467e+04 
 1.132683e-02  5.735075e+03  1.045364e+04  1.414258e+04  2.109936e+04 
 1.148472e-02  5.760508e+03  1.049979e+04  1.420486e+04  2.119177e+04 
 1.164481e-02  5.785300e+03  1.054479e+04  1.426557e+04  2.128187e+04 
 1.180713e-02  5.809425e+03  1.058858e+04  1.432465e+04  2.136952e+04 
 1.197171e-02  5.832863e+03  1.063111e+04  1.438202e+04  2.145458e+04 
 1.213859e-02  5.855589e+03  1.067232e+04  1.443761e+04  2.153696e+04 
 1.230780e-02  5.877598e+03  1.071222e+04  1.449134e+04  2.161664e+04 
 1.247936e-02  5.898854e+03  1.075075e+04  1.454315e+04  2.169350e+04 
 1.265332e-02  5.919328e+03  1.078784e+04  1.459303e+04  2.176750e+04 
 1.282970e-02  5.938999e+03  1.082346e+04  1.464101e+04  2.183856e+04 
 1.300854e-02  5.957850e+03  1.085758e+04  1.468704e+04  2.190658e+04 
 1.318987e-02  5.975869e+03  1.089018e+04  1.473101e+04  2.197150e+04 
 1.337373e-02  5.993038e+03  1.092124e+04  1.477283e+04  2.203321e+04 
 1.356015e-02  6.009320e+03  1.095068e+04  1.481243e+04  2.209162e+04 
 1.374917e-02  6.024688e+03  1.097844e+04  1.484963e+04  2.214672e+04 
 1.394083e-02  6.039112e+03  1.100447e+04  1.488448e+04  2.219832e+04 
 1.413516e-02  6.052576e+03  1.102874e+04  1.491710e+04  2.224627e+04 
 1.433219e-02  6.065057e+03  1.105122e+04  1.494738e+04  2.229056e+04 
 1.453198e-02  6.076542e+03  1.107190e+04  1.497517e+04  2.233121e+04 
 1.473454e-02  6.087019e+03  1.109074e+04  1.500041e+04  2.236816e+04 
 1.493993e-02  6.096444e+03  1.110765e+04  1.502300e+04  2.240126e+04 
 1.514819e-02  6.104808e+03  1.112264e+04  1.504298e+04  2.243053e+04 
 1.535935e-02  6.112089e+03  1.113565e+04  1.506031e+04  2.245578e+04 
 1.557345e-02  6.118259e+03  1.114663e+04  1.507495e+04  2.247698e+04 
 1.579053e-02  6.123312e+03  1.115558e+04  1.508685e+04  2.249398e+04 
 1.601064e-02  6.127210e+03  1.116242e+04  1.509588e+04  2.250661e+04 
 1.623382e-02  6.129922e+03  1.116710e+04  1.510195e+04  2.251489e+04 
 1.646012e-02  6.131446e+03  1.116960e+04  1.510505e+04  2.251876e+04 
 1.668956e-02  6.131731e+03  1.116984e+04  1.510507e+04  2.251802e+04 
 1.692220e-02  6.130758e+03  1.116779e+04  1.510202e+04  2.251275e+04 
 1.715809e-02  6.128547e+03  1.116348e+04  1.509590e+04  2.250299e+04 
 1.739726e-02  6.125062e+03  1.115684e+04  1.508665e+04  2.248859e+04 
 1.763977e-02  6.120267e+03  1.114781e+04  1.507417e+04  2.246933e+04 
 1.788566e-02  6.114154e+03  1.113639e+04  1.505844e+04  2.244506e+04 
 1.813498e-02  6.106711e+03  1.112254e+04  1.503942e+04  2.241579e+04 
 1.838777e-02  6.097922e+03  1.110623e+04  1.501707e+04  2.238157e+04 
 1.864409e-02  6.087779e+03  1.108746e+04  1.499138e+04  2.234246e+04 
 1.890397e-02  6.076261e+03  1.106616e+04  1.496231e+04  2.229833e+04 
 1.916748e-02  6.063367e+03  1.104235e+04  1.492981e+04  2.224918e+04 
 1.943467e-02  6.049066e+03  1.101600e+04  1.489386e+04  2.219487e+04 
 1.970558e-02  6.033345e+03  1.098705e+04  1.485442e+04  2.213516e+04 
 1.998026e-02  6.016191e+03  1.095550e+04  1.481145e+04  2.207011e+04 
 2.025878e-02  5.997616e+03  1.092136e+04  1.476496e+04  2.199993e+04 
 2.054117e-02  5.977617e+03  1.088461e+04  1.471493e+04  2.192466e+04 
 2.082751e-02  5.956179e+03  1.084523e+04  1.466135e+04  2.184407e+04 
 2.111783e-02  5.933302e+03  1.080321e+04  1.460423e+04  2.175800e+04 
 2.141220e-02  5.909068e+03  1.075871e+04  1.454369e+04  2.166664e+04 
 2.171068e-02  5.883999e+03  1.071247e+04  1.448059e+04  2.157089e+04 
 2.201331e-02  5.857492e+03  1.066363e+04  1.441397e+04  2.147005e+04 
 2.232016e-02  5.829569e+03  1.061219e+04  1.434381e+04  2.136403e+04 
 2.263130e-02  5.800198e+03  1.055809e+04  1.427007e+04  2.125258e+04 
 2.294676e-02  5.769395e+03  1.050139e+04  1.419281e+04  2.113582e+04 
 2.326663e-02  5.737193e+03  1.044214e+04  1.411211e+04  2.101393e+04 
 2.359095e-02  5.703598e+03  1.038035e+04  1.402796e+04  2.088691e+04 
 2.391980e-02  5.668592e+03  1.031600e+04  1.394036e+04  2.075473e+04 
 2.425323e-02  5.632200e+03  1.024912e+04  1.384933e+04  2.061746e+04 
 2.459130e-02  5.594461e+03  1.017977e+04  1.375498e+04  2.047522e+04 
 2.493409e-02  5.555405e+03  1.010804e+04  1.365738e+04  2.032813e+04 
 2.528166e-02  5.515044e+03  1.003394e+04  1.355660e+04  2.017629e+04 
 2.563407e-02  5.473393e+03  9.957492e+03  1.345262e+04  2.001970e+04 
 2.599140e-02  5.430462e+03  9.878720e+03  1.334552e+04  1.985846e+04 
 2.635371e-02  5.386301e+03  9.797711e+03  1.323539e+04  1.969274e+04 
 2.672106e-02  5.340962e+03  9.714547e+03  1.312237e+04  1.952269e+04 
 2.709354e-02  5.294470e+03  9.629295e+03  1.300653e+04  1.934845e+04 
 2.747121e-02  5.246863e+03  9.542009e+03  1.288793e+04  1.917011e+04 
 2.785414e-02  5.198119e+03  9.452680e+03  1.276658e+04  1.898774e+04 
 2.824241e-02  5.148034e+03  9.361033e+03  1.264223e+04  1.880118e+04 
 2.863610e-02  5.096975e+03  9.267608e+03  1.251548e+04  1.861107e+04 
 2.903527e-02  5.044983e+03  9.172489e+03  1.238644e+04  1.841758e+04 
 2.944000e-02  4.992095e+03  9.075761e+03  1.225524e+04  1.822085e+04 
 2.985038e-02  4.938377e+03  8.977529e+03  1.212200e+04  1.802111e+04 
 3.026648e-02  4.883898e+03  8.877909e+03  1.198689e+04  1.781857e+04 
 3.068838e-02  4.828720e+03  8.777021e+03  1.185008e+04  1.761350e+04 
 3.111616e-02  4.772914e+03  8.674972e+03  1.171170e+04  1.740611e+04 
 3.154990e-02  4.716530e+03  8.571879e+03  1.157191e+04  1.719667e+04 
 3.198969e-02  4.659629e+03  8.467854e+03  1.143089e+04  1.698538e+04 
 3.243561e-02  4.602280e+03  8.363024e+03  1.128876e+04  1.677247e+04 
 3.288774e-02  4.544555e+03  8.257526e+03  1.114572e+04  1.655822e+04 
 3.334618e-02  4.486525e+03  8.151490e+03  1.100196e+04  1.634290e+04 
 3.381101e-02  4.428268e+03  8.045059e+03  1.085766e+04  1.612681e+04 
 3.428231e-02  4.369870e+03  7.938362e+03  1.071302e+04  1.591022e+04 
 3.476019e-02  4.311284e+03  7.831616e+03  1.056870e+04  1.569513e+04 
 3.524473e-02  4.252702e+03  7.724877e+03  1.042440e+04  1.548011e+04 
 3.573602e-02  4.194198e+03  7.618289e+03  1.028028e+04  1.526537e+04 
 3.623416e-02  4.135840e+03  7.511992e+03  1.013656e+04  1.505119e+04 
 3.673925e-02  4.077703e+03  7.406119e+03  9.993400e+03  1.483786e+04 
 3.725137e-02  4.019890e+03  7.300805e+03  9.851000e+03  1.462568e+04 
 3.777064e-02  3.962472e+03  7.196196e+03  9.709572e+03  1.441494e+04 
 3.829714e-02  3.905526e+03  7.092455e+03  9.569310e+03  1.420592e+04 
 3.883098e-02  3.849124e+03  6.989725e+03  9.430396e+03  1.399888e+04 
 3.937226e-02  3.793341e+03  6.888108e+03  9.292988e+03  1.379408e+04 
 3.992109e-02  3.738232e+03  6.787725e+03  9.157253e+03  1.359180e+04 
 4.047757e-02  3.683867e+03  6.688658e+03  9.023263e+03  1.339204e+04 
 4.104181e-02  3.630158e+03  6.590248e+03  8.889554e+03  1.319099e+04 
 4.161391e-02  3.577342e+03  6.493472e+03  8.758056e+03  1.299326e+04 
 4.219398e-02  3.525486e+03  6.398445e+03  8.628935e+03  1.279906e+04 
 4.278214e-02  3.474659e+03  6.305269e+03  8.502342e+03  1.260865e+04 
 4.337850e-02  3.424887e+03  6.214035e+03  8.378380e+03  1.242218e+04 
 4.398317e-02  3.376218e+03  6.124836e+03  8.257135e+03  1.223982e+04 
 4.459628e-02  3.328702e+03  6.037753e+03  8.138736e+03  1.206173e+04 
 4.521792e-02  3.282392e+03  5.952864e+03  8.023330e+03  1.188807e+04 
 4.584824e-02  3.237333e+03  5.870231e+03  7.911007e+03  1.171900e+04 
 4.648734e-02  3.193543e+03  5.789897e+03  7.801798e+03  1.155457e+04 
 4.713535e-02  3.151127e+03  5.712778e+03  7.697676e+03  1.139976e+04 
 4.779239e-02  3.110066e+03  5.638553e+03  7.597897e+03  1.125264e+04 
 4.845859e-02  3.070324e+03  5.566728e+03  7.501333e+03  1.111026e+04 
 4.913407e-02  3.031906e+03  5.497306e+03  7.408001e+03  1.097267e+04 
 4.981898e-02  2.994811e+03  5.430262e+03  7.317881e+03  1.083985e+04 
 5.051342e-02  2.959024e+03  5.365579e+03  7.230946e+03  1.071174e+04 
 5.121755e-02  2.924521e+03  5.303229e+03  7.147155e+03  1.058829e+04 
 5.193150e-02  2.891280e+03  5.243170e+03  7.066449e+03  1.046942e+04 
 5.265540e-02  2.859266e+03  5.185345e+03  6.988746e+03  1.035499e+04 
 5.338938e-02  2.828215e+03  5.128830e+03  6.912354e+03  1.024129e+04 
 5.413360e-02  2.798045e+03  5.073379e+03  6.836854e+03  1.012744e+04 
 5.488820e-02  2.768974e+03  5.019921e+03  6.764048e+03  1.001761e+04 
 5.565331e-02  2.740934e+03  4.968340e+03  6.693775e+03  9.911551e+03 
 5.642908e-02  2.713808e+03  4.918422e+03  6.625746e+03  9.808830e+03 
 5.721568e-02  2.687463e+03  4.869916e+03  6.559626e+03  9.708983e+03 
 5.801323e-02  2.661892e+03  4.822807e+03  6.495393e+03  9.611967e+03 
 5.882190e-02  2.637200e+03  4.777308e+03  6.433334e+03  9.518201e+03 
 5.964185e-02  2.613549e+03  4.733995e+03  6.374525e+03  9.430059e+03 
 6.047322e-02  2.590909e+03  4.693312e+03  6.320086e+03  9.350639e+03 
 6.131619e-02  2.568506e+03  4.653051e+03  6.266214e+03  9.272070e+03 
 6.217090e-02  2.545972e+03  4.612539e+03  6.212004e+03  9.193023e+03 
 6.303753e-02  2.523205e+03  4.571593e+03  6.157211e+03  9.113135e+03 
 6.391624e-02  2.500225e+03  4.530259e+03  6.101897e+03  9.032486e+03 
 6.480720e-02  2.477043e+03  4.488569e+03  6.046105e+03  8.951134e+03 
 6.571058e-02  2.453567e+03  4.446359e+03  5.989617e+03  8.868758e+03 
 6.662655e-02  2.428488e+03  4.399404e+03  5.924797e+03  8.768661e+03 
 6.755528e-02  2.402726e+03  4.351157e+03  5.858184e+03  8.665797e+03 
 6.849697e-02  2.376182e+03  4.301483e+03  5.789663e+03  8.560171e+03 
 6.945178e-02  2.348747e+03  4.250204e+03  5.718998e+03  8.451430e+03 
 7.041990e-02  2.320314e+03  4.197132e+03  5.645942e+03  8.339203e+03 
 7.140151e-02  2.290784e+03  4.142097e+03  5.570274e+03  8.223168e+03 
 7.239681e-02  2.260343e+03  4.085695e+03  5.493105e+03  8.106010e+03 
 7.340598e-02  2.228955e+03  4.027912e+03  5.414479e+03  7.987999e+03 
 7.442922e-02  2.196243e+03  3.967747e+03  5.332665e+03  7.865343e+03 
 7.546673e-02  2.162178e+03  3.905148e+03  5.247590e+03  7.737933e+03 
 7.651869e-02  2.126740e+03  3.840080e+03  5.159213e+03  7.605702e+03 
 7.758532e-02  2.089941e+03  3.772564e+03  5.067573e+03  7.468716e+03 
 7.866682e-02  2.052601e+03  3.705174e+03  4.977206e+03  7.336404e+03 
 7.976339e-02  2.015267e+03  3.639561e+03  4.890981e+03  7.214666e+03 
 8.087525e-02  1.976679e+03  3.571627e+03  4.801586e+03  7.088129e+03 
 8.200261e-02  1.936936e+03  3.501550e+03  4.709242e+03  6.957099e+03 
 8.314568e-02  1.896166e+03  3.429546e+03  4.614255e+03  6.822018e+03 
 8.430468e-02  1.854506e+03  3.355864e+03  4.516979e+03  6.683395e+03 
 8.547985e-02  1.811494e+03  3.278647e+03  4.413920e+03  6.533673e+03 
 8.667139e-02  1.767671e+03  3.199463e+03  4.307724e+03  6.378113e+03 
 8.787954e-02  1.723539e+03  3.119742e+03  4.200782e+03  6.221408e+03 
 8.910453e-02  1.679324e+03  3.039874e+03  4.093619e+03  6.064335e+03 
 9.034660e-02  1.635273e+03  2.960277e+03  3.986789e+03  5.907724e+03 
 9.160598e-02  1.592330e+03  2.883666e+03  3.884914e+03  5.760661e+03 
 9.288292e-02  1.550635e+03  2.810173e+03  3.788075e+03  5.622960e+03 
 9.417766e-02  1.509729e+03  2.738024e+03  3.692981e+03  5.487597e+03 
 9.549045e-02  1.469835e+03  2.667636e+03  3.600173e+03  5.355391e+03 
 9.682153e-02  1.431167e+03  2.599410e+03  3.510185e+03  5.227142e+03 
 9.817117e-02  1.394277e+03  2.534831e+03  3.425487e+03  5.107664e+03 
 9.953962e-02  1.359117e+03  2.473480e+03  3.345223e+03  4.994962e+03 
 1.009272e-01  1.325699e+03  2.415211e+03  3.269026e+03  4.888057e+03 
 1.023340e-01  1.294162e+03  2.360276e+03  3.197247e+03  4.787492e+03 
 1.037605e-01  1.264015e+03  2.307074e+03  3.127085e+03  4.687598e+03 
 1.052069e-01  1.233719e+03  2.250847e+03  3.050343e+03  4.572080e+03 
 1.066734e-01  1.205640e+03  2.198701e+03  2.979152e+03  4.464906e+03 
 1.081604e-01  1.179760e+03  2.150606e+03  2.913462e+03  4.366000e+03 
 1.096681e-01  1.156016e+03  2.106450e+03  2.853129e+03  4.275112e+03 
 1.111968e-01  1.134410e+03  2.066413e+03  2.798403e+03  4.192109e+03 
 1.127468e-01  1.114760e+03  2.029988e+03  2.748587e+03  4.116447e+03 
 1.143184e-01  1.096919e+03  1.996892e+03  2.703286e+03  4.047570e+03 
 1.159120e-01  1.080714e+03  1.966784e+03  2.662027e+03  3.984795e+03 
 1.175277e-01  1.066449e+03  1.940735e+03  2.626665e+03  3.931479e+03 
 1.191660e-01  1.053377e+03  1.916899e+03  2.594356e+03  3.882760e+03 
 1.208271e-01  1.041198e+03  1.894720e+03  2.564258e+03  3.837357e+03 
 1.225114e-01  1.029560e+03  1.873492e+03  2.535416e+03  3.793828e+03 
 1.242191e-01  1.017647e+03  1.851259e+03  2.505004e+03  3.747806e+03 
 1.259506e-01  1.005721e+03  1.829021e+03  2.474579e+03  3.701790e+03 
 1.277063e-01  9.934958e+02  1.806259e+03  2.443426e+03  3.654718e+03 
 1.294865e-01  9.809531e+02  1.783057e+03  2.411710e+03  3.606476e+03 
 1.312915e-01  9.678682e+02  1.759036e+03  2.378877e+03  3.556221e+03 
 1.331216e-01  9.536933e+02  1.733042e+03  2.343355e+03  3.502000e+03 
 1.349772e-01  9.382747e+02  1.704810e+03  2.304908e+03  3.443534e+03 
 1.368587e-01  9.225839e+02  1.677864e+03  2.270215e+03  3.396422e+03 
 1.387665e-01  9.054214e+02  1.648217e+03  2.231786e+03  3.343654e+03 
 1.407008e-01  8.867540e+02  1.615754e+03  2.189543e+03  3.285036e+03 
 1.426621e-01  8.676791e+02  1.583119e+03  2.147216e+03  3.225763e+03 
 1.446507e-01  8.476150e+02  1.548817e+03  2.102584e+03  3.162785e+03 
 1.466671e-01  8.263928e+02  1.512300e+03  2.054842e+03  3.094998e+03 
 1.487115e-01  8.026278e+02  1.469556e+03  1.997650e+03  3.011540e+03 
 1.507845e-01  7.772389e+02  1.422794e+03  1.934333e+03  2.917891e+03 
 1.528864e-01  7.517234e+02  1.375800e+03  1.870680e+03  2.823670e+03 
 1.550175e-01  7.283102e+02  1.334733e+03  1.816730e+03  2.747309e+03 
 1.571784e-01  7.066913e+02  1.298294e+03  1.770135e+03  2.684105e+03 
 1.593694e-01  6.858022e+02  1.263016e+03  1.724950e+03  2.622670e+03 
 1.615909e-01  6.665447e+02  1.231051e+03  1.684382e+03  2.568053e+03 
 1.638434e-01  6.487997e+02  1.201906e+03  1.647625e+03  2.518920e+03 
 1.661273e-01  6.325386e+02  1.175324e+03  1.614213e+03  2.474612e+03 
 1.684430e-01  6.149579e+02  1.143654e+03  1.572034e+03  2.414119e+03 
 1.707910e-01  5.988266e+02  1.114326e+03  1.532823e+03  2.357688e+03 
 1.731717e-01  5.849128e+02  1.089364e+03  1.499679e+03  2.310338e+03 
 1.755856e-01  5.742711e+02  1.071563e+03  1.476772e+03  2.278112e+03 
 1.780332e-01  5.651569e+02  1.056566e+03  1.457674e+03  2.251660e+03 
 1.805149e-01  5.555835e+02  1.038483e+03  1.432432e+03  2.211982e+03 
 1.830312e-01  5.460280e+02  1.019128e+03  1.404317e+03  2.165600e+03 
 1.855825e-01  5.372845e+02  1.001480e+03  1.378794e+03  2.123843e+03 
 1.881694e-01  5.291205e+02  9.859371e+02  1.357497e+03  2.091850e+03 
 1.907924e-01  5.210550e+02  9.705803e+02  1.336456e+03  2.060267e+03 
 1.934520e-01  5.121896e+02  9.534764e+02  1.313017e+03  2.025874e+03 
 1.961486e-01  5.025917e+02  9.349307e+02  1.287593e+03  1.988711e+03 
 1.988828e-01  4.933273e+02  9.177446e+02  1.264323e+03  1.954653e+03 
 2.016551e-01  4.847490e+02  9.028981e+02  1.244670e+03  1.925908e+03 
 2.044661e-01  4.750020e+02  8.856837e+02  1.221605e+03  1.891637e+03 
 2.073162e-01  4.636456e+02  8.644109e+02  1.192136e+03  1.846187e+03 
 2.102061e-01  4.513307e+02  8.413522e+02  1.160211e+03  1.796968e+03 
 2.131362e-01  4.420395e+02  8.282841e+02  1.145280e+03  1.778936e+03 
 2.161073e-01  4.323099e+02  8.144497e+02  1.129346e+03  1.759423e+03 
 2.191197e-01  4.198466e+02  7.935314e+02  1.102853e+03  1.724603e+03 
 2.221741e-01  4.069343e+02  7.712253e+02  1.074165e+03  1.686332e+03 
 2.252711e-01  3.950526e+02  7.514442e+02  1.049346e+03  1.654116e+03 
 2.284112e-01  3.840711e+02  7.334494e+02  1.027026e+03  1.625576e+03 
 2.315951e-01  3.743139e+02  7.168649e+02  1.005271e+03  1.593752e+03 
 2.348235e-01  3.657083e+02  7.021088e+02  9.855569e+02  1.563672e+03 
 2.380968e-01  3.562244e+02  6.841973e+02  9.608270e+02  1.526205e+03 
 2.414157e-01  3.474364e+02  6.672475e+02  9.372871e+02  1.490715e+03 
 2.447809e-01  3.389667e+02  6.510094e+02  9.149959e+02  1.456950e+03 
 2.481930e-01  3.313882e+02  6.365241e+02  8.951771e+02  1.426997e+03 
 2.516527e-01  3.269970e+02  6.290074e+02  8.849656e+02  1.410971e+03 
 2.551606e-01  3.220415e+02  6.199729e+02  8.725501e+02  1.391890e+03 
 2.587174e-01  3.142921e+02  6.042039e+02  8.504523e+02  1.358870e+03 
 2.623238e-01  3.079098e+02  5.921418e+02  8.340003e+02  1.334778e+03 
 2.659804e-01  3.028542e+02  5.838046e+02  8.232583e+02  1.319707e+03 
 2.696881e-01  2.958105e+02  5.709184e+02  8.059384e+02  1.293895e+03 
 2.734474e-01  2.878561e+02  5.561161e+02  7.859057e+02  1.263777e+03 
 2.772591e-01  2.817325e+02  5.462989e+02  7.739105e+02  1.249031e+03 
 2.811239e-01  2.749359e+02  5.347441e+02  7.593319e+02  1.230973e+03 
 2.850426e-01  2.676104e+02  5.215948e+02  7.423494e+02  1.210263e+03 
 2.890160e-01  2.606917e+02  5.102411e+02  7.280299e+02  1.190513e+03 
 2.930447e-01  2.540805e+02  4.992117e+02  7.135713e+02  1.168605e+03 
 2.971296e-01  2.477900e+02  4.874073e+02  6.962272e+02  1.138751e+03 
 3.012714e-01  2.420521e+02  4.777185e+02  6.835777e+02  1.120351e+03 
 3.054710e-01  2.366315e+02  4.687909e+02  6.725334e+02  1.106046e+03 
 3.097291e-01  2.304464e+02  4.574172e+02  6.575319e+02  1.085367e+03 
 3.140465e-01  2.250153e+02  4.465983e+02  6.420292e+02  1.059961e+03 
 3.184242e-01  2.203931e+02  4.374375e+02  6.288386e+02  1.038210e+03 
 3.228628e-01  2.167820e+02  4.313064e+02  6.210502e+02  1.028658e+03 
 3.273634e-01  2.118075e+02  4.212422e+02  6.065399e+02  1.005347e+03 
 3.319266e-01  2.066577e+02  4.112067e+02  5.926588e+02  9.845424e+02 
 3.365535e-01  2.016783e+02  4.023153e+02  5.812725e+02  9.696300e+02 
 3.412449e-01  1.981182e+02  3.977015e+02  5.759739e+02  9.613725e+02 
 3.460016e-01  1.940994e+02  3.912718e+02  5.678008e+02  9.500975e+02 
 3.508247e-01  1.900308e+02  3.841609e+02  5.584000e+02  9.365020e+02 
 3.557150e-01  1.859741e+02  3.767991e+02  5.485225e+02  9.214809e+02 
 3.606735e-01  1.812395e+02  3.685307e+02  5.377493e+02  9.065294e+02 
 3.657011e-01  1.756573e+02  3.581248e+02  5.235246e+02  8.866204e+02 
 3.707988e-01  1.711611e+02  3.496136e+02  5.119315e+02  8.694654e+02 
 3.759675e-01  1.671302e+02  3.419794e+02  5.014782e+02  8.537745e+02 
 3.812083e-01  1.631290e+02  3.347774e+02  4.917665e+02  8.394622e+02 
 3.865221e-01  1.598416e+02  3.299182e+02  4.862106e+02  8.306227e+02 
 3.919100e-01  1.565366e+02  3.222980e+02  4.745405e+02  8.142934e+02 
 3.973730e-01  1.528330e+02  3.160877e+02  4.668521e+02  8.022954e+02 
 4.029122e-01  1.498167e+02  3.114146e+02  4.604767e+02  7.906375e+02 
 4.085286e-01  1.468316e+02  3.050962e+02  4.514130e+02  7.777086e+02 
 4.142232e-01  1.431594e+02  2.976528e+02  4.415340e+02  7.655014e+02 
 4.199973e-01  1.394382e+02  2.912568e+02  4.334576e+02  7.538584e+02 
 4.258518e-01  1.363657e+02  2.856567e+02  4.255931e+02  7.404184e+02 
 4.317880e-01  1.331113e+02  2.794585e+02  4.164575e+02  7.262633e+02 
 4.378069e-01  1.302552e+02  2.738411e+02  4.084712e+02  7.131467e+02 
 4.439097e-01  1.278620e+02  2.701267e+02  4.039671e+02  7.086357e+02 
 4.500975e-01  1.242995e+02  2.635376e+02  3.950055e+02  6.953563e+02 
 4.563716e-01  1.213586e+02  2.575270e+02  3.863411e+02  6.800000e+02 
 4.627332e-01  1.194598e+02  2.549420e+02  3.836166e+02  6.777006e+02 
 4.691835e-01  1.163982e+02  2.489240e+02  3.750493e+02  6.633919e+02 
 4.757236e-01  1.142048e+02  2.446588e+02  3.692352e+02  6.545608e+02 
 4.823549e-01  1.111875e+02  2.385939e+02  3.606404e+02  6.428762e+02 
 4.890787e-01  1.087253e+02  2.338203e+02  3.542130e+02  6.328728e+02 
 4.958962e-01  1.068023e+02  2.301589e+02  3.485965e+02  6.225639e+02 
 5.028087e-01  1.042555e+02  2.257993e+02  3.427198e+02  6.139667e+02 
 5.098176e-01  1.022124e+02  2.220835e+02  3.374437e+02  6.036907e+02 
 5.169242e-01  1.003409e+02  2.185996e+02  3.327353e+02  5.974644e+02 
 5.241298e-01  9.699345e+01  2.128592e+02  3.256344e+02  5.887560e+02 
 5.314359e-01  9.523132e+01  2.102386e+02  3.221558e+02  5.830420e+02 
 5.388438e-01  9.320835e+01  2.057050e+02  3.153647e+02  5.726844e+02 
 5.463550e-01  9.148434e+01  2.023845e+02  3.104528e+02  5.644277e+02 
 5.539709e-01  8.895267e+01  1.978974e+02  3.047871e+02  5.557224e+02 
 5.616930e-01  8.729040e+01  1.947072e+02  3.002650e+02  5.489470e+02 
 5.695227e-01  8.546860e+01  1.916934e+02  2.966178e+02  5.416810e+02 
 5.774615e-01  8.346771e+01  1.871264e+02  2.897641e+02  5.317034e+02 
 5.855110e-01  8.188543e+01  1.842719e+02  2.854423e+02  5.242136e+02 
 5.936727e-01  7.995187e+01  1.798679e+02  2.792564e+02  5.149673e+02 
 6.019482e-01  7.851640e+01  1.776947e+02  2.758205e+02  5.085998e+02 
 6.103390e-01  7.659667e+01  1.744214e+02  2.716547e+02  5.014229e+02 
 6.188468e-01  7.484091e+01  1.714117e+02  2.688348e+02  4.995386e+02 
 6.274732e-01  7.352597e+01  1.681539e+02  2.632109e+02  4.902106e+02 
 6.362198e-01  7.195087e+01  1.654886e+02  2.593952e+02  4.827926e+02 
 6.450884e-01  7.019900e+01  1.623513e+02  2.550798e+02  4.753933e+02 
 6.540806e-01  6.870487e+01  1.588226e+02  2.497184e+02  4.674429e+02 
 6.631981e-01  6.710747e+01  1.562398e+02  2.469538e+02  4.628160e+02 
 6.724427e-01  6.577493e+01  1.534144e+02  2.429540e+02  4.579053e+02 
 6.818162e-01  6.428123e+01  1.506171e+02  2.380888e+02  4.487262e+02 
 6.913204e-01  6.284368e+01  1.477015e+02  2.343544e+02  4.424880e+02 
 7.009570e-01  6.190965e+01  1.454327e+02  2.310088e+02  4.367607e+02 
 7.107280e-01  6.023893e+01  1.428416e+02  2.274643e+02  4.298708e+02 
 7.206351e-01  5.926247e+01  1.405479e+02  2.243464e+02  4.260885e+02 
 7.306804e-01  5.799092e+01  1.383462e+02  2.207875e+02  4.185754e+02 
 7.408657e-01  5.665881e+01  1.355419e+02  2.167497e+02  4.130110e+02 
 7.511929e-01  5.540760e+01  1.329562e+02  2.134240e+02  4.074680e+02 
 7.616642e-01  5.430385e+01  1.304744e+02  2.098788e+02  4.020547e+02 
 7.722814e-01  5.350778e+01  1.290939e+02  2.075436e+02  3.965283e+02 
 7.830465e-01  5.235136e+01  1.265414e+02  2.039160e+02  3.913474e+02 
 7.939618e-01  5.131640e+01  1.248256e+02  2.012208e+02  3.870615e+02 
 8.050292e-01  5.014352e+01  1.223772e+02  1.983626e+02  3.820959e+02 
 8.162509e-01  4.920476e+01  1.205521e+02  1.950955e+02  3.753557e+02 
 8.276289e-01  4.796868e+01  1.180644e+02  1.918175e+02  3.705774e+02 
 8.391656e-01  4.730331e+01  1.166475e+02  1.890659e+02  3.662798e+02 
 8.508632e-01  4.641487e+01  1.145657e+02  1.864185e+02  3.614301e+02 
 8.627237e-01  4.533304e+01  1.126494e+02  1.835573e+02  3.556565e+02 
 8.747496e-01  4.446411e+01  1.106554e+02  1.807536e+02  3.510016e+02 
 8.869432e-01  4.364058e+01  1.090104e+02  1.782397e+02  3.466206e+02 
 8.993067e-01  4.270807e+01  1.072097e+02  1.755025e+02  3.415565e+02 
 9.118425e-01  4.201130e+01  1.053323e+02  1.725209e+02  3.355971e+02 
 9.245531e-01  4.104543e+01  1.035132e+02  1.697406e+02  3.316659e+02 
 9.374409e-01  4.021405e+01  1.018294e+02  1.674681e+02  3.273947e+02 
 9.505083e-01  3.949796e+01  1.001488e+02  1.649844e+02  3.226502e+02 
 9.637579e-01  3.862322e+01  9.819581e+01  1.620238e+02  3.179744e+02 
 9.771921e-01  3.804338e+01  9.756470e+01  1.604939e+02  3.137737e+02 
 9.908137e-01  3.727103e+01  9.567291e+01  1.578231e+02  3.096450e+02 
 1.004625e+00  3.652142e+01  9.386242e+01  1.550627e+02  3.044579e+02 
 1.018629e+00  3.587752e+01  9.251854e+01  1.528975e+02  3.000487e+02 
 1.032828e+00  3.514444e+01  9.098038e+01  1.508254e+02  2.968181e+02 
 1.047225e+00  3.441721e+01  8.962508e+01  1.484119e+02  2.917356e+02 
 1.061823e+00  3.383622e+01  8.837361e+01  1.463745e+02  2.876773e+02 
 1.076624e+00  3.316902e+01  8.691833e+01  1.441568e+02  2.834411e+02 
 1.091632e+00  3.258377e+01  8.545182e+01  1.421166e+02  2.791286e+02 
 1.106848e+00  3.191719e+01  8.393449e+01  1.398395e+02  2.752630e+02 
 1.122277e+00  3.130757e+01  8.274118e+01  1.375598e+02  2.707818e+02 
 1.137921e+00  3.070071e+01  8.125883e+01  1.354043e+02  2.667547e+02 
 1.153783e+00  3.016595e+01  7.997821e+01  1.333632e+02  2.629631e+02 
 1.169866e+00  2.961243e+01  7.876568e+01  1.313207e+02  2.593292e+02 
 1.186174e+00  2.903512e+01  7.757996e+01  1.293476e+02  2.552562e+02 
 1.202708e+00  2.852434e+01  7.632282e+01  1.274419e+02  2.514355e+02 
 1.219473e+00  2.801781e+01  7.515663e+01  1.256304e+02  2.472871e+02 
 1.236472e+00  2.748840e+01  7.398489e+01  1.237961e+02  2.437734e+02 
 1.253708e+00  2.700204e+01  7.278530e+01  1.216916e+02  2.400921e+02 
 1.271184e+00  2.652147e+01  7.188156e+01  1.202443e+02  2.364488e+02 
 1.288904e+00  2.603608e+01  7.048358e+01  1.180860e+02  2.330578e+02 
 1.306870e+00  2.554287e+01  6.936724e+01  1.162442e+02  2.291729e+02 
 1.325087e+00  2.512477e+01  6.832178e+01  1.145310e+02  2.253361e+02 
 1.343558e+00  2.467297e+01  6.721405e+01  1.127083e+02  2.218070e+02 
 1.362287e+00  2.425393e+01  6.611152e+01  1.108119e+02  2.181436e+02 
 1.381276e+00  2.380237e+01  6.509035e+01  1.088729e+02  2.145520e+02 
 1.400531e+00  2.339253e+01  6.404856e+01  1.072331e+02  2.108328e+02 
 1.420053e+00  2.295760e+01  6.292738e+01  1.055835e+02  2.072496e+02 
 1.439848e+00  2.255898e+01  6.200377e+01  1.037596e+02  2.038827e+02 
 1.459919e+00  2.213388e+01  6.097342e+01  1.020747e+02  2.002473e+02 
 1.480269e+00  2.179695e+01  5.989080e+01  1.002935e+02  1.965328e+02 
 1.500903e+00  2.140511e+01  5.896703e+01  9.860739e+01  1.935456e+02 
 1.521825e+00  2.101739e+01  5.806833e+01  9.710199e+01  1.900850e+02 
 1.543038e+00  2.063800e+01  5.710022e+01  9.555196e+01  1.870044e+02 
 1.564548e+00  2.031084e+01  5.617382e+01  9.393057e+01  1.835964e+02 
 1.586357e+00  1.996173e+01  5.531892e+01  9.238602e+01  1.803216e+02 
 1.608469e+00  1.959510e+01  5.441930e+01  9.083048e+01  1.772970e+02 
 1.630891e+00  1.931777e+01  5.343559e+01  8.911399e+01  1.738263e+02 
 1.653624e+00  1.895368e+01  5.253386e+01  8.768526e+01  1.709509e+02 
 1.676675e+00  1.862045e+01  5.174881e+01  8.624306e+01  1.676755e+02 
 1.700047e+00  1.829401e+01  5.088641e+01  8.471540e+01  1.646633e+02 
 1.723745e+00  1.799993e+01  4.999392e+01  8.323657e+01  1.613989e+02 
 1.747773e+00  1.766607e+01  4.911676e+01  8.171889e+01  1.583470e+02 
 1.772136e+00  1.736182e+01  4.829162e+01  8.022736e+01  1.554696e+02 
 1.796838e+00  1.707395e+01  4.744990e+01  7.879874e+01  1.524487e+02 
 1.821885e+00  1.680842e+01  4.663079e+01  7.732941e+01  1.495712e+02 
 1.847281e+00  1.650680e+01  4.589174e+01  7.602286e+01  1.466971e+02 
 1.873032e+00  1.622995e+01  4.507390e+01  7.448335e+01  1.438996e+02 
 1.899141e+00  1.595081e+01  4.424018e+01  7.316020e+01  1.410773e+02 
 1.925614e+00  1.569234e+01  4.349008e+01  7.184435e+01  1.382119e+02 
 1.952456e+00  1.546911e+01  4.277459e+01  7.055476e+01  1.354686e+02 
 1.979672e+00  1.517301e+01  4.205743e+01  6.924378e+01  1.327960e+02 
 2.007267e+00  1.493870e+01  4.130923e+01  6.783922e+01  1.302185e+02 
 2.035248e+00  1.466989e+01  4.053325e+01  6.654290e+01  1.274920e+02 
 2.063618e+00  1.442145e+01  3.977929e+01  6.526407e+01  1.248417e+02 
 2.092383e+00  1.418706e+01  3.906410e+01  6.396772e+01  1.222551e+02 
 2.121550e+00  1.393664e+01  3.832721e+01  6.270893e+01  1.196880e+02 
 2.151123e+00  1.370505e+01  3.763013e+01  6.143680e+01  1.170898e+02 
 2.181109e+00  1.346877e+01  3.690215e+01  6.021862e+01  1.146660e+02 
 2.211512e+00  1.324333e+01  3.618883e+01  5.895409e+01  1.121043e+02 
 2.242340e+00  1.301783e+01  3.553811e+01  5.778638e+01  1.097245e+02 
 2.273597e+00  1.278281e+01  3.485821e+01  5.655231e+01  1.073367e+02 
 2.305289e+00  1.258085e+01  3.418171e+01  5.540999e+01  1.050175e+02 
 2.337424e+00  1.236767e+01  3.351202e+01  5.424374e+01  1.027371e+02 
 2.370006e+00  1.215178e+01  3.286392e+01  5.312690e+01  1.005380e+02 
 2.403043e+00  1.193268e+01  3.223187e+01  5.198717e+01  9.828764e+01 
 2.436540e+00  1.173883e+01  3.161590e+01  5.090661e+01  9.609019e+01 
 2.470504e+00  1.153931e+01  3.100210e+01  4.980886e+01  9.394886e+01 
 2.504942e+00  1.134358e+01  3.040277e+01  4.876108e+01  9.186106e+01 
 2.539859e+00  1.115600e+01  2.978236e+01  4.769470e+01  8.973897e+01 
 2.575263e+00  1.095268e+01  2.916400e+01  4.669080e+01  8.774228e+01 
 2.611161e+00  1.076893e+01  2.857905e+01  4.562699e+01  8.572087e+01 
 2.647559e+00  1.058045e+01  2.798713e+01  4.459782e+01  8.369906e+01 
 2.684465e+00  1.039552e+01  2.742900e+01  4.359934e+01  8.174285e+01 
 2.721885e+00  1.020386e+01  2.682739e+01  4.262052e+01  7.982992e+01 
 2.759826e+00  1.002547e+01  2.625127e+01  4.164269e+01  7.795220e+01 
 2.798297e+00  9.844994e+00  2.571039e+01  4.069388e+01  7.614537e+01 
 2.837304e+00  9.671263e+00  2.515799e+01  3.976057e+01  7.434135e+01 
 2.876854e+00  9.497116e+00  2.461168e+01  3.884811e+01  7.258845e+01 
 2.916956e+00  9.329314e+00  2.409444e+01  3.795481e+01  7.083090e+01 
 2.957617e+00  9.165982e+00  2.357981e+01  3.709440e+01  6.915299e+01 
 2.998844e+00  9.001520e+00  2.307715e+01  3.623327e+01  6.749876e+01 
 3.040646e+00  8.840371e+00  2.257360e+01  3.538514e+01  6.592642e+01 
 3.083031e+00  8.682595e+00  2.207712e+01  3.456190e+01  6.434049e+01 
 3.126007e+00  8.528450e+00  2.160222e+01  3.375457e+01  6.278508e+01 
 3.169582e+00  8.371656e+00  2.111326e+01  3.293734e+01  6.126464e+01 
 3.213764e+00  8.217151e+00  2.064212e+01  3.215281e+01  5.977290e+01 
 3.258562e+00  8.061977e+00  2.018411e+01  3.138293e+01  5.830453e+01 
 3.303985e+00  7.911080e+00  1.971512e+01  3.061840e+01  5.686808e+01 
 3.350041e+00  7.764117e+00  1.925750e+01  2.986806e+01  5.545413e+01 
 3.396739e+00  7.613998e+00  1.881285e+01  2.914465e+01  5.406366e+01 
 3.444087e+00  7.469708e+00  1.837216e+01  2.841345e+01  5.271555e+01 
 3.492096e+00  7.328462e+00  1.794810e+01  2.772247e+01  5.141267e+01 
 3.540774e+00  7.183666e+00  1.753123e+01  2.704496e+01  5.013258e+01 
 3.590130e+00  7.047365e+00  1.711773e+01  2.637120e+01  4.888933e+01 
 3.640175e+00  6.913279e+00  1.671762e+01  2.573029e+01  4.766987e+01 
 3.690917e+00  6.777524e+00  1.633474e+01  2.508308e+01  4.648033e+01 
 3.742366e+00  6.645802e+00  1.594058e+01  2.446810e+01  4.533565e+01 
 3.794533e+00  6.518748e+00  1.556968e+01  2.386559e+01  4.420175e+01 
 3.847427e+00  6.390334e+00  1.519799e+01  2.327184e+01  4.310872e+01 
 3.901058e+00  6.262789e+00  1.483747e+01  2.269596e+01  4.202393e+01 
 3.955436e+00  6.141651e+00  1.448148e+01  2.212010e+01  4.096045e+01 
 4.010573e+00  6.015739e+00  1.413005e+01  2.156762e+01  3.993366e+01 
 4.066478e+00  5.892779e+00  1.378160e+01  2.101829e+01  3.891186e+01 
 4.123163e+00  5.770620e+00  1.344728e+01  2.048078e+01  3.791425e+01 
 4.180637e+00  5.653234e+00  1.311815e+01  1.996020e+01  3.694016e+01 
 4.238913e+00  5.535184e+00  1.279056e+01  1.944611e+01  3.599926e+01 
 4.298001e+00  5.417156e+00  1.247351e+01  1.895130e+01  3.507257e+01 
 4.357913e+00  5.306709e+00  1.216283e+01  1.846817e+01  3.418184e+01 
 4.418660e+00  5.194613e+00  1.186475e+01  1.799213e+01  3.331289e+01 
 4.480254e+00  5.084409e+00  1.156953e+01  1.753259e+01  3.246044e+01 
 4.542706e+00  4.978173e+00  1.128107e+01  1.708342e+01  3.163268e+01 
 4.606029e+00  4.872611e+00  1.100465e+01  1.664887e+01  3.083406e+01 
 4.670234e+00  4.768824e+00  1.073129e+01  1.623104e+01  3.005537e+01 
 4.735335e+00  4.668090e+00  1.046670e+01  1.581809e+01  2.929302e+01 
 4.801343e+00  4.569842e+00  1.020998e+01  1.541749e+01  2.854620e+01 
 4.868271e+00  4.471242e+00  9.955091e+00  1.502384e+01  2.781912e+01 
 4.936132e+00  4.374473e+00  9.704882e+00  1.463782e+01  2.710778e+01 
 5.004939e+00  4.278086e+00  9.460677e+00  1.426106e+01  2.640850e+01 
 5.074705e+00  4.182734e+00  9.221011e+00  1.389017e+01  2.572826e+01 
 5.145444e+00  4.090335e+00  8.986721e+00  1.353065e+01  2.506134e+01 
 5.217169e+00  3.997887e+00  8.756588e+00  1.317762e+01  2.440748e+01 
 5.289893e+00  3.909246e+00  8.533701e+00  1.283777e+01  2.377663e+01 
 5.363631e+00  3.820041e+00  8.315906e+00  1.250155e+01  2.315895e+01 
 5.438397e+00  3.734230e+00  8.103213e+00  1.217776e+01  2.255526e+01 
 5.514206e+00  3.649808e+00  7.897001e+00  1.186216e+01  2.197152e+01 
 5.591071e+00  3.566260e+00  7.697164e+00  1.155549e+01  2.140329e+01 
 5.669007e+00  3.486461e+00  7.501987e+00  1.125823e+01  2.085465e+01 
 5.748030e+00  3.407354e+00  7.312314e+00  1.096820e+01  2.031548e+01 
 5.828155e+00  3.330226e+00  7.128041e+00  1.068744e+01  1.979373e+01 
 5.909396e+00  3.254641e+00  6.948406e+00  1.041397e+01  1.928775e+01 
 5.991770e+00  3.180389e+00  6.772778e+00  1.014603e+01  1.879397e+01 
 6.075292e+00  3.107717e+00  6.601867e+00  9.886036e+00  1.830666e+01 
 6.159978e+00  3.035802e+00  6.433584e+00  9.631137e+00  1.783461e+01 
 6.245845e+00  2.965367e+00  6.269026e+00  9.381800e+00  1.736982e+01 
 6.332908e+00  2.895612e+00  6.107680e+00  9.136450e+00  1.691339e+01 
 6.421186e+00  2.827665e+00  5.950554e+00  8.897201e+00  1.646875e+01 
 6.510694e+00  2.760660e+00  5.796940e+00  8.664724e+00  1.603590e+01 
 6.601449e+00  2.695567e+00  5.647634e+00  8.438108e+00  1.561300e+01 
 6.693470e+00  2.631297e+00  5.501721e+00  8.216590e+00  1.520055e+01 
 6.786773e+00  2.568997e+00  5.359920e+00  8.001322e+00  1.480107e+01 
 6.881377e+00  2.508335e+00  5.222467e+00  7.792721e+00  1.441086e+01 
 6.977300e+00  2.449039e+00  5.088975e+00  7.591315e+00  1.403240e+01 
 7.074559e+00  2.391531e+00  4.959012e+00  7.393756e+00  1.366411e+01 
 7.173175e+00  2.335107e+00  4.833099e+00  7.202515e+00  1.330729e+01 
 7.273165e+00  2.280500e+00  4.710570e+00  7.017279e+00  1.296029e+01 
 7.374549e+00  2.226848e+00  4.591127e+00  6.836383e+00  1.262292e+01 
 7.477346e+00  2.174385e+00  4.475022e+00  6.661114e+00  1.229303e+01 
 7.581576e+00  2.123329e+00  4.361105e+00  6.488800e+00  1.197118e+01 
 7.687260e+00  2.072945e+00  4.250051e+00  6.320524e+00  1.165633e+01 
 7.794416e+00  2.023511e+00  4.141412e+00  6.154937e+00  1.134722e+01 
 7.903066e+00  1.975189e+00  4.034353e+00  5.993307e+00  1.104438e+01 
 8.013230e+00  1.927713e+00  3.930677e+00  5.836538e+00  1.074993e+01 
 8.124930e+00  1.881284e+00  3.829175e+00  5.683065e+00  1.046186e+01 
 8.238187e+00  1.836155e+00  3.730308e+00  5.532956e+00  1.018123e+01 
 8.353023e+00  1.791978e+00  3.634131e+00  5.387205e+00  9.907984e+00 
 8.469460e+00  1.749095e+00  3.540728e+00  5.245948e+00  9.642775e+00 
 8.587519e+00  1.707393e+00  3.449852e+00  5.108415e+00  9.384878e+00 
 8.707225e+00  1.666780e+00  3.361553e+00  4.975084e+00  9.134772e+00 
 8.828599e+00  1.627376e+00  3.276273e+00  4.845790e+00  8.891407e+00 
 8.951665e+00  1.588898e+00  3.193458e+00  4.719898e+00  8.656060e+00 
 9.076446e+00  1.551693e+00  3.112853e+00  4.598074e+00  8.427000e+00 
 9.202967e+00  1.515358e+00  3.034476e+00  4.479687e+00  8.204202e+00 
 9.331251e+00  1.479892e+00  2.958117e+00  4.363990e+00  7.987362e+00 
 9.461324e+00  0.000000e+00  0.000000e+00  0.000000e+00  0.000000e+00 
 9.593209e+00  0.000000e+00  0.000000e+00  0.000000e+00  0.000000e+00 
 9.726934e+00  0.000000e+00  0.000000e+00  0.000000e+00  0.000000e+00 
 9.862522e+00  0.000000e+00  0.000000e+00  0.000000e+00  0.000000e+00 
 1.000000e+01  0.000000e+00  0.000000e+00  0.000000e+00  0.000000e+00 
