 1.000000e-02  5.556509e+03  1.021310e+04  1.389246e+04  2.084088e+04 
 1.013939e-02  5.584855e+03  1.026505e+04  1.396294e+04  2.094637e+04 
 1.028073e-02  5.612693e+03  1.031610e+04  1.403214e+04  2.104993e+04 
 1.042404e-02  5.640024e+03  1.036616e+04  1.410005e+04  2.115155e+04 
 1.056935e-02  5.666837e+03  1.041522e+04  1.416666e+04  2.125111e+04 
 1.071668e-02  5.693090e+03  1.046325e+04  1.423190e+04  2.134848e+04 
 1.086606e-02  5.718760e+03  1.051020e+04  1.429571e+04  2.144366e+04 
 1.101753e-02  5.743840e+03  1.055608e+04  1.435798e+04  2.153659e+04 
 1.117111e-02  5.768303e+03  1.060084e+04  1.441866e+04  2.162722e+04 
 1.132683e-02  5.792149e+03  1.064451e+04  1.447769e+04  2.171554e+04 
 1.148472e-02  5.815358e+03  1.068698e+04  1.453518e+04  2.180148e+04 
 1.164481e-02  5.837886e+03  1.072819e+04  1.459112e+04  2.188484e+04 
 1.180713e-02  5.859653e+03  1.076798e+04  1.464518e+04  2.196531e+04 
 1.197171e-02  5.880720e+03  1.080646e+04  1.469730e+04  2.204305e+04 
 1.213859e-02  5.901168e+03  1.084380e+04  1.474780e+04  2.211849e+04 
 1.230780e-02  5.920988e+03  1.088001e+04  1.479678e+04  2.219151e+04 
 1.247936e-02  5.940201e+03  1.091506e+04  1.484435e+04  2.226226e+04 
 1.265332e-02  5.958673e+03  1.094875e+04  1.489005e+04  2.233027e+04 
 1.282970e-02  5.976077e+03  1.098048e+04  1.493298e+04  2.239430e+04 
 1.300854e-02  5.992453e+03  1.101032e+04  1.497329e+04  2.245440e+04 
 1.318987e-02  6.007988e+03  1.103860e+04  1.501148e+04  2.251128e+04 
 1.337373e-02  6.022674e+03  1.106532e+04  1.504758e+04  2.256485e+04 
 1.356015e-02  6.036458e+03  1.109040e+04  1.508148e+04  2.261503e+04 
 1.374917e-02  6.049347e+03  1.111381e+04  1.511314e+04  2.266189e+04 
 1.394083e-02  6.061298e+03  1.113552e+04  1.514244e+04  2.270529e+04 
 1.413516e-02  6.072284e+03  1.115542e+04  1.516928e+04  2.274498e+04 
 1.433219e-02  6.082287e+03  1.117352e+04  1.519361e+04  2.278099e+04 
 1.453198e-02  6.091324e+03  1.118981e+04  1.521552e+04  2.281335e+04 
 1.473454e-02  6.099354e+03  1.120427e+04  1.523499e+04  2.284199e+04 
 1.493993e-02  6.106349e+03  1.121683e+04  1.525183e+04  2.286672e+04 
 1.514819e-02  6.112354e+03  1.122756e+04  1.526614e+04  2.288783e+04 
 1.535935e-02  6.117266e+03  1.123631e+04  1.527774e+04  2.290487e+04 
 1.557345e-02  6.120911e+03  1.124272e+04  1.528624e+04  2.291708e+04 
 1.579053e-02  6.123353e+03  1.124695e+04  1.529184e+04  2.292473e+04 
 1.601064e-02  6.124767e+03  1.124926e+04  1.529486e+04  2.292844e+04 
 1.623382e-02  6.125123e+03  1.124962e+04  1.529515e+04  2.292819e+04 
 1.646012e-02  6.124402e+03  1.124798e+04  1.529266e+04  2.292392e+04 
 1.668956e-02  6.122558e+03  1.124429e+04  1.528735e+04  2.291556e+04 
 1.692220e-02  6.119496e+03  1.123836e+04  1.527896e+04  2.290269e+04 
 1.715809e-02  6.115187e+03  1.123014e+04  1.526749e+04  2.288505e+04 
 1.739726e-02  6.109660e+03  1.121968e+04  1.525301e+04  2.286273e+04 
 1.763977e-02  6.102925e+03  1.120700e+04  1.523554e+04  2.283584e+04 
 1.788566e-02  6.094940e+03  1.119202e+04  1.521490e+04  2.280438e+04 
 1.813498e-02  6.085707e+03  1.117473e+04  1.519113e+04  2.276829e+04 
 1.838777e-02  6.075184e+03  1.115507e+04  1.516415e+04  2.272730e+04 
 1.864409e-02  6.063375e+03  1.113306e+04  1.513399e+04  2.268145e+04 
 1.890397e-02  6.050339e+03  1.110878e+04  1.510072e+04  2.263097e+04 
 1.916748e-02  6.036050e+03  1.108223e+04  1.506437e+04  2.257585e+04 
 1.943467e-02  6.020471e+03  1.105330e+04  1.502479e+04  2.251591e+04 
 1.970558e-02  6.003555e+03  1.102189e+04  1.498180e+04  2.245086e+04 
 1.998026e-02  5.985263e+03  1.098795e+04  1.493538e+04  2.238066e+04 
 2.025878e-02  5.965647e+03  1.095159e+04  1.488566e+04  2.230556e+04 
 2.054117e-02  5.944730e+03  1.091284e+04  1.483271e+04  2.222571e+04 
 2.082751e-02  5.922495e+03  1.087167e+04  1.477646e+04  2.214089e+04 
 2.111783e-02  5.898924e+03  1.082805e+04  1.471689e+04  2.205110e+04 
 2.141220e-02  5.874109e+03  1.078208e+04  1.465411e+04  2.195638e+04 
 2.171068e-02  5.848527e+03  1.073448e+04  1.458886e+04  2.185730e+04 
 2.201331e-02  5.821644e+03  1.068449e+04  1.452034e+04  2.175340e+04 
 2.232016e-02  5.793443e+03  1.063209e+04  1.444854e+04  2.164453e+04 
 2.263130e-02  5.763943e+03  1.057732e+04  1.437352e+04  2.153079e+04 
 2.294676e-02  5.733176e+03  1.052020e+04  1.429531e+04  2.141228e+04 
 2.326663e-02  5.701134e+03  1.046073e+04  1.421394e+04  2.128896e+04 
 2.359095e-02  5.667846e+03  1.039897e+04  1.412943e+04  2.116097e+04 
 2.391980e-02  5.633329e+03  1.033495e+04  1.404188e+04  2.102844e+04 
 2.425323e-02  5.597574e+03  1.026870e+04  1.395124e+04  2.089137e+04 
 2.459130e-02  5.560619e+03  1.020022e+04  1.385760e+04  2.074981e+04 
 2.493409e-02  5.522497e+03  1.012962e+04  1.376107e+04  2.060390e+04 
 2.528166e-02  5.483231e+03  1.005690e+04  1.366169e+04  2.045369e+04 
 2.563407e-02  5.442852e+03  9.982152e+03  1.355955e+04  2.029936e+04 
 2.599140e-02  5.401364e+03  9.905375e+03  1.345466e+04  2.014096e+04 
 2.635371e-02  5.358816e+03  9.826634e+03  1.334712e+04  1.997858e+04 
 2.672106e-02  5.315248e+03  9.746028e+03  1.323703e+04  1.981241e+04 
 2.709354e-02  5.270683e+03  9.663608e+03  1.312449e+04  1.964254e+04 
 2.747121e-02  5.225163e+03  9.579448e+03  1.300954e+04  1.946909e+04 
 2.785414e-02  5.178657e+03  9.493505e+03  1.289223e+04  1.929218e+04 
 2.824241e-02  5.130946e+03  9.405472e+03  1.277218e+04  1.911143e+04 
 2.863610e-02  5.082418e+03  9.315909e+03  1.265009e+04  1.892763e+04 
 2.903527e-02  5.033111e+03  9.224933e+03  1.252609e+04  1.874097e+04 
 2.944000e-02  4.983080e+03  9.132633e+03  1.240026e+04  1.855161e+04 
 2.985038e-02  4.932365e+03  9.039108e+03  1.227279e+04  1.835975e+04 
 3.026648e-02  4.881025e+03  8.944447e+03  1.214375e+04  1.816559e+04 
 3.068838e-02  4.829122e+03  8.848754e+03  1.201334e+04  1.796937e+04 
 3.111616e-02  4.776717e+03  8.752137e+03  1.188170e+04  1.777130e+04 
 3.154990e-02  4.723872e+03  8.654721e+03  1.174894e+04  1.757161e+04 
 3.198969e-02  4.670645e+03  8.556605e+03  1.161524e+04  1.737051e+04 
 3.243561e-02  4.617087e+03  8.457891e+03  1.148075e+04  1.716821e+04 
 3.288774e-02  4.563263e+03  8.358682e+03  1.134560e+04  1.696497e+04 
 3.334618e-02  4.509242e+03  8.259126e+03  1.120999e+04  1.676101e+04 
 3.381101e-02  4.455091e+03  8.159346e+03  1.107404e+04  1.655660e+04 
 3.428231e-02  4.400877e+03  8.059462e+03  1.093795e+04  1.635195e+04 
 3.476019e-02  4.346537e+03  7.959648e+03  1.080232e+04  1.614903e+04 
 3.524473e-02  4.292254e+03  7.859953e+03  1.066688e+04  1.594643e+04 
 3.573602e-02  4.238104e+03  7.760497e+03  1.053178e+04  1.574431e+04 
 3.623416e-02  4.184145e+03  7.661411e+03  1.039717e+04  1.554292e+04 
 3.673925e-02  4.130452e+03  7.562811e+03  1.026321e+04  1.534252e+04 
 3.725137e-02  4.077092e+03  7.464831e+03  1.013008e+04  1.514334e+04 
 3.777064e-02  4.024126e+03  7.367576e+03  9.997939e+03  1.494564e+04 
 3.829714e-02  3.971622e+03  7.271163e+03  9.866940e+03  1.474964e+04 
 3.883098e-02  3.919641e+03  7.175697e+03  9.737263e+03  1.455556e+04 
 3.937226e-02  3.868238e+03  7.081308e+03  9.609013e+03  1.436364e+04 
 3.992109e-02  3.817478e+03  6.988099e+03  9.482362e+03  1.417411e+04 
 4.047757e-02  3.767401e+03  6.896100e+03  9.357316e+03  1.398688e+04 
 4.104181e-02  3.717837e+03  6.804459e+03  9.232102e+03  1.379751e+04 
 4.161391e-02  3.669064e+03  6.714280e+03  9.108886e+03  1.361113e+04 
 4.219398e-02  3.621133e+03  6.625651e+03  8.987786e+03  1.342791e+04 
 4.278214e-02  3.574096e+03  6.538651e+03  8.868885e+03  1.324802e+04 
 4.337850e-02  3.527980e+03  6.453355e+03  8.752301e+03  1.307161e+04 
 4.398317e-02  3.482823e+03  6.369832e+03  8.638148e+03  1.289884e+04 
 4.459628e-02  3.438645e+03  6.288125e+03  8.526477e+03  1.272979e+04 
 4.521792e-02  3.395480e+03  6.208272e+03  8.417315e+03  1.256449e+04 
 4.584824e-02  3.353347e+03  6.130307e+03  8.310706e+03  1.240305e+04 
 4.648734e-02  3.312259e+03  6.054259e+03  8.206709e+03  1.224550e+04 
 4.713535e-02  3.272412e+03  5.981272e+03  8.107699e+03  1.209760e+04 
 4.779239e-02  3.233731e+03  5.910885e+03  8.012725e+03  1.195708e+04 
 4.845859e-02  3.196094e+03  5.842412e+03  7.920312e+03  1.182038e+04 
 4.913407e-02  3.159489e+03  5.775827e+03  7.830444e+03  1.168748e+04 
 4.981898e-02  3.123903e+03  5.711101e+03  7.743089e+03  1.155834e+04 
 5.051342e-02  3.089312e+03  5.648192e+03  7.658211e+03  1.143284e+04 
 5.121755e-02  3.055689e+03  5.587045e+03  7.575717e+03  1.131088e+04 
 5.193150e-02  3.022987e+03  5.527583e+03  7.495502e+03  1.119229e+04 
 5.265540e-02  2.991167e+03  5.469735e+03  7.417454e+03  1.107695e+04 
 5.338938e-02  2.959931e+03  5.412485e+03  7.339747e+03  1.096082e+04 
 5.413360e-02  2.929171e+03  5.355555e+03  7.261907e+03  1.084299e+04 
 5.488820e-02  2.899130e+03  5.299945e+03  7.185863e+03  1.072783e+04 
 5.565331e-02  2.869740e+03  5.245544e+03  7.111460e+03  1.061516e+04 
 5.642908e-02  2.840864e+03  5.192082e+03  7.038333e+03  1.050437e+04 
 5.721568e-02  2.812371e+03  5.139335e+03  6.966149e+03  1.039501e+04 
 5.801323e-02  2.784273e+03  5.087311e+03  6.894958e+03  1.028712e+04 
 5.882190e-02  2.756673e+03  5.036200e+03  6.825028e+03  1.018116e+04 
 5.964185e-02  2.729911e+03  4.986968e+03  6.758028e+03  1.008061e+04 
 6.047322e-02  2.704033e+03  4.940288e+03  6.695485e+03  9.989396e+03 
 6.131619e-02  2.677808e+03  4.892964e+03  6.632045e+03  9.896820e+03 
 6.217090e-02  2.651038e+03  4.844640e+03  6.567230e+03  9.802166e+03 
 6.303753e-02  2.623787e+03  4.795432e+03  6.501197e+03  9.705665e+03 
 6.391624e-02  2.596037e+03  4.745328e+03  6.433954e+03  9.607376e+03 
 6.480720e-02  2.567825e+03  4.694383e+03  6.365574e+03  9.507415e+03 
 6.571058e-02  2.539119e+03  4.642524e+03  6.295950e+03  9.405568e+03 
 6.662655e-02  2.508559e+03  4.585359e+03  6.217101e+03  9.284261e+03 
 6.755528e-02  2.477168e+03  4.526606e+03  6.136067e+03  9.159539e+03 
 6.849697e-02  2.444917e+03  4.466281e+03  6.052923e+03  9.031726e+03 
 6.945178e-02  2.411731e+03  4.404265e+03  5.967511e+03  8.900577e+03 
 7.041990e-02  2.377564e+03  4.340495e+03  5.879710e+03  8.765941e+03 
 7.140151e-02  2.342381e+03  4.274890e+03  5.789456e+03  8.627688e+03 
 7.239681e-02  2.306400e+03  4.208121e+03  5.697970e+03  8.488759e+03 
 7.340598e-02  2.269661e+03  4.140286e+03  5.605476e+03  8.349678e+03 
 7.442922e-02  2.231860e+03  4.070517e+03  5.510386e+03  8.206752e+03 
 7.546673e-02  2.193011e+03  3.998846e+03  5.412739e+03  8.060042e+03 
 7.651869e-02  2.153161e+03  3.925378e+03  5.312663e+03  7.909750e+03 
 7.758532e-02  2.112381e+03  3.850216e+03  5.210319e+03  7.756096e+03 
 7.866682e-02  2.071598e+03  3.776206e+03  5.110673e+03  7.609373e+03 
 7.976339e-02  2.031423e+03  3.705169e+03  5.016897e+03  7.476010e+03 
 8.087525e-02  1.990559e+03  3.632798e+03  4.921252e+03  7.339671e+03 
 8.200261e-02  1.949131e+03  3.559333e+03  4.824051e+03  7.200839e+03 
 8.314568e-02  1.907287e+03  3.485052e+03  4.725675e+03  7.060036e+03 
 8.430468e-02  1.865194e+03  3.410254e+03  4.626527e+03  6.917861e+03 
 8.547985e-02  1.822168e+03  3.332418e+03  4.521984e+03  6.764516e+03 
 8.667139e-02  1.778879e+03  3.253472e+03  4.415340e+03  6.606566e+03 
 8.787954e-02  1.735935e+03  3.175142e+03  4.309507e+03  6.449781e+03 
 8.910453e-02  1.693530e+03  3.097793e+03  4.204974e+03  6.294869e+03 
 9.034660e-02  1.651855e+03  3.021770e+03  4.102226e+03  6.142532e+03 
 9.160598e-02  1.611754e+03  2.949498e+03  4.005366e+03  6.000821e+03 
 9.288292e-02  1.573319e+03  2.881053e+03  3.914397e+03  5.869500e+03 
 9.417766e-02  1.536091e+03  2.814754e+03  3.826271e+03  5.742243e+03 
 9.549045e-02  1.500229e+03  2.750888e+03  3.741384e+03  5.619648e+03 
 9.682153e-02  1.465859e+03  2.689705e+03  3.660061e+03  5.502225e+03 
 9.817117e-02  1.433352e+03  2.632283e+03  3.584145e+03  5.393600e+03 
 9.953962e-02  1.402637e+03  2.578216e+03  3.512857e+03  5.292048e+03 
 1.009272e-01  1.373677e+03  2.527310e+03  3.445797e+03  5.196653e+03 
 1.023340e-01  1.346504e+03  2.479634e+03  3.383062e+03  5.107584e+03 
 1.037605e-01  1.320503e+03  2.433275e+03  3.321344e+03  5.018295e+03 
 1.052069e-01  1.293884e+03  2.382851e+03  3.251422e+03  4.910609e+03 
 1.066734e-01  1.269042e+03  2.335756e+03  3.186086e+03  4.809873e+03 
 1.081604e-01  1.245892e+03  2.291827e+03  3.125092e+03  4.715719e+03 
 1.096681e-01  1.224333e+03  2.250842e+03  3.068122e+03  4.627671e+03 
 1.111968e-01  1.204561e+03  2.213610e+03  3.016500e+03  4.547759e+03 
 1.127468e-01  1.186025e+03  2.178728e+03  2.968105e+03  4.472728e+03 
 1.143184e-01  1.168526e+03  2.145781e+03  2.922355e+03  4.401727e+03 
 1.159120e-01  1.151859e+03  2.114367e+03  2.878697e+03  4.333933e+03 
 1.175277e-01  1.136762e+03  2.086880e+03  2.841296e+03  4.277368e+03 
 1.191660e-01  1.122075e+03  2.060231e+03  2.805135e+03  4.222814e+03 
 1.208271e-01  1.107456e+03  2.033712e+03  2.769147e+03  4.168581e+03 
 1.225114e-01  1.092630e+03  2.006819e+03  2.732653e+03  4.113698e+03 
 1.242191e-01  1.077102e+03  1.978521e+03  2.694340e+03  4.056923e+03 
 1.259506e-01  1.060989e+03  1.949114e+03  2.654535e+03  3.997937e+03 
 1.277063e-01  1.044102e+03  1.918252e+03  2.612756e+03  3.936012e+03 
 1.294865e-01  1.026601e+03  1.886483e+03  2.569731e+03  3.871883e+03 
 1.312915e-01  1.008446e+03  1.853721e+03  2.525381e+03  3.805418e+03 
 1.331216e-01  9.891849e+02  1.818888e+03  2.478226e+03  3.734781e+03 
 1.349772e-01  9.688299e+02  1.782059e+03  2.428412e+03  3.660233e+03 
 1.368587e-01  9.485536e+02  1.747252e+03  2.383481e+03  3.599215e+03 
 1.387665e-01  9.272917e+02  1.710536e+03  2.335846e+03  3.533944e+03 
 1.407008e-01  9.051789e+02  1.672133e+03  2.285849e+03  3.464844e+03 
 1.426621e-01  8.831841e+02  1.634104e+03  2.236055e+03  3.394305e+03 
 1.446507e-01  8.609827e+02  1.595650e+03  2.185505e+03  3.321947e+03 
 1.466671e-01  8.385744e+02  1.556664e+03  2.134144e+03  3.248164e+03 
 1.487115e-01  8.142235e+02  1.512140e+03  2.073905e+03  3.158966e+03 
 1.507845e-01  7.889500e+02  1.464640e+03  2.008726e+03  3.060936e+03 
 1.528864e-01  7.644472e+02  1.418587e+03  1.945519e+03  2.965801e+03 
 1.550175e-01  7.427490e+02  1.379592e+03  1.893399e+03  2.890199e+03 
 1.571784e-01  7.234547e+02  1.346289e+03  1.850013e+03  2.829603e+03 
 1.593694e-01  7.054251e+02  1.315207e+03  1.809573e+03  2.773206e+03 
 1.615909e-01  6.892516e+02  1.287774e+03  1.774165e+03  2.724212e+03 
 1.638434e-01  6.747175e+02  1.263420e+03  1.742922e+03  2.681366e+03 
 1.661273e-01  6.616167e+02  1.241629e+03  1.715141e+03  2.643605e+03 
 1.684430e-01  6.467932e+02  1.214005e+03  1.677608e+03  2.588377e+03 
 1.707910e-01  6.329583e+02  1.187907e+03  1.641937e+03  2.535698e+03 
 1.731717e-01  6.208362e+02  1.165404e+03  1.611421e+03  2.490897e+03 
 1.755856e-01  6.118031e+02  1.150259e+03  1.591829e+03  2.462973e+03 
 1.780332e-01  6.034513e+02  1.136367e+03  1.573917e+03  2.437686e+03 
 1.805149e-01  5.938503e+02  1.118085e+03  1.548236e+03  2.397064e+03 
 1.830312e-01  5.834107e+02  1.097025e+03  1.517709e+03  2.346990e+03 
 1.855825e-01  5.729766e+02  1.076287e+03  1.487978e+03  2.299026e+03 
 1.881694e-01  5.627884e+02  1.057688e+03  1.463112e+03  2.263072e+03 
 1.907924e-01  5.520643e+02  1.038085e+03  1.436857e+03  2.224939e+03 
 1.934520e-01  5.402172e+02  1.016202e+03  1.407544e+03  2.183173e+03 
 1.961486e-01  5.274696e+02  9.925652e+02  1.375827e+03  2.138017e+03 
 1.988828e-01  5.151680e+02  9.704406e+02  1.346389e+03  2.095949e+03 
 2.016551e-01  5.038612e+02  9.511414e+02  1.321136e+03  2.059712e+03 
 2.044661e-01  4.917995e+02  9.300962e+02  1.293215e+03  2.018971e+03 
 2.073162e-01  4.783453e+02  9.048305e+02  1.258208e+03  1.965262e+03 
 2.102061e-01  4.647659e+02  8.793137e+02  1.222835e+03  1.910933e+03 
 2.131362e-01  4.549111e+02  8.648632e+02  1.205644e+03  1.888414e+03 
 2.161073e-01  4.454909e+02  8.512687e+02  1.189670e+03  1.867788e+03 
 2.191197e-01  4.335142e+02  8.305153e+02  1.162870e+03  1.831666e+03 
 2.221741e-01  4.216172e+02  8.093120e+02  1.135167e+03  1.794215e+03 
 2.252711e-01  4.110951e+02  7.911793e+02  1.111960e+03  1.763257e+03 
 2.284112e-01  4.016482e+02  7.751922e+02  1.091753e+03  1.736677e+03 
 2.315951e-01  3.935361e+02  7.608219e+02  1.072321e+03  1.706909e+03 
 2.348235e-01  3.864200e+02  7.480161e+02  1.054554e+03  1.678240e+03 
 2.380968e-01  3.780435e+02  7.316061e+02  1.031476e+03  1.642709e+03 
 2.414157e-01  3.697115e+02  7.150033e+02  1.008070e+03  1.607047e+03 
 2.447809e-01  3.613745e+02  6.989560e+02  9.860020e+02  1.573624e+03 
 2.481930e-01  3.532569e+02  6.834560e+02  9.647709e+02  1.541487e+03 
 2.516527e-01  3.483226e+02  6.753589e+02  9.540037e+02  1.525034e+03 
 2.551606e-01  3.422172e+02  6.645869e+02  9.394504e+02  1.503152e+03 
 2.587174e-01  3.329081e+02  6.463573e+02  9.143413e+02  1.466380e+03 
 2.623238e-01  3.249221e+02  6.317731e+02  8.947513e+02  1.438114e+03 
 2.659804e-01  3.184478e+02  6.212654e+02  8.813123e+02  1.419328e+03 
 2.696881e-01  3.099481e+02  6.058455e+02  8.605597e+02  1.388181e+03 
 2.734474e-01  3.008899e+02  5.890651e+02  8.377901e+02  1.353677e+03 
 2.772591e-01  2.940716e+02  5.779071e+02  8.239152e+02  1.335905e+03 
 2.811239e-01  2.869900e+02  5.656421e+02  8.083509e+02  1.316513e+03 
 2.850426e-01  2.796457e+02  5.520915e+02  7.908412e+02  1.295597e+03 
 2.890160e-01  2.731058e+02  5.409781e+02  7.764923e+02  1.274975e+03 
 2.930447e-01  2.671115e+02  5.305861e+02  7.624709e+02  1.252837e+03 
 2.971296e-01  2.614645e+02  5.192798e+02  7.453054e+02  1.222958e+03 
 3.012714e-01  2.564001e+02  5.105225e+02  7.336611e+02  1.205636e+03 
 3.054710e-01  2.514016e+02  5.022498e+02  7.233931e+02  1.192162e+03 
 3.097291e-01  2.453141e+02  4.910978e+02  7.088154e+02  1.172503e+03 
 3.140465e-01  2.397085e+02  4.798254e+02  6.925334e+02  1.145622e+03 
 3.184242e-01  2.346402e+02  4.697732e+02  6.779830e+02  1.121452e+03 
 3.228628e-01  2.305776e+02  4.631069e+02  6.696691e+02  1.111337e+03 
 3.273634e-01  2.247749e+02  4.515331e+02  6.530594e+02  1.084734e+03 
 3.319266e-01  2.187410e+02  4.399219e+02  6.370346e+02  1.060637e+03 
 3.365535e-01  2.130216e+02  4.298027e+02  6.240471e+02  1.043333e+03 
 3.412449e-01  2.090779e+02  4.244671e+02  6.175424e+02  1.032684e+03 
 3.460016e-01  2.047888e+02  4.174165e+02  6.083897e+02  1.019640e+03 
 3.508247e-01  2.006198e+02  4.099357e+02  5.983586e+02  1.004944e+03 
 3.557150e-01  1.966308e+02  4.024800e+02  5.882087e+02  9.893920e+02 
 3.606735e-01  1.920744e+02  3.943358e+02  5.775000e+02  9.742484e+02 
 3.657011e-01  1.866152e+02  3.840160e+02  5.634459e+02  9.549340e+02 
 3.707988e-01  1.822614e+02  3.756966e+02  5.521173e+02  9.381457e+02 
 3.759675e-01  1.782762e+02  3.680959e+02  5.416931e+02  9.225781e+02 
 3.812083e-01  1.741317e+02  3.605912e+02  5.315198e+02  9.077496e+02 
 3.865221e-01  1.705768e+02  3.552918e+02  5.251455e+02  8.967253e+02 
 3.919100e-01  1.669184e+02  3.468395e+02  5.123996e+02  8.794617e+02 
 3.973730e-01  1.627870e+02  3.399960e+02  5.037655e+02  8.655953e+02 
 4.029122e-01  1.594858e+02  3.347282e+02  4.963572e+02  8.518882e+02 
 4.085286e-01  1.561412e+02  3.275547e+02  4.861056e+02  8.371938e+02 
 4.142232e-01  1.521412e+02  3.194424e+02  4.754290e+02  8.239519e+02 
 4.199973e-01  1.483086e+02  3.128585e+02  4.670619e+02  8.115893e+02 
 4.258518e-01  1.452685e+02  3.071716e+02  4.589155e+02  7.973725e+02 
 4.317880e-01  1.420507e+02  3.008133e+02  4.495203e+02  7.830884e+02 
 4.378069e-01  1.392337e+02  2.952302e+02  4.415510e+02  7.698680e+02 
 4.439097e-01  1.368709e+02  2.915529e+02  4.371563e+02  7.658949e+02 
 4.500975e-01  1.331294e+02  2.845931e+02  4.275907e+02  7.516477e+02 
 4.563716e-01  1.299385e+02  2.780435e+02  4.180425e+02  7.345521e+02 
 4.627332e-01  1.278860e+02  2.751603e+02  4.148970e+02  7.313865e+02 
 4.691835e-01  1.245681e+02  2.685594e+02  4.053415e+02  7.152141e+02 
 4.757236e-01  1.221510e+02  2.638418e+02  3.989143e+02  7.054476e+02 
 4.823549e-01  1.189205e+02  2.572325e+02  3.896615e+02  6.930975e+02 
 4.890787e-01  1.163770e+02  2.522970e+02  3.829275e+02  6.823995e+02 
 4.958962e-01  1.144681e+02  2.485491e+02  3.770736e+02  6.716190e+02 
 5.028087e-01  1.119205e+02  2.441139e+02  3.710676e+02  6.628711e+02 
 5.098176e-01  1.098264e+02  2.402436e+02  3.653679e+02  6.515868e+02 
 5.169242e-01  1.078914e+02  2.365835e+02  3.604636e+02  6.449199e+02 
 5.241298e-01  1.043442e+02  2.305576e+02  3.530471e+02  6.357410e+02 
 5.314359e-01  1.024740e+02  2.275790e+02  3.488849e+02  6.290103e+02 
 5.388438e-01  1.002849e+02  2.226546e+02  3.415540e+02  6.179052e+02 
 5.463550e-01  9.846564e+01  2.190389e+02  3.361303e+02  6.089052e+02 
 5.539709e-01  9.583024e+01  2.144365e+02  3.302216e+02  5.995929e+02 
 5.616930e-01  9.410734e+01  2.110603e+02  3.254133e+02  5.922257e+02 
 5.695227e-01  9.222996e+01  2.080102e+02  3.215678e+02  5.839604e+02 
 5.774615e-01  9.010569e+01  2.031175e+02  3.143724e+02  5.737581e+02 
 5.855110e-01  8.845954e+01  1.999984e+02  3.095235e+02  5.656073e+02 
 5.936727e-01  8.638800e+01  1.952229e+02  3.029576e+02  5.558170e+02 
 6.019482e-01  8.490073e+01  1.929097e+02  2.991505e+02  5.487850e+02 
 6.103390e-01  8.286305e+01  1.894197e+02  2.945393e+02  5.404238e+02 
 6.188468e-01  8.098618e+01  1.863566e+02  2.917876e+02  5.382563e+02 
 6.274732e-01  7.962308e+01  1.828373e+02  2.857994e+02  5.286558e+02 
 6.362198e-01  7.801092e+01  1.799660e+02  2.814897e+02  5.203113e+02 
 6.450884e-01  7.616335e+01  1.766713e+02  2.769202e+02  5.123486e+02 
 6.540806e-01  7.455477e+01  1.728468e+02  2.711652e+02  5.041245e+02 
 6.631981e-01  7.289442e+01  1.702720e+02  2.683237e+02  4.988394e+02 
 6.724427e-01  7.148437e+01  1.672288e+02  2.641184e+02  4.936875e+02 
 6.818162e-01  6.992750e+01  1.641369e+02  2.586706e+02  4.837546e+02 
 6.913204e-01  6.841167e+01  1.611000e+02  2.547368e+02  4.769959e+02 
 7.009570e-01  6.740984e+01  1.586266e+02  2.511256e+02  4.706700e+02 
 7.107280e-01  6.567093e+01  1.559023e+02  2.472247e+02  4.631349e+02 
 7.206351e-01  6.463277e+01  1.534661e+02  2.439855e+02  4.591014e+02 
 7.306804e-01  6.330293e+01  1.510461e+02  2.399672e+02  4.508132e+02 
 7.408657e-01  6.187896e+01  1.480270e+02  2.356354e+02  4.448359e+02 
 7.511929e-01  6.054524e+01  1.452942e+02  2.320967e+02  4.385516e+02 
 7.616642e-01  5.934245e+01  1.426352e+02  2.283434e+02  4.329422e+02 
 7.722814e-01  5.853936e+01  1.410722e+02  2.256059e+02  4.264314e+02 
 7.830465e-01  5.728587e+01  1.383338e+02  2.217596e+02  4.206798e+02 
 7.939618e-01  5.620202e+01  1.364593e+02  2.187806e+02  4.163486e+02 
 8.050292e-01  5.494307e+01  1.339139e+02  2.157710e+02  4.107690e+02 
 8.162509e-01  5.397513e+01  1.318858e+02  2.120423e+02  4.034669e+02 
 8.276289e-01  5.264549e+01  1.292512e+02  2.085988e+02  3.982441e+02 
 8.391656e-01  5.197655e+01  1.276723e+02  2.056461e+02  3.937793e+02 
 8.508632e-01  5.100084e+01  1.254333e+02  2.027245e+02  3.883022e+02 
 8.627237e-01  4.986591e+01  1.233891e+02  1.996233e+02  3.820840e+02 
 8.747496e-01  4.893066e+01  1.212756e+02  1.966110e+02  3.768900e+02 
 8.869432e-01  4.806459e+01  1.194688e+02  1.938414e+02  3.719045e+02 
 8.993067e-01  4.708196e+01  1.175168e+02  1.908402e+02  3.664650e+02 
 9.118425e-01  4.631824e+01  1.154640e+02  1.875752e+02  3.598931e+02 
 9.245531e-01  4.529546e+01  1.134824e+02  1.845712e+02  3.557706e+02 
 9.374409e-01  4.441698e+01  1.117066e+02  1.821403e+02  3.508589e+02 
 9.505083e-01  4.366312e+01  1.099052e+02  1.794219e+02  3.457799e+02 
 9.637579e-01  4.271324e+01  1.077528e+02  1.762168e+02  3.406980e+02 
 9.771921e-01  4.214502e+01  1.070510e+02  1.744073e+02  3.359780e+02 
 9.908137e-01  4.131740e+01  1.050170e+02  1.715994e+02  3.315391e+02 
 1.004625e+00  4.050309e+01  1.030463e+02  1.685623e+02  3.258335e+02 
 1.018629e+00  3.980956e+01  1.015788e+02  1.661500e+02  3.210105e+02 
 1.032828e+00  3.903694e+01  9.995929e+01  1.639547e+02  3.175709e+02 
 1.047225e+00  3.827016e+01  9.848632e+01  1.612922e+02  3.120096e+02 
 1.061823e+00  3.766339e+01  9.710603e+01  1.590267e+02  3.073930e+02 
 1.076624e+00  3.694583e+01  9.552363e+01  1.566018e+02  3.026910e+02 
 1.091632e+00  3.629689e+01  9.395638e+01  1.543091e+02  2.979636e+02 
 1.106848e+00  3.559153e+01  9.231427e+01  1.518947e+02  2.938384e+02 
 1.122277e+00  3.494878e+01  9.098161e+01  1.493739e+02  2.889307e+02 
 1.137921e+00  3.430100e+01  8.939913e+01  1.470765e+02  2.845334e+02 
 1.153783e+00  3.373550e+01  8.797965e+01  1.447872e+02  2.803406e+02 
 1.169866e+00  3.311515e+01  8.662791e+01  1.425326e+02  2.762906e+02 
 1.186174e+00  3.249818e+01  8.533549e+01  1.403838e+02  2.717955e+02 
 1.202708e+00  3.195997e+01  8.397368e+01  1.382406e+02  2.675128e+02 
 1.219473e+00  3.140646e+01  8.269787e+01  1.362080e+02  2.629852e+02 
 1.236472e+00  3.083454e+01  8.142849e+01  1.341906e+02  2.590355e+02 
 1.253708e+00  3.031680e+01  8.008354e+01  1.319209e+02  2.551904e+02 
 1.271184e+00  2.979533e+01  7.912665e+01  1.302557e+02  2.510152e+02 
 1.288904e+00  2.927279e+01  7.758586e+01  1.279560e+02  2.473306e+02 
 1.306870e+00  2.872753e+01  7.637024e+01  1.259211e+02  2.430911e+02 
 1.325087e+00  2.827808e+01  7.522063e+01  1.239923e+02  2.389228e+02 
 1.343558e+00  2.779020e+01  7.400288e+01  1.220057e+02  2.349704e+02 
 1.362287e+00  2.734295e+01  7.277475e+01  1.198956e+02  2.310770e+02 
 1.381276e+00  2.686359e+01  7.163163e+01  1.177895e+02  2.272097e+02 
 1.400531e+00  2.641394e+01  7.049586e+01  1.159623e+02  2.230721e+02 
 1.420053e+00  2.593713e+01  6.929204e+01  1.141227e+02  2.191648e+02 
 1.439848e+00  2.550849e+01  6.823711e+01  1.121388e+02  2.154648e+02 
 1.459919e+00  2.503960e+01  6.710033e+01  1.102485e+02  2.114826e+02 
 1.480269e+00  2.466783e+01  6.590495e+01  1.083042e+02  2.074344e+02 
 1.500903e+00  2.423734e+01  6.486157e+01  1.064326e+02  2.041522e+02 
 1.521825e+00  2.382171e+01  6.388734e+01  1.047529e+02  2.003662e+02 
 1.543038e+00  2.340709e+01  6.282390e+01  1.030465e+02  1.969535e+02 
 1.564548e+00  2.304688e+01  6.178706e+01  1.012469e+02  1.932438e+02 
 1.586357e+00  2.266462e+01  6.083714e+01  9.953603e+01  1.896986e+02 
 1.608469e+00  2.226609e+01  5.985395e+01  9.783920e+01  1.864131e+02 
 1.630891e+00  2.195943e+01  5.875908e+01  9.595913e+01  1.826863e+02 
 1.653624e+00  2.156317e+01  5.777330e+01  9.439129e+01  1.795617e+02 
 1.676675e+00  2.120389e+01  5.690274e+01  9.278958e+01  1.759843e+02 
 1.700047e+00  2.084247e+01  5.594155e+01  9.110910e+01  1.727107e+02 
 1.723745e+00  2.050551e+01  5.495851e+01  8.945471e+01  1.691501e+02 
 1.747773e+00  2.014254e+01  5.398973e+01  8.780000e+01  1.658337e+02 
 1.772136e+00  1.981153e+01  5.305869e+01  8.615210e+01  1.627143e+02 
 1.796838e+00  1.949202e+01  5.213571e+01  8.457785e+01  1.594299e+02 
 1.821885e+00  1.918384e+01  5.121425e+01  8.296385e+01  1.563244e+02 
 1.847281e+00  1.886095e+01  5.039474e+01  8.150402e+01  1.531909e+02 
 1.873032e+00  1.855228e+01  4.945455e+01  7.984267e+01  1.501725e+02 
 1.899141e+00  1.823472e+01  4.854536e+01  7.837514e+01  1.471169e+02 
 1.925614e+00  1.794762e+01  4.771388e+01  7.690665e+01  1.440491e+02 
 1.952456e+00  1.770022e+01  4.690577e+01  7.546047e+01  1.410785e+02 
 1.979672e+00  1.737137e+01  4.610032e+01  7.402364e+01  1.382022e+02 
 2.007267e+00  1.711045e+01  4.525313e+01  7.251126e+01  1.354362e+02 
 2.035248e+00  1.680708e+01  4.440873e+01  7.107667e+01  1.325024e+02 
 2.063618e+00  1.653000e+01  4.357787e+01  6.968739e+01  1.296816e+02 
 2.092383e+00  1.626249e+01  4.277883e+01  6.827325e+01  1.269437e+02 
 2.121550e+00  1.598280e+01  4.196076e+01  6.688611e+01  1.241650e+02 
 2.151123e+00  1.572121e+01  4.117712e+01  6.549231e+01  1.214107e+02 
 2.181109e+00  1.545552e+01  4.037868e+01  6.416815e+01  1.188099e+02 
 2.211512e+00  1.519684e+01  3.958469e+01  6.279494e+01  1.160985e+02 
 2.242340e+00  1.494595e+01  3.884675e+01  6.150506e+01  1.135451e+02 
 2.273597e+00  1.467857e+01  3.808774e+01  6.015752e+01  1.109844e+02 
 2.305289e+00  1.444784e+01  3.733577e+01  5.891295e+01  1.085146e+02 
 2.337424e+00  1.420304e+01  3.658991e+01  5.764188e+01  1.060666e+02 
 2.370006e+00  1.396192e+01  3.587150e+01  5.642828e+01  1.037573e+02 
 2.403043e+00  1.371687e+01  3.516522e+01  5.518352e+01  1.013625e+02 
 2.436540e+00  1.349309e+01  3.447596e+01  5.400349e+01  9.904220e+01 
 2.470504e+00  1.326560e+01  3.379610e+01  5.281890e+01  9.676560e+01 
 2.504942e+00  1.304094e+01  3.313083e+01  5.168498e+01  9.457128e+01 
 2.539859e+00  1.282783e+01  3.244613e+01  5.052960e+01  9.235006e+01 
 2.575263e+00  1.259703e+01  3.176881e+01  4.944886e+01  9.023714e+01 
 2.611161e+00  1.238649e+01  3.111237e+01  4.829917e+01  8.811538e+01 
 2.647559e+00  1.217087e+01  3.045485e+01  4.718576e+01  8.599766e+01 
 2.684465e+00  1.195788e+01  2.983326e+01  4.610280e+01  8.394066e+01 
 2.721885e+00  1.173779e+01  2.917079e+01  4.505077e+01  8.192976e+01 
 2.759826e+00  1.152999e+01  2.853215e+01  4.399132e+01  7.995048e+01 
 2.798297e+00  1.132376e+01  2.792843e+01  4.297504e+01  7.806338e+01 
 2.837304e+00  1.112222e+01  2.731656e+01  4.196611e+01  7.616862e+01 
 2.876854e+00  1.092073e+01  2.671044e+01  4.098011e+01  7.433063e+01 
 2.916956e+00  1.072566e+01  2.613393e+01  4.001391e+01  7.249143e+01 
 2.957617e+00  1.053564e+01  2.556619e+01  3.908359e+01  7.074830e+01 
 2.998844e+00  1.034396e+01  2.500785e+01  3.815600e+01  6.901623e+01 
 3.040646e+00  1.015748e+01  2.445148e+01  3.725053e+01  6.737547e+01 
 3.083031e+00  9.973589e+00  2.390597e+01  3.636679e+01  6.573503e+01 
 3.126007e+00  9.795666e+00  2.338071e+01  3.550037e+01  6.412032e+01 
 3.169582e+00  9.614448e+00  2.284288e+01  3.463469e+01  6.255107e+01 
 3.213764e+00  9.436060e+00  2.232561e+01  3.379606e+01  6.100694e+01 
 3.258562e+00  9.255724e+00  2.182143e+01  3.297056e+01  5.949087e+01 
 3.303985e+00  9.079794e+00  2.130659e+01  3.216107e+01  5.800829e+01 
 3.350041e+00  8.908109e+00  2.080387e+01  3.135607e+01  5.654362e+01 
 3.396739e+00  8.732337e+00  2.031706e+01  3.058432e+01  5.511698e+01 
 3.444087e+00  8.565454e+00  1.982870e+01  2.980814e+01  5.371333e+01 
 3.492096e+00  8.399280e+00  1.936179e+01  2.907178e+01  5.237302e+01 
 3.540774e+00  8.231139e+00  1.890627e+01  2.834842e+01  5.104670e+01 
 3.590130e+00  8.071291e+00  1.845076e+01  2.762976e+01  4.976687e+01 
 3.640175e+00  7.914771e+00  1.801098e+01  2.694532e+01  4.850642e+01 
 3.690917e+00  7.755547e+00  1.758633e+01  2.626211e+01  4.728324e+01 
 3.742366e+00  7.601810e+00  1.715630e+01  2.560526e+01  4.610714e+01 
 3.794533e+00  7.452427e+00  1.675135e+01  2.496637e+01  4.494129e+01 
 3.847427e+00  7.303685e+00  1.634297e+01  2.433990e+01  4.382244e+01 
 3.901058e+00  7.153934e+00  1.595195e+01  2.372991e+01  4.271267e+01 
 3.955436e+00  7.012672e+00  1.556235e+01  2.312270e+01  4.162570e+01 
 4.010573e+00  6.865940e+00  1.517874e+01  2.253915e+01  4.057384e+01 
 4.066478e+00  6.723265e+00  1.480134e+01  2.195810e+01  3.952784e+01 
 4.123163e+00  6.581123e+00  1.443582e+01  2.139143e+01  3.850919e+01 
 4.180637e+00  6.443325e+00  1.407545e+01  2.084009e+01  3.751089e+01 
 4.238913e+00  6.305740e+00  1.371809e+01  2.029829e+01  3.654791e+01 
 4.298001e+00  6.168009e+00  1.337286e+01  1.977392e+01  3.559840e+01 
 4.357913e+00  6.038445e+00  1.303489e+01  1.926210e+01  3.468413e+01 
 4.418660e+00  5.907351e+00  1.270812e+01  1.876157e+01  3.379228e+01 
 4.480254e+00  5.778167e+00  1.238606e+01  1.827475e+01  3.292050e+01 
 4.542706e+00  5.653743e+00  1.207062e+01  1.779963e+01  3.207043e+01 
 4.606029e+00  5.530379e+00  1.176908e+01  1.734240e+01  3.125303e+01 
 4.670234e+00  5.409415e+00  1.147182e+01  1.689983e+01  3.045619e+01 
 4.735335e+00  5.291308e+00  1.118344e+01  1.646423e+01  2.967506e+01 
 4.801343e+00  5.176906e+00  1.090379e+01  1.604179e+01  2.891194e+01 
 4.868271e+00  5.062510e+00  1.062713e+01  1.562776e+01  2.816950e+01 
 4.936132e+00  4.950003e+00  1.035597e+01  1.522365e+01  2.744419e+01 
 5.004939e+00  4.838470e+00  1.009173e+01  1.482720e+01  2.673103e+01 
 5.074705e+00  4.727686e+00  9.831459e+00  1.443779e+01  2.603651e+01 
 5.145444e+00  4.620141e+00  9.577622e+00  1.405861e+01  2.535788e+01 
 5.217169e+00  4.512968e+00  9.327916e+00  1.368773e+01  2.468720e+01 
 5.289893e+00  4.409693e+00  9.086077e+00  1.332959e+01  2.404102e+01 
 5.363631e+00  4.306349e+00  8.849868e+00  1.297540e+01  2.340901e+01 
 5.438397e+00  4.206487e+00  8.619080e+00  1.263358e+01  2.279136e+01 
 5.514206e+00  4.108287e+00  8.394883e+00  1.230138e+01  2.219413e+01 
 5.591071e+00  4.011299e+00  8.178021e+00  1.197718e+01  2.161325e+01 
 5.669007e+00  3.918614e+00  7.965346e+00  1.166456e+01  2.104868e+01 
 5.748030e+00  3.826847e+00  7.760023e+00  1.135907e+01  2.049739e+01 
 5.828155e+00  3.737492e+00  7.560247e+00  1.106315e+01  1.996320e+01 
 5.909396e+00  3.650127e+00  7.365386e+00  1.077504e+01  1.944551e+01 
 5.991770e+00  3.564341e+00  7.175103e+00  1.049394e+01  1.893911e+01 
 6.075292e+00  3.480685e+00  6.990809e+00  1.022083e+01  1.844454e+01 
 6.159978e+00  3.398134e+00  6.809959e+00  9.953581e+00  1.796244e+01 
 6.245845e+00  3.316959e+00  6.632830e+00  9.691915e+00  1.748807e+01 
 6.332908e+00  3.236805e+00  6.458523e+00  9.434863e+00  1.702397e+01 
 6.421186e+00  3.158815e+00  6.289160e+00  9.183646e+00  1.657027e+01 
 6.510694e+00  3.081746e+00  6.123287e+00  8.939720e+00  1.612792e+01 
 6.601449e+00  3.006891e+00  5.962250e+00  8.701521e+00  1.569726e+01 
 6.693470e+00  2.933242e+00  5.804575e+00  8.468585e+00  1.527643e+01 
 6.786773e+00  2.861422e+00  5.652033e+00  8.242596e+00  1.486756e+01 
 6.881377e+00  2.791743e+00  5.503361e+00  8.023450e+00  1.446904e+01 
 6.977300e+00  2.723671e+00  5.359361e+00  7.811311e+00  1.408330e+01 
 7.074559e+00  2.657571e+00  5.219032e+00  7.603826e+00  1.370750e+01 
 7.173175e+00  2.592863e+00  5.083247e+00  7.403328e+00  1.334356e+01 
 7.273165e+00  2.530172e+00  4.951478e+00  7.208923e+00  1.298912e+01 
 7.374549e+00  2.468895e+00  4.822836e+00  7.018958e+00  1.264509e+01 
 7.477346e+00  2.408980e+00  4.698392e+00  6.835715e+00  1.231034e+01 
 7.581576e+00  2.350888e+00  4.576186e+00  6.655785e+00  1.198347e+01 
 7.687260e+00  2.293676e+00  4.457367e+00  6.480338e+00  1.166471e+01 
 7.794416e+00  2.237486e+00  4.341007e+00  6.307834e+00  1.135183e+01 
 7.903066e+00  2.182524e+00  4.226782e+00  6.139268e+00  1.104503e+01 
 8.013230e+00  2.128660e+00  4.115815e+00  5.976072e+00  1.074636e+01 
 8.124930e+00  2.075861e+00  4.007391e+00  5.815958e+00  1.045441e+01 
 8.238187e+00  2.024556e+00  3.901456e+00  5.659637e+00  1.017045e+01 
 8.353023e+00  1.974358e+00  3.798679e+00  5.508051e+00  9.893611e+00 
 8.469460e+00  1.925620e+00  3.698781e+00  5.360733e+00  9.624814e+00 
 8.587519e+00  1.878200e+00  3.601582e+00  5.217559e+00  9.363754e+00 
 8.707225e+00  1.832094e+00  3.507079e+00  5.078687e+00  9.110130e+00 
 8.828599e+00  1.787308e+00  3.416000e+00  4.943825e+00  8.863699e+00 
 8.951665e+00  1.743670e+00  3.327430e+00  4.813122e+00  8.625248e+00 
 9.076446e+00  1.701408e+00  3.241532e+00  4.686654e+00  8.394001e+00 
 9.202967e+00  1.660310e+00  3.157988e+00  4.563663e+00  8.168857e+00 
 9.331251e+00  1.620260e+00  3.076701e+00  4.443842e+00  7.950088e+00 
 9.461324e+00  0.000000e+00  0.000000e+00  0.000000e+00  0.000000e+00 
 9.593209e+00  0.000000e+00  0.000000e+00  0.000000e+00  0.000000e+00 
 9.726934e+00  0.000000e+00  0.000000e+00  0.000000e+00  0.000000e+00 
 9.862522e+00  0.000000e+00  0.000000e+00  0.000000e+00  0.000000e+00 
 1.000000e+01  0.000000e+00  0.000000e+00  0.000000e+00  0.000000e+00 
