 1.000000e-02  6.272746e+03  1.159194e+04  1.581461e+04  2.371058e+04 
 1.013939e-02  6.302262e+03  1.164631e+04  1.588855e+04  2.382104e+04 
 1.028073e-02  6.331186e+03  1.169957e+04  1.596096e+04  2.392917e+04 
 1.042404e-02  6.359483e+03  1.175163e+04  1.603177e+04  2.403492e+04 
 1.056935e-02  6.387061e+03  1.180234e+04  1.610076e+04  2.413794e+04 
 1.071668e-02  6.413950e+03  1.185178e+04  1.616802e+04  2.423829e+04 
 1.086606e-02  6.440242e+03  1.190013e+04  1.623379e+04  2.433635e+04 
 1.101753e-02  6.465931e+03  1.194731e+04  1.629802e+04  2.443208e+04 
 1.117111e-02  6.491084e+03  1.199347e+04  1.636085e+04  2.452575e+04 
 1.132683e-02  6.515525e+03  1.203835e+04  1.642189e+04  2.461671e+04 
 1.148472e-02  6.538910e+03  1.208133e+04  1.648025e+04  2.470375e+04 
 1.164481e-02  6.561274e+03  1.212245e+04  1.653601e+04  2.478696e+04 
 1.180713e-02  6.582799e+03  1.216203e+04  1.658964e+04  2.486687e+04 
 1.197171e-02  6.603493e+03  1.220000e+04  1.664118e+04  2.494358e+04 
 1.213859e-02  6.623344e+03  1.223640e+04  1.669056e+04  2.501704e+04 
 1.230780e-02  6.642296e+03  1.227113e+04  1.673772e+04  2.508707e+04 
 1.247936e-02  6.660306e+03  1.230410e+04  1.678249e+04  2.515354e+04 
 1.265332e-02  6.677399e+03  1.233533e+04  1.682487e+04  2.521656e+04 
 1.282970e-02  6.693538e+03  1.236480e+04  1.686479e+04  2.527600e+04 
 1.300854e-02  6.708664e+03  1.239241e+04  1.690218e+04  2.533158e+04 
 1.318987e-02  6.722766e+03  1.241816e+04  1.693702e+04  2.538320e+04 
 1.337373e-02  6.735832e+03  1.244201e+04  1.696927e+04  2.543086e+04 
 1.356015e-02  6.747861e+03  1.246391e+04  1.699893e+04  2.547452e+04 
 1.374917e-02  6.758831e+03  1.248384e+04  1.702591e+04  2.551414e+04 
 1.394083e-02  6.768744e+03  1.250183e+04  1.705018e+04  2.554980e+04 
 1.413516e-02  6.777514e+03  1.251770e+04  1.707155e+04  2.558114e+04 
 1.433219e-02  6.784981e+03  1.253117e+04  1.708963e+04  2.560751e+04 
 1.453198e-02  6.791203e+03  1.254232e+04  1.710444e+04  2.562919e+04 
 1.473454e-02  6.796243e+03  1.255126e+04  1.711627e+04  2.564642e+04 
 1.493993e-02  6.800134e+03  1.255808e+04  1.712535e+04  2.565919e+04 
 1.514819e-02  6.802896e+03  1.256287e+04  1.713175e+04  2.566779e+04 
 1.535935e-02  6.804496e+03  1.256549e+04  1.713518e+04  2.567210e+04 
 1.557345e-02  6.804813e+03  1.256573e+04  1.713524e+04  2.567152e+04 
 1.579053e-02  6.803812e+03  1.256355e+04  1.713190e+04  2.566595e+04 
 1.601064e-02  6.801509e+03  1.255897e+04  1.712525e+04  2.565558e+04 
 1.623382e-02  6.797901e+03  1.255197e+04  1.711535e+04  2.564022e+04 
 1.646012e-02  6.792958e+03  1.254251e+04  1.710212e+04  2.561970e+04 
 1.668956e-02  6.786676e+03  1.253057e+04  1.708565e+04  2.559399e+04 
 1.692220e-02  6.779019e+03  1.251609e+04  1.706572e+04  2.556316e+04 
 1.715809e-02  6.769980e+03  1.249904e+04  1.704207e+04  2.552720e+04 
 1.739726e-02  6.759586e+03  1.247950e+04  1.701492e+04  2.548619e+04 
 1.763977e-02  6.747853e+03  1.245748e+04  1.698455e+04  2.544011e+04 
 1.788566e-02  6.734751e+03  1.243291e+04  1.695087e+04  2.538874e+04 
 1.813498e-02  6.720208e+03  1.240569e+04  1.691353e+04  2.533182e+04 
 1.838777e-02  6.704145e+03  1.237569e+04  1.687230e+04  2.526913e+04 
 1.864409e-02  6.686605e+03  1.234294e+04  1.682732e+04  2.520092e+04 
 1.890397e-02  6.667637e+03  1.230756e+04  1.677872e+04  2.512746e+04 
 1.916748e-02  6.647245e+03  1.226952e+04  1.672655e+04  2.504870e+04 
 1.943467e-02  6.625383e+03  1.222878e+04  1.667067e+04  2.496437e+04 
 1.970558e-02  6.602028e+03  1.218528e+04  1.661103e+04  2.487429e+04 
 1.998026e-02  6.577193e+03  1.213907e+04  1.654771e+04  2.477850e+04 
 2.025878e-02  6.550920e+03  1.209019e+04  1.648075e+04  2.467729e+04 
 2.054117e-02  6.523171e+03  1.203861e+04  1.641010e+04  2.457054e+04 
 2.082751e-02  6.493946e+03  1.198426e+04  1.633568e+04  2.445826e+04 
 2.111783e-02  6.463242e+03  1.192719e+04  1.625755e+04  2.434053e+04 
 2.141220e-02  6.431192e+03  1.186758e+04  1.617589e+04  2.421746e+04 
 2.171068e-02  6.398317e+03  1.180622e+04  1.609161e+04  2.408971e+04 
 2.201331e-02  6.364034e+03  1.174227e+04  1.600380e+04  2.395657e+04 
 2.232016e-02  6.328324e+03  1.167568e+04  1.591237e+04  2.381799e+04 
 2.263130e-02  6.291207e+03  1.160646e+04  1.581738e+04  2.367406e+04 
 2.294676e-02  6.252705e+03  1.153472e+04  1.571893e+04  2.352499e+04 
 2.326663e-02  6.212857e+03  1.146049e+04  1.561710e+04  2.337090e+04 
 2.359095e-02  6.171679e+03  1.138378e+04  1.551192e+04  2.321184e+04 
 2.391980e-02  6.129173e+03  1.130468e+04  1.540344e+04  2.304784e+04 
 2.425323e-02  6.085378e+03  1.122317e+04  1.529171e+04  2.287901e+04 
 2.459130e-02  6.040323e+03  1.113934e+04  1.517681e+04  2.270539e+04 
 2.493409e-02  5.994033e+03  1.105324e+04  1.505883e+04  2.252717e+04 
 2.528166e-02  5.946552e+03  1.096495e+04  1.493783e+04  2.234445e+04 
 2.563407e-02  5.897918e+03  1.087452e+04  1.481397e+04  2.215741e+04 
 2.599140e-02  5.848162e+03  1.078203e+04  1.468728e+04  2.196620e+04 
 2.635371e-02  5.797312e+03  1.068754e+04  1.455785e+04  2.177091e+04 
 2.672106e-02  5.745414e+03  1.059112e+04  1.442581e+04  2.157172e+04 
 2.709354e-02  5.692527e+03  1.049288e+04  1.429133e+04  2.136886e+04 
 2.747121e-02  5.638714e+03  1.039293e+04  1.415450e+04  2.116250e+04 
 2.785414e-02  5.583946e+03  1.029125e+04  1.401535e+04  2.095273e+04 
 2.824241e-02  5.527991e+03  1.018750e+04  1.387350e+04  2.073923e+04 
 2.863610e-02  5.471247e+03  1.008234e+04  1.372971e+04  2.052286e+04 
 2.903527e-02  5.413795e+03  9.975853e+03  1.358414e+04  2.030385e+04 
 2.944000e-02  5.355688e+03  9.868163e+03  1.343696e+04  2.008240e+04 
 2.985038e-02  5.296985e+03  9.759401e+03  1.328829e+04  1.985876e+04 
 3.026648e-02  5.237758e+03  9.649653e+03  1.313829e+04  1.963316e+04 
 3.068838e-02  5.178060e+03  9.539047e+03  1.298713e+04  1.940584e+04 
 3.111616e-02  5.117963e+03  9.427716e+03  1.283500e+04  1.917707e+04 
 3.154990e-02  5.057530e+03  9.315780e+03  1.268207e+04  1.894710e+04 
 3.198969e-02  4.996842e+03  9.203372e+03  1.252850e+04  1.871623e+04 
 3.243561e-02  4.935969e+03  9.090638e+03  1.237446e+04  1.848468e+04 
 3.288774e-02  4.874988e+03  8.977718e+03  1.222017e+04  1.825276e+04 
 3.334618e-02  4.813973e+03  8.864726e+03  1.206581e+04  1.802074e+04 
 3.381101e-02  4.752992e+03  8.751816e+03  1.191157e+04  1.778889e+04 
 3.428231e-02  4.692121e+03  8.639125e+03  1.175763e+04  1.755752e+04 
 3.476019e-02  4.631175e+03  8.526663e+03  1.160440e+04  1.732842e+04 
 3.524473e-02  4.570473e+03  8.414661e+03  1.145184e+04  1.710034e+04 
 3.573602e-02  4.510102e+03  8.303283e+03  1.130010e+04  1.687352e+04 
 3.623416e-02  4.450138e+03  8.192658e+03  1.114940e+04  1.664824e+04 
 3.673925e-02  4.390658e+03  8.082926e+03  1.099991e+04  1.642475e+04 
 3.725137e-02  4.331737e+03  7.974224e+03  1.085183e+04  1.620336e+04 
 3.777064e-02  4.273430e+03  7.866657e+03  1.070530e+04  1.598427e+04 
 3.829714e-02  4.215804e+03  7.760346e+03  1.056045e+04  1.576774e+04 
 3.883098e-02  4.158913e+03  7.655407e+03  1.041749e+04  1.555398e+04 
 3.937226e-02  4.102832e+03  7.551940e+03  1.027655e+04  1.534328e+04 
 3.992109e-02  4.047613e+03  7.450060e+03  1.013779e+04  1.513580e+04 
 4.047757e-02  3.993304e+03  7.349829e+03  1.000122e+04  1.493148e+04 
 4.104181e-02  3.939700e+03  7.250178e+03  9.864612e+03  1.472494e+04 
 4.161391e-02  3.887112e+03  7.152414e+03  9.730586e+03  1.452227e+04 
 4.219398e-02  3.835580e+03  7.056594e+03  9.599239e+03  1.432363e+04 
 4.278214e-02  3.785139e+03  6.962802e+03  9.470674e+03  1.412919e+04 
 4.337850e-02  3.735841e+03  6.871111e+03  9.344964e+03  1.393903e+04 
 4.398317e-02  3.687716e+03  6.781586e+03  9.222190e+03  1.375327e+04 
 4.459628e-02  3.640763e+03  6.694250e+03  9.102400e+03  1.357197e+04 
 4.521792e-02  3.594997e+03  6.609105e+03  8.985617e+03  1.339518e+04 
 4.584824e-02  3.550426e+03  6.526174e+03  8.871871e+03  1.322293e+04 
 4.648734e-02  3.507066e+03  6.445479e+03  8.761150e+03  1.305525e+04 
 4.713535e-02  3.465134e+03  6.368289e+03  8.656105e+03  1.289851e+04 
 4.779239e-02  3.424518e+03  6.294052e+03  8.555641e+03  1.275004e+04 
 4.845859e-02  3.385064e+03  6.221944e+03  8.458071e+03  1.260585e+04 
 4.913407e-02  3.346746e+03  6.151922e+03  8.363334e+03  1.246587e+04 
 4.981898e-02  3.309524e+03  6.083914e+03  8.271315e+03  1.232995e+04 
 5.051342e-02  3.273359e+03  6.017847e+03  8.181942e+03  1.219794e+04 
 5.121755e-02  3.238207e+03  5.953644e+03  8.095081e+03  1.206967e+04 
 5.193150e-02  3.204013e+03  5.891187e+03  8.010604e+03  1.194494e+04 
 5.265540e-02  3.170702e+03  5.830347e+03  7.928324e+03  1.182345e+04 
 5.338938e-02  3.137929e+03  5.769968e+03  7.846123e+03  1.170071e+04 
 5.413360e-02  3.105572e+03  5.709734e+03  7.763488e+03  1.157567e+04 
 5.488820e-02  3.073876e+03  5.650723e+03  7.682528e+03  1.145314e+04 
 5.565331e-02  3.042711e+03  5.592714e+03  7.602936e+03  1.133262e+04 
 5.642908e-02  3.011913e+03  5.535384e+03  7.524260e+03  1.121351e+04 
 5.721568e-02  2.981406e+03  5.478600e+03  7.446323e+03  1.109551e+04 
 5.801323e-02  2.951330e+03  5.422615e+03  7.369482e+03  1.097914e+04 
 5.882190e-02  2.921802e+03  5.367634e+03  7.294007e+03  1.086483e+04 
 5.964185e-02  2.892823e+03  5.314059e+03  7.220876e+03  1.075513e+04 
 6.047322e-02  2.864417e+03  5.262677e+03  7.151888e+03  1.065470e+04 
 6.131619e-02  2.835391e+03  5.210146e+03  7.081336e+03  1.055194e+04 
 6.217090e-02  2.805554e+03  5.156123e+03  7.008740e+03  1.044613e+04 
 6.303753e-02  2.774979e+03  5.100744e+03  6.934298e+03  1.033758e+04 
 6.391624e-02  2.743771e+03  5.044179e+03  6.858247e+03  1.022664e+04 
 6.480720e-02  2.711933e+03  4.986441e+03  6.780594e+03  1.011329e+04 
 6.571058e-02  2.679322e+03  4.927266e+03  6.701000e+03  9.997023e+03 
 6.662655e-02  2.644512e+03  4.861958e+03  6.610848e+03  9.858963e+03 
 6.755528e-02  2.608610e+03  4.794601e+03  6.517872e+03  9.716546e+03 
 6.849697e-02  2.571619e+03  4.725264e+03  6.422230e+03  9.570226e+03 
 6.945178e-02  2.533504e+03  4.653884e+03  6.323835e+03  9.419904e+03 
 7.041990e-02  2.494242e+03  4.580413e+03  6.222615e+03  9.265490e+03 
 7.140151e-02  2.453815e+03  4.504824e+03  6.118562e+03  9.106942e+03 
 7.239681e-02  2.412533e+03  4.428050e+03  6.013370e+03  8.948095e+03 
 7.340598e-02  2.370479e+03  4.350308e+03  5.907411e+03  8.789762e+03 
 7.442922e-02  2.327315e+03  4.270551e+03  5.798728e+03  8.627409e+03 
 7.546673e-02  2.283113e+03  4.188904e+03  5.687483e+03  8.461301e+03 
 7.651869e-02  2.237959e+03  4.105530e+03  5.573894e+03  8.291763e+03 
 7.758532e-02  2.191954e+03  4.020612e+03  5.458238e+03  8.119208e+03 
 7.866682e-02  2.146172e+03  3.937395e+03  5.346179e+03  7.955146e+03 
 7.976339e-02  2.101336e+03  3.857983e+03  5.241327e+03  7.806817e+03 
 8.087525e-02  2.056018e+03  3.777618e+03  5.135092e+03  7.656187e+03 
 8.200261e-02  2.010399e+03  3.696613e+03  5.027898e+03  7.503885e+03 
 8.314568e-02  1.964677e+03  3.615300e+03  4.920216e+03  7.350600e+03 
 8.430468e-02  1.919056e+03  3.534054e+03  4.812538e+03  7.197079e+03 
 8.547985e-02  1.872667e+03  3.449875e+03  4.699359e+03  7.031783e+03 
 8.667139e-02  1.826325e+03  3.365085e+03  4.584624e+03  6.862482e+03 
 8.787954e-02  1.780759e+03  3.281708e+03  4.471787e+03  6.695923e+03 
 8.910453e-02  1.736185e+03  3.200122e+03  4.361390e+03  6.532894e+03 
 9.034660e-02  1.692799e+03  3.120682e+03  4.253909e+03  6.374129e+03 
 9.160598e-02  1.651399e+03  3.045753e+03  4.153303e+03  6.227262e+03 
 9.288292e-02  1.612075e+03  2.975407e+03  4.059552e+03  6.092072e+03 
 9.417766e-02  1.574386e+03  2.908001e+03  3.969720e+03  5.962550e+03 
 9.549045e-02  1.538471e+03  2.843774e+03  3.884154e+03  5.839204e+03 
 9.682153e-02  1.504419e+03  2.782927e+03  3.803111e+03  5.722444e+03 
 9.817117e-02  1.472459e+03  2.726162e+03  3.727786e+03  5.614573e+03 
 9.953962e-02  1.442540e+03  2.673189e+03  3.657661e+03  5.514504e+03 
 1.009272e-01  1.414619e+03  2.623820e+03  3.592406e+03  5.421597e+03 
 1.023340e-01  1.388663e+03  2.578029e+03  3.531964e+03  5.335742e+03 
 1.037605e-01  1.363891e+03  2.533520e+03  3.472414e+03  5.249331e+03 
 1.052069e-01  1.338220e+03  2.484069e+03  3.403153e+03  5.141689e+03 
 1.066734e-01  1.314326e+03  2.437963e+03  3.338511e+03  5.041056e+03 
 1.081604e-01  1.292028e+03  2.394852e+03  3.277981e+03  4.946670e+03 
 1.096681e-01  1.271131e+03  2.354369e+03  3.221044e+03  4.857763e+03 
 1.111968e-01  1.251960e+03  2.317689e+03  3.169677e+03  4.777607e+03 
 1.127468e-01  1.233763e+03  2.282862e+03  3.120895e+03  4.701393e+03 
 1.143184e-01  1.216248e+03  2.249301e+03  3.073888e+03  4.627843e+03 
 1.159120e-01  1.199155e+03  2.216538e+03  3.027970e+03  4.556003e+03 
 1.175277e-01  1.183555e+03  2.187991e+03  2.989002e+03  4.497219e+03 
 1.191660e-01  1.167924e+03  2.159535e+03  2.950278e+03  4.439005e+03 
 1.208271e-01  1.151877e+03  2.130333e+03  2.910563e+03  4.379312e+03 
 1.225114e-01  1.135188e+03  2.099932e+03  2.869266e+03  4.317507e+03 
 1.242191e-01  1.117566e+03  2.067909e+03  2.826125e+03  4.254584e+03 
 1.259506e-01  1.098953e+03  2.034071e+03  2.780492e+03  4.187886e+03 
 1.277063e-01  1.079202e+03  1.998113e+03  2.731995e+03  4.116914e+03 
 1.294865e-01  1.058728e+03  1.961121e+03  2.682249e+03  4.044019e+03 
 1.312915e-01  1.037602e+03  1.923295e+03  2.631500e+03  3.969493e+03 
 1.331216e-01  1.015276e+03  1.883231e+03  2.577656e+03  3.890284e+03 
 1.349772e-01  9.918813e+02  1.841190e+03  2.521144e+03  3.807197e+03 
 1.368587e-01  9.688088e+02  1.801760e+03  2.470579e+03  3.739650e+03 
 1.387665e-01  9.449538e+02  1.760753e+03  2.417723e+03  3.668290e+03 
 1.407008e-01  9.205642e+02  1.718628e+03  2.363168e+03  3.594000e+03 
 1.426621e-01  8.966891e+02  1.677463e+03  2.309458e+03  3.518792e+03 
 1.446507e-01  8.730581e+02  1.636632e+03  2.255992e+03  3.443048e+03 
 1.466671e-01  8.497354e+02  1.596198e+03  2.202939e+03  3.367658e+03 
 1.487115e-01  8.245928e+02  1.550022e+03  2.140353e+03  3.275199e+03 
 1.507845e-01  7.987899e+02  1.501090e+03  2.072902e+03  3.173599e+03 
 1.528864e-01  7.742834e+02  1.454569e+03  2.008768e+03  3.076976e+03 
 1.550175e-01  7.529986e+02  1.415803e+03  1.956567e+03  3.000663e+03 
 1.571784e-01  7.344876e+02  1.383392e+03  1.913942e+03  2.940311e+03 
 1.593694e-01  7.175472e+02  1.353809e+03  1.875119e+03  2.885566e+03 
 1.615909e-01  7.025754e+02  1.327943e+03  1.841245e+03  2.837705e+03 
 1.638434e-01  6.892991e+02  1.305231e+03  1.811617e+03  2.795956e+03 
 1.661273e-01  6.774556e+02  1.285149e+03  1.785587e+03  2.759561e+03 
 1.684430e-01  6.635161e+02  1.258372e+03  1.748583e+03  2.704084e+03 
 1.707910e-01  6.502693e+02  1.232577e+03  1.712709e+03  2.650072e+03 
 1.731717e-01  6.385119e+02  1.210092e+03  1.681700e+03  2.603581e+03 
 1.755856e-01  6.298630e+02  1.195404e+03  1.662431e+03  2.575630e+03 
 1.780332e-01  6.214167e+02  1.181079e+03  1.643672e+03  2.548435e+03 
 1.805149e-01  6.113388e+02  1.161791e+03  1.616528e+03  2.505624e+03 
 1.830312e-01  5.999974e+02  1.139019e+03  1.583667e+03  2.452462e+03 
 1.855825e-01  5.882754e+02  1.115913e+03  1.550758e+03  2.400198e+03 
 1.881694e-01  5.767477e+02  1.095256e+03  1.523493e+03  2.361704e+03 
 1.907924e-01  5.644147e+02  1.073054e+03  1.494060e+03  2.319780e+03 
 1.934520e-01  5.509894e+02  1.048853e+03  1.462182e+03  2.275771e+03 
 1.961486e-01  5.367224e+02  1.023045e+03  1.428136e+03  2.228770e+03 
 1.988828e-01  5.230273e+02  9.988957e+02  1.396448e+03  2.184595e+03 
 2.016551e-01  5.105606e+02  9.778913e+02  1.369231e+03  2.146312e+03 
 2.044661e-01  4.976327e+02  9.555722e+02  1.339854e+03  2.104097e+03 
 2.073162e-01  4.834591e+02  9.289172e+02  1.302915e+03  2.047700e+03 
 2.102061e-01  4.696304e+02  9.028744e+02  1.266799e+03  1.992485e+03 
 2.131362e-01  4.598177e+02  8.884238e+02  1.249485e+03  1.969400e+03 
 2.161073e-01  4.508546e+02  8.756239e+02  1.234494e+03  1.949911e+03 
 2.191197e-01  4.392584e+02  8.550706e+02  1.207597e+03  1.913041e+03 
 2.221741e-01  4.278699e+02  8.342607e+02  1.180039e+03  1.875252e+03 
 2.252711e-01  4.178841e+02  8.165642e+02  1.157011e+03  1.843823e+03 
 2.284112e-01  4.089992e+02  8.010949e+02  1.137123e+03  1.816995e+03 
 2.315951e-01  4.013346e+02  7.869712e+02  1.117568e+03  1.786269e+03 
 2.348235e-01  3.944089e+02  7.739260e+02  1.098991e+03  1.755570e+03 
 2.380968e-01  3.860274e+02  7.570857e+02  1.075038e+03  1.718523e+03 
 2.414157e-01  3.773640e+02  7.394790e+02  1.050012e+03  1.680327e+03 
 2.447809e-01  3.687088e+02  7.228783e+02  1.027218e+03  1.645890e+03 
 2.481930e-01  3.599659e+02  7.062835e+02  1.004527e+03  1.611586e+03 
 2.516527e-01  3.545904e+02  6.976714e+02  9.932564e+02  1.594811e+03 
 2.551606e-01  3.478232e+02  6.859368e+02  9.775799e+02  1.571695e+03 
 2.587174e-01  3.376981e+02  6.664580e+02  9.510303e+02  1.533490e+03 
 2.623238e-01  3.291229e+02  6.510761e+02  9.305803e+02  1.504476e+03 
 2.659804e-01  3.223514e+02  6.403469e+02  9.170367e+02  1.485910e+03 
 2.696881e-01  3.135142e+02  6.243850e+02  8.955711e+02  1.453801e+03 
 2.734474e-01  3.043264e+02  6.073713e+02  8.724639e+02  1.418851e+03 
 2.772591e-01  2.975241e+02  5.961241e+02  8.584204e+02  1.400743e+03 
 2.811239e-01  2.906238e+02  5.840360e+02  8.430581e+02  1.381710e+03 
 2.850426e-01  2.834885e+02  5.706468e+02  8.257274e+02  1.361277e+03 
 2.890160e-01  2.771446e+02  5.595737e+02  8.111929e+02  1.339959e+03 
 2.930447e-01  2.712978e+02  5.490819e+02  7.967284e+02  1.316638e+03 
 2.971296e-01  2.656550e+02  5.372604e+02  7.784283e+02  1.284599e+03 
 3.012714e-01  2.606256e+02  5.283818e+02  7.665017e+02  1.266773e+03 
 3.054710e-01  2.555526e+02  5.199095e+02  7.559487e+02  1.252880e+03 
 3.097291e-01  2.492495e+02  5.082734e+02  7.406350e+02  1.231971e+03 
 3.140465e-01  2.432896e+02  4.963400e+02  7.234235e+02  1.203635e+03 
 3.184242e-01  2.378642e+02  4.856747e+02  7.080640e+02  1.178341e+03 
 3.228628e-01  2.335579e+02  4.786688e+02  6.994172e+02  1.168112e+03 
 3.273634e-01  2.275241e+02  4.666788e+02  6.821947e+02  1.140641e+03 
 3.319266e-01  2.213223e+02  4.547685e+02  6.657441e+02  1.115985e+03 
 3.365535e-01  2.155333e+02  4.445534e+02  6.526597e+02  1.098659e+03 
 3.412449e-01  2.116762e+02  4.394369e+02  6.463796e+02  1.087965e+03 
 3.460016e-01  2.074653e+02  4.324486e+02  6.372868e+02  1.075112e+03 
 3.508247e-01  2.033959e+02  4.250221e+02  6.272448e+02  1.060289e+03 
 3.557150e-01  1.994641e+02  4.175267e+02  6.168878e+02  1.043972e+03 
 3.606735e-01  1.948650e+02  4.091577e+02  6.058600e+02  1.028406e+03 
 3.657011e-01  1.893389e+02  3.985093e+02  5.913011e+02  1.008694e+03 
 3.707988e-01  1.848747e+02  3.898870e+02  5.795058e+02  9.911782e+02 
 3.759675e-01  1.807342e+02  3.819236e+02  5.685176e+02  9.746886e+02 
 3.812083e-01  1.764245e+02  3.740639e+02  5.577809e+02  9.590093e+02 
 3.865221e-01  1.728080e+02  3.688498e+02  5.515148e+02  9.476652e+02 
 3.919100e-01  1.689822e+02  3.598711e+02  5.381167e+02  9.302340e+02 
 3.973730e-01  1.648194e+02  3.529774e+02  5.292764e+02  9.154466e+02 
 4.029122e-01  1.615323e+02  3.476732e+02  5.216365e+02  9.010496e+02 
 4.085286e-01  1.581590e+02  3.403592e+02  5.112165e+02  8.864156e+02 
 4.142232e-01  1.541550e+02  3.321979e+02  5.005470e+02  8.733803e+02 
 4.199973e-01  1.503476e+02  3.256417e+02  4.921591e+02  8.606717e+02 
 4.258518e-01  1.473080e+02  3.198855e+02  4.838388e+02  8.460480e+02 
 4.317880e-01  1.440675e+02  3.133423e+02  4.741281e+02  8.314545e+02 
 4.378069e-01  1.411517e+02  3.074336e+02  4.655343e+02  8.170152e+02 
 4.439097e-01  1.387171e+02  3.036645e+02  4.610771e+02  8.130701e+02 
 4.500975e-01  1.348928e+02  2.965069e+02  4.511859e+02  7.984620e+02 
 4.563716e-01  1.316087e+02  2.896612e+02  4.411132e+02  7.803289e+02 
 4.627332e-01  1.295993e+02  2.869114e+02  4.381710e+02  7.773079e+02 
 4.691835e-01  1.262412e+02  2.801991e+02  4.284267e+02  7.609178e+02 
 4.757236e-01  1.238200e+02  2.753618e+02  4.217134e+02  7.505345e+02 
 4.823549e-01  1.205786e+02  2.686678e+02  4.123424e+02  7.380411e+02 
 4.890787e-01  1.179972e+02  2.636564e+02  4.055089e+02  7.271066e+02 
 4.958962e-01  1.160852e+02  2.598001e+02  3.993837e+02  7.158453e+02 
 5.028087e-01  1.135243e+02  2.552976e+02  3.932651e+02  7.069126e+02 
 5.098176e-01  1.113924e+02  2.512946e+02  3.872479e+02  6.949094e+02 
 5.169242e-01  1.094023e+02  2.474732e+02  3.821080e+02  6.877299e+02 
 5.241298e-01  1.058127e+02  2.414057e+02  3.746840e+02  6.784960e+02 
 5.314359e-01  1.039781e+02  2.385109e+02  3.705114e+02  6.716474e+02 
 5.388438e-01  1.017472e+02  2.333256e+02  3.627989e+02  6.601509e+02 
 5.463550e-01  9.992307e+01  2.296820e+02  3.572851e+02  6.510480e+02 
 5.539709e-01  9.727040e+01  2.250293e+02  3.512743e+02  6.415238e+02 
 5.616930e-01  9.553024e+01  2.215832e+02  3.463728e+02  6.340237e+02 
 5.695227e-01  9.365909e+01  2.185782e+02  3.424770e+02  6.250974e+02 
 5.774615e-01  9.147748e+01  2.134774e+02  3.349575e+02  6.145893e+02 
 5.855110e-01  8.982045e+01  2.103155e+02  3.300061e+02  6.062485e+02 
 5.936727e-01  8.770856e+01  2.053140e+02  3.230822e+02  5.958021e+02 
 6.019482e-01  8.621908e+01  2.029228e+02  3.190376e+02  5.884178e+02 
 6.103390e-01  8.417853e+01  1.994475e+02  3.144218e+02  5.796809e+02 
 6.188468e-01  8.231216e+01  1.965098e+02  3.119117e+02  5.776790e+02 
 6.274732e-01  8.090863e+01  1.927063e+02  3.054301e+02  5.676761e+02 
 6.362198e-01  7.930484e+01  1.898506e+02  3.011517e+02  5.592909e+02 
 6.450884e-01  7.744005e+01  1.864888e+02  2.963378e+02  5.505984e+02 
 6.540806e-01  7.578887e+01  1.824926e+02  2.903124e+02  5.421421e+02 
 6.631981e-01  7.412382e+01  1.798874e+02  2.873705e+02  5.364958e+02 
 6.724427e-01  7.268901e+01  1.768053e+02  2.831730e+02  5.312541e+02 
 6.818162e-01  7.111686e+01  1.735398e+02  2.773228e+02  5.209489e+02 
 6.913204e-01  6.958979e+01  1.704458e+02  2.732687e+02  5.136695e+02 
 7.009570e-01  6.857248e+01  1.678515e+02  2.694976e+02  5.070847e+02 
 7.107280e-01  6.684041e+01  1.651872e+02  2.655224e+02  4.991130e+02 
 7.206351e-01  6.578421e+01  1.626635e+02  2.622651e+02  4.950111e+02 
 7.306804e-01  6.447229e+01  1.601936e+02  2.579461e+02  4.861219e+02 
 7.408657e-01  6.302821e+01  1.571009e+02  2.535375e+02  4.803255e+02 
 7.511929e-01  6.169391e+01  1.543290e+02  2.499618e+02  4.734919e+02 
 7.616642e-01  6.046462e+01  1.515814e+02  2.460389e+02  4.678486e+02 
 7.722814e-01  5.968825e+01  1.499997e+02  2.432057e+02  4.609343e+02 
 7.830465e-01  5.841328e+01  1.471678e+02  2.391851e+02  4.549371e+02 
 7.939618e-01  5.734322e+01  1.452859e+02  2.360589e+02  4.503983e+02 
 8.050292e-01  5.606431e+01  1.427170e+02  2.330717e+02  4.445339e+02 
 8.162509e-01  5.509407e+01  1.406003e+02  2.291342e+02  4.368781e+02 
 8.276289e-01  5.374861e+01  1.378889e+02  2.255375e+02  4.313762e+02 
 8.391656e-01  5.307793e+01  1.361659e+02  2.223080e+02  4.265848e+02 
 8.508632e-01  5.206831e+01  1.339256e+02  2.193257e+02  4.207790e+02 
 8.627237e-01  5.094024e+01  1.317782e+02  2.160309e+02  4.141183e+02 
 8.747496e-01  4.998506e+01  1.295857e+02  2.129103e+02  4.084849e+02 
 8.869432e-01  4.912620e+01  1.277518e+02  2.100414e+02  4.034553e+02 
 8.993067e-01  4.812910e+01  1.257389e+02  2.068468e+02  3.976076e+02 
 9.118425e-01  4.736521e+01  1.235816e+02  2.034140e+02  3.905736e+02 
 9.245531e-01  4.634353e+01  1.215832e+02  2.003167e+02  3.864378e+02 
 9.374409e-01  4.544945e+01  1.197513e+02  1.977964e+02  3.810988e+02 
 9.505083e-01  4.470504e+01  1.178658e+02  1.949257e+02  3.758963e+02 
 9.637579e-01  4.374115e+01  1.156674e+02  1.916137e+02  3.703575e+02 
 9.771921e-01  4.318339e+01  1.149369e+02  1.896153e+02  3.654216e+02 
 9.908137e-01  4.235621e+01  1.127987e+02  1.866642e+02  3.605878e+02 
 1.004625e+00  4.151075e+01  1.107508e+02  1.834865e+02  3.546765e+02 
 1.018629e+00  4.082478e+01  1.092382e+02  1.808820e+02  3.495191e+02 
 1.032828e+00  4.003068e+01  1.075608e+02  1.786174e+02  3.456961e+02 
 1.047225e+00  3.925235e+01  1.059980e+02  1.757235e+02  3.397162e+02 
 1.061823e+00  3.865217e+01  1.045525e+02  1.733336e+02  3.349256e+02 
 1.076624e+00  3.791876e+01  1.029270e+02  1.708010e+02  3.298481e+02 
 1.091632e+00  3.726243e+01  1.012868e+02  1.683143e+02  3.247716e+02 
 1.106848e+00  3.655088e+01  9.955978e+01  1.658149e+02  3.204214e+02 
 1.122277e+00  3.590525e+01  9.816059e+01  1.630538e+02  3.150902e+02 
 1.137921e+00  3.525531e+01  9.650242e+01  1.606567e+02  3.104484e+02 
 1.153783e+00  3.467460e+01  9.503033e+01  1.582514e+02  3.059686e+02 
 1.169866e+00  3.405789e+01  9.362550e+01  1.558840e+02  3.017627e+02 
 1.186174e+00  3.343736e+01  9.227725e+01  1.535366e+02  2.968661e+02 
 1.202708e+00  3.289843e+01  9.086345e+01  1.513213e+02  2.924126e+02 
 1.219473e+00  3.234267e+01  8.952985e+01  1.491518e+02  2.875030e+02 
 1.236472e+00  3.175981e+01  8.822337e+01  1.470160e+02  2.833155e+02 
 1.253708e+00  3.124335e+01  8.676264e+01  1.445082e+02  2.791841e+02 
 1.271184e+00  3.071607e+01  8.577612e+01  1.427216e+02  2.746891e+02 
 1.288904e+00  3.018174e+01  8.412336e+01  1.403084e+02  2.707351e+02 
 1.306870e+00  2.961943e+01  8.285297e+01  1.380586e+02  2.660506e+02 
 1.325087e+00  2.916376e+01  8.163456e+01  1.360224e+02  2.616004e+02 
 1.343558e+00  2.866876e+01  8.034338e+01  1.338915e+02  2.573003e+02 
 1.362287e+00  2.821537e+01  7.902581e+01  1.316098e+02  2.531742e+02 
 1.381276e+00  2.773721e+01  7.778877e+01  1.292950e+02  2.490152e+02 
 1.400531e+00  2.727455e+01  7.660948e+01  1.273526e+02  2.445551e+02 
 1.420053e+00  2.679266e+01  7.533677e+01  1.253971e+02  2.403331e+02 
 1.439848e+00  2.635923e+01  7.420010e+01  1.232889e+02  2.363893e+02 
 1.459919e+00  2.588492e+01  7.301732e+01  1.212261e+02  2.321167e+02 
 1.480269e+00  2.550700e+01  7.172716e+01  1.191428e+02  2.277281e+02 
 1.500903e+00  2.507274e+01  7.063509e+01  1.171175e+02  2.242031e+02 
 1.521825e+00  2.465581e+01  6.959402e+01  1.153034e+02  2.202360e+02 
 1.543038e+00  2.423662e+01  6.847599e+01  1.134953e+02  2.165188e+02 
 1.564548e+00  2.386725e+01  6.737994e+01  1.115461e+02  2.124695e+02 
 1.586357e+00  2.347213e+01  6.634459e+01  1.096720e+02  2.086475e+02 
 1.608469e+00  2.306241e+01  6.528233e+01  1.078160e+02  2.050678e+02 
 1.630891e+00  2.274253e+01  6.409722e+01  1.057253e+02  2.009863e+02 
 1.653624e+00  2.234227e+01  6.304267e+01  1.040508e+02  1.976098e+02 
 1.676675e+00  2.197418e+01  6.208759e+01  1.023018e+02  1.937211e+02 
 1.700047e+00  2.160341e+01  6.107359e+01  1.004687e+02  1.902112e+02 
 1.723745e+00  2.126129e+01  6.002102e+01  9.867257e+01  1.863791e+02 
 1.747773e+00  2.088834e+01  5.898574e+01  9.687444e+01  1.827227e+02 
 1.772136e+00  2.055332e+01  5.797736e+01  9.509658e+01  1.793854e+02 
 1.796838e+00  2.022945e+01  5.699225e+01  9.338144e+01  1.758345e+02 
 1.821885e+00  1.991306e+01  5.600550e+01  9.163134e+01  1.725369e+02 
 1.847281e+00  1.958162e+01  5.512440e+01  9.005240e+01  1.691563e+02 
 1.873032e+00  1.926985e+01  5.410687e+01  8.826480e+01  1.658816e+02 
 1.899141e+00  1.894646e+01  5.313622e+01  8.666790e+01  1.625925e+02 
 1.925614e+00  1.865325e+01  5.224672e+01  8.505778e+01  1.592730e+02 
 1.952456e+00  1.840068e+01  5.136886e+01  8.347891e+01  1.560939e+02 
 1.979672e+00  1.806311e+01  5.048859e+01  8.190558e+01  1.529276e+02 
 2.007267e+00  1.778818e+01  4.956463e+01  8.026297e+01  1.499160e+02 
 2.035248e+00  1.748034e+01  4.865235e+01  7.867824e+01  1.466953e+02 
 2.063618e+00  1.718931e+01  4.774184e+01  7.713226e+01  1.436266e+02 
 2.092383e+00  1.691146e+01  4.686566e+01  7.558551e+01  1.406545e+02 
 2.121550e+00  1.662515e+01  4.598013e+01  7.406006e+01  1.376423e+02 
 2.151123e+00  1.635413e+01  4.513140e+01  7.252639e+01  1.346450e+02 
 2.181109e+00  1.608206e+01  4.426360e+01  7.107908e+01  1.318200e+02 
 2.211512e+00  1.581431e+01  4.340514e+01  6.957821e+01  1.288786e+02 
 2.242340e+00  1.555823e+01  4.260195e+01  6.816758e+01  1.261153e+02 
 2.273597e+00  1.528365e+01  4.178308e+01  6.669611e+01  1.233325e+02 
 2.305289e+00  1.504479e+01  4.096792e+01  6.533122e+01  1.206458e+02 
 2.337424e+00  1.479511e+01  4.015075e+01  6.396125e+01  1.179874e+02 
 2.370006e+00  1.454779e+01  3.937439e+01  6.261613e+01  1.154762e+02 
 2.403043e+00  1.429542e+01  3.860748e+01  6.124667e+01  1.128714e+02 
 2.436540e+00  1.406371e+01  3.785201e+01  5.994794e+01  1.103405e+02 
 2.470504e+00  1.382736e+01  3.710528e+01  5.863769e+01  1.078484e+02 
 2.504942e+00  1.359196e+01  3.637733e+01  5.738363e+01  1.054477e+02 
 2.539859e+00  1.336960e+01  3.562005e+01  5.609296e+01  1.029891e+02 
 2.575263e+00  1.312693e+01  3.487282e+01  5.490222e+01  1.006621e+02 
 2.611161e+00  1.290945e+01  3.415152e+01  5.363238e+01  9.832634e+01 
 2.647559e+00  1.268630e+01  3.342925e+01  5.239525e+01  9.599918e+01 
 2.684465e+00  1.246259e+01  3.274849e+01  5.119867e+01  9.374226e+01 
 2.721885e+00  1.223626e+01  3.202353e+01  5.004327e+01  9.154571e+01 
 2.759826e+00  1.201910e+01  3.132571e+01  4.887240e+01  8.936119e+01 
 2.798297e+00  1.180825e+01  3.066199e+01  4.775693e+01  8.729578e+01 
 2.837304e+00  1.160038e+01  2.999517e+01  4.664163e+01  8.522401e+01 
 2.876854e+00  1.139236e+01  2.933133e+01  4.555474e+01  8.321160e+01 
 2.916956e+00  1.119031e+01  2.870317e+01  4.448779e+01  8.118067e+01 
 2.957617e+00  1.099296e+01  2.807866e+01  4.345852e+01  7.927523e+01 
 2.998844e+00  1.079420e+01  2.746796e+01  4.243284e+01  7.736235e+01 
 3.040646e+00  1.060006e+01  2.685190e+01  4.142816e+01  7.554590e+01 
 3.083031e+00  1.040726e+01  2.625002e+01  4.044376e+01  7.373474e+01 
 3.126007e+00  1.022048e+01  2.566845e+01  3.947273e+01  7.192213e+01 
 3.169582e+00  1.003103e+01  2.506904e+01  3.850458e+01  7.017561e+01 
 3.213764e+00  9.843411e+00  2.449551e+01  3.756605e+01  6.845264e+01 
 3.258562e+00  9.654687e+00  2.393776e+01  3.664293e+01  6.676660e+01 
 3.303985e+00  9.470468e+00  2.336959e+01  3.573872e+01  6.511669e+01 
 3.350041e+00  9.290819e+00  2.281457e+01  3.484665e+01  6.348290e+01 
 3.396739e+00  9.107905e+00  2.227990e+01  3.398482e+01  6.189661e+01 
 3.444087e+00  8.935345e+00  2.173981e+01  3.311992e+01  6.033531e+01 
 3.492096e+00  8.762229e+00  2.122579e+01  3.230348e+01  5.885024e+01 
 3.540774e+00  8.586819e+00  2.072380e+01  3.149683e+01  5.736715e+01 
 3.590130e+00  8.421763e+00  2.022282e+01  3.069864e+01  5.594744e+01 
 3.640175e+00  8.258937e+00  1.973881e+01  2.993763e+01  5.454404e+01 
 3.690917e+00  8.093438e+00  1.926952e+01  2.917361e+01  5.317833e+01 
 3.742366e+00  7.933940e+00  1.879622e+01  2.844048e+01  5.186250e+01 
 3.794533e+00  7.777113e+00  1.834781e+01  2.772632e+01  5.055245e+01 
 3.847427e+00  7.621857e+00  1.789371e+01  2.702365e+01  4.929645e+01 
 3.901058e+00  7.463542e+00  1.745917e+01  2.633400e+01  4.803980e+01 
 3.955436e+00  7.315104e+00  1.702293e+01  2.564976e+01  4.681010e+01 
 4.010573e+00  7.160154e+00  1.659622e+01  2.499332e+01  4.562254e+01 
 4.066478e+00  7.010840e+00  1.617703e+01  2.433911e+01  4.443960e+01 
 4.123163e+00  6.861633e+00  1.577159e+01  2.370247e+01  4.328871e+01 
 4.180637e+00  6.717611e+00  1.537229e+01  2.308491e+01  4.216346e+01 
 4.238913e+00  6.574341e+00  1.497738e+01  2.247777e+01  4.107830e+01 
 4.298001e+00  6.430905e+00  1.459572e+01  2.189150e+01  4.001076e+01 
 4.357913e+00  6.295748e+00  1.422370e+01  2.131692e+01  3.898077e+01 
 4.418660e+00  6.159628e+00  1.386184e+01  2.075953e+01  3.797805e+01 
 4.480254e+00  6.025111e+00  1.350819e+01  2.032524e+01  3.699780e+01 
 4.542706e+00  5.896044e+00  1.316012e+01  1.968482e+01  3.604111e+01 
 4.606029e+00  5.767284e+00  1.282780e+01  1.917367e+01  3.511963e+01 
 4.670234e+00  5.641582e+00  1.249982e+01  1.867878e+01  3.422172e+01 
 4.735335e+00  5.517682e+00  1.218121e+01  1.819050e+01  3.333848e+01 
 4.801343e+00  5.397891e+00  1.187099e+01  1.771505e+01  3.247466e+01 
 4.868271e+00  5.277625e+00  1.156294e+01  1.724808e+01  3.162870e+01 
 4.936132e+00  5.159371e+00  1.126135e+01  1.679237e+01  3.080211e+01 
 5.004939e+00  5.042270e+00  1.096778e+01  1.634605e+01  2.998993e+01 
 5.074705e+00  4.925879e+00  1.067967e+01  1.590874e+01  2.920282e+01 
 5.145444e+00  4.813575e+00  1.039871e+01  1.548282e+01  2.843395e+01 
 5.217169e+00  4.701415e+00  1.012385e+01  1.506659e+01  2.767528e+01 
 5.289893e+00  4.593783e+00  9.857650e+00  1.466896e+01  2.694454e+01 
 5.363631e+00  4.486475e+00  9.598267e+00  1.427398e+01  2.623183e+01 
 5.438397e+00  4.382580e+00  9.345302e+00  1.389387e+01  2.553652e+01 
 5.514206e+00  4.280745e+00  9.099672e+00  1.352466e+01  2.486442e+01 
 5.591071e+00  4.180030e+00  8.862278e+00  1.316418e+01  2.421117e+01 
 5.669007e+00  4.084035e+00  8.629947e+00  1.281820e+01  2.357683e+01 
 5.748030e+00  3.988758e+00  8.405158e+00  1.247960e+01  2.295644e+01 
 5.828155e+00  3.895838e+00  8.186572e+00  1.215116e+01  2.235447e+01 
 5.909396e+00  3.805039e+00  7.973229e+00  1.183057e+01  2.177100e+01 
 5.991770e+00  3.715409e+00  7.764224e+00  1.151774e+01  2.119787e+01 
 6.075292e+00  3.627694e+00  7.561361e+00  1.121259e+01  2.063713e+01 
 6.159978e+00  3.541231e+00  7.362236e+00  1.091390e+01  2.009012e+01 
 6.245845e+00  3.456183e+00  7.167717e+00  1.062245e+01  1.955345e+01 
 6.332908e+00  3.372462e+00  6.976823e+00  1.033739e+01  1.902987e+01 
 6.421186e+00  3.291156e+00  6.791930e+00  1.005887e+01  1.851872e+01 
 6.510694e+00  3.211091e+00  6.611036e+00  9.789309e+00  1.802125e+01 
 6.601449e+00  3.133399e+00  6.436037e+00  9.526337e+00  1.753815e+01 
 6.693470e+00  3.057198e+00  6.264982e+00  9.270269e+00  1.706662e+01 
 6.786773e+00  2.982852e+00  6.099966e+00  9.022045e+00  1.660898e+01 
 6.881377e+00  2.910855e+00  5.939010e+00  8.781655e+00  1.616396e+01 
 6.977300e+00  2.840521e+00  5.783476e+00  8.549033e+00  1.573337e+01 
 7.074559e+00  2.772284e+00  5.631320e+00  8.322033e+00  1.531403e+01 
 7.173175e+00  2.705444e+00  5.485534e+00  8.102486e+00  1.490784e+01 
 7.273165e+00  2.640628e+00  5.343338e+00  7.889334e+00  1.451185e+01 
 7.374549e+00  2.577176e+00  5.204245e+00  7.680972e+00  1.412681e+01 
 7.477346e+00  2.514877e+00  5.069441e+00  7.479295e+00  1.375173e+01 
 7.581576e+00  2.454349e+00  4.936442e+00  7.280744e+00  1.338372e+01 
 7.687260e+00  2.394611e+00  4.807173e+00  7.087159e+00  1.302492e+01 
 7.794416e+00  2.336030e+00  4.680941e+00  6.897295e+00  1.267341e+01 
 7.903066e+00  2.278852e+00  4.557334e+00  6.711796e+00  1.232947e+01 
 8.013230e+00  2.223054e+00  4.437356e+00  6.532711e+00  1.199479e+01 
 8.124930e+00  2.168337e+00  4.320590e+00  6.357429e+00  1.166885e+01 
 8.238187e+00  2.115296e+00  4.206601e+00  6.186688e+00  1.135220e+01 
 8.353023e+00  2.063502e+00  4.096239e+00  6.021442e+00  1.104382e+01 
 8.469460e+00  2.013235e+00  3.989157e+00  5.860863e+00  1.074470e+01 
 8.587519e+00  1.964434e+00  3.884904e+00  5.704953e+00  1.045469e+01 
 8.707225e+00  1.917010e+00  3.783742e+00  5.554019e+00  1.017253e+01 
 8.828599e+00  1.870880e+00  3.686276e+00  5.407131e+00  9.898857e+00 
 8.951665e+00  1.825678e+00  3.591376e+00  5.265018e+00  9.633663e+00 
 9.076446e+00  1.782374e+00  3.499383e+00  5.127240e+00  9.376408e+00 
 9.202967e+00  1.739913e+00  3.409571e+00  4.992880e+00  9.125031e+00 
 9.331251e+00  1.698410e+00  3.321923e+00  4.861640e+00  8.880072e+00 
 9.461324e+00  0.000000e+00  0.000000e+00  0.000000e+00  0.000000e+00 
 9.593209e+00  0.000000e+00  0.000000e+00  0.000000e+00  0.000000e+00 
 9.726934e+00  0.000000e+00  0.000000e+00  0.000000e+00  0.000000e+00 
 9.862522e+00  0.000000e+00  0.000000e+00  0.000000e+00  0.000000e+00 
 1.000000e+01  0.000000e+00  0.000000e+00  0.000000e+00  0.000000e+00 
