 1.000000e-02  5.345455e+03  9.859524e+03  1.340814e+04  2.010255e+04 
 1.013939e-02  5.377048e+03  9.917671e+03  1.348705e+04  2.022050e+04 
 1.028073e-02  5.408257e+03  9.975082e+03  1.356496e+04  2.033698e+04 
 1.042404e-02  5.439055e+03  1.003180e+04  1.364186e+04  2.045190e+04 
 1.056935e-02  5.469429e+03  1.008775e+04  1.371767e+04  2.056521e+04 
 1.071668e-02  5.499360e+03  1.014286e+04  1.379240e+04  2.067680e+04 
 1.086606e-02  5.528833e+03  1.019708e+04  1.386599e+04  2.078661e+04 
 1.101753e-02  5.557826e+03  1.025041e+04  1.393840e+04  2.089460e+04 
 1.117111e-02  5.586333e+03  1.030285e+04  1.400962e+04  2.100071e+04 
 1.132683e-02  5.614335e+03  1.035434e+04  1.407954e+04  2.110488e+04 
 1.148472e-02  5.641797e+03  1.040484e+04  1.414808e+04  2.120704e+04 
 1.164481e-02  5.668694e+03  1.045430e+04  1.421515e+04  2.130710e+04 
 1.180713e-02  5.695021e+03  1.050269e+04  1.428073e+04  2.140496e+04 
 1.197171e-02  5.720740e+03  1.054998e+04  1.434476e+04  2.150052e+04 
 1.213859e-02  5.745853e+03  1.059613e+04  1.440722e+04  2.159368e+04 
 1.230780e-02  5.770354e+03  1.064115e+04  1.446819e+04  2.168455e+04 
 1.247936e-02  5.794223e+03  1.068497e+04  1.452761e+04  2.177303e+04 
 1.265332e-02  5.817399e+03  1.072753e+04  1.458534e+04  2.185893e+04 
 1.282970e-02  5.839870e+03  1.076878e+04  1.464136e+04  2.194220e+04 
 1.300854e-02  5.861640e+03  1.080875e+04  1.469556e+04  2.202275e+04 
 1.318987e-02  5.882686e+03  1.084736e+04  1.474777e+04  2.210040e+04 
 1.337373e-02  5.902973e+03  1.088458e+04  1.479802e+04  2.217512e+04 
 1.356015e-02  5.922485e+03  1.092035e+04  1.484639e+04  2.224696e+04 
 1.374917e-02  5.941199e+03  1.095464e+04  1.489284e+04  2.231585e+04 
 1.394083e-02  5.959096e+03  1.098743e+04  1.493725e+04  2.238168e+04 
 1.413516e-02  5.976161e+03  1.101868e+04  1.497953e+04  2.244440e+04 
 1.433219e-02  5.992372e+03  1.104837e+04  1.501961e+04  2.250388e+04 
 1.453198e-02  6.007705e+03  1.107641e+04  1.505743e+04  2.255989e+04 
 1.473454e-02  6.022140e+03  1.110279e+04  1.509302e+04  2.261243e+04 
 1.493993e-02  6.035663e+03  1.112749e+04  1.512633e+04  2.266159e+04 
 1.514819e-02  6.048360e+03  1.115067e+04  1.515760e+04  2.270773e+04 
 1.535935e-02  6.060146e+03  1.117216e+04  1.518662e+04  2.275037e+04 
 1.557345e-02  6.070942e+03  1.119183e+04  1.521314e+04  2.278920e+04 
 1.579053e-02  6.080737e+03  1.120965e+04  1.523712e+04  2.282424e+04 
 1.601064e-02  6.089528e+03  1.122560e+04  1.525855e+04  2.285559e+04 
 1.623382e-02  6.097282e+03  1.123963e+04  1.527734e+04  2.288316e+04 
 1.646012e-02  6.103970e+03  1.125173e+04  1.529345e+04  2.290661e+04 
 1.668956e-02  6.109588e+03  1.126182e+04  1.530690e+04  2.292581e+04 
 1.692220e-02  6.114110e+03  1.126991e+04  1.531759e+04  2.294081e+04 
 1.715809e-02  6.117514e+03  1.127594e+04  1.532549e+04  2.295166e+04 
 1.739726e-02  6.119802e+03  1.127988e+04  1.533056e+04  2.295832e+04 
 1.763977e-02  6.120942e+03  1.128171e+04  1.533275e+04  2.296080e+04 
 1.788566e-02  6.120927e+03  1.128139e+04  1.533199e+04  2.295893e+04 
 1.813498e-02  6.119734e+03  1.127891e+04  1.532828e+04  2.295252e+04 
 1.838777e-02  6.117348e+03  1.127422e+04  1.532158e+04  2.294146e+04 
 1.864409e-02  6.113749e+03  1.126729e+04  1.531183e+04  2.292583e+04 
 1.890397e-02  6.108935e+03  1.125811e+04  1.529901e+04  2.290573e+04 
 1.916748e-02  6.102882e+03  1.124664e+04  1.528309e+04  2.288108e+04 
 1.943467e-02  6.095570e+03  1.123285e+04  1.526401e+04  2.285159e+04 
 1.970558e-02  6.086995e+03  1.121674e+04  1.524179e+04  2.281720e+04 
 1.998026e-02  6.077171e+03  1.119831e+04  1.521639e+04  2.277804e+04 
 2.025878e-02  6.066073e+03  1.117754e+04  1.518782e+04  2.273417e+04 
 2.054117e-02  6.053705e+03  1.115441e+04  1.515602e+04  2.268557e+04 
 2.082751e-02  6.040048e+03  1.112891e+04  1.512099e+04  2.263214e+04 
 2.111783e-02  6.025093e+03  1.110101e+04  1.508270e+04  2.257373e+04 
 2.141220e-02  6.008917e+03  1.107081e+04  1.504126e+04  2.251037e+04 
 2.171068e-02  5.991971e+03  1.103895e+04  1.499725e+04  2.244248e+04 
 2.201331e-02  5.973739e+03  1.100470e+04  1.494999e+04  2.236977e+04 
 2.232016e-02  5.954210e+03  1.096805e+04  1.489946e+04  2.229222e+04 
 2.263130e-02  5.933397e+03  1.092901e+04  1.484571e+04  2.220988e+04 
 2.294676e-02  5.911308e+03  1.088762e+04  1.478875e+04  2.212272e+04 
 2.326663e-02  5.887912e+03  1.084382e+04  1.472851e+04  2.203057e+04 
 2.359095e-02  5.863226e+03  1.079763e+04  1.466503e+04  2.193353e+04 
 2.391980e-02  5.837298e+03  1.074916e+04  1.459842e+04  2.183177e+04 
 2.425323e-02  5.810124e+03  1.069840e+04  1.452870e+04  2.172532e+04 
 2.459130e-02  5.781691e+03  1.064530e+04  1.445582e+04  2.161414e+04 
 2.493409e-02  5.752029e+03  1.058994e+04  1.437986e+04  2.149838e+04 
 2.528166e-02  5.721166e+03  1.053237e+04  1.430088e+04  2.137812e+04 
 2.563407e-02  5.689109e+03  1.047260e+04  1.421892e+04  2.125337e+04 
 2.599140e-02  5.655886e+03  1.041067e+04  1.413402e+04  2.112423e+04 
 2.635371e-02  5.621513e+03  1.034663e+04  1.404625e+04  2.099080e+04 
 2.672106e-02  5.586016e+03  1.028050e+04  1.395565e+04  2.085317e+04 
 2.709354e-02  5.549424e+03  1.021236e+04  1.386231e+04  2.071142e+04 
 2.747121e-02  5.511765e+03  1.014226e+04  1.376629e+04  2.056568e+04 
 2.785414e-02  5.472999e+03  1.007013e+04  1.366757e+04  2.041592e+04 
 2.824241e-02  5.432880e+03  9.995624e+03  1.356571e+04  2.026171e+04 
 2.863610e-02  5.391811e+03  9.919357e+03  1.346147e+04  2.010397e+04 
 2.903527e-02  5.349810e+03  9.841398e+03  1.335494e+04  1.994279e+04 
 2.944000e-02  5.306927e+03  9.761819e+03  1.324620e+04  1.977831e+04 
 2.985038e-02  5.263212e+03  9.680703e+03  1.313537e+04  1.961071e+04 
 3.026648e-02  5.218716e+03  9.598138e+03  1.302257e+04  1.944019e+04 
 3.068838e-02  5.173474e+03  9.514208e+03  1.290792e+04  1.926693e+04 
 3.111616e-02  5.127531e+03  9.429003e+03  1.279156e+04  1.909109e+04 
 3.154990e-02  5.080937e+03  9.342610e+03  1.267358e+04  1.891288e+04 
 3.198969e-02  5.033761e+03  9.255153e+03  1.255415e+04  1.873253e+04 
 3.243561e-02  4.986067e+03  9.166722e+03  1.243340e+04  1.855023e+04 
 3.288774e-02  4.937894e+03  9.077410e+03  1.231148e+04  1.836618e+04 
 3.334618e-02  4.889304e+03  8.987331e+03  1.218854e+04  1.818061e+04 
 3.381101e-02  4.840340e+03  8.896584e+03  1.206469e+04  1.799372e+04 
 3.428231e-02  4.791071e+03  8.805292e+03  1.194012e+04  1.780574e+04 
 3.476019e-02  4.741504e+03  8.713745e+03  1.181554e+04  1.761890e+04 
 3.524473e-02  4.691762e+03  8.621893e+03  1.169055e+04  1.743147e+04 
 3.573602e-02  4.641900e+03  8.529828e+03  1.156530e+04  1.724367e+04 
 3.623416e-02  4.591981e+03  8.437657e+03  1.143991e+04  1.705572e+04 
 3.673925e-02  4.542074e+03  8.345526e+03  1.131457e+04  1.686782e+04 
 3.725137e-02  4.492242e+03  8.253541e+03  1.118939e+04  1.668021e+04 
 3.777064e-02  4.442543e+03  8.161790e+03  1.106456e+04  1.649312e+04 
 3.829714e-02  4.393037e+03  8.070384e+03  1.094025e+04  1.630678e+04 
 3.883098e-02  4.343785e+03  7.979446e+03  1.081658e+04  1.612142e+04 
 3.937226e-02  4.294847e+03  7.889100e+03  1.069371e+04  1.593727e+04 
 3.992109e-02  4.246292e+03  7.799465e+03  1.057175e+04  1.575454e+04 
 4.047757e-02  4.198142e+03  7.710547e+03  1.045076e+04  1.557314e+04 
 4.104181e-02  4.150197e+03  7.621359e+03  1.032866e+04  1.538801e+04 
 4.161391e-02  4.102784e+03  7.533158e+03  1.020791e+04  1.520494e+04 
 4.219398e-02  4.055954e+03  7.446045e+03  1.008867e+04  1.502411e+04 
 4.278214e-02  4.009767e+03  7.360098e+03  9.971024e+03  1.484569e+04 
 4.337850e-02  3.964246e+03  7.275400e+03  9.855070e+03  1.466984e+04 
 4.398317e-02  3.919440e+03  7.192004e+03  9.740896e+03  1.449668e+04 
 4.459628e-02  3.875377e+03  7.109982e+03  9.628587e+03  1.432635e+04 
 4.521792e-02  3.832076e+03  7.029389e+03  9.518224e+03  1.415895e+04 
 4.584824e-02  3.789572e+03  6.950270e+03  9.409870e+03  1.399457e+04 
 4.648734e-02  3.747890e+03  6.872663e+03  9.303594e+03  1.383329e+04 
 4.713535e-02  3.707288e+03  6.797931e+03  9.202179e+03  1.368182e+04 
 4.779239e-02  3.667678e+03  6.725558e+03  9.104508e+03  1.353753e+04 
 4.845859e-02  3.628914e+03  6.654726e+03  9.008911e+03  1.339635e+04 
 4.913407e-02  3.590984e+03  6.585424e+03  8.915393e+03  1.325825e+04 
 4.981898e-02  3.553877e+03  6.517653e+03  8.823947e+03  1.312322e+04 
 5.051342e-02  3.517584e+03  6.451374e+03  8.734534e+03  1.299118e+04 
 5.121755e-02  3.482093e+03  6.386562e+03  8.647095e+03  1.286206e+04 
 5.193150e-02  3.447378e+03  6.323151e+03  8.561543e+03  1.273579e+04 
 5.265540e-02  3.413387e+03  6.261066e+03  8.477779e+03  1.261218e+04 
 5.338938e-02  3.379794e+03  6.199204e+03  8.393770e+03  1.248671e+04 
 5.413360e-02  3.346519e+03  6.137298e+03  8.309066e+03  1.235840e+04 
 5.488820e-02  3.313869e+03  6.076533e+03  8.225915e+03  1.223242e+04 
 5.565331e-02  3.281751e+03  6.016750e+03  8.144080e+03  1.210840e+04 
 5.642908e-02  3.249996e+03  5.957637e+03  8.063160e+03  1.198574e+04 
 5.721568e-02  3.218525e+03  5.899052e+03  7.982955e+03  1.186416e+04 
 5.801323e-02  3.187565e+03  5.841408e+03  7.904032e+03  1.174450e+04 
 5.882190e-02  3.157382e+03  5.785175e+03  7.827033e+03  1.162770e+04 
 5.964185e-02  3.127916e+03  5.730668e+03  7.752794e+03  1.151616e+04 
 6.047322e-02  3.098918e+03  5.678139e+03  7.682400e+03  1.141360e+04 
 6.131619e-02  3.069305e+03  5.624481e+03  7.610482e+03  1.130877e+04 
 6.217090e-02  3.039164e+03  5.569866e+03  7.537261e+03  1.120201e+04 
 6.303753e-02  3.008662e+03  5.514587e+03  7.463138e+03  1.109389e+04 
 6.391624e-02  2.977910e+03  5.458845e+03  7.388390e+03  1.098484e+04 
 6.480720e-02  2.946796e+03  5.402435e+03  7.312733e+03  1.087440e+04 
 6.571058e-02  2.915140e+03  5.345036e+03  7.235732e+03  1.076197e+04 
 6.662655e-02  2.881434e+03  5.281668e+03  7.148299e+03  1.062738e+04 
 6.755528e-02  2.846922e+03  5.216763e+03  7.058736e+03  1.048946e+04 
 6.849697e-02  2.811596e+03  5.150391e+03  6.967195e+03  1.034865e+04 
 6.945178e-02  2.775399e+03  5.082456e+03  6.873549e+03  1.020477e+04 
 7.041990e-02  2.738290e+03  5.012866e+03  6.777688e+03  1.005766e+04 
 7.140151e-02  2.700208e+03  4.941536e+03  6.679499e+03  9.907181e+03 
 7.239681e-02  2.661376e+03  4.869107e+03  6.580217e+03  9.756363e+03 
 7.340598e-02  2.621826e+03  4.795714e+03  6.480069e+03  9.605781e+03 
 7.442922e-02  2.581255e+03  4.720477e+03  6.377433e+03  9.451570e+03 
 7.546673e-02  2.539692e+03  4.643432e+03  6.272362e+03  9.293809e+03 
 7.651869e-02  2.497169e+03  4.564658e+03  6.164975e+03  9.132660e+03 
 7.758532e-02  2.453736e+03  4.484250e+03  6.055411e+03  8.968318e+03 
 7.866682e-02  2.410437e+03  4.405446e+03  5.949379e+03  8.812548e+03 
 7.976339e-02  2.367956e+03  4.330333e+03  5.850488e+03  8.672745e+03 
 8.087525e-02  2.324783e+03  4.253885e+03  5.749732e+03  8.530047e+03 
 8.200261e-02  2.281036e+03  4.176328e+03  5.647414e+03  8.384871e+03 
 8.314568e-02  2.236841e+03  4.097904e+03  5.543864e+03  8.237683e+03 
 8.430468e-02  2.192352e+03  4.018888e+03  5.439438e+03  8.089018e+03 
 8.547985e-02  2.146690e+03  3.936110e+03  5.328399e+03  7.926933e+03 
 8.667139e-02  2.100614e+03  3.851812e+03  5.214593e+03  7.759050e+03 
 8.787954e-02  2.054806e+03  3.768000e+03  5.101443e+03  7.592105e+03 
 8.910453e-02  2.009456e+03  3.685008e+03  4.989415e+03  7.426779e+03 
 9.034660e-02  1.964739e+03  3.603175e+03  4.878945e+03  7.263720e+03 
 9.160598e-02  1.921613e+03  3.525331e+03  4.774801e+03  7.112199e+03 
 9.288292e-02  1.880164e+03  3.451491e+03  4.676916e+03  6.971872e+03 
 9.417766e-02  1.839826e+03  3.379591e+03  4.581626e+03  6.835236e+03 
 9.549045e-02  1.800742e+03  3.309913e+03  4.489286e+03  6.702841e+03 
 9.682153e-02  1.763033e+03  3.242737e+03  4.400225e+03  6.575194e+03 
 9.817117e-02  1.727175e+03  3.179430e+03  4.316819e+03  6.457075e+03 
 9.953962e-02  1.693043e+03  3.119383e+03  4.237997e+03  6.346057e+03 
 1.009272e-01  1.660578e+03  3.062296e+03  4.163165e+03  6.240786e+03 
 1.023340e-01  1.629818e+03  3.008298e+03  4.092434e+03  6.141468e+03 
 1.037605e-01  1.600028e+03  2.955128e+03  4.021911e+03  6.040491e+03 
 1.052069e-01  1.569139e+03  2.896469e+03  3.940837e+03  5.916777e+03 
 1.066734e-01  1.539987e+03  2.841038e+03  3.864195e+03  5.799763e+03 
 1.081604e-01  1.512506e+03  2.788738e+03  3.791843e+03  5.689184e+03 
 1.096681e-01  1.486580e+03  2.739351e+03  3.723469e+03  5.584595e+03 
 1.111968e-01  1.462606e+03  2.694197e+03  3.661205e+03  5.489322e+03 
 1.127468e-01  1.439890e+03  2.651396e+03  3.602164e+03  5.398929e+03 
 1.143184e-01  1.418221e+03  2.610516e+03  3.545763e+03  5.312497e+03 
 1.159120e-01  1.397408e+03  2.571216e+03  3.491521e+03  5.229315e+03 
 1.175277e-01  1.378424e+03  2.536625e+03  3.444823e+03  5.159830e+03 
 1.191660e-01  1.359902e+03  2.503019e+03  3.399545e+03  5.092684e+03 
 1.208271e-01  1.341518e+03  2.469657e+03  3.354607e+03  5.026027e+03 
 1.225114e-01  1.323025e+03  2.436022e+03  3.309361e+03  4.958984e+03 
 1.242191e-01  1.303858e+03  2.401022e+03  3.262341e+03  4.890366e+03 
 1.259506e-01  1.284171e+03  2.365106e+03  3.214026e+03  4.819798e+03 
 1.277063e-01  1.263800e+03  2.327885e+03  3.163976e+03  4.746559e+03 
 1.294865e-01  1.242921e+03  2.289843e+03  3.112719e+03  4.670816e+03 
 1.312915e-01  1.221475e+03  2.250919e+03  3.060130e+03  4.592289e+03 
 1.331216e-01  1.199008e+03  2.210108e+03  3.005002e+03  4.509876e+03 
 1.349772e-01  1.175556e+03  2.167503e+03  2.947490e+03  4.424063e+03 
 1.368587e-01  1.152418e+03  2.127681e+03  2.896292e+03  4.355304e+03 
 1.387665e-01  1.128348e+03  2.086077e+03  2.842601e+03  4.282457e+03 
 1.407008e-01  1.103469e+03  2.042892e+03  2.786686e+03  4.205984e+03 
 1.426621e-01  1.078753e+03  1.999979e+03  2.730587e+03  4.126567e+03 
 1.446507e-01  1.053869e+03  1.956691e+03  2.673703e+03  4.044972e+03 
 1.466671e-01  1.028792e+03  1.912945e+03  2.616112e+03  3.962091e+03 
 1.487115e-01  1.001324e+03  1.862497e+03  2.547862e+03  3.860999e+03 
 1.507845e-01  9.726125e+02  1.808238e+03  2.473395e+03  3.749149e+03 
 1.528864e-01  9.446687e+02  1.755445e+03  2.400987e+03  3.640270e+03 
 1.550175e-01  9.199845e+02  1.711070e+03  2.341938e+03  3.554968e+03 
 1.571784e-01  8.980109e+02  1.673352e+03  2.293147e+03  3.487484e+03 
 1.593694e-01  8.772576e+02  1.637802e+03  2.247165e+03  3.424018e+03 
 1.615909e-01  8.585356e+02  1.606376e+03  2.207093e+03  3.369646e+03 
 1.638434e-01  8.414973e+02  1.578185e+03  2.171452e+03  3.321953e+03 
 1.661273e-01  8.258715e+02  1.552529e+03  2.139175e+03  3.279178e+03 
 1.684430e-01  8.079240e+02  1.519455e+03  2.094722e+03  3.214974e+03 
 1.707910e-01  7.908798e+02  1.487683e+03  2.051769e+03  3.152672e+03 
 1.731717e-01  7.757295e+02  1.459941e+03  2.014615e+03  3.099270e+03 
 1.755856e-01  7.643022e+02  1.441190e+03  1.990881e+03  3.066638e+03 
 1.780332e-01  7.535690e+02  1.423677e+03  1.968752e+03  3.036446e+03 
 1.805149e-01  7.412218e+02  1.400485e+03  1.936570e+03  2.986449e+03 
 1.830312e-01  7.278545e+02  1.373807e+03  1.898244e+03  2.924455e+03 
 1.855825e-01  7.145870e+02  1.347685e+03  1.861129e+03  2.865301e+03 
 1.881694e-01  7.017492e+02  1.324490e+03  1.830451e+03  2.821804e+03 
 1.907924e-01  6.884610e+02  1.300430e+03  1.798574e+03  2.776327e+03 
 1.934520e-01  6.738287e+02  1.273363e+03  1.762456e+03  2.725212e+03 
 1.961486e-01  6.583063e+02  1.244453e+03  1.723696e+03  2.670286e+03 
 1.988828e-01  6.435514e+02  1.217808e+03  1.688296e+03  2.619867e+03 
 2.016551e-01  6.302429e+02  1.195051e+03  1.658566e+03  2.577334e+03 
 2.044661e-01  6.161489e+02  1.170393e+03  1.625883e+03  2.529733e+03 
 2.073162e-01  6.002880e+02  1.140294e+03  1.584002e+03  2.465429e+03 
 2.102061e-01  5.843325e+02  1.110010e+03  1.541873e+03  2.400667e+03 
 2.131362e-01  5.731349e+02  1.093829e+03  1.522763e+03  2.375386e+03 
 2.161073e-01  5.624081e+02  1.078645e+03  1.505106e+03  2.352428e+03 
 2.191197e-01  5.483624e+02  1.054420e+03  1.474074e+03  2.311397e+03 
 2.221741e-01  5.341935e+02  1.029276e+03  1.441496e+03  2.268378e+03 
 2.252711e-01  5.216499e+02  1.007886e+03  1.414438e+03  2.233063e+03 
 2.284112e-01  5.102942e+02  9.889213e+02  1.390786e+03  2.202625e+03 
 2.315951e-01  5.005635e+02  9.719915e+02  1.368108e+03  2.168046e+03 
 2.348235e-01  4.919116e+02  9.567290e+02  1.347101e+03  2.134134e+03 
 2.380968e-01  4.815177e+02  9.366716e+02  1.319197e+03  2.091899e+03 
 2.414157e-01  4.710798e+02  9.161668e+02  1.290618e+03  2.049219e+03 
 2.447809e-01  4.604818e+02  8.960113e+02  1.263219e+03  2.008501e+03 
 2.481930e-01  4.501641e+02  8.765228e+02  1.236815e+03  1.969259e+03 
 2.516527e-01  4.440006e+02  8.666445e+02  1.223890e+03  1.949907e+03 
 2.551606e-01  4.364230e+02  8.534419e+02  1.206232e+03  1.923795e+03 
 2.587174e-01  4.248190e+02  8.306995e+02  1.175045e+03  1.878730e+03 
 2.623238e-01  4.149983e+02  8.127279e+02  1.150997e+03  1.844392e+03 
 2.659804e-01  4.071119e+02  7.999151e+02  1.134667e+03  1.821658e+03 
 2.696881e-01  3.966687e+02  7.808298e+02  1.108967e+03  1.782999e+03 
 2.734474e-01  3.855784e+02  7.601308e+02  1.080861e+03  1.740317e+03 
 2.772591e-01  3.774327e+02  7.468436e+02  1.064459e+03  1.719695e+03 
 2.811239e-01  3.688625e+02  7.319755e+02  1.045769e+03  1.697192e+03 
 2.850426e-01  3.598035e+02  7.151677e+02  1.024314e+03  1.672849e+03 
 2.890160e-01  3.519534e+02  7.019706e+02  1.007428e+03  1.648626e+03 
 2.930447e-01  3.447281e+02  6.895877e+02  9.907783e+02  1.622132e+03 
 2.971296e-01  3.378696e+02  6.758591e+02  9.698649e+02  1.586006e+03 
 3.012714e-01  3.317013e+02  6.654297e+02  9.561378e+02  1.565686e+03 
 3.054710e-01  3.255399e+02  6.555490e+02  9.441625e+02  1.550329e+03 
 3.097291e-01  3.178933e+02  6.418982e+02  9.268022e+02  1.528176e+03 
 3.140465e-01  3.108660e+02  6.277556e+02  9.063855e+02  1.494491e+03 
 3.184242e-01  3.046102e+02  6.152932e+02  8.882813e+02  1.464227e+03 
 3.228628e-01  2.997019e+02  6.075037e+02  8.788453e+02  1.453383e+03 
 3.273634e-01  2.923320e+02  5.927153e+02  8.576568e+02  1.419596e+03 
 3.319266e-01  2.847292e+02  5.780297e+02  8.374776e+02  1.389501e+03 
 3.365535e-01  2.775959e+02  5.654528e+02  8.215164e+02  1.368665e+03 
 3.412449e-01  2.727802e+02  5.589767e+02  8.135686e+02  1.355451e+03 
 3.460016e-01  2.674958e+02  5.503054e+02  8.022952e+02  1.339309e+03 
 3.508247e-01  2.623844e+02  5.411509e+02  7.900880e+02  1.321696e+03 
 3.557150e-01  2.574891e+02  5.320187e+02  7.777853e+02  1.303332e+03 
 3.606735e-01  2.518582e+02  5.220205e+02  7.647077e+02  1.284807e+03 
 3.657011e-01  2.449996e+02  5.091732e+02  7.474152e+02  1.261658e+03 
 3.707988e-01  2.396270e+02  4.990507e+02  7.338065e+02  1.241744e+03 
 3.759675e-01  2.347153e+02  4.898214e+02  7.213027e+02  1.223421e+03 
 3.812083e-01  2.295155e+02  4.805097e+02  7.087986e+02  1.205663e+03 
 3.865221e-01  2.250262e+02  4.738608e+02  7.007590e+02  1.191187e+03 
 3.919100e-01  2.205048e+02  4.632994e+02  6.848501e+02  1.170417e+03 
 3.973730e-01  2.152246e+02  4.547646e+02  6.742563e+02  1.153412e+03 
 4.029122e-01  2.111335e+02  4.483133e+02  6.651533e+02  1.136187e+03 
 4.085286e-01  2.069394e+02  4.391818e+02  6.521776e+02  1.117862e+03 
 4.142232e-01  2.018148e+02  4.287516e+02  6.386536e+02  1.101745e+03 
 4.199973e-01  1.969148e+02  4.204148e+02  6.281841e+02  1.086354e+03 
 4.258518e-01  1.931170e+02  4.132954e+02  6.179303e+02  1.068163e+03 
 4.317880e-01  1.891217e+02  4.053068e+02  6.061278e+02  1.050710e+03 
 4.378069e-01  1.856748e+02  3.986057e+02  5.967058e+02  1.035017e+03 
 4.439097e-01  1.827970e+02  3.942394e+02  5.916546e+02  1.031481e+03 
 4.500975e-01  1.780231e+02  3.853823e+02  5.794751e+02  1.013253e+03 
 4.563716e-01  1.739873e+02  3.771487e+02  5.674620e+02  9.914776e+02 
 4.627332e-01  1.714253e+02  3.736388e+02  5.637667e+02  9.880558e+02 
 4.691835e-01  1.671815e+02  3.651195e+02  5.513237e+02  9.667080e+02 
 4.757236e-01  1.641005e+02  3.592230e+02  5.435231e+02  9.552396e+02 
 4.823549e-01  1.599508e+02  3.506322e+02  5.316686e+02  9.402850e+02 
 4.890787e-01  1.567235e+02  3.443882e+02  5.231022e+02  9.265055e+02 
 4.958962e-01  1.543528e+02  3.397286e+02  5.157473e+02  9.128250e+02 
 5.028087e-01  1.511629e+02  3.341736e+02  5.082639e+02  9.022125e+02 
 5.098176e-01  1.485584e+02  3.294179e+02  5.011051e+02  8.874781e+02 
 5.169242e-01  1.461811e+02  3.249687e+02  4.952905e+02  8.798283e+02 
 5.241298e-01  1.415708e+02  3.171762e+02  4.858380e+02  8.685897e+02 
 5.314359e-01  1.391883e+02  3.133593e+02  4.804470e+02  8.599864e+02 
 5.388438e-01  1.364161e+02  3.071317e+02  4.711848e+02  8.462568e+02 
 5.463550e-01  1.341265e+02  3.024984e+02  4.641536e+02  8.347274e+02 
 5.539709e-01  1.307402e+02  2.967255e+02  4.567839e+02  8.227945e+02 
 5.616930e-01  1.285684e+02  2.924256e+02  4.506119e+02  8.131815e+02 
 5.695227e-01  1.261622e+02  2.886750e+02  4.459576e+02  8.024121e+02 
 5.774615e-01  1.234133e+02  2.822534e+02  4.366397e+02  7.896367e+02 
 5.855110e-01  1.213133e+02  2.781737e+02  4.301024e+02  7.790590e+02 
 5.936727e-01  1.186658e+02  2.719912e+02  4.218948e+02  7.669610e+02 
 6.019482e-01  1.168189e+02  2.692483e+02  4.170975e+02  7.580624e+02 
 6.103390e-01  1.141845e+02  2.647840e+02  4.111309e+02  7.468856e+02 
 6.188468e-01  1.117080e+02  2.609007e+02  4.080093e+02  7.443468e+02 
 6.274732e-01  1.100083e+02  2.563987e+02  4.002674e+02  7.323712e+02 
 6.362198e-01  1.079476e+02  2.525661e+02  3.942451e+02  7.207288e+02 
 6.450884e-01  1.055458e+02  2.484101e+02  3.885791e+02  7.107291e+02 
 6.540806e-01  1.034540e+02  2.433727e+02  3.809900e+02  7.003307e+02 
 6.631981e-01  1.013091e+02  2.402484e+02  3.776373e+02  6.931621e+02 
 6.724427e-01  9.949971e+01  2.362283e+02  3.722105e+02  6.870910e+02 
 6.818162e-01  9.749848e+01  2.321600e+02  3.647679e+02  6.736433e+02 
 6.913204e-01  9.551334e+01  2.282261e+02  3.597552e+02  6.648917e+02 
 7.009570e-01  9.424247e+01  2.250186e+02  3.551345e+02  6.564865e+02 
 7.107280e-01  9.195732e+01  2.214477e+02  3.498982e+02  6.464500e+02 
 7.206351e-01  9.064479e+01  2.183216e+02  3.457784e+02  6.414190e+02 
 7.306804e-01  8.890368e+01  2.151278e+02  3.404172e+02  6.303178e+02 
 7.408657e-01  8.702813e+01  2.111277e+02  3.346063e+02  6.223393e+02 
 7.511929e-01  8.527690e+01  2.075462e+02  3.300535e+02  6.139634e+02 
 7.616642e-01  8.368710e+01  2.040333e+02  3.251383e+02  6.066632e+02 
 7.722814e-01  8.267890e+01  2.019512e+02  3.213371e+02  5.974317e+02 
 7.830465e-01  8.101604e+01  1.983545e+02  3.163436e+02  5.896122e+02 
 7.939618e-01  7.958901e+01  1.958808e+02  3.123697e+02  5.844817e+02 
 8.050292e-01  7.793554e+01  1.925228e+02  3.084055e+02  5.767586e+02 
 8.162509e-01  7.669666e+01  1.897981e+02  3.031760e+02  5.668995e+02 
 8.276289e-01  7.491413e+01  1.863291e+02  2.987733e+02  5.599914e+02 
 8.391656e-01  7.410438e+01  1.843137e+02  2.949160e+02  5.543902e+02 
 8.508632e-01  7.280401e+01  1.812407e+02  2.909667e+02  5.468637e+02 
 8.627237e-01  7.131474e+01  1.786017e+02  2.868228e+02  5.383772e+02 
 8.747496e-01  7.007783e+01  1.758233e+02  2.828283e+02  5.315290e+02 
 8.869432e-01  6.893863e+01  1.733564e+02  2.789948e+02  5.243171e+02 
 8.993067e-01  6.765458e+01  1.707149e+02  2.749259e+02  5.171026e+02 
 9.118425e-01  6.662285e+01  1.679405e+02  2.704705e+02  5.080690e+02 
 9.245531e-01  6.524246e+01  1.651792e+02  2.663017e+02  5.024709e+02 
 9.374409e-01  6.409262e+01  1.628206e+02  2.630380e+02  4.956861e+02 
 9.505083e-01  6.309565e+01  1.603842e+02  2.592946e+02  4.884227e+02 
 9.637579e-01  6.179938e+01  1.573703e+02  2.548701e+02  4.817631e+02 
 9.771921e-01  6.109105e+01  1.564665e+02  2.522470e+02  4.749106e+02 
 9.908137e-01  5.996908e+01  1.536872e+02  2.484899e+02  4.690025e+02 
 1.004625e+00  5.887774e+01  1.508891e+02  2.441220e+02  4.607716e+02 
 1.018629e+00  5.791709e+01  1.488809e+02  2.407690e+02  4.540481e+02 
 1.032828e+00  5.689339e+01  1.466924e+02  2.378042e+02  4.495312e+02 
 1.047225e+00  5.587960e+01  1.446847e+02  2.340010e+02  4.418220e+02 
 1.061823e+00  5.506603e+01  1.427401e+02  2.307894e+02  4.350555e+02 
 1.076624e+00  5.409746e+01  1.405313e+02  2.273640e+02  4.285377e+02 
 1.091632e+00  5.320068e+01  1.384002e+02  2.241560e+02  4.217905e+02 
 1.106848e+00  5.224739e+01  1.360815e+02  2.208201e+02  4.160468e+02 
 1.122277e+00  5.138863e+01  1.342259e+02  2.172881e+02  4.093391e+02 
 1.137921e+00  5.050468e+01  1.319963e+02  2.140470e+02  4.030728e+02 
 1.153783e+00  4.975890e+01  1.299696e+02  2.107636e+02  3.971684e+02 
 1.169866e+00  4.886180e+01  1.280346e+02  2.074342e+02  3.912945e+02 
 1.186174e+00  4.802261e+01  1.262255e+02  2.044534e+02  3.850574e+02 
 1.202708e+00  4.730368e+01  1.242836e+02  2.013042e+02  3.788037e+02 
 1.219473e+00  4.652235e+01  1.224437e+02  1.983449e+02  3.723891e+02 
 1.236472e+00  4.573458e+01  1.206427e+02  1.954546e+02  3.665804e+02 
 1.253708e+00  4.502764e+01  1.187149e+02  1.923068e+02  3.612635e+02 
 1.271184e+00  4.429445e+01  1.173933e+02  1.897856e+02  3.551833e+02 
 1.288904e+00  4.358271e+01  1.151415e+02  1.865376e+02  3.501096e+02 
 1.306870e+00  4.281640e+01  1.134273e+02  1.836055e+02  3.441231e+02 
 1.325087e+00  4.219866e+01  1.117556e+02  1.807762e+02  3.382145e+02 
 1.343558e+00  4.152742e+01  1.099945e+02  1.778795e+02  3.326160e+02 
 1.362287e+00  4.091407e+01  1.082189e+02  1.748261e+02  3.271922e+02 
 1.381276e+00  4.024890e+01  1.065460e+02  1.718447e+02  3.217887e+02 
 1.400531e+00  3.961370e+01  1.048848e+02  1.691414e+02  3.157779e+02 
 1.420053e+00  3.894290e+01  1.031590e+02  1.664466e+02  3.101839e+02 
 1.439848e+00  3.833570e+01  1.015777e+02  1.635277e+02  3.049323e+02 
 1.459919e+00  3.766114e+01  9.988819e+01  1.607286e+02  2.991955e+02 
 1.480269e+00  3.713161e+01  9.814283e+01  1.579366e+02  2.934034e+02 
 1.500903e+00  3.651215e+01  9.657655e+01  1.551502e+02  2.887988e+02 
 1.521825e+00  3.592278e+01  9.514216e+01  1.526695e+02  2.832148e+02 
 1.543038e+00  3.532662e+01  9.354477e+01  1.501172e+02  2.782925e+02 
 1.564548e+00  3.481198e+01  9.198041e+01  1.474390e+02  2.730512e+02 
 1.586357e+00  3.426175e+01  9.057621e+01  1.449064e+02  2.679723e+02 
 1.608469e+00  3.369436e+01  8.913114e+01  1.423977e+02  2.632868e+02 
 1.630891e+00  3.325960e+01  8.750611e+01  1.397106e+02  2.580530e+02 
 1.653624e+00  3.268662e+01  8.602996e+01  1.373911e+02  2.535838e+02 
 1.676675e+00  3.217573e+01  8.474818e+01  1.349969e+02  2.485041e+02 
 1.700047e+00  3.164315e+01  8.328069e+01  1.325192e+02  2.438343e+02 
 1.723745e+00  3.114156e+01  8.182758e+01  1.300562e+02  2.387850e+02 
 1.747773e+00  3.061951e+01  8.037295e+01  1.276418e+02  2.340801e+02 
 1.772136e+00  3.013591e+01  7.893863e+01  1.251693e+02  2.296426e+02 
 1.796838e+00  2.966822e+01  7.756059e+01  1.228669e+02  2.249282e+02 
 1.821885e+00  2.919575e+01  7.616105e+01  1.204755e+02  2.204750e+02 
 1.847281e+00  2.873943e+01  7.491477e+01  1.182625e+02  2.160448e+02 
 1.873032e+00  2.827421e+01  7.345679e+01  1.158113e+02  2.117830e+02 
 1.899141e+00  2.779602e+01  7.209724e+01  1.136397e+02  2.073864e+02 
 1.925614e+00  2.736607e+01  7.082983e+01  1.114562e+02  2.030438e+02 
 1.952456e+00  2.700274e+01  6.958226e+01  1.092727e+02  1.988259e+02 
 1.979672e+00  2.650902e+01  6.835744e+01  1.071333e+02  1.947337e+02 
 2.007267e+00  2.612028e+01  6.704582e+01  1.048883e+02  1.908821e+02 
 2.035248e+00  2.566055e+01  6.579440e+01  1.027956e+02  1.867475e+02 
 2.063618e+00  2.525016e+01  6.454369e+01  1.007954e+02  1.827840e+02 
 2.092383e+00  2.484575e+01  6.334573e+01  9.870640e+01  1.789644e+02 
 2.121550e+00  2.442714e+01  6.209780e+01  9.665385e+01  1.750218e+02 
 2.151123e+00  2.403142e+01  6.090303e+01  9.460621e+01  1.711598e+02 
 2.181109e+00  2.362915e+01  5.970014e+01  9.266439e+01  1.674834e+02 
 2.211512e+00  2.323411e+01  5.849357e+01  9.065675e+01  1.636825e+02 
 2.242340e+00  2.285307e+01  5.734561e+01  8.872567e+01  1.600746e+02 
 2.273597e+00  2.244169e+01  5.618268e+01  8.674204e+01  1.564683e+02 
 2.305289e+00  2.208675e+01  5.504301e+01  8.490959e+01  1.529790e+02 
 2.337424e+00  2.170377e+01  5.390680e+01  8.302692e+01  1.495061e+02 
 2.370006e+00  2.133561e+01  5.281105e+01  8.124406e+01  1.462724e+02 
 2.403043e+00  2.096013e+01  5.172266e+01  7.941619e+01  1.428901e+02 
 2.436540e+00  2.061052e+01  5.066496e+01  7.766746e+01  1.396305e+02 
 2.470504e+00  2.025746e+01  4.963530e+01  7.594235e+01  1.364482e+02 
 2.504942e+00  1.990850e+01  4.861975e+01  7.426859e+01  1.333746e+02 
 2.539859e+00  1.957963e+01  4.758985e+01  7.259868e+01  1.302863e+02 
 2.575263e+00  1.922869e+01  4.657891e+01  7.102307e+01  1.273211e+02 
 2.611161e+00  1.890236e+01  4.558359e+01  6.935243e+01  1.243586e+02 
 2.647559e+00  1.856739e+01  4.458846e+01  6.774405e+01  1.214304e+02 
 2.684465e+00  1.823914e+01  4.364502e+01  6.615331e+01  1.185522e+02 
 2.721885e+00  1.789620e+01  4.265216e+01  6.463007e+01  1.157270e+02 
 2.759826e+00  1.757084e+01  4.168303e+01  6.309630e+01  1.129489e+02 
 2.798297e+00  1.724836e+01  4.077717e+01  6.160377e+01  1.103051e+02 
 2.837304e+00  1.693104e+01  3.984584e+01  6.013614e+01  1.076291e+02 
 2.876854e+00  1.661693e+01  3.893095e+01  5.870049e+01  1.050534e+02 
 2.916956e+00  1.630961e+01  3.805875e+01  5.729263e+01  1.025001e+02 
 2.957617e+00  1.600997e+01  3.720242e+01  5.593332e+01  1.000465e+02 
 2.998844e+00  1.570778e+01  3.635977e+01  5.458514e+01  9.760992e+01 
 3.040646e+00  1.541529e+01  3.552500e+01  5.328099e+01  9.530203e+01 
 3.083031e+00  1.512512e+01  3.471375e+01  5.200026e+01  9.300140e+01 
 3.126007e+00  1.484717e+01  3.392067e+01  5.074397e+01  9.075895e+01 
 3.169582e+00  1.456407e+01  3.312304e+01  4.951165e+01  8.856541e+01 
 3.213764e+00  1.428695e+01  3.235749e+01  4.830567e+01  8.641407e+01 
 3.258562e+00  1.400650e+01  3.161203e+01  4.711767e+01  8.430134e+01 
 3.303985e+00  1.373179e+01  3.084923e+01  4.596333e+01  8.223114e+01 
 3.350041e+00  1.346443e+01  3.010415e+01  4.479890e+01  8.017457e+01 
 3.396739e+00  1.318704e+01  2.938296e+01  4.368892e+01  7.818839e+01 
 3.444087e+00  1.292592e+01  2.865782e+01  4.258409e+01  7.621337e+01 
 3.492096e+00  1.266483e+01  2.796542e+01  4.151711e+01  7.432290e+01 
 3.540774e+00  1.240467e+01  2.729079e+01  4.047739e+01  7.245719e+01 
 3.590130e+00  1.215193e+01  2.661740e+01  3.944237e+01  7.065569e+01 
 3.640175e+00  1.190627e+01  2.596482e+01  3.845573e+01  6.887534e+01 
 3.690917e+00  1.165537e+01  2.533646e+01  3.747598e+01  6.715666e+01 
 3.742366e+00  1.141469e+01  2.470290e+01  3.653187e+01  6.549490e+01 
 3.794533e+00  1.118080e+01  2.410676e+01  3.561328e+01  6.384693e+01 
 3.847427e+00  1.094924e+01  2.350536e+01  3.471933e+01  6.227217e+01 
 3.901058e+00  1.071636e+01  2.293422e+01  3.384584e+01  6.071293e+01 
 3.955436e+00  1.049732e+01  2.236830e+01  3.298597e+01  5.919770e+01 
 4.010573e+00  1.027201e+01  2.181009e+01  3.215384e+01  5.772199e+01 
 4.066478e+00  1.005187e+01  2.126667e+01  3.132892e+01  5.625502e+01 
 4.123163e+00  9.833531e+00  2.073296e+01  3.052342e+01  5.482813e+01 
 4.180637e+00  9.620610e+00  2.020986e+01  2.973552e+01  5.342226e+01 
 4.238913e+00  9.407590e+00  1.969077e+01  2.896468e+01  5.206610e+01 
 4.298001e+00  9.195739e+00  1.918979e+01  2.821539e+01  5.072478e+01 
 4.357913e+00  8.995963e+00  1.870134e+01  2.748764e+01  4.943247e+01 
 4.418660e+00  8.792903e+00  1.822357e+01  2.677089e+01  4.817114e+01 
 4.480254e+00  8.594163e+00  1.775682e+01  2.607499e+01  4.693323e+01 
 4.542706e+00  8.401479e+00  1.729895e+01  2.539517e+01  4.572639e+01 
 4.606029e+00  8.212093e+00  1.686221e+01  2.474109e+01  4.456520e+01 
 4.670234e+00  8.026390e+00  1.643175e+01  2.410817e+01  4.343666e+01 
 4.735335e+00  7.845665e+00  1.601378e+01  2.348619e+01  4.232972e+01 
 4.801343e+00  7.670364e+00  1.561079e+01  2.288521e+01  4.124654e+01 
 4.868271e+00  7.496263e+00  1.521380e+01  2.229623e+01  4.019915e+01 
 4.936132e+00  7.326174e+00  1.482579e+01  2.172560e+01  3.917775e+01 
 5.004939e+00  7.158208e+00  1.444906e+01  2.116544e+01  3.817690e+01 
 5.074705e+00  6.991930e+00  1.407716e+01  2.061603e+01  3.719766e+01 
 5.145444e+00  6.829020e+00  1.371585e+01  2.007863e+01  3.624022e+01 
 5.217169e+00  6.667906e+00  1.335834e+01  1.955427e+01  3.529624e+01 
 5.289893e+00  6.511835e+00  1.301234e+01  1.904410e+01  3.437777e+01 
 5.363631e+00  6.356679e+00  1.267402e+01  1.854108e+01  3.348426e+01 
 5.438397e+00  6.206129e+00  1.234419e+01  1.805536e+01  3.260866e+01 
 5.514206e+00  6.058073e+00  1.202281e+01  1.758209e+01  3.175859e+01 
 5.591071e+00  5.912221e+00  1.171244e+01  1.712022e+01  3.093347e+01 
 5.669007e+00  5.772704e+00  1.140777e+01  1.667512e+01  3.012715e+01 
 5.748030e+00  5.634972e+00  1.111381e+01  1.624022e+01  2.934404e+01 
 5.828155e+00  5.501381e+00  1.082770e+01  1.581889e+01  2.858344e+01 
 5.909396e+00  5.370571e+00  1.054898e+01  1.540869e+01  2.784733e+01 
 5.991770e+00  5.242812e+00  1.027783e+01  1.500999e+01  2.712807e+01 
 6.075292e+00  5.118669e+00  1.001594e+01  1.462311e+01  2.642872e+01 
 6.159978e+00  4.996522e+00  9.760243e+00  1.424617e+01  2.574728e+01 
 6.245845e+00  4.877317e+00  9.510001e+00  1.387814e+01  2.507836e+01 
 6.332908e+00  4.759366e+00  9.263212e+00  1.351508e+01  2.442433e+01 
 6.421186e+00  4.644668e+00  9.023537e+00  1.316042e+01  2.378222e+01 
 6.510694e+00  4.531155e+00  8.788321e+00  1.281600e+01  2.315532e+01 
 6.601449e+00  4.420805e+00  8.559663e+00  1.247828e+01  2.254490e+01 
 6.693470e+00  4.312569e+00  8.335649e+00  1.214802e+01  2.194739e+01 
 6.786773e+00  4.206569e+00  8.118825e+00  1.182730e+01  2.136550e+01 
 6.881377e+00  4.103902e+00  7.907050e+00  1.151579e+01  2.079750e+01 
 6.977300e+00  4.003804e+00  7.701886e+00  1.121353e+01  2.024765e+01 
 7.074559e+00  3.906232e+00  7.501693e+00  1.091826e+01  1.971143e+01 
 7.173175e+00  3.811076e+00  7.308103e+00  1.063293e+01  1.919193e+01 
 7.273165e+00  3.718919e+00  7.120498e+00  1.035575e+01  1.868569e+01 
 7.374549e+00  3.629147e+00  6.937352e+00  1.008535e+01  1.819508e+01 
 7.477346e+00  3.541566e+00  6.760567e+00  9.825157e+00  1.771860e+01 
 7.581576e+00  3.456912e+00  6.587409e+00  9.570017e+00  1.725405e+01 
 7.687260e+00  3.373973e+00  6.419468e+00  9.322123e+00  1.680205e+01 
 7.794416e+00  3.292643e+00  6.255313e+00  9.078656e+00  1.636001e+01 
 7.903066e+00  3.213127e+00  6.094294e+00  8.840790e+00  1.592536e+01 
 8.013230e+00  3.135143e+00  5.937292e+00  8.609753e+00  1.550146e+01 
 8.124930e+00  3.058562e+00  5.783763e+00  8.382573e+00  1.508574e+01 
 8.238187e+00  2.984091e+00  5.633304e+00  8.160714e+00  1.468152e+01 
 8.353023e+00  2.911164e+00  5.487277e+00  7.945048e+00  1.428640e+01 
 8.469460e+00  2.840333e+00  5.345035e+00  7.734925e+00  1.390218e+01 
 8.587519e+00  2.771274e+00  5.206515e+00  7.530781e+00  1.352834e+01 
 8.707225e+00  2.704145e+00  5.071698e+00  7.332391e+00  1.316495e+01 
 8.828599e+00  2.638934e+00  4.941671e+00  7.139544e+00  1.281139e+01 
 8.951665e+00  2.575438e+00  4.815072e+00  6.952540e+00  1.246886e+01 
 9.076446e+00  2.513956e+00  4.692359e+00  6.771659e+00  1.213695e+01 
 9.202967e+00  2.454304e+00  4.573126e+00  6.595685e+00  1.181382e+01 
 9.331251e+00  2.396283e+00  4.457353e+00  6.424790e+00  1.150040e+01 
 9.461324e+00  0.000000e+00  0.000000e+00  0.000000e+00  0.000000e+00 
 9.593209e+00  0.000000e+00  0.000000e+00  0.000000e+00  0.000000e+00 
 9.726934e+00  0.000000e+00  0.000000e+00  0.000000e+00  0.000000e+00 
 9.862522e+00  0.000000e+00  0.000000e+00  0.000000e+00  0.000000e+00 
 1.000000e+01  0.000000e+00  0.000000e+00  0.000000e+00  0.000000e+00 
