 1.000000e-02  6.012606e+03  1.117470e+04  1.523947e+04  2.278979e+04 
 1.013939e-02  6.044816e+03  1.123441e+04  1.532087e+04  2.291100e+04 
 1.028073e-02  6.076496e+03  1.129312e+04  1.540098e+04  2.303026e+04 
 1.042404e-02  6.107647e+03  1.135081e+04  1.547962e+04  2.314740e+04 
 1.056935e-02  6.138234e+03  1.140744e+04  1.555674e+04  2.326234e+04 
 1.071668e-02  6.168242e+03  1.146305e+04  1.563239e+04  2.337507e+04 
 1.086606e-02  6.197653e+03  1.151763e+04  1.570649e+04  2.348545e+04 
 1.101753e-02  6.226417e+03  1.157101e+04  1.577897e+04  2.359335e+04 
 1.117111e-02  6.254523e+03  1.162306e+04  1.584983e+04  2.369881e+04 
 1.132683e-02  6.281953e+03  1.167378e+04  1.591899e+04  2.380170e+04 
 1.148472e-02  6.308686e+03  1.172320e+04  1.598633e+04  2.390187e+04 
 1.164481e-02  6.334732e+03  1.177140e+04  1.605186e+04  2.399935e+04 
 1.180713e-02  6.360052e+03  1.181828e+04  1.611555e+04  2.409405e+04 
 1.197171e-02  6.384563e+03  1.186367e+04  1.617724e+04  2.418560e+04 
 1.213859e-02  6.408284e+03  1.190757e+04  1.623694e+04  2.427409e+04 
 1.230780e-02  6.431215e+03  1.195000e+04  1.629460e+04  2.435963e+04 
 1.247936e-02  6.453327e+03  1.199089e+04  1.635009e+04  2.444206e+04 
 1.265332e-02  6.474580e+03  1.203015e+04  1.640336e+04  2.452117e+04 
 1.282970e-02  6.494940e+03  1.206775e+04  1.645433e+04  2.459683e+04 
 1.300854e-02  6.514383e+03  1.210364e+04  1.650303e+04  2.466905e+04 
 1.318987e-02  6.532899e+03  1.213781e+04  1.654947e+04  2.473777e+04 
 1.337373e-02  6.550474e+03  1.217024e+04  1.659349e+04  2.480286e+04 
 1.356015e-02  6.567082e+03  1.220086e+04  1.663498e+04  2.486423e+04 
 1.374917e-02  6.582691e+03  1.222959e+04  1.667383e+04  2.492164e+04 
 1.394083e-02  6.597282e+03  1.225643e+04  1.671006e+04  2.497507e+04 
 1.413516e-02  6.610823e+03  1.228132e+04  1.674372e+04  2.502461e+04 
 1.433219e-02  6.623275e+03  1.230420e+04  1.677470e+04  2.507012e+04 
 1.453198e-02  6.634634e+03  1.232504e+04  1.680289e+04  2.511138e+04 
 1.473454e-02  6.644874e+03  1.234378e+04  1.682822e+04  2.514838e+04 
 1.493993e-02  6.653965e+03  1.236040e+04  1.685059e+04  2.518103e+04 
 1.514819e-02  6.661900e+03  1.237488e+04  1.687005e+04  2.520936e+04 
 1.535935e-02  6.668655e+03  1.238720e+04  1.688650e+04  2.523321e+04 
 1.557345e-02  6.674202e+03  1.239722e+04  1.689986e+04  2.525250e+04 
 1.579053e-02  6.678518e+03  1.240495e+04  1.691007e+04  2.526710e+04 
 1.601064e-02  6.681573e+03  1.241033e+04  1.691708e+04  2.527687e+04 
 1.623382e-02  6.683326e+03  1.241332e+04  1.692088e+04  2.528170e+04 
 1.646012e-02  6.683777e+03  1.241388e+04  1.692136e+04  2.528155e+04 
 1.668956e-02  6.682941e+03  1.241205e+04  1.691850e+04  2.527634e+04 
 1.692220e-02  6.680789e+03  1.240774e+04  1.691228e+04  2.526608e+04 
 1.715809e-02  6.677247e+03  1.240085e+04  1.690259e+04  2.525062e+04 
 1.739726e-02  6.672299e+03  1.239133e+04  1.688942e+04  2.522994e+04 
 1.763977e-02  6.665962e+03  1.237925e+04  1.687271e+04  2.520397e+04 
 1.788566e-02  6.658235e+03  1.236459e+04  1.685238e+04  2.517264e+04 
 1.813498e-02  6.649088e+03  1.234729e+04  1.682842e+04  2.513587e+04 
 1.838777e-02  6.638501e+03  1.232730e+04  1.680077e+04  2.509355e+04 
 1.864409e-02  6.626436e+03  1.230455e+04  1.676941e+04  2.504562e+04 
 1.890397e-02  6.612894e+03  1.227906e+04  1.673429e+04  2.499221e+04 
 1.916748e-02  6.597851e+03  1.225075e+04  1.669538e+04  2.493314e+04 
 1.943467e-02  6.581313e+03  1.221968e+04  1.665267e+04  2.486834e+04 
 1.970558e-02  6.563296e+03  1.218588e+04  1.660621e+04  2.479791e+04 
 1.998026e-02  6.543794e+03  1.214929e+04  1.655599e+04  2.472174e+04 
 2.025878e-02  6.522744e+03  1.210985e+04  1.650183e+04  2.463965e+04 
 2.054117e-02  6.500141e+03  1.206752e+04  1.644375e+04  2.455168e+04 
 2.082751e-02  6.476020e+03  1.202237e+04  1.638179e+04  2.445813e+04 
 2.111783e-02  6.450399e+03  1.197442e+04  1.631607e+04  2.435898e+04 
 2.141220e-02  6.423369e+03  1.192381e+04  1.624665e+04  2.425419e+04 
 2.171068e-02  6.395443e+03  1.187128e+04  1.617433e+04  2.414432e+04 
 2.201331e-02  6.365976e+03  1.181588e+04  1.609810e+04  2.402846e+04 
 2.232016e-02  6.334986e+03  1.175765e+04  1.601802e+04  2.390681e+04 
 2.263130e-02  6.302509e+03  1.169668e+04  1.593420e+04  2.377973e+04 
 2.294676e-02  6.268552e+03  1.163295e+04  1.584664e+04  2.364705e+04 
 2.326663e-02  6.233103e+03  1.156645e+04  1.575526e+04  2.350853e+04 
 2.359095e-02  6.196188e+03  1.149719e+04  1.566015e+04  2.336433e+04 
 2.391980e-02  6.157832e+03  1.142525e+04  1.556139e+04  2.321472e+04 
 2.425323e-02  6.118044e+03  1.135067e+04  1.545901e+04  2.305978e+04 
 2.459130e-02  6.076844e+03  1.127347e+04  1.535308e+04  2.289964e+04 
 2.493409e-02  6.034260e+03  1.119372e+04  1.524368e+04  2.273434e+04 
 2.528166e-02  5.990326e+03  1.111146e+04  1.513085e+04  2.256397e+04 
 2.563407e-02  5.945070e+03  1.102673e+04  1.501465e+04  2.238851e+04 
 2.599140e-02  5.898528e+03  1.093961e+04  1.489518e+04  2.220815e+04 
 2.635371e-02  5.850732e+03  1.085017e+04  1.477256e+04  2.202307e+04 
 2.672106e-02  5.801716e+03  1.075847e+04  1.464687e+04  2.183345e+04 
 2.709354e-02  5.751524e+03  1.066462e+04  1.451826e+04  2.163944e+04 
 2.747121e-02  5.700206e+03  1.056868e+04  1.438678e+04  2.144118e+04 
 2.785414e-02  5.647733e+03  1.047060e+04  1.425245e+04  2.123873e+04 
 2.824241e-02  5.593871e+03  1.037007e+04  1.411489e+04  2.103175e+04 
 2.863610e-02  5.539018e+03  1.026770e+04  1.397483e+04  2.082111e+04 
 2.903527e-02  5.483233e+03  1.016362e+04  1.383244e+04  2.060699e+04 
 2.944000e-02  5.426576e+03  1.005793e+04  1.368787e+04  2.038969e+04 
 2.985038e-02  5.369118e+03  9.950760e+03  1.354130e+04  2.016937e+04 
 3.026648e-02  5.310918e+03  9.842227e+03  1.339289e+04  1.994632e+04 
 3.068838e-02  5.252054e+03  9.732465e+03  1.324279e+04  1.972078e+04 
 3.111616e-02  5.192573e+03  9.621548e+03  1.309114e+04  1.949292e+04 
 3.154990e-02  5.132539e+03  9.509615e+03  1.293812e+04  1.926309e+04 
 3.198969e-02  5.072026e+03  9.396795e+03  1.278390e+04  1.903154e+04 
 3.243561e-02  5.011127e+03  9.283273e+03  1.262871e+04  1.879854e+04 
 3.288774e-02  4.949919e+03  9.169184e+03  1.247273e+04  1.856437e+04 
 3.334618e-02  4.888455e+03  9.054636e+03  1.231617e+04  1.832935e+04 
 3.381101e-02  4.826805e+03  8.939758e+03  1.215918e+04  1.809375e+04 
 3.428231e-02  4.765058e+03  8.824705e+03  1.200200e+04  1.785786e+04 
 3.476019e-02  4.703172e+03  8.709757e+03  1.184532e+04  1.762396e+04 
 3.524473e-02  4.641363e+03  8.594957e+03  1.168884e+04  1.739041e+04 
 3.573602e-02  4.579704e+03  8.480446e+03  1.153279e+04  1.715750e+04 
 3.623416e-02  4.518264e+03  8.366357e+03  1.137733e+04  1.692548e+04 
 3.673925e-02  4.457138e+03  8.252840e+03  1.122266e+04  1.669467e+04 
 3.725137e-02  4.396400e+03  8.140057e+03  1.106896e+04  1.646534e+04 
 3.777064e-02  4.336130e+03  8.028140e+03  1.091646e+04  1.623781e+04 
 3.829714e-02  4.276415e+03  7.917236e+03  1.076533e+04  1.601236e+04 
 3.883098e-02  4.217313e+03  7.807499e+03  1.061580e+04  1.578929e+04 
 3.937226e-02  4.158905e+03  7.699058e+03  1.046805e+04  1.556888e+04 
 3.992109e-02  4.101270e+03  7.592033e+03  1.032225e+04  1.535137e+04 
 4.047757e-02  4.044459e+03  7.486512e+03  1.017844e+04  1.513677e+04 
 4.104181e-02  3.988324e+03  7.381615e+03  1.003475e+04  1.492032e+04 
 4.161391e-02  3.933157e+03  7.278518e+03  9.893529e+03  1.470758e+04 
 4.219398e-02  3.879019e+03  7.177337e+03  9.754917e+03  1.449881e+04 
 4.278214e-02  3.825967e+03  7.078165e+03  9.619056e+03  1.429419e+04 
 4.337850e-02  3.774048e+03  6.981103e+03  9.486084e+03  1.409392e+04 
 4.398317e-02  3.723300e+03  6.886237e+03  9.356128e+03  1.389812e+04 
 4.459628e-02  3.673767e+03  6.793634e+03  9.229274e+03  1.370696e+04 
 4.521792e-02  3.625476e+03  6.703337e+03  9.105575e+03  1.352057e+04 
 4.584824e-02  3.578459e+03  6.615409e+03  8.985103e+03  1.333904e+04 
 4.648734e-02  3.532751e+03  6.529910e+03  8.867923e+03  1.316243e+04 
 4.713535e-02  3.488528e+03  6.448007e+03  8.756534e+03  1.299684e+04 
 4.779239e-02  3.445726e+03  6.369243e+03  8.649959e+03  1.283981e+04 
 4.845859e-02  3.404236e+03  6.292930e+03  8.546699e+03  1.268772e+04 
 4.913407e-02  3.364059e+03  6.219043e+03  8.446743e+03  1.254054e+04 
 4.981898e-02  3.325186e+03  6.147551e+03  8.350044e+03  1.239817e+04 
 5.051342e-02  3.287611e+03  6.078423e+03  8.256546e+03  1.226056e+04 
 5.121755e-02  3.251284e+03  6.011594e+03  8.166182e+03  1.212760e+04 
 5.193150e-02  3.216151e+03  5.947014e+03  8.078861e+03  1.199912e+04 
 5.265540e-02  3.182175e+03  5.884575e+03  7.994444e+03  1.187494e+04 
 5.338938e-02  3.149038e+03  5.823180e+03  7.910909e+03  1.175067e+04 
 5.413360e-02  3.116635e+03  5.762523e+03  7.827739e+03  1.162527e+04 
 5.488820e-02  3.085224e+03  5.703691e+03  7.747061e+03  1.150357e+04 
 5.565331e-02  3.054717e+03  5.646542e+03  7.668668e+03  1.138528e+04 
 5.642908e-02  3.024965e+03  5.590804e+03  7.592206e+03  1.126983e+04 
 5.721568e-02  2.995825e+03  5.536197e+03  7.517281e+03  1.115670e+04 
 5.801323e-02  2.967310e+03  5.482745e+03  7.443951e+03  1.104592e+04 
 5.882190e-02  2.939561e+03  5.430717e+03  7.372547e+03  1.093802e+04 
 5.964185e-02  2.912763e+03  5.380809e+03  7.304373e+03  1.083593e+04 
 6.047322e-02  2.886916e+03  5.333652e+03  7.240963e+03  1.074370e+04 
 6.131619e-02  2.861029e+03  5.286417e+03  7.177438e+03  1.065128e+04 
 6.217090e-02  2.834701e+03  5.238366e+03  7.112816e+03  1.055720e+04 
 6.303753e-02  2.807871e+03  5.189381e+03  7.046924e+03  1.046124e+04 
 6.391624e-02  2.780586e+03  5.139557e+03  6.979889e+03  1.036357e+04 
 6.480720e-02  2.752880e+03  5.088947e+03  6.911797e+03  1.026434e+04 
 6.571058e-02  2.724659e+03  5.037384e+03  6.842406e+03  1.016319e+04 
 6.662655e-02  2.694430e+03  4.979987e+03  6.762846e+03  1.004070e+04 
 6.755528e-02  2.663276e+03  4.920832e+03  6.680849e+03  9.914428e+03 
 6.849697e-02  2.631118e+03  4.859846e+03  6.596379e+03  9.784539e+03 
 6.945178e-02  2.597874e+03  4.796880e+03  6.509241e+03  9.650745e+03 
 7.041990e-02  2.563470e+03  4.731782e+03  6.419217e+03  9.512770e+03 
 7.140151e-02  2.527833e+03  4.664425e+03  6.326145e+03  9.370380e+03 
 7.239681e-02  2.491198e+03  4.595569e+03  6.231463e+03  9.226903e+03 
 7.340598e-02  2.453566e+03  4.525272e+03  6.135333e+03  9.082828e+03 
 7.442922e-02  2.414553e+03  4.452452e+03  6.035812e+03  8.933770e+03 
 7.546673e-02  2.374157e+03  4.377118e+03  5.932911e+03  8.779767e+03 
 7.651869e-02  2.332408e+03  4.299328e+03  5.826692e+03  8.620944e+03 
 7.758532e-02  2.289362e+03  4.219177e+03  5.717289e+03  8.457485e+03 
 7.866682e-02  2.246010e+03  4.139750e+03  5.610169e+03  8.300616e+03 
 7.976339e-02  2.203023e+03  4.063053e+03  5.508802e+03  8.157387e+03 
 8.087525e-02  2.158971e+03  3.984311e+03  5.404596e+03  8.009802e+03 
 8.200261e-02  2.113987e+03  3.903777e+03  5.297873e+03  7.858341e+03 
 8.314568e-02  2.068230e+03  3.821753e+03  5.189064e+03  7.703602e+03 
 8.430468e-02  2.021879e+03  3.738560e+03  5.078611e+03  7.546229e+03 
 8.547985e-02  1.974298e+03  3.651732e+03  4.961911e+03  7.376402e+03 
 8.667139e-02  1.926187e+03  3.563279e+03  4.842389e+03  7.200867e+03 
 8.787954e-02  1.878185e+03  3.475012e+03  4.723070e+03  7.025574e+03 
 8.910453e-02  1.830522e+03  3.387351e+03  4.604556e+03  6.851412e+03 
 9.034660e-02  1.783436e+03  3.300736e+03  4.487479e+03  6.679302e+03 
 9.160598e-02  1.737921e+03  3.218066e+03  4.376711e+03  6.518787e+03 
 9.288292e-02  1.694113e+03  3.139474e+03  4.272284e+03  6.369660e+03 
 9.417766e-02  1.651507e+03  3.063024e+03  4.170661e+03  6.224463e+03 
 9.549045e-02  1.610327e+03  2.989087e+03  4.072390e+03  6.084008e+03 
 9.682153e-02  1.570759e+03  2.918026e+03  3.977947e+03  5.949026e+03 
 9.817117e-02  1.533290e+03  2.851241e+03  3.889646e+03  5.823976e+03 
 9.953962e-02  1.497851e+03  2.788310e+03  3.806631e+03  5.706936e+03 
 1.009272e-01  1.464437e+03  2.729015e+03  3.728499e+03  5.596961e+03 
 1.023340e-01  1.433136e+03  2.673535e+03  3.655486e+03  5.494414e+03 
 1.037605e-01  1.403303e+03  2.619852e+03  3.584051e+03  5.392204e+03 
 1.052069e-01  1.373027e+03  2.562083e+03  3.504078e+03  5.270463e+03 
 1.066734e-01  1.344984e+03  2.508500e+03  3.429816e+03  5.157407e+03 
 1.081604e-01  1.319113e+03  2.458983e+03  3.361123e+03  5.052757e+03 
 1.096681e-01  1.295323e+03  2.413349e+03  3.297800e+03  4.956108e+03 
 1.111968e-01  1.273706e+03  2.372082e+03  3.240561e+03  4.868232e+03 
 1.127468e-01  1.253838e+03  2.334112e+03  3.187786e+03  4.787107e+03 
 1.143184e-01  1.235493e+03  2.298978e+03  3.138881e+03  4.711821e+03 
 1.159120e-01  1.218420e+03  2.266213e+03  3.093253e+03  4.641442e+03 
 1.175277e-01  1.203236e+03  2.237886e+03  3.054404e+03  4.582641e+03 
 1.191660e-01  1.188840e+03  2.211114e+03  3.017721e+03  4.527224e+03 
 1.208271e-01  1.174856e+03  2.185079e+03  2.982092e+03  4.473357e+03 
 1.225114e-01  1.160935e+03  2.159120e+03  2.946583e+03  4.419727e+03 
 1.242191e-01  1.146370e+03  2.131680e+03  2.908994e+03  4.363585e+03 
 1.259506e-01  1.131298e+03  2.103335e+03  2.870167e+03  4.305624e+03 
 1.277063e-01  1.115457e+03  2.073579e+03  2.829430e+03  4.244826e+03 
 1.294865e-01  1.098994e+03  2.042869e+03  2.787455e+03  4.181901e+03 
 1.312915e-01  1.081769e+03  2.011016e+03  2.744006e+03  4.116425e+03 
 1.331216e-01  1.063194e+03  1.976676e+03  2.697189e+03  4.045935e+03 
 1.349772e-01  1.043209e+03  1.939752e+03  2.646904e+03  3.970492e+03 
 1.368587e-01  1.023079e+03  1.904736e+03  2.601653e+03  3.909498e+03 
 1.387665e-01  1.001508e+03  1.866992e+03  2.552629e+03  3.842612e+03 
 1.407008e-01  9.786025e+02  1.826681e+03  2.500045e+03  3.770144e+03 
 1.426621e-01  9.555468e+02  1.786526e+03  2.447579e+03  3.696603e+03 
 1.446507e-01  9.318594e+02  1.745242e+03  2.393475e+03  3.620075e+03 
 1.466671e-01  9.074978e+02  1.702552e+03  2.337376e+03  3.540333e+03 
 1.487115e-01  8.806879e+02  1.653299e+03  2.270953e+03  3.442978e+03 
 1.507845e-01  8.525474e+02  1.600246e+03  2.198435e+03  3.335100e+03 
 1.528864e-01  8.249068e+02  1.548139e+03  2.127191e+03  3.229103e+03 
 1.550175e-01  8.001138e+02  1.503523e+03  2.067853e+03  3.144238e+03 
 1.571784e-01  7.777900e+02  1.464923e+03  2.017840e+03  3.075479e+03 
 1.593694e-01  7.567234e+02  1.428506e+03  1.970693e+03  3.010667e+03 
 1.615909e-01  7.376652e+02  1.396057e+03  1.928986e+03  2.953659e+03 
 1.638434e-01  7.204675e+02  1.367104e+03  1.891985e+03  2.903502e+03 
 1.661273e-01  7.050161e+02  1.341299e+03  1.859209e+03  2.859510e+03 
 1.684430e-01  6.878664e+02  1.309227e+03  1.815754e+03  2.796181e+03 
 1.707910e-01  6.721084e+02  1.279398e+03  1.775116e+03  2.736750e+03 
 1.731717e-01  6.585490e+02  1.254090e+03  1.740845e+03  2.686951e+03 
 1.755856e-01  6.485180e+02  1.236930e+03  1.718455e+03  2.655004e+03 
 1.780332e-01  6.396601e+02  1.221951e+03  1.699069e+03  2.627624e+03 
 1.805149e-01  6.297596e+02  1.202608e+03  1.671647e+03  2.584036e+03 
 1.830312e-01  6.192908e+02  1.180780e+03  1.639591e+03  2.531078e+03 
 1.855825e-01  6.091361e+02  1.159851e+03  1.609125e+03  2.481370e+03 
 1.881694e-01  5.993606e+02  1.141300e+03  1.583878e+03  2.444229e+03 
 1.907924e-01  5.891521e+02  1.121929e+03  1.557498e+03  2.405321e+03 
 1.934520e-01  5.777854e+02  1.100246e+03  1.528084e+03  2.363146e+03 
 1.961486e-01  5.653777e+02  1.076552e+03  1.495936e+03  2.317146e+03 
 1.988828e-01  5.532964e+02  1.054291e+03  1.466039e+03  2.274185e+03 
 2.016551e-01  5.420940e+02  1.034875e+03  1.440460e+03  2.237357e+03 
 2.044661e-01  5.297588e+02  1.013008e+03  1.411254e+03  2.194530e+03 
 2.073162e-01  5.157542e+02  9.864815e+02  1.374431e+03  2.138168e+03 
 2.102061e-01  5.011816e+02  9.588615e+02  1.336083e+03  2.079404e+03 
 2.131362e-01  4.904330e+02  9.432204e+02  1.317728e+03  2.056096e+03 
 2.161073e-01  4.797967e+02  9.278285e+02  1.299746e+03  2.033373e+03 
 2.191197e-01  4.662627e+02  9.044013e+02  1.269618e+03  1.993150e+03 
 2.221741e-01  4.526824e+02  8.802311e+02  1.238138e+03  1.950859e+03 
 2.252711e-01  4.404935e+02  8.592255e+02  1.211332e+03  1.915420e+03 
 2.284112e-01  4.295418e+02  8.406818e+02  1.187975e+03  1.885048e+03 
 2.315951e-01  4.200456e+02  8.237878e+02  1.165224e+03  1.850735e+03 
 2.348235e-01  4.117827e+02  8.088546e+02  1.144624e+03  1.818130e+03 
 2.380968e-01  4.023557e+02  7.901784e+02  1.118304e+03  1.777776e+03 
 2.414157e-01  3.933275e+02  7.719150e+02  1.092460e+03  1.738492e+03 
 2.447809e-01  3.844915e+02  7.544799e+02  1.068271e+03  1.701705e+03 
 2.481930e-01  3.761554e+02  7.381252e+02  1.045658e+03  1.667343e+03 
 2.516527e-01  3.713296e+02  7.298607e+02  1.034427e+03  1.649884e+03 
 2.551606e-01  3.654028e+02  7.190044e+02  1.019513e+03  1.627220e+03 
 2.587174e-01  3.560304e+02  7.000443e+02  9.930990e+02  1.588372e+03 
 2.623238e-01  3.480934e+02  6.851420e+02  9.728836e+02  1.559139e+03 
 2.659804e-01  3.417061e+02  6.746135e+02  9.593443e+02  1.540251e+03 
 2.696881e-01  3.330014e+02  6.586054e+02  9.377364e+02  1.507953e+03 
 2.734474e-01  3.234632e+02  6.407193e+02  9.133996e+02  1.471217e+03 
 2.772591e-01  3.162014e+02  6.288105e+02  8.986476e+02  1.452583e+03 
 2.811239e-01  3.084657e+02  6.153638e+02  8.815709e+02  1.431330e+03 
 2.850426e-01  3.003333e+02  6.003551e+02  8.621311e+02  1.407924e+03 
 2.890160e-01  2.929186e+02  5.877027e+02  8.458148e+02  1.384726e+03 
 2.930447e-01  2.860767e+02  5.757775e+02  8.297718e+02  1.359754e+03 
 2.971296e-01  2.796180e+02  5.628250e+02  8.101888e+02  1.325905e+03 
 3.012714e-01  2.738675e+02  5.527059e+02  7.966965e+02  1.305964e+03 
 3.054710e-01  2.683659e+02  5.433905e+02  7.850529e+02  1.290719e+03 
 3.097291e-01  2.618213e+02  5.310642e+02  7.687171e+02  1.268347e+03 
 3.140465e-01  2.559093e+02  5.189135e+02  7.510946e+02  1.239342e+03 
 3.184242e-01  2.506934e+02  5.083079e+02  7.356713e+02  1.213842e+03 
 3.228628e-01  2.465774e+02  5.013131e+02  7.268333e+02  1.203148e+03 
 3.273634e-01  2.406710e+02  4.892468e+02  7.093857e+02  1.175241e+03 
 3.319266e-01  2.344833e+02  4.770990e+02  6.925317e+02  1.149977e+03 
 3.365535e-01  2.285486e+02  4.664289e+02  6.787971e+02  1.131797e+03 
 3.412449e-01  2.244038e+02  4.608493e+02  6.720619e+02  1.120827e+03 
 3.460016e-01  2.197735e+02  4.531735e+02  6.620959e+02  1.106780e+03 
 3.508247e-01  2.151885e+02  4.448734e+02  6.509347e+02  1.090441e+03 
 3.557150e-01  2.107497e+02  4.365157e+02  6.395190e+02  1.072875e+03 
 3.606735e-01  2.056570e+02  4.272955e+02  6.273559e+02  1.055787e+03 
 3.657011e-01  1.996398e+02  4.157157e+02  6.114607e+02  1.033805e+03 
 3.707988e-01  1.948502e+02  4.063705e+02  5.986391e+02  1.014795e+03 
 3.759675e-01  1.905265e+02  3.979345e+02  5.869848e+02  9.973551e+02 
 3.812083e-01  1.861284e+02  3.898051e+02  5.758995e+02  9.811497e+02 
 3.865221e-01  1.824621e+02  3.843322e+02  5.694122e+02  9.700736e+02 
 3.919100e-01  1.786597e+02  3.753006e+02  5.557169e+02  9.516789e+02 
 3.973730e-01  1.743784e+02  3.680655e+02  5.465405e+02  9.369127e+02 
 4.029122e-01  1.708998e+02  3.624330e+02  5.385900e+02  9.222352e+02 
 4.085286e-01  1.673548e+02  3.547361e+02  5.275473e+02  9.065091e+02 
 4.142232e-01  1.630864e+02  3.459673e+02  5.159423e+02  8.921177e+02 
 4.199973e-01  1.589244e+02  3.386908e+02  5.066266e+02  8.783203e+02 
 4.258518e-01  1.555635e+02  3.323136e+02  4.974790e+02  8.624652e+02 
 4.317880e-01  1.520262e+02  3.252367e+02  4.869885e+02  8.464727e+02 
 4.378069e-01  1.489244e+02  3.189324e+02  4.779195e+02  8.314419e+02 
 4.439097e-01  1.463601e+02  3.148540e+02  4.729903e+02  8.268261e+02 
 4.500975e-01  1.423826e+02  3.073277e+02  4.626356e+02  8.116063e+02 
 4.563716e-01  1.390292e+02  3.002995e+02  4.523472e+02  7.932328e+02 
 4.627332e-01  1.368984e+02  2.973052e+02  4.491338e+02  7.901883e+02 
 4.691835e-01  1.333625e+02  2.901693e+02  4.387985e+02  7.728821e+02 
 4.757236e-01  1.307999e+02  2.850530e+02  4.317217e+02  7.620024e+02 
 4.823549e-01  1.273340e+02  2.778738e+02  4.216032e+02  7.483465e+02 
 4.890787e-01  1.245689e+02  2.724136e+02  4.141477e+02  7.366072e+02 
 4.958962e-01  1.224710e+02  2.682042e+02  4.075509e+02  7.245578e+02 
 5.028087e-01  1.196886e+02  2.632734e+02  4.008410e+02  7.147348e+02 
 5.098176e-01  1.174303e+02  2.590208e+02  3.945913e+02  7.025142e+02 
 5.169242e-01  1.153517e+02  2.549998e+02  3.891677e+02  6.951477e+02 
 5.241298e-01  1.115665e+02  2.484629e+02  3.810771e+02  6.851333e+02 
 5.314359e-01  1.095886e+02  2.453293e+02  3.767249e+02  6.781094e+02 
 5.388438e-01  1.072504e+02  2.399376e+02  3.686432e+02  6.659160e+02 
 5.463550e-01  1.052902e+02  2.359961e+02  3.627259e+02  6.561091e+02 
 5.539709e-01  1.024274e+02  2.308667e+02  3.560996e+02  6.457245e+02 
 5.616930e-01  1.005570e+02  2.271372e+02  3.507955e+02  6.377227e+02 
 5.695227e-01  9.853491e+01  2.237596e+02  3.464972e+02  6.285744e+02 
 5.774615e-01  9.626114e+01  2.184468e+02  3.386007e+02  6.173618e+02 
 5.855110e-01  9.450011e+01  2.150918e+02  3.334082e+02  6.086720e+02 
 5.936727e-01  9.226880e+01  2.098820e+02  3.261695e+02  5.976612e+02 
 6.019482e-01  9.066772e+01  2.072930e+02  3.219261e+02  5.899973e+02 
 6.103390e-01  8.848154e+01  2.038379e+02  3.169048e+02  5.810566e+02 
 6.188468e-01  8.647663e+01  2.001333e+02  3.138346e+02  5.785612e+02 
 6.274732e-01  8.498403e+01  1.962231e+02  3.071361e+02  5.678334e+02 
 6.362198e-01  8.323968e+01  1.931207e+02  3.025437e+02  5.589624e+02 
 6.450884e-01  8.125505e+01  1.894815e+02  2.974450e+02  5.500715e+02 
 6.540806e-01  7.952959e+01  1.853166e+02  2.911408e+02  5.410544e+02 
 6.631981e-01  7.773845e+01  1.824524e+02  2.879348e+02  5.353210e+02 
 6.724427e-01  7.622239e+01  1.791354e+02  2.833194e+02  5.295478e+02 
 6.818162e-01  7.454464e+01  1.757681e+02  2.774080e+02  5.189059e+02 
 6.913204e-01  7.291562e+01  1.724440e+02  2.730781e+02  5.114185e+02 
 7.009570e-01  7.184183e+01  1.697477e+02  2.690931e+02  5.044990e+02 
 7.107280e-01  6.996511e+01  1.667641e+02  2.648455e+02  4.962357e+02 
 7.206351e-01  6.883990e+01  1.640752e+02  2.612259e+02  4.917611e+02 
 7.306804e-01  6.741154e+01  1.614460e+02  2.568396e+02  4.827228e+02 
 7.408657e-01  6.587575e+01  1.581378e+02  2.520953e+02  4.762250e+02 
 7.511929e-01  6.444042e+01  1.551379e+02  2.481717e+02  4.693684e+02 
 7.616642e-01  6.314877e+01  1.522311e+02  2.440294e+02  4.630204e+02 
 7.722814e-01  6.227394e+01  1.505333e+02  2.410672e+02  4.560273e+02 
 7.830465e-01  6.092435e+01  1.475203e+02  2.368082e+02  4.497128e+02 
 7.939618e-01  5.975594e+01  1.454581e+02  2.335003e+02  4.448660e+02 
 8.050292e-01  5.838817e+01  1.426683e+02  2.301530e+02  4.386728e+02 
 8.162509e-01  5.733296e+01  1.404298e+02  2.260788e+02  4.307464e+02 
 8.276289e-01  5.589938e+01  1.375246e+02  2.222343e+02  4.248814e+02 
 8.391656e-01  5.515558e+01  1.357375e+02  2.189089e+02  4.198887e+02 
 8.508632e-01  5.410157e+01  1.333277e+02  2.157378e+02  4.138601e+02 
 8.627237e-01  5.287635e+01  1.310598e+02  2.122918e+02  4.069821e+02 
 8.747496e-01  5.186684e+01  1.287177e+02  2.089421e+02  4.012434e+02 
 8.869432e-01  5.092819e+01  1.267613e+02  2.059291e+02  3.958610e+02 
 8.993067e-01  4.986140e+01  1.246282e+02  2.026249e+02  3.898170e+02 
 9.118425e-01  4.904494e+01  1.223826e+02  1.990310e+02  3.825957e+02 
 9.245531e-01  4.794537e+01  1.202402e+02  1.957675e+02  3.781536e+02 
 9.374409e-01  4.698970e+01  1.182826e+02  1.930670e+02  3.727200e+02 
 9.505083e-01  4.617483e+01  1.163180e+02  1.900813e+02  3.672507e+02 
 9.637579e-01  4.515756e+01  1.139877e+02  1.866012e+02  3.615615e+02 
 9.771921e-01  4.453284e+01  1.131709e+02  1.846121e+02  3.564868e+02 
 9.908137e-01  4.364436e+01  1.109648e+02  1.814902e+02  3.515516e+02 
 1.004625e+00  4.276405e+01  1.088353e+02  1.782357e+02  3.453742e+02 
 1.018629e+00  4.202315e+01  1.072356e+02  1.755741e+02  3.401382e+02 
 1.032828e+00  4.118154e+01  1.054398e+02  1.731218e+02  3.362498e+02 
 1.047225e+00  4.034849e+01  1.038054e+02  1.702028e+02  3.301549e+02 
 1.061823e+00  3.969337e+01  1.023133e+02  1.677199e+02  3.251596e+02 
 1.076624e+00  3.891616e+01  1.005859e+02  1.650659e+02  3.199842e+02 
 1.091632e+00  3.822212e+01  9.889386e+01  1.625326e+02  3.149056e+02 
 1.106848e+00  3.745686e+01  9.708486e+01  1.599018e+02  3.102821e+02 
 1.122277e+00  3.676196e+01  9.560991e+01  1.571310e+02  3.048341e+02 
 1.137921e+00  3.606340e+01  9.389207e+01  1.545859e+02  3.000500e+02 
 1.153783e+00  3.544445e+01  9.234814e+01  1.521073e+02  2.955301e+02 
 1.169866e+00  3.478957e+01  9.088499e+01  1.496795e+02  2.910916e+02 
 1.186174e+00  3.412018e+01  8.946875e+01  1.472876e+02  2.860788e+02 
 1.202708e+00  3.353490e+01  8.798430e+01  1.449563e+02  2.814878e+02 
 1.219473e+00  3.294177e+01  8.660473e+01  1.427275e+02  2.765747e+02 
 1.236472e+00  3.232274e+01  8.520956e+01  1.405288e+02  2.723282e+02 
 1.253708e+00  3.176051e+01  8.373589e+01  1.380361e+02  2.679931e+02 
 1.271184e+00  3.120023e+01  8.268423e+01  1.361826e+02  2.634665e+02 
 1.288904e+00  3.063235e+01  8.101526e+01  1.336568e+02  2.594236e+02 
 1.306870e+00  3.004478e+01  7.967848e+01  1.314389e+02  2.547799e+02 
 1.325087e+00  2.955564e+01  7.842664e+01  1.293302e+02  2.502290e+02 
 1.343558e+00  2.902567e+01  7.710456e+01  1.271577e+02  2.459020e+02 
 1.362287e+00  2.854169e+01  7.577527e+01  1.248587e+02  2.416588e+02 
 1.381276e+00  2.802650e+01  7.452093e+01  1.225483e+02  2.374094e+02 
 1.400531e+00  2.754127e+01  7.329688e+01  1.205657e+02  2.329457e+02 
 1.420053e+00  2.703032e+01  7.198794e+01  1.185596e+02  2.287834e+02 
 1.439848e+00  2.656768e+01  7.084320e+01  1.164045e+02  2.247876e+02 
 1.459919e+00  2.606573e+01  6.962202e+01  1.143817e+02  2.204804e+02 
 1.480269e+00  2.566514e+01  6.833130e+01  1.122626e+02  2.160996e+02 
 1.500903e+00  2.520626e+01  6.720989e+01  1.102496e+02  2.125247e+02 
 1.521825e+00  2.475864e+01  6.615062e+01  1.084058e+02  2.085197e+02 
 1.543038e+00  2.431504e+01  6.499897e+01  1.065953e+02  2.048386e+02 
 1.564548e+00  2.392783e+01  6.389620e+01  1.046488e+02  2.008199e+02 
 1.586357e+00  2.351465e+01  6.285426e+01  1.028073e+02  1.969567e+02 
 1.608469e+00  2.308547e+01  6.178415e+01  1.009713e+02  1.934338e+02 
 1.630891e+00  2.275202e+01  6.060530e+01  9.894078e+01  1.893596e+02 
 1.653624e+00  2.232748e+01  5.954506e+01  9.724741e+01  1.859972e+02 
 1.676675e+00  2.194173e+01  5.859832e+01  9.551231e+01  1.821834e+02 
 1.700047e+00  2.155415e+01  5.757112e+01  9.371269e+01  1.786308e+02 
 1.723745e+00  2.119623e+01  5.652243e+01  9.192548e+01  1.748255e+02 
 1.747773e+00  2.080575e+01  5.548298e+01  9.014156e+01  1.712883e+02 
 1.772136e+00  2.045312e+01  5.448882e+01  8.840445e+01  1.679808e+02 
 1.796838e+00  2.010867e+01  5.349122e+01  8.672135e+01  1.644837e+02 
 1.821885e+00  1.978129e+01  5.250863e+01  8.500315e+01  1.611552e+02 
 1.847281e+00  1.943596e+01  5.163491e+01  8.343605e+01  1.578213e+02 
 1.873032e+00  1.910632e+01  5.063392e+01  8.168764e+01  1.545761e+02 
 1.899141e+00  1.876995e+01  4.967018e+01  8.011955e+01  1.513888e+02 
 1.925614e+00  1.846279e+01  4.878381e+01  7.855594e+01  1.481245e+02 
 1.952456e+00  1.819604e+01  4.793083e+01  7.702345e+01  1.449818e+02 
 1.979672e+00  1.784731e+01  4.706617e+01  7.551623e+01  1.419431e+02 
 2.007267e+00  1.756602e+01  4.616878e+01  7.390686e+01  1.389747e+02 
 2.035248e+00  1.724505e+01  4.526386e+01  7.237776e+01  1.358971e+02 
 2.063618e+00  1.694728e+01  4.438133e+01  7.089605e+01  1.328816e+02 
 2.092383e+00  1.666093e+01  4.352613e+01  6.939650e+01  1.299837e+02 
 2.121550e+00  1.636482e+01  4.266554e+01  6.795019e+01  1.270619e+02 
 2.151123e+00  1.608787e+01  4.184136e+01  6.648601e+01  1.241831e+02 
 2.181109e+00  1.580478e+01  4.099458e+01  6.509043e+01  1.214620e+02 
 2.211512e+00  1.553188e+01  4.015724e+01  6.365452e+01  1.185736e+02 
 2.242340e+00  1.526565e+01  3.938992e+01  6.230920e+01  1.159310e+02 
 2.273597e+00  1.498375e+01  3.859321e+01  6.090285e+01  1.132730e+02 
 2.305289e+00  1.474128e+01  3.781210e+01  5.960638e+01  1.107017e+02 
 2.337424e+00  1.448452e+01  3.702844e+01  5.827979e+01  1.082010e+02 
 2.370006e+00  1.422940e+01  3.627696e+01  5.702797e+01  1.057423e+02 
 2.403043e+00  1.397042e+01  3.554128e+01  5.573824e+01  1.032596e+02 
 2.436540e+00  1.373743e+01  3.482551e+01  5.451639e+01  1.008635e+02 
 2.470504e+00  1.349549e+01  3.411013e+01  5.327858e+01  9.848993e+01 
 2.504942e+00  1.325811e+01  3.341724e+01  5.210828e+01  9.620611e+01 
 2.539859e+00  1.303192e+01  3.270400e+01  5.090402e+01  9.390013e+01 
 2.575263e+00  1.278719e+01  3.199964e+01  4.978013e+01  9.170912e+01 
 2.611161e+00  1.256618e+01  3.131455e+01  4.860208e+01  8.952646e+01 
 2.647559e+00  1.234031e+01  3.063482e+01  4.745343e+01  8.732814e+01 
 2.684465e+00  1.211701e+01  2.998791e+01  4.634622e+01  8.521728e+01 
 2.721885e+00  1.188817e+01  2.930718e+01  4.526543e+01  8.314707e+01 
 2.759826e+00  1.167211e+01  2.865108e+01  4.418274e+01  8.112429e+01 
 2.798297e+00  1.145617e+01  2.802625e+01  4.314473e+01  7.918631e+01 
 2.837304e+00  1.124675e+01  2.740094e+01  4.212124e+01  7.724007e+01 
 2.876854e+00  1.103741e+01  2.678596e+01  4.110825e+01  7.535718e+01 
 2.916956e+00  1.083406e+01  2.619273e+01  4.012670e+01  7.348457e+01 
 2.957617e+00  1.063666e+01  2.561355e+01  3.918109e+01  7.169624e+01 
 2.998844e+00  1.043813e+01  2.504169e+01  3.823794e+01  6.992986e+01 
 3.040646e+00  1.024337e+01  2.447087e+01  3.731594e+01  6.825837e+01 
 3.083031e+00  1.005230e+01  2.391085e+01  3.641922e+01  6.658552e+01 
 3.126007e+00  9.867439e+00  2.337570e+01  3.553993e+01  6.492355e+01 
 3.169582e+00  9.677985e+00  2.282351e+01  3.466071e+01  6.332148e+01 
 3.213764e+00  9.492461e+00  2.229534e+01  3.380972e+01  6.174747e+01 
 3.258562e+00  9.305569e+00  2.178058e+01  3.297322e+01  6.020095e+01 
 3.303985e+00  9.123539e+00  2.125767e+01  3.215502e+01  5.869015e+01 
 3.350041e+00  8.944939e+00  2.074661e+01  3.134309e+01  5.720435e+01 
 3.396739e+00  8.765276e+00  2.025347e+01  3.056611e+01  5.574077e+01 
 3.444087e+00  8.594029e+00  1.976129e+01  2.978292e+01  5.432635e+01 
 3.492096e+00  8.423000e+00  1.929094e+01  2.904254e+01  5.296804e+01 
 3.540774e+00  8.250379e+00  1.882953e+01  2.831504e+01  5.162621e+01 
 3.590130e+00  8.086509e+00  1.837017e+01  2.759578e+01  5.032937e+01 
 3.640175e+00  7.926313e+00  1.792727e+01  2.691039e+01  4.905463e+01 
 3.690917e+00  7.764070e+00  1.749985e+01  2.622216e+01  4.781372e+01 
 3.742366e+00  7.606712e+00  1.706821e+01  2.556619e+01  4.662391e+01 
 3.794533e+00  7.454316e+00  1.665919e+01  2.492472e+01  4.544567e+01 
 3.847427e+00  7.302101e+00  1.624937e+01  2.429467e+01  4.431056e+01 
 3.901058e+00  7.148374e+00  1.585403e+01  2.368333e+01  4.318257e+01 
 3.955436e+00  7.003500e+00  1.546159e+01  2.306821e+01  4.207650e+01 
 4.010573e+00  6.853251e+00  1.507560e+01  2.248391e+01  4.101124e+01 
 4.066478e+00  6.707596e+00  1.469442e+01  2.189906e+01  3.995064e+01 
 4.123163e+00  6.562924e+00  1.432736e+01  2.133165e+01  3.891714e+01 
 4.180637e+00  6.422067e+00  1.396679e+01  2.077947e+01  3.790508e+01 
 4.238913e+00  6.282776e+00  1.360955e+01  2.023595e+01  3.692878e+01 
 4.298001e+00  6.143223e+00  1.326333e+01  1.970975e+01  3.596786e+01 
 4.357913e+00  6.012255e+00  1.292475e+01  1.919871e+01  3.504393e+01 
 4.418660e+00  5.879158e+00  1.259892e+01  1.869772e+01  3.414393e+01 
 4.480254e+00  5.748771e+00  1.227690e+01  1.821227e+01  3.326241e+01 
 4.542706e+00  5.623531e+00  1.196270e+01  1.773793e+01  3.240363e+01 
 4.606029e+00  5.498832e+00  1.166115e+01  1.728081e+01  3.157737e+01 
 4.670234e+00  5.376697e+00  1.136556e+01  1.683703e+01  3.077112e+01 
 4.735335e+00  5.257294e+00  1.107787e+01  1.640090e+01  2.997954e+01 
 4.801343e+00  5.141809e+00  1.079711e+01  1.597786e+01  2.920575e+01 
 4.868271e+00  5.026070e+00  1.052028e+01  1.556115e+01  2.845188e+01 
 4.936132e+00  4.911787e+00  1.024872e+01  1.515450e+01  2.771224e+01 
 5.004939e+00  4.799022e+00  9.983912e+00  1.475594e+01  2.698874e+01 
 5.074705e+00  4.687470e+00  9.723393e+00  1.436493e+01  2.628116e+01 
 5.145444e+00  4.579130e+00  9.469505e+00  1.398491e+01  2.559175e+01 
 5.217169e+00  4.471266e+00  9.220584e+00  1.361128e+01  2.490977e+01 
 5.289893e+00  4.367617e+00  8.979639e+00  1.325396e+01  2.425682e+01 
 5.363631e+00  4.263681e+00  8.744188e+00  1.289924e+01  2.361532e+01 
 5.438397e+00  4.163745e+00  8.514173e+00  1.255743e+01  2.298988e+01 
 5.514206e+00  4.065471e+00  8.291452e+00  1.222518e+01  2.238553e+01 
 5.591071e+00  3.968545e+00  8.075159e+00  1.190150e+01  2.179701e+01 
 5.669007e+00  3.875868e+00  7.864129e+00  1.158871e+01  2.122638e+01 
 5.748030e+00  3.784395e+00  7.660045e+00  1.128272e+01  2.066769e+01 
 5.828155e+00  3.694850e+00  7.461338e+00  1.098733e+01  2.012603e+01 
 5.909396e+00  3.607537e+00  7.267473e+00  1.069925e+01  1.960106e+01 
 5.991770e+00  3.521648e+00  7.078100e+00  1.041711e+01  1.908717e+01 
 6.075292e+00  3.437798e+00  6.894214e+00  1.014310e+01  1.858382e+01 
 6.159978e+00  3.355039e+00  6.713212e+00  9.874623e+00  1.809211e+01 
 6.245845e+00  3.273670e+00  6.536564e+00  9.611983e+00  1.761035e+01 
 6.332908e+00  3.193603e+00  6.362877e+00  9.354646e+00  1.713776e+01 
 6.421186e+00  3.115635e+00  6.194258e+00  9.103369e+00  1.667731e+01 
 6.510694e+00  3.038733e+00  6.029502e+00  8.859285e+00  1.622902e+01 
 6.601449e+00  2.964222e+00  5.869570e+00  8.621599e+00  1.579229e+01 
 6.693470e+00  2.890863e+00  5.713012e+00  8.389561e+00  1.536668e+01 
 6.786773e+00  2.819546e+00  5.561570e+00  8.164495e+00  1.495387e+01 
 6.881377e+00  2.750507e+00  5.414630e+00  7.946217e+00  1.455089e+01 
 6.977300e+00  2.682929e+00  5.272247e+00  7.735255e+00  1.416105e+01 
 7.074559e+00  2.617546e+00  5.133447e+00  7.529077e+00  1.378172e+01 
 7.173175e+00  2.553384e+00  4.999200e+00  7.329585e+00  1.341422e+01 
 7.273165e+00  2.491263e+00  4.868796e+00  7.136769e+00  1.305677e+01 
 7.374549e+00  2.430496e+00  4.741650e+00  6.947815e+00  1.271005e+01 
 7.477346e+00  2.371056e+00  4.618489e+00  6.765240e+00  1.237104e+01 
 7.581576e+00  2.313265e+00  4.497336e+00  6.585914e+00  1.204028e+01 
 7.687260e+00  2.256263e+00  4.379495e+00  6.410847e+00  1.171758e+01 
 7.794416e+00  2.200564e+00  4.264088e+00  6.239169e+00  1.140094e+01 
 7.903066e+00  2.145951e+00  4.150998e+00  6.071339e+00  1.109095e+01 
 8.013230e+00  2.092579e+00  4.041364e+00  5.909047e+00  1.078967e+01 
 8.124930e+00  2.040368e+00  3.934295e+00  5.750113e+00  1.049557e+01 
 8.238187e+00  1.989665e+00  3.829838e+00  5.595116e+00  1.020958e+01 
 8.353023e+00  1.940150e+00  3.728587e+00  5.445138e+00  9.931248e+00 
 8.469460e+00  1.892126e+00  3.630457e+00  5.299359e+00  9.661217e+00 
 8.587519e+00  1.845459e+00  3.534983e+00  5.157621e+00  9.399083e+00 
 8.707225e+00  1.800105e+00  3.442243e+00  5.020364e+00  9.144828e+00 
 8.828599e+00  1.756092e+00  3.352775e+00  4.887300e+00  8.897636e+00 
 8.951665e+00  1.713245e+00  3.265890e+00  4.758106e+00  8.658479e+00 
 9.076446e+00  1.671725e+00  3.181560e+00  4.633105e+00  8.426530e+00 
 9.202967e+00  1.631297e+00  3.099612e+00  4.511620e+00  8.200573e+00 
 9.331251e+00  1.591895e+00  3.019696e+00  4.392888e+00  7.980680e+00 
 9.461324e+00  0.000000e+00  0.000000e+00  0.000000e+00  0.000000e+00 
 9.593209e+00  0.000000e+00  0.000000e+00  0.000000e+00  0.000000e+00 
 9.726934e+00  0.000000e+00  0.000000e+00  0.000000e+00  0.000000e+00 
 9.862522e+00  0.000000e+00  0.000000e+00  0.000000e+00  0.000000e+00 
 1.000000e+01  0.000000e+00  0.000000e+00  0.000000e+00  0.000000e+00 
