 1.000000e-02  5.532022e+03  1.000348e+04  1.346457e+04  1.992619e+04 
 1.013939e-02  5.561537e+03  1.005676e+04  1.353614e+04  2.003161e+04 
 1.028073e-02  5.590447e+03  1.010891e+04  1.360622e+04  2.013490e+04 
 1.042404e-02  5.618774e+03  1.015995e+04  1.367483e+04  2.023607e+04 
 1.056935e-02  5.646577e+03  1.021000e+04  1.374212e+04  2.033530e+04 
 1.071668e-02  5.673865e+03  1.025912e+04  1.380816e+04  2.043267e+04 
 1.086606e-02  5.700625e+03  1.030732e+04  1.387291e+04  2.052812e+04 
 1.101753e-02  5.726787e+03  1.035445e+04  1.393618e+04  2.062137e+04 
 1.117111e-02  5.752291e+03  1.040042e+04  1.399786e+04  2.071227e+04 
 1.132683e-02  5.777134e+03  1.044519e+04  1.405789e+04  2.080082e+04 
 1.148472e-02  5.801322e+03  1.048875e+04  1.411626e+04  2.088694e+04 
 1.164481e-02  5.824817e+03  1.053103e+04  1.417294e+04  2.097053e+04 
 1.180713e-02  5.847591e+03  1.057201e+04  1.422797e+04  2.105153e+04 
 1.197171e-02  5.869615e+03  1.061164e+04  1.428123e+04  2.112982e+04 
 1.213859e-02  5.890871e+03  1.064986e+04  1.433256e+04  2.120531e+04 
 1.230780e-02  5.911372e+03  1.068670e+04  1.438197e+04  2.127800e+04 
 1.247936e-02  5.931093e+03  1.072214e+04  1.442946e+04  2.134788e+04 
 1.265332e-02  5.949994e+03  1.075608e+04  1.447497e+04  2.141473e+04 
 1.282970e-02  5.968048e+03  1.078851e+04  1.451841e+04  2.147852e+04 
 1.300854e-02  5.985227e+03  1.081935e+04  1.455971e+04  2.153919e+04 
 1.318987e-02  6.001487e+03  1.084851e+04  1.459872e+04  2.159659e+04 
 1.337373e-02  6.016815e+03  1.087599e+04  1.463545e+04  2.165059e+04 
 1.356015e-02  6.031217e+03  1.090176e+04  1.466997e+04  2.170116e+04 
 1.374917e-02  6.044653e+03  1.092580e+04  1.470215e+04  2.174820e+04 
 1.394083e-02  6.057100e+03  1.094807e+04  1.473195e+04  2.179171e+04 
 1.413516e-02  6.068535e+03  1.096849e+04  1.475926e+04  2.183153e+04 
 1.433219e-02  6.078920e+03  1.098702e+04  1.478393e+04  2.186756e+04 
 1.453198e-02  6.088265e+03  1.100363e+04  1.480603e+04  2.189980e+04 
 1.473454e-02  6.096533e+03  1.101830e+04  1.482552e+04  2.192816e+04 
 1.493993e-02  6.103681e+03  1.103094e+04  1.484229e+04  2.195260e+04 
 1.514819e-02  6.109729e+03  1.104161e+04  1.485645e+04  2.197321e+04 
 1.535935e-02  6.114642e+03  1.105026e+04  1.486790e+04  2.198963e+04 
 1.557345e-02  6.118381e+03  1.105678e+04  1.487649e+04  2.200174e+04 
 1.579053e-02  6.120947e+03  1.106118e+04  1.488218e+04  2.200961e+04 
 1.601064e-02  6.122311e+03  1.106338e+04  1.488494e+04  2.201329e+04 
 1.623382e-02  6.122446e+03  1.106337e+04  1.488468e+04  2.201259e+04 
 1.646012e-02  6.121321e+03  1.106108e+04  1.488138e+04  2.200733e+04 
 1.668956e-02  6.118917e+03  1.105648e+04  1.487498e+04  2.199735e+04 
 1.692220e-02  6.115235e+03  1.104955e+04  1.486545e+04  2.198266e+04 
 1.715809e-02  6.110252e+03  1.104028e+04  1.485276e+04  2.196327e+04 
 1.739726e-02  6.103952e+03  1.102862e+04  1.483684e+04  2.193916e+04 
 1.763977e-02  6.096322e+03  1.101453e+04  1.481767e+04  2.191040e+04 
 1.788566e-02  6.087336e+03  1.099801e+04  1.479519e+04  2.187682e+04 
 1.813498e-02  6.076957e+03  1.097897e+04  1.476936e+04  2.183815e+04 
 1.838777e-02  6.065181e+03  1.095742e+04  1.474012e+04  2.179434e+04 
 1.864409e-02  6.052008e+03  1.093332e+04  1.470747e+04  2.174548e+04 
 1.890397e-02  6.037432e+03  1.090667e+04  1.467140e+04  2.169167e+04 
 1.916748e-02  6.021440e+03  1.087747e+04  1.463185e+04  2.163278e+04 
 1.943467e-02  6.004022e+03  1.084568e+04  1.458884e+04  2.156864e+04 
 1.970558e-02  5.985155e+03  1.081129e+04  1.454235e+04  2.149922e+04 
 1.998026e-02  5.964840e+03  1.077430e+04  1.449232e+04  2.142473e+04 
 2.025878e-02  5.943070e+03  1.073466e+04  1.443876e+04  2.134512e+04 
 2.054117e-02  5.919836e+03  1.069238e+04  1.438162e+04  2.126027e+04 
 2.082751e-02  5.895155e+03  1.064747e+04  1.432099e+04  2.117022e+04 
 2.111783e-02  5.869023e+03  1.059996e+04  1.425685e+04  2.107486e+04 
 2.141220e-02  5.841537e+03  1.054996e+04  1.418930e+04  2.097429e+04 
 2.171068e-02  5.813230e+03  1.049829e+04  1.411929e+04  2.086949e+04 
 2.201331e-02  5.783495e+03  1.044400e+04  1.404578e+04  2.075956e+04 
 2.232016e-02  5.752313e+03  1.038712e+04  1.396877e+04  2.064459e+04 
 2.263130e-02  5.719697e+03  1.032763e+04  1.388829e+04  2.052456e+04 
 2.294676e-02  5.685667e+03  1.026560e+04  1.380435e+04  2.039941e+04 
 2.326663e-02  5.650225e+03  1.020104e+04  1.371699e+04  2.026916e+04 
 2.359095e-02  5.613402e+03  1.013397e+04  1.362627e+04  2.013393e+04 
 2.391980e-02  5.575234e+03  1.006444e+04  1.353228e+04  1.999382e+04 
 2.425323e-02  5.535719e+03  9.992503e+03  1.343503e+04  1.984893e+04 
 2.459130e-02  5.494858e+03  9.918134e+03  1.333452e+04  1.969923e+04 
 2.493409e-02  5.452684e+03  9.841425e+03  1.323083e+04  1.954487e+04 
 2.528166e-02  5.409256e+03  9.762448e+03  1.312410e+04  1.938602e+04 
 2.563407e-02  5.364612e+03  9.681255e+03  1.301441e+04  1.922279e+04 
 2.599140e-02  5.318767e+03  9.597883e+03  1.290181e+04  1.905527e+04 
 2.635371e-02  5.271729e+03  9.512386e+03  1.278635e+04  1.888350e+04 
 2.672106e-02  5.223546e+03  9.424838e+03  1.266812e+04  1.870767e+04 
 2.709354e-02  5.174288e+03  9.335343e+03  1.254729e+04  1.852801e+04 
 2.747121e-02  5.123997e+03  9.243988e+03  1.242395e+04  1.834469e+04 
 2.785414e-02  5.072660e+03  9.150755e+03  1.229812e+04  1.815773e+04 
 2.824241e-02  5.020062e+03  9.055379e+03  1.216954e+04  1.796697e+04 
 2.863610e-02  4.966574e+03  8.958390e+03  1.203879e+04  1.777301e+04 
 2.903527e-02  4.912240e+03  8.859893e+03  1.190600e+04  1.757608e+04 
 2.944000e-02  4.857124e+03  8.759997e+03  1.177134e+04  1.737637e+04 
 2.985038e-02  4.801292e+03  8.658820e+03  1.163495e+04  1.717416e+04 
 3.026648e-02  4.744819e+03  8.556473e+03  1.149700e+04  1.696963e+04 
 3.068838e-02  4.687763e+03  8.453065e+03  1.135765e+04  1.676305e+04 
 3.111616e-02  4.630183e+03  8.348731e+03  1.121706e+04  1.655463e+04 
 3.154990e-02  4.572153e+03  8.243589e+03  1.107540e+04  1.634462e+04 
 3.198969e-02  4.513744e+03  8.137783e+03  1.093281e+04  1.613327e+04 
 3.243561e-02  4.455024e+03  8.031420e+03  1.078950e+04  1.592086e+04 
 3.288774e-02  4.396074e+03  7.924648e+03  1.064563e+04  1.570766e+04 
 3.334618e-02  4.336972e+03  7.817621e+03  1.050143e+04  1.549395e+04 
 3.381101e-02  4.277794e+03  7.710469e+03  1.035706e+04  1.528001e+04 
 3.428231e-02  4.218611e+03  7.603286e+03  1.021270e+04  1.506608e+04 
 3.476019e-02  4.159327e+03  7.496238e+03  1.006884e+04  1.485387e+04 
 3.524473e-02  4.100207e+03  7.389492e+03  9.925383e+03  1.464230e+04 
 3.573602e-02  4.041339e+03  7.283209e+03  9.782521e+03  1.443159e+04 
 3.623416e-02  3.982781e+03  7.177501e+03  9.640424e+03  1.422202e+04 
 3.673925e-02  3.924605e+03  7.072496e+03  9.499307e+03  1.401385e+04 
 3.725137e-02  3.866899e+03  6.968326e+03  9.359333e+03  1.380737e+04 
 3.777064e-02  3.809751e+03  6.865163e+03  9.220694e+03  1.360288e+04 
 3.829714e-02  3.753248e+03  6.763155e+03  9.083595e+03  1.340064e+04 
 3.883098e-02  3.697451e+03  6.662418e+03  8.948204e+03  1.320090e+04 
 3.937226e-02  3.642415e+03  6.563050e+03  8.814679e+03  1.300390e+04 
 3.992109e-02  3.588209e+03  6.465194e+03  8.683192e+03  1.280989e+04 
 4.047757e-02  3.534905e+03  6.368950e+03  8.553812e+03  1.261891e+04 
 4.104181e-02  3.482422e+03  6.273668e+03  8.425139e+03  1.242737e+04 
 4.161391e-02  3.430984e+03  6.180271e+03  8.299011e+03  1.223961e+04 
 4.219398e-02  3.380647e+03  6.088855e+03  8.175566e+03  1.205582e+04 
 4.278214e-02  3.331455e+03  5.999519e+03  8.054926e+03  1.187616e+04 
 4.337850e-02  3.283452e+03  5.912337e+03  7.937188e+03  1.170083e+04 
 4.398317e-02  3.236680e+03  5.827395e+03  7.822460e+03  1.152998e+04 
 4.459628e-02  3.191188e+03  5.744762e+03  7.710835e+03  1.136370e+04 
 4.521792e-02  3.147011e+03  5.664497e+03  7.602409e+03  1.120213e+04 
 4.584824e-02  3.104165e+03  5.586640e+03  7.497221e+03  1.104536e+04 
 4.648734e-02  3.062658e+03  5.511236e+03  7.395332e+03  1.089346e+04 
 4.713535e-02  3.022580e+03  5.439081e+03  7.298507e+03  1.075091e+04 
 4.779239e-02  2.983925e+03  5.369877e+03  7.206053e+03  1.061591e+04 
 4.845859e-02  2.946661e+03  5.303150e+03  7.116914e+03  1.048578e+04 
 4.913407e-02  2.910759e+03  5.238888e+03  7.031077e+03  1.036051e+04 
 4.981898e-02  2.876201e+03  5.177051e+03  6.948504e+03  1.024002e+04 
 5.051342e-02  2.842971e+03  5.117595e+03  6.869141e+03  1.012423e+04 
 5.121755e-02  2.811041e+03  5.060480e+03  6.792906e+03  1.001306e+04 
 5.193150e-02  2.780370e+03  5.005628e+03  6.719711e+03  9.906349e+03 
 5.265540e-02  2.750907e+03  4.952965e+03  6.649441e+03  9.803962e+03 
 5.338938e-02  2.722378e+03  4.901596e+03  6.580464e+03  9.702356e+03 
 5.413360e-02  2.694694e+03  4.851253e+03  6.512355e+03  9.600682e+03 
 5.488820e-02  2.668058e+03  4.802772e+03  6.446774e+03  9.502719e+03 
 5.565331e-02  2.642344e+03  4.755927e+03  6.383424e+03  9.408038e+03 
 5.642908e-02  2.617394e+03  4.710484e+03  6.321930e+03  9.316119e+03 
 5.721568e-02  2.593190e+03  4.666403e+03  6.262246e+03  9.226877e+03 
 5.801323e-02  2.569846e+03  4.623874e+03  6.204652e+03  9.140751e+03 
 5.882190e-02  2.547386e+03  4.582951e+03  6.149219e+03  9.057817e+03 
 5.964185e-02  2.525661e+03  4.543629e+03  6.096222e+03  8.979248e+03 
 6.047322e-02  2.504552e+03  4.506169e+03  6.046513e+03  8.907622e+03 
 6.131619e-02  2.483253e+03  4.468363e+03  5.996340e+03  8.835306e+03 
 6.217090e-02  2.461645e+03  4.429996e+03  5.945408e+03  8.761854e+03 
 6.303753e-02  2.439747e+03  4.391101e+03  5.893778e+03  8.687369e+03 
 6.391624e-02  2.417578e+03  4.351723e+03  5.841493e+03  8.611925e+03 
 6.480720e-02  2.395051e+03  4.311704e+03  5.788346e+03  8.535194e+03 
 6.571058e-02  2.371985e+03  4.270710e+03  5.733885e+03  8.456513e+03 
 6.662655e-02  2.347123e+03  4.224747e+03  5.670927e+03  8.360386e+03 
 6.755528e-02  2.321356e+03  4.177104e+03  5.605647e+03  8.260705e+03 
 6.849697e-02  2.294608e+03  4.127697e+03  5.538016e+03  8.157582e+03 
 6.945178e-02  2.266765e+03  4.076328e+03  5.467789e+03  8.050649e+03 
 7.041990e-02  2.237733e+03  4.022836e+03  5.394743e+03  7.939578e+03 
 7.140151e-02  2.207439e+03  3.967079e+03  5.318670e+03  7.824077e+03 
 7.239681e-02  2.176100e+03  3.909721e+03  5.240755e+03  7.706934e+03 
 7.340598e-02  2.143722e+03  3.850831e+03  5.161165e+03  7.588587e+03 
 7.442922e-02  2.109918e+03  3.789378e+03  5.078156e+03  7.465213e+03 
 7.546673e-02  2.074669e+03  3.725332e+03  4.991703e+03  7.336796e+03 
 7.651869e-02  2.037998e+03  3.658742e+03  4.901848e+03  7.203393e+03 
 7.758532e-02  1.999942e+03  3.589680e+03  4.808671e+03  7.065134e+03 
 7.866682e-02  1.961355e+03  3.520718e+03  4.716632e+03  6.931131e+03 
 7.976339e-02  1.922820e+03  3.453510e+03  4.628592e+03  6.807132e+03 
 8.087525e-02  1.883126e+03  3.384137e+03  4.537588e+03  6.678604e+03 
 8.200261e-02  1.842411e+03  3.312839e+03  4.443948e+03  6.546006e+03 
 8.314568e-02  1.800826e+03  3.239898e+03  4.348041e+03  6.409871e+03 
 8.430468e-02  1.758550e+03  3.165637e+03  4.250291e+03  6.270810e+03 
 8.547985e-02  1.715175e+03  3.088359e+03  4.147483e+03  6.121869e+03 
 8.667139e-02  1.671269e+03  3.009631e+03  4.042251e+03  5.968185e+03 
 8.787954e-02  1.627362e+03  2.930868e+03  3.936946e+03  5.814330e+03 
 8.910453e-02  1.583692e+03  2.852511e+03  3.832159e+03  5.661161e+03 
 9.034660e-02  1.540496e+03  2.774987e+03  3.728463e+03  5.509532e+03 
 9.160598e-02  1.498672e+03  2.700825e+03  3.630086e+03  5.367649e+03 
 9.288292e-02  1.458368e+03  2.630173e+03  3.537127e+03  5.235406e+03 
 9.417766e-02  1.419197e+03  2.561460e+03  3.446706e+03  5.106690e+03 
 9.549045e-02  1.381370e+03  2.495078e+03  3.359342e+03  4.982280e+03 
 9.682153e-02  1.345078e+03  2.431401e+03  3.275522e+03  4.862910e+03 
 9.817117e-02  1.310739e+03  2.371568e+03  3.197133e+03  4.752150e+03 
 9.953962e-02  1.278364e+03  2.315340e+03  3.123655e+03  4.648722e+03 
 1.009272e-01  1.247984e+03  2.262636e+03  3.054846e+03  4.552004e+03 
 1.023340e-01  1.219676e+03  2.213602e+03  2.990904e+03  4.462340e+03 
 1.037605e-01  1.192906e+03  2.166590e+03  2.928984e+03  4.374054e+03 
 1.052069e-01  1.166110e+03  2.116867e+03  2.861003e+03  4.271221e+03 
 1.066734e-01  1.141560e+03  2.071283e+03  2.798653e+03  4.176831e+03 
 1.081604e-01  1.119186e+03  2.029709e+03  2.741726e+03  4.090601e+03 
 1.096681e-01  1.098891e+03  1.991951e+03  2.689974e+03  4.012127e+03 
 1.111968e-01  1.080598e+03  1.957973e+03  2.643364e+03  3.940768e+03 
 1.127468e-01  1.064089e+03  1.927255e+03  2.601159e+03  3.876003e+03 
 1.143184e-01  1.049156e+03  1.899423e+03  2.562819e+03  3.817078e+03 
 1.159120e-01  1.035552e+03  1.874033e+03  2.527814e+03  3.763134e+03 
 1.175277e-01  1.023619e+03  1.852290e+03  2.498219e+03  3.718039e+03 
 1.191660e-01  1.012529e+03  1.832122e+03  2.470782e+03  3.676272e+03 
 1.208271e-01  1.001925e+03  1.812840e+03  2.444518e+03  3.636286e+03 
 1.225114e-01  9.914364e+02  1.793773e+03  2.418520e+03  3.596704e+03 
 1.242191e-01  9.803763e+02  1.773334e+03  2.390587e+03  3.554464e+03 
 1.259506e-01  9.688587e+02  1.752048e+03  2.361537e+03  3.510592e+03 
 1.277063e-01  9.566024e+02  1.729451e+03  2.330695e+03  3.464039e+03 
 1.294865e-01  9.436894e+02  1.705888e+03  2.298656e+03  3.415667e+03 
 1.312915e-01  9.299543e+02  1.681074e+03  2.265061e+03  3.364945e+03 
 1.331216e-01  9.148217e+02  1.653741e+03  2.228032e+03  3.309142e+03 
 1.349772e-01  8.982151e+02  1.623762e+03  2.187468e+03  3.248241e+03 
 1.368587e-01  8.812358e+02  1.594877e+03  2.150387e+03  3.198054e+03 
 1.387665e-01  8.626885e+02  1.563073e+03  2.109347e+03  3.141760e+03 
 1.407008e-01  8.426890e+02  1.528570e+03  2.064547e+03  3.079753e+03 
 1.426621e-01  8.224072e+02  1.494112e+03  2.019905e+03  3.017614e+03 
 1.446507e-01  8.013251e+02  1.458272e+03  1.973421e+03  2.952336e+03 
 1.466671e-01  7.793963e+02  1.420748e+03  1.924550e+03  2.883309e+03 
 1.487115e-01  7.553224e+02  1.377726e+03  1.867197e+03  2.800106e+03 
 1.507845e-01  7.300587e+02  1.331486e+03  1.804814e+03  2.708327e+03 
 1.528864e-01  7.051376e+02  1.285869e+03  1.743202e+03  2.617639e+03 
 1.550175e-01  6.825768e+02  1.246321e+03  1.691197e+03  2.543909e+03 
 1.571784e-01  6.621133e+02  1.211733e+03  1.646807e+03  2.483266e+03 
 1.593694e-01  6.428087e+02  1.179100e+03  1.604924e+03  2.426090e+03 
 1.615909e-01  6.253288e+02  1.149921e+03  1.567676e+03  2.375309e+03 
 1.638434e-01  6.096397e+02  1.123994e+03  1.534736e+03  2.330666e+03 
 1.661273e-01  5.956646e+02  1.101096e+03  1.505827e+03  2.291886e+03 
 1.684430e-01  5.805023e+02  1.073379e+03  1.468563e+03  2.237660e+03 
 1.707910e-01  5.668235e+02  1.048089e+03  1.434384e+03  2.187729e+03 
 1.731717e-01  5.552510e+02  1.026959e+03  1.405992e+03  2.146441e+03 
 1.755856e-01  5.467402e+02  1.012538e+03  1.387174e+03  2.119286e+03 
 1.780332e-01  5.395052e+02  1.000464e+03  1.371566e+03  2.097013e+03 
 1.805149e-01  5.316309e+02  9.852705e+02  1.350049e+03  2.062547e+03 
 1.830312e-01  5.234300e+02  9.683261e+02  1.325181e+03  2.021103e+03 
 1.855825e-01  5.155922e+02  9.522818e+02  1.301803e+03  1.982543e+03 
 1.881694e-01  5.080611e+02  9.380216e+02  1.282308e+03  1.953327e+03 
 1.907924e-01  5.001214e+02  9.230155e+02  1.261805e+03  1.922622e+03 
 1.934520e-01  4.911560e+02  9.060875e+02  1.238862e+03  1.889382e+03 
 1.961486e-01  4.811565e+02  8.872417e+02  1.213363e+03  1.852628e+03 
 1.988828e-01  4.712399e+02  8.692971e+02  1.189401e+03  1.818155e+03 
 2.016551e-01  4.618767e+02  8.534419e+02  1.168721e+03  1.788583e+03 
 2.044661e-01  4.513103e+02  8.351465e+02  1.144541e+03  1.753425e+03 
 2.073162e-01  4.392697e+02  8.131107e+02  1.114458e+03  1.707989e+03 
 2.102061e-01  4.265124e+02  7.897177e+02  1.082504e+03  1.659671e+03 
 2.131362e-01  4.167618e+02  7.757814e+02  1.066350e+03  1.639803e+03 
 2.161073e-01  4.069643e+02  7.617571e+02  1.050082e+03  1.619756e+03 
 2.191197e-01  3.947779e+02  7.412054e+02  1.023932e+03  1.585001e+03 
 2.221741e-01  3.825603e+02  7.200385e+02  9.966398e+02  1.548340e+03 
 2.252711e-01  3.715493e+02  7.014666e+02  9.731084e+02  1.517223e+03 
 2.284112e-01  3.616825e+02  6.850784e+02  9.525766e+02  1.490474e+03 
 2.315951e-01  3.530859e+02  6.701213e+02  9.326759e+02  1.460861e+03 
 2.348235e-01  3.457638e+02  6.572177e+02  9.151438e+02  1.433594e+03 
 2.380968e-01  3.376232e+02  6.414112e+02  8.930294e+02  1.399595e+03 
 2.414157e-01  3.300117e+02  6.262866e+02  8.717288e+02  1.366961e+03 
 2.447809e-01  3.227044e+02  6.120207e+02  8.519796e+02  1.336778e+03 
 2.481930e-01  3.159623e+02  5.989158e+02  8.338929e+02  1.309166e+03 
 2.516527e-01  3.120940e+02  5.922971e+02  8.248636e+02  1.294922e+03 
 2.551606e-01  3.073486e+02  5.836710e+02  8.130140e+02  1.276728e+03 
 2.587174e-01  2.998208e+02  5.686655e+02  7.921969e+02  1.245968e+03 
 2.623238e-01  2.933601e+02  5.567734e+02  7.761788e+02  1.222803e+03 
 2.659804e-01  2.880339e+02  5.482037e+02  7.652818e+02  1.207726e+03 
 2.696881e-01  2.807826e+02  5.352815e+02  7.481308e+02  1.182567e+03 
 2.734474e-01  2.726820e+02  5.205694e+02  7.284538e+02  1.153436e+03 
 2.772591e-01  2.663294e+02  5.104392e+02  7.160433e+02  1.137865e+03 
 2.811239e-01  2.595109e+02  4.989205e+02  7.015110e+02  1.119567e+03 
 2.850426e-01  2.523951e+02  4.861928e+02  6.850753e+02  1.099190e+03 
 2.890160e-01  2.457348e+02  4.750916e+02  6.709205e+02  1.079386e+03 
 2.930447e-01  2.395574e+02  4.646005e+02  6.570426e+02  1.058279e+03 
 2.971296e-01  2.338330e+02  4.536023e+02  6.407947e+02  1.030456e+03 
 3.012714e-01  2.287222e+02  4.447453e+02  6.290776e+02  1.013201e+03 
 3.054710e-01  2.239092e+02  4.366157e+02  6.188604e+02  9.996375e+02 
 3.097291e-01  2.183777e+02  4.262714e+02  6.050965e+02  9.804125e+02 
 3.140465e-01  2.134918e+02  4.164560e+02  5.910280e+02  9.574686e+02 
 3.184242e-01  2.092047e+02  4.079515e+02  5.788168e+02  9.374957e+02 
 3.228628e-01  2.057849e+02  4.021814e+02  5.714713e+02  9.283489e+02 
 3.273634e-01  2.010142e+02  3.927265e+02  5.579843e+02  9.069944e+02 
 3.319266e-01  1.959428e+02  3.830576e+02  5.447398e+02  8.873353e+02 
 3.365535e-01  1.909634e+02  3.743172e+02  5.335803e+02  8.725978e+02 
 3.412449e-01  1.873578e+02  3.695869e+02  5.280565e+02  8.640968e+02 
 3.460016e-01  1.833339e+02  3.631238e+02  5.197964e+02  8.525850e+02 
 3.508247e-01  1.793013e+02  3.560431e+02  5.103868e+02  8.388632e+02 
 3.557150e-01  1.753606e+02  3.488297e+02  5.006428e+02  8.239825e+02 
 3.606735e-01  1.708886e+02  3.409227e+02  4.902874e+02  8.095012e+02 
 3.657011e-01  1.656943e+02  3.311730e+02  4.769826e+02  7.908291e+02 
 3.707988e-01  1.615371e+02  3.232219e+02  4.661361e+02  7.747903e+02 
 3.759675e-01  1.578435e+02  3.161582e+02  4.564473e+02  7.602954e+02 
 3.812083e-01  1.541621e+02  3.094979e+02  4.474575e+02  7.470897e+02 
 3.865221e-01  1.511116e+02  3.049788e+02  4.422155e+02  7.387847e+02 
 3.919100e-01  1.479747e+02  2.978498e+02  4.314534e+02  7.238080e+02 
 3.973730e-01  1.444487e+02  2.919782e+02  4.241386e+02  7.124891e+02 
 4.029122e-01  1.415025e+02  2.873914e+02  4.178846e+02  7.013769e+02 
 4.085286e-01  1.385170e+02  2.811713e+02  4.090273e+02  6.886690e+02 
 4.142232e-01  1.349172e+02  2.739610e+02  3.994585e+02  6.765162e+02 
 4.199973e-01  1.313475e+02  2.678207e+02  3.916566e+02  6.651990e+02 
 4.258518e-01  1.284172e+02  2.624534e+02  3.841328e+02  6.525231e+02 
 4.317880e-01  1.253235e+02  2.565335e+02  3.754844e+02  6.392053e+02 
 4.378069e-01  1.226390e+02  2.512124e+02  3.679353e+02  6.269457e+02 
 4.439097e-01  1.204201e+02  2.477214e+02  3.636641e+02  6.224664e+02 
 4.500975e-01  1.171039e+02  2.416159e+02  3.554097e+02  6.104328e+02 
 4.563716e-01  1.143318e+02  2.359860e+02  3.473409e+02  5.964104e+02 
 4.627332e-01  1.125217e+02  2.334693e+02  3.446016e+02  5.937490e+02 
 4.691835e-01  1.095879e+02  2.277647e+02  3.365325e+02  5.805406e+02 
 4.757236e-01  1.074354e+02  2.235779e+02  3.307817e+02  5.717856e+02 
 4.823549e-01  1.045102e+02  2.177494e+02  3.225960e+02  5.605042e+02 
 4.890787e-01  1.021514e+02  2.132000e+02  3.164802e+02  5.510694e+02 
 4.958962e-01  1.003313e+02  2.097148e+02  3.111798e+02  5.415813e+02 
 5.028087e-01  9.792122e+01  2.055785e+02  3.056179e+02  5.334538e+02 
 5.098176e-01  9.598277e+01  2.020343e+02  3.005977e+02  5.240379e+02 
 5.169242e-01  9.421443e+01  1.987240e+02  2.961325e+02  5.180268e+02 
 5.241298e-01  9.106868e+01  1.933763e+02  2.895344e+02  5.098793e+02 
 5.314359e-01  8.939337e+01  1.908289e+02  2.861372e+02  5.044495e+02 
 5.388438e-01  8.743642e+01  1.865054e+02  2.797281e+02  4.947246e+02 
 5.463550e-01  8.576845e+01  1.832971e+02  2.750311e+02  4.869839e+02 
 5.539709e-01  8.335128e+01  1.790248e+02  2.696082e+02  4.787488e+02 
 5.616930e-01  8.175499e+01  1.759603e+02  2.653048e+02  4.723505e+02 
 5.695227e-01  8.002332e+01  1.730649e+02  2.617167e+02  4.654424e+02 
 5.774615e-01  7.813937e+01  1.688372e+02  2.554645e+02  4.564498e+02 
 5.855110e-01  7.665646e+01  1.661575e+02  2.514648e+02  4.497383e+02 
 5.936727e-01  7.480701e+01  1.620261e+02  2.457067e+02  4.410932e+02 
 6.019482e-01  7.342490e+01  1.598591e+02  2.423570e+02  4.351459e+02 
 6.103390e-01  7.158642e+01  1.567240e+02  2.383377e+02  4.284350e+02 
 6.188468e-01  6.992585e+01  1.538829e+02  2.355741e+02  4.261912e+02 
 6.274732e-01  6.866087e+01  1.508061e+02  2.303986e+02  4.177521e+02 
 6.362198e-01  6.716761e+01  1.482895e+02  2.268288e+02  4.110606e+02 
 6.450884e-01  6.549114e+01  1.452703e+02  2.227025e+02  4.042001e+02 
 6.540806e-01  6.405119e+01  1.419333e+02  2.177091e+02  3.968597e+02 
 6.631981e-01  6.252061e+01  1.394566e+02  2.149480e+02  3.924337e+02 
 6.724427e-01  6.124204e+01  1.367806e+02  2.112132e+02  3.876681e+02 
 6.818162e-01  5.982087e+01  1.341172e+02  2.067392e+02  3.795898e+02 
 6.913204e-01  5.845676e+01  1.313971e+02  2.032514e+02  3.738570e+02 
 7.009570e-01  5.755596e+01  1.292569e+02  2.001154e+02  3.686216e+02 
 7.107280e-01  5.599096e+01  1.268175e+02  1.968182e+02  3.624715e+02 
 7.206351e-01  5.505231e+01  1.246730e+02  1.939127e+02  3.588742e+02 
 7.306804e-01  5.385594e+01  1.225919e+02  1.906279e+02  3.522972e+02 
 7.408657e-01  5.260135e+01  1.199904e+02  1.869645e+02  3.472689e+02 
 7.511929e-01  5.141996e+01  1.176018e+02  1.838764e+02  3.422993e+02 
 7.616642e-01  5.037820e+01  1.153162e+02  1.806710e+02  3.373929e+02 
 7.722814e-01  4.962311e+01  1.139973e+02  1.784996e+02  3.325233e+02 
 7.830465e-01  4.852887e+01  1.116244e+02  1.752048e+02  3.278124e+02 
 7.939618e-01  4.755179e+01  1.099823e+02  1.726811e+02  3.240271e+02 
 8.050292e-01  4.643149e+01  1.077315e+02  1.700016e+02  3.194890e+02 
 8.162509e-01  4.553326e+01  1.059912e+02  1.670042e+02  3.136199e+02 
 8.276289e-01  4.436112e+01  1.036700e+02  1.639711e+02  3.091908e+02 
 8.391656e-01  4.371298e+01  1.022849e+02  1.614562e+02  3.053697e+02 
 8.508632e-01  4.286532e+01  1.003740e+02  1.589957e+02  3.010006e+02 
 8.627237e-01  4.184144e+01  9.857278e+01  1.563829e+02  2.959428e+02 
 8.747496e-01  4.101479e+01  9.672489e+01  1.538096e+02  2.917514e+02 
 8.869432e-01  4.023145e+01  9.519570e+01  1.515393e+02  2.878633e+02 
 8.993067e-01  3.934978e+01  9.352379e+01  1.490389e+02  2.834226e+02 
 9.118425e-01  3.868545e+01  9.180139e+01  1.463619e+02  2.782341e+02 
 9.245531e-01  3.777766e+01  9.012173e+01  1.438850e+02  2.748326e+02 
 9.374409e-01  3.698854e+01  8.856514e+01  1.417983e+02  2.709872e+02 
 9.505083e-01  3.630485e+01  8.703958e+01  1.395700e+02  2.669955e+02 
 9.637579e-01  3.548296e+01  8.524219e+01  1.369288e+02  2.627884e+02 
 9.771921e-01  3.493004e+01  8.457721e+01  1.355227e+02  2.592245e+02 
 9.908137e-01  3.419700e+01  8.286468e+01  1.331127e+02  2.555743e+02 
 1.004625e+00  3.348148e+01  8.121549e+01  1.306704e+02  2.510598e+02 
 1.018629e+00  3.286730e+01  7.995630e+01  1.286942e+02  2.472691e+02 
 1.032828e+00  3.216840e+01  7.853066e+01  1.267782e+02  2.443698e+02 
 1.047225e+00  3.147652e+01  7.726287e+01  1.246427e+02  2.399835e+02 
 1.061823e+00  3.092571e+01  7.611778e+01  1.228182e+02  2.364625e+02 
 1.076624e+00  3.029558e+01  7.478639e+01  1.208461e+02  2.327782e+02 
 1.091632e+00  2.973847e+01  7.347754e+01  1.189898e+02  2.291945e+02 
 1.106848e+00  2.911312e+01  7.210186e+01  1.170202e+02  2.258444e+02 
 1.122277e+00  2.854287e+01  7.099632e+01  1.150399e+02  2.219888e+02 
 1.137921e+00  2.797652e+01  6.969027e+01  1.131553e+02  2.186113e+02 
 1.153783e+00  2.747177e+01  6.854033e+01  1.113720e+02  2.154562e+02 
 1.169866e+00  2.695805e+01  6.744764e+01  1.096335e+02  2.123335e+02 
 1.186174e+00  2.641614e+01  6.637467e+01  1.079097e+02  2.088552e+02 
 1.202708e+00  2.593747e+01  6.526485e+01  1.062494e+02  2.056687e+02 
 1.219473e+00  2.546330e+01  6.423137e+01  1.046540e+02  2.022576e+02 
 1.236472e+00  2.496721e+01  6.317461e+01  1.030695e+02  1.993116e+02 
 1.253708e+00  2.450617e+01  6.208397e+01  1.012572e+02  1.961802e+02 
 1.271184e+00  2.405126e+01  6.126396e+01  9.994971e+01  1.930535e+02 
 1.288904e+00  2.359182e+01  6.003258e+01  9.807170e+01  1.901546e+02 
 1.306870e+00  2.312635e+01  5.901940e+01  9.648769e+01  1.868955e+02 
 1.325087e+00  2.273177e+01  5.809298e+01  9.499006e+01  1.836879e+02 
 1.343558e+00  2.230433e+01  5.711602e+01  9.342619e+01  1.806764e+02 
 1.362287e+00  2.191278e+01  5.614672e+01  9.179751e+01  1.776531e+02 
 1.381276e+00  2.149566e+01  5.522977e+01  9.015283e+01  1.746542e+02 
 1.400531e+00  2.111358e+01  5.432057e+01  8.875226e+01  1.715704e+02 
 1.420053e+00  2.070995e+01  5.335410e+01  8.733448e+01  1.686954e+02 
 1.439848e+00  2.034086e+01  5.253169e+01  8.581437e+01  1.658863e+02 
 1.459919e+00  1.994640e+01  5.163475e+01  8.439316e+01  1.628883e+02 
 1.480269e+00  1.963142e+01  5.069961e+01  8.289355e+01  1.598393e+02 
 1.500903e+00  1.926986e+01  4.988699e+01  8.147257e+01  1.573146e+02 
 1.521825e+00  1.891110e+01  4.910954e+01  8.017878e+01  1.545451e+02 
 1.543038e+00  1.855804e+01  4.826407e+01  7.888944e+01  1.519704e+02 
 1.564548e+00  1.825224e+01  4.746359e+01  7.751114e+01  1.491230e+02 
 1.586357e+00  1.792457e+01  4.670021e+01  7.620669e+01  1.463664e+02 
 1.608469e+00  1.758265e+01  4.590723e+01  7.489698e+01  1.438529e+02 
 1.630891e+00  1.732031e+01  4.505679e+01  7.344757e+01  1.409568e+02 
 1.653624e+00  1.698474e+01  4.428468e+01  7.224053e+01  1.385796e+02 
 1.676675e+00  1.667904e+01  4.360014e+01  7.103246e+01  1.359128e+02 
 1.700047e+00  1.637885e+01  4.286159e+01  6.975936e+01  1.333888e+02 
 1.723745e+00  1.610545e+01  4.210680e+01  6.850991e+01  1.307247e+02 
 1.747773e+00  1.580192e+01  4.135937e+01  6.724734e+01  1.282411e+02 
 1.772136e+00  1.552688e+01  4.065698e+01  6.603756e+01  1.259033e+02 
 1.796838e+00  1.526114e+01  3.994129e+01  6.486210e+01  1.234551e+02 
 1.821885e+00  1.501670e+01  3.924389e+01  6.365839e+01  1.210991e+02 
 1.847281e+00  1.474728e+01  3.862690e+01  6.257056e+01  1.187578e+02 
 1.873032e+00  1.449550e+01  3.792621e+01  6.132962e+01  1.164377e+02 
 1.899141e+00  1.424009e+01  3.722877e+01  6.022938e+01  1.141918e+02 
 1.925614e+00  1.400390e+01  3.659712e+01  5.913348e+01  1.118626e+02 
 1.952456e+00  1.379579e+01  3.599441e+01  5.805943e+01  1.096186e+02 
 1.979672e+00  1.352774e+01  3.537208e+01  5.699135e+01  1.074249e+02 
 2.007267e+00  1.331133e+01  3.473569e+01  5.582909e+01  1.052530e+02 
 2.035248e+00  1.306630e+01  3.407654e+01  5.474403e+01  1.030445e+02 
 2.063618e+00  1.283893e+01  3.344043e+01  5.368106e+01  1.008621e+02 
 2.092383e+00  1.262261e+01  3.282943e+01  5.261389e+01  9.876086e+01 
 2.121550e+00  1.239812e+01  3.221487e+01  5.158930e+01  9.664682e+01 
 2.151123e+00  1.219018e+01  3.162907e+01  5.055004e+01  9.456495e+01 
 2.181109e+00  1.197695e+01  3.102458e+01  4.955182e+01  9.261184e+01 
 2.211512e+00  1.177376e+01  3.042668e+01  4.852728e+01  9.049831e+01 
 2.242340e+00  1.157196e+01  2.988977e+01  4.757321e+01  8.859679e+01 
 2.273597e+00  1.136267e+01  2.932084e+01  4.656991e+01  8.667204e+01 
 2.305289e+00  1.118341e+01  2.876677e+01  4.564082e+01  8.480478e+01 
 2.337424e+00  1.099213e+01  2.820616e+01  4.469319e+01  8.298953e+01 
 2.370006e+00  1.080139e+01  2.766899e+01  4.379145e+01  8.116897e+01 
 2.403043e+00  1.060612e+01  2.714290e+01  4.286099e+01  7.934694e+01 
 2.436540e+00  1.043333e+01  2.662792e+01  4.197544e+01  7.757272e+01 
 2.470504e+00  1.025033e+01  2.610822e+01  4.106678e+01  7.581184e+01 
 2.504942e+00  1.007285e+01  2.560479e+01  4.021055e+01  7.410337e+01 
 2.539859e+00  9.902725e+00  2.508795e+01  3.932790e+01  7.238363e+01 
 2.575263e+00  9.719574e+00  2.457365e+01  3.849946e+01  7.075618e+01 
 2.611161e+00  9.555943e+00  2.407975e+01  3.764250e+01  6.912453e+01 
 2.647559e+00  9.387779e+00  2.358994e+01  3.680010e+01  6.748407e+01 
 2.684465e+00  9.223799e+00  2.312294e+01  3.599304e+01  6.590868e+01 
 2.721885e+00  9.055149e+00  2.262953e+01  3.519765e+01  6.437211e+01 
 2.759826e+00  8.897776e+00  2.215425e+01  3.440351e+01  6.286831e+01 
 2.798297e+00  8.738479e+00  2.170580e+01  3.364235e+01  6.141776e+01 
 2.837304e+00  8.585718e+00  2.125353e+01  3.288914e+01  5.996233e+01 
 2.876854e+00  8.432575e+00  2.080817e+01  3.214176e+01  5.855438e+01 
 2.916956e+00  8.284102e+00  2.037776e+01  3.142026e+01  5.715207e+01 
 2.957617e+00  8.139957e+00  1.995409e+01  3.071944e+01  5.580184e+01 
 2.998844e+00  7.994341e+00  1.953602e+01  3.001748e+01  5.447134e+01 
 3.040646e+00  7.850425e+00  1.911431e+01  2.932574e+01  5.320042e+01 
 3.083031e+00  7.709061e+00  1.869871e+01  2.864968e+01  5.192203e+01 
 3.126007e+00  7.571647e+00  1.830074e+01  2.798582e+01  5.064973e+01 
 3.169582e+00  7.431179e+00  1.789043e+01  2.731784e+01  4.942086e+01 
 3.213764e+00  7.293918e+00  1.749786e+01  2.667479e+01  4.822006e+01 
 3.258562e+00  7.156228e+00  1.711450e+01  2.604508e+01  4.703740e+01 
 3.303985e+00  7.022853e+00  1.672530e+01  2.542165e+01  4.588383e+01 
 3.350041e+00  6.892010e+00  1.634446e+01  2.480862e+01  4.475144e+01 
 3.396739e+00  6.760767e+00  1.597713e+01  2.422029e+01  4.363060e+01 
 3.444087e+00  6.634883e+00  1.561260e+01  2.362530e+01  4.255815e+01 
 3.492096e+00  6.510581e+00  1.526218e+01  2.306314e+01  4.152037e+01 
 3.540774e+00  6.383708e+00  1.491615e+01  2.251161e+01  4.049869e+01 
 3.590130e+00  6.264122e+00  1.457219e+01  2.196407e+01  3.950440e+01 
 3.640175e+00  6.146896e+00  1.424077e+01  2.144168e+01  3.853215e+01 
 3.690917e+00  6.027901e+00  1.392017e+01  2.091512e+01  3.757818e+01 
 3.742366e+00  5.911713e+00  1.359258e+01  2.040984e+01  3.666167e+01 
 3.794533e+00  5.799203e+00  1.328021e+01  1.991314e+01  3.575218e+01 
 3.847427e+00  5.685167e+00  1.296739e+01  1.942167e+01  3.486873e+01 
 3.901058e+00  5.570846e+00  1.266228e+01  1.894607e+01  3.399182e+01 
 3.955436e+00  5.462398e+00  1.236107e+01  1.846662e+01  3.313185e+01 
 4.010573e+00  5.351018e+00  1.206503e+01  1.801147e+01  3.230469e+01 
 4.066478e+00  5.242343e+00  1.177116e+01  1.755644e+01  3.148410e+01 
 4.123163e+00  5.134567e+00  1.148963e+01  1.711501e+01  3.068333e+01 
 4.180637e+00  5.030287e+00  1.121284e+01  1.668677e+01  2.990186e+01 
 4.238913e+00  4.926766e+00  1.093884e+01  1.626300e+01  2.914716e+01 
 4.298001e+00  4.823349e+00  1.067242e+01  1.585408e+01  2.840622e+01 
 4.357913e+00  4.726242e+00  1.041119e+01  1.545796e+01  2.769404e+01 
 4.418660e+00  4.627432e+00  1.016130e+01  1.506684e+01  2.700005e+01 
 4.480254e+00  4.530813e+00  9.912101e+00  1.468939e+01  2.631965e+01 
 4.542706e+00  4.437632e+00  9.669561e+00  1.431940e+01  2.565600e+01 
 4.606029e+00  4.344505e+00  9.435353e+00  1.396139e+01  2.501652e+01 
 4.670234e+00  4.252756e+00  9.204890e+00  1.361268e+01  2.438958e+01 
 4.735335e+00  4.162808e+00  8.979404e+00  1.326857e+01  2.377218e+01 
 4.801343e+00  4.074980e+00  8.758358e+00  1.293331e+01  2.316732e+01 
 4.868271e+00  3.986645e+00  8.539796e+00  1.260205e+01  2.257450e+01 
 4.936132e+00  3.899630e+00  8.325117e+00  1.227818e+01  2.199515e+01 
 5.004939e+00  3.813731e+00  8.115882e+00  1.196223e+01  2.142885e+01 
 5.074705e+00  3.728890e+00  7.910213e+00  1.165189e+01  2.087532e+01 
 5.145444e+00  3.646599e+00  7.709618e+00  1.135167e+01  2.033647e+01 
 5.217169e+00  3.564645e+00  7.513432e+00  1.105520e+01  1.980608e+01 
 5.289893e+00  3.485912e+00  7.323408e+00  1.077268e+01  1.929832e+01 
 5.363631e+00  3.406757e+00  7.137584e+00  1.049212e+01  1.879865e+01 
 5.438397e+00  3.330876e+00  6.956055e+00  1.022220e+01  1.831254e+01 
 5.514206e+00  3.256088e+00  6.780321e+00  9.959239e+00  1.784183e+01 
 5.591071e+00  3.182246e+00  6.608917e+00  9.703137e+00  1.738294e+01 
 5.669007e+00  3.111458e+00  6.442207e+00  9.454787e+00  1.693958e+01 
 5.748030e+00  3.041303e+00  6.279906e+00  9.211154e+00  1.650259e+01 
 5.828155e+00  2.972256e+00  6.121174e+00  8.975664e+00  1.607823e+01 
 5.909396e+00  2.904525e+00  5.965890e+00  8.744515e+00  1.566438e+01 
 5.991770e+00  2.837572e+00  5.813267e+00  8.516736e+00  1.525884e+01 
 6.075292e+00  2.771866e+00  5.664638e+00  8.295439e+00  1.485921e+01 
 6.159978e+00  2.707116e+00  5.518152e+00  8.078839e+00  1.447004e+01 
 6.245845e+00  2.643522e+00  5.375423e+00  7.867322e+00  1.408961e+01 
 6.332908e+00  2.581030e+00  5.235485e+00  7.659911e+00  1.371619e+01 
 6.421186e+00  2.520076e+00  5.099592e+00  7.458035e+00  1.335364e+01 
 6.510694e+00  2.460085e+00  4.966975e+00  7.261787e+00  1.300119e+01 
 6.601449e+00  2.401926e+00  4.838277e+00  7.071049e+00  1.265754e+01 
 6.693470e+00  2.344593e+00  4.712423e+00  6.884936e+00  1.232308e+01 
 6.786773e+00  2.289002e+00  4.579668e+00  6.704365e+00  1.199922e+01 
 6.881377e+00  2.235062e+00  4.472348e+00  6.528997e+00  1.168282e+01 
 6.977300e+00  2.182118e+00  4.357577e+00  6.359786e+00  1.137632e+01 
 7.074559e+00  2.130883e+00  4.245712e+00  6.193838e+00  1.107775e+01 
 7.173175e+00  2.080404e+00  4.137003e+00  6.032931e+00  1.078773e+01 
 7.273165e+00  2.031346e+00  4.031043e+00  5.876862e+00  1.050505e+01 
 7.374549e+00  1.983035e+00  3.927418e+00  5.723410e+00  1.022959e+01 
 7.477346e+00  1.935475e+00  3.826231e+00  5.574084e+00  9.958625e+00 
 7.581576e+00  1.889047e+00  3.726702e+00  5.427203e+00  9.693901e+00 
 7.687260e+00  1.843287e+00  3.629931e+00  5.283954e+00  9.435892e+00 
 7.794416e+00  1.798670e+00  3.535257e+00  5.143822e+00  9.182973e+00 
 7.903066e+00  1.754968e+00  3.442426e+00  5.006911e+00  8.935874e+00 
 8.013230e+00  1.712250e+00  3.352775e+00  4.874636e+00  8.696128e+00 
 8.124930e+00  1.670518e+00  3.265167e+00  4.745369e+00  8.462397e+00 
 8.238187e+00  1.630024e+00  3.179917e+00  4.619399e+00  8.235092e+00 
 8.353023e+00  1.590473e+00  3.097217e+00  4.497502e+00  8.014382e+00 
 8.469460e+00  1.552111e+00  3.017137e+00  4.379198e+00  7.800114e+00 
 8.587519e+00  1.514801e+00  2.939234e+00  4.264041e+00  7.592059e+00 
 8.707225e+00  1.478500e+00  2.863519e+00  4.152562e+00  7.390349e+00 
 8.828599e+00  1.443227e+00  2.790266e+00  4.044410e+00  7.193937e+00 
 8.951665e+00  1.408787e+00  2.719037e+00  3.938985e+00  7.003632e+00 
 9.076446e+00  1.375288e+00  2.649598e+00  3.836665e+00  6.818310e+00 
 9.202967e+00  1.342464e+00  2.581851e+00  3.736958e+00  6.637058e+00 
 9.331251e+00  1.310247e+00  2.515463e+00  3.638904e+00  6.459926e+00 
 9.461324e+00  0.000000e+00  0.000000e+00  0.000000e+00  0.000000e+00 
 9.593209e+00  0.000000e+00  0.000000e+00  0.000000e+00  0.000000e+00 
 9.726934e+00  0.000000e+00  0.000000e+00  0.000000e+00  0.000000e+00 
 9.862522e+00  0.000000e+00  0.000000e+00  0.000000e+00  0.000000e+00 
 1.000000e+01  0.000000e+00  0.000000e+00  0.000000e+00  0.000000e+00 
