 1.000000e-02  5.587190e+03  1.048222e+04  1.441905e+04  2.183279e+04 
 1.013939e-02  5.618116e+03  1.054002e+04  1.449858e+04  2.195258e+04 
 1.028073e-02  5.648555e+03  1.059690e+04  1.457684e+04  2.207049e+04 
 1.042404e-02  5.678499e+03  1.065288e+04  1.465368e+04  2.218651e+04 
 1.056935e-02  5.707931e+03  1.070793e+04  1.472910e+04  2.230051e+04 
 1.071668e-02  5.736816e+03  1.076196e+04  1.480318e+04  2.241237e+04 
 1.086606e-02  5.765156e+03  1.081492e+04  1.487592e+04  2.252200e+04 
 1.101753e-02  5.792933e+03  1.086680e+04  1.494720e+04  2.262932e+04 
 1.117111e-02  5.820109e+03  1.091758e+04  1.501689e+04  2.273426e+04 
 1.132683e-02  5.846664e+03  1.096718e+04  1.508495e+04  2.283674e+04 
 1.148472e-02  5.872597e+03  1.101564e+04  1.515134e+04  2.293674e+04 
 1.164481e-02  5.897869e+03  1.106287e+04  1.521604e+04  2.303414e+04 
 1.180713e-02  5.922459e+03  1.110879e+04  1.527900e+04  2.312890e+04 
 1.197171e-02  5.946353e+03  1.115342e+04  1.534018e+04  2.322099e+04 
 1.213859e-02  5.969517e+03  1.119666e+04  1.539948e+04  2.331017e+04 
 1.230780e-02  5.991938e+03  1.123848e+04  1.545680e+04  2.339624e+04 
 1.247936e-02  6.013589e+03  1.127885e+04  1.551206e+04  2.347924e+04 
 1.265332e-02  6.034449e+03  1.131773e+04  1.556530e+04  2.355922e+04 
 1.282970e-02  6.054495e+03  1.135509e+04  1.561645e+04  2.363614e+04 
 1.300854e-02  6.073720e+03  1.139091e+04  1.566547e+04  2.370981e+04 
 1.318987e-02  6.092106e+03  1.142513e+04  1.571232e+04  2.377997e+04 
 1.337373e-02  6.109611e+03  1.145767e+04  1.575687e+04  2.384660e+04 
 1.356015e-02  6.126193e+03  1.148851e+04  1.579903e+04  2.390969e+04 
 1.374917e-02  6.141823e+03  1.151758e+04  1.583872e+04  2.396919e+04 
 1.394083e-02  6.156524e+03  1.154489e+04  1.587593e+04  2.402495e+04 
 1.413516e-02  6.170282e+03  1.157039e+04  1.591066e+04  2.407686e+04 
 1.433219e-02  6.183041e+03  1.159402e+04  1.594282e+04  2.412484e+04 
 1.453198e-02  6.194777e+03  1.161573e+04  1.597239e+04  2.416883e+04 
 1.473454e-02  6.205446e+03  1.163546e+04  1.599930e+04  2.420873e+04 
 1.493993e-02  6.215065e+03  1.165322e+04  1.602350e+04  2.424449e+04 
 1.514819e-02  6.223672e+03  1.166906e+04  1.604506e+04  2.427628e+04 
 1.535935e-02  6.231185e+03  1.168285e+04  1.606378e+04  2.430373e+04 
 1.557345e-02  6.237555e+03  1.169451e+04  1.607947e+04  2.432667e+04 
 1.579053e-02  6.242768e+03  1.170399e+04  1.609215e+04  2.434510e+04 
 1.601064e-02  6.246810e+03  1.171129e+04  1.610188e+04  2.435896e+04 
 1.623382e-02  6.249674e+03  1.171635e+04  1.610862e+04  2.436825e+04 
 1.646012e-02  6.251325e+03  1.171915e+04  1.611220e+04  2.437278e+04 
 1.668956e-02  6.251745e+03  1.171962e+04  1.611249e+04  2.437241e+04 
 1.692220e-02  6.250916e+03  1.171775e+04  1.610951e+04  2.436708e+04 
 1.715809e-02  6.248790e+03  1.171344e+04  1.610326e+04  2.435674e+04 
 1.739726e-02  6.245363e+03  1.170671e+04  1.609371e+04  2.434135e+04 
 1.763977e-02  6.240638e+03  1.169754e+04  1.608081e+04  2.432086e+04 
 1.788566e-02  6.234605e+03  1.168589e+04  1.606447e+04  2.429518e+04 
 1.813498e-02  6.227234e+03  1.167174e+04  1.604465e+04  2.426421e+04 
 1.838777e-02  6.218505e+03  1.165504e+04  1.602134e+04  2.422780e+04 
 1.864409e-02  6.208400e+03  1.163574e+04  1.599447e+04  2.418603e+04 
 1.890397e-02  6.196904e+03  1.161387e+04  1.596402e+04  2.413890e+04 
 1.916748e-02  6.184008e+03  1.158936e+04  1.592996e+04  2.408645e+04 
 1.943467e-02  6.169701e+03  1.156220e+04  1.589223e+04  2.402846e+04 
 1.970558e-02  6.153988e+03  1.153238e+04  1.585088e+04  2.396493e+04 
 1.998026e-02  6.136847e+03  1.149989e+04  1.580584e+04  2.389577e+04 
 2.025878e-02  6.118262e+03  1.146470e+04  1.575712e+04  2.382086e+04 
 2.054117e-02  6.098235e+03  1.142681e+04  1.570464e+04  2.374021e+04 
 2.082751e-02  6.076764e+03  1.138622e+04  1.564844e+04  2.365399e+04 
 2.111783e-02  6.053852e+03  1.134291e+04  1.558848e+04  2.356215e+04 
 2.141220e-02  6.029588e+03  1.129700e+04  1.552497e+04  2.346488e+04 
 2.171068e-02  6.004498e+03  1.124935e+04  1.545879e+04  2.336299e+04 
 2.201331e-02  5.977966e+03  1.119900e+04  1.538888e+04  2.325548e+04 
 2.232016e-02  5.950011e+03  1.114594e+04  1.531527e+04  2.314226e+04 
 2.263130e-02  5.920620e+03  1.109020e+04  1.523796e+04  2.302332e+04 
 2.294676e-02  5.889808e+03  1.103179e+04  1.515696e+04  2.289872e+04 
 2.326663e-02  5.857585e+03  1.097073e+04  1.507237e+04  2.276870e+04 
 2.359095e-02  5.823965e+03  1.090708e+04  1.498418e+04  2.263340e+04 
 2.391980e-02  5.788943e+03  1.084080e+04  1.489240e+04  2.249270e+04 
 2.425323e-02  5.752546e+03  1.077195e+04  1.479703e+04  2.234670e+04 
 2.459130e-02  5.714803e+03  1.070057e+04  1.469822e+04  2.219540e+04 
 2.493409e-02  5.675731e+03  1.062671e+04  1.459599e+04  2.203878e+04 
 2.528166e-02  5.635345e+03  1.055038e+04  1.449039e+04  2.187701e+04 
 2.563407e-02  5.593695e+03  1.047167e+04  1.438151e+04  2.171036e+04 
 2.599140e-02  5.550798e+03  1.039063e+04  1.426941e+04  2.153896e+04 
 2.635371e-02  5.506686e+03  1.030731e+04  1.415421e+04  2.136286e+04 
 2.672106e-02  5.461401e+03  1.022181e+04  1.403601e+04  2.118221e+04 
 2.709354e-02  5.414964e+03  1.013417e+04  1.391487e+04  2.099710e+04 
 2.747121e-02  5.367416e+03  1.004444e+04  1.379088e+04  2.080771e+04 
 2.785414e-02  5.318747e+03  9.952628e+03  1.366404e+04  2.061409e+04 
 2.824241e-02  5.268728e+03  9.858430e+03  1.353408e+04  2.041604e+04 
 2.863610e-02  5.217752e+03  9.762458e+03  1.340165e+04  2.021431e+04 
 2.903527e-02  5.165861e+03  9.664762e+03  1.326686e+04  2.000903e+04 
 2.944000e-02  5.113100e+03  9.565454e+03  1.312985e+04  1.980042e+04 
 2.985038e-02  5.059539e+03  9.464639e+03  1.299077e+04  1.958876e+04 
 3.026648e-02  5.005240e+03  9.362456e+03  1.284985e+04  1.937428e+04 
 3.068838e-02  4.950261e+03  9.258998e+03  1.270721e+04  1.915723e+04 
 3.111616e-02  4.894652e+03  9.154377e+03  1.256298e+04  1.893780e+04 
 3.154990e-02  4.838474e+03  9.048704e+03  1.241728e+04  1.871622e+04 
 3.198969e-02  4.781810e+03  8.942143e+03  1.227035e+04  1.849279e+04 
 3.243561e-02  4.724755e+03  8.834823e+03  1.212240e+04  1.826785e+04 
 3.288774e-02  4.667356e+03  8.726870e+03  1.197359e+04  1.804164e+04 
 3.334618e-02  4.609661e+03  8.618375e+03  1.182406e+04  1.781438e+04 
 3.381101e-02  4.551744e+03  8.509494e+03  1.167401e+04  1.758637e+04 
 3.428231e-02  4.493697e+03  8.400391e+03  1.152365e+04  1.735792e+04 
 3.476019e-02  4.435475e+03  8.291284e+03  1.137368e+04  1.713120e+04 
 3.524473e-02  4.377277e+03  8.182234e+03  1.122381e+04  1.690466e+04 
 3.573602e-02  4.319185e+03  8.073358e+03  1.107418e+04  1.667852e+04 
 3.623416e-02  4.261268e+03  7.964812e+03  1.092502e+04  1.645309e+04 
 3.673925e-02  4.203604e+03  7.856754e+03  1.077652e+04  1.622869e+04 
 3.725137e-02  4.146267e+03  7.749338e+03  1.062890e+04  1.600567e+04 
 3.777064e-02  4.089343e+03  7.642704e+03  1.048235e+04  1.578427e+04 
 3.829714e-02  4.032910e+03  7.536968e+03  1.033704e+04  1.556479e+04 
 3.883098e-02  3.977034e+03  7.432269e+03  1.019318e+04  1.534748e+04 
 3.937226e-02  3.921781e+03  7.328741e+03  1.005092e+04  1.513262e+04 
 3.992109e-02  3.867227e+03  7.226526e+03  9.910467e+03  1.492050e+04 
 4.047757e-02  3.813416e+03  7.125693e+03  9.771895e+03  1.471114e+04 
 4.104181e-02  3.760250e+03  7.025503e+03  9.633532e+03  1.450025e+04 
 4.161391e-02  3.707987e+03  6.927006e+03  9.497516e+03  1.429293e+04 
 4.219398e-02  3.656688e+03  6.830300e+03  9.363977e+03  1.408938e+04 
 4.278214e-02  3.606402e+03  6.735491e+03  9.233050e+03  1.388980e+04 
 4.337850e-02  3.557171e+03  6.642672e+03  9.104874e+03  1.369440e+04 
 4.398317e-02  3.509037e+03  6.551924e+03  8.979548e+03  1.350334e+04 
 4.459628e-02  3.462044e+03  6.463319e+03  8.857189e+03  1.331679e+04 
 4.521792e-02  3.416243e+03  6.376950e+03  8.737885e+03  1.313491e+04 
 4.584824e-02  3.371663e+03  6.292858e+03  8.621724e+03  1.295779e+04 
 4.648734e-02  3.328320e+03  6.211095e+03  8.508761e+03  1.278548e+04 
 4.713535e-02  3.286338e+03  6.132652e+03  8.401178e+03  1.262352e+04 
 4.779239e-02  3.245688e+03  6.057154e+03  8.298122e+03  1.246968e+04 
 4.845859e-02  3.206309e+03  5.984020e+03  8.198315e+03  1.232076e+04 
 4.913407e-02  3.168208e+03  5.913260e+03  8.101739e+03  1.217668e+04 
 4.981898e-02  3.131366e+03  5.844860e+03  8.008391e+03  1.203744e+04 
 5.051342e-02  3.095778e+03  5.778788e+03  7.918222e+03  1.190299e+04 
 5.121755e-02  3.061408e+03  5.714997e+03  7.831161e+03  1.177319e+04 
 5.193150e-02  3.028230e+03  5.653411e+03  7.747143e+03  1.164797e+04 
 5.265540e-02  2.996201e+03  5.593968e+03  7.666059e+03  1.152713e+04 
 5.338938e-02  2.965037e+03  5.535673e+03  7.586045e+03  1.140653e+04 
 5.413360e-02  2.934643e+03  5.478262e+03  7.506640e+03  1.128524e+04 
 5.488820e-02  2.905249e+03  5.422709e+03  7.429782e+03  1.116781e+04 
 5.565331e-02  2.876761e+03  5.368849e+03  7.355246e+03  1.105389e+04 
 5.642908e-02  2.849040e+03  5.316423e+03  7.282684e+03  1.094294e+04 
 5.721568e-02  2.821975e+03  5.265241e+03  7.211835e+03  1.083453e+04 
 5.801323e-02  2.795658e+03  5.215458e+03  7.142906e+03  1.072898e+04 
 5.882190e-02  2.770204e+03  5.167277e+03  7.076177e+03  1.062674e+04 
 5.964185e-02  2.745638e+03  5.121068e+03  7.012478e+03  1.052997e+04 
 6.047322e-02  2.721888e+03  5.077260e+03  6.953003e+03  1.044213e+04 
 6.131619e-02  2.698083e+03  5.033352e+03  6.893377e+03  1.035406e+04 
 6.217090e-02  2.673949e+03  4.988822e+03  6.832900e+03  1.026474e+04 
 6.303753e-02  2.649486e+03  4.943685e+03  6.771589e+03  1.017414e+04 
 6.391624e-02  2.624727e+03  4.898000e+03  6.709525e+03  1.008242e+04 
 6.480720e-02  2.599666e+03  4.851754e+03  6.646698e+03  9.989555e+03 
 6.571058e-02  2.574152e+03  4.804674e+03  6.582733e+03  9.894980e+03 
 6.662655e-02  2.546840e+03  4.752284e+03  6.509422e+03  9.780464e+03 
 6.755528e-02  2.518696e+03  4.698292e+03  6.433865e+03  9.662459e+03 
 6.849697e-02  2.489653e+03  4.642631e+03  6.356044e+03  9.541107e+03 
 6.945178e-02  2.459609e+03  4.585125e+03  6.275723e+03  9.416078e+03 
 7.041990e-02  2.428470e+03  4.525612e+03  6.192668e+03  9.287023e+03 
 7.140151e-02  2.396157e+03  4.463950e+03  6.106696e+03  9.153680e+03 
 7.239681e-02  2.362883e+03  4.400808e+03  6.019082e+03  9.019120e+03 
 7.340598e-02  2.328643e+03  4.336234e+03  5.929969e+03  8.883772e+03 
 7.442922e-02  2.293062e+03  4.269185e+03  5.837500e+03  8.743471e+03 
 7.546673e-02  2.256124e+03  4.199629e+03  5.741632e+03  8.598152e+03 
 7.651869e-02  2.217834e+03  4.127584e+03  5.642412e+03  8.447888e+03 
 7.758532e-02  2.178229e+03  4.053128e+03  5.539919e+03  8.292818e+03 
 7.866682e-02  2.138202e+03  3.979095e+03  5.439234e+03  8.143554e+03 
 7.976339e-02  2.098364e+03  3.907329e+03  5.343578e+03  8.006794e+03 
 8.087525e-02  2.057394e+03  3.833398e+03  5.244915e+03  7.865391e+03 
 8.200261e-02  2.015409e+03  3.757522e+03  5.143532e+03  7.719796e+03 
 8.314568e-02  1.972559e+03  3.679976e+03  5.039806e+03  7.570537e+03 
 8.430468e-02  1.928997e+03  3.601058e+03  4.934126e+03  7.418213e+03 
 8.547985e-02  1.884201e+03  3.518619e+03  4.822436e+03  7.253943e+03 
 8.667139e-02  1.838785e+03  3.434435e+03  4.707828e+03  7.083896e+03 
 8.787954e-02  1.793313e+03  3.350119e+03  4.593042e+03  6.913506e+03 
 8.910453e-02  1.748002e+03  3.266106e+03  4.478640e+03  6.743653e+03 
 9.034660e-02  1.703079e+03  3.182820e+03  4.365200e+03  6.575190e+03 
 9.160598e-02  1.659499e+03  3.103041e+03  4.257499e+03  6.417610e+03 
 9.288292e-02  1.617405e+03  3.026895e+03  4.155608e+03  6.270709e+03 
 9.417766e-02  1.576335e+03  2.952563e+03  4.056114e+03  6.127156e+03 
 9.549045e-02  1.536506e+03  2.880474e+03  3.959588e+03  5.987815e+03 
 9.682153e-02  1.498118e+03  2.810977e+03  3.866504e+03  5.853414e+03 
 9.817117e-02  1.461636e+03  2.745392e+03  3.779124e+03  5.728440e+03 
 9.953962e-02  1.427022e+03  2.683357e+03  3.696671e+03  5.611025e+03 
 1.009272e-01  1.394308e+03  2.624775e+03  3.618857e+03  5.500318e+03 
 1.023340e-01  1.363586e+03  2.569821e+03  3.545944e+03  5.396735e+03 
 1.037605e-01  1.334274e+03  2.516626e+03  3.474619e+03  5.293595e+03 
 1.052069e-01  1.304671e+03  2.459822e+03  3.395483e+03  5.171995e+03 
 1.066734e-01  1.277286e+03  2.407206e+03  3.322091e+03  5.059150e+03 
 1.081604e-01  1.252050e+03  2.358636e+03  3.254275e+03  4.954783e+03 
 1.096681e-01  1.228858e+03  2.313918e+03  3.191802e+03  4.858523e+03 
 1.111968e-01  1.207760e+03  2.273377e+03  3.135124e+03  4.770574e+03 
 1.127468e-01  1.188477e+03  2.236263e+03  3.083127e+03  4.689714e+03 
 1.143184e-01  1.170791e+03  2.202160e+03  3.035277e+03  4.615170e+03 
 1.159120e-01  1.154485e+03  2.170651e+03  2.991034e+03  4.546097e+03 
 1.175277e-01  1.140062e+03  2.143394e+03  2.953278e+03  4.487991e+03 
 1.191660e-01  1.126560e+03  2.117953e+03  2.918040e+03  4.433825e+03 
 1.208271e-01  1.113616e+03  2.093597e+03  2.884239e+03  4.381911e+03 
 1.225114e-01  1.100919e+03  2.069613e+03  2.850999e+03  4.330860e+03 
 1.242191e-01  1.087756e+03  2.044374e+03  2.815975e+03  4.277375e+03 
 1.259506e-01  1.074250e+03  2.018564e+03  2.780124e+03  4.222724e+03 
 1.277063e-01  1.060150e+03  1.991670e+03  2.742789e+03  4.165871e+03 
 1.294865e-01  1.045544e+03  1.964025e+03  2.704512e+03  4.107383e+03 
 1.312915e-01  1.030233e+03  1.935310e+03  2.664849e+03  4.046566e+03 
 1.331216e-01  1.013661e+03  1.904246e+03  2.621998e+03  3.980978e+03 
 1.349772e-01  9.957438e+02  1.870721e+03  2.575861e+03  3.910613e+03 
 1.368587e-01  9.776204e+02  1.838851e+03  2.534335e+03  3.853921e+03 
 1.387665e-01  9.580299e+02  1.804209e+03  2.488913e+03  3.791210e+03 
 1.407008e-01  9.370299e+02  1.766886e+03  2.439728e+03  3.722624e+03 
 1.426621e-01  9.157708e+02  1.729567e+03  2.390686e+03  3.653356e+03 
 1.446507e-01  8.937278e+02  1.690882e+03  2.339726e+03  3.580783e+03 
 1.466671e-01  8.708198e+02  1.650471e+03  2.286272e+03  3.504216e+03 
 1.487115e-01  8.455198e+02  1.603703e+03  2.222818e+03  3.410492e+03 
 1.507845e-01  8.188123e+02  1.553088e+03  2.153208e+03  3.306169e+03 
 1.528864e-01  7.923441e+02  1.502923e+03  2.084210e+03  3.202648e+03 
 1.550175e-01  7.683665e+02  1.459556e+03  2.026286e+03  3.119269e+03 
 1.571784e-01  7.465494e+02  1.421659e+03  1.976978e+03  3.051188e+03 
 1.593694e-01  7.257998e+02  1.385585e+03  1.930024e+03  2.986357e+03 
 1.615909e-01  7.068660e+02  1.353149e+03  1.888121e+03  2.928845e+03 
 1.638434e-01  6.896470e+02  1.323957e+03  1.850646e+03  2.877718e+03 
 1.661273e-01  6.740653e+02  1.297710e+03  1.817112e+03  2.832373e+03 
 1.684430e-01  6.569647e+02  1.265272e+03  1.773216e+03  2.767747e+03 
 1.707910e-01  6.413014e+02  1.235464e+03  1.732308e+03  2.707225e+03 
 1.731717e-01  6.278157e+02  1.210408e+03  1.697767e+03  2.656370e+03 
 1.755856e-01  6.176741e+02  1.192783e+03  1.674533e+03  2.622812e+03 
 1.780332e-01  6.088615e+02  1.177658e+03  1.654759e+03  2.594570e+03 
 1.805149e-01  5.992837e+02  1.158738e+03  1.627660e+03  2.550826e+03 
 1.830312e-01  5.893708e+02  1.137803e+03  1.596543e+03  2.498486e+03 
 1.855825e-01  5.799613e+02  1.118096e+03  1.567471e+03  2.450101e+03 
 1.881694e-01  5.710135e+02  1.100717e+03  1.543425e+03  2.413922e+03 
 1.907924e-01  5.618062e+02  1.082865e+03  1.518722e+03  2.376737e+03 
 1.934520e-01  5.515931e+02  1.062929e+03  1.491229e+03  2.336378e+03 
 1.961486e-01  5.404312e+02  1.041138e+03  1.461189e+03  2.292482e+03 
 1.988828e-01  5.295875e+02  1.020831e+03  1.433576e+03  2.252214e+03 
 2.016551e-01  5.195341e+02  1.003279e+03  1.410312e+03  2.218487e+03 
 2.044661e-01  5.082942e+02  9.831980e+02  1.383319e+03  2.178592e+03 
 2.073162e-01  4.954424e+02  9.587382e+02  1.349156e+03  2.125724e+03 
 2.102061e-01  4.818543e+02  9.328539e+02  1.312995e+03  2.069675e+03 
 2.131362e-01  4.717021e+02  9.182021e+02  1.296015e+03  2.048824e+03 
 2.161073e-01  4.614411e+02  9.033797e+02  1.278835e+03  2.027652e+03 
 2.191197e-01  4.483815e+02  8.807402e+02  1.249637e+03  1.988552e+03 
 2.221741e-01  4.351231e+02  8.570672e+02  1.218644e+03  1.946541e+03 
 2.252711e-01  4.230593e+02  8.361729e+02  1.191826e+03  1.910790e+03 
 2.284112e-01  4.121300e+02  8.175427e+02  1.168196e+03  1.879771e+03 
 2.315951e-01  4.025572e+02  8.004877e+02  1.145161e+03  1.844856e+03 
 2.348235e-01  3.942043e+02  7.854115e+02  1.124351e+03  1.811816e+03 
 2.380968e-01  3.848263e+02  7.667306e+02  1.097797e+03  1.770429e+03 
 2.414157e-01  3.759598e+02  7.486648e+02  1.071970e+03  1.730414e+03 
 2.447809e-01  3.673411e+02  7.313929e+02  1.047702e+03  1.692910e+03 
 2.481930e-01  3.593817e+02  7.155117e+02  1.025467e+03  1.658627e+03 
 2.516527e-01  3.548004e+02  7.075530e+02  1.014566e+03  1.641466e+03 
 2.551606e-01  3.493254e+02  6.973823e+02  1.000456e+03  1.619710e+03 
 2.587174e-01  3.407339e+02  6.796416e+02  9.753669e+02  1.582096e+03 
 2.623238e-01  3.335240e+02  6.659083e+02  9.565440e+02  1.554548e+03 
 2.659804e-01  3.277128e+02  6.563166e+02  9.442178e+02  1.537420e+03 
 2.696881e-01  3.197308e+02  6.418282e+02  9.241754e+02  1.507340e+03 
 2.734474e-01  3.108910e+02  6.248237e+02  9.013174e+02  1.472637e+03 
 2.772591e-01  3.041107e+02  6.137585e+02  8.876561e+02  1.455627e+03 
 2.811239e-01  2.967456e+02  6.009328e+02  8.712746e+02  1.435138e+03 
 2.850426e-01  2.889215e+02  5.864164e+02  8.522462e+02  1.411753e+03 
 2.890160e-01  2.816784e+02  5.740372e+02  8.362451e+02  1.388994e+03 
 2.930447e-01  2.748944e+02  5.622130e+02  8.203232e+02  1.364126e+03 
 2.971296e-01  2.684757e+02  5.494633e+02  8.010161e+02  1.330166e+03 
 3.012714e-01  2.627107e+02  5.392500e+02  7.873129e+02  1.309649e+03 
 3.054710e-01  2.572162e+02  5.298012e+02  7.753528e+02  1.293742e+03 
 3.097291e-01  2.508106e+02  5.175424e+02  7.588825e+02  1.270777e+03 
 3.140465e-01  2.451443e+02  5.057726e+02  7.416418e+02  1.241985e+03 
 3.184242e-01  2.402390e+02  4.957104e+02  7.268662e+02  1.217176e+03 
 3.228628e-01  2.363936e+02  4.891596e+02  7.185519e+02  1.207114e+03 
 3.273634e-01  2.309241e+02  4.778770e+02  7.020884e+02  1.180415e+03 
 3.319266e-01  2.252228e+02  4.665693e+02  6.862671e+02  1.156482e+03 
 3.365535e-01  2.197155e+02  4.565875e+02  6.733523e+02  1.139420e+03 
 3.412449e-01  2.157967e+02  4.514210e+02  6.673280e+02  1.129880e+03 
 3.460016e-01  2.114010e+02  4.441960e+02  6.579779e+02  1.116677e+03 
 3.508247e-01  2.070111e+02  4.362675e+02  6.472825e+02  1.100896e+03 
 3.557150e-01  2.026970e+02  4.281249e+02  6.361051e+02  1.083585e+03 
 3.606735e-01  1.976974e+02  4.190060e+02  6.239408e+02  1.066241e+03 
 3.657011e-01  1.918144e+02  4.075704e+02  6.080169e+02  1.043631e+03 
 3.707988e-01  1.871325e+02  3.983400e+02  5.952020e+02  1.024343e+03 
 3.759675e-01  1.829268e+02  3.900605e+02  5.836512e+02  1.006776e+03 
 3.812083e-01  1.786930e+02  3.821664e+02  5.728109e+02  9.906493e+02 
 3.865221e-01  1.751927e+02  3.768604e+02  5.665982e+02  9.803660e+02 
 3.919100e-01  1.716640e+02  3.684929e+02  5.536221e+02  9.621915e+02 
 3.973730e-01  1.676310e+02  3.616180e+02  5.449850e+02  9.485120e+02 
 4.029122e-01  1.643563e+02  3.564237e+02  5.377676e+02  9.351040e+02 
 4.085286e-01  1.610644e+02  3.492442e+02  5.273039e+02  9.199143e+02 
 4.142232e-01  1.570240e+02  3.407995e+02  5.159106e+02  9.055350e+02 
 4.199973e-01  1.529970e+02  3.336530e+02  5.067037e+02  8.919485e+02 
 4.258518e-01  1.497265e+02  3.274511e+02  4.977764e+02  8.763190e+02 
 4.317880e-01  1.462772e+02  3.205760e+02  4.874428e+02  8.601056e+02 
 4.378069e-01  1.432683e+02  3.144416e+02  4.785604e+02  8.452642e+02 
 4.439097e-01  1.407676e+02  3.104575e+02  4.736993e+02  8.405734e+02 
 4.500975e-01  1.369628e+02  3.031705e+02  4.635926e+02  8.254011e+02 
 4.563716e-01  1.338098e+02  2.965204e+02  4.538016e+02  8.076946e+02 
 4.627332e-01  1.317717e+02  2.937020e+02  4.508321e+02  8.051699e+02 
 4.691835e-01  1.284330e+02  2.869077e+02  4.409116e+02  7.882549e+02 
 4.757236e-01  1.260232e+02  2.820963e+02  4.342465e+02  7.780116e+02 
 4.823549e-01  1.227217e+02  2.751892e+02  4.243132e+02  7.643466e+02 
 4.890787e-01  1.200704e+02  2.698821e+02  4.170038e+02  7.526784e+02 
 4.958962e-01  1.180323e+02  2.658564e+02  4.106778e+02  7.408442e+02 
 5.028087e-01  1.153250e+02  2.610509e+02  4.040711e+02  7.310348e+02 
 5.098176e-01  1.131506e+02  2.569656e+02  3.981005e+02  7.191235e+02 
 5.169242e-01  1.111639e+02  2.531493e+02  3.928749e+02  7.120745e+02 
 5.241298e-01  1.075312e+02  2.467135e+02  3.847768e+02  7.020196e+02 
 5.314359e-01  1.056396e+02  2.437748e+02  3.807647e+02  6.954063e+02 
 5.388438e-01  1.034377e+02  2.386925e+02  3.730052e+02  6.833640e+02 
 5.463550e-01  1.015694e+02  2.349471e+02  3.673331e+02  6.736949e+02 
 5.539709e-01  9.881828e+01  2.299178e+02  3.608256e+02  6.634425e+02 
 5.616930e-01  9.702867e+01  2.263581e+02  3.556726e+02  6.555272e+02 
 5.695227e-01  9.507241e+01  2.230388e+02  3.515337e+02  6.469212e+02 
 5.774615e-01  9.291186e+01  2.179111e+02  3.437277e+02  6.354939e+02 
 5.855110e-01  9.122084e+01  2.147252e+02  3.387468e+02  6.267975e+02 
 5.936727e-01  8.911426e+01  2.097359e+02  3.316512e+02  6.160109e+02 
 6.019482e-01  8.757485e+01  2.073436e+02  3.277457e+02  6.086329e+02 
 6.103390e-01  8.547772e+01  2.036366e+02  3.228644e+02  5.999710e+02 
 6.188468e-01  8.356047e+01  2.002769e+02  3.197179e+02  5.977247e+02 
 6.274732e-01  8.214683e+01  1.966195e+02  3.132873e+02  5.869305e+02 
 6.362198e-01  8.045887e+01  1.936311e+02  3.088236e+02  5.780498e+02 
 6.450884e-01  7.855237e+01  1.900925e+02  3.038657e+02  5.694625e+02 
 6.540806e-01  7.692358e+01  1.860844e+02  2.976532e+02  5.601754e+02 
 6.631981e-01  7.519096e+01  1.832462e+02  2.945373e+02  5.547203e+02 
 6.724427e-01  7.374643e+01  1.800438e+02  2.899367e+02  5.489396e+02 
 6.818162e-01  7.213009e+01  1.768581e+02  2.842432e+02  5.381390e+02 
 6.913204e-01  7.056863e+01  1.735851e+02  2.799569e+02  5.307820e+02 
 7.009570e-01  6.955663e+01  1.710357e+02  2.761096e+02  5.240197e+02 
 7.107280e-01  6.774494e+01  1.680976e+02  2.719508e+02  5.158412e+02 
 7.206351e-01  6.668651e+01  1.655369e+02  2.684025e+02  5.113955e+02 
 7.306804e-01  6.530540e+01  1.630139e+02  2.642138e+02  5.025198e+02 
 7.408657e-01  6.384962e+01  1.598157e+02  2.595136e+02  4.958551e+02 
 7.511929e-01  6.247924e+01  1.568862e+02  2.556311e+02  4.892225e+02 
 7.616642e-01  6.126964e+01  1.540751e+02  2.515523e+02  4.828315e+02 
 7.722814e-01  6.042059e+01  1.525045e+02  2.487805e+02  4.760951e+02 
 7.830465e-01  5.914773e+01  1.495801e+02  2.445705e+02  4.698359e+02 
 7.939618e-01  5.801868e+01  1.476068e+02  2.413829e+02  4.649375e+02 
 8.050292e-01  5.672569e+01  1.448327e+02  2.380238e+02  4.588522e+02 
 8.162509e-01  5.570516e+01  1.427202e+02  2.341042e+02  4.507882e+02 
 8.276289e-01  5.433446e+01  1.398496e+02  2.302487e+02  4.449679e+02 
 8.391656e-01  5.361941e+01  1.382178e+02  2.270503e+02  4.399540e+02 
 8.508632e-01  5.263835e+01  1.358187e+02  2.238660e+02  4.339826e+02 
 8.627237e-01  5.144878e+01  1.336180e+02  2.204986e+02  4.270689e+02 
 8.747496e-01  5.049212e+01  1.313376e+02  2.171888e+02  4.214006e+02 
 8.869432e-01  4.959146e+01  1.294350e+02  2.142121e+02  4.159987e+02 
 8.993067e-01  4.857211e+01  1.273600e+02  2.109540e+02  4.099505e+02 
 9.118425e-01  4.780104e+01  1.251947e+02  2.074221e+02  4.027439e+02 
 9.245531e-01  4.674060e+01  1.230735e+02  2.041282e+02  3.980827e+02 
 9.374409e-01  4.583128e+01  1.211512e+02  2.014449e+02  3.928008e+02 
 9.505083e-01  4.504625e+01  1.192342e+02  1.985140e+02  3.871732e+02 
 9.637579e-01  4.407961e+01  1.169399e+02  1.949842e+02  3.814874e+02 
 9.771921e-01  4.346444e+01  1.162230e+02  1.931474e+02  3.764157e+02 
 9.908137e-01  4.261020e+01  1.140377e+02  1.900004e+02  3.714676e+02 
 1.004625e+00  4.178167e+01  1.119347e+02  1.866917e+02  3.651025e+02 
 1.018629e+00  4.106750e+01  1.103576e+02  1.840830e+02  3.597886e+02 
 1.032828e+00  4.026055e+01  1.085747e+02  1.815877e+02  3.558887e+02 
 1.047225e+00  3.945532e+01  1.069938e+02  1.786964e+02  3.496867e+02 
 1.061823e+00  3.881781e+01  1.055284e+02  1.762308e+02  3.446335e+02 
 1.076624e+00  3.807910e+01  1.038160e+02  1.735448e+02  3.394177e+02 
 1.091632e+00  3.742069e+01  1.021161e+02  1.710530e+02  3.342257e+02 
 1.106848e+00  3.668482e+01  1.003380e+02  1.683470e+02  3.295092e+02 
 1.122277e+00  3.601214e+01  9.891811e+01  1.656100e+02  3.240477e+02 
 1.137921e+00  3.534154e+01  9.719932e+01  1.630292e+02  3.191507e+02 
 1.153783e+00  3.475255e+01  9.568395e+01  1.605327e+02  3.145376e+02 
 1.169866e+00  3.412791e+01  9.424281e+01  1.580760e+02  3.100071e+02 
 1.186174e+00  3.348600e+01  9.283867e+01  1.556965e+02  3.050380e+02 
 1.202708e+00  3.292190e+01  9.136434e+01  1.533621e+02  3.002981e+02 
 1.219473e+00  3.235501e+01  8.999111e+01  1.511307e+02  2.953057e+02 
 1.236472e+00  3.176389e+01  8.859919e+01  1.488998e+02  2.909626e+02 
 1.253708e+00  3.121969e+01  8.715968e+01  1.463842e+02  2.865439e+02 
 1.271184e+00  3.067927e+01  8.609241e+01  1.445638e+02  2.819531e+02 
 1.288904e+00  3.013333e+01  8.442900e+01  1.419300e+02  2.777714e+02 
 1.306870e+00  2.957292e+01  8.308648e+01  1.396917e+02  2.730412e+02 
 1.325087e+00  2.910438e+01  8.183720e+01  1.375528e+02  2.683210e+02 
 1.343558e+00  2.859370e+01  8.051764e+01  1.353255e+02  2.639270e+02 
 1.362287e+00  2.812593e+01  7.919434e+01  1.329987e+02  2.595065e+02 
 1.381276e+00  2.762104e+01  7.795185e+01  1.306488e+02  2.551388e+02 
 1.400531e+00  2.715907e+01  7.670723e+01  1.286237e+02  2.505609e+02 
 1.420053e+00  2.666580e+01  7.538453e+01  1.265914e+02  2.462418e+02 
 1.439848e+00  2.621866e+01  7.425693e+01  1.243760e+02  2.420942e+02 
 1.459919e+00  2.573546e+01  7.301741e+01  1.223022e+02  2.376584e+02 
 1.480269e+00  2.535440e+01  7.172055e+01  1.201420e+02  2.331634e+02 
 1.500903e+00  2.490991e+01  7.059127e+01  1.180677e+02  2.294662e+02 
 1.521825e+00  2.447278e+01  6.952088e+01  1.162019e+02  2.253033e+02 
 1.543038e+00  2.404122e+01  6.835197e+01  1.143059e+02  2.214923e+02 
 1.564548e+00  2.366964e+01  6.722822e+01  1.123019e+02  2.173357e+02 
 1.586357e+00  2.327119e+01  6.618781e+01  1.104058e+02  2.133186e+02 
 1.608469e+00  2.285256e+01  6.509405e+01  1.085007e+02  2.096130e+02 
 1.630891e+00  2.253553e+01  6.389521e+01  1.063962e+02  2.054165e+02 
 1.653624e+00  2.211865e+01  6.280881e+01  1.046288e+02  2.018877e+02 
 1.676675e+00  2.173972e+01  6.185266e+01  1.028505e+02  1.979094e+02 
 1.700047e+00  2.136516e+01  6.079882e+01  1.009634e+02  1.942050e+02 
 1.723745e+00  2.102081e+01  5.972059e+01  9.912782e+01  1.902398e+02 
 1.747773e+00  2.064123e+01  5.865443e+01  9.726503e+01  1.865625e+02 
 1.772136e+00  2.029357e+01  5.764155e+01  9.544772e+01  1.830695e+02 
 1.796838e+00  1.996114e+01  5.662162e+01  9.369929e+01  1.794210e+02 
 1.821885e+00  1.964941e+01  5.561892e+01  9.190084e+01  1.759256e+02 
 1.847281e+00  1.930959e+01  5.472490e+01  9.028112e+01  1.724375e+02 
 1.873032e+00  1.898917e+01  5.371116e+01  8.841788e+01  1.690393e+02 
 1.899141e+00  1.866291e+01  5.270530e+01  8.678768e+01  1.656638e+02 
 1.925614e+00  1.836310e+01  5.179096e+01  8.516053e+01  1.622288e+02 
 1.952456e+00  1.810305e+01  5.091221e+01  8.356055e+01  1.589078e+02 
 1.979672e+00  1.776031e+01  5.002391e+01  8.196271e+01  1.556833e+02 
 2.007267e+00  1.748754e+01  4.910280e+01  8.024200e+01  1.525305e+02 
 2.035248e+00  1.717083e+01  4.815350e+01  7.864067e+01  1.492695e+02 
 2.063618e+00  1.688104e+01  4.723284e+01  7.707846e+01  1.460805e+02 
 2.092383e+00  1.660358e+01  4.635327e+01  7.549458e+01  1.429948e+02 
 2.121550e+00  1.631240e+01  4.545333e+01  7.395490e+01  1.398771e+02 
 2.151123e+00  1.604156e+01  4.459285e+01  7.240205e+01  1.367950e+02 
 2.181109e+00  1.576521e+01  4.371381e+01  7.091821e+01  1.339059e+02 
 2.211512e+00  1.549877e+01  4.283937e+01  6.938343e+01  1.308294e+02 
 2.242340e+00  1.523572e+01  4.204304e+01  6.795401e+01  1.280009e+02 
 2.273597e+00  1.496027e+01  4.120765e+01  6.645314e+01  1.251615e+02 
 2.305289e+00  1.472371e+01  4.038847e+01  6.506693e+01  1.224056e+02 
 2.337424e+00  1.447058e+01  3.956931e+01  6.365465e+01  1.196977e+02 
 2.370006e+00  1.422042e+01  3.878144e+01  6.230736e+01  1.170746e+02 
 2.403043e+00  1.396484e+01  3.800913e+01  6.092414e+01  1.144043e+02 
 2.436540e+00  1.373531e+01  3.725343e+01  5.961123e+01  1.118033e+02 
 2.470504e+00  1.349760e+01  3.650339e+01  5.827781e+01  1.092527e+02 
 2.504942e+00  1.326417e+01  3.576828e+01  5.700713e+01  1.067640e+02 
 2.539859e+00  1.304052e+01  3.501271e+01  5.571219e+01  1.042649e+02 
 2.575263e+00  1.279923e+01  3.426314e+01  5.449601e+01  1.018900e+02 
 2.611161e+00  1.258130e+01  3.354089e+01  5.321856e+01  9.950330e+01 
 2.647559e+00  1.235714e+01  3.282057e+01  5.197426e+01  9.711555e+01 
 2.684465e+00  1.213813e+01  3.213853e+01  5.077219e+01  9.480543e+01 
 2.721885e+00  1.191053e+01  3.141216e+01  4.959557e+01  9.254864e+01 
 2.759826e+00  1.169779e+01  3.071126e+01  4.841958e+01  9.034117e+01 
 2.798297e+00  1.148376e+01  3.005471e+01  4.728888e+01  8.821367e+01 
 2.837304e+00  1.127689e+01  2.938653e+01  4.616947e+01  8.608413e+01 
 2.876854e+00  1.106941e+01  2.872661e+01  4.507147e+01  8.401887e+01 
 2.916956e+00  1.086892e+01  2.809735e+01  4.400099e+01  8.196043e+01 
 2.957617e+00  1.067433e+01  2.747508e+01  4.296908e+01  7.998984e+01 
 2.998844e+00  1.047737e+01  2.686493e+01  4.193713e+01  7.804577e+01 
 3.040646e+00  1.028464e+01  2.625419e+01  4.092827e+01  7.619626e+01 
 3.083031e+00  1.009513e+01  2.565444e+01  3.994216e+01  7.433589e+01 
 3.126007e+00  9.910650e+00  2.507572e+01  3.897471e+01  7.249982e+01 
 3.169582e+00  9.722080e+00  2.448495e+01  3.800290e+01  7.071504e+01 
 3.213764e+00  9.537368e+00  2.391640e+01  3.706592e+01  6.896421e+01 
 3.258562e+00  9.351464e+00  2.336222e+01  3.614811e+01  6.724146e+01 
 3.303985e+00  9.170772e+00  2.279880e+01  3.524122e+01  6.555888e+01 
 3.350041e+00  8.994583e+00  2.224882e+01  3.434718e+01  6.390198e+01 
 3.396739e+00  8.815200e+00  2.171660e+01  3.348898e+01  6.227200e+01 
 3.444087e+00  8.643546e+00  2.118705e+01  3.262517e+01  6.069603e+01 
 3.492096e+00  8.474380e+00  2.067946e+01  3.180582e+01  5.917378e+01 
 3.540774e+00  8.302141e+00  2.018156e+01  3.100450e+01  5.767811e+01 
 3.590130e+00  8.139055e+00  1.968576e+01  3.020877e+01  5.622261e+01 
 3.640175e+00  7.979735e+00  1.920831e+01  2.945018e+01  5.479496e+01 
 3.690917e+00  7.817829e+00  1.874901e+01  2.869105e+01  5.340739e+01 
 3.742366e+00  7.660357e+00  1.828051e+01  2.796228e+01  5.207090e+01 
 3.794533e+00  7.508671e+00  1.783775e+01  2.725077e+01  5.074714e+01 
 3.847427e+00  7.355613e+00  1.739406e+01  2.655088e+01  4.946700e+01 
 3.901058e+00  7.202553e+00  1.696458e+01  2.587125e+01  4.819803e+01 
 3.955436e+00  7.056880e+00  1.653907e+01  2.519150e+01  4.695278e+01 
 4.010573e+00  6.907443e+00  1.612152e+01  2.454082e+01  4.574841e+01 
 4.066478e+00  6.761229e+00  1.570847e+01  2.389462e+01  4.455577e+01 
 4.123163e+00  6.615888e+00  1.531184e+01  2.326415e+01  4.339070e+01 
 4.180637e+00  6.475791e+00  1.492130e+01  2.265305e+01  4.225422e+01 
 4.238913e+00  6.335858e+00  1.453505e+01  2.205085e+01  4.115438e+01 
 4.298001e+00  6.196115e+00  1.416118e+01  2.147041e+01  4.007391e+01 
 4.357913e+00  6.065097e+00  1.379493e+01  2.090634e+01  3.903520e+01 
 4.418660e+00  5.932156e+00  1.344402e+01  2.035098e+01  3.802167e+01 
 4.480254e+00  5.802066e+00  1.309700e+01  1.981511e+01  3.703026e+01 
 4.542706e+00  5.676499e+00  1.275749e+01  1.929134e+01  3.606474e+01 
 4.606029e+00  5.551962e+00  1.243255e+01  1.878616e+01  3.513562e+01 
 4.670234e+00  5.429568e+00  1.211241e+01  1.829702e+01  3.422754e+01 
 4.735335e+00  5.310306e+00  1.180187e+01  1.781568e+01  3.344370e+01 
 4.801343e+00  5.194094e+00  1.150000e+01  1.734873e+01  3.246857e+01 
 4.868271e+00  5.077756e+00  1.120145e+01  1.688986e+01  3.161899e+01 
 4.936132e+00  4.963222e+00  1.090855e+01  1.644072e+01  3.078903e+01 
 5.004939e+00  4.849981e+00  1.062337e+01  1.600264e+01  2.997519e+01 
 5.074705e+00  4.737982e+00  1.034330e+01  1.557231e+01  2.918213e+01 
 5.145444e+00  4.629335e+00  1.007049e+01  1.515629e+01  2.840848e+01 
 5.217169e+00  4.521317e+00  9.803498e+00  1.474690e+01  2.764805e+01 
 5.289893e+00  4.417489e+00  9.545120e+00  1.435479e+01  2.691645e+01 
 5.363631e+00  4.313312e+00  9.292998e+00  1.396546e+01  2.620039e+01 
 5.438397e+00  4.213329e+00  9.047142e+00  1.359378e+01  2.550189e+01 
 5.514206e+00  4.114997e+00  8.809141e+00  1.323114e+01  2.482674e+01 
 5.591071e+00  4.018006e+00  8.578442e+00  1.287855e+01  2.417044e+01 
 5.669007e+00  3.925272e+00  8.353438e+00  1.253738e+01  2.353563e+01 
 5.748030e+00  3.833569e+00  8.135746e+00  1.220449e+01  2.291320e+01 
 5.828155e+00  3.744043e+00  7.923813e+00  1.188284e+01  2.231054e+01 
 5.909396e+00  3.656454e+00  7.717480e+00  1.156933e+01  2.172569e+01 
 5.991770e+00  3.570398e+00  7.515627e+00  1.126229e+01  2.115479e+01 
 6.075292e+00  3.486181e+00  7.319482e+00  1.096410e+01  2.059304e+01 
 6.159978e+00  3.403020e+00  7.126772e+00  1.067270e+01  2.004652e+01 
 6.245845e+00  3.321486e+00  6.938533e+00  1.038778e+01  1.951066e+01 
 6.332908e+00  3.241151e+00  6.754292e+00  1.010824e+01  1.898547e+01 
 6.421186e+00  3.163044e+00  6.575232e+00  9.836179e+00  1.847487e+01 
 6.510694e+00  3.086064e+00  6.400513e+00  9.572121e+00  1.797829e+01 
 6.601449e+00  3.011409e+00  6.231113e+00  9.315276e+00  1.749428e+01 
 6.693470e+00  2.937931e+00  6.065569e+00  9.064514e+00  1.702261e+01 
 6.786773e+00  2.866655e+00  5.905281e+00  8.821399e+00  1.656596e+01 
 6.881377e+00  2.797491e+00  5.750086e+00  8.585832e+00  1.612048e+01 
 6.977300e+00  2.729932e+00  5.599489e+00  8.358640e+00  1.568943e+01 
 7.074559e+00  2.664441e+00  5.452990e+00  8.136051e+00  1.527009e+01 
 7.173175e+00  2.600259e+00  5.311129e+00  7.921095e+00  1.486374e+01 
 7.273165e+00  2.538095e+00  5.173301e+00  7.712899e+00  1.446840e+01 
 7.374549e+00  2.477193e+00  5.039051e+00  7.509242e+00  1.408437e+01 
 7.477346e+00  2.417517e+00  4.908540e+00  7.312109e+00  1.370907e+01 
 7.581576e+00  2.359429e+00  4.780406e+00  7.118388e+00  1.334250e+01 
 7.687260e+00  2.302180e+00  4.655651e+00  6.929229e+00  1.298447e+01 
 7.794416e+00  2.246165e+00  4.533627e+00  6.743708e+00  1.263341e+01 
 7.903066e+00  2.191406e+00  4.413892e+00  6.562758e+00  1.229013e+01 
 8.013230e+00  2.137768e+00  4.298078e+00  6.387648e+00  1.195663e+01 
 8.124930e+00  2.085377e+00  4.184845e+00  6.216354e+00  1.163095e+01 
 8.238187e+00  2.034492e+00  4.074639e+00  6.049217e+00  1.131422e+01 
 8.353023e+00  1.984796e+00  3.967671e+00  5.887281e+00  1.100623e+01 
 8.469460e+00  1.936604e+00  3.863930e+00  5.730206e+00  1.070721e+01 
 8.587519e+00  1.889737e+00  3.763105e+00  5.577495e+00  1.041692e+01 
 8.707225e+00  1.844176e+00  3.665158e+00  5.429508e+00  1.013549e+01 
 8.828599e+00  1.799995e+00  3.570622e+00  5.286052e+00  9.861624e+00 
 8.951665e+00  1.756925e+00  3.478781e+00  5.146578e+00  9.596786e+00 
 9.076446e+00  1.715175e+00  3.389533e+00  5.011577e+00  9.339313e+00 
 9.202967e+00  1.674171e+00  3.302701e+00  4.880332e+00  9.088556e+00 
 9.331251e+00  1.634661e+00  3.218012e+00  4.751962e+00  8.844330e+00 
 9.461324e+00  0.000000e+00  0.000000e+00  0.000000e+00  0.000000e+00 
 9.593209e+00  0.000000e+00  0.000000e+00  0.000000e+00  0.000000e+00 
 9.726934e+00  0.000000e+00  0.000000e+00  0.000000e+00  0.000000e+00 
 9.862522e+00  0.000000e+00  0.000000e+00  0.000000e+00  0.000000e+00 
 1.000000e+01  0.000000e+00  0.000000e+00  0.000000e+00  0.000000e+00 
