 1.000000e-02  5.397890e+03  9.706902e+03  1.305089e+04  1.936889e+04 
 1.013939e-02  5.427473e+03  9.759925e+03  1.312194e+04  1.947402e+04 
 1.028073e-02  5.456603e+03  9.812110e+03  1.319193e+04  1.957754e+04 
 1.042404e-02  5.485280e+03  9.863466e+03  1.326086e+04  1.967938e+04 
 1.056935e-02  5.513487e+03  9.913996e+03  1.332867e+04  1.977949e+04 
 1.071668e-02  5.541201e+03  9.963608e+03  1.339523e+04  1.987776e+04 
 1.086606e-02  5.568395e+03  1.001230e+04  1.346049e+04  1.997412e+04 
 1.101753e-02  5.595040e+03  1.006000e+04  1.352448e+04  2.006862e+04 
 1.117111e-02  5.621112e+03  1.010667e+04  1.358709e+04  2.016114e+04 
 1.132683e-02  5.646583e+03  1.015227e+04  1.364821e+04  2.025150e+04 
 1.148472e-02  5.671464e+03  1.019677e+04  1.370779e+04  2.033959e+04 
 1.164481e-02  5.695725e+03  1.024019e+04  1.376588e+04  2.042543e+04 
 1.180713e-02  5.719348e+03  1.028243e+04  1.382252e+04  2.050902e+04 
 1.197171e-02  5.742309e+03  1.032349e+04  1.387760e+04  2.059026e+04 
 1.213859e-02  5.764596e+03  1.036332e+04  1.393096e+04  2.066897e+04 
 1.230780e-02  5.786172e+03  1.040187e+04  1.398251e+04  2.074498e+04 
 1.247936e-02  5.807015e+03  1.043910e+04  1.403230e+04  2.081840e+04 
 1.265332e-02  5.827122e+03  1.047501e+04  1.408040e+04  2.088929e+04 
 1.282970e-02  5.846473e+03  1.050957e+04  1.412670e+04  2.095757e+04 
 1.300854e-02  5.865027e+03  1.054267e+04  1.417099e+04  2.102294e+04 
 1.318987e-02  5.882772e+03  1.057432e+04  1.421325e+04  2.108526e+04 
 1.337373e-02  5.899696e+03  1.060448e+04  1.425354e+04  2.114460e+04 
 1.356015e-02  5.915784e+03  1.063315e+04  1.429192e+04  2.120095e+04 
 1.374917e-02  5.931001e+03  1.066024e+04  1.432824e+04  2.125413e+04 
 1.394083e-02  5.945320e+03  1.068571e+04  1.436228e+04  2.130406e+04 
 1.413516e-02  5.958714e+03  1.070953e+04  1.439397e+04  2.135067e+04 
 1.433219e-02  5.971179e+03  1.073165e+04  1.442341e+04  2.139397e+04 
 1.453198e-02  5.982691e+03  1.075206e+04  1.445060e+04  2.143397e+04 
 1.473454e-02  5.993234e+03  1.077075e+04  1.447548e+04  2.147054e+04 
 1.493993e-02  6.002784e+03  1.078765e+04  1.449801e+04  2.150347e+04 
 1.514819e-02  6.011362e+03  1.080280e+04  1.451821e+04  2.153285e+04 
 1.535935e-02  6.018926e+03  1.081613e+04  1.453593e+04  2.155855e+04 
 1.557345e-02  6.025431e+03  1.082756e+04  1.455107e+04  2.158043e+04 
 1.579053e-02  6.030846e+03  1.083703e+04  1.456358e+04  2.159846e+04 
 1.601064e-02  6.035173e+03  1.084454e+04  1.457345e+04  2.161269e+04 
 1.623382e-02  6.038380e+03  1.085005e+04  1.458064e+04  2.162298e+04 
 1.646012e-02  6.040448e+03  1.085350e+04  1.458505e+04  2.162906e+04 
 1.668956e-02  6.041370e+03  1.085486e+04  1.458667e+04  2.163093e+04 
 1.692220e-02  6.041126e+03  1.085413e+04  1.458549e+04  2.162863e+04 
 1.715809e-02  6.039672e+03  1.085124e+04  1.458140e+04  2.162214e+04 
 1.739726e-02  6.037009e+03  1.084619e+04  1.457438e+04  2.161133e+04 
 1.763977e-02  6.033131e+03  1.083896e+04  1.456442e+04  2.159612e+04 
 1.788566e-02  6.028018e+03  1.082948e+04  1.455145e+04  2.157647e+04 
 1.813498e-02  6.021662e+03  1.081778e+04  1.453549e+04  2.155234e+04 
 1.838777e-02  6.014055e+03  1.080382e+04  1.451652e+04  2.152380e+04 
 1.864409e-02  6.005159e+03  1.078754e+04  1.449441e+04  2.149067e+04 
 1.890397e-02  5.994949e+03  1.076893e+04  1.446916e+04  2.145281e+04 
 1.916748e-02  5.983433e+03  1.074797e+04  1.444077e+04  2.141020e+04 
 1.943467e-02  5.970620e+03  1.072467e+04  1.440922e+04  2.136293e+04 
 1.970558e-02  5.956503e+03  1.069900e+04  1.437453e+04  2.131102e+04 
 1.998026e-02  5.941063e+03  1.067097e+04  1.433664e+04  2.125443e+04 
 2.025878e-02  5.924257e+03  1.064048e+04  1.429545e+04  2.119297e+04 
 2.054117e-02  5.906102e+03  1.060759e+04  1.425101e+04  2.112665e+04 
 2.082751e-02  5.886613e+03  1.057229e+04  1.420335e+04  2.105556e+04 
 2.111783e-02  5.865783e+03  1.053458e+04  1.415246e+04  2.097965e+04 
 2.141220e-02  5.843691e+03  1.049456e+04  1.409842e+04  2.089901e+04 
 2.171068e-02  5.820816e+03  1.045292e+04  1.404197e+04  2.081415e+04 
 2.201331e-02  5.796598e+03  1.040886e+04  1.398226e+04  2.072451e+04 
 2.232016e-02  5.771052e+03  1.036241e+04  1.391936e+04  2.063012e+04 
 2.263130e-02  5.744179e+03  1.031356e+04  1.385327e+04  2.053100e+04 
 2.294676e-02  5.715963e+03  1.026232e+04  1.378395e+04  2.042712e+04 
 2.326663e-02  5.686439e+03  1.020874e+04  1.371146e+04  2.031854e+04 
 2.359095e-02  5.655623e+03  1.015284e+04  1.363586e+04  2.020537e+04 
 2.391980e-02  5.623516e+03  1.009460e+04  1.355714e+04  2.008759e+04 
 2.425323e-02  5.590140e+03  1.003408e+04  1.347534e+04  1.996526e+04 
 2.459130e-02  5.555516e+03  9.971343e+03  1.339056e+04  1.983851e+04 
 2.493409e-02  5.519650e+03  9.906379e+03  1.330279e+04  1.970734e+04 
 2.528166e-02  5.482562e+03  9.839205e+03  1.321208e+04  1.957182e+04 
 2.563407e-02  5.444296e+03  9.769927e+03  1.311854e+04  1.943208e+04 
 2.599140e-02  5.404869e+03  9.698587e+03  1.302221e+04  1.928824e+04 
 2.635371e-02  5.364323e+03  9.625219e+03  1.292318e+04  1.914039e+04 
 2.672106e-02  5.322682e+03  9.549882e+03  1.282151e+04  1.898865e+04 
 2.709354e-02  5.279971e+03  9.472642e+03  1.271730e+04  1.883313e+04 
 2.747121e-02  5.236228e+03  9.393547e+03  1.261059e+04  1.867397e+04 
 2.785414e-02  5.191432e+03  9.312596e+03  1.250141e+04  1.851118e+04 
 2.824241e-02  5.145350e+03  9.229457e+03  1.238941e+04  1.834445e+04 
 2.863610e-02  5.098370e+03  9.144698e+03  1.227524e+04  1.817452e+04 
 2.903527e-02  5.050541e+03  9.058428e+03  1.215902e+04  1.800159e+04 
 2.944000e-02  5.001911e+03  8.970718e+03  1.204086e+04  1.782582e+04 
 2.985038e-02  4.952525e+03  8.881663e+03  1.192092e+04  1.764739e+04 
 3.026648e-02  4.902448e+03  8.791349e+03  1.179930e+04  1.746648e+04 
 3.068838e-02  4.851722e+03  8.699902e+03  1.167617e+04  1.728331e+04 
 3.111616e-02  4.800409e+03  8.607409e+03  1.155164e+04  1.709808e+04 
 3.154990e-02  4.748568e+03  8.513976e+03  1.142584e+04  1.691098e+04 
 3.198969e-02  4.696265e+03  8.419720e+03  1.129893e+04  1.672224e+04 
 3.243561e-02  4.643561e+03  8.324726e+03  1.117106e+04  1.653206e+04 
 3.288774e-02  4.590513e+03  8.229129e+03  1.104238e+04  1.634069e+04 
 3.334618e-02  4.537196e+03  8.133071e+03  1.091308e+04  1.614841e+04 
 3.381101e-02  4.483674e+03  8.036654e+03  1.078329e+04  1.595544e+04 
 3.428231e-02  4.430012e+03  7.939984e+03  1.065318e+04  1.576197e+04 
 3.476019e-02  4.376161e+03  7.843281e+03  1.052335e+04  1.556995e+04 
 3.524473e-02  4.322314e+03  7.746593e+03  1.039355e+04  1.537799e+04 
 3.573602e-02  4.268539e+03  7.650030e+03  1.026395e+04  1.518631e+04 
 3.623416e-02  4.214900e+03  7.553723e+03  1.013469e+04  1.499510e+04 
 3.673925e-02  4.161461e+03  7.457793e+03  1.000592e+04  1.480459e+04 
 3.725137e-02  4.108292e+03  7.362363e+03  9.877804e+03  1.461505e+04 
 3.777064e-02  4.055471e+03  7.267541e+03  9.750524e+03  1.442672e+04 
 3.829714e-02  4.003069e+03  7.173457e+03  9.624244e+03  1.423988e+04 
 3.883098e-02  3.951148e+03  7.080232e+03  9.499107e+03  1.405473e+04 
 3.937226e-02  3.899778e+03  6.988009e+03  9.375286e+03  1.387150e+04 
 3.992109e-02  3.849013e+03  6.896874e+03  9.252921e+03  1.369039e+04 
 4.047757e-02  3.798899e+03  6.806868e+03  9.132037e+03  1.351139e+04 
 4.104181e-02  3.749278e+03  6.717151e+03  9.010927e+03  1.333023e+04 
 4.161391e-02  3.700435e+03  6.628844e+03  8.891718e+03  1.315187e+04 
 4.219398e-02  3.652423e+03  6.542035e+03  8.774529e+03  1.297653e+04 
 4.278214e-02  3.605290e+03  6.456823e+03  8.659472e+03  1.280435e+04 
 4.337850e-02  3.559077e+03  6.373279e+03  8.546652e+03  1.263547e+04 
 4.398317e-02  3.513825e+03  6.291471e+03  8.436145e+03  1.247005e+04 
 4.459628e-02  3.469572e+03  6.211439e+03  8.328038e+03  1.230818e+04 
 4.521792e-02  3.426349e+03  6.133246e+03  8.222426e+03  1.214999e+04 
 4.584824e-02  3.384180e+03  6.056945e+03  8.119363e+03  1.199560e+04 
 4.648734e-02  3.343082e+03  5.982591e+03  8.018888e+03  1.184502e+04 
 4.713535e-02  3.303235e+03  5.911268e+03  7.923282e+03  1.170379e+04 
 4.779239e-02  3.264580e+03  5.842544e+03  7.831639e+03  1.156976e+04 
 4.845859e-02  3.227006e+03  5.775754e+03  7.742597e+03  1.143955e+04 
 4.913407e-02  3.190522e+03  5.710899e+03  7.656143e+03  1.131314e+04 
 4.981898e-02  3.155118e+03  5.647959e+03  7.572256e+03  1.119051e+04 
 5.051342e-02  3.120769e+03  5.586907e+03  7.490892e+03  1.107158e+04 
 5.121755e-02  3.087445e+03  5.527698e+03  7.411990e+03  1.095628e+04 
 5.193150e-02  3.055104e+03  5.470265e+03  7.335449e+03  1.084447e+04 
 5.265540e-02  3.023710e+03  5.414510e+03  7.261164e+03  1.073597e+04 
 5.338938e-02  2.992963e+03  5.359443e+03  7.187349e+03  1.062691e+04 
 5.413360e-02  2.962770e+03  5.304824e+03  7.113572e+03  1.051638e+04 
 5.488820e-02  2.933395e+03  5.251682e+03  7.041754e+03  1.040878e+04 
 5.565331e-02  2.904733e+03  5.199818e+03  6.971638e+03  1.030372e+04 
 5.642908e-02  2.876584e+03  5.148879e+03  6.902786e+03  1.020052e+04 
 5.721568e-02  2.848915e+03  5.098809e+03  6.835115e+03  1.009908e+04 
 5.801323e-02  2.821979e+03  5.050048e+03  6.769206e+03  1.000028e+04 
 5.882190e-02  2.795817e+03  5.002682e+03  6.705177e+03  9.904298e+03 
 5.964185e-02  2.770241e+03  4.956709e+03  6.643360e+03  9.812537e+03 
 6.047322e-02  2.745245e+03  4.912677e+03  6.585079e+03  9.728571e+03 
 6.131619e-02  2.719956e+03  4.868108e+03  6.526072e+03  9.643471e+03 
 6.217090e-02  2.694233e+03  4.822761e+03  6.466015e+03  9.556830e+03 
 6.303753e-02  2.668188e+03  4.776847e+03  6.405199e+03  9.469089e+03 
 6.391624e-02  2.641846e+03  4.730402e+03  6.343678e+03  9.380288e+03 
 6.480720e-02  2.615078e+03  4.683195e+03  6.281128e+03  9.289970e+03 
 6.571058e-02  2.587769e+03  4.635018e+03  6.217267e+03  9.197667e+03 
 6.662655e-02  2.558548e+03  4.581483e+03  6.144188e+03  9.086106e+03 
 6.755528e-02  2.528481e+03  4.526366e+03  6.068940e+03  8.971191e+03 
 6.849697e-02  2.497524e+03  4.469662e+03  5.991570e+03  8.853174e+03 
 6.945178e-02  2.465605e+03  4.411238e+03  5.911906e+03  8.731807e+03 
 7.041990e-02  2.432659e+03  4.350979e+03  5.829791e+03  8.606856e+03 
 7.140151e-02  2.398611e+03  4.288761e+03  5.745063e+03  8.478067e+03 
 7.239681e-02  2.363687e+03  4.225248e+03  5.658949e+03  8.348344e+03 
 7.340598e-02  2.327909e+03  4.160541e+03  5.571649e+03  8.218184e+03 
 7.442922e-02  2.290930e+03  4.093696e+03  5.481483e+03  8.083813e+03 
 7.546673e-02  2.252770e+03  4.024752e+03  5.388505e+03  7.945303e+03 
 7.651869e-02  2.213462e+03  3.953768e+03  5.292793e+03  7.802762e+03 
 7.758532e-02  2.173051e+03  3.880814e+03  5.194467e+03  7.656365e+03 
 7.866682e-02  2.132492e+03  3.808752e+03  5.098480e+03  7.516236e+03 
 7.976339e-02  2.092408e+03  3.739410e+03  5.007955e+03  7.388731e+03 
 8.087525e-02  2.051447e+03  3.668418e+03  4.915129e+03  7.257674e+03 
 8.200261e-02  2.009727e+03  3.596003e+03  4.820315e+03  7.123490e+03 
 8.314568e-02  1.967403e+03  3.522420e+03  4.723881e+03  6.986665e+03 
 8.430468e-02  1.924632e+03  3.447964e+03  4.626215e+03  6.847776e+03 
 8.547985e-02  1.880759e+03  3.370215e+03  4.522884e+03  6.697552e+03 
 8.667139e-02  1.836452e+03  3.291066e+03  4.417075e+03  6.542276e+03 
 8.787954e-02  1.792324e+03  3.212221e+03  4.311647e+03  6.387498e+03 
 8.910453e-02  1.748572e+03  3.134048e+03  4.207091e+03  6.233933e+03 
 9.034660e-02  1.705404e+03  3.056912e+03  4.103918e+03  6.082331e+03 
 9.160598e-02  1.663725e+03  2.983368e+03  4.006412e+03  5.941002e+03 
 9.288292e-02  1.623651e+03  2.913512e+03  3.914595e+03  5.809748e+03 
 9.417766e-02  1.584718e+03  2.845624e+03  3.825351e+03  5.682114e+03 
 9.549045e-02  1.547095e+03  2.780020e+03  3.739089e+03  5.558728e+03 
 9.682153e-02  1.510945e+03  2.717011e+03  3.656223e+03  5.440224e+03 
 9.817117e-02  1.476692e+03  2.657762e+03  3.578720e+03  5.330456e+03 
 9.953962e-02  1.444278e+03  2.601886e+03  3.505864e+03  5.227726e+03 
 1.009272e-01  1.413671e+03  2.549194e+03  3.437249e+03  5.131100e+03 
 1.023340e-01  1.384930e+03  2.499828e+03  3.373022e+03  5.040867e+03 
 1.037605e-01  1.357422e+03  2.451871e+03  3.309912e+03  4.950590e+03 
 1.052069e-01  1.329353e+03  2.399923e+03  3.238787e+03  4.842366e+03 
 1.066734e-01  1.303264e+03  2.351573e+03  3.172582e+03  4.741543e+03 
 1.081604e-01  1.279060e+03  2.306683e+03  3.111046e+03  4.647805e+03 
 1.096681e-01  1.256612e+03  2.265025e+03  3.053874e+03  4.560651e+03 
 1.111968e-01  1.236091e+03  2.227265e+03  3.002162e+03  4.481477e+03 
 1.127468e-01  1.217052e+03  2.192215e+03  2.954144e+03  4.407825e+03 
 1.143184e-01  1.199289e+03  2.159470e+03  2.909244e+03  4.338897e+03 
 1.159120e-01  1.182573e+03  2.128622e+03  2.866929e+03  4.273895e+03 
 1.175277e-01  1.167571e+03  2.101845e+03  2.830906e+03  4.219882e+03 
 1.191660e-01  1.153157e+03  2.076234e+03  2.796500e+03  4.168390e+03 
 1.208271e-01  1.139000e+03  2.051097e+03  2.762732e+03  4.117832e+03 
 1.225114e-01  1.124808e+03  2.025858e+03  2.728842e+03  4.067213e+03 
 1.242191e-01  1.109989e+03  1.999276e+03  2.693175e+03  4.014712e+03 
 1.259506e-01  1.094645e+03  1.971746e+03  2.656213e+03  3.960257e+03 
 1.277063e-01  1.078548e+03  1.942878e+03  2.617430e+03  3.903015e+03 
 1.294865e-01  1.061858e+03  1.913080e+03  2.577434e+03  3.843644e+03 
 1.312915e-01  1.044476e+03  1.882192e+03  2.536011e+03  3.781805e+03 
 1.331216e-01  1.025898e+03  1.849162e+03  2.491640e+03  3.715553e+03 
 1.349772e-01  1.006091e+03  1.813944e+03  2.444335e+03  3.645039e+03 
 1.368587e-01  9.862530e+02  1.780581e+03  2.401768e+03  3.587844e+03 
 1.387665e-01  9.652021e+02  1.744930e+03  2.356026e+03  3.525685e+03 
 1.407008e-01  9.430766e+02  1.707241e+03  2.307395e+03  3.459034e+03 
 1.426621e-01  9.209123e+02  1.669708e+03  2.258722e+03  3.390812e+03 
 1.446507e-01  8.982936e+02  1.631314e+03  2.208816e+03  3.319999e+03 
 1.466671e-01  8.752101e+02  1.591942e+03  2.157466e+03  3.246879e+03 
 1.487115e-01  8.499308e+02  1.546680e+03  2.096892e+03  3.158118e+03 
 1.507845e-01  8.234942e+02  1.498066e+03  2.031003e+03  3.060098e+03 
 1.528864e-01  7.976396e+02  1.450544e+03  1.966529e+03  2.964258e+03 
 1.550175e-01  7.745815e+02  1.410042e+03  1.913076e+03  2.887694e+03 
 1.571784e-01  7.539354e+02  1.375211e+03  1.868296e+03  2.825953e+03 
 1.593694e-01  7.345073e+02  1.342478e+03  1.826221e+03  2.768089e+03 
 1.615909e-01  7.169693e+02  1.313394e+03  1.789128e+03  2.717400e+03 
 1.638434e-01  7.011583e+02  1.287489e+03  1.756336e+03  2.672952e+03 
 1.661273e-01  6.869194e+02  1.264366e+03  1.727218e+03  2.633949e+03 
 1.684430e-01  6.709384e+02  1.235302e+03  1.688247e+03  2.577343e+03 
 1.707910e-01  6.561282e+02  1.208066e+03  1.651558e+03  2.523818e+03 
 1.731717e-01  6.432678e+02  1.184793e+03  1.620404e+03  2.478701e+03 
 1.755856e-01  6.337362e+02  1.169119e+03  1.600319e+03  2.450277e+03 
 1.780332e-01  6.251543e+02  1.155173e+03  1.582569e+03  2.425422e+03 
 1.805149e-01  6.154259e+02  1.136964e+03  1.557204e+03  2.385487e+03 
 1.830312e-01  6.050000e+02  1.116196e+03  1.527292e+03  2.336622e+03 
 1.855825e-01  5.947615e+02  1.096077e+03  1.498602e+03  2.290366e+03 
 1.881694e-01  5.848694e+02  1.078260e+03  1.474939e+03  2.256215e+03 
 1.907924e-01  5.744993e+02  1.059551e+03  1.450048e+03  2.220144e+03 
 1.934520e-01  5.629838e+02  1.038557e+03  1.422137e+03  2.180630e+03 
 1.961486e-01  5.504946e+02  1.015702e+03  1.391697e+03  2.137551e+03 
 1.988828e-01  5.383914e+02  9.942843e+02  1.363445e+03  2.097471e+03 
 2.016551e-01  5.272596e+02  9.756922e+02  1.339376e+03  2.063262e+03 
 2.044661e-01  5.151474e+02  9.549663e+02  1.312141e+03  2.023812e+03 
 2.073162e-01  5.014652e+02  9.298083e+02  1.277669e+03  1.971528e+03 
 2.102061e-01  4.874279e+02  9.039734e+02  1.242259e+03  1.917748e+03 
 2.131362e-01  4.771785e+02  8.893995e+02  1.225244e+03  1.895962e+03 
 2.161073e-01  4.671795e+02  8.753417e+02  1.208968e+03  1.875326e+03 
 2.191197e-01  4.544090e+02  8.537804e+02  1.181532e+03  1.838947e+03 
 2.221741e-01  4.416297e+02  8.316020e+02  1.152977e+03  1.800930e+03 
 2.252711e-01  4.301948e+02  8.123741e+02  1.128684e+03  1.768914e+03 
 2.284112e-01  4.199317e+02  7.954298e+02  1.107550e+03  1.741445e+03 
 2.315951e-01  4.110935e+02  7.801364e+02  1.087139e+03  1.710580e+03 
 2.348235e-01  4.033745e+02  7.665769e+02  1.068584e+03  1.681043e+03 
 2.380968e-01  3.944231e+02  7.494060e+02  1.044699e+03  1.644592e+03 
 2.414157e-01  3.857028e+02  7.323634e+02  1.020917e+03  1.608644e+03 
 2.447809e-01  3.770811e+02  7.160166e+02  9.986193e+02  1.575038e+03 
 2.481930e-01  3.688188e+02  7.004641e+02  9.774826e+02  1.543197e+03 
 2.516527e-01  3.639901e+02  6.926680e+02  9.671607e+02  1.527376e+03 
 2.551606e-01  3.580254e+02  6.822971e+02  9.532336e+02  1.506493e+03 
 2.587174e-01  3.487090e+02  6.642933e+02  9.286439e+02  1.470811e+03 
 2.623238e-01  3.407886e+02  6.500821e+02  9.097516e+02  1.443858e+03 
 2.659804e-01  3.343988e+02  6.399990e+02  8.970516e+02  1.426384e+03 
 2.696881e-01  3.257850e+02  6.247369e+02  8.767882e+02  1.396375e+03 
 2.734474e-01  3.164584e+02  6.078570e+02  8.541875e+02  1.362584e+03 
 2.772591e-01  3.094173e+02  5.966942e+02  8.405753e+02  1.345578e+03 
 2.811239e-01  3.019659e+02  5.841383e+02  8.248973e+02  1.326408e+03 
 2.850426e-01  2.941281e+02  5.700598e+02  8.069699e+02  1.305297e+03 
 2.890160e-01  2.870893e+02  5.583984e+02  7.921201e+02  1.284225e+03 
 2.930447e-01  2.806233e+02  5.474617e+02  7.775611e+02  1.261537e+03 
 2.971296e-01  2.745068e+02  5.355094e+02  7.596619e+02  1.230813e+03 
 3.012714e-01  2.690483e+02  5.262364e+02  7.474446e+02  1.212743e+03 
 3.054710e-01  2.637562e+02  5.176279e+02  7.368494e+02  1.198858e+03 
 3.097291e-01  2.573877e+02  5.061504e+02  7.219776e+02  1.178904e+03 
 3.140465e-01  2.516050e+02  4.946949e+02  7.055825e+02  1.152042e+03 
 3.184242e-01  2.464806e+02  4.846764e+02  6.912018e+02  1.128317e+03 
 3.228628e-01  2.424522e+02  4.782343e+02  6.832927e+02  1.118933e+03 
 3.273634e-01  2.365755e+02  4.667232e+02  6.669479e+02  1.093053e+03 
 3.319266e-01  2.304452e+02  4.551792e+02  6.512249e+02  1.069755e+03 
 3.365535e-01  2.246116e+02  4.451340e+02  6.385566e+02  1.053241e+03 
 3.412449e-01  2.205704e+02  4.399044e+02  6.323326e+02  1.043170e+03 
 3.460016e-01  2.160743e+02  4.327297e+02  6.231596e+02  1.030283e+03 
 3.508247e-01  2.116552e+02  4.250139e+02  6.129576e+02  1.015522e+03 
 3.557150e-01  2.073989e+02  4.172636e+02  6.025509e+02  9.997658e+02 
 3.606735e-01  2.025121e+02  4.087109e+02  5.914247e+02  9.841457e+02 
 3.657011e-01  1.966897e+02  3.979135e+02  5.768746e+02  9.642920e+02 
 3.707988e-01  1.920806e+02  3.892729e+02  5.652311e+02  9.471808e+02 
 3.759675e-01  1.879041e+02  3.814568e+02  5.546264e+02  9.314908e+02 
 3.812083e-01  1.835973e+02  3.738137e+02  5.443830e+02  9.167262e+02 
 3.865221e-01  1.799656e+02  3.685708e+02  5.381942e+02  9.060539e+02 
 3.919100e-01  1.762570e+02  3.601337e+02  5.256152e+02  8.894202e+02 
 3.973730e-01  1.720252e+02  3.533373e+02  5.171928e+02  8.760401e+02 
 4.029122e-01  1.686354e+02  3.481048e+02  5.099352e+02  8.626853e+02 
 4.085286e-01  1.651708e+02  3.408477e+02  4.997065e+02  8.482642e+02 
 4.142232e-01  1.609819e+02  3.325547e+02  4.889539e+02  8.351672e+02 
 4.199973e-01  1.569223e+02  3.257454e+02  4.804115e+02  8.226606e+02 
 4.258518e-01  1.536807e+02  3.198182e+02  4.720187e+02  8.081426e+02 
 4.317880e-01  1.502703e+02  3.132179e+02  4.623812e+02  7.936636e+02 
 4.378069e-01  1.472944e+02  3.074465e+02  4.542474e+02  7.802961e+02 
 4.439097e-01  1.448212e+02  3.036971e+02  4.498343e+02  7.764212e+02 
 4.500975e-01  1.409206e+02  2.965953e+02  4.402025e+02  7.623022e+02 
 4.563716e-01  1.376350e+02  2.900012e+02  4.307028e+02  7.454328e+02 
 4.627332e-01  1.355424e+02  2.872069e+02  4.277838e+02  7.427154e+02 
 4.691835e-01  1.320827e+02  2.804740e+02  4.181472e+02  7.266079e+02 
 4.757236e-01  1.295670e+02  2.757030e+02  4.117418e+02  7.170002e+02 
 4.823549e-01  1.261773e+02  2.689165e+02  4.023774e+02  7.047183e+02 
 4.890787e-01  1.234979e+02  2.638444e+02  3.955500e+02  6.939915e+02 
 4.958962e-01  1.214786e+02  2.599765e+02  3.895729e+02  6.831085e+02 
 5.028087e-01  1.187895e+02  2.554033e+02  3.834604e+02  6.743117e+02 
 5.098176e-01  1.166002e+02  2.514689e+02  3.777286e+02  6.630492e+02 
 5.169242e-01  1.145920e+02  2.477732e+02  3.728650e+02  6.565601e+02 
 5.241298e-01  1.108710e+02  2.415912e+02  3.653714e+02  6.474810e+02 
 5.314359e-01  1.089330e+02  2.386262e+02  3.613048e+02  6.410195e+02 
 5.388438e-01  1.066569e+02  2.336146e+02  3.539301e+02  6.300471e+02 
 5.463550e-01  1.047582e+02  2.299372e+02  3.484812e+02  6.211337e+02 
 5.539709e-01  1.019751e+02  2.251899e+02  3.424715e+02  6.117535e+02 
 5.616930e-01  1.001637e+02  2.217293e+02  3.376168e+02  6.044350e+02 
 5.695227e-01  9.819125e+01  2.186234e+02  3.337627e+02  5.961323e+02 
 5.774615e-01  9.596560e+01  2.136031e+02  3.264683e+02  5.860000e+02 
 5.855110e-01  9.424722e+01  2.104413e+02  3.215988e+02  5.779903e+02 
 5.936727e-01  9.207385e+01  2.055397e+02  3.149763e+02  5.681744e+02 
 6.019482e-01  9.052762e+01  2.032171e+02  3.111763e+02  5.612965e+02 
 6.103390e-01  8.839022e+01  1.996579e+02  3.065437e+02  5.530142e+02 
 6.188468e-01  8.641662e+01  1.965385e+02  3.038595e+02  5.509605e+02 
 6.274732e-01  8.498644e+01  1.929252e+02  2.977614e+02  5.413777e+02 
 6.362198e-01  8.329490e+01  1.899983e+02  2.934129e+02  5.330388e+02 
 6.450884e-01  8.135252e+01  1.866233e+02  2.888101e+02  5.251319e+02 
 6.540806e-01  7.966462e+01  1.826912e+02  2.829641e+02  5.169765e+02 
 6.631981e-01  7.791689e+01  1.800830e+02  2.801562e+02  5.117781e+02 
 6.724427e-01  7.643954e+01  1.769585e+02  2.759190e+02  5.067279e+02 
 6.818162e-01  7.480626e+01  1.737927e+02  2.703794e+02  4.968376e+02 
 6.913204e-01  7.321248e+01  1.706836e+02  2.664356e+02  4.901230e+02 
 7.009570e-01  7.217136e+01  1.681787e+02  2.628268e+02  4.838707e+02 
 7.107280e-01  7.033825e+01  1.653848e+02  2.588895e+02  4.763527e+02 
 7.206351e-01  6.925503e+01  1.629102e+02  2.556540e+02  4.724660e+02 
 7.306804e-01  6.785993e+01  1.604455e+02  2.516090e+02  4.642255e+02 
 7.408657e-01  6.636123e+01  1.573394e+02  2.472220e+02  4.583204e+02 
 7.511929e-01  6.495940e+01  1.545384e+02  2.436633e+02  4.521228e+02 
 7.616642e-01  6.369778e+01  1.518212e+02  2.398945e+02  4.465355e+02 
 7.722814e-01  6.286279e+01  1.502564e+02  2.371692e+02  4.400583e+02 
 7.830465e-01  6.154225e+01  1.474371e+02  2.332900e+02  4.343499e+02 
 7.939618e-01  6.040136e+01  1.455253e+02  2.302872e+02  4.302186e+02 
 8.050292e-01  5.906885e+01  1.429078e+02  2.272438e+02  4.246019e+02 
 8.162509e-01  5.804926e+01  1.408153e+02  2.234249e+02  4.173178e+02 
 8.276289e-01  5.663560e+01  1.380786e+02  2.199261e+02  4.120786e+02 
 8.391656e-01  5.593250e+01  1.364570e+02  2.169330e+02  4.077255e+02 
 8.508632e-01  5.489987e+01  1.341515e+02  2.139824e+02  4.022279e+02 
 8.627237e-01  5.370020e+01  1.320476e+02  2.108326e+02  3.959889e+02 
 8.747496e-01  5.271378e+01  1.298666e+02  2.077806e+02  3.908468e+02 
 8.869432e-01  5.180080e+01  1.280190e+02  2.049929e+02  3.858805e+02 
 8.993067e-01  5.076554e+01  1.260155e+02  2.019578e+02  3.804874e+02 
 9.118425e-01  4.996327e+01  1.239027e+02  1.986401e+02  3.738914e+02 
 9.245531e-01  4.888367e+01  1.218588e+02  1.956061e+02  3.699248e+02 
 9.374409e-01  4.795961e+01  1.200447e+02  1.931717e+02  3.650408e+02 
 9.505083e-01  4.716792e+01  1.182057e+02  1.904378e+02  3.600482e+02 
 9.637579e-01  4.616578e+01  1.159719e+02  1.871905e+02  3.550047e+02 
 9.771921e-01  4.557689e+01  1.152907e+02  1.854039e+02  3.503700e+02 
 9.908137e-01  4.470354e+01  1.131957e+02  1.825637e+02  3.460194e+02 
 1.004625e+00  4.384422e+01  1.111540e+02  1.794780e+02  3.402828e+02 
 1.018629e+00  4.311088e+01  1.096480e+02  1.770351e+02  3.355252e+02 
 1.032828e+00  4.229211e+01  1.079686e+02  1.748134e+02  3.321758e+02 
 1.047225e+00  4.147873e+01  1.064440e+02  1.720909e+02  3.265822e+02 
 1.061823e+00  4.083875e+01  1.050284e+02  1.697942e+02  3.219571e+02 
 1.076624e+00  4.007840e+01  1.033866e+02  1.673251e+02  3.172603e+02 
 1.091632e+00  3.939125e+01  1.017835e+02  1.649962e+02  3.126022e+02 
 1.106848e+00  3.864404e+01  1.000687e+02  1.625648e+02  3.084828e+02 
 1.122277e+00  3.796669e+01  9.869065e+01  1.600030e+02  3.035740e+02 
 1.137921e+00  3.728262e+01  9.705538e+01  1.576644e+02  2.992194e+02 
 1.153783e+00  3.668744e+01  9.558828e+01  1.553486e+02  2.951112e+02 
 1.169866e+00  3.603031e+01  9.419436e+01  1.530711e+02  2.910695e+02 
 1.186174e+00  3.537714e+01  9.286330e+01  1.508947e+02  2.865753e+02 
 1.202708e+00  3.481035e+01  9.145627e+01  1.487128e+02  2.823219e+02 
 1.219473e+00  3.422448e+01  9.014298e+01  1.466477e+02  2.778336e+02 
 1.236472e+00  3.361779e+01  8.882429e+01  1.446092e+02  2.739203e+02 
 1.253708e+00  3.306800e+01  8.742025e+01  1.423087e+02  2.700810e+02 
 1.271184e+00  3.251340e+01  8.644498e+01  1.406000e+02  2.658824e+02 
 1.288904e+00  3.195580e+01  8.482006e+01  1.382253e+02  2.622206e+02 
 1.306870e+00  3.137163e+01  8.354647e+01  1.361482e+02  2.579577e+02 
 1.325087e+00  3.089265e+01  8.234674e+01  1.341606e+02  2.537513e+02 
 1.343558e+00  3.037169e+01  8.107596e+01  1.321203e+02  2.497718e+02 
 1.362287e+00  2.989763e+01  7.979421e+01  1.299508e+02  2.458939e+02 
 1.381276e+00  2.938894e+01  7.859250e+01  1.277878e+02  2.420176e+02 
 1.400531e+00  2.891039e+01  7.741198e+01  1.259190e+02  2.378495e+02 
 1.420053e+00  2.840329e+01  7.615812e+01  1.240370e+02  2.339746e+02 
 1.439848e+00  2.794769e+01  7.505528e+01  1.219972e+02  2.302756e+02 
 1.459919e+00  2.744757e+01  7.386859e+01  1.200699e+02  2.262636e+02 
 1.480269e+00  2.705392e+01  7.261821e+01  1.180766e+02  2.221847e+02 
 1.500903e+00  2.659646e+01  7.152716e+01  1.161559e+02  2.189130e+02 
 1.521825e+00  2.615407e+01  7.051562e+01  1.144258e+02  2.151280e+02 
 1.543038e+00  2.571214e+01  6.939586e+01  1.126915e+02  2.116942e+02 
 1.564548e+00  2.532909e+01  6.831095e+01  1.108272e+02  2.079413e+02 
 1.586357e+00  2.491893e+01  6.731001e+01  1.090681e+02  2.043241e+02 
 1.608469e+00  2.449101e+01  6.627133e+01  1.073091e+02  2.010171e+02 
 1.630891e+00  2.416309e+01  6.510628e+01  1.053556e+02  1.971927e+02 
 1.653624e+00  2.373632e+01  6.406509e+01  1.037331e+02  1.940319e+02 
 1.676675e+00  2.335232e+01  6.315090e+01  1.020675e+02  1.903946e+02 
 1.700047e+00  2.296345e+01  6.213260e+01  1.003213e+02  1.870422e+02 
 1.723745e+00  2.260134e+01  6.109802e+01  9.859241e+01  1.834033e+02 
 1.747773e+00  2.221273e+01  6.007163e+01  9.687034e+01  1.800421e+02 
 1.772136e+00  2.185927e+01  5.908353e+01  9.516610e+01  1.768880e+02 
 1.796838e+00  2.151647e+01  5.810472e+01  9.353611e+01  1.735375e+02 
 1.821885e+00  2.118497e+01  5.712829e+01  9.185663e+01  1.703575e+02 
 1.847281e+00  2.084297e+01  5.626910e+01  9.033111e+01  1.671590e+02 
 1.873032e+00  2.051105e+01  5.526233e+01  8.860185e+01  1.640607e+02 
 1.899141e+00  2.016982e+01  5.430106e+01  8.706934e+01  1.609623e+02 
 1.925614e+00  1.986113e+01  5.341791e+01  8.553179e+01  1.578111e+02 
 1.952456e+00  1.959629e+01  5.256027e+01  8.401151e+01  1.547504e+02 
 1.979672e+00  1.924060e+01  5.169594e+01  8.251037e+01  1.517881e+02 
 2.007267e+00  1.895844e+01  5.078417e+01  8.089928e+01  1.489092e+02 
 2.035248e+00  1.862813e+01  4.987250e+01  7.937644e+01  1.458788e+02 
 2.063618e+00  1.832762e+01  4.897908e+01  7.790802e+01  1.429277e+02 
 2.092383e+00  1.803665e+01  4.811717e+01  7.640443e+01  1.400861e+02 
 2.121550e+00  1.773477e+01  4.723695e+01  7.493866e+01  1.371827e+02 
 2.151123e+00  1.745245e+01  4.639335e+01  7.345894e+01  1.343250e+02 
 2.181109e+00  1.716466e+01  4.553369e+01  7.205398e+01  1.316257e+02 
 2.211512e+00  1.688515e+01  4.467511e+01  7.059421e+01  1.287627e+02 
 2.242340e+00  1.661430e+01  4.388358e+01  6.922240e+01  1.261145e+02 
 2.273597e+00  1.632481e+01  4.306176e+01  6.778251e+01  1.234464e+02 
 2.305289e+00  1.607709e+01  4.225506e+01  6.645952e+01  1.208643e+02 
 2.337424e+00  1.581166e+01  4.144598e+01  6.509727e+01  1.183204e+02 
 2.370006e+00  1.555057e+01  4.066787e+01  6.380784e+01  1.158702e+02 
 2.403043e+00  1.528453e+01  3.990057e+01  6.247188e+01  1.133481e+02 
 2.436540e+00  1.504277e+01  3.915161e+01  6.120254e+01  1.109036e+02 
 2.470504e+00  1.479360e+01  3.840839e+01  5.991888e+01  1.084857e+02 
 2.504942e+00  1.454747e+01  3.767960e+01  5.869174e+01  1.061450e+02 
 2.539859e+00  1.431356e+01  3.692860e+01  5.743313e+01  1.037785e+02 
 2.575263e+00  1.406034e+01  3.618645e+01  5.625734e+01  1.015186e+02 
 2.611161e+00  1.383057e+01  3.546098e+01  5.500895e+01  9.925516e+01 
 2.647559e+00  1.359501e+01  3.473858e+01  5.379462e+01  9.698244e+01 
 2.684465e+00  1.336295e+01  3.405353e+01  5.261457e+01  9.478197e+01 
 2.721885e+00  1.312267e+01  3.332601e+01  5.146681e+01  9.262054e+01 
 2.759826e+00  1.289613e+01  3.262162e+01  5.031071e+01  9.050053e+01 
 2.798297e+00  1.267061e+01  3.195666e+01  4.919936e+01  8.846946e+01 
 2.837304e+00  1.245063e+01  3.128212e+01  4.809729e+01  8.642087e+01 
 2.876854e+00  1.223075e+01  3.061585e+01  4.701049e+01  8.443407e+01 
 2.916956e+00  1.201728e+01  2.997703e+01  4.594860e+01  8.245424e+01 
 2.957617e+00  1.180965e+01  2.934918e+01  4.492395e+01  8.055961e+01 
 2.998844e+00  1.159954e+01  2.872869e+01  4.389868e+01  7.867671e+01 
 3.040646e+00  1.139441e+01  2.810821e+01  4.289695e+01  7.689109e+01 
 3.083031e+00  1.119179e+01  2.749868e+01  4.191501e+01  7.509675e+01 
 3.126007e+00  1.099565e+01  2.690955e+01  4.094739e+01  7.331698e+01 
 3.169582e+00  1.079435e+01  2.630419e+01  3.998114e+01  7.158829e+01 
 3.213764e+00  1.059710e+01  2.572309e+01  3.904111e+01  6.988579e+01 
 3.258562e+00  1.039771e+01  2.515595e+01  3.811532e+01  6.821051e+01 
 3.303985e+00  1.020330e+01  2.457701e+01  3.720861e+01  6.657136e+01 
 3.350041e+00  1.001343e+01  2.401071e+01  3.630352e+01  6.494968e+01 
 3.396739e+00  9.819699e+00  2.346323e+01  3.543678e+01  6.336175e+01 
 3.444087e+00  9.636083e+00  2.291357e+01  3.456459e+01  6.181001e+01 
 3.492096e+00  9.452597e+00  2.238826e+01  3.373446e+01  6.032021e+01 
 3.540774e+00  9.267564e+00  2.187401e+01  3.291921e+01  5.884705e+01 
 3.590130e+00  9.090972e+00  2.135925e+01  3.210873e+01  5.742009e+01 
 3.640175e+00  8.918647e+00  2.086193e+01  3.133534e+01  5.601243e+01 
 3.690917e+00  8.742926e+00  2.038137e+01  3.056126e+01  5.464456e+01 
 3.742366e+00  8.572759e+00  1.989412e+01  2.981659e+01  5.332720e+01 
 3.794533e+00  8.407655e+00  1.943317e+01  2.908899e+01  5.201757e+01 
 3.847427e+00  8.242543e+00  1.896782e+01  2.837373e+01  5.075526e+01 
 3.901058e+00  8.075359e+00  1.852009e+01  2.767591e+01  4.949865e+01 
 3.955436e+00  7.917504e+00  1.807358e+01  2.697651e+01  4.826512e+01 
 4.010573e+00  7.754098e+00  1.763384e+01  2.630708e+01  4.707039e+01 
 4.066478e+00  7.595125e+00  1.720095e+01  2.563875e+01  4.588288e+01 
 4.123163e+00  7.436952e+00  1.678165e+01  2.498807e+01  4.472461e+01 
 4.180637e+00  7.283254e+00  1.636884e+01  2.435386e+01  4.358806e+01 
 4.238913e+00  7.130390e+00  1.595961e+01  2.373040e+01  4.249172e+01 
 4.298001e+00  6.977312e+00  1.556350e+01  2.312608e+01  4.140999e+01 
 4.357913e+00  6.833678e+00  1.517581e+01  2.253841e+01  4.036925e+01 
 4.418660e+00  6.687576e+00  1.480113e+01  2.196126e+01  3.935325e+01 
 4.480254e+00  6.544272e+00  1.443117e+01  2.140126e+01  3.835837e+01 
 4.542706e+00  6.406119e+00  1.406861e+01  2.085356e+01  3.738726e+01 
 4.606029e+00  6.268962e+00  1.372247e+01  2.032587e+01  3.645272e+01 
 4.670234e+00  6.134271e+00  1.338088e+01  1.981314e+01  3.553988e+01 
 4.735335e+00  6.002533e+00  1.304839e+01  1.930858e+01  3.464284e+01 
 4.801343e+00  5.874648e+00  1.272463e+01  1.881849e+01  3.376473e+01 
 4.868271e+00  5.746471e+00  1.240434e+01  1.833584e+01  3.290792e+01 
 4.936132e+00  5.619892e+00  1.208975e+01  1.786465e+01  3.206848e+01 
 5.004939e+00  5.494863e+00  1.178328e+01  1.740248e+01  3.124534e+01 
 5.074705e+00  5.370940e+00  1.148132e+01  1.694895e+01  3.044133e+01 
 5.145444e+00  5.250396e+00  1.118742e+01  1.650805e+01  2.965758e+01 
 5.217169e+00  5.130580e+00  1.089861e+01  1.607544e+01  2.888289e+01 
 5.289893e+00  5.015188e+00  1.061915e+01  1.565979e+01  2.813799e+01 
 5.363631e+00  4.899624e+00  1.034605e+01  1.524812e+01  2.740877e+01 
 5.438397e+00  4.788271e+00  1.007945e+01  1.485126e+01  2.669693e+01 
 5.514206e+00  4.678700e+00  9.820801e+00  1.446564e+01  2.600832e+01 
 5.591071e+00  4.570561e+00  9.570210e+00  1.408960e+01  2.533861e+01 
 5.669007e+00  4.467175e+00  9.324930e+00  1.372654e+01  2.468776e+01 
 5.748030e+00  4.364918e+00  9.088035e+00  1.337147e+01  2.405156e+01 
 5.828155e+00  4.265008e+00  8.857175e+00  1.302799e+01  2.343450e+01 
 5.909396e+00  4.167309e+00  8.631846e+00  1.269293e+01  2.283574e+01 
 5.991770e+00  4.071179e+00  8.411512e+00  1.236512e+01  2.224935e+01 
 6.075292e+00  3.977213e+00  8.197575e+00  1.204612e+01  2.167516e+01 
 6.159978e+00  3.884325e+00  7.987259e+00  1.173379e+01  2.111394e+01 
 6.245845e+00  3.793082e+00  7.781646e+00  1.142819e+01  2.056305e+01 
 6.332908e+00  3.703122e+00  7.579449e+00  1.112829e+01  2.002381e+01 
 6.421186e+00  3.615638e+00  7.383223e+00  1.083567e+01  1.949760e+01 
 6.510694e+00  3.529232e+00  7.191352e+00  1.055171e+01  1.898514e+01 
 6.601449e+00  3.445422e+00  7.005211e+00  1.027480e+01  1.848641e+01 
 6.693470e+00  3.363017e+00  6.822994e+00  1.000428e+01  1.799961e+01 
 6.786773e+00  3.282720e+00  6.646840e+00  9.742034e+00  1.752715e+01 
 6.881377e+00  3.204952e+00  6.475578e+00  9.487649e+00  1.706622e+01 
 6.977300e+00  3.128928e+00  6.309649e+00  9.241625e+00  1.662036e+01 
 7.074559e+00  3.055145e+00  6.147880e+00  9.000997e+00  1.618600e+01 
 7.173175e+00  2.982823e+00  5.991332e+00  8.768389e+00  1.576500e+01 
 7.273165e+00  2.912722e+00  5.839281e+00  8.542939e+00  1.535481e+01 
 7.374549e+00  2.844133e+00  5.690803e+00  8.322046e+00  1.495639e+01 
 7.477346e+00  2.776911e+00  5.546876e+00  8.108609e+00  1.456731e+01 
 7.581576e+00  2.711534e+00  5.405153e+00  7.898588e+00  1.418670e+01 
 7.687260e+00  2.647024e+00  5.267152e+00  7.693386e+00  1.381495e+01 
 7.794416e+00  2.583816e+00  5.131988e+00  7.491918e+00  1.345014e+01 
 7.903066e+00  2.521927e+00  4.999509e+00  7.295124e+00  1.309264e+01 
 8.013230e+00  2.461373e+00  4.870975e+00  7.104709e+00  1.274499e+01 
 8.124930e+00  2.402077e+00  4.745391e+00  6.918005e+00  1.240522e+01 
 8.238187e+00  2.344478e+00  4.622777e+00  6.735872e+00  1.207486e+01 
 8.353023e+00  2.288177e+00  4.503876e+00  6.559450e+00  1.175303e+01 
 8.469460e+00  2.233558e+00  4.388454e+00  6.387895e+00  1.144048e+01 
 8.587519e+00  2.180400e+00  4.276148e+00  6.221149e+00  1.113693e+01 
 8.707225e+00  2.128726e+00  4.166941e+00  6.059421e+00  1.084217e+01 
 8.828599e+00  2.078542e+00  4.061584e+00  5.902408e+00  1.055536e+01 
 8.951665e+00  2.029635e+00  3.959077e+00  5.749962e+00  1.027761e+01 
 9.076446e+00  1.982184e+00  3.859541e+00  5.602290e+00  1.000797e+01 
 9.202967e+00  1.935957e+00  3.762637e+00  5.458516e+00  9.744958e+00 
 9.331251e+00  1.890813e+00  3.668064e+00  5.317975e+00  9.488765e+00 
 9.461324e+00  0.000000e+00  0.000000e+00  0.000000e+00  0.000000e+00 
 9.593209e+00  0.000000e+00  0.000000e+00  0.000000e+00  0.000000e+00 
 9.726934e+00  0.000000e+00  0.000000e+00  0.000000e+00  0.000000e+00 
 9.862522e+00  0.000000e+00  0.000000e+00  0.000000e+00  0.000000e+00 
 1.000000e+01  0.000000e+00  0.000000e+00  0.000000e+00  0.000000e+00 
