 1.000000e-02  5.766198e+03  1.050018e+04  1.419127e+04  2.111240e+04 
 1.013939e-02  5.797858e+03  1.055765e+04  1.426887e+04  2.122747e+04 
 1.028073e-02  5.829017e+03  1.061423e+04  1.434528e+04  2.134069e+04 
 1.042404e-02  5.859672e+03  1.066996e+04  1.442041e+04  2.145206e+04 
 1.056935e-02  5.889793e+03  1.072471e+04  1.449421e+04  2.156145e+04 
 1.071668e-02  5.919359e+03  1.077838e+04  1.456656e+04  2.166882e+04 
 1.086606e-02  5.948353e+03  1.083097e+04  1.463746e+04  2.177403e+04 
 1.101753e-02  5.976759e+03  1.088252e+04  1.470696e+04  2.187701e+04 
 1.117111e-02  6.004552e+03  1.093301e+04  1.477501e+04  2.197763e+04 
 1.132683e-02  6.031711e+03  1.098235e+04  1.484148e+04  2.207596e+04 
 1.148472e-02  6.058209e+03  1.103044e+04  1.490631e+04  2.217189e+04 
 1.164481e-02  6.084020e+03  1.107728e+04  1.496945e+04  2.226535e+04 
 1.180713e-02  6.109130e+03  1.112282e+04  1.503079e+04  2.235622e+04 
 1.197171e-02  6.133518e+03  1.116704e+04  1.509036e+04  2.244439e+04 
 1.213859e-02  6.157158e+03  1.120990e+04  1.514810e+04  2.252981e+04 
 1.230780e-02  6.180024e+03  1.125136e+04  1.520393e+04  2.261249e+04 
 1.247936e-02  6.202094e+03  1.129136e+04  1.525781e+04  2.269221e+04 
 1.265332e-02  6.223342e+03  1.132984e+04  1.530974e+04  2.276879e+04 
 1.282970e-02  6.243754e+03  1.136682e+04  1.535957e+04  2.284223e+04 
 1.300854e-02  6.263308e+03  1.140223e+04  1.540724e+04  2.291250e+04 
 1.318987e-02  6.281977e+03  1.143604e+04  1.545271e+04  2.297957e+04 
 1.337373e-02  6.299743e+03  1.146820e+04  1.549594e+04  2.304334e+04 
 1.356015e-02  6.316571e+03  1.149864e+04  1.553690e+04  2.310373e+04 
 1.374917e-02  6.332442e+03  1.152734e+04  1.557551e+04  2.316057e+04 
 1.394083e-02  6.347346e+03  1.155425e+04  1.561162e+04  2.321381e+04 
 1.413516e-02  6.361247e+03  1.157933e+04  1.564520e+04  2.326332e+04 
 1.433219e-02  6.374107e+03  1.160253e+04  1.567627e+04  2.330900e+04 
 1.453198e-02  6.385906e+03  1.162380e+04  1.570476e+04  2.335083e+04 
 1.473454e-02  6.396642e+03  1.164311e+04  1.573062e+04  2.338880e+04 
 1.493993e-02  6.406275e+03  1.166041e+04  1.575384e+04  2.342269e+04 
 1.514819e-02  6.414804e+03  1.167574e+04  1.577440e+04  2.345256e+04 
 1.535935e-02  6.422208e+03  1.168901e+04  1.579216e+04  2.347835e+04 
 1.557345e-02  6.428450e+03  1.170016e+04  1.580706e+04  2.349980e+04 
 1.579053e-02  6.433505e+03  1.170916e+04  1.581903e+04  2.351690e+04 
 1.601064e-02  6.437358e+03  1.171597e+04  1.582796e+04  2.352967e+04 
 1.623382e-02  6.439988e+03  1.172053e+04  1.583381e+04  2.353803e+04 
 1.646012e-02  6.441350e+03  1.172281e+04  1.583664e+04  2.354169e+04 
 1.668956e-02  6.441431e+03  1.172272e+04  1.583635e+04  2.354058e+04 
 1.692220e-02  6.440233e+03  1.172034e+04  1.583289e+04  2.353475e+04 
 1.715809e-02  6.437748e+03  1.171559e+04  1.582624e+04  2.352403e+04 
 1.739726e-02  6.433936e+03  1.170840e+04  1.581628e+04  2.350848e+04 
 1.763977e-02  6.428774e+03  1.169877e+04  1.580302e+04  2.348821e+04 
 1.788566e-02  6.422236e+03  1.168664e+04  1.578641e+04  2.346305e+04 
 1.813498e-02  6.414313e+03  1.167199e+04  1.576638e+04  2.343265e+04 
 1.838777e-02  6.404992e+03  1.165479e+04  1.574290e+04  2.339698e+04 
 1.864409e-02  6.394278e+03  1.163506e+04  1.571596e+04  2.335615e+04 
 1.890397e-02  6.382135e+03  1.161271e+04  1.568553e+04  2.331020e+04 
 1.916748e-02  6.368562e+03  1.158777e+04  1.565157e+04  2.325912e+04 
 1.943467e-02  6.353555e+03  1.156020e+04  1.561409e+04  2.320282e+04 
 1.970558e-02  6.337100e+03  1.153002e+04  1.557304e+04  2.314124e+04 
 1.998026e-02  6.319191e+03  1.149718e+04  1.552840e+04  2.307424e+04 
 2.025878e-02  6.299808e+03  1.146162e+04  1.548014e+04  2.300161e+04 
 2.054117e-02  6.278937e+03  1.142338e+04  1.542822e+04  2.292346e+04 
 2.082751e-02  6.256602e+03  1.138246e+04  1.537268e+04  2.284019e+04 
 2.111783e-02  6.232790e+03  1.133888e+04  1.531353e+04  2.275164e+04 
 2.141220e-02  6.207584e+03  1.129271e+04  1.525086e+04  2.265777e+04 
 2.171068e-02  6.181519e+03  1.124473e+04  1.518549e+04  2.255913e+04 
 2.201331e-02  6.153978e+03  1.119407e+04  1.511649e+04  2.245511e+04 
 2.232016e-02  6.124988e+03  1.114075e+04  1.504393e+04  2.234582e+04 
 2.263130e-02  6.094551e+03  1.108480e+04  1.496781e+04  2.223129e+04 
 2.294676e-02  6.062660e+03  1.102621e+04  1.488811e+04  2.211135e+04 
 2.326663e-02  6.029327e+03  1.096503e+04  1.480489e+04  2.198613e+04 
 2.359095e-02  5.994572e+03  1.090124e+04  1.471816e+04  2.185573e+04 
 2.391980e-02  5.958400e+03  1.083487e+04  1.462795e+04  2.172016e+04 
 2.425323e-02  5.920849e+03  1.076599e+04  1.453435e+04  2.157959e+04 
 2.459130e-02  5.881950e+03  1.069465e+04  1.443742e+04  2.143407e+04 
 2.493409e-02  5.841717e+03  1.062089e+04  1.433723e+04  2.128369e+04 
 2.528166e-02  5.800163e+03  1.054472e+04  1.423378e+04  2.112848e+04 
 2.563407e-02  5.757305e+03  1.046618e+04  1.412717e+04  2.096857e+04 
 2.599140e-02  5.713189e+03  1.038534e+04  1.401744e+04  2.080406e+04 
 2.635371e-02  5.667854e+03  1.030230e+04  1.390474e+04  2.063511e+04 
 2.672106e-02  5.621331e+03  1.021711e+04  1.378912e+04  2.046188e+04 
 2.709354e-02  5.573664e+03  1.012985e+04  1.367069e+04  2.028447e+04 
 2.747121e-02  5.524881e+03  1.004057e+04  1.354957e+04  2.010304e+04 
 2.785414e-02  5.474981e+03  9.949259e+03  1.342572e+04  1.991765e+04 
 2.824241e-02  5.423731e+03  9.855620e+03  1.329884e+04  1.972805e+04 
 2.863610e-02  5.371529e+03  9.760239e+03  1.316962e+04  1.953500e+04 
 2.903527e-02  5.318419e+03  9.663233e+03  1.303821e+04  1.933867e+04 
 2.944000e-02  5.264455e+03  9.564689e+03  1.290475e+04  1.913930e+04 
 2.985038e-02  5.209695e+03  9.464719e+03  1.276932e+04  1.893705e+04 
 3.026648e-02  5.154212e+03  9.363393e+03  1.263210e+04  1.873216e+04 
 3.068838e-02  5.098050e+03  9.260841e+03  1.249323e+04  1.852482e+04 
 3.111616e-02  5.041281e+03  9.157185e+03  1.235288e+04  1.831531e+04 
 3.154990e-02  4.983964e+03  9.052552e+03  1.221123e+04  1.810387e+04 
 3.198969e-02  4.926185e+03  8.947091e+03  1.206843e+04  1.789078e+04 
 3.243561e-02  4.868012e+03  8.840919e+03  1.192469e+04  1.767625e+04 
 3.288774e-02  4.809519e+03  8.734155e+03  1.178015e+04  1.746059e+04 
 3.334618e-02  4.750773e+03  8.626953e+03  1.163503e+04  1.724406e+04 
 3.381101e-02  4.691844e+03  8.519444e+03  1.148948e+04  1.702692e+04 
 3.428231e-02  4.632824e+03  8.411739e+03  1.134370e+04  1.680947e+04 
 3.476019e-02  4.573633e+03  8.304033e+03  1.119829e+04  1.659370e+04 
 3.524473e-02  4.514482e+03  8.196442e+03  1.105305e+04  1.637819e+04 
 3.573602e-02  4.455456e+03  8.089096e+03  1.090814e+04  1.616319e+04 
 3.623416e-02  4.396643e+03  7.982132e+03  1.076375e+04  1.594893e+04 
 3.673925e-02  4.338113e+03  7.875686e+03  1.062007e+04  1.573573e+04 
 3.725137e-02  4.279952e+03  7.769905e+03  1.047727e+04  1.552386e+04 
 3.777064e-02  4.222233e+03  7.664922e+03  1.033557e+04  1.531358e+04 
 3.829714e-02  4.165021e+03  7.560873e+03  1.019513e+04  1.510518e+04 
 3.883098e-02  4.108392e+03  7.457901e+03  1.005613e+04  1.489894e+04 
 3.937226e-02  4.052431e+03  7.356132e+03  9.918763e+03  1.469512e+04 
 3.992109e-02  3.997193e+03  7.255692e+03  9.783173e+03  1.449393e+04 
 4.047757e-02  3.942735e+03  7.156635e+03  9.649408e+03  1.429537e+04 
 4.104181e-02  3.888918e+03  7.058113e+03  9.515690e+03  1.409499e+04 
 4.161391e-02  3.836024e+03  6.961268e+03  9.384259e+03  1.389801e+04 
 4.219398e-02  3.784112e+03  6.866196e+03  9.255268e+03  1.370464e+04 
 4.278214e-02  3.733226e+03  6.773014e+03  9.128824e+03  1.351507e+04 
 4.337850e-02  3.683408e+03  6.681809e+03  9.005017e+03  1.332950e+04 
 4.398317e-02  3.634705e+03  6.592649e+03  8.883953e+03  1.314804e+04 
 4.459628e-02  3.587170e+03  6.505593e+03  8.765753e+03  1.297083e+04 
 4.521792e-02  3.540834e+03  6.420693e+03  8.650500e+03  1.279797e+04 
 4.584824e-02  3.495712e+03  6.338008e+03  8.538259e+03  1.262958e+04 
 4.648734e-02  3.451827e+03  6.257591e+03  8.429075e+03  1.246574e+04 
 4.713535e-02  3.409347e+03  6.180556e+03  8.325255e+03  1.231215e+04 
 4.779239e-02  3.368220e+03  6.106445e+03  8.225891e+03  1.216650e+04 
 4.845859e-02  3.328354e+03  6.034616e+03  8.129578e+03  1.202536e+04 
 4.913407e-02  3.289744e+03  5.965046e+03  8.036323e+03  1.188870e+04 
 4.981898e-02  3.252374e+03  5.897710e+03  7.946105e+03  1.175650e+04 
 5.051342e-02  3.216213e+03  5.832586e+03  7.858856e+03  1.162866e+04 
 5.121755e-02  3.181237e+03  5.769614e+03  7.774487e+03  1.150511e+04 
 5.193150e-02  3.147403e+03  5.708726e+03  7.692906e+03  1.138569e+04 
 5.265540e-02  3.114668e+03  5.649818e+03  7.613980e+03  1.127021e+04 
 5.338938e-02  3.082729e+03  5.591844e+03  7.535826e+03  1.115455e+04 
 5.413360e-02  3.051483e+03  5.534547e+03  7.457986e+03  1.103777e+04 
 5.488820e-02  3.021160e+03  5.478951e+03  7.382458e+03  1.092439e+04 
 5.565331e-02  2.991643e+03  5.424837e+03  7.308931e+03  1.081400e+04 
 5.642908e-02  2.962796e+03  5.371928e+03  7.237039e+03  1.070600e+04 
 5.721568e-02  2.934585e+03  5.320156e+03  7.166669e+03  1.060029e+04 
 5.801323e-02  2.907127e+03  5.269762e+03  7.098147e+03  1.049731e+04 
 5.882190e-02  2.880476e+03  5.220845e+03  7.031621e+03  1.039731e+04 
 5.964185e-02  2.854552e+03  5.173585e+03  6.967711e+03  1.030211e+04 
 6.047322e-02  2.829305e+03  5.128522e+03  6.907724e+03  1.021536e+04 
 6.131619e-02  2.803781e+03  5.082943e+03  6.847046e+03  1.012759e+04 
 6.217090e-02  2.777842e+03  5.036593e+03  6.785336e+03  1.003829e+04 
 6.303753e-02  2.751526e+03  4.989549e+03  6.722673e+03  9.947579e+03 
 6.391624e-02  2.724874e+03  4.941886e+03  6.659171e+03  9.855603e+03 
 6.480720e-02  2.697818e+03  4.893499e+03  6.594678e+03  9.762168e+03 
 6.571058e-02  2.670195e+03  4.844073e+03  6.528787e+03  9.666634e+03 
 6.662655e-02  2.640551e+03  4.788985e+03  6.453147e+03  9.550824e+03 
 6.755528e-02  2.609973e+03  4.732150e+03  6.375108e+03  9.431305e+03 
 6.849697e-02  2.578407e+03  4.673554e+03  6.294700e+03  9.308329e+03 
 6.945178e-02  2.545781e+03  4.613025e+03  6.211703e+03  9.181578e+03 
 7.041990e-02  2.512008e+03  4.550424e+03  6.125933e+03  9.050787e+03 
 7.140151e-02  2.477014e+03  4.485634e+03  6.037228e+03  8.915705e+03 
 7.239681e-02  2.441028e+03  4.419364e+03  5.946922e+03  8.779484e+03 
 7.340598e-02  2.404071e+03  4.351726e+03  5.855234e+03  8.642640e+03 
 7.442922e-02  2.365774e+03  4.281662e+03  5.760304e+03  8.501042e+03 
 7.546673e-02  2.326140e+03  4.209182e+03  5.662132e+03  8.354701e+03 
 7.651869e-02  2.285199e+03  4.134346e+03  5.560813e+03  8.203757e+03 
 7.758532e-02  2.242998e+03  4.057258e+03  5.456459e+03  8.048366e+03 
 7.866682e-02  2.200519e+03  3.980895e+03  5.354284e+03  7.899196e+03 
 7.976339e-02  2.158409e+03  3.907169e+03  5.257582e+03  7.762937e+03 
 8.087525e-02  2.115267e+03  3.831512e+03  5.158208e+03  7.622574e+03 
 8.200261e-02  2.071240e+03  3.754177e+03  5.056504e+03  7.478596e+03 
 8.314568e-02  2.026497e+03  3.675462e+03  4.952869e+03  7.331553e+03 
 8.430468e-02  1.981222e+03  3.595696e+03  4.847730e+03  7.182079e+03 
 8.547985e-02  1.934780e+03  3.512478e+03  4.736689e+03  7.020802e+03 
 8.667139e-02  1.887856e+03  3.427752e+03  4.623028e+03  6.854185e+03 
 8.787954e-02  1.841064e+03  3.343254e+03  4.509658e+03  6.687934e+03 
 8.910453e-02  1.794636e+03  3.259417e+03  4.397146e+03  6.522905e+03 
 9.034660e-02  1.748802e+03  3.176650e+03  4.286054e+03  6.359928e+03 
 9.160598e-02  1.704533e+03  3.097676e+03  4.180970e+03  6.207935e+03 
 9.288292e-02  1.661961e+03  3.022622e+03  4.081947e+03  6.066714e+03 
 9.417766e-02  1.620608e+03  2.949702e+03  3.985707e+03  5.929369e+03 
 9.549045e-02  1.580668e+03  2.879278e+03  3.892749e+03  5.796660e+03 
 9.682153e-02  1.542324e+03  2.811669e+03  3.803522e+03  5.669295e+03 
 9.817117e-02  1.506015e+03  2.748115e+03  3.720104e+03  5.551317e+03 
 9.953962e-02  1.471707e+03  2.688274e+03  3.641739e+03  5.440998e+03 
 1.009272e-01  1.439407e+03  2.631997e+03  3.568090e+03  5.337490e+03 
 1.023340e-01  1.409163e+03  2.579402e+03  3.499360e+03  5.241118e+03 
 1.037605e-01  1.380325e+03  2.528497e+03  3.432126e+03  5.145137e+03 
 1.052069e-01  1.351043e+03  2.473651e+03  3.356748e+03  5.030632e+03 
 1.066734e-01  1.323952e+03  2.422837e+03  3.286855e+03  4.924367e+03 
 1.081604e-01  1.298976e+03  2.375912e+03  3.222284e+03  4.826092e+03 
 1.096681e-01  1.275994e+03  2.332656e+03  3.162719e+03  4.735349e+03 
 1.111968e-01  1.255078e+03  2.293527e+03  3.108882e+03  4.652931e+03 
 1.127468e-01  1.235813e+03  2.257460e+03  3.059199e+03  4.576747e+03 
 1.143184e-01  1.217981e+03  2.224047e+03  3.013098e+03  4.505951e+03 
 1.159120e-01  1.201356e+03  2.192835e+03  2.970003e+03  4.439668e+03 
 1.175277e-01  1.186565e+03  2.165865e+03  2.933428e+03  4.384574e+03 
 1.191660e-01  1.172455e+03  2.140255e+03  2.898740e+03  4.332427e+03 
 1.208271e-01  1.158661e+03  2.115245e+03  2.864850e+03  4.281475e+03 
 1.225114e-01  1.144881e+03  2.090201e+03  2.830924e+03  4.230532e+03 
 1.242191e-01  1.130454e+03  2.063697e+03  2.795030e+03  4.177288e+03 
 1.259506e-01  1.115480e+03  2.036201e+03  2.757791e+03  4.122047e+03 
 1.277063e-01  1.099696e+03  2.007255e+03  2.718571e+03  4.063840e+03 
 1.294865e-01  1.083252e+03  1.977326e+03  2.678080e+03  4.003501e+03 
 1.312915e-01  1.066028e+03  1.946200e+03  2.636064e+03  3.940609e+03 
 1.331216e-01  1.047466e+03  1.912634e+03  2.590722e+03  3.872772e+03 
 1.349772e-01  1.027528e+03  1.876602e+03  2.542078e+03  3.800126e+03 
 1.368587e-01  1.007455e+03  1.842368e+03  2.498203e+03  3.741092e+03 
 1.387665e-01  9.859766e+02  1.805503e+03  2.450669e+03  3.676399e+03 
 1.407008e-01  9.632197e+02  1.766208e+03  2.399745e+03  3.606445e+03 
 1.426621e-01  9.403608e+02  1.727088e+03  2.348980e+03  3.535465e+03 
 1.446507e-01  9.169470e+02  1.686983e+03  2.296803e+03  3.461725e+03 
 1.466671e-01  8.929139e+02  1.645618e+03  2.242762e+03  3.385004e+03 
 1.487115e-01  8.665308e+02  1.597971e+03  2.178855e+03  3.291586e+03 
 1.507845e-01  8.389118e+02  1.546752e+03  2.109285e+03  3.188332e+03 
 1.528864e-01  8.118529e+02  1.496604e+03  2.041147e+03  3.087121e+03 
 1.550175e-01  7.876361e+02  1.453710e+03  1.984434e+03  3.006043e+03 
 1.571784e-01  7.658786e+02  1.416669e+03  1.936696e+03  2.940421e+03 
 1.593694e-01  7.453926e+02  1.381830e+03  1.891828e+03  2.878833e+03 
 1.615909e-01  7.269103e+02  1.350866e+03  1.852244e+03  2.824748e+03 
 1.638434e-01  7.102975e+02  1.323360e+03  1.817292e+03  2.777447e+03 
 1.661273e-01  6.953869e+02  1.298895e+03  1.786409e+03  2.736073e+03 
 1.684430e-01  6.787940e+02  1.268367e+03  1.745283e+03  2.676227e+03 
 1.707910e-01  6.635517e+02  1.239996e+03  1.706866e+03  2.620106e+03 
 1.731717e-01  6.504379e+02  1.215954e+03  1.674559e+03  2.573164e+03 
 1.755856e-01  6.407656e+02  1.199772e+03  1.653666e+03  2.543514e+03 
 1.780332e-01  6.321824e+02  1.185592e+03  1.635505e+03  2.517974e+03 
 1.805149e-01  6.225431e+02  1.167191e+03  1.609658e+03  2.477085e+03 
 1.830312e-01  6.122843e+02  1.146303e+03  1.579271e+03  2.427086e+03 
 1.855825e-01  6.022498e+02  1.126124e+03  1.550199e+03  2.379876e+03 
 1.881694e-01  5.925668e+02  1.108234e+03  1.526154e+03  2.344834e+03 
 1.907924e-01  5.823792e+02  1.089397e+03  1.500793e+03  2.307702e+03 
 1.934520e-01  5.710193e+02  1.068266e+03  1.472444e+03  2.267298e+03 
 1.961486e-01  5.586221e+02  1.045154e+03  1.441410e+03  2.223146e+03 
 1.988828e-01  5.465198e+02  1.023372e+03  1.412455e+03  2.181829e+03 
 2.016551e-01  5.352973e+02  1.004351e+03  1.387663e+03  2.146420e+03 
 2.044661e-01  5.229731e+02  9.829603e+02  1.359376e+03  2.105237e+03 
 2.073162e-01  5.090222e+02  9.570558e+02  1.323725e+03  2.050961e+03 
 2.102061e-01  4.945936e+02  9.302433e+02  1.286812e+03  1.994689e+03 
 2.131362e-01  4.839188e+02  9.149207e+02  1.268924e+03  1.972034e+03 
 2.161073e-01  4.734240e+02  8.999814e+02  1.251588e+03  1.950239e+03 
 2.191197e-01  4.601411e+02  8.773385e+02  1.222633e+03  1.911651e+03 
 2.221741e-01  4.468370e+02  8.540185e+02  1.192445e+03  1.871165e+03 
 2.252711e-01  4.349218e+02  8.337752e+02  1.166754e+03  1.837217e+03 
 2.284112e-01  4.242842e+02  8.160418e+02  1.144555e+03  1.808396e+03 
 2.315951e-01  4.150682e+02  7.999205e+02  1.122983e+03  1.775913e+03 
 2.348235e-01  4.070726e+02  7.857281e+02  1.103535e+03  1.745156e+03 
 2.380968e-01  3.979441e+02  7.679615e+02  1.078670e+03  1.707092e+03 
 2.414157e-01  3.891441e+02  7.504786e+02  1.054103e+03  1.669792e+03 
 2.447809e-01  3.805092e+02  7.337922e+02  1.031156e+03  1.635035e+03 
 2.481930e-01  3.723187e+02  7.180640e+02  1.009604e+03  1.602420e+03 
 2.516527e-01  3.675793e+02  7.102293e+02  9.991334e+02  1.586293e+03 
 2.551606e-01  3.616710e+02  6.997124e+02  9.848715e+02  1.564775e+03 
 2.587174e-01  3.523718e+02  6.813511e+02  9.595432e+02  1.527717e+03 
 2.623238e-01  3.444799e+02  6.669084e+02  9.401698e+02  1.499893e+03 
 2.659804e-01  3.380647e+02  6.566082e+02  9.270942e+02  1.481822e+03 
 2.696881e-01  3.293764e+02  6.409761e+02  9.062026e+02  1.450795e+03 
 2.734474e-01  3.199135e+02  6.235936e+02  8.827738e+02  1.415652e+03 
 2.772591e-01  3.126925e+02  6.119759e+02  8.685034e+02  1.397710e+03 
 2.811239e-01  3.050232e+02  5.988806e+02  8.519970e+02  1.377223e+03 
 2.850426e-01  2.970035e+02  5.843255e+02  8.332677e+02  1.354707e+03 
 2.890160e-01  2.897341e+02  5.721301e+02  8.176624e+02  1.332615e+03 
 2.930447e-01  2.830196e+02  5.606334e+02  8.023176e+02  1.308814e+03 
 2.971296e-01  2.767070e+02  5.482070e+02  7.836662e+02  1.276627e+03 
 3.012714e-01  2.711229e+02  5.385855e+02  7.709562e+02  1.257916e+03 
 3.054710e-01  2.657478e+02  5.296785e+02  7.599339e+02  1.243571e+03 
 3.097291e-01  2.593266e+02  5.178323e+02  7.443809e+02  1.222390e+03 
 3.140465e-01  2.535321e+02  5.061853e+02  7.276317e+02  1.194922e+03 
 3.184242e-01  2.484083e+02  4.960214e+02  7.129865e+02  1.170794e+03 
 3.228628e-01  2.443272e+02  4.893009e+02  7.046202e+02  1.160773e+03 
 3.273634e-01  2.384660e+02  4.776175e+02  6.878926e+02  1.134148e+03 
 3.319266e-01  2.323368e+02  4.658616e+02  6.717379e+02  1.110070e+03 
 3.365535e-01  2.264328e+02  4.554792e+02  6.584988e+02  1.092647e+03 
 3.412449e-01  2.222876e+02  4.500319e+02  6.520253e+02  1.082238e+03 
 3.460016e-01  2.176916e+02  4.425849e+02  6.424621e+02  1.068823e+03 
 3.508247e-01  2.131763e+02  4.345863e+02  6.318133e+02  1.053316e+03 
 3.557150e-01  2.087985e+02  4.265050e+02  6.208752e+02  1.036570e+03 
 3.606735e-01  2.037819e+02  4.175939e+02  6.092156e+02  1.020245e+03 
 3.657011e-01  1.978847e+02  4.064639e+02  5.940665e+02  9.993841e+02 
 3.707988e-01  1.931940e+02  3.975027e+02  5.818815e+02  9.814171e+02 
 3.759675e-01  1.889469e+02  3.894010e+02  5.707940e+02  9.649125e+02 
 3.812083e-01  1.846146e+02  3.815791e+02  5.602394e+02  9.495697e+02 
 3.865221e-01  1.810028e+02  3.763306e+02  5.541237e+02  9.392464e+02 
 3.919100e-01  1.772515e+02  3.676495e+02  5.410501e+02  9.216623e+02 
 3.973730e-01  1.729954e+02  3.606213e+02  5.322494e+02  9.076503e+02 
 4.029122e-01  1.695490e+02  3.552089e+02  5.247193e+02  8.938252e+02 
 4.085286e-01  1.660445e+02  3.477715e+02  5.141295e+02  8.787756e+02 
 4.142232e-01  1.618126e+02  3.392387e+02  5.029140e+02  8.648950e+02 
 4.199973e-01  1.576892e+02  3.321737e+02  4.939617e+02  8.517484e+02 
 4.258518e-01  1.543927e+02  3.260705e+02  4.852963e+02  8.367968e+02 
 4.317880e-01  1.509176e+02  3.192809e+02  4.753105e+02  8.216113e+02 
 4.378069e-01  1.478705e+02  3.132347e+02  4.666948e+02  8.074053e+02 
 4.439097e-01  1.453495e+02  3.093517e+02  4.620848e+02  8.032009e+02 
 4.500975e-01  1.414331e+02  3.021000e+02  4.522045e+02  7.887401e+02 
 4.563716e-01  1.381300e+02  2.953311e+02  4.423893e+02  7.712983e+02 
 4.627332e-01  1.360101e+02  2.924543e+02  4.393640e+02  7.685148e+02 
 4.691835e-01  1.325138e+02  2.855483e+02  4.294486e+02  7.519688e+02 
 4.757236e-01  1.299837e+02  2.806267e+02  4.227206e+02  7.417154e+02 
 4.823549e-01  1.265555e+02  2.736679e+02  4.129814e+02  7.286291e+02 
 4.890787e-01  1.238242e+02  2.683915e+02  4.058466e+02  7.174484e+02 
 4.958962e-01  1.217640e+02  2.643862e+02  3.996330e+02  7.060951e+02 
 5.028087e-01  1.190291e+02  2.596702e+02  3.932898e+02  6.968867e+02 
 5.098176e-01  1.168094e+02  2.556044e+02  3.873843e+02  6.853566e+02 
 5.169242e-01  1.147596e+02  2.517555e+02  3.822466e+02  6.784471e+02 
 5.241298e-01  1.110094e+02  2.453948e+02  3.744521e+02  6.688974e+02 
 5.314359e-01  1.090593e+02  2.424064e+02  3.703672e+02  6.623381e+02 
 5.388438e-01  1.067511e+02  2.372089e+02  3.626356e+02  6.506965e+02 
 5.463550e-01  1.048140e+02  2.334194e+02  3.569989e+02  6.413771e+02 
 5.539709e-01  1.019841e+02  2.284524e+02  3.506574e+02  6.315322e+02 
 5.616930e-01  1.001481e+02  2.248956e+02  3.456433e+02  6.240048e+02 
 5.695227e-01  9.815628e+01  2.216634e+02  3.416091e+02  6.154775e+02 
 5.774615e-01  9.591484e+01  2.165263e+02  3.340262e+02  6.047497e+02 
 5.855110e-01  9.417846e+01  2.133144e+02  3.291020e+02  5.965013e+02 
 5.936727e-01  9.198057e+01  2.082766e+02  3.221431e+02  5.860534e+02 
 6.019482e-01  9.040141e+01  2.058292e+02  3.181820e+02  5.788576e+02 
 6.103390e-01  8.823648e+01  2.021433e+02  3.133839e+02  5.703686e+02 
 6.188468e-01  8.625517e+01  1.988934e+02  3.104672e+02  5.681773e+02 
 6.274732e-01  8.479201e+01  1.951531e+02  3.040889e+02  5.579503e+02 
 6.362198e-01  8.307312e+01  1.921852e+02  2.997375e+02  5.495565e+02 
 6.450884e-01  8.111182e+01  1.886757e+02  2.948828e+02  5.411726e+02 
 6.540806e-01  7.940933e+01  1.846397e+02  2.888102e+02  5.325059e+02 
 6.631981e-01  7.763388e+01  1.818690e+02  2.857779e+02  5.271449e+02 
 6.724427e-01  7.613618e+01  1.786696e+02  2.813586e+02  5.216959e+02 
 6.818162e-01  7.447579e+01  1.754225e+02  2.756913e+02  5.114586e+02 
 6.913204e-01  7.286684e+01  1.722047e+02  2.715508e+02  5.043993e+02 
 7.009570e-01  7.181335e+01  1.696253e+02  2.677724e+02  4.978812e+02 
 7.107280e-01  6.995829e+01  1.667444e+02  2.637282e+02  4.900709e+02 
 7.206351e-01  6.885660e+01  1.641735e+02  2.603070e+02  4.859138e+02 
 7.306804e-01  6.744703e+01  1.616534e+02  2.561443e+02  4.773418e+02 
 7.408657e-01  6.593657e+01  1.584575e+02  2.515994e+02  4.711799e+02 
 7.511929e-01  6.452287e+01  1.555627e+02  2.478632e+02  4.647288e+02 
 7.616642e-01  6.325609e+01  1.527600e+02  2.439123e+02  4.587800e+02 
 7.722814e-01  6.239879e+01  1.511688e+02  2.411514e+02  4.522146e+02 
 7.830465e-01  6.107126e+01  1.482531e+02  2.370694e+02  4.462532e+02 
 7.939618e-01  5.991857e+01  1.462837e+02  2.339479e+02  4.417053e+02 
 8.050292e-01  5.856950e+01  1.435662e+02  2.307459e+02  4.358888e+02 
 8.162509e-01  5.752542e+01  1.414185e+02  2.268503e+02  4.282791e+02 
 8.276289e-01  5.610449e+01  1.385795e+02  2.231366e+02  4.227198e+02 
 8.391656e-01  5.537367e+01  1.368892e+02  2.199835e+02  4.179998e+02 
 8.508632e-01  5.433777e+01  1.345399e+02  2.169354e+02  4.123070e+02 
 8.627237e-01  5.312168e+01  1.323456e+02  2.136438e+02  4.057726e+02 
 8.747496e-01  5.212772e+01  1.300801e+02  2.104400e+02  4.003469e+02 
 8.869432e-01  5.120301e+01  1.281952e+02  2.075690e+02  3.952742e+02 
 8.993067e-01  5.015058e+01  1.261331e+02  2.044099e+02  3.895557e+02 
 9.118425e-01  4.935032e+01  1.239652e+02  2.009663e+02  3.826825e+02 
 9.245531e-01  4.826231e+01  1.218861e+02  1.978329e+02  3.784775e+02 
 9.374409e-01  4.732192e+01  1.199953e+02  1.952666e+02  3.733860e+02 
 9.505083e-01  4.651931e+01  1.180984e+02  1.924207e+02  3.682067e+02 
 9.637579e-01  4.551561e+01  1.158261e+02  1.890507e+02  3.628103e+02 
 9.771921e-01  4.490061e+01  1.150937e+02  1.872236e+02  3.580410e+02 
 9.908137e-01  4.402180e+01  1.129371e+02  1.842116e+02  3.533722e+02 
 1.004625e+00  4.315281e+01  1.108527e+02  1.810471e+02  3.474472e+02 
 1.018629e+00  4.241887e+01  1.092994e+02  1.784974e+02  3.424467e+02 
 1.032828e+00  4.158354e+01  1.075452e+02  1.761350e+02  3.387890e+02 
 1.047225e+00  4.075629e+01  1.059601e+02  1.733227e+02  3.329352e+02 
 1.061823e+00  4.010721e+01  1.045134e+02  1.709439e+02  3.281856e+02 
 1.076624e+00  3.933919e+01  1.028281e+02  1.683843e+02  3.232560e+02 
 1.091632e+00  3.865420e+01  1.011686e+02  1.659525e+02  3.184065e+02 
 1.106848e+00  3.789730e+01  9.940664e+01  1.634032e+02  3.140376e+02 
 1.122277e+00  3.720999e+01  9.798660e+01  1.607393e+02  3.088436e+02 
 1.137921e+00  3.651959e+01  9.630576e+01  1.582904e+02  3.042944e+02 
 1.153783e+00  3.591112e+01  9.480776e+01  1.559028e+02  2.999952e+02 
 1.169866e+00  3.526546e+01  9.338547e+01  1.535653e+02  2.957960e+02 
 1.186174e+00  3.460426e+01  9.201003e+01  1.512745e+02  2.910425e+02 
 1.202708e+00  3.402668e+01  9.056520e+01  1.490306e+02  2.866657e+02 
 1.219473e+00  3.344123e+01  8.921955e+01  1.468917e+02  2.819648e+02 
 1.236472e+00  3.282943e+01  8.785818e+01  1.447697e+02  2.779162e+02 
 1.253708e+00  3.227200e+01  8.641670e+01  1.423389e+02  2.737857e+02 
 1.271184e+00  3.171446e+01  8.538930e+01  1.405742e+02  2.694465e+02 
 1.288904e+00  3.114931e+01  8.373609e+01  1.380893e+02  2.655482e+02 
 1.306870e+00  3.056555e+01  8.241794e+01  1.359259e+02  2.610693e+02 
 1.325087e+00  3.008108e+01  8.119008e+01  1.338803e+02  2.566821e+02 
 1.343558e+00  2.955479e+01  7.988724e+01  1.317639e+02  2.525218e+02 
 1.362287e+00  2.907417e+01  7.857912e+01  1.295185e+02  2.484221e+02 
 1.381276e+00  2.856102e+01  7.735259e+01  1.272627e+02  2.443307e+02 
 1.400531e+00  2.808143e+01  7.614478e+01  1.253367e+02  2.400253e+02 
 1.420053e+00  2.757420e+01  7.485271e+01  1.233851e+02  2.360010e+02 
 1.439848e+00  2.711619e+01  7.373350e+01  1.212836e+02  2.321402e+02 
 1.459919e+00  2.661809e+01  7.252644e+01  1.193034e+02  2.279769e+02 
 1.480269e+00  2.622317e+01  7.125112e+01  1.172271e+02  2.237304e+02 
 1.500903e+00  2.576708e+01  7.014595e+01  1.152547e+02  2.202855e+02 
 1.521825e+00  2.532163e+01  6.910286e+01  1.134617e+02  2.163896e+02 
 1.543038e+00  2.487917e+01  6.796192e+01  1.116764e+02  2.128265e+02 
 1.564548e+00  2.449416e+01  6.686398e+01  1.097588e+02  2.089003e+02 
 1.586357e+00  2.408202e+01  6.583063e+01  1.079378e+02  2.051256e+02 
 1.608469e+00  2.365121e+01  6.476056e+01  1.061164e+02  2.016685e+02 
 1.630891e+00  2.331944e+01  6.358037e+01  1.040892e+02  1.976607e+02 
 1.653624e+00  2.289352e+01  6.251930e+01  1.024112e+02  1.943739e+02 
 1.676675e+00  2.250707e+01  6.157770e+01  1.006986e+02  1.906160e+02 
 1.700047e+00  2.212048e+01  6.055068e+01  9.890813e+01  1.871322e+02 
 1.723745e+00  2.176381e+01  5.949814e+01  9.713527e+01  1.833772e+02 
 1.747773e+00  2.137370e+01  5.845737e+01  9.535979e+01  1.798881e+02 
 1.772136e+00  2.102124e+01  5.746558e+01  9.362418e+01  1.766249e+02 
 1.796838e+00  2.067851e+01  5.646818e+01  9.194679e+01  1.731738e+02 
 1.821885e+00  2.035407e+01  5.548286e+01  9.023044e+01  1.698924e+02 
 1.847281e+00  2.000782e+01  5.460989e+01  8.867458e+01  1.665928e+02 
 1.873032e+00  1.967939e+01  5.360586e+01  8.691143e+01  1.633778e+02 
 1.899141e+00  1.934290e+01  5.262999e+01  8.534022e+01  1.602000e+02 
 1.925614e+00  1.903599e+01  5.173722e+01  8.376977e+01  1.569445e+02 
 1.952456e+00  1.876908e+01  5.087569e+01  8.222656e+01  1.537978e+02 
 1.979672e+00  1.841687e+01  4.999929e+01  8.069521e+01  1.507438e+02 
 2.007267e+00  1.813398e+01  4.908536e+01  7.905498e+01  1.477548e+02 
 2.035248e+00  1.780951e+01  4.816105e+01  7.749859e+01  1.446384e+02 
 2.063618e+00  1.750984e+01  4.725954e+01  7.598732e+01  1.415990e+02 
 2.092383e+00  1.722233e+01  4.638831e+01  7.445852e+01  1.386667e+02 
 2.121550e+00  1.692348e+01  4.550793e+01  7.297762e+01  1.357066e+02 
 2.151123e+00  1.664489e+01  4.466578e+01  7.147948e+01  1.327795e+02 
 2.181109e+00  1.636034e+01  4.380001e+01  7.005132e+01  1.300200e+02 
 2.211512e+00  1.608608e+01  4.294290e+01  6.857655e+01  1.270877e+02 
 2.242340e+00  1.581812e+01  4.215761e+01  6.719718e+01  1.243925e+02 
 2.273597e+00  1.553457e+01  4.134046e+01  6.574955e+01  1.216739e+02 
 2.305289e+00  1.526696e+01  4.053626e+01  6.441347e+01  1.190463e+02 
 2.337424e+00  1.503228e+01  3.973021e+01  6.304444e+01  1.164732e+02 
 2.370006e+00  1.477519e+01  3.895600e+01  6.174586e+01  1.139596e+02 
 2.403043e+00  1.451323e+01  3.819562e+01  6.040526e+01  1.113992e+02 
 2.436540e+00  1.427706e+01  3.745281e+01  5.913201e+01  1.089156e+02 
 2.470504e+00  1.403161e+01  3.670894e+01  5.783786e+01  1.064509e+02 
 2.504942e+00  1.379013e+01  3.598454e+01  5.660800e+01  1.040705e+02 
 2.539859e+00  1.356007e+01  3.523849e+01  5.534238e+01  1.016618e+02 
 2.575263e+00  1.331120e+01  3.449998e+01  5.416006e+01  9.937472e+01 
 2.611161e+00  1.308644e+01  3.378477e+01  5.291698e+01  9.708492e+01 
 2.647559e+00  1.285660e+01  3.307297e+01  5.170520e+01  9.478188e+01 
 2.684465e+00  1.262983e+01  3.239641e+01  5.053569e+01  9.256426e+01 
 2.721885e+00  1.239700e+01  3.168091e+01  4.939243e+01  9.039194e+01 
 2.759826e+00  1.217767e+01  3.099182e+01  4.824482e+01  8.826118e+01 
 2.798297e+00  1.195849e+01  3.033675e+01  4.714512e+01  8.621997e+01 
 2.837304e+00  1.174584e+01  2.967845e+01  4.605645e+01  8.416777e+01 
 2.876854e+00  1.153302e+01  2.902873e+01  4.498116e+01  8.217709e+01 
 2.916956e+00  1.132656e+01  2.840376e+01  4.393546e+01  8.018969e+01 
 2.957617e+00  1.112565e+01  2.779060e+01  4.292539e+01  7.829155e+01 
 2.998844e+00  1.092305e+01  2.718497e+01  4.191569e+01  7.640964e+01 
 3.040646e+00  1.072416e+01  2.657862e+01  4.092466e+01  7.462222e+01 
 3.083031e+00  1.052823e+01  2.598141e+01  3.995725e+01  7.282708e+01 
 3.126007e+00  1.033783e+01  2.540853e+01  3.900562e+01  7.104076e+01 
 3.169582e+00  1.014331e+01  2.481801e+01  3.805251e+01  6.931307e+01 
 3.213764e+00  9.952640e+00  2.425245e+01  3.713087e+01  6.761602e+01 
 3.258562e+00  9.760646e+00  2.370118e+01  3.622494e+01  6.594739e+01 
 3.303985e+00  9.573865e+00  2.314065e+01  3.533618e+01  6.431716e+01 
 3.350041e+00  9.391005e+00  2.259296e+01  3.445559e+01  6.271128e+01 
 3.396739e+00  9.206398e+00  2.206412e+01  3.361168e+01  6.113323e+01 
 3.444087e+00  9.030539e+00  2.153620e+01  3.276071e+01  5.960073e+01 
 3.492096e+00  8.855413e+00  2.103093e+01  3.195615e+01  5.813033e+01 
 3.540774e+00  8.678128e+00  2.053566e+01  3.116501e+01  5.667607e+01 
 3.590130e+00  8.510154e+00  2.004203e+01  3.038075e+01  5.526907e+01 
 3.640175e+00  8.345615e+00  1.956563e+01  2.963316e+01  5.388545e+01 
 3.690917e+00  8.178676e+00  1.910515e+01  2.888290e+01  5.253517e+01 
 3.742366e+00  8.016641e+00  1.863866e+01  2.816403e+01  5.123829e+01 
 3.794533e+00  7.859219e+00  1.819633e+01  2.746082e+01  4.995086e+01 
 3.847427e+00  7.701501e+00  1.775154e+01  2.676801e+01  4.870754e+01 
 3.901058e+00  7.542092e+00  1.732158e+01  2.609412e+01  4.746974e+01 
 3.955436e+00  7.391737e+00  1.689483e+01  2.541781e+01  4.625561e+01 
 4.010573e+00  7.235977e+00  1.647525e+01  2.477396e+01  4.508575e+01 
 4.066478e+00  7.084961e+00  1.606150e+01  2.413077e+01  4.392268e+01 
 4.123163e+00  6.934983e+00  1.566305e+01  2.350662e+01  4.278976e+01 
 4.180637e+00  6.789431e+00  1.527150e+01  2.290000e+01  4.168122e+01 
 4.238913e+00  6.645144e+00  1.488381e+01  2.230302e+01  4.061210e+01 
 4.298001e+00  6.500729e+00  1.450848e+01  2.172567e+01  3.956001e+01 
 4.357913e+00  6.365171e+00  1.414145e+01  2.116466e+01  3.854857e+01 
 4.418660e+00  6.227687e+00  1.378830e+01  2.061503e+01  3.756316e+01 
 4.480254e+00  6.092745e+00  1.343909e+01  2.008223e+01  3.659880e+01 
 4.542706e+00  5.963012e+00  1.309826e+01  1.956168e+01  3.565856e+01 
 4.606029e+00  5.833812e+00  1.277116e+01  1.905989e+01  3.475377e+01 
 4.670234e+00  5.707031e+00  1.244972e+01  1.857278e+01  3.386993e+01 
 4.735335e+00  5.582947e+00  1.213667e+01  1.809324e+01  3.300124e+01 
 4.801343e+00  5.462530e+00  1.183113e+01  1.762709e+01  3.215108e+01 
 4.868271e+00  5.341514e+00  1.152888e+01  1.716771e+01  3.132048e+01 
 4.936132e+00  5.222247e+00  1.123257e+01  1.671959e+01  3.050769e+01 
 5.004939e+00  5.104504e+00  1.094412e+01  1.628114e+01  2.971231e+01 
 5.074705e+00  4.988032e+00  1.066067e+01  1.585133e+01  2.893653e+01 
 5.145444e+00  4.875129e+00  1.038466e+01  1.543420e+01  2.818112e+01 
 5.217169e+00  4.762744e+00  1.011424e+01  1.502509e+01  2.743499e+01 
 5.289893e+00  4.654792e+00  9.852770e+00  1.463339e+01  2.672073e+01 
 5.363631e+00  4.546643e+00  9.597530e+00  1.424540e+01  2.601993e+01 
 5.438397e+00  4.442633e+00  9.348418e+00  1.387180e+01  2.533743e+01 
 5.514206e+00  4.340368e+00  9.107191e+00  1.350893e+01  2.467802e+01 
 5.591071e+00  4.239473e+00  8.873217e+00  1.315541e+01  2.403620e+01 
 5.669007e+00  4.143021e+00  8.644777e+00  1.281407e+01  2.341423e+01 
 5.748030e+00  4.047627e+00  8.423759e+00  1.248011e+01  2.280490e+01 
 5.828155e+00  3.954252e+00  8.208454e+00  1.215730e+01  2.221412e+01 
 5.909396e+00  3.862965e+00  7.998141e+00  1.184210e+01  2.164041e+01 
 5.991770e+00  3.772963e+00  7.792261e+00  1.153310e+01  2.107810e+01 
 6.075292e+00  3.684853e+00  7.592084e+00  1.123241e+01  2.052644e+01 
 6.159978e+00  3.597943e+00  7.395189e+00  1.093799e+01  1.998811e+01 
 6.245845e+00  3.512560e+00  7.203180e+00  1.065036e+01  1.946027e+01 
 6.332908e+00  3.428567e+00  7.014558e+00  1.036864e+01  1.894437e+01 
 6.421186e+00  3.346842e+00  6.831645e+00  1.009386e+01  1.844148e+01 
 6.510694e+00  3.266297e+00  6.652981e+00  9.827229e+00  1.795216e+01 
 6.601449e+00  3.188266e+00  6.479717e+00  9.567671e+00  1.747595e+01 
 6.693470e+00  3.111486e+00  6.310264e+00  9.314341e+00  1.701184e+01 
 6.786773e+00  3.036849e+00  6.146388e+00  9.068774e+00  1.656181e+01 
 6.881377e+00  2.964557e+00  5.987307e+00  8.830657e+00  1.612284e+01 
 6.977300e+00  2.893805e+00  5.833152e+00  8.600526e+00  1.569807e+01 
 7.074559e+00  2.825305e+00  5.682896e+00  8.375432e+00  1.528443e+01 
 7.173175e+00  2.758037e+00  5.537381e+00  8.157537e+00  1.488340e+01 
 7.273165e+00  2.692819e+00  5.395887e+00  7.946477e+00  1.449272e+01 
 7.374549e+00  2.628882e+00  5.257623e+00  7.739428e+00  1.411291e+01 
 7.477346e+00  2.566156e+00  5.123366e+00  7.538885e+00  1.374102e+01 
 7.581576e+00  2.505033e+00  4.990995e+00  7.341367e+00  1.337709e+01 
 7.687260e+00  2.444745e+00  4.862230e+00  7.148555e+00  1.302203e+01 
 7.794416e+00  2.385802e+00  4.736208e+00  6.959514e+00  1.267375e+01 
 7.903066e+00  2.328102e+00  4.612700e+00  6.774785e+00  1.233285e+01 
 8.013230e+00  2.271700e+00  4.493037e+00  6.596239e+00  1.200162e+01 
 8.124930e+00  2.216525e+00  4.376195e+00  6.421401e+00  1.167837e+01 
 8.238187e+00  2.162986e+00  4.262240e+00  6.250933e+00  1.136405e+01 
 8.353023e+00  2.110677e+00  4.151758e+00  6.085915e+00  1.105819e+01 
 8.469460e+00  2.059948e+00  4.044630e+00  5.925579e+00  1.076136e+01 
 8.587519e+00  2.010638e+00  3.940391e+00  5.769651e+00  1.047315e+01 
 8.707225e+00  1.962695e+00  3.839086e+00  5.618577e+00  1.019336e+01 
 8.828599e+00  1.916129e+00  3.741293e+00  5.471936e+00  9.921230e+00 
 8.951665e+00  1.870727e+00  3.646199e+00  5.329454e+00  9.657670e+00 
 9.076446e+00  1.826672e+00  3.553743e+00  5.191368e+00  9.401629e+00 
 9.202967e+00  1.783675e+00  3.463693e+00  5.056891e+00  9.151680e+00 
 9.331251e+00  1.741626e+00  3.375658e+00  4.925147e+00  8.907888e+00 
 9.461324e+00  0.000000e+00  0.000000e+00  0.000000e+00  0.000000e+00 
 9.593209e+00  0.000000e+00  0.000000e+00  0.000000e+00  0.000000e+00 
 9.726934e+00  0.000000e+00  0.000000e+00  0.000000e+00  0.000000e+00 
 9.862522e+00  0.000000e+00  0.000000e+00  0.000000e+00  0.000000e+00 
 1.000000e+01  0.000000e+00  0.000000e+00  0.000000e+00  0.000000e+00 
