 1.000000e-02  5.878070e+03  1.078235e+04  1.463068e+04  2.185935e+04 
 1.013939e-02  5.909054e+03  1.083898e+04  1.470734e+04  2.197339e+04 
 1.028073e-02  5.939542e+03  1.089470e+04  1.478283e+04  2.208569e+04 
 1.042404e-02  5.969521e+03  1.094950e+04  1.485707e+04  2.219607e+04 
 1.056935e-02  5.998960e+03  1.100331e+04  1.492992e+04  2.230435e+04 
 1.071668e-02  6.027857e+03  1.105604e+04  1.500129e+04  2.241054e+04 
 1.086606e-02  6.056174e+03  1.110770e+04  1.507117e+04  2.251450e+04 
 1.101753e-02  6.083882e+03  1.115828e+04  1.513961e+04  2.261617e+04 
 1.117111e-02  6.110957e+03  1.120774e+04  1.520657e+04  2.271552e+04 
 1.132683e-02  6.137398e+03  1.125601e+04  1.527190e+04  2.281258e+04 
 1.148472e-02  6.163181e+03  1.130307e+04  1.533545e+04  2.290716e+04 
 1.164481e-02  6.188282e+03  1.134886e+04  1.539729e+04  2.299913e+04 
 1.180713e-02  6.212673e+03  1.139333e+04  1.545741e+04  2.308839e+04 
 1.197171e-02  6.236332e+03  1.143647e+04  1.551579e+04  2.317490e+04 
 1.213859e-02  6.259246e+03  1.147825e+04  1.557229e+04  2.325858e+04 
 1.230780e-02  6.281424e+03  1.151864e+04  1.562686e+04  2.333949e+04 
 1.247936e-02  6.302811e+03  1.155759e+04  1.567946e+04  2.341750e+04 
 1.265332e-02  6.323365e+03  1.159500e+04  1.572997e+04  2.349244e+04 
 1.282970e-02  6.343068e+03  1.163087e+04  1.577837e+04  2.356418e+04 
 1.300854e-02  6.361942e+03  1.166521e+04  1.582466e+04  2.363278e+04 
 1.318987e-02  6.379946e+03  1.169795e+04  1.586877e+04  2.369811e+04 
 1.337373e-02  6.397049e+03  1.172903e+04  1.591064e+04  2.375995e+04 
 1.356015e-02  6.413226e+03  1.175840e+04  1.595027e+04  2.381828e+04 
 1.374917e-02  6.428462e+03  1.178604e+04  1.598759e+04  2.387317e+04 
 1.394083e-02  6.442736e+03  1.181191e+04  1.602249e+04  2.392456e+04 
 1.413516e-02  6.456036e+03  1.183598e+04  1.605487e+04  2.397234e+04 
 1.433219e-02  6.468330e+03  1.185820e+04  1.608468e+04  2.401634e+04 
 1.453198e-02  6.479589e+03  1.187851e+04  1.611183e+04  2.405629e+04 
 1.473454e-02  6.489794e+03  1.189689e+04  1.613639e+04  2.409223e+04 
 1.493993e-02  6.498928e+03  1.191332e+04  1.615842e+04  2.412425e+04 
 1.514819e-02  6.506990e+03  1.192779e+04  1.617785e+04  2.415240e+04 
 1.535935e-02  6.513956e+03  1.194024e+04  1.619454e+04  2.417657e+04 
 1.557345e-02  6.519798e+03  1.195064e+04  1.620835e+04  2.419661e+04 
 1.579053e-02  6.524471e+03  1.195890e+04  1.621925e+04  2.421232e+04 
 1.601064e-02  6.527966e+03  1.196499e+04  1.622725e+04  2.422348e+04 
 1.623382e-02  6.530269e+03  1.196891e+04  1.623227e+04  2.423012e+04 
 1.646012e-02  6.531354e+03  1.197058e+04  1.623424e+04  2.423216e+04 
 1.668956e-02  6.531212e+03  1.196998e+04  1.623311e+04  2.422969e+04 
 1.692220e-02  6.529822e+03  1.196708e+04  1.622886e+04  2.422265e+04 
 1.715809e-02  6.527158e+03  1.196187e+04  1.622143e+04  2.421099e+04 
 1.739726e-02  6.523215e+03  1.195431e+04  1.621085e+04  2.419456e+04 
 1.763977e-02  6.517978e+03  1.194434e+04  1.619703e+04  2.417322e+04 
 1.788566e-02  6.511411e+03  1.193196e+04  1.617996e+04  2.414691e+04 
 1.813498e-02  6.503538e+03  1.191717e+04  1.615959e+04  2.411554e+04 
 1.838777e-02  6.494326e+03  1.189995e+04  1.613587e+04  2.407915e+04 
 1.864409e-02  6.483756e+03  1.188024e+04  1.610880e+04  2.403783e+04 
 1.890397e-02  6.471812e+03  1.185797e+04  1.607829e+04  2.399157e+04 
 1.916748e-02  6.458483e+03  1.183318e+04  1.604435e+04  2.394023e+04 
 1.943467e-02  6.443769e+03  1.180585e+04  1.600693e+04  2.388368e+04 
 1.970558e-02  6.427662e+03  1.177596e+04  1.596607e+04  2.382191e+04 
 1.998026e-02  6.410152e+03  1.174351e+04  1.592175e+04  2.375485e+04 
 2.025878e-02  6.391251e+03  1.170850e+04  1.587393e+04  2.368254e+04 
 2.054117e-02  6.370949e+03  1.167093e+04  1.582264e+04  2.360504e+04 
 2.082751e-02  6.349212e+03  1.163073e+04  1.576778e+04  2.352230e+04 
 2.111783e-02  6.326055e+03  1.158793e+04  1.570937e+04  2.343436e+04 
 2.141220e-02  6.301594e+03  1.154270e+04  1.564764e+04  2.334137e+04 
 2.171068e-02  6.276305e+03  1.149567e+04  1.558322e+04  2.324361e+04 
 2.201331e-02  6.249607e+03  1.144605e+04  1.551527e+04  2.314053e+04 
 2.232016e-02  6.221496e+03  1.139385e+04  1.544382e+04  2.303214e+04 
 2.263130e-02  6.192000e+03  1.133909e+04  1.536893e+04  2.291856e+04 
 2.294676e-02  6.161131e+03  1.128184e+04  1.529064e+04  2.279998e+04 
 2.326663e-02  6.128912e+03  1.122211e+04  1.520901e+04  2.267646e+04 
 2.359095e-02  6.095334e+03  1.115990e+04  1.512398e+04  2.254793e+04 
 2.391980e-02  6.060389e+03  1.109519e+04  1.503557e+04  2.241437e+04 
 2.425323e-02  6.024118e+03  1.102807e+04  1.494385e+04  2.227586e+04 
 2.459130e-02  5.986580e+03  1.095856e+04  1.484899e+04  2.213257e+04 
 2.493409e-02  5.947769e+03  1.088677e+04  1.475099e+04  2.198461e+04 
 2.528166e-02  5.907708e+03  1.081268e+04  1.464987e+04  2.183205e+04 
 2.563407e-02  5.866424e+03  1.073636e+04  1.454571e+04  2.167496e+04 
 2.599140e-02  5.823937e+03  1.065786e+04  1.443860e+04  2.151349e+04 
 2.635371e-02  5.780272e+03  1.057721e+04  1.432859e+04  2.134771e+04 
 2.672106e-02  5.735479e+03  1.049447e+04  1.421580e+04  2.117778e+04 
 2.709354e-02  5.689608e+03  1.040975e+04  1.410031e+04  2.100382e+04 
 2.747121e-02  5.642696e+03  1.032312e+04  1.398222e+04  2.082603e+04 
 2.785414e-02  5.594709e+03  1.023456e+04  1.386153e+04  2.064439e+04 
 2.824241e-02  5.545384e+03  1.014369e+04  1.373785e+04  2.045855e+04 
 2.863610e-02  5.495138e+03  1.005117e+04  1.361191e+04  2.026936e+04 
 2.903527e-02  5.444034e+03  9.957049e+03  1.348384e+04  2.007702e+04 
 2.944000e-02  5.392123e+03  9.861449e+03  1.335374e+04  1.988169e+04 
 2.985038e-02  5.339452e+03  9.764463e+03  1.322179e+04  1.968360e+04 
 3.026648e-02  5.286080e+03  9.666208e+03  1.308811e+04  1.948295e+04 
 3.068838e-02  5.232062e+03  9.566775e+03  1.295286e+04  1.927995e+04 
 3.111616e-02  5.177458e+03  9.466273e+03  1.281615e+04  1.907483e+04 
 3.154990e-02  5.122337e+03  9.364836e+03  1.267818e+04  1.886784e+04 
 3.198969e-02  5.066772e+03  9.262593e+03  1.253913e+04  1.865924e+04 
 3.243561e-02  5.010825e+03  9.159657e+03  1.239913e+04  1.844926e+04 
 3.288774e-02  4.954551e+03  9.056123e+03  1.225836e+04  1.823814e+04 
 3.334618e-02  4.898011e+03  8.952121e+03  1.211694e+04  1.802608e+04 
 3.381101e-02  4.841273e+03  8.847785e+03  1.197506e+04  1.781334e+04 
 3.428231e-02  4.784433e+03  8.743229e+03  1.183291e+04  1.760022e+04 
 3.476019e-02  4.727414e+03  8.638703e+03  1.169119e+04  1.738888e+04 
 3.524473e-02  4.670422e+03  8.534247e+03  1.154957e+04  1.717776e+04 
 3.573602e-02  4.613528e+03  8.429991e+03  1.140822e+04  1.696705e+04 
 3.623416e-02  4.556792e+03  8.326046e+03  1.126731e+04  1.675702e+04 
 3.673925e-02  4.500293e+03  8.222519e+03  1.112700e+04  1.654782e+04 
 3.725137e-02  4.444100e+03  8.119549e+03  1.098744e+04  1.633975e+04 
 3.777064e-02  4.388291e+03  8.017290e+03  1.084882e+04  1.613310e+04 
 3.829714e-02  4.332939e+03  7.915864e+03  1.071131e+04  1.592810e+04 
 3.883098e-02  4.278103e+03  7.815386e+03  1.057509e+04  1.572503e+04 
 3.937226e-02  4.223850e+03  7.715956e+03  1.044034e+04  1.552412e+04 
 3.992109e-02  4.170232e+03  7.617692e+03  1.030717e+04  1.532559e+04 
 4.047757e-02  4.117293e+03  7.520655e+03  1.017562e+04  1.512935e+04 
 4.104181e-02  4.064826e+03  7.423834e+03  1.004355e+04  1.493027e+04 
 4.161391e-02  4.013175e+03  7.328497e+03  9.913506e+03  1.473422e+04 
 4.219398e-02  3.962400e+03  7.234722e+03  9.785600e+03  1.454140e+04 
 4.278214e-02  3.912525e+03  7.142612e+03  9.659960e+03  1.435196e+04 
 4.337850e-02  3.863595e+03  7.052260e+03  9.536715e+03  1.416610e+04 
 4.398317e-02  3.815647e+03  6.963725e+03  9.415941e+03  1.398394e+04 
 4.459628e-02  3.768711e+03  6.877061e+03  9.297709e+03  1.380555e+04 
 4.521792e-02  3.722830e+03  6.792295e+03  9.182090e+03  1.363106e+04 
 4.584824e-02  3.678013e+03  6.709491e+03  9.069108e+03  1.346053e+04 
 4.648734e-02  3.634272e+03  6.628671e+03  8.958806e+03  1.329399e+04 
 4.713535e-02  3.591860e+03  6.551186e+03  8.853944e+03  1.313810e+04 
 4.779239e-02  3.550684e+03  6.476484e+03  8.753416e+03  1.299018e+04 
 4.845859e-02  3.510590e+03  6.403744e+03  8.655559e+03  1.284621e+04 
 4.913407e-02  3.471561e+03  6.332962e+03  8.560335e+03  1.270612e+04 
 4.981898e-02  3.433588e+03  6.264105e+03  8.467708e+03  1.256990e+04 
 5.051342e-02  3.396637e+03  6.197109e+03  8.377611e+03  1.243740e+04 
 5.121755e-02  3.360690e+03  6.131931e+03  8.289944e+03  1.230848e+04 
 5.193150e-02  3.325693e+03  6.068478e+03  8.204603e+03  1.218303e+04 
 5.265540e-02  3.291584e+03  6.006655e+03  8.121449e+03  1.206081e+04 
 5.338938e-02  3.258036e+03  5.945341e+03  8.038443e+03  1.193740e+04 
 5.413360e-02  3.224959e+03  5.884258e+03  7.955117e+03  1.181182e+04 
 5.488820e-02  3.192624e+03  5.824538e+03  7.873643e+03  1.168897e+04 
 5.565331e-02  3.160879e+03  5.765886e+03  7.793624e+03  1.156826e+04 
 5.642908e-02  3.129543e+03  5.707986e+03  7.714637e+03  1.144911e+04 
 5.721568e-02  3.098692e+03  5.650991e+03  7.636866e+03  1.133177e+04 
 5.801323e-02  3.068625e+03  5.595421e+03  7.561026e+03  1.121732e+04 
 5.882190e-02  3.039384e+03  5.541364e+03  7.487225e+03  1.110591e+04 
 5.964185e-02  3.010610e+03  5.488561e+03  7.415542e+03  1.099876e+04 
 6.047322e-02  2.982062e+03  5.437272e+03  7.347051e+03  1.089948e+04 
 6.131619e-02  2.952921e+03  5.384892e+03  7.277088e+03  1.079799e+04 
 6.217090e-02  2.923334e+03  5.331701e+03  7.206029e+03  1.069486e+04 
 6.303753e-02  2.893455e+03  5.277969e+03  7.134229e+03  1.059065e+04 
 6.391624e-02  2.863258e+03  5.223663e+03  7.061654e+03  1.048527e+04 
 6.480720e-02  2.832575e+03  5.168464e+03  6.987851e+03  1.037806e+04 
 6.571058e-02  2.801200e+03  5.111997e+03  6.912337e+03  1.026828e+04 
 6.662655e-02  2.767651e+03  5.049373e+03  6.826190e+03  1.013630e+04 
 6.755528e-02  2.733176e+03  4.985004e+03  6.737639e+03  1.000058e+04 
 6.849697e-02  2.697747e+03  4.918915e+03  6.646784e+03  9.861497e+03 
 6.945178e-02  2.661296e+03  4.850995e+03  6.553469e+03  9.718848e+03 
 7.041990e-02  2.623779e+03  4.781152e+03  6.457578e+03  9.572443e+03 
 7.140151e-02  2.585137e+03  4.709283e+03  6.358976e+03  9.422092e+03 
 7.239681e-02  2.545639e+03  4.636181e+03  6.259115e+03  9.271195e+03 
 7.340598e-02  2.505328e+03  4.561986e+03  6.158251e+03  9.120391e+03 
 7.442922e-02  2.463856e+03  4.485688e+03  6.054566e+03  8.965432e+03 
 7.546673e-02  2.421258e+03  4.407354e+03  5.948153e+03  8.806465e+03 
 7.651869e-02  2.377596e+03  4.327097e+03  5.839166e+03  8.643719e+03 
 7.758532e-02  2.332936e+03  4.245046e+03  5.727787e+03  8.477452e+03 
 7.866682e-02  2.288340e+03  4.164446e+03  5.619670e+03  8.319248e+03 
 7.976339e-02  2.244500e+03  4.087357e+03  5.518380e+03  8.176350e+03 
 8.087525e-02  2.199932e+03  4.008862e+03  5.415112e+03  8.030348e+03 
 8.200261e-02  2.154784e+03  3.929233e+03  5.310236e+03  7.881748e+03 
 8.314568e-02  2.109225e+03  3.848777e+03  5.204165e+03  7.731142e+03 
 8.430468e-02  2.063435e+03  3.767804e+03  5.097311e+03  7.579158e+03 
 8.547985e-02  2.016555e+03  3.683301e+03  4.984191e+03  7.414353e+03 
 8.667139e-02  1.969371e+03  3.597523e+03  4.868652e+03  7.244271e+03 
 8.787954e-02  1.922610e+03  3.512488e+03  4.754111e+03  7.075602e+03 
 8.910453e-02  1.876474e+03  3.428573e+03  4.641077e+03  6.909087e+03 
 9.034660e-02  1.831153e+03  3.346140e+03  4.530015e+03  6.745456e+03 
 9.160598e-02  1.787579e+03  3.267875e+03  4.425457e+03  6.593469e+03 
 9.288292e-02  1.745860e+03  3.193862e+03  4.327410e+03  6.452876e+03 
 9.417766e-02  1.705483e+03  3.122226e+03  4.232513e+03  6.316760e+03 
 9.549045e-02  1.666602e+03  3.053245e+03  4.141149e+03  6.185721e+03 
 9.682153e-02  1.629364e+03  2.987193e+03  4.053687e+03  6.060309e+03 
 9.817117e-02  1.594165e+03  2.925249e+03  3.972095e+03  5.944417e+03 
 9.953962e-02  1.560914e+03  2.866963e+03  3.895506e+03  5.836144e+03 
 1.009272e-01  1.529561e+03  2.812070e+03  3.823449e+03  5.734466e+03 
 1.023340e-01  1.500146e+03  2.760641e+03  3.756048e+03  5.639599e+03 
 1.037605e-01  1.471933e+03  2.710477e+03  3.689527e+03  5.544114e+03 
 1.052069e-01  1.442872e+03  2.655427e+03  3.613379e+03  5.427498e+03 
 1.066734e-01  1.415718e+03  2.603930e+03  3.542078e+03  5.318208e+03 
 1.081604e-01  1.390352e+03  2.555763e+03  3.475318e+03  5.215803e+03 
 1.096681e-01  1.366665e+03  2.510685e+03  3.412783e+03  5.119765e+03 
 1.111968e-01  1.344979e+03  2.469836e+03  3.356315e+03  5.032968e+03 
 1.127468e-01  1.324577e+03  2.431433e+03  3.303200e+03  4.951250e+03 
 1.143184e-01  1.305227e+03  2.394989e+03  3.252779e+03  4.873599e+03 
 1.159120e-01  1.286728e+03  2.360074e+03  3.204441e+03  4.799098e+03 
 1.175277e-01  1.269996e+03  2.329696e+03  3.163354e+03  4.737658e+03 
 1.191660e-01  1.253625e+03  2.300139e+03  3.123472e+03  4.678216e+03 
 1.208271e-01  1.237268e+03  2.270586e+03  3.083609e+03  4.618802e+03 
 1.225114e-01  1.220642e+03  2.240498e+03  3.043040e+03  4.558462e+03 
 1.242191e-01  1.203215e+03  2.208874e+03  3.000524e+03  4.496424e+03 
 1.259506e-01  1.185091e+03  2.175968e+03  2.956286e+03  4.431775e+03 
 1.277063e-01  1.166085e+03  2.141416e+03  2.909850e+03  4.363796e+03 
 1.294865e-01  1.146400e+03  2.105835e+03  2.861997e+03  4.293321e+03 
 1.312915e-01  1.126006e+03  2.069186e+03  2.812683e+03  4.220176e+03 
 1.331216e-01  1.104418e+03  2.030311e+03  2.760364e+03  4.142473e+03 
 1.349772e-01  1.081680e+03  1.989352e+03  2.705262e+03  4.060771e+03 
 1.368587e-01  1.059083e+03  1.950800e+03  2.655882e+03  3.994670e+03 
 1.387665e-01  1.035424e+03  1.910182e+03  2.603592e+03  3.923905e+03 
 1.407008e-01  1.010902e+03  1.867890e+03  2.548855e+03  3.849216e+03 
 1.426621e-01  9.865552e+02  1.825970e+03  2.494216e+03  3.772334e+03 
 1.446507e-01  9.620495e+02  1.783673e+03  2.438881e+03  3.693496e+03 
 1.466671e-01  9.374138e+02  1.741010e+03  2.382887e+03  3.613506e+03 
 1.487115e-01  9.105106e+02  1.691867e+03  2.316584e+03  3.515711e+03 
 1.507845e-01  8.825329e+02  1.639280e+03  2.244549e+03  3.407777e+03 
 1.528864e-01  8.554815e+02  1.588450e+03  2.174906e+03  3.303372e+03 
 1.550175e-01  8.316513e+02  1.545622e+03  2.117886e+03  3.220839e+03 
 1.571784e-01  8.105736e+02  1.509335e+03  2.070741e+03  3.155211e+03 
 1.593694e-01  7.909004e+02  1.475533e+03  2.026866e+03  3.094267e+03 
 1.615909e-01  7.732938e+02  1.445773e+03  1.988584e+03  3.041496e+03 
 1.638434e-01  7.574968e+02  1.419416e+03  1.954917e+03  2.995530e+03 
 1.661273e-01  7.432637e+02  1.395874e+03  1.925015e+03  2.955069e+03 
 1.684430e-01  7.269832e+02  1.365594e+03  1.884032e+03  2.895260e+03 
 1.707910e-01  7.117001e+02  1.336830e+03  1.844873e+03  2.837906e+03 
 1.731717e-01  6.982930e+02  1.312030e+03  1.811393e+03  2.789151e+03 
 1.755856e-01  6.884241e+02  1.295708e+03  1.790502e+03  2.759801e+03 
 1.780332e-01  6.792185e+02  1.280597e+03  1.771244e+03  2.732935e+03 
 1.805149e-01  6.685096e+02  1.260357e+03  1.742997e+03  2.688693e+03 
 1.830312e-01  6.567548e+02  1.236802e+03  1.709055e+03  2.633678e+03 
 1.855825e-01  6.449555e+02  1.213516e+03  1.675890e+03  2.580765e+03 
 1.881694e-01  6.334592e+02  1.192826e+03  1.648552e+03  2.541942e+03 
 1.907924e-01  6.213367e+02  1.170948e+03  1.619547e+03  2.500510e+03 
 1.934520e-01  6.079253e+02  1.146457e+03  1.587074e+03  2.455093e+03 
 1.961486e-01  5.935296e+02  1.120035e+03  1.551942e+03  2.405860e+03 
 1.988828e-01  5.796726e+02  1.095327e+03  1.519317e+03  2.359816e+03 
 2.016551e-01  5.669972e+02  1.073838e+03  1.491343e+03  2.319945e+03 
 2.044661e-01  5.535054e+02  1.050413e+03  1.460378e+03  2.275013e+03 
 2.073162e-01  5.383913e+02  1.021989e+03  1.421011e+03  2.214779e+03 
 2.102061e-01  5.232297e+02  9.934614e+02  1.381485e+03  2.154311e+03 
 2.131362e-01  5.123863e+02  9.776437e+02  1.362657e+03  2.129288e+03 
 2.161073e-01  5.020951e+02  9.629288e+02  1.345399e+03  2.106716e+03 
 2.191197e-01  4.888322e+02  9.399401e+02  1.315759e+03  2.066927e+03 
 2.221741e-01  4.756342e+02  9.164175e+02  1.285101e+03  2.025794e+03 
 2.252711e-01  4.640223e+02  8.964536e+02  1.259638e+03  1.992017e+03 
 2.284112e-01  4.536341e+02  8.789410e+02  1.237606e+03  1.963210e+03 
 2.315951e-01  4.447581e+02  8.632166e+02  1.216340e+03  1.930577e+03 
 2.348235e-01  4.369469e+02  8.491378e+02  1.196774e+03  1.898894e+03 
 2.380968e-01  4.276592e+02  8.309983e+02  1.171379e+03  1.860236e+03 
 2.414157e-01  4.183521e+02  8.125223e+02  1.145483e+03  1.821332e+03 
 2.447809e-01  4.090554e+02  7.948098e+02  1.121329e+03  1.785163e+03 
 2.481930e-01  3.999501e+02  7.776030e+02  1.097954e+03  1.750145e+03 
 2.516527e-01  3.945265e+02  7.689095e+02  1.086536e+03  1.732960e+03 
 2.551606e-01  3.877073e+02  7.570458e+02  1.070653e+03  1.709419e+03 
 2.587174e-01  3.771562e+02  7.365467e+02  1.042642e+03  1.669015e+03 
 2.623238e-01  3.681567e+02  7.202371e+02  1.020883e+03  1.637992e+03 
 2.659804e-01  3.609369e+02  7.086409e+02  1.006138e+03  1.617521e+03 
 2.696881e-01  3.513370e+02  6.912562e+02  9.827735e+02  1.582477e+03 
 2.734474e-01  3.411185e+02  6.723387e+02  9.571263e+02  1.543626e+03 
 2.772591e-01  3.334852e+02  6.598551e+02  9.416477e+02  1.523853e+03 
 2.811239e-01  3.255724e+02  6.461523e+02  9.243664e+02  1.502635e+03 
 2.850426e-01  3.173367e+02  6.309540e+02  9.049109e+02  1.480050e+03 
 2.890160e-01  3.100694e+02  6.186114e+02  8.889832e+02  1.457051e+03 
 2.930447e-01  3.034302e+02  6.070816e+02  8.733767e+02  1.432248e+03 
 2.971296e-01  2.971578e+02  5.943674e+02  8.539714e+02  1.398714e+03 
 3.012714e-01  2.915978e+02  5.848274e+02  8.413432e+02  1.380049e+03 
 3.054710e-01  2.860985e+02  5.758896e+02  8.304192e+02  1.365961e+03 
 3.097291e-01  2.793142e+02  5.636202e+02  8.145885e+02  1.345071e+03 
 3.140465e-01  2.730291e+02  5.510283e+02  7.964577e+02  1.315259e+03 
 3.184242e-01  2.673482e+02  5.397882e+02  7.802248e+02  1.288392e+03 
 3.228628e-01  2.628566e+02  5.325484e+02  7.713631e+02  1.278037e+03 
 3.273634e-01  2.562966e+02  5.194643e+02  7.526117e+02  1.248162e+03 
 3.319266e-01  2.494587e+02  5.063325e+02  7.345493e+02  1.221171e+03 
 3.365535e-01  2.429974e+02  4.949688e+02  7.200672e+02  1.202071e+03 
 3.412449e-01  2.386301e+02  4.891261e+02  7.128756e+02  1.189963e+03 
 3.460016e-01  2.338382e+02  4.812499e+02  7.026541e+02  1.175451e+03 
 3.508247e-01  2.291702e+02  4.728670e+02  6.914342e+02  1.159099e+03 
 3.557150e-01  2.247039e+02  4.645262e+02  6.801038e+02  1.141745e+03 
 3.606735e-01  2.196117e+02  4.554512e+02  6.682480e+02  1.125088e+03 
 3.657011e-01  2.134923e+02  4.438913e+02  6.526219e+02  1.104099e+03 
 3.707988e-01  2.086291e+02  4.346509e+02  6.401259e+02  1.085723e+03 
 3.759675e-01  2.041779e+02  4.262181e+02  6.286305e+02  1.068733e+03 
 3.812083e-01  1.995427e+02  4.178862e+02  6.173902e+02  1.052618e+03 
 3.865221e-01  1.955912e+02  4.121756e+02  6.105543e+02  1.040267e+03 
 3.919100e-01  1.914530e+02  4.024813e+02  5.960775e+02  1.021527e+03 
 3.973730e-01  1.867978e+02  3.948839e+02  5.864823e+02  1.005790e+03 
 4.029122e-01  1.831208e+02  3.890184e+02  5.781167e+02  9.900421e+02 
 4.085286e-01  1.793220e+02  3.808302e+02  5.665063e+02  9.737082e+02 
 4.142232e-01  1.747658e+02  3.716307e+02  5.545714e+02  9.592875e+02 
 4.199973e-01  1.704503e+02  3.642949e+02  5.452986e+02  9.454559e+02 
 4.258518e-01  1.670521e+02  3.579278e+02  5.361411e+02  9.293503e+02 
 4.317880e-01  1.634578e+02  3.507486e+02  5.255627e+02  9.136079e+02 
 4.378069e-01  1.603021e+02  3.445047e+02  5.166481e+02  8.987210e+02 
 4.439097e-01  1.576960e+02  3.405441e+02  5.120517e+02  8.951303e+02 
 4.500975e-01  1.534731e+02  3.327135e+02  5.013023e+02  8.793080e+02 
 4.563716e-01  1.498510e+02  3.252611e+02  4.903995e+02  8.596731e+02 
 4.627332e-01  1.475924e+02  3.221923e+02  4.871734e+02  8.565531e+02 
 4.691835e-01  1.438260e+02  3.146792e+02  4.762683e+02  8.381346e+02 
 4.757236e-01  1.410944e+02  3.093653e+02  4.690550e+02  8.271706e+02 
 4.823549e-01  1.374223e+02  3.018188e+02  4.586085e+02  8.135702e+02 
 4.890787e-01  1.345408e+02  2.962666e+02  4.510476e+02  8.015333e+02 
 4.958962e-01  1.324201e+02  2.920569e+02  4.444019e+02  7.893040e+02 
 5.028087e-01  1.295810e+02  2.871188e+02  4.377517e+02  7.797362e+02 
 5.098176e-01  1.272369e+02  2.827975e+02  4.312754e+02  7.667450e+02 
 5.169242e-01  1.250712e+02  2.787045e+02  4.258726e+02  7.594036e+02 
 5.241298e-01  1.210430e+02  2.719450e+02  4.176771e+02  7.494358e+02 
 5.314359e-01  1.189614e+02  2.686612e+02  4.130208e+02  7.419568e+02 
 5.388438e-01  1.164723e+02  2.629881e+02  4.046141e+02  7.295023e+02 
 5.463550e-01  1.144258e+02  2.588999e+02  3.984521e+02  7.194061e+02 
 5.539709e-01  1.114402e+02  2.537543e+02  3.918456e+02  7.088989e+02 
 5.616930e-01  1.095044e+02  2.499465e+02  3.864556e+02  7.006734e+02 
 5.695227e-01  1.073990e+02  2.466278e+02  3.822264e+02  6.909558e+02 
 5.774615e-01  1.049660e+02  2.409858e+02  3.740048e+02  6.796020e+02 
 5.855110e-01  1.031179e+02  2.374504e+02  3.684518e+02  6.705089e+02 
 5.936727e-01  1.007550e+02  2.319505e+02  3.610068e+02  6.593482e+02 
 6.019482e-01  9.910516e+01  2.293734e+02  3.566248e+02  6.513719e+02 
 6.103390e-01  9.679772e+01  2.254680e+02  3.514348e+02  6.416833e+02 
 6.188468e-01  9.466091e+01  2.221484e+02  3.486904e+02  6.394805e+02 
 6.274732e-01  9.311951e+01  2.180324e+02  3.416798e+02  6.286717e+02 
 6.362198e-01  9.131420e+01  2.147832e+02  3.367426e+02  6.191226e+02 
 6.450884e-01  8.921508e+01  2.110761e+02  3.315643e+02  6.098631e+02 
 6.540806e-01  8.736370e+01  2.066427e+02  3.249235e+02  6.007418e+02 
 6.631981e-01  8.548801e+01  2.038281e+02  3.218189e+02  5.945621e+02 
 6.724427e-01  8.388258e+01  2.003455e+02  3.171193e+02  5.889592e+02 
 6.818162e-01  8.212021e+01  1.967324e+02  3.106497e+02  5.775109e+02 
 6.913204e-01  8.039203e+01  1.933031e+02  3.062194e+02  5.696959e+02 
 7.009570e-01  7.925815e+01  1.904560e+02  3.020971e+02  5.623890e+02 
 7.107280e-01  7.728055e+01  1.874031e+02  2.976244e+02  5.536298e+02 
 7.206351e-01  7.610293e+01  1.846163e+02  2.940065e+02  5.492241e+02 
 7.306804e-01  7.460500e+01  1.818529e+02  2.892820e+02  5.394694e+02 
 7.408657e-01  7.296757e+01  1.783671e+02  2.843104e+02  5.328477e+02 
 7.511929e-01  7.144808e+01  1.752561e+02  2.803309e+02  5.254425e+02 
 7.616642e-01  7.005732e+01  1.721964e+02  2.760272e+02  5.191428e+02 
 7.722814e-01  6.917882e+01  1.704148e+02  2.728230e+02  5.113558e+02 
 7.830465e-01  6.773206e+01  1.672603e+02  2.684142e+02  5.047005e+02 
 7.939618e-01  6.651118e+01  1.651336e+02  2.649726e+02  4.999781e+02 
 8.050292e-01  6.505946e+01  1.622508e+02  2.616050e+02  4.934242e+02 
 8.162509e-01  6.397401e+01  1.598750e+02  2.571516e+02  4.849971e+02 
 8.276289e-01  6.243914e+01  1.568526e+02  2.532395e+02  4.789559e+02 
 8.391656e-01  6.170161e+01  1.549884e+02  2.497637e+02  4.738901e+02 
 8.508632e-01  6.055826e+01  1.524292e+02  2.464345e+02  4.674407e+02 
 8.627237e-01  5.927231e+01  1.500696e+02  2.427915e+02  4.601366e+02 
 8.747496e-01  5.819333e+01  1.476218e+02  2.393077e+02  4.540428e+02 
 8.869432e-01  5.720892e+01  1.455365e+02  2.360797e+02  4.482075e+02 
 8.993067e-01  5.608154e+01  1.432668e+02  2.325608e+02  4.418391e+02 
 9.118425e-01  5.520146e+01  1.408477e+02  2.286975e+02  4.340177e+02 
 9.245531e-01  5.402601e+01  1.385510e+02  2.252114e+02  4.294290e+02 
 9.374409e-01  5.301514e+01  1.365050e+02  2.224062e+02  4.235197e+02 
 9.505083e-01  5.215983e+01  1.343995e+02  2.191874e+02  4.176146e+02 
 9.637579e-01  5.105192e+01  1.318661e+02  2.154577e+02  4.116417e+02 
 9.771921e-01  5.043083e+01  1.310597e+02  2.132384e+02  4.060255e+02 
 9.908137e-01  4.947730e+01  1.286715e+02  2.099719e+02  4.008065e+02 
 1.004625e+00  4.852220e+01  1.263323e+02  2.063757e+02  3.940796e+02 
 1.018629e+00  4.772356e+01  1.246287e+02  2.034866e+02  3.883850e+02 
 1.032828e+00  4.682906e+01  1.227418e+02  2.009664e+02  3.843624e+02 
 1.047225e+00  4.594840e+01  1.209886e+02  1.977388e+02  3.777388e+02 
 1.061823e+00  4.525823e+01  1.193584e+02  1.950344e+02  3.722214e+02 
 1.076624e+00  4.441972e+01  1.174950e+02  1.921691e+02  3.666089e+02 
 1.091632e+00  4.366049e+01  1.156692e+02  1.894035e+02  3.609839e+02 
 1.106848e+00  4.284329e+01  1.137021e+02  1.865928e+02  3.561224e+02 
 1.122277e+00  4.210619e+01  1.121053e+02  1.835349e+02  3.502374e+02 
 1.137921e+00  4.135467e+01  1.102296e+02  1.808118e+02  3.450254e+02 
 1.153783e+00  4.069947e+01  1.085325e+02  1.780823e+02  3.400567e+02 
 1.169866e+00  3.996929e+01  1.069188e+02  1.753770e+02  3.352449e+02 
 1.186174e+00  3.925272e+01  1.053911e+02  1.727900e+02  3.297960e+02 
 1.202708e+00  3.863450e+01  1.037687e+02  1.702052e+02  3.247213e+02 
 1.219473e+00  3.798579e+01  1.022459e+02  1.677501e+02  3.192822e+02 
 1.236472e+00  3.731504e+01  1.007400e+02  1.653406e+02  3.145530e+02 
 1.253708e+00  3.671756e+01  9.909960e+01  1.626045e+02  3.099704e+02 
 1.271184e+00  3.610758e+01  9.799014e+01  1.605477e+02  3.049279e+02 
 1.288904e+00  3.549654e+01  9.610617e+01  1.578281e+02  3.005806e+02 
 1.306870e+00  3.484855e+01  9.465528e+01  1.553416e+02  2.954407e+02 
 1.325087e+00  3.432141e+01  9.326210e+01  1.529991e+02  2.904722e+02 
 1.343558e+00  3.374995e+01  9.178338e+01  1.505942e+02  2.856869e+02 
 1.362287e+00  3.322770e+01  9.028512e+01  1.480154e+02  2.810845e+02 
 1.381276e+00  3.267207e+01  8.888212e+01  1.454492e+02  2.764498e+02 
 1.400531e+00  3.213596e+01  8.751845e+01  1.432237e+02  2.714408e+02 
 1.420053e+00  3.157440e+01  8.606378e+01  1.409766e+02  2.667503e+02 
 1.439848e+00  3.106910e+01  8.475584e+01  1.385616e+02  2.623379e+02 
 1.459919e+00  3.051158e+01  8.337781e+01  1.362466e+02  2.575256e+02 
 1.480269e+00  3.006889e+01  8.191214e+01  1.338732e+02  2.526143e+02 
 1.500903e+00  2.955929e+01  8.063597e+01  1.315863e+02  2.486982e+02 
 1.521825e+00  2.907125e+01  7.944666e+01  1.295110e+02  2.441402e+02 
 1.543038e+00  2.858046e+01  7.814364e+01  1.274467e+02  2.400155e+02 
 1.564548e+00  2.815045e+01  7.687337e+01  1.252321e+02  2.355364e+02 
 1.586357e+00  2.769265e+01  7.569359e+01  1.231254e+02  2.312581e+02 
 1.608469e+00  2.721893e+01  7.448931e+01  1.210374e+02  2.273263e+02 
 1.630891e+00  2.684890e+01  7.313382e+01  1.187304e+02  2.227810e+02 
 1.653624e+00  2.637806e+01  7.191895e+01  1.168153e+02  2.190320e+02 
 1.676675e+00  2.595242e+01  7.083855e+01  1.148198e+02  2.147020e+02 
 1.700047e+00  2.551566e+01  6.965080e+01  1.127609e+02  2.107544e+02 
 1.723745e+00  2.510807e+01  6.844264e+01  1.107047e+02  2.064448e+02 
 1.747773e+00  2.467264e+01  6.724499e+01  1.086759e+02  2.024167e+02 
 1.772136e+00  2.427922e+01  6.608032e+01  1.066445e+02  1.986857e+02 
 1.796838e+00  2.389437e+01  6.493801e+01  1.047043e+02  1.947014e+02 
 1.821885e+00  2.351559e+01  6.379020e+01  1.027173e+02  1.909630e+02 
 1.847281e+00  2.313238e+01  6.277039e+01  1.008985e+02  1.871812e+02 
 1.873032e+00  2.275888e+01  6.158281e+01  9.887455e+01  1.835363e+02 
 1.899141e+00  2.237350e+01  6.046681e+01  9.705503e+01  1.798594e+02 
 1.925614e+00  2.202640e+01  5.943236e+01  9.523100e+01  1.761553e+02 
 1.952456e+00  2.172913e+01  5.841961e+01  9.343034e+01  1.725748e+02 
 1.979672e+00  2.133037e+01  5.740893e+01  9.165696e+01  1.690984e+02 
 2.007267e+00  2.101084e+01  5.633766e+01  8.979815e+01  1.657762e+02 
 2.035248e+00  2.064287e+01  5.529402e+01  8.801384e+01  1.622220e+02 
 2.063618e+00  2.030359e+01  5.425721e+01  8.629396e+01  1.587991e+02 
 2.092383e+00  1.997438e+01  5.325102e+01  8.453780e+01  1.554983e+02 
 2.121550e+00  1.963419e+01  5.222840e+01  8.281933e+01  1.521416e+02 
 2.151123e+00  1.931362e+01  5.124793e+01  8.109129e+01  1.488190e+02 
 2.181109e+00  1.898814e+01  5.024575e+01  7.945393e+01  1.456646e+02 
 2.211512e+00  1.867034e+01  4.925158e+01  7.775913e+01  1.423814e+02 
 2.242340e+00  1.836503e+01  4.831791e+01  7.615500e+01  1.392970e+02 
 2.273597e+00  1.803579e+01  4.736698e+01  7.448608e+01  1.361957e+02 
 2.305289e+00  1.775112e+01  4.642608e+01  7.294594e+01  1.332054e+02 
 2.337424e+00  1.745037e+01  4.548740e+01  7.136652e+01  1.302573e+02 
 2.370006e+00  1.715504e+01  4.458746e+01  6.986810e+01  1.274540e+02 
 2.403043e+00  1.685479e+01  4.369833e+01  6.832608e+01  1.245514e+02 
 2.436540e+00  1.657828e+01  4.283124e+01  6.685894e+01  1.217501e+02 
 2.470504e+00  1.629627e+01  4.197286e+01  6.538999e+01  1.189816e+02 
 2.504942e+00  1.601679e+01  4.113585e+01  6.398269e+01  1.163276e+02 
 2.539859e+00  1.575256e+01  4.027376e+01  6.254332e+01  1.136261e+02 
 2.575263e+00  1.546650e+01  3.942474e+01  6.120167e+01  1.110510e+02 
 2.611161e+00  1.520518e+01  3.859505e+01  5.977520e+01  1.084794e+02 
 2.647559e+00  1.493876e+01  3.776651e+01  5.839361e+01  1.059061e+02 
 2.684465e+00  1.467351e+01  3.698066e+01  5.704696e+01  1.034131e+02 
 2.721885e+00  1.440210e+01  3.615203e+01  5.574605e+01  1.009648e+02 
 2.759826e+00  1.414355e+01  3.535153e+01  5.443385e+01  9.855266e+01 
 2.798297e+00  1.388878e+01  3.458818e+01  5.317195e+01  9.626211e+01 
 2.837304e+00  1.363860e+01  3.382039e+01  5.192421e+01  9.395304e+01 
 2.876854e+00  1.338949e+01  3.306247e+01  5.069766e+01  9.171524e+01 
 2.916956e+00  1.314683e+01  3.233676e+01  4.949774e+01  8.948143e+01 
 2.957617e+00  1.291013e+01  3.162558e+01  4.834150e+01  8.735858e+01 
 2.998844e+00  1.267204e+01  3.092350e+01  4.719053e+01  8.524167e+01 
 3.040646e+00  1.243989e+01  3.022422e+01  4.606652e+01  8.323913e+01 
 3.083031e+00  1.221024e+01  2.953898e+01  4.496920e+01  8.123987e+01 
 3.126007e+00  1.198880e+01  2.887955e+01  4.389014e+01  7.925890e+01 
 3.169582e+00  1.176281e+01  2.820132e+01  4.281864e+01  7.733985e+01 
 3.213764e+00  1.154040e+01  2.755168e+01  4.177467e+01  7.544683e+01 
 3.258562e+00  1.131581e+01  2.691928e+01  4.074487e+01  7.359016e+01 
 3.303985e+00  1.109624e+01  2.627424e+01  3.974341e+01  7.177222e+01 
 3.350041e+00  1.088170e+01  2.564395e+01  3.874250e+01  6.997286e+01 
 3.396739e+00  1.066311e+01  2.503543e+01  3.778358e+01  6.822258e+01 
 3.444087e+00  1.045680e+01  2.442333e+01  3.682188e+01  6.649661e+01 
 3.492096e+00  1.024936e+01  2.383948e+01  3.590775e+01  6.485182e+01 
 3.540774e+00  1.004153e+01  2.327010e+01  3.500793e+01  6.321776e+01 
 3.590130e+00  9.842822e+00  2.270168e+01  3.411670e+01  6.164734e+01 
 3.640175e+00  9.648235e+00  2.215144e+01  3.326715e+01  6.009504e+01 
 3.690917e+00  9.450635e+00  2.161938e+01  3.241732e+01  5.858739e+01 
 3.742366e+00  9.260359e+00  2.108444e+01  3.160351e+01  5.713760e+01 
 3.794533e+00  9.074371e+00  2.057880e+01  3.081008e+01  5.569739e+01 
 3.847427e+00  8.890397e+00  2.006857e+01  3.003266e+01  5.431792e+01 
 3.901058e+00  8.703661e+00  1.958117e+01  2.927371e+01  5.294433e+01 
 3.955436e+00  8.528569e+00  1.909512e+01  2.851752e+01  5.160078e+01 
 4.010573e+00  8.345819e+00  1.861605e+01  2.779281e+01  5.030088e+01 
 4.066478e+00  8.169314e+00  1.814714e+01  2.706943e+01  4.900447e+01 
 4.123163e+00  7.993881e+00  1.769118e+01  2.636656e+01  4.774488e+01 
 4.180637e+00  7.822880e+00  1.724362e+01  2.568112e+01  4.650760e+01 
 4.238913e+00  7.653286e+00  1.679990e+01  2.500953e+01  4.531485e+01 
 4.298001e+00  7.483616e+00  1.637134e+01  2.435771e+01  4.413829e+01 
 4.357913e+00  7.323960e+00  1.595328e+01  2.372258e+01  4.300541e+01 
 4.418660e+00  7.162297e+00  1.554712e+01  2.310309e+01  4.190167e+01 
 4.480254e+00  7.003157e+00  1.514895e+01  2.249953e+01  4.082097e+01 
 4.542706e+00  6.850240e+00  1.475857e+01  2.191094e+01  3.976744e+01 
 4.606029e+00  6.698462e+00  1.438558e+01  2.134461e+01  3.875350e+01 
 4.670234e+00  6.550018e+00  1.401901e+01  2.079594e+01  3.776706e+01 
 4.735335e+00  6.404716e+00  1.366267e+01  2.025642e+01  3.679763e+01 
 4.801343e+00  6.264377e+00  1.331652e+01  1.973318e+01  3.584962e+01 
 4.868271e+00  6.124002e+00  1.297479e+01  1.921919e+01  3.492890e+01 
 4.936132e+00  5.985827e+00  1.264011e+01  1.871944e+01  3.402690e+01 
 5.004939e+00  5.849215e+00  1.231421e+01  1.822809e+01  3.314225e+01 
 5.074705e+00  5.713785e+00  1.199346e+01  1.774694e+01  3.227970e+01 
 5.145444e+00  5.582193e+00  1.168137e+01  1.727717e+01  3.143801e+01 
 5.217169e+00  5.451287e+00  1.137432e+01  1.681922e+01  3.060504e+01 
 5.289893e+00  5.325265e+00  1.107747e+01  1.637740e+01  2.980356e+01 
 5.363631e+00  5.199605e+00  1.078762e+01  1.594054e+01  2.902019e+01 
 5.438397e+00  5.078028e+00  1.050484e+01  1.551914e+01  2.825538e+01 
 5.514206e+00  4.958647e+00  1.023028e+01  1.510980e+01  2.751578e+01 
 5.591071e+00  4.840851e+00  9.964876e+00  1.471047e+01  2.679670e+01 
 5.669007e+00  4.728398e+00  9.704850e+00  1.432616e+01  2.609669e+01 
 5.748030e+00  4.617253e+00  9.453943e+00  1.395046e+01  2.541467e+01 
 5.828155e+00  4.508960e+00  9.210052e+00  1.358684e+01  2.475308e+01 
 5.909396e+00  4.403234e+00  8.971992e+00  1.323271e+01  2.411262e+01 
 5.991770e+00  4.299314e+00  8.739841e+00  1.288750e+01  2.348483e+01 
 6.075292e+00  4.198075e+00  8.515039e+00  1.255189e+01  2.287343e+01 
 6.159978e+00  4.098211e+00  8.294486e+00  1.222330e+01  2.227572e+01 
 6.245845e+00  4.000071e+00  8.078840e+00  1.190199e+01  2.168875e+01 
 6.332908e+00  3.903323e+00  7.866359e+00  1.158697e+01  2.111500e+01 
 6.421186e+00  3.809249e+00  7.660432e+00  1.127896e+01  2.055354e+01 
 6.510694e+00  3.716375e+00  7.458833e+00  1.098029e+01  2.000636e+01 
 6.601449e+00  3.626316e+00  7.263255e+00  1.068855e+01  1.947444e+01 
 6.693470e+00  3.537877e+00  7.071840e+00  1.040377e+01  1.895491e+01 
 6.786773e+00  3.451517e+00  6.886965e+00  1.012764e+01  1.844999e+01 
 6.881377e+00  3.367958e+00  6.706636e+00  9.859892e+00  1.795786e+01 
 6.977300e+00  3.286337e+00  6.532336e+00  9.600459e+00  1.748177e+01 
 7.074559e+00  3.207138e+00  6.362367e+00  9.347351e+00  1.701806e+01 
 7.173175e+00  3.129620e+00  6.198054e+00  9.102526e+00  1.656902e+01 
 7.273165e+00  3.054543e+00  6.038688e+00  8.865295e+00  1.613158e+01 
 7.374549e+00  2.981218e+00  5.882939e+00  8.633246e+00  1.570731e+01 
 7.477346e+00  2.909538e+00  5.732535e+00  8.409512e+00  1.529402e+01 
 7.581576e+00  2.840035e+00  5.584497e+00  8.189648e+00  1.489028e+01 
 7.687260e+00  2.771549e+00  5.440609e+00  7.975250e+00  1.449658e+01 
 7.794416e+00  2.704344e+00  5.299688e+00  7.764530e+00  1.411024e+01 
 7.903066e+00  2.638569e+00  5.161616e+00  7.558475e+00  1.373124e+01 
 8.013230e+00  2.574276e+00  5.027303e+00  7.359076e+00  1.336224e+01 
 8.124930e+00  2.511205e+00  4.896266e+00  7.163389e+00  1.300162e+01 
 8.238187e+00  2.449979e+00  4.768072e+00  6.972579e+00  1.265103e+01 
 8.353023e+00  2.390110e+00  4.643846e+00  6.787607e+00  1.230904e+01 
 8.469460e+00  2.332008e+00  4.523176e+00  6.607603e+00  1.197710e+01 
 8.587519e+00  2.275511e+00  4.405678e+00  6.432704e+00  1.165464e+01 
 8.707225e+00  2.220602e+00  4.291481e+00  6.263092e+00  1.134119e+01 
 8.828599e+00  2.167245e+00  4.181408e+00  6.098278e+00  1.103667e+01 
 8.951665e+00  2.115292e+00  4.074310e+00  5.938616e+00  1.074166e+01 
 9.076446e+00  2.064947e+00  3.970465e+00  5.784037e+00  1.045578e+01 
 9.202967e+00  2.016009e+00  3.869432e+00  5.633545e+00  1.017707e+01 
 9.331251e+00  1.968624e+00  3.771035e+00  5.486860e+00  9.906053e+00 
 9.461324e+00  0.000000e+00  0.000000e+00  0.000000e+00  0.000000e+00 
 9.593209e+00  0.000000e+00  0.000000e+00  0.000000e+00  0.000000e+00 
 9.726934e+00  0.000000e+00  0.000000e+00  0.000000e+00  0.000000e+00 
 9.862522e+00  0.000000e+00  0.000000e+00  0.000000e+00  0.000000e+00 
 1.000000e+01  0.000000e+00  0.000000e+00  0.000000e+00  0.000000e+00 
