 1.000000e-02  5.503317e+03  1.013592e+04  1.377529e+04  2.060517e+04 
 1.013939e-02  5.533459e+03  1.019133e+04  1.385041e+04  2.071705e+04 
 1.028073e-02  5.563145e+03  1.024593e+04  1.392436e+04  2.082715e+04 
 1.042404e-02  5.592364e+03  1.029960e+04  1.399708e+04  2.093552e+04 
 1.056935e-02  5.621089e+03  1.035232e+04  1.406852e+04  2.104205e+04 
 1.071668e-02  5.649290e+03  1.040404e+04  1.413864e+04  2.114657e+04 
 1.086606e-02  5.676956e+03  1.045475e+04  1.420747e+04  2.124900e+04 
 1.101753e-02  5.704053e+03  1.050442e+04  1.427490e+04  2.134927e+04 
 1.117111e-02  5.730559e+03  1.055302e+04  1.434081e+04  2.144731e+04 
 1.132683e-02  5.756471e+03  1.060051e+04  1.440517e+04  2.154309e+04 
 1.148472e-02  5.781762e+03  1.064689e+04  1.446801e+04  2.163662e+04 
 1.164481e-02  5.806423e+03  1.069213e+04  1.452927e+04  2.172783e+04 
 1.180713e-02  5.830427e+03  1.073613e+04  1.458884e+04  2.181651e+04 
 1.197171e-02  5.853728e+03  1.077882e+04  1.464659e+04  2.190248e+04 
 1.213859e-02  5.876312e+03  1.082019e+04  1.470255e+04  2.198568e+04 
 1.230780e-02  5.898195e+03  1.086024e+04  1.475674e+04  2.206616e+04 
 1.247936e-02  5.919336e+03  1.089893e+04  1.480913e+04  2.214385e+04 
 1.265332e-02  5.939705e+03  1.093621e+04  1.485960e+04  2.221867e+04 
 1.282970e-02  5.959286e+03  1.097203e+04  1.490806e+04  2.229060e+04 
 1.300854e-02  5.978058e+03  1.100638e+04  1.495446e+04  2.235947e+04 
 1.318987e-02  5.996006e+03  1.103916e+04  1.499880e+04  2.242519e+04 
 1.337373e-02  6.013097e+03  1.107037e+04  1.504100e+04  2.248768e+04 
 1.356015e-02  6.029304e+03  1.109994e+04  1.508096e+04  2.254687e+04 
 1.374917e-02  6.044610e+03  1.112787e+04  1.511861e+04  2.260273e+04 
 1.394083e-02  6.059010e+03  1.115412e+04  1.515393e+04  2.265517e+04 
 1.413516e-02  6.072483e+03  1.117865e+04  1.518699e+04  2.270404e+04 
 1.433219e-02  6.085003e+03  1.120142e+04  1.521769e+04  2.274926e+04 
 1.453198e-02  6.096517e+03  1.122233e+04  1.524593e+04  2.279071e+04 
 1.473454e-02  6.107005e+03  1.124134e+04  1.527161e+04  2.282832e+04 
 1.493993e-02  6.116474e+03  1.125848e+04  1.529468e+04  2.286204e+04 
 1.514819e-02  6.124949e+03  1.127382e+04  1.531523e+04  2.289209e+04 
 1.535935e-02  6.132379e+03  1.128723e+04  1.533310e+04  2.291824e+04 
 1.557345e-02  6.138716e+03  1.129862e+04  1.534830e+04  2.294038e+04 
 1.579053e-02  6.143938e+03  1.130793e+04  1.536075e+04  2.295837e+04 
 1.601064e-02  6.148020e+03  1.131517e+04  1.537035e+04  2.297204e+04 
 1.623382e-02  6.150965e+03  1.132030e+04  1.537707e+04  2.298130e+04 
 1.646012e-02  6.152754e+03  1.132332e+04  1.538089e+04  2.298613e+04 
 1.668956e-02  6.153330e+03  1.132410e+04  1.538165e+04  2.298654e+04 
 1.692220e-02  6.152680e+03  1.132261e+04  1.537932e+04  2.298242e+04 
 1.715809e-02  6.150816e+03  1.131887e+04  1.537399e+04  2.297373e+04 
 1.739726e-02  6.147713e+03  1.131286e+04  1.536554e+04  2.296043e+04 
 1.763977e-02  6.143341e+03  1.130451e+04  1.535390e+04  2.294233e+04 
 1.788566e-02  6.137683e+03  1.129379e+04  1.533907e+04  2.291940e+04 
 1.813498e-02  6.130741e+03  1.128071e+04  1.532099e+04  2.289164e+04 
 1.838777e-02  6.122498e+03  1.126523e+04  1.529965e+04  2.285899e+04 
 1.864409e-02  6.112943e+03  1.124732e+04  1.527503e+04  2.282145e+04 
 1.890397e-02  6.102054e+03  1.122697e+04  1.524708e+04  2.277897e+04 
 1.916748e-02  6.089829e+03  1.120413e+04  1.521578e+04  2.273152e+04 
 1.943467e-02  6.076238e+03  1.117882e+04  1.518110e+04  2.267897e+04 
 1.970558e-02  6.061284e+03  1.115097e+04  1.514299e+04  2.262123e+04 
 1.998026e-02  6.044966e+03  1.112062e+04  1.510143e+04  2.255829e+04 
 2.025878e-02  6.027265e+03  1.108769e+04  1.505640e+04  2.249021e+04 
 2.054117e-02  6.008179e+03  1.105224e+04  1.500792e+04  2.241698e+04 
 2.082751e-02  5.987711e+03  1.101424e+04  1.495598e+04  2.233852e+04 
 2.111783e-02  5.965839e+03  1.097366e+04  1.490057e+04  2.225480e+04 
 2.141220e-02  5.942668e+03  1.093065e+04  1.484180e+04  2.216597e+04 
 2.171068e-02  5.918697e+03  1.088595e+04  1.478048e+04  2.207277e+04 
 2.201331e-02  5.893345e+03  1.083870e+04  1.471570e+04  2.197446e+04 
 2.232016e-02  5.866615e+03  1.078892e+04  1.464746e+04  2.187101e+04 
 2.263130e-02  5.838516e+03  1.073659e+04  1.457578e+04  2.176233e+04 
 2.294676e-02  5.809041e+03  1.068172e+04  1.450069e+04  2.164847e+04 
 2.326663e-02  5.778213e+03  1.062437e+04  1.442221e+04  2.152962e+04 
 2.359095e-02  5.746048e+03  1.056457e+04  1.434040e+04  2.140581e+04 
 2.391980e-02  5.712548e+03  1.050232e+04  1.425523e+04  2.127708e+04 
 2.425323e-02  5.677731e+03  1.043766e+04  1.416679e+04  2.114347e+04 
 2.459130e-02  5.641629e+03  1.037062e+04  1.407513e+04  2.100504e+04 
 2.493409e-02  5.604251e+03  1.030124e+04  1.398029e+04  2.086182e+04 
 2.528166e-02  5.565617e+03  1.022954e+04  1.388232e+04  2.071390e+04 
 2.563407e-02  5.525746e+03  1.015559e+04  1.378129e+04  2.056139e+04 
 2.599140e-02  5.484663e+03  1.007941e+04  1.367725e+04  2.040443e+04 
 2.635371e-02  5.442415e+03  1.000109e+04  1.357031e+04  2.024317e+04 
 2.672106e-02  5.399050e+03  9.920713e+03  1.346054e+04  2.007768e+04 
 2.709354e-02  5.354594e+03  9.838332e+03  1.334808e+04  1.990815e+04 
 2.747121e-02  5.309079e+03  9.753995e+03  1.323299e+04  1.973470e+04 
 2.785414e-02  5.262467e+03  9.667696e+03  1.311525e+04  1.955740e+04 
 2.824241e-02  5.214550e+03  9.579109e+03  1.299450e+04  1.937589e+04 
 2.863610e-02  5.165705e+03  9.488822e+03  1.287144e+04  1.919094e+04 
 2.903527e-02  5.115988e+03  9.396914e+03  1.274619e+04  1.900273e+04 
 2.944000e-02  5.065435e+03  9.303482e+03  1.261890e+04  1.881147e+04 
 2.985038e-02  5.014099e+03  9.208618e+03  1.248967e+04  1.861735e+04 
 3.026648e-02  4.962042e+03  9.112440e+03  1.235866e+04  1.842058e+04 
 3.068838e-02  4.909322e+03  9.015069e+03  1.222602e+04  1.822140e+04 
 3.111616e-02  4.856001e+03  8.916589e+03  1.209189e+04  1.802001e+04 
 3.154990e-02  4.802141e+03  8.817107e+03  1.195642e+04  1.781663e+04 
 3.198969e-02  4.747803e+03  8.716743e+03  1.181977e+04  1.761150e+04 
 3.243561e-02  4.693041e+03  8.615632e+03  1.168208e+04  1.740488e+04 
 3.288774e-02  4.637932e+03  8.513902e+03  1.154357e+04  1.719698e+04 
 3.334618e-02  4.582554e+03  8.411688e+03  1.140440e+04  1.698814e+04 
 3.381101e-02  4.526984e+03  8.309088e+03  1.126475e+04  1.677860e+04 
 3.428231e-02  4.471279e+03  8.206254e+03  1.112476e+04  1.656860e+04 
 3.476019e-02  4.415371e+03  8.103385e+03  1.098507e+04  1.636010e+04 
 3.524473e-02  4.359456e+03  8.000537e+03  1.084539e+04  1.615167e+04 
 3.573602e-02  4.303625e+03  7.897834e+03  1.070595e+04  1.594359e+04 
 3.623416e-02  4.247948e+03  7.795410e+03  1.056691e+04  1.573608e+04 
 3.673925e-02  4.192499e+03  7.693137e+03  1.042843e+04  1.552944e+04 
 3.725137e-02  4.137350e+03  7.591685e+03  1.029069e+04  1.532393e+04 
 3.777064e-02  4.082571e+03  7.490917e+03  1.015389e+04  1.511981e+04 
 3.829714e-02  4.028228e+03  7.390961e+03  1.001820e+04  1.491733e+04 
 3.883098e-02  3.974386e+03  7.291939e+03  9.883773e+03  1.471673e+04 
 3.937226e-02  3.921124e+03  7.193977e+03  9.750793e+03  1.451828e+04 
 3.992109e-02  3.868514e+03  7.097206e+03  9.619424e+03  1.432225e+04 
 4.047757e-02  3.816598e+03  7.001668e+03  9.489695e+03  1.412860e+04 
 4.104181e-02  3.765241e+03  6.906582e+03  9.359951e+03  1.393312e+04 
 4.161391e-02  3.714700e+03  6.813021e+03  9.232275e+03  1.374079e+04 
 4.219398e-02  3.665039e+03  6.721090e+03  9.106823e+03  1.355177e+04 
 4.278214e-02  3.616320e+03  6.630902e+03  8.983732e+03  1.336625e+04 
 4.337850e-02  3.568580e+03  6.542511e+03  8.863095e+03  1.318444e+04 
 4.398317e-02  3.521863e+03  6.456011e+03  8.745037e+03  1.300647e+04 
 4.459628e-02  3.476200e+03  6.371453e+03  8.629627e+03  1.283247e+04 
 4.521792e-02  3.431634e+03  6.288911e+03  8.516946e+03  1.266258e+04 
 4.584824e-02  3.388189e+03  6.208435e+03  8.407071e+03  1.249686e+04 
 4.648734e-02  3.345883e+03  6.130057e+03  8.300051e+03  1.233543e+04 
 4.713535e-02  3.304867e+03  6.054822e+03  8.198107e+03  1.218376e+04 
 4.779239e-02  3.265098e+03  5.982333e+03  8.100365e+03  1.203967e+04 
 4.845859e-02  3.226505e+03  5.911991e+03  8.005518e+03  1.189985e+04 
 4.913407e-02  3.189081e+03  5.843790e+03  7.913546e+03  1.176430e+04 
 4.981898e-02  3.152814e+03  5.777699e+03  7.824430e+03  1.163298e+04 
 5.051342e-02  3.117683e+03  5.713686e+03  7.738138e+03  1.150585e+04 
 5.121755e-02  3.083656e+03  5.651701e+03  7.654599e+03  1.138278e+04 
 5.193150e-02  3.050706e+03  5.591682e+03  7.573731e+03  1.126368e+04 
 5.265540e-02  3.018786e+03  5.533564e+03  7.495434e+03  1.114837e+04 
 5.338938e-02  2.987627e+03  5.476356e+03  7.417891e+03  1.103293e+04 
 5.413360e-02  2.957128e+03  5.419811e+03  7.340660e+03  1.091643e+04 
 5.488820e-02  2.927512e+03  5.364902e+03  7.265634e+03  1.080322e+04 
 5.565331e-02  2.898707e+03  5.311487e+03  7.192640e+03  1.069304e+04 
 5.642908e-02  2.870578e+03  5.259316e+03  7.121339e+03  1.058537e+04 
 5.721568e-02  2.843004e+03  5.208164e+03  7.051424e+03  1.047977e+04 
 5.801323e-02  2.816020e+03  5.158095e+03  6.982977e+03  1.037634e+04 
 5.882190e-02  2.789758e+03  5.109348e+03  6.916318e+03  1.027560e+04 
 5.964185e-02  2.764349e+03  5.062500e+03  6.852569e+03  1.018010e+04 
 6.047322e-02  2.739779e+03  5.018092e+03  6.793064e+03  1.009348e+04 
 6.131619e-02  2.715153e+03  4.973569e+03  6.733411e+03  1.000664e+04 
 6.217090e-02  2.690130e+03  4.928308e+03  6.672770e+03  9.918318e+03 
 6.303753e-02  2.664671e+03  4.882249e+03  6.611042e+03  9.828389e+03 
 6.391624e-02  2.638828e+03  4.835481e+03  6.548353e+03  9.737009e+03 
 6.480720e-02  2.612626e+03  4.788059e+03  6.484769e+03  9.644303e+03 
 6.571058e-02  2.585965e+03  4.739805e+03  6.420048e+03  9.549889e+03 
 6.662655e-02  2.557494e+03  4.686315e+03  6.346188e+03  9.436218e+03 
 6.755528e-02  2.528196e+03  4.631261e+03  6.270164e+03  9.319203e+03 
 6.849697e-02  2.498004e+03  4.574585e+03  6.191958e+03  9.198987e+03 
 6.945178e-02  2.466841e+03  4.516143e+03  6.111389e+03  9.075289e+03 
 7.041990e-02  2.434632e+03  4.455805e+03  6.028276e+03  8.947856e+03 
 7.140151e-02  2.401312e+03  4.393443e+03  5.942456e+03  8.816443e+03 
 7.239681e-02  2.367089e+03  4.329724e+03  5.855143e+03  8.683979e+03 
 7.340598e-02  2.331960e+03  4.264688e+03  5.766466e+03  8.550869e+03 
 7.442922e-02  2.295584e+03  4.197379e+03  5.674745e+03  8.413277e+03 
 7.546673e-02  2.257960e+03  4.127809e+03  5.579970e+03  8.271210e+03 
 7.651869e-02  2.219108e+03  4.056010e+03  5.482216e+03  8.124731e+03 
 7.758532e-02  2.179075e+03  3.982066e+03  5.381582e+03  7.974032e+03 
 7.866682e-02  2.138754e+03  3.908789e+03  5.283009e+03  7.829343e+03 
 7.976339e-02  2.098757e+03  3.837987e+03  5.189643e+03  7.697102e+03 
 8.087525e-02  2.057770e+03  3.765312e+03  5.093692e+03  7.560853e+03 
 8.200261e-02  2.015915e+03  3.690991e+03  4.995439e+03  7.421027e+03 
 8.314568e-02  1.973341e+03  3.615285e+03  4.895250e+03  7.278144e+03 
 8.430468e-02  1.930212e+03  3.538490e+03  4.793518e+03  7.132791e+03 
 8.547985e-02  1.885934e+03  3.458324e+03  4.686006e+03  6.975904e+03 
 8.667139e-02  1.841141e+03  3.376613e+03  4.575827e+03  6.813669e+03 
 8.787954e-02  1.796407e+03  3.295006e+03  4.465761e+03  6.651537e+03 
 8.910453e-02  1.751945e+03  3.213880e+03  4.356338e+03  6.490299e+03 
 9.034660e-02  1.707972e+03  3.133634e+03  4.248128e+03  6.330760e+03 
 9.160598e-02  1.665407e+03  3.056922e+03  4.145600e+03  6.181743e+03 
 9.288292e-02  1.624391e+03  2.983885e+03  4.048789e+03  6.043060e+03 
 9.417766e-02  1.584448e+03  2.912733e+03  3.954429e+03  5.907827e+03 
 9.549045e-02  1.545752e+03  2.843818e+03  3.863022e+03  5.776768e+03 
 9.682153e-02  1.508490e+03  2.777467e+03  3.775010e+03  5.650556e+03 
 9.817117e-02  1.473139e+03  2.714968e+03  3.692552e+03  5.533453e+03 
 9.953962e-02  1.439634e+03  2.655918e+03  3.614853e+03  5.423607e+03 
 1.009272e-01  1.407950e+03  2.600142e+03  3.541538e+03  5.320078e+03 
 1.023340e-01  1.378177e+03  2.547810e+03  3.472826e+03  5.223234e+03 
 1.037605e-01  1.349745e+03  2.497083e+03  3.405491e+03  5.126624e+03 
 1.052069e-01  1.320893e+03  2.442597e+03  3.330309e+03  5.012025e+03 
 1.066734e-01  1.294083e+03  2.391914e+03  3.260320e+03  4.905296e+03 
 1.081604e-01  1.269266e+03  2.344931e+03  3.195395e+03  4.806214e+03 
 1.096681e-01  1.246371e+03  2.301512e+03  3.135362e+03  4.714475e+03 
 1.111968e-01  1.225487e+03  2.262147e+03  3.080987e+03  4.630989e+03 
 1.127468e-01  1.206212e+03  2.225794e+03  3.030719e+03  4.553683e+03 
 1.143184e-01  1.188362e+03  2.192068e+03  2.984046e+03  4.481798e+03 
 1.159120e-01  1.171725e+03  2.160576e+03  2.940438e+03  4.414529e+03 
 1.175277e-01  1.156845e+03  2.133208e+03  2.903133e+03  4.358145e+03 
 1.191660e-01  1.142715e+03  2.107310e+03  2.867872e+03  4.304990e+03 
 1.208271e-01  1.129018e+03  2.082199e+03  2.833698e+03  4.253438e+03 
 1.225114e-01  1.115430e+03  2.057234e+03  2.799724e+03  4.202243e+03 
 1.242191e-01  1.101283e+03  2.030954e+03  2.763908e+03  4.148780e+03 
 1.259506e-01  1.086710e+03  2.003934e+03  2.727093e+03  4.093817e+03 
 1.277063e-01  1.071478e+03  1.975721e+03  2.688652e+03  4.036433e+03 
 1.294865e-01  1.055697e+03  1.946664e+03  2.649079e+03  3.977104e+03 
 1.312915e-01  1.039230e+03  1.916536e+03  2.608135e+03  3.915377e+03 
 1.331216e-01  1.021561e+03  1.884192e+03  2.564204e+03  3.849171e+03 
 1.349772e-01  1.002629e+03  1.849598e+03  2.517222e+03  3.778526e+03 
 1.368587e-01  9.835572e+02  1.816687e+03  2.474763e+03  3.721025e+03 
 1.387665e-01  9.631629e+02  1.781256e+03  2.428832e+03  3.658152e+03 
 1.407008e-01  9.415658e+02  1.743549e+03  2.379695e+03  3.590264e+03 
 1.426621e-01  9.198305e+02  1.705964e+03  2.330635e+03  3.521280e+03 
 1.446507e-01  8.974862e+02  1.667282e+03  2.280002e+03  3.449425e+03 
 1.466671e-01  8.744760e+02  1.627240e+03  2.227433e+03  3.374446e+03 
 1.487115e-01  8.492042e+02  1.581131e+03  2.165348e+03  3.283179e+03 
 1.507845e-01  8.226762e+02  1.531476e+03  2.097585e+03  3.182093e+03 
 1.528864e-01  7.965689e+02  1.482624e+03  2.030878e+03  3.082564e+03 
 1.550175e-01  7.730933e+02  1.440687e+03  1.975195e+03  3.002749e+03 
 1.571784e-01  7.518682e+02  1.404245e+03  1.928095e+03  2.937895e+03 
 1.593694e-01  7.317744e+02  1.369766e+03  1.883525e+03  2.876536e+03 
 1.615909e-01  7.135517e+02  1.339001e+03  1.844076e+03  2.822666e+03 
 1.638434e-01  6.970337e+02  1.311421e+03  1.808973e+03  2.775118e+03 
 1.661273e-01  6.820886e+02  1.286651e+03  1.777601e+03  2.732996e+03 
 1.684430e-01  6.655592e+02  1.256052e+03  1.736252e+03  2.672763e+03 
 1.707910e-01  6.503084e+02  1.227492e+03  1.697479e+03  2.616006e+03 
 1.731717e-01  6.370999e+02  1.203114e+03  1.664623e+03  2.568209e+03 
 1.755856e-01  6.272102e+02  1.186390e+03  1.642942e+03  2.537468e+03 
 1.780332e-01  6.184397e+02  1.171736e+03  1.624093e+03  2.511021e+03 
 1.805149e-01  6.087223e+02  1.153054e+03  1.597794e+03  2.469297e+03 
 1.830312e-01  5.984974e+02  1.132094e+03  1.567205e+03  2.418809e+03 
 1.855825e-01  5.885966e+02  1.112027e+03  1.538177e+03  2.371456e+03 
 1.881694e-01  5.790949e+02  1.094232e+03  1.514090e+03  2.336133e+03 
 1.907924e-01  5.692319e+02  1.075764e+03  1.489080e+03  2.299289e+03 
 1.934520e-01  5.582836e+02  1.055061e+03  1.461052e+03  2.258941e+03 
 1.961486e-01  5.463995e+02  1.032536e+03  1.430528e+03  2.215048e+03 
 1.988828e-01  5.348598e+02  1.011461e+03  1.402303e+03  2.174437e+03 
 2.016551e-01  5.242011e+02  9.931829e+02  1.378348e+03  2.140045e+03 
 2.044661e-01  5.124829e+02  9.726165e+02  1.351014e+03  2.100050e+03 
 2.073162e-01  4.991923e+02  9.476809e+02  1.316510e+03  2.047226e+03 
 2.102061e-01  4.853642e+02  9.217053e+02  1.280568e+03  1.992084e+03 
 2.131362e-01  4.751174e+02  9.069371e+02  1.263351e+03  1.970463e+03 
 2.161073e-01  4.649727e+02  8.923993e+02  1.246498e+03  1.949424e+03 
 2.191197e-01  4.520633e+02  8.702398e+02  1.218097e+03  1.911570e+03 
 2.221741e-01  4.390598e+02  8.472773e+02  1.188274e+03  1.871506e+03 
 2.252711e-01  4.273346e+02  8.272257e+02  1.162759e+03  1.837794e+03 
 2.284112e-01  4.167465e+02  8.094269e+02  1.140397e+03  1.808707e+03 
 2.315951e-01  4.075595e+02  7.933058e+02  1.118819e+03  1.776240e+03 
 2.348235e-01  3.995337e+02  7.790404e+02  1.099288e+03  1.745397e+03 
 2.380968e-01  3.903801e+02  7.611510e+02  1.074189e+03  1.706827e+03 
 2.414157e-01  3.815972e+02  7.436233e+02  1.049482e+03  1.669141e+03 
 2.447809e-01  3.729629e+02  7.267661e+02  1.026183e+03  1.633741e+03 
 2.481930e-01  3.648272e+02  7.109739e+02  1.004436e+03  1.600753e+03 
 2.516527e-01  3.600651e+02  7.029951e+02  9.937324e+02  1.584216e+03 
 2.551606e-01  3.542959e+02  6.926190e+02  9.795987e+02  1.562791e+03 
 2.587174e-01  3.452984e+02  6.745897e+02  9.545331e+02  1.525805e+03 
 2.623238e-01  3.376732e+02  6.604373e+02  9.354172e+02  1.498165e+03 
 2.659804e-01  3.315119e+02  6.504280e+02  9.226618e+02  1.480501e+03 
 2.696881e-01  3.231739e+02  6.352421e+02  9.022684e+02  1.450107e+03 
 2.734474e-01  3.140584e+02  6.182943e+02  8.793106e+02  1.415538e+03 
 2.772591e-01  3.071196e+02  6.070647e+02  8.654989e+02  1.398251e+03 
 2.811239e-01  2.997044e+02  5.943018e+02  8.493488e+02  1.378209e+03 
 2.850426e-01  2.918809e+02  5.799597e+02  8.307788e+02  1.355754e+03 
 2.890160e-01  2.847480e+02  5.679277e+02  8.153630e+02  1.333974e+03 
 2.930447e-01  2.781406e+02  5.565764e+02  8.002156e+02  1.310497e+03 
 2.971296e-01  2.718991e+02  5.443114e+02  7.818071e+02  1.278570e+03 
 3.012714e-01  2.662935e+02  5.345896e+02  7.689260e+02  1.259520e+03 
 3.054710e-01  2.609042e+02  5.255640e+02  7.576895e+02  1.244805e+03 
 3.097291e-01  2.545198e+02  5.136821e+02  7.420283e+02  1.223463e+03 
 3.140465e-01  2.487856e+02  5.020394e+02  7.251960e+02  1.195726e+03 
 3.184242e-01  2.437479e+02  4.919423e+02  7.105580e+02  1.171444e+03 
 3.228628e-01  2.397721e+02  4.853539e+02  7.023205e+02  1.161524e+03 
 3.273634e-01  2.340661e+02  4.738496e+02  6.857692e+02  1.135026e+03 
 3.319266e-01  2.281120e+02  4.622881e+02  6.697984e+02  1.111110e+03 
 3.365535e-01  2.224090e+02  4.521430e+02  6.568064e+02  1.094015e+03 
 3.412449e-01  2.183914e+02  4.468429e+02  6.505638e+02  1.084113e+03 
 3.460016e-01  2.139236e+02  4.395755e+02  6.412192e+02  1.070967e+03 
 3.508247e-01  2.095141e+02  4.317218e+02  6.307383e+02  1.055691e+03 
 3.557150e-01  2.052448e+02  4.237877e+02  6.199815e+02  1.039302e+03 
 3.606735e-01  2.003182e+02  4.149714e+02  6.083831e+02  1.022976e+03 
 3.657011e-01  1.944739e+02  4.038579e+02  5.931688e+02  1.001788e+03 
 3.707988e-01  1.898388e+02  3.949309e+02  5.809717e+02  9.837211e+02 
 3.759675e-01  1.856525e+02  3.868829e+02  5.699129e+02  9.671885e+02 
 3.812083e-01  1.813708e+02  3.790753e+02  5.593375e+02  9.517226e+02 
 3.865221e-01  1.777774e+02  3.737066e+02  5.530362e+02  9.412544e+02 
 3.919100e-01  1.741438e+02  3.652717e+02  5.401820e+02  9.235508e+02 
 3.973730e-01  1.699849e+02  3.583284e+02  5.315253e+02  9.099631e+02 
 4.029122e-01  1.666140e+02  3.530290e+02  5.242048e+02  8.965468e+02 
 4.085286e-01  1.632266e+02  3.457717e+02  5.137847e+02  8.815848e+02 
 4.142232e-01  1.591175e+02  3.373709e+02  5.026402e+02  8.677229e+02 
 4.199973e-01  1.550735e+02  3.303580e+02  4.937318e+02  8.547398e+02 
 4.258518e-01  1.518181e+02  3.242866e+02  4.850860e+02  8.397797e+02 
 4.317880e-01  1.483892e+02  3.175608e+02  4.751353e+02  8.244766e+02 
 4.378069e-01  1.454075e+02  3.116232e+02  4.666717e+02  8.105291e+02 
 4.439097e-01  1.429129e+02  3.077331e+02  4.620066e+02  8.061766e+02 
 4.500975e-01  1.390472e+02  3.004869e+02  4.520783e+02  7.914650e+02 
 4.563716e-01  1.358178e+02  2.938210e+02  4.423831e+02  7.741774e+02 
 4.627332e-01  1.337303e+02  2.909590e+02  4.393657e+02  7.714911e+02 
 4.691835e-01  1.303205e+02  2.841479e+02  4.295318e+02  7.549337e+02 
 4.757236e-01  1.278486e+02  2.793195e+02  4.229461e+02  7.449634e+02 
 4.823549e-01  1.244995e+02  2.724453e+02  4.132458e+02  7.318887e+02 
 4.890787e-01  1.218404e+02  2.672429e+02  4.061690e+02  7.207427e+02 
 4.958962e-01  1.198085e+02  2.632991e+02  4.000481e+02  7.094562e+02 
 5.028087e-01  1.171000e+02  2.585867e+02  3.936670e+02  7.001441e+02 
 5.098176e-01  1.149163e+02  2.545638e+02  3.878335e+02  6.886776e+02 
 5.169242e-01  1.129139e+02  2.507909e+02  3.827589e+02  6.819062e+02 
 5.241298e-01  1.092256e+02  2.444167e+02  3.748700e+02  6.722305e+02 
 5.314359e-01  1.072930e+02  2.414148e+02  3.707852e+02  6.656418e+02 
 5.388438e-01  1.050480e+02  2.363573e+02  3.631981e+02  6.540591e+02 
 5.463550e-01  1.031602e+02  2.326321e+02  3.576328e+02  6.447620e+02 
 5.539709e-01  1.003878e+02  2.277026e+02  3.513296e+02  6.349580e+02 
 5.616930e-01  9.858427e+01  2.241826e+02  3.463160e+02  6.273546e+02 
 5.695227e-01  9.661606e+01  2.209350e+02  3.422943e+02  6.190248e+02 
 5.774615e-01  9.442625e+01  2.158584e+02  3.347344e+02  6.081954e+02 
 5.855110e-01  9.271655e+01  2.126699e+02  3.298074e+02  5.998111e+02 
 5.936727e-01  9.056838e+01  2.077061e+02  3.228964e+02  5.894956e+02 
 6.019482e-01  8.901632e+01  2.053298e+02  3.190580e+02  5.823648e+02 
 6.103390e-01  8.689226e+01  2.016574e+02  3.142624e+02  5.739309e+02 
 6.188468e-01  8.494469e+01  1.983645e+02  3.112556e+02  5.717827e+02 
 6.274732e-01  8.352067e+01  1.947433e+02  3.050209e+02  5.615371e+02 
 6.362198e-01  8.182056e+01  1.917683e+02  3.006086e+02  5.529550e+02 
 6.450884e-01  7.989328e+01  1.882805e+02  2.958033e+02  5.447498e+02 
 6.540806e-01  7.823937e+01  1.843100e+02  2.897728e+02  5.359850e+02 
 6.631981e-01  7.649480e+01  1.815530e+02  2.867820e+02  5.307350e+02 
 6.724427e-01  7.503279e+01  1.783784e+02  2.823245e+02  5.252612e+02 
 6.818162e-01  7.340272e+01  1.752027e+02  2.767478e+02  5.149232e+02 
 6.913204e-01  7.182377e+01  1.719930e+02  2.726036e+02  5.079277e+02 
 7.009570e-01  7.079480e+01  1.694642e+02  2.688615e+02  5.014330e+02 
 7.107280e-01  6.896641e+01  1.665602e+02  2.648002e+02  4.936303e+02 
 7.206351e-01  6.789221e+01  1.640330e+02  2.613751e+02  4.894381e+02 
 7.306804e-01  6.649579e+01  1.615225e+02  2.572682e+02  4.809161e+02 
 7.408657e-01  6.501817e+01  1.583517e+02  2.526984e+02  4.745533e+02 
 7.511929e-01  6.362560e+01  1.554625e+02  2.489304e+02  4.681772e+02 
 7.616642e-01  6.239106e+01  1.526807e+02  2.449857e+02  4.621424e+02 
 7.722814e-01  6.153770e+01  1.511070e+02  2.422424e+02  4.556021e+02 
 7.830465e-01  6.024072e+01  1.482148e+02  2.381670e+02  4.496133e+02 
 7.939618e-01  5.909968e+01  1.462520e+02  2.350667e+02  4.450316e+02 
 8.050292e-01  5.778366e+01  1.435282e+02  2.318206e+02  4.392214e+02 
 8.162509e-01  5.675650e+01  1.414237e+02  2.279680e+02  4.315315e+02 
 8.276289e-01  5.536328e+01  1.385949e+02  2.242503e+02  4.259922e+02 
 8.391656e-01  5.464754e+01  1.369760e+02  2.211713e+02  4.212864e+02 
 8.508632e-01  5.364560e+01  1.346030e+02  2.180739e+02  4.155818e+02 
 8.627237e-01  5.244203e+01  1.324367e+02  2.148127e+02  4.090430e+02 
 8.747496e-01  5.147061e+01  1.301930e+02  2.116057e+02  4.036422e+02 
 8.869432e-01  5.055881e+01  1.283054e+02  2.087194e+02  3.984631e+02 
 8.993067e-01  4.952782e+01  1.262523e+02  2.055658e+02  3.927536e+02 
 9.118425e-01  4.874094e+01  1.241109e+02  2.021331e+02  3.858824e+02 
 9.245531e-01  4.766759e+01  1.220143e+02  1.989565e+02  3.815225e+02 
 9.374409e-01  4.674762e+01  1.201290e+02  1.963778e+02  3.764765e+02 
 9.505083e-01  4.595395e+01  1.182459e+02  1.935388e+02  3.711695e+02 
 9.637579e-01  4.497065e+01  1.159694e+02  1.901258e+02  3.658093e+02 
 9.771921e-01  4.436043e+01  1.152657e+02  1.883457e+02  3.609810e+02 
 9.908137e-01  4.349416e+01  1.131179e+02  1.853276e+02  3.563358e+02 
 1.004625e+00  4.265249e+01  1.110425e+02  1.821274e+02  3.503009e+02 
 1.018629e+00  4.192807e+01  1.094902e+02  1.796073e+02  3.452784e+02 
 1.032828e+00  4.111426e+01  1.077466e+02  1.772217e+02  3.416664e+02 
 1.047225e+00  4.030231e+01  1.061890e+02  1.744341e+02  3.357931e+02 
 1.061823e+00  3.965985e+01  1.047468e+02  1.720515e+02  3.309734e+02 
 1.076624e+00  3.891028e+01  1.030581e+02  1.694652e+02  3.260376e+02 
 1.091632e+00  3.823777e+01  1.013918e+02  1.670524e+02  3.211291e+02 
 1.106848e+00  3.749366e+01  9.964461e+01  1.644569e+02  3.167207e+02 
 1.122277e+00  3.681460e+01  9.823690e+01  1.618149e+02  3.115444e+02 
 1.137921e+00  3.613445e+01  9.655481e+01  1.593430e+02  3.069221e+02 
 1.153783e+00  3.553967e+01  9.505566e+01  1.569235e+02  3.025628e+02 
 1.169866e+00  3.490019e+01  9.362963e+01  1.545537e+02  2.982796e+02 
 1.186174e+00  3.424934e+01  9.224936e+01  1.522721e+02  2.935592e+02 
 1.202708e+00  3.367913e+01  9.080026e+01  1.500054e+02  2.890640e+02 
 1.219473e+00  3.310200e+01  8.945082e+01  1.478509e+02  2.843431e+02 
 1.236472e+00  3.250230e+01  8.808231e+01  1.457050e+02  2.802286e+02 
 1.253708e+00  3.195165e+01  8.666145e+01  1.432909e+02  2.761010e+02 
 1.271184e+00  3.140304e+01  8.562445e+01  1.415358e+02  2.717258e+02 
 1.288904e+00  3.084962e+01  8.398480e+01  1.390111e+02  2.677918e+02 
 1.306870e+00  3.027897e+01  8.266312e+01  1.368575e+02  2.633253e+02 
 1.325087e+00  2.980394e+01  8.143701e+01  1.347901e+02  2.588759e+02 
 1.343558e+00  2.928583e+01  8.013760e+01  1.326549e+02  2.547029e+02 
 1.362287e+00  2.881243e+01  7.883297e+01  1.304039e+02  2.505423e+02 
 1.381276e+00  2.830224e+01  7.761275e+01  1.281495e+02  2.464232e+02 
 1.400531e+00  2.783277e+01  7.639079e+01  1.261997e+02  2.420707e+02 
 1.420053e+00  2.733091e+01  7.509493e+01  1.242330e+02  2.379884e+02 
 1.439848e+00  2.687890e+01  7.398130e+01  1.221052e+02  2.340655e+02 
 1.459919e+00  2.638672e+01  7.276012e+01  1.201058e+02  2.298559e+02 
 1.480269e+00  2.599857e+01  7.148557e+01  1.180189e+02  2.255873e+02 
 1.500903e+00  2.554664e+01  7.036995e+01  1.160234e+02  2.220977e+02 
 1.521825e+00  2.510490e+01  6.932547e+01  1.142263e+02  2.181279e+02 
 1.543038e+00  2.466666e+01  6.817801e+01  1.124025e+02  2.145296e+02 
 1.564548e+00  2.428917e+01  6.707082e+01  1.104731e+02  2.105881e+02 
 1.586357e+00  2.388591e+01  6.604935e+01  1.086469e+02  2.067915e+02 
 1.608469e+00  2.346202e+01  6.498038e+01  1.068216e+02  2.032927e+02 
 1.630891e+00  2.313952e+01  6.380076e+01  1.047931e+02  1.993054e+02 
 1.653624e+00  2.271714e+01  6.273630e+01  1.030923e+02  1.959737e+02 
 1.676675e+00  2.233448e+01  6.179961e+01  1.013773e+02  1.921846e+02 
 1.700047e+00  2.195388e+01  6.076173e+01  9.956364e+01  1.886658e+02 
 1.723745e+00  2.160098e+01  5.970133e+01  9.778362e+01  1.848768e+02 
 1.747773e+00  2.121623e+01  5.865322e+01  9.598960e+01  1.813771e+02 
 1.772136e+00  2.086483e+01  5.765665e+01  9.423079e+01  1.780535e+02 
 1.796838e+00  2.052583e+01  5.665471e+01  9.253970e+01  1.745709e+02 
 1.821885e+00  2.020596e+01  5.566396e+01  9.080106e+01  1.712387e+02 
 1.847281e+00  1.986282e+01  5.478523e+01  8.923395e+01  1.679050e+02 
 1.873032e+00  1.953661e+01  5.377975e+01  8.743646e+01  1.646681e+02 
 1.899141e+00  1.920276e+01  5.279218e+01  8.585489e+01  1.614377e+02 
 1.925614e+00  1.889852e+01  5.189272e+01  8.427587e+01  1.581562e+02 
 1.952456e+00  1.863429e+01  5.102700e+01  8.272130e+01  1.549734e+02 
 1.979672e+00  1.828622e+01  5.015243e+01  8.117580e+01  1.519010e+02 
 2.007267e+00  1.800964e+01  4.924051e+01  7.951733e+01  1.488935e+02 
 2.035248e+00  1.768660e+01  4.830991e+01  7.795930e+01  1.457613e+02 
 2.063618e+00  1.739245e+01  4.740514e+01  7.644701e+01  1.427110e+02 
 2.092383e+00  1.710908e+01  4.653594e+01  7.490902e+01  1.397574e+02 
 2.121550e+00  1.681229e+01  4.564858e+01  7.341262e+01  1.367607e+02 
 2.151123e+00  1.653641e+01  4.479817e+01  7.190272e+01  1.338042e+02 
 2.181109e+00  1.625446e+01  4.393117e+01  7.046120e+01  1.310217e+02 
 2.211512e+00  1.598217e+01  4.306705e+01  6.896860e+01  1.280687e+02 
 2.242340e+00  1.571492e+01  4.227691e+01  6.757422e+01  1.253390e+02 
 2.273597e+00  1.540970e+01  4.145120e+01  6.611091e+01  1.225953e+02 
 2.305289e+00  1.519174e+01  4.063984e+01  6.476059e+01  1.199401e+02 
 2.337424e+00  1.493318e+01  3.983042e+01  6.337840e+01  1.173234e+02 
 2.370006e+00  1.467780e+01  3.904972e+01  6.206599e+01  1.148040e+02 
 2.403043e+00  1.441770e+01  3.828442e+01  6.071399e+01  1.122203e+02 
 2.436540e+00  1.418304e+01  3.753715e+01  5.943158e+01  1.097114e+02 
 2.470504e+00  1.394067e+01  3.679452e+01  5.813177e+01  1.072405e+02 
 2.504942e+00  1.370243e+01  3.606715e+01  5.689283e+01  1.048423e+02 
 2.539859e+00  1.347470e+01  3.531973e+01  5.562586e+01  1.024268e+02 
 2.575263e+00  1.322890e+01  3.457852e+01  5.443645e+01  1.001283e+02 
 2.611161e+00  1.300579e+01  3.386100e+01  5.318345e+01  9.781943e+01 
 2.647559e+00  1.277684e+01  3.314574e+01  5.196371e+01  9.550459e+01 
 2.684465e+00  1.255268e+01  3.246749e+01  5.078390e+01  9.326342e+01 
 2.721885e+00  1.231983e+01  3.174608e+01  4.962890e+01  9.107092e+01 
 2.759826e+00  1.210191e+01  3.105007e+01  4.847094e+01  8.892351e+01 
 2.798297e+00  1.188297e+01  3.039452e+01  4.736062e+01  8.686004e+01 
 2.837304e+00  1.167082e+01  2.972991e+01  4.625899e+01  8.478704e+01 
 2.876854e+00  1.145821e+01  2.907268e+01  4.517618e+01  8.277689e+01 
 2.916956e+00  1.125262e+01  2.844406e+01  4.412061e+01  8.076963e+01 
 2.957617e+00  1.105290e+01  2.782593e+01  4.310250e+01  7.885309e+01 
 2.998844e+00  1.085096e+01  2.721669e+01  4.208430e+01  7.695733e+01 
 3.040646e+00  1.065357e+01  2.660853e+01  4.108896e+01  7.515605e+01 
 3.083031e+00  1.045934e+01  2.601076e+01  4.011598e+01  7.334592e+01 
 3.126007e+00  1.027060e+01  2.543467e+01  3.916149e+01  7.155798e+01 
 3.169582e+00  1.007749e+01  2.484521e+01  3.820305e+01  6.981984e+01 
 3.213764e+00  9.888366e+00  2.427803e+01  3.727711e+01  6.811203e+01 
 3.258562e+00  9.697568e+00  2.372439e+01  3.636778e+01  6.643132e+01 
 3.303985e+00  9.511987e+00  2.316133e+01  3.547243e+01  6.478844e+01 
 3.350041e+00  9.330646e+00  2.261123e+01  3.458431e+01  6.316966e+01 
 3.396739e+00  9.146326e+00  2.207871e+01  3.373425e+01  6.157938e+01 
 3.444087e+00  8.970215e+00  2.154775e+01  3.287725e+01  6.003241e+01 
 3.492096e+00  8.795907e+00  2.103893e+01  3.206442e+01  5.854499e+01 
 3.540774e+00  8.618946e+00  2.054071e+01  3.126799e+01  5.707891e+01 
 3.590130e+00  8.451025e+00  2.004321e+01  3.047649e+01  5.565504e+01 
 3.640175e+00  8.287071e+00  1.956420e+01  2.972188e+01  5.425607e+01 
 3.690917e+00  8.120326e+00  1.910192e+01  2.896794e+01  5.289608e+01 
 3.742366e+00  7.958437e+00  1.863217e+01  2.824247e+01  5.158754e+01 
 3.794533e+00  7.802116e+00  1.818847e+01  2.753507e+01  5.029090e+01 
 3.847427e+00  7.645036e+00  1.774277e+01  2.683951e+01  4.903830e+01 
 3.901058e+00  7.487396e+00  1.731243e+01  2.616360e+01  4.779598e+01 
 3.955436e+00  7.337732e+00  1.688516e+01  2.548673e+01  4.657569e+01 
 4.010573e+00  7.183617e+00  1.646523e+01  2.483885e+01  4.539610e+01 
 4.066478e+00  7.033214e+00  1.605029e+01  2.419403e+01  4.422563e+01 
 4.123163e+00  6.883691e+00  1.565091e+01  2.356561e+01  4.308322e+01 
 4.180637e+00  6.738961e+00  1.525734e+01  2.295514e+01  4.196556e+01 
 4.238913e+00  6.594751e+00  1.486787e+01  2.235401e+01  4.088672e+01 
 4.298001e+00  6.450551e+00  1.449096e+01  2.177325e+01  3.982470e+01 
 4.357913e+00  6.315170e+00  1.412174e+01  2.120856e+01  3.880285e+01 
 4.418660e+00  6.177924e+00  1.376696e+01  2.065378e+01  3.780593e+01 
 4.480254e+00  6.043311e+00  1.341565e+01  2.011686e+01  3.683101e+01 
 4.542706e+00  5.913547e+00  1.307311e+01  1.959202e+01  3.588055e+01 
 4.606029e+00  5.784820e+00  1.274457e+01  1.908660e+01  3.496647e+01 
 4.670234e+00  5.658356e+00  1.242127e+01  1.859635e+01  3.407331e+01 
 4.735335e+00  5.535001e+00  1.210728e+01  1.811409e+01  3.319781e+01 
 4.801343e+00  5.415170e+00  1.180188e+01  1.764632e+01  3.234184e+01 
 4.868271e+00  5.295098e+00  1.150001e+01  1.718668e+01  3.150669e+01 
 4.936132e+00  5.176739e+00  1.120380e+01  1.673702e+01  3.068975e+01 
 5.004939e+00  5.059754e+00  1.091528e+01  1.629745e+01  2.988870e+01 
 5.074705e+00  4.943902e+00  1.063154e+01  1.586570e+01  2.910733e+01 
 5.145444e+00  4.831463e+00  1.035506e+01  1.544727e+01  2.834539e+01 
 5.217169e+00  4.719677e+00  1.008406e+01  1.503609e+01  2.759388e+01 
 5.289893e+00  4.612065e+00  9.821727e+00  1.464161e+01  2.687199e+01 
 5.363631e+00  4.504173e+00  9.565717e+00  1.425125e+01  2.616466e+01 
 5.438397e+00  4.400448e+00  9.315758e+00  1.387516e+01  2.547446e+01 
 5.514206e+00  4.298395e+00  9.073594e+00  1.350988e+01  2.480763e+01 
 5.591071e+00  4.197776e+00  8.838927e+00  1.315417e+01  2.415908e+01 
 5.669007e+00  4.101519e+00  8.609571e+00  1.281033e+01  2.353034e+01 
 5.748030e+00  4.006349e+00  8.388060e+00  1.247452e+01  2.291507e+01 
 5.828155e+00  3.913447e+00  8.172304e+00  1.214986e+01  2.231894e+01 
 5.909396e+00  3.822596e+00  7.962014e+00  1.183356e+01  2.174063e+01 
 5.991770e+00  3.733318e+00  7.756371e+00  1.152393e+01  2.117532e+01 
 6.075292e+00  3.646045e+00  7.556744e+00  1.122314e+01  2.062073e+01 
 6.159978e+00  3.559838e+00  7.360531e+00  1.092884e+01  2.008013e+01 
 6.245845e+00  3.475163e+00  7.168715e+00  1.064084e+01  1.954952e+01 
 6.332908e+00  3.391743e+00  6.980535e+00  1.035826e+01  1.902969e+01 
 6.421186e+00  3.310602e+00  6.797684e+00  1.008284e+01  1.852332e+01 
 6.510694e+00  3.230526e+00  6.619075e+00  9.815345e+00  1.803043e+01 
 6.601449e+00  3.152878e+00  6.445767e+00  9.554893e+00  1.755023e+01 
 6.693470e+00  3.076432e+00  6.276243e+00  9.300401e+00  1.708194e+01 
 6.786773e+00  3.002150e+00  6.112202e+00  9.053666e+00  1.662779e+01 
 6.881377e+00  2.930107e+00  5.953028e+00  8.814434e+00  1.618481e+01 
 6.977300e+00  2.859702e+00  5.798619e+00  8.583358e+00  1.575623e+01 
 7.074559e+00  2.791439e+00  5.648241e+00  8.357103e+00  1.533898e+01 
 7.173175e+00  2.724525e+00  5.502707e+00  8.138506e+00  1.493462e+01 
 7.273165e+00  2.659693e+00  5.361305e+00  7.926768e+00  1.454100e+01 
 7.374549e+00  2.596239e+00  5.223416e+00  7.719448e+00  1.415867e+01 
 7.477346e+00  2.534087e+00  5.089592e+00  7.519012e+00  1.378533e+01 
 7.581576e+00  2.473631e+00  4.958075e+00  7.321976e+00  1.342055e+01 
 7.687260e+00  2.414015e+00  4.830017e+00  7.129507e+00  1.306428e+01 
 7.794416e+00  2.355641e+00  4.704598e+00  6.940568e+00  1.271464e+01 
 7.903066e+00  2.298517e+00  4.581573e+00  6.756084e+00  1.237233e+01 
 8.013230e+00  2.242556e+00  4.462367e+00  6.577544e+00  1.203954e+01 
 8.124930e+00  2.187840e+00  4.345813e+00  6.402643e+00  1.171438e+01 
 8.238187e+00  2.134681e+00  4.232179e+00  6.231880e+00  1.139811e+01 
 8.353023e+00  2.082731e+00  4.121921e+00  6.066489e+00  1.109022e+01 
 8.469460e+00  2.032333e+00  4.014892e+00  5.905834e+00  1.079124e+01 
 8.587519e+00  1.983307e+00  3.910817e+00  5.749621e+00  1.050088e+01 
 8.707225e+00  1.935643e+00  3.809634e+00  5.598145e+00  1.021914e+01 
 8.828599e+00  1.889386e+00  3.711997e+00  5.451207e+00  9.944994e+00 
 8.951665e+00  1.844294e+00  3.617105e+00  5.308473e+00  9.679730e+00 
 9.076446e+00  1.800587e+00  3.524911e+00  5.170277e+00  9.422053e+00 
 9.202967e+00  1.758278e+00  3.435219e+00  5.035870e+00  9.171005e+00 
 9.331251e+00  1.716393e+00  3.347751e+00  4.904494e+00  8.926535e+00 
 9.461324e+00  0.000000e+00  0.000000e+00  0.000000e+00  0.000000e+00 
 9.593209e+00  0.000000e+00  0.000000e+00  0.000000e+00  0.000000e+00 
 9.726934e+00  0.000000e+00  0.000000e+00  0.000000e+00  0.000000e+00 
 9.862522e+00  0.000000e+00  0.000000e+00  0.000000e+00  0.000000e+00 
 1.000000e+01  0.000000e+00  0.000000e+00  0.000000e+00  0.000000e+00 
