 1.000000e-02  5.755686e+03  1.049233e+04  1.418219e+04  2.107967e+04 
 1.013939e-02  5.786756e+03  1.054881e+04  1.425841e+04  2.119261e+04 
 1.028073e-02  5.817311e+03  1.060439e+04  1.433340e+04  2.130375e+04 
 1.042404e-02  5.847355e+03  1.065903e+04  1.440716e+04  2.141291e+04 
 1.056935e-02  5.876859e+03  1.071269e+04  1.447956e+04  2.152003e+04 
 1.071668e-02  5.905763e+03  1.076524e+04  1.455042e+04  2.162499e+04 
 1.086606e-02  5.934060e+03  1.081668e+04  1.461974e+04  2.172768e+04 
 1.101753e-02  5.961759e+03  1.086704e+04  1.468759e+04  2.182817e+04 
 1.117111e-02  5.988840e+03  1.091628e+04  1.475394e+04  2.192633e+04 
 1.132683e-02  6.015244e+03  1.096428e+04  1.481863e+04  2.202203e+04 
 1.148472e-02  6.040970e+03  1.101095e+04  1.488159e+04  2.211511e+04 
 1.164481e-02  6.065993e+03  1.105634e+04  1.494284e+04  2.220564e+04 
 1.180713e-02  6.090279e+03  1.110040e+04  1.500226e+04  2.229356e+04 
 1.197171e-02  6.113826e+03  1.114315e+04  1.505991e+04  2.237883e+04 
 1.213859e-02  6.136608e+03  1.118451e+04  1.511563e+04  2.246123e+04 
 1.230780e-02  6.158601e+03  1.122439e+04  1.516934e+04  2.254048e+04 
 1.247936e-02  6.179776e+03  1.126277e+04  1.522100e+04  2.261672e+04 
 1.265332e-02  6.200093e+03  1.129961e+04  1.527058e+04  2.268991e+04 
 1.282970e-02  6.219527e+03  1.133485e+04  1.531801e+04  2.275999e+04 
 1.300854e-02  6.238089e+03  1.136849e+04  1.536327e+04  2.282676e+04 
 1.318987e-02  6.255753e+03  1.140047e+04  1.540631e+04  2.289012e+04 
 1.337373e-02  6.272470e+03  1.143073e+04  1.544700e+04  2.295004e+04 
 1.356015e-02  6.288227e+03  1.145923e+04  1.548528e+04  2.300647e+04 
 1.374917e-02  6.303000e+03  1.148595e+04  1.552111e+04  2.305932e+04 
 1.394083e-02  6.316761e+03  1.151081e+04  1.555453e+04  2.310834e+04 
 1.413516e-02  6.329494e+03  1.153378e+04  1.558544e+04  2.315350e+04 
 1.433219e-02  6.341160e+03  1.155481e+04  1.561370e+04  2.319477e+04 
 1.453198e-02  6.351737e+03  1.157386e+04  1.563919e+04  2.323217e+04 
 1.473454e-02  6.361204e+03  1.159088e+04  1.566185e+04  2.326557e+04 
 1.493993e-02  6.369540e+03  1.160584e+04  1.568175e+04  2.329474e+04 
 1.514819e-02  6.376728e+03  1.161871e+04  1.569893e+04  2.331974e+04 
 1.535935e-02  6.382748e+03  1.162948e+04  1.571330e+04  2.334043e+04 
 1.557345e-02  6.387579e+03  1.163806e+04  1.572482e+04  2.335670e+04 
 1.579053e-02  6.391186e+03  1.164441e+04  1.573332e+04  2.336855e+04 
 1.601064e-02  6.393549e+03  1.164849e+04  1.573856e+04  2.337583e+04 
 1.623382e-02  6.394632e+03  1.165023e+04  1.574057e+04  2.337848e+04 
 1.646012e-02  6.394411e+03  1.164961e+04  1.573943e+04  2.337631e+04 
 1.668956e-02  6.392875e+03  1.164661e+04  1.573517e+04  2.336927e+04 
 1.692220e-02  6.390022e+03  1.164119e+04  1.572765e+04  2.335736e+04 
 1.715809e-02  6.385822e+03  1.163329e+04  1.571679e+04  2.334057e+04 
 1.739726e-02  6.380255e+03  1.162291e+04  1.570253e+04  2.331879e+04 
 1.763977e-02  6.373319e+03  1.161002e+04  1.568486e+04  2.329193e+04 
 1.788566e-02  6.364981e+03  1.159458e+04  1.566375e+04  2.325989e+04 
 1.813498e-02  6.355213e+03  1.157653e+04  1.563913e+04  2.322264e+04 
 1.838777e-02  6.343999e+03  1.155587e+04  1.561096e+04  2.318013e+04 
 1.864409e-02  6.331338e+03  1.153257e+04  1.557923e+04  2.313239e+04 
 1.890397e-02  6.317218e+03  1.150658e+04  1.554388e+04  2.307934e+04 
 1.916748e-02  6.301617e+03  1.147791e+04  1.550488e+04  2.302086e+04 
 1.943467e-02  6.284537e+03  1.144654e+04  1.546225e+04  2.295690e+04 
 1.970558e-02  6.265960e+03  1.141243e+04  1.541592e+04  2.288742e+04 
 1.998026e-02  6.245866e+03  1.137558e+04  1.536589e+04  2.281241e+04 
 2.025878e-02  6.224287e+03  1.133600e+04  1.531217e+04  2.273204e+04 
 2.054117e-02  6.201214e+03  1.129370e+04  1.525474e+04  2.264622e+04 
 2.082751e-02  6.176610e+03  1.124860e+04  1.519353e+04  2.255457e+04 
 2.111783e-02  6.150473e+03  1.120071e+04  1.512857e+04  2.245720e+04 
 2.141220e-02  6.122939e+03  1.115025e+04  1.506008e+04  2.235460e+04 
 2.171068e-02  6.094524e+03  1.109798e+04  1.498894e+04  2.224760e+04 
 2.201331e-02  6.064594e+03  1.104294e+04  1.491408e+04  2.213509e+04 
 2.232016e-02  6.033163e+03  1.098516e+04  1.483550e+04  2.201702e+04 
 2.263130e-02  6.000239e+03  1.092465e+04  1.475323e+04  2.189344e+04 
 2.294676e-02  5.965840e+03  1.086143e+04  1.466731e+04  2.176448e+04 
 2.326663e-02  5.929974e+03  1.079556e+04  1.457777e+04  2.163029e+04 
 2.359095e-02  5.892659e+03  1.072704e+04  1.448469e+04  2.149080e+04 
 2.391980e-02  5.853884e+03  1.065590e+04  1.438804e+04  2.134595e+04 
 2.425323e-02  5.813689e+03  1.058216e+04  1.428791e+04  2.119586e+04 
 2.459130e-02  5.772109e+03  1.050587e+04  1.418435e+04  2.104071e+04 
 2.493409e-02  5.729171e+03  1.042712e+04  1.407744e+04  2.088061e+04 
 2.528166e-02  5.684890e+03  1.034592e+04  1.396723e+04  2.071564e+04 
 2.563407e-02  5.639294e+03  1.026237e+04  1.385382e+04  2.054590e+04 
 2.599140e-02  5.592421e+03  1.017649e+04  1.373728e+04  2.037153e+04 
 2.635371e-02  5.544297e+03  1.008832e+04  1.361768e+04  2.019262e+04 
 2.672106e-02  5.494969e+03  9.997965e+03  1.349512e+04  2.000934e+04 
 2.709354e-02  5.444489e+03  9.905497e+03  1.336971e+04  1.982185e+04 
 2.747121e-02  5.392900e+03  9.811015e+03  1.324158e+04  1.963034e+04 
 2.785414e-02  5.340189e+03  9.714510e+03  1.311075e+04  1.943487e+04 
 2.824241e-02  5.286135e+03  9.615700e+03  1.297691e+04  1.923529e+04 
 2.863610e-02  5.231119e+03  9.515156e+03  1.284075e+04  1.903222e+04 
 2.903527e-02  5.175193e+03  9.412956e+03  1.270236e+04  1.882587e+04 
 2.944000e-02  5.118417e+03  9.309211e+03  1.256190e+04  1.861646e+04 
 2.985038e-02  5.060855e+03  9.204054e+03  1.241952e+04  1.840423e+04 
 3.026648e-02  5.002582e+03  9.097584e+03  1.227541e+04  1.818944e+04 
 3.068838e-02  4.943655e+03  8.989944e+03  1.212970e+04  1.797230e+04 
 3.111616e-02  4.884154e+03  8.881262e+03  1.198257e+04  1.775307e+04 
 3.154990e-02  4.824141e+03  8.771643e+03  1.183418e+04  1.753200e+04 
 3.198969e-02  4.763697e+03  8.661239e+03  1.168475e+04  1.730940e+04 
 3.243561e-02  4.702888e+03  8.550180e+03  1.153446e+04  1.708552e+04 
 3.288774e-02  4.641787e+03  8.438597e+03  1.138346e+04  1.686062e+04 
 3.334618e-02  4.580461e+03  8.326636e+03  1.123194e+04  1.663495e+04 
 3.381101e-02  4.519000e+03  8.214433e+03  1.108010e+04  1.640882e+04 
 3.428231e-02  4.457500e+03  8.102165e+03  1.092818e+04  1.618259e+04 
 3.476019e-02  4.395868e+03  7.989985e+03  1.077676e+04  1.595818e+04 
 3.524473e-02  4.334350e+03  7.878016e+03  1.062564e+04  1.573427e+04 
 3.573602e-02  4.273030e+03  7.766404e+03  1.047501e+04  1.551107e+04 
 3.623416e-02  4.211990e+03  7.655310e+03  1.032507e+04  1.528889e+04 
 3.673925e-02  4.151313e+03  7.544884e+03  1.017602e+04  1.506804e+04 
 3.725137e-02  4.091074e+03  7.435271e+03  1.002808e+04  1.484882e+04 
 3.777064e-02  4.031365e+03  7.326609e+03  9.881425e+03  1.463151e+04 
 3.829714e-02  3.972265e+03  7.219040e+03  9.736237e+03  1.441639e+04 
 3.883098e-02  3.913838e+03  7.112701e+03  9.592715e+03  1.420374e+04 
 3.937226e-02  3.856162e+03  7.007735e+03  9.451040e+03  1.399382e+04 
 3.992109e-02  3.799309e+03  6.904287e+03  9.311413e+03  1.378694e+04 
 4.047757e-02  3.743352e+03  6.802426e+03  9.173906e+03  1.358311e+04 
 4.104181e-02  3.688201e+03  6.701457e+03  9.036967e+03  1.337841e+04 
 4.161391e-02  3.634081e+03  6.602362e+03  8.902590e+03  1.317750e+04 
 4.219398e-02  3.581043e+03  6.505259e+03  8.770902e+03  1.298060e+04 
 4.278214e-02  3.529149e+03  6.410245e+03  8.642061e+03  1.278793e+04 
 4.337850e-02  3.478467e+03  6.317433e+03  8.516189e+03  1.259969e+04 
 4.398317e-02  3.429038e+03  6.226910e+03  8.393409e+03  1.241607e+04 
 4.459628e-02  3.380901e+03  6.138753e+03  8.273814e+03  1.223719e+04 
 4.521792e-02  3.334079e+03  6.053015e+03  8.157495e+03  1.206319e+04 
 4.584824e-02  3.288617e+03  5.969746e+03  8.044514e+03  1.189415e+04 
 4.648734e-02  3.244543e+03  5.889000e+03  7.934963e+03  1.173015e+04 
 4.713535e-02  3.201962e+03  5.811681e+03  7.830821e+03  1.157624e+04 
 4.779239e-02  3.160836e+03  5.737468e+03  7.731288e+03  1.143041e+04 
 4.845859e-02  3.121114e+03  5.665820e+03  7.635172e+03  1.128967e+04 
 4.913407e-02  3.082797e+03  5.596719e+03  7.542498e+03  1.115399e+04 
 4.981898e-02  3.045877e+03  5.530137e+03  7.453238e+03  1.102330e+04 
 5.051342e-02  3.010333e+03  5.466039e+03  7.367339e+03  1.089754e+04 
 5.121755e-02  2.976130e+03  5.404367e+03  7.284715e+03  1.077663e+04 
 5.193150e-02  2.943235e+03  5.345071e+03  7.205267e+03  1.066041e+04 
 5.265540e-02  2.911594e+03  5.288064e+03  7.128896e+03  1.054876e+04 
 5.338938e-02  2.880928e+03  5.232386e+03  7.053846e+03  1.043782e+04 
 5.413360e-02  2.851140e+03  5.177767e+03  6.979672e+03  1.032669e+04 
 5.488820e-02  2.822453e+03  5.125137e+03  6.908180e+03  1.021954e+04 
 5.565331e-02  2.794745e+03  5.074277e+03  6.839100e+03  1.011594e+04 
 5.642908e-02  2.767869e+03  5.024929e+03  6.772065e+03  1.001537e+04 
 5.721568e-02  2.741773e+03  4.977012e+03  6.706950e+03  9.917652e+03 
 5.801323e-02  2.716563e+03  4.930713e+03  6.644021e+03  9.823191e+03 
 5.882190e-02  2.692298e+03  4.886146e+03  6.583411e+03  9.732159e+03 
 5.964185e-02  2.668876e+03  4.843407e+03  6.525561e+03  9.646068e+03 
 6.047322e-02  2.646192e+03  4.802834e+03  6.471494e+03  9.567868e+03 
 6.131619e-02  2.623396e+03  4.762047e+03  6.417141e+03  9.489237e+03 
 6.217090e-02  2.600319e+03  4.720731e+03  6.362092e+03  9.409546e+03 
 6.303753e-02  2.576971e+03  4.678923e+03  6.306382e+03  9.328860e+03 
 6.391624e-02  2.553375e+03  4.636666e+03  6.250053e+03  9.247271e+03 
 6.480720e-02  2.529455e+03  4.593840e+03  6.192934e+03  9.164519e+03 
 6.571058e-02  2.505039e+03  4.550111e+03  6.134600e+03  9.079947e+03 
 6.662655e-02  2.478774e+03  4.501144e+03  6.067224e+03  8.976568e+03 
 6.755528e-02  2.451628e+03  4.450507e+03  5.997555e+03  8.869667e+03 
 6.849697e-02  2.423521e+03  4.398132e+03  5.925560e+03  8.759358e+03 
 6.945178e-02  2.394339e+03  4.343822e+03  5.850970e+03  8.645244e+03 
 7.041990e-02  2.363976e+03  4.287400e+03  5.773540e+03  8.526956e+03 
 7.140151e-02  2.332353e+03  4.228699e+03  5.693062e+03  8.404217e+03 
 7.239681e-02  2.299681e+03  4.168392e+03  5.610798e+03  8.279987e+03 
 7.340598e-02  2.265964e+03  4.106535e+03  5.526891e+03  8.154686e+03 
 7.442922e-02  2.230801e+03  4.042081e+03  5.439485e+03  8.024256e+03 
 7.546673e-02  2.194165e+03  3.974985e+03  5.348525e+03  7.888612e+03 
 7.651869e-02  2.156074e+03  3.905272e+03  5.254057e+03  7.747833e+03 
 7.758532e-02  2.116569e+03  3.832991e+03  5.156148e+03  7.602020e+03 
 7.866682e-02  2.076541e+03  3.760872e+03  5.059597e+03  7.461023e+03 
 7.976339e-02  2.036586e+03  3.690696e+03  4.967448e+03  7.331034e+03 
 8.087525e-02  1.995397e+03  3.618247e+03  4.872148e+03  7.196232e+03 
 8.200261e-02  1.953109e+03  3.543751e+03  4.774013e+03  7.057073e+03 
 8.314568e-02  1.909885e+03  3.467465e+03  4.673423e+03  6.914079e+03 
 8.430468e-02  1.865904e+03  3.389706e+03  4.570797e+03  6.767887e+03 
 8.547985e-02  1.820697e+03  3.308585e+03  4.462544e+03  6.610717e+03 
 8.667139e-02  1.774858e+03  3.225810e+03  4.351505e+03  6.448173e+03 
 8.787954e-02  1.728944e+03  3.142878e+03  4.240225e+03  6.285209e+03 
 8.910453e-02  1.683207e+03  3.060217e+03  4.129300e+03  6.122693e+03 
 9.034660e-02  1.637887e+03  2.978279e+03  4.019333e+03  5.961503e+03 
 9.160598e-02  1.593942e+03  2.899812e+03  3.914923e+03  5.810670e+03 
 9.288292e-02  1.551519e+03  2.824959e+03  3.816150e+03  5.670020e+03 
 9.417766e-02  1.510185e+03  2.751980e+03  3.719817e+03  5.532728e+03 
 9.549045e-02  1.470164e+03  2.681287e+03  3.626502e+03  5.399658e+03 
 9.682153e-02  1.431666e+03  2.613286e+03  3.536716e+03  5.271600e+03 
 9.817117e-02  1.395170e+03  2.549288e+03  3.452642e+03  5.152739e+03 
 9.953962e-02  1.360648e+03  2.488951e+03  3.373578e+03  5.041415e+03 
 1.009272e-01  1.328129e+03  2.432167e+03  3.299244e+03  4.936883e+03 
 1.023340e-01  1.297729e+03  2.379150e+03  3.229913e+03  4.839592e+03 
 1.037605e-01  1.268895e+03  2.328154e+03  3.162536e+03  4.743473e+03 
 1.052069e-01  1.239951e+03  2.274087e+03  3.088386e+03  4.631268e+03 
 1.066734e-01  1.213320e+03  2.224299e+03  3.020086e+03  4.527835e+03 
 1.081604e-01  1.188958e+03  2.178692e+03  2.957485e+03  4.432969e+03 
 1.096681e-01  1.166774e+03  2.137114e+03  2.900357e+03  4.346332e+03 
 1.111968e-01  1.146731e+03  2.099656e+03  2.848823e+03  4.267579e+03 
 1.127468e-01  1.128583e+03  2.065692e+03  2.802040e+03  4.195947e+03 
 1.143184e-01  1.112125e+03  2.034824e+03  2.759480e+03  4.130665e+03 
 1.159120e-01  1.097135e+03  2.006643e+03  2.720582e+03  4.070861e+03 
 1.175277e-01  1.083992e+03  1.982484e+03  2.687616e+03  4.020736e+03 
 1.191660e-01  1.071806e+03  1.960132e+03  2.657132e+03  3.974443e+03 
 1.208271e-01  1.060212e+03  1.938867e+03  2.628124e+03  3.930384e+03 
 1.225114e-01  1.048841e+03  1.917992e+03  2.599615e+03  3.887080e+03 
 1.242191e-01  1.036951e+03  1.895781e+03  2.569136e+03  3.841013e+03 
 1.259506e-01  1.024716e+03  1.872915e+03  2.537803e+03  3.793684e+03 
 1.277063e-01  1.011826e+03  1.848859e+03  2.504879e+03  3.743951e+03 
 1.294865e-01  9.983398e+02  1.823936e+03  2.470843e+03  3.692428e+03 
 1.312915e-01  9.840711e+02  1.797847e+03  2.435280e+03  3.638529e+03 
 1.331216e-01  9.684447e+02  1.769271e+03  2.396369e+03  3.579610e+03 
 1.349772e-01  9.513520e+02  1.738053e+03  2.353950e+03  3.515583e+03 
 1.368587e-01  9.338967e+02  1.708069e+03  2.315357e+03  3.463262e+03 
 1.387665e-01  9.148542e+02  1.675135e+03  2.272669e+03  3.404706e+03 
 1.407008e-01  8.942940e+02  1.639347e+03  2.226042e+03  3.340074e+03 
 1.426621e-01  8.734006e+02  1.603514e+03  2.179522e+03  3.275027e+03 
 1.446507e-01  8.516401e+02  1.566213e+03  2.130957e+03  3.206657e+03 
 1.466671e-01  8.289278e+02  1.527032e+03  2.079755e+03  3.134113e+03 
 1.487115e-01  8.038340e+02  1.481756e+03  2.019160e+03  3.045780e+03 
 1.507845e-01  7.773646e+02  1.432832e+03  1.952836e+03  2.947718e+03 
 1.528864e-01  7.511235e+02  1.384342e+03  1.887093e+03  2.850412e+03 
 1.550175e-01  7.273136e+02  1.342286e+03  1.831638e+03  2.771594e+03 
 1.571784e-01  7.056439e+02  1.305440e+03  1.784257e+03  2.706850e+03 
 1.593694e-01  6.850766e+02  1.270456e+03  1.739263e+03  2.645306e+03 
 1.615909e-01  6.663781e+02  1.239106e+03  1.699218e+03  2.590779e+03 
 1.638434e-01  6.494701e+02  1.211059e+03  1.663618e+03  2.542653e+03 
 1.661273e-01  6.342973e+02  1.186091e+03  1.632083e+03  2.500481e+03 
 1.684430e-01  6.178267e+02  1.155916e+03  1.591507e+03  2.441624e+03 
 1.707910e-01  6.028859e+02  1.128244e+03  1.554141e+03  2.387197e+03 
 1.731717e-01  5.901840e+02  1.105028e+03  1.522992e+03  2.342123e+03 
 1.755856e-01  5.807686e+02  1.089097e+03  1.502296e+03  2.312577e+03 
 1.780332e-01  5.727407e+02  1.075729e+03  1.485112e+03  2.288354e+03 
 1.805149e-01  5.640561e+02  1.058980e+03  1.461446e+03  2.250625e+03 
 1.830312e-01  5.551089e+02  1.040467e+03  1.434286e+03  2.205448e+03 
 1.855825e-01  5.466508e+02  1.023097e+03  1.408965e+03  2.163741e+03 
 1.881694e-01  5.385756e+02  1.007687e+03  1.387847e+03  2.132139e+03 
 1.907924e-01  5.302025e+02  9.917267e+02  1.365976e+03  2.099352e+03 
 1.934520e-01  5.208047e+02  9.737558e+02  1.341496e+03  2.063758e+03 
 1.961486e-01  5.104075e+02  9.538886e+02  1.314457e+03  2.024650e+03 
 1.988828e-01  5.001705e+02  9.351012e+02  1.289193e+03  1.988062e+03 
 2.016551e-01  4.905304e+02  9.185412e+02  1.267415e+03  1.956556e+03 
 2.044661e-01  4.796340e+02  8.994073e+02  1.241921e+03  1.919067e+03 
 2.073162e-01  4.671572e+02  8.761970e+02  1.209939e+03  1.870217e+03 
 2.102061e-01  4.538747e+02  8.514626e+02  1.175852e+03  1.818095e+03 
 2.131362e-01  4.437708e+02  8.369573e+02  1.159013e+03  1.797271e+03 
 2.161073e-01  4.335309e+02  8.222189e+02  1.141881e+03  1.776009e+03 
 2.191197e-01  4.206811e+02  8.003895e+02  1.114017e+03  1.738878e+03 
 2.221741e-01  4.076824e+02  7.776972e+02  1.084652e+03  1.699317e+03 
 2.252711e-01  3.959459e+02  7.578423e+02  1.059491e+03  1.666131e+03 
 2.284112e-01  3.853598e+02  7.402340e+02  1.037453e+03  1.637561e+03 
 2.315951e-01  3.760848e+02  7.241060e+02  1.016018e+03  1.605728e+03 
 2.348235e-01  3.681292e+02  7.101191e+02  9.970528e+02  1.576312e+03 
 2.380968e-01  3.593082e+02  6.930212e+02  9.731608e+02  1.539719e+03 
 2.414157e-01  3.510706e+02  6.766895e+02  9.501996e+02  1.504722e+03 
 2.447809e-01  3.431653e+02  6.612551e+02  9.288501e+02  1.472169e+03 
 2.481930e-01  3.359342e+02  6.471918e+02  9.094603e+02  1.442649e+03 
 2.516527e-01  3.318029e+02  6.401142e+02  8.998171e+02  1.427481e+03 
 2.551606e-01  3.268025e+02  6.309634e+02  8.872202e+02  1.408138e+03 
 2.587174e-01  3.188317e+02  6.148394e+02  8.647098e+02  1.374721e+03 
 2.623238e-01  3.120650e+02  6.021789e+02  8.475311e+02  1.349720e+03 
 2.659804e-01  3.065320e+02  5.931318e+02  8.359266e+02  1.333505e+03 
 2.696881e-01  2.989413e+02  5.793557e+02  8.174691e+02  1.306123e+03 
 2.734474e-01  2.904347e+02  5.636232e+02  7.962247e+02  1.274309e+03 
 2.772591e-01  2.837848e+02  5.528689e+02  7.829680e+02  1.257600e+03 
 2.811239e-01  2.766062e+02  5.405858e+02  7.673873e+02  1.237937e+03 
 2.850426e-01  2.690730e+02  5.269699e+02  7.497324e+02  1.216080e+03 
 2.890160e-01  2.620239e+02  5.151685e+02  7.346615e+02  1.194951e+03 
 2.930447e-01  2.554380e+02  5.039434e+02  7.197796e+02  1.172205e+03 
 2.971296e-01  2.493220e+02  4.921515e+02  7.022810e+02  1.142038e+03 
 3.012714e-01  2.438640e+02  4.827287e+02  6.898489e+02  1.123815e+03 
 3.054710e-01  2.387204e+02  4.740956e+02  6.790742e+02  1.109732e+03 
 3.097291e-01  2.328126e+02  4.630387e+02  6.643802e+02  1.089318e+03 
 3.140465e-01  2.275939e+02  4.525050e+02  6.492315e+02  1.064513e+03 
 3.184242e-01  2.230391e+02  4.434023e+02  6.361102e+02  1.042952e+03 
 3.228628e-01  2.194151e+02  4.372323e+02  6.282659e+02  1.033305e+03 
 3.273634e-01  2.143554e+02  4.270323e+02  6.135933e+02  1.009863e+03 
 3.319266e-01  2.089937e+02  4.166289e+02  5.992259e+02  9.883672e+02 
 3.365535e-01  2.037224e+02  4.072203e+02  5.871337e+02  9.723222e+02 
 3.412449e-01  1.999325e+02  4.022047e+02  5.812504e+02  9.630939e+02 
 3.460016e-01  1.956927e+02  3.953173e+02  5.724120e+02  9.507440e+02 
 3.508247e-01  1.914328e+02  3.877618e+02  5.623326e+02  9.359870e+02 
 3.557150e-01  1.872555e+02  3.800618e+02  5.518985e+02  9.199404e+02 
 3.606735e-01  1.825109e+02  3.716363e+02  5.408529e+02  9.045198e+02 
 3.657011e-01  1.769937e+02  3.612021e+02  5.265507e+02  8.844827e+02 
 3.707988e-01  1.725697e+02  3.526964e+02  5.149154e+02  8.672435e+02 
 3.759675e-01  1.686432e+02  3.451518e+02  5.045441e+02  8.516901e+02 
 3.812083e-01  1.647403e+02  3.380588e+02  4.949519e+02  8.375923e+02 
 3.865221e-01  1.615152e+02  3.333146e+02  4.895157e+02  8.288902e+02 
 3.919100e-01  1.581655e+02  3.255481e+02  4.776962e+02  8.124886e+02 
 3.973730e-01  1.544132e+02  3.192267e+02  4.697850e+02  8.000700e+02 
 4.029122e-01  1.512968e+02  3.143240e+02  4.630359e+02  7.878424e+02 
 4.085286e-01  1.481312e+02  3.076206e+02  4.534257e+02  7.740349e+02 
 4.142232e-01  1.443056e+02  2.998535e+02  4.430826e+02  7.609676e+02 
 4.199973e-01  1.405143e+02  2.932765e+02  4.347037e+02  7.487400e+02 
 4.258518e-01  1.374120e+02  2.875447e+02  4.266213e+02  7.349781e+02 
 4.317880e-01  1.341332e+02  2.812052e+02  4.172905e+02  7.205535e+02 
 4.378069e-01  1.312854e+02  2.755125e+02  4.091561e+02  7.071954e+02 
 4.439097e-01  1.289466e+02  2.718565e+02  4.047306e+02  7.027712e+02 
 4.500975e-01  1.254175e+02  2.652939e+02  3.958075e+02  6.897063e+02 
 4.563716e-01  1.224601e+02  2.591992e+02  3.870001e+02  6.741981e+02 
 4.627332e-01  1.205491e+02  2.565658e+02  3.841898e+02  6.716402e+02 
 4.691835e-01  1.174276e+02  2.504063e+02  3.754148e+02  6.571302e+02 
 4.757236e-01  1.151486e+02  2.459161e+02  3.692125e+02  6.475888e+02 
 4.823549e-01  1.120350e+02  2.396189e+02  3.603013e+02  6.352944e+02 
 4.890787e-01  1.095213e+02  2.347135e+02  3.536758e+02  6.250070e+02 
 4.958962e-01  1.075938e+02  2.309827e+02  3.479422e+02  6.145854e+02 
 5.028087e-01  1.050407e+02  2.265674e+02  3.419842e+02  6.058540e+02 
 5.098176e-01  1.029886e+02  2.227869e+02  3.365865e+02  5.955278e+02 
 5.169242e-01  1.011150e+02  2.192523e+02  3.318069e+02  5.891112e+02 
 5.241298e-01  9.776256e+01  2.134994e+02  3.246999e+02  5.803561e+02 
 5.314359e-01  9.598981e+01  2.108165e+02  3.211046e+02  5.745208e+02 
 5.388438e-01  9.390490e+01  2.061090e+02  3.140666e+02  5.638014e+02 
 5.463550e-01  9.213429e+01  2.026674e+02  3.089827e+02  5.553300e+02 
 5.539709e-01  8.955985e+01  1.980652e+02  3.031158e+02  5.463474e+02 
 5.616930e-01  8.786756e+01  1.947811e+02  2.984790e+02  5.394247e+02 
 5.695227e-01  8.603129e+01  1.917061e+02  2.946712e+02  5.318627e+02 
 5.774615e-01  8.401808e+01  1.871060e+02  2.878019e+02  5.219268e+02 
 5.855110e-01  8.244313e+01  1.842376e+02  2.834851e+02  5.145842e+02 
 5.936727e-01  8.047409e+01  1.797498e+02  2.771781e+02  5.050606e+02 
 6.019482e-01  7.901157e+01  1.774478e+02  2.735580e+02  4.985121e+02 
 6.103390e-01  7.705543e+01  1.740830e+02  2.692347e+02  4.911327e+02 
 6.188468e-01  7.528565e+01  1.710522e+02  2.663433e+02  4.889561e+02 
 6.274732e-01  7.394289e+01  1.676963e+02  2.606074e+02  4.795495e+02 
 6.362198e-01  7.235466e+01  1.649951e+02  2.567589e+02  4.722087e+02 
 6.450884e-01  7.057062e+01  1.617497e+02  2.522670e+02  4.645433e+02 
 6.540806e-01  6.903340e+01  1.581172e+02  2.467725e+02  4.564499e+02 
 6.631981e-01  6.740538e+01  1.554553e+02  2.438231e+02  4.515979e+02 
 6.724427e-01  6.604255e+01  1.525631e+02  2.397581e+02  4.464465e+02 
 6.818162e-01  6.452684e+01  1.496678e+02  2.347986e+02  4.373535e+02 
 6.913204e-01  6.307254e+01  1.467235e+02  2.309972e+02  4.310015e+02 
 7.009570e-01  6.211835e+01  1.444021e+02  2.275708e+02  4.251909e+02 
 7.107280e-01  6.044321e+01  1.417817e+02  2.239855e+02  4.183219e+02 
 7.206351e-01  5.944738e+01  1.394500e+02  2.208226e+02  4.144454e+02 
 7.306804e-01  5.817493e+01  1.372155e+02  2.172093e+02  4.069902e+02 
 7.408657e-01  5.683294e+01  1.343804e+02  2.131729e+02  4.014841e+02 
 7.511929e-01  5.557450e+01  1.317851e+02  2.098139e+02  3.959149e+02 
 7.616642e-01  5.446007e+01  1.292910e+02  2.062703e+02  3.905064e+02 
 7.722814e-01  5.366385e+01  1.278877e+02  2.039120e+02  3.850367e+02 
 7.830465e-01  5.249453e+01  1.253021e+02  2.002632e+02  3.798141e+02 
 7.939618e-01  5.145699e+01  1.235458e+02  1.975130e+02  3.755581e+02 
 8.050292e-01  5.025914e+01  1.210884e+02  1.946054e+02  3.705347e+02 
 8.162509e-01  4.930459e+01  1.192005e+02  1.912794e+02  3.638806e+02 
 8.276289e-01  4.805040e+01  1.166674e+02  1.879315e+02  3.589543e+02 
 8.391656e-01  4.736629e+01  1.151676e+02  1.851223e+02  3.546252e+02 
 8.508632e-01  4.645665e+01  1.130862e+02  1.824413e+02  3.497405e+02 
 8.627237e-01  4.536388e+01  1.111202e+02  1.795320e+02  3.440043e+02 
 8.747496e-01  4.448043e+01  1.090938e+02  1.766798e+02  3.392779e+02 
 8.869432e-01  4.364592e+01  1.074313e+02  1.741633e+02  3.349346e+02 
 8.993067e-01  4.270003e+01  1.056018e+02  1.713875e+02  3.298777e+02 
 9.118425e-01  4.199338e+01  1.037027e+02  1.683837e+02  3.239525e+02 
 9.245531e-01  4.102001e+01  1.018736e+02  1.656255e+02  3.201232e+02 
 9.374409e-01  4.017369e+01  1.001661e+02  1.633159e+02  3.157735e+02 
 9.505083e-01  3.944675e+01  9.847866e+01  1.608139e+02  3.112032e+02 
 9.637579e-01  3.856218e+01  9.650374e+01  1.578558e+02  3.064338e+02 
 9.771921e-01  3.797448e+01  9.580545e+01  1.562858e+02  3.023339e+02 
 9.908137e-01  3.719047e+01  9.390379e+01  1.535790e+02  2.981580e+02 
 1.004625e+00  3.641954e+01  9.207465e+01  1.508295e+02  2.930323e+02 
 1.018629e+00  3.576438e+01  9.069841e+01  1.486074e+02  2.886565e+02 
 1.032828e+00  3.501263e+01  8.912487e+01  1.464799e+02  2.853449e+02 
 1.047225e+00  3.427138e+01  8.772401e+01  1.440531e+02  2.802968e+02 
 1.061823e+00  3.368316e+01  8.646049e+01  1.419986e+02  2.762808e+02 
 1.076624e+00  3.300419e+01  8.499081e+01  1.397824e+02  2.720532e+02 
 1.091632e+00  3.240873e+01  8.353175e+01  1.376932e+02  2.678805e+02 
 1.106848e+00  3.173556e+01  8.200211e+01  1.354554e+02  2.640553e+02 
 1.122277e+00  3.112313e+01  8.078139e+01  1.331858e+02  2.595937e+02 
 1.137921e+00  3.051306e+01  7.931802e+01  1.310508e+02  2.556895e+02 
 1.153783e+00  2.997028e+01  7.803789e+01  1.290316e+02  2.520231e+02 
 1.169866e+00  2.941890e+01  7.682567e+01  1.270438e+02  2.484647e+02 
 1.186174e+00  2.883592e+01  7.563663e+01  1.250753e+02  2.444137e+02 
 1.202708e+00  2.832170e+01  7.439242e+01  1.231872e+02  2.407449e+02 
 1.219473e+00  2.781179e+01  7.323563e+01  1.213783e+02  2.367343e+02 
 1.236472e+00  2.727638e+01  7.205970e+01  1.195670e+02  2.333224e+02 
 1.253708e+00  2.678233e+01  7.083712e+01  1.174664e+02  2.296721e+02 
 1.271184e+00  2.629311e+01  6.992529e+01  1.159852e+02  2.260590e+02 
 1.288904e+00  2.579759e+01  6.852875e+01  1.138420e+02  2.226917e+02 
 1.306870e+00  2.529508e+01  6.739627e+01  1.120061e+02  2.188673e+02 
 1.325087e+00  2.486937e+01  6.635198e+01  1.102965e+02  2.151382e+02 
 1.343558e+00  2.440925e+01  6.524499e+01  1.084972e+02  2.116358e+02 
 1.362287e+00  2.398575e+01  6.414604e+01  1.066132e+02  2.080867e+02 
 1.381276e+00  2.353468e+01  6.311710e+01  1.047034e+02  2.045733e+02 
 1.400531e+00  2.312039e+01  6.208938e+01  1.030885e+02  2.009668e+02 
 1.420053e+00  2.268382e+01  6.098549e+01  1.014498e+02  1.975574e+02 
 1.439848e+00  2.228396e+01  6.005692e+01  9.968126e+01  1.942859e+02 
 1.459919e+00  2.185689e+01  5.904090e+01  9.803231e+01  1.907683e+02 
 1.480269e+00  2.151567e+01  5.797282e+01  9.627999e+01  1.871697e+02 
 1.500903e+00  2.112360e+01  5.705452e+01  9.463251e+01  1.842345e+02 
 1.521825e+00  2.073477e+01  5.616532e+01  9.313227e+01  1.809436e+02 
 1.543038e+00  2.035233e+01  5.520367e+01  9.162819e+01  1.779383e+02 
 1.564548e+00  2.001958e+01  5.428927e+01  9.002668e+01  1.745940e+02 
 1.586357e+00  1.966346e+01  5.341777e+01  8.849742e+01  1.713730e+02 
 1.608469e+00  1.929134e+01  5.251320e+01  8.696353e+01  1.684203e+02 
 1.630891e+00  1.900528e+01  5.153868e+01  8.526557e+01  1.650000e+02 
 1.653624e+00  1.864037e+01  5.064956e+01  8.385860e+01  1.622123e+02 
 1.676675e+00  1.830679e+01  4.986277e+01  8.243937e+01  1.590557e+02 
 1.700047e+00  1.797900e+01  4.901640e+01  8.095408e+01  1.561098e+02 
 1.723745e+00  1.768251e+01  4.814511e+01  7.949416e+01  1.529636e+02 
 1.747773e+00  1.734928e+01  4.728529e+01  7.801663e+01  1.500185e+02 
 1.772136e+00  1.704897e+01  4.647818e+01  7.658667e+01  1.472648e+02 
 1.796838e+00  1.675919e+01  4.565307e+01  7.520064e+01  1.443682e+02 
 1.821885e+00  1.649289e+01  4.484956e+01  7.378464e+01  1.416041e+02 
 1.847281e+00  1.619517e+01  4.413133e+01  7.250961e+01  1.388414e+02 
 1.873032e+00  1.591991e+01  4.332578e+01  7.104626e+01  1.361228e+02 
 1.899141e+00  1.564095e+01  4.251803e+01  6.975275e+01  1.334512e+02 
 1.925614e+00  1.538266e+01  4.178597e+01  6.846463e+01  1.306962e+02 
 1.952456e+00  1.515569e+01  4.108612e+01  6.720294e+01  1.280491e+02 
 1.979672e+00  1.486042e+01  4.036873e+01  6.593542e+01  1.254628e+02 
 2.007267e+00  1.462212e+01  3.962898e+01  6.457369e+01  1.229276e+02 
 2.035248e+00  1.435396e+01  3.886781e+01  6.329633e+01  1.203006e+02 
 2.063618e+00  1.410347e+01  3.812951e+01  6.204159e+01  1.177307e+02 
 2.092383e+00  1.386660e+01  3.742082e+01  6.078197e+01  1.152429e+02 
 2.121550e+00  1.361834e+01  3.670673e+01  5.957169e+01  1.127674e+02 
 2.151123e+00  1.338862e+01  3.602843e+01  5.834464e+01  1.102965e+02 
 2.181109e+00  1.315344e+01  3.532170e+01  5.716754e+01  1.079799e+02 
 2.211512e+00  1.292981e+01  3.462933e+01  5.595824e+01  1.055073e+02 
 2.242340e+00  1.270731e+01  3.400095e+01  5.483431e+01  1.032499e+02 
 2.273597e+00  1.247575e+01  3.334294e+01  5.365248e+01  1.009708e+02 
 2.305289e+00  1.227667e+01  3.269389e+01  5.255579e+01  9.876451e+01 
 2.337424e+00  1.206632e+01  3.204319e+01  5.143626e+01  9.661351e+01 
 2.370006e+00  1.185554e+01  3.141852e+01  5.037010e+01  9.448002e+01 
 2.403043e+00  1.163971e+01  3.080678e+01  4.927377e+01  9.232851e+01 
 2.436540e+00  1.144770e+01  3.020809e+01  4.823028e+01  9.023254e+01 
 2.470504e+00  1.124623e+01  2.960337e+01  4.716283e+01  8.815515e+01 
 2.504942e+00  1.104979e+01  2.901796e+01  4.615312e+01  8.614699e+01 
 2.539859e+00  1.086188e+01  2.841520e+01  4.511530e+01  8.411063e+01 
 2.575263e+00  1.065906e+01  2.781568e+01  4.414162e+01  8.219244e+01 
 2.611161e+00  1.047702e+01  2.724471e+01  4.312759e+01  8.026627e+01 
 2.647559e+00  1.029087e+01  2.667409e+01  4.213825e+01  7.833250e+01 
 2.684465e+00  1.010809e+01  2.613141e+01  4.118704e+01  7.647536e+01 
 2.721885e+00  9.921030e+00  2.555669e+01  4.025233e+01  7.466212e+01 
 2.759826e+00  9.746070e+00  2.500581e+01  3.931876e+01  7.288369e+01 
 2.798297e+00  9.569474e+00  2.448275e+01  3.842095e+01  7.117629e+01 
 2.837304e+00  9.399693e+00  2.395700e+01  3.753626e+01  6.946642e+01 
 2.876854e+00  9.229706e+00  2.343850e+01  3.666204e+01  6.780866e+01 
 2.916956e+00  9.065038e+00  2.293979e+01  3.581444e+01  6.614992e+01 
 2.957617e+00  8.904615e+00  2.244828e+01  3.499318e+01  6.456186e+01 
 2.998844e+00  8.743215e+00  2.196402e+01  3.417154e+01  6.299387e+01 
 3.040646e+00  8.583690e+00  2.147690e+01  3.335929e+01  6.149792e+01 
 3.083031e+00  8.426899e+00  2.099547e+01  3.256872e+01  5.999278e+01 
 3.126007e+00  8.274117e+00  2.053662e+01  3.179311e+01  5.849883e+01 
 3.169582e+00  8.118690e+00  2.006247e+01  3.101156e+01  5.705283e+01 
 3.213764e+00  7.966225e+00  1.960856e+01  3.026117e+01  5.563904e+01 
 3.258562e+00  7.813505e+00  1.916686e+01  2.952554e+01  5.424876e+01 
 3.303985e+00  7.665374e+00  1.871790e+01  2.879904e+01  5.289211e+01 
 3.350041e+00  7.520296e+00  1.827937e+01  2.808594e+01  5.156167e+01 
 3.396739e+00  7.374579e+00  1.785582e+01  2.740080e+01  5.024916e+01 
 3.444087e+00  7.234830e+00  1.743612e+01  2.670820e+01  4.898417e+01 
 3.492096e+00  7.096957e+00  1.703282e+01  2.605597e+01  4.776645e+01 
 3.540774e+00  6.956256e+00  1.663558e+01  2.541491e+01  4.656522e+01 
 3.590130e+00  6.823916e+00  1.624187e+01  2.477943e+01  4.540096e+01 
 3.640175e+00  6.693613e+00  1.586137e+01  2.417423e+01  4.426077e+01 
 3.690917e+00  6.561831e+00  1.549432e+01  2.356281e+01  4.314181e+01 
 3.742366e+00  6.433498e+00  1.511953e+01  2.297968e+01  4.206749e+01 
 3.794533e+00  6.308769e+00  1.476325e+01  2.240663e+01  4.100176e+01 
 3.847427e+00  6.182809e+00  1.440621e+01  2.183993e+01  3.996912e+01 
 3.901058e+00  6.056560e+00  1.405875e+01  2.129091e+01  3.894296e+01 
 3.955436e+00  5.937260e+00  1.371623e+01  2.073975e+01  3.793794e+01 
 4.010573e+00  5.813662e+00  1.337909e+01  2.021604e+01  3.697319e+01 
 4.066478e+00  5.693727e+00  1.304551e+01  1.969324e+01  3.601398e+01 
 4.123163e+00  5.574924e+00  1.272591e+01  1.918624e+01  3.508020e+01 
 4.180637e+00  5.460109e+00  1.241243e+01  1.869505e+01  3.416941e+01 
 4.238913e+00  5.346038e+00  1.210160e+01  1.821014e+01  3.329078e+01 
 4.298001e+00  5.232025e+00  1.180026e+01  1.774269e+01  3.242790e+01 
 4.357913e+00  5.125056e+00  1.150542e+01  1.728872e+01  3.159900e+01 
 4.418660e+00  5.016568e+00  1.122289e+01  1.684262e+01  3.079248e+01 
 4.480254e+00  4.910084e+00  1.094253e+01  1.641137e+01  3.000184e+01 
 4.542706e+00  4.807650e+00  1.066918e+01  1.598967e+01  2.923234e+01 
 4.606029e+00  4.705303e+00  1.040597e+01  1.558172e+01  2.849035e+01 
 4.670234e+00  4.604641e+00  1.014690e+01  1.518646e+01  2.776491e+01 
 4.735335e+00  4.506099e+00  9.894113e+00  1.479596e+01  2.705126e+01 
 4.801343e+00  4.410047e+00  9.646832e+00  1.441563e+01  2.635132e+01 
 4.868271e+00  4.313289e+00  9.401966e+00  1.404062e+01  2.566752e+01 
 4.936132e+00  4.218281e+00  9.162008e+00  1.367441e+01  2.499929e+01 
 5.004939e+00  4.124255e+00  8.928265e+00  1.331729e+01  2.434600e+01 
 5.074705e+00  4.031466e+00  8.699144e+00  1.296695e+01  2.370961e+01 
 5.145444e+00  3.941672e+00  8.475635e+00  1.262764e+01  2.308936e+01 
 5.217169e+00  3.852066e+00  8.256926e+00  1.229448e+01  2.247929e+01 
 5.289893e+00  3.766189e+00  8.045420e+00  1.197591e+01  2.189564e+01 
 5.363631e+00  3.679978e+00  7.838908e+00  1.166040e+01  2.132213e+01 
 5.438397e+00  3.597193e+00  7.637286e+00  1.135687e+01  2.076421e+01 
 5.514206e+00  3.515750e+00  7.442179e+00  1.106140e+01  2.022499e+01 
 5.591071e+00  3.435274e+00  7.252455e+00  1.077394e+01  1.969947e+01 
 5.669007e+00  3.358266e+00  7.067706e+00  1.049558e+01  1.919197e+01 
 5.748030e+00  3.281954e+00  6.887916e+00  1.022293e+01  1.869253e+01 
 5.828155e+00  3.207026e+00  6.712608e+00  9.959238e+00  1.820798e+01 
 5.909396e+00  3.133545e+00  6.541056e+00  9.700949e+00  1.773621e+01 
 5.991770e+00  3.060919e+00  6.372699e+00  9.446816e+00  1.727364e+01 
 6.075292e+00  2.989677e+00  6.208749e+00  9.199869e+00  1.681810e+01 
 6.159978e+00  2.919505e+00  6.047302e+00  8.958000e+00  1.637506e+01 
 6.245845e+00  2.850671e+00  5.890131e+00  8.722076e+00  1.594176e+01 
 6.332908e+00  2.782941e+00  5.736006e+00  8.490961e+00  1.551701e+01 
 6.421186e+00  2.716940e+00  5.586489e+00  8.265788e+00  1.510426e+01 
 6.510694e+00  2.652026e+00  5.440551e+00  8.047230e+00  1.470306e+01 
 6.601449e+00  2.589136e+00  5.298985e+00  7.834700e+00  1.431211e+01 
 6.693470e+00  2.527135e+00  5.160702e+00  7.627432e+00  1.393170e+01 
 6.786773e+00  2.467042e+00  5.026622e+00  7.426342e+00  1.356334e+01 
 6.881377e+00  2.408701e+00  4.896786e+00  7.231330e+00  1.320374e+01 
 6.977300e+00  2.351517e+00  4.770751e+00  7.043067e+00  1.285528e+01 
 7.074559e+00  2.296197e+00  4.648669e+00  6.858616e+00  1.251597e+01 
 7.173175e+00  2.241730e+00  4.528703e+00  6.679693e+00  1.218666e+01 
 7.273165e+00  2.188849e+00  4.412516e+00  6.506206e+00  1.186573e+01 
 7.374549e+00  2.136758e+00  4.298828e+00  6.335856e+00  1.155302e+01 
 7.477346e+00  2.085552e+00  4.187977e+00  6.170174e+00  1.124557e+01 
 7.581576e+00  2.035586e+00  4.078868e+00  6.007099e+00  1.094515e+01 
 7.687260e+00  1.986337e+00  3.972805e+00  5.848141e+00  1.065229e+01 
 7.794416e+00  1.938262e+00  3.869155e+00  5.692478e+00  1.036527e+01 
 7.903066e+00  1.891236e+00  3.767444e+00  5.540470e+00  1.008477e+01 
 8.013230e+00  1.845260e+00  3.669153e+00  5.393587e+00  9.812530e+00 
 8.124930e+00  1.800334e+00  3.573175e+00  5.250071e+00  9.547084e+00 
 8.238187e+00  1.756774e+00  3.479769e+00  5.110259e+00  9.288962e+00 
 8.353023e+00  1.714204e+00  3.389157e+00  4.974836e+00  9.038150e+00 
 8.469460e+00  1.672927e+00  3.301391e+00  4.843521e+00  8.794951e+00 
 8.587519e+00  1.632827e+00  3.216004e+00  4.715728e+00  8.558755e+00 
 8.707225e+00  1.593802e+00  3.133079e+00  4.592034e+00  8.329671e+00 
 8.828599e+00  1.555883e+00  3.052898e+00  4.472032e+00  8.106809e+00 
 8.951665e+00  1.518849e+00  2.974970e+00  4.355147e+00  7.890939e+00 
 9.076446e+00  1.482895e+00  2.898998e+00  4.241746e+00  7.680770e+00 
 9.202967e+00  1.447668e+00  2.824926e+00  4.131262e+00  7.475406e+00 
 9.331251e+00  1.413120e+00  2.752369e+00  4.022709e+00  7.274729e+00 
 9.461324e+00  0.000000e+00  0.000000e+00  0.000000e+00  0.000000e+00 
 9.593209e+00  0.000000e+00  0.000000e+00  0.000000e+00  0.000000e+00 
 9.726934e+00  0.000000e+00  0.000000e+00  0.000000e+00  0.000000e+00 
 9.862522e+00  0.000000e+00  0.000000e+00  0.000000e+00  0.000000e+00 
 1.000000e+01  0.000000e+00  0.000000e+00  0.000000e+00  0.000000e+00 
