 1.000000e-02  6.236005e+03  1.159352e+04  1.583809e+04  2.371026e+04 
 1.013939e-02  6.266926e+03  1.165082e+04  1.591631e+04  2.382692e+04 
 1.028073e-02  6.297266e+03  1.170697e+04  1.599304e+04  2.394130e+04 
 1.042404e-02  6.326979e+03  1.176204e+04  1.606822e+04  2.405330e+04 
 1.056935e-02  6.356057e+03  1.181598e+04  1.614172e+04  2.416282e+04 
 1.071668e-02  6.384467e+03  1.186869e+04  1.621346e+04  2.426978e+04 
 1.086606e-02  6.412190e+03  1.192009e+04  1.628339e+04  2.437417e+04 
 1.101753e-02  6.439225e+03  1.197016e+04  1.635156e+04  2.447589e+04 
 1.117111e-02  6.465540e+03  1.201888e+04  1.641800e+04  2.457483e+04 
 1.132683e-02  6.491114e+03  1.206621e+04  1.648264e+04  2.467091e+04 
 1.148472e-02  6.515924e+03  1.211216e+04  1.654526e+04  2.476407e+04 
 1.164481e-02  6.539939e+03  1.215669e+04  1.660576e+04  2.485417e+04 
 1.180713e-02  6.563133e+03  1.219970e+04  1.666413e+04  2.494114e+04 
 1.197171e-02  6.585506e+03  1.224114e+04  1.672048e+04  2.502485e+04 
 1.213859e-02  6.607020e+03  1.228091e+04  1.677470e+04  2.510524e+04 
 1.230780e-02  6.627653e+03  1.231901e+04  1.682666e+04  2.518228e+04 
 1.247936e-02  6.647367e+03  1.235540e+04  1.687622e+04  2.525591e+04 
 1.265332e-02  6.666159e+03  1.239008e+04  1.692339e+04  2.532602e+04 
 1.282970e-02  6.683986e+03  1.242301e+04  1.696808e+04  2.539247e+04 
 1.300854e-02  6.700837e+03  1.245417e+04  1.701030e+04  2.545518e+04 
 1.318987e-02  6.716688e+03  1.248344e+04  1.704997e+04  2.551396e+04 
 1.337373e-02  6.731515e+03  1.251079e+04  1.708709e+04  2.556876e+04 
 1.356015e-02  6.745291e+03  1.253614e+04  1.712153e+04  2.561950e+04 
 1.374917e-02  6.758005e+03  1.255947e+04  1.715327e+04  2.566610e+04 
 1.394083e-02  6.769615e+03  1.258073e+04  1.718217e+04  2.570849e+04 
 1.413516e-02  6.780099e+03  1.259996e+04  1.720812e+04  2.574668e+04 
 1.433219e-02  6.789423e+03  1.261706e+04  1.723107e+04  2.578049e+04 
 1.453198e-02  6.797586e+03  1.263198e+04  1.725112e+04  2.580980e+04 
 1.473454e-02  6.804569e+03  1.264469e+04  1.726823e+04  2.583454e+04 
 1.493993e-02  6.810333e+03  1.265512e+04  1.728228e+04  2.585464e+04 
 1.514819e-02  6.814792e+03  1.266313e+04  1.729309e+04  2.586998e+04 
 1.535935e-02  6.817962e+03  1.266879e+04  1.730061e+04  2.588049e+04 
 1.557345e-02  6.819859e+03  1.267206e+04  1.730481e+04  2.588600e+04 
 1.579053e-02  6.820472e+03  1.267295e+04  1.730568e+04  2.588648e+04 
 1.601064e-02  6.819764e+03  1.267138e+04  1.730315e+04  2.588196e+04 
 1.623382e-02  6.817682e+03  1.266726e+04  1.729730e+04  2.587239e+04 
 1.646012e-02  6.814224e+03  1.266058e+04  1.728802e+04  2.585766e+04 
 1.668956e-02  6.809408e+03  1.265137e+04  1.727514e+04  2.583758e+04 
 1.692220e-02  6.803193e+03  1.263956e+04  1.725865e+04  2.581203e+04 
 1.715809e-02  6.795559e+03  1.262512e+04  1.723856e+04  2.578111e+04 
 1.739726e-02  6.786499e+03  1.260801e+04  1.721488e+04  2.574485e+04 
 1.763977e-02  6.775985e+03  1.258818e+04  1.718751e+04  2.570303e+04 
 1.788566e-02  6.763992e+03  1.256564e+04  1.715643e+04  2.565552e+04 
 1.813498e-02  6.750525e+03  1.254033e+04  1.712161e+04  2.560236e+04 
 1.838777e-02  6.735567e+03  1.251223e+04  1.708293e+04  2.554359e+04 
 1.864409e-02  6.719121e+03  1.248138e+04  1.704042e+04  2.547924e+04 
 1.890397e-02  6.701181e+03  1.244774e+04  1.699410e+04  2.540912e+04 
 1.916748e-02  6.681719e+03  1.241126e+04  1.694396e+04  2.533300e+04 
 1.943467e-02  6.660718e+03  1.237193e+04  1.688995e+04  2.525109e+04 
 1.970558e-02  6.638187e+03  1.232976e+04  1.683203e+04  2.516342e+04 
 1.998026e-02  6.614111e+03  1.228473e+04  1.677016e+04  2.506996e+04 
 2.025878e-02  6.588495e+03  1.223682e+04  1.670438e+04  2.497059e+04 
 2.054117e-02  6.561339e+03  1.218608e+04  1.663472e+04  2.486523e+04 
 2.082751e-02  6.532649e+03  1.213248e+04  1.656116e+04  2.475397e+04 
 2.111783e-02  6.502432e+03  1.207603e+04  1.648372e+04  2.463707e+04 
 2.141220e-02  6.470788e+03  1.201685e+04  1.640254e+04  2.451462e+04 
 2.171068e-02  6.438258e+03  1.195581e+04  1.631853e+04  2.438727e+04 
 2.201331e-02  6.404212e+03  1.189195e+04  1.623067e+04  2.425409e+04 
 2.232016e-02  6.368660e+03  1.182528e+04  1.613898e+04  2.411511e+04 
 2.263130e-02  6.331631e+03  1.175587e+04  1.604356e+04  2.397043e+04 
 2.294676e-02  6.293129e+03  1.168374e+04  1.594439e+04  2.382019e+04 
 2.326663e-02  6.253142e+03  1.160884e+04  1.584147e+04  2.366436e+04 
 2.359095e-02  6.211714e+03  1.153125e+04  1.573487e+04  2.350311e+04 
 2.391980e-02  6.168892e+03  1.145108e+04  1.562475e+04  2.333659e+04 
 2.425323e-02  6.124705e+03  1.136838e+04  1.551113e+04  2.316488e+04 
 2.459130e-02  6.079154e+03  1.128313e+04  1.539409e+04  2.298797e+04 
 2.493409e-02  6.032275e+03  1.119542e+04  1.527368e+04  2.280596e+04 
 2.528166e-02  5.984083e+03  1.110529e+04  1.514997e+04  2.261899e+04 
 2.563407e-02  5.934646e+03  1.101283e+04  1.502306e+04  2.242731e+04 
 2.599140e-02  5.884003e+03  1.091814e+04  1.489313e+04  2.223114e+04 
 2.635371e-02  5.832175e+03  1.082127e+04  1.476020e+04  2.203056e+04 
 2.672106e-02  5.779195e+03  1.072226e+04  1.462437e+04  2.182563e+04 
 2.709354e-02  5.725123e+03  1.062124e+04  1.448578e+04  2.161658e+04 
 2.747121e-02  5.670031e+03  1.051831e+04  1.434461e+04  2.140366e+04 
 2.785414e-02  5.613899e+03  1.041347e+04  1.420086e+04  2.118698e+04 
 2.824241e-02  5.556498e+03  1.030639e+04  1.405420e+04  2.096626e+04 
 2.863610e-02  5.498207e+03  1.019769e+04  1.390531e+04  2.074225e+04 
 2.903527e-02  5.439095e+03  1.008748e+04  1.375438e+04  2.051521e+04 
 2.944000e-02  5.379248e+03  9.975907e+03  1.360158e+04  2.028542e+04 
 2.985038e-02  5.318731e+03  9.863092e+03  1.344710e+04  2.005313e+04 
 3.026648e-02  5.257614e+03  9.749175e+03  1.329112e+04  1.981862e+04 
 3.068838e-02  5.195965e+03  9.634259e+03  1.313379e+04  1.958209e+04 
 3.111616e-02  5.133832e+03  9.518457e+03  1.297525e+04  1.934382e+04 
 3.154990e-02  5.071289e+03  9.401899e+03  1.281571e+04  1.910406e+04 
 3.198969e-02  5.008416e+03  9.284748e+03  1.265535e+04  1.886313e+04 
 3.243561e-02  4.945305e+03  9.167151e+03  1.249442e+04  1.862134e+04 
 3.288774e-02  4.882043e+03  9.049280e+03  1.233309e+04  1.837902e+04 
 3.334618e-02  4.818699e+03  8.931268e+03  1.217158e+04  1.813644e+04 
 3.381101e-02  4.755341e+03  8.813251e+03  1.201009e+04  1.789390e+04 
 3.428231e-02  4.692051e+03  8.695355e+03  1.184878e+04  1.765166e+04 
 3.476019e-02  4.628666e+03  8.577644e+03  1.168811e+04  1.741155e+04 
 3.524473e-02  4.565511e+03  8.460371e+03  1.152803e+04  1.717240e+04 
 3.573602e-02  4.502667e+03  8.343686e+03  1.136878e+04  1.693451e+04 
 3.623416e-02  4.440229e+03  8.227755e+03  1.121055e+04  1.669821e+04 
 3.673925e-02  4.378265e+03  8.112710e+03  1.105356e+04  1.646375e+04 
 3.725137e-02  4.316855e+03  7.998683e+03  1.089797e+04  1.623135e+04 
 3.777064e-02  4.256079e+03  7.885830e+03  1.074396e+04  1.600136e+04 
 3.829714e-02  4.196003e+03  7.774290e+03  1.059176e+04  1.577406e+04 
 3.883098e-02  4.136704e+03  7.664199e+03  1.044152e+04  1.554971e+04 
 3.937226e-02  4.078242e+03  7.555676e+03  1.029342e+04  1.532858e+04 
 3.992109e-02  4.020698e+03  7.448841e+03  1.014763e+04  1.511092e+04 
 4.047757e-02  3.964114e+03  7.343755e+03  1.000419e+04  1.489668e+04 
 4.104181e-02  3.908357e+03  7.239557e+03  9.861229e+03  1.468117e+04 
 4.161391e-02  3.853692e+03  7.137393e+03  9.721079e+03  1.446987e+04 
 4.219398e-02  3.800174e+03  7.037367e+03  9.583855e+03  1.426299e+04 
 4.278214e-02  3.747860e+03  6.939561e+03  9.449679e+03  1.406070e+04 
 4.337850e-02  3.696772e+03  6.844041e+03  9.318644e+03  1.386314e+04 
 4.398317e-02  3.646950e+03  6.750880e+03  9.190808e+03  1.367037e+04 
 4.459628e-02  3.598413e+03  6.660144e+03  9.066268e+03  1.348255e+04 
 4.521792e-02  3.551208e+03  6.571866e+03  8.945097e+03  1.329979e+04 
 4.584824e-02  3.505346e+03  6.486085e+03  8.827348e+03  1.312218e+04 
 4.648734e-02  3.460837e+03  6.402811e+03  8.713031e+03  1.294968e+04 
 4.713535e-02  3.417836e+03  6.323137e+03  8.604512e+03  1.278812e+04 
 4.779239e-02  3.376260e+03  6.246611e+03  8.500804e+03  1.263510e+04 
 4.845859e-02  3.336007e+03  6.172549e+03  8.400427e+03  1.248703e+04 
 4.913407e-02  3.297057e+03  6.100905e+03  8.303326e+03  1.234386e+04 
 4.981898e-02  3.259392e+03  6.031632e+03  8.209447e+03  1.220546e+04 
 5.051342e-02  3.222989e+03  5.964679e+03  8.118709e+03  1.207172e+04 
 5.121755e-02  3.187801e+03  5.899951e+03  8.031006e+03  1.194245e+04 
 5.193150e-02  3.153754e+03  5.837340e+03  7.946198e+03  1.181748e+04 
 5.265540e-02  3.120789e+03  5.776730e+03  7.864120e+03  1.169657e+04 
 5.338938e-02  3.088582e+03  5.717049e+03  7.782789e+03  1.157542e+04 
 5.413360e-02  3.057010e+03  5.657962e+03  7.701641e+03  1.145297e+04 
 5.488820e-02  3.026307e+03  5.600479e+03  7.622680e+03  1.133377e+04 
 5.565331e-02  2.996384e+03  5.544438e+03  7.545675e+03  1.121747e+04 
 5.642908e-02  2.967083e+03  5.489544e+03  7.470244e+03  1.110354e+04 
 5.721568e-02  2.938218e+03  5.435471e+03  7.395950e+03  1.099126e+04 
 5.801323e-02  2.909786e+03  5.382198e+03  7.322765e+03  1.088064e+04 
 5.882190e-02  2.881939e+03  5.330020e+03  7.251056e+03  1.077223e+04 
 5.964185e-02  2.854925e+03  5.279731e+03  7.182285e+03  1.066918e+04 
 6.047322e-02  2.828766e+03  5.232023e+03  7.118039e+03  1.057563e+04 
 6.131619e-02  2.802381e+03  5.183891e+03  7.053225e+03  1.048120e+04 
 6.217090e-02  2.775318e+03  5.134517e+03  6.986713e+03  1.038426e+04 
 6.303753e-02  2.747489e+03  5.083730e+03  6.918298e+03  1.028446e+04 
 6.391624e-02  2.718971e+03  5.031661e+03  6.848143e+03  1.018208e+04 
 6.480720e-02  2.689834e+03  4.978438e+03  6.776419e+03  1.007738e+04 
 6.571058e-02  2.660006e+03  4.923939e+03  6.702945e+03  9.970080e+03 
 6.662655e-02  2.628100e+03  4.863564e+03  6.619360e+03  9.841924e+03 
 6.755528e-02  2.595129e+03  4.801171e+03  6.532978e+03  9.709482e+03 
 6.849697e-02  2.561012e+03  4.736679e+03  6.443771e+03  9.572901e+03 
 6.945178e-02  2.525691e+03  4.669987e+03  6.351595e+03  9.431995e+03 
 7.041990e-02  2.489107e+03  4.600995e+03  6.256319e+03  9.286570e+03 
 7.140151e-02  2.451220e+03  4.529631e+03  6.157839e+03  9.136497e+03 
 7.239681e-02  2.412329e+03  4.456777e+03  6.057776e+03  8.985412e+03 
 7.340598e-02  2.372479e+03  4.382573e+03  5.956383e+03  8.833933e+03 
 7.442922e-02  2.331289e+03  4.305919e+03  5.851684e+03  8.677612e+03 
 7.546673e-02  2.288806e+03  4.226888e+03  5.743794e+03  8.516614e+03 
 7.651869e-02  2.245085e+03  4.145606e+03  5.632868e+03  8.351167e+03 
 7.758532e-02  2.200221e+03  4.062233e+03  5.519139e+03  8.181626e+03 
 7.866682e-02  2.155212e+03  3.979849e+03  5.407974e+03  8.018983e+03 
 7.976339e-02  2.110734e+03  3.900430e+03  5.302797e+03  7.870130e+03 
 8.087525e-02  2.065438e+03  3.819430e+03  5.195395e+03  7.717818e+03 
 8.200261e-02  2.019495e+03  3.737162e+03  5.086207e+03  7.562659e+03 
 8.314568e-02  1.973104e+03  3.653975e+03  4.975695e+03  7.405331e+03 
 8.430468e-02  1.926466e+03  3.570256e+03  4.864367e+03  7.246571e+03 
 8.547985e-02  1.878921e+03  3.483478e+03  4.747522e+03  7.076362e+03 
 8.667139e-02  1.831206e+03  3.395720e+03  4.628725e+03  6.901710e+03 
 8.787954e-02  1.783984e+03  3.308844e+03  4.511123e+03  6.728771e+03 
 8.910453e-02  1.737485e+03  3.223287e+03  4.395289e+03  6.558402e+03 
 9.034660e-02  1.691941e+03  3.139495e+03  4.281825e+03  6.391489e+03 
 9.160598e-02  1.648219e+03  3.059980e+03  4.174996e+03  6.236355e+03 
 9.288292e-02  1.606459e+03  2.984879e+03  4.074870e+03  6.092842e+03 
 9.417766e-02  1.566238e+03  2.912519e+03  3.978389e+03  5.954527e+03 
 9.549045e-02  1.527727e+03  2.843226e+03  3.886014e+03  5.822131e+03 
 9.682153e-02  1.491076e+03  2.777285e+03  3.798128e+03  5.696235e+03 
 9.817117e-02  1.456608e+03  2.715664e+03  3.716348e+03  5.579882e+03 
 9.953962e-02  1.424284e+03  2.658085e+03  3.640101e+03  5.471792e+03 
 1.009272e-01  1.394095e+03  2.604376e+03  3.569065e+03  5.371317e+03 
 1.023340e-01  1.366070e+03  2.554594e+03  3.503325e+03  5.278608e+03 
 1.037605e-01  1.339512e+03  2.506642e+03  3.439231e+03  5.186482e+03 
 1.052069e-01  1.312501e+03  2.454681e+03  3.366757e+03  5.075249e+03 
 1.066734e-01  1.287604e+03  2.406673e+03  3.299738e+03  4.972224e+03 
 1.081604e-01  1.264694e+03  2.362378e+03  3.237831e+03  4.876889e+03 
 1.096681e-01  1.243594e+03  2.321485e+03  3.180591e+03  4.788580e+03 
 1.111968e-01  1.224419e+03  2.284608e+03  3.129062e+03  4.708900e+03 
 1.127468e-01  1.206632e+03  2.250338e+03  3.081099e+03  4.634619e+03 
 1.143184e-01  1.189966e+03  2.218156e+03  3.036008e+03  4.564665e+03 
 1.159120e-01  1.174145e+03  2.187571e+03  2.993125e+03  4.498024e+03 
 1.175277e-01  1.159928e+03  2.161073e+03  2.956748e+03  4.442997e+03 
 1.191660e-01  1.146051e+03  2.135285e+03  2.921422e+03  4.389724e+03 
 1.208271e-01  1.132092e+03  2.109361e+03  2.885904e+03  4.336201e+03 
 1.225114e-01  1.117755e+03  2.082718e+03  2.849438e+03  4.281357e+03 
 1.242191e-01  1.102535e+03  2.054311e+03  2.810705e+03  4.224022e+03 
 1.259506e-01  1.086438e+03  2.024280e+03  2.769767e+03  4.163400e+03 
 1.277063e-01  1.069244e+03  1.992230e+03  2.726087e+03  4.098716e+03 
 1.294865e-01  1.051251e+03  1.959021e+03  2.680965e+03  4.031901e+03 
 1.312915e-01  1.032417e+03  1.924609e+03  2.634376e+03  3.962880e+03 
 1.331216e-01  1.012165e+03  1.887547e+03  2.584191e+03  3.888439e+03 
 1.349772e-01  9.905309e+02  1.847959e+03  2.530609e+03  3.809023e+03 
 1.368587e-01  9.688171e+02  1.810234e+03  2.481848e+03  3.743172e+03 
 1.387665e-01  9.459151e+02  1.770213e+03  2.429857e+03  3.672247e+03 
 1.407008e-01  9.220045e+02  1.728212e+03  2.375037e+03  3.596824e+03 
 1.426621e-01  8.982384e+02  1.686814e+03  2.320914e+03  3.521113e+03 
 1.446507e-01  8.742759e+02  1.645047e+03  2.266182e+03  3.443855e+03 
 1.466671e-01  8.501546e+02  1.602837e+03  2.210716e+03  3.365218e+03 
 1.487115e-01  8.240503e+02  1.554768e+03  2.145707e+03  3.269733e+03 
 1.507845e-01  7.970933e+02  1.503706e+03  2.075593e+03  3.164926e+03 
 1.528864e-01  7.711382e+02  1.454534e+03  2.008067e+03  3.063943e+03 
 1.550175e-01  7.482065e+02  1.412870e+03  1.952300e+03  2.983324e+03 
 1.571784e-01  7.279154e+02  1.377405e+03  1.905935e+03  2.918725e+03 
 1.593694e-01  7.091880e+02  1.344743e+03  1.863305e+03  2.859519e+03 
 1.615909e-01  6.925479e+02  1.316081e+03  1.826089e+03  2.807854e+03 
 1.638434e-01  6.777945e+02  1.290958e+03  1.793638e+03  2.763103e+03 
 1.661273e-01  6.647501e+02  1.268961e+03  1.765424e+03  2.724645e+03 
 1.684430e-01  6.500753e+02  1.241009e+03  1.727056e+03  2.667896e+03 
 1.707910e-01  6.365387e+02  1.214862e+03  1.690975e+03  2.614224e+03 
 1.731717e-01  6.248411e+02  1.192609e+03  1.660483e+03  2.569175e+03 
 1.755856e-01  6.163238e+02  1.178026e+03  1.641394e+03  2.541856e+03 
 1.780332e-01  6.084861e+02  1.164701e+03  1.624036e+03  2.517110e+03 
 1.805149e-01  5.993738e+02  1.146937e+03  1.598843e+03  2.477130e+03 
 1.830312e-01  5.893066e+02  1.126158e+03  1.568466e+03  2.427301e+03 
 1.855825e-01  5.790787e+02  1.105387e+03  1.538437e+03  2.378805e+03 
 1.881694e-01  5.689523e+02  1.086513e+03  1.512971e+03  2.341890e+03 
 1.907924e-01  5.580622e+02  1.066186e+03  1.485488e+03  2.301827e+03 
 1.934520e-01  5.459666e+02  1.043604e+03  1.455148e+03  2.258835e+03 
 1.961486e-01  5.328195e+02  1.019031e+03  1.422115e+03  2.212046e+03 
 1.988828e-01  5.199379e+02  9.956659e+02  1.390954e+03  2.167691e+03 
 2.016551e-01  5.079319e+02  9.749656e+02  1.363782e+03  2.128839e+03 
 2.044661e-01  4.950797e+02  9.523126e+02  1.333631e+03  2.084870e+03 
 2.073162e-01  4.808973e+02  9.255269e+02  1.296461e+03  2.027945e+03 
 2.102061e-01  4.666364e+02  8.985633e+02  1.259030e+03  1.970534e+03 
 2.131362e-01  4.560581e+02  8.827729e+02  1.240146e+03  1.946070e+03 
 2.161073e-01  4.460523e+02  8.681022e+02  1.222849e+03  1.924072e+03 
 2.191197e-01  4.336283e+02  8.461931e+02  1.194277e+03  1.885047e+03 
 2.221741e-01  4.214426e+02  8.240954e+02  1.165104e+03  1.845015e+03 
 2.252711e-01  4.107304e+02  8.052766e+02  1.140765e+03  1.812255e+03 
 2.284112e-01  4.013131e+02  7.890537e+02  1.120097e+03  1.785042e+03 
 2.315951e-01  3.932363e+02  7.744298e+02  1.100183e+03  1.754725e+03 
 2.348235e-01  3.861914e+02  7.614470e+02  1.082059e+03  1.725755e+03 
 2.380968e-01  3.780008e+02  7.449867e+02  1.058675e+03  1.689663e+03 
 2.414157e-01  3.698667e+02  7.283318e+02  1.034933e+03  1.653308e+03 
 2.447809e-01  3.617866e+02  7.124462e+02  1.012906e+03  1.619898e+03 
 2.481930e-01  3.538205e+02  6.969155e+02  9.914511e+02  1.587366e+03 
 2.516527e-01  3.489738e+02  6.888359e+02  9.806720e+02  1.571029e+03 
 2.551606e-01  3.427849e+02  6.776988e+02  9.655238e+02  1.548274e+03 
 2.587174e-01  3.332593e+02  6.587324e+02  9.391961e+02  1.509518e+03 
 2.623238e-01  3.250613e+02  6.435377e+02  9.186456e+02  1.479757e+03 
 2.659804e-01  3.183580e+02  6.325161e+02  9.044639e+02  1.459912e+03 
 2.696881e-01  3.095652e+02  6.163334e+02  8.825412e+02  1.427055e+03 
 2.734474e-01  3.002395e+02  5.988021e+02  8.585905e+02  1.390811e+03 
 2.772591e-01  2.931397e+02  5.869037e+02  8.435909e+02  1.371258e+03 
 2.811239e-01  2.858818e+02  5.741013e+02  8.271142e+02  1.350172e+03 
 2.850426e-01  2.784993e+02  5.602907e+02  8.089915e+02  1.327719e+03 
 2.890160e-01  2.718677e+02  5.487716e+02  7.939872e+02  1.306285e+03 
 2.930447e-01  2.658149e+02  5.380495e+02  7.794517e+02  1.283605e+03 
 2.971296e-01  2.601426e+02  5.265038e+02  7.618506e+02  1.252802e+03 
 3.012714e-01  2.551502e+02  5.176987e+02  7.501235e+02  1.235644e+03 
 3.054710e-01  2.502506e+02  5.093946e+02  7.397699e+02  1.222359e+03 
 3.097291e-01  2.442466e+02  4.980132e+02  7.245784e+02  1.201323e+03 
 3.140465e-01  2.386427e+02  4.866106e+02  7.080897e+02  1.174292e+03 
 3.184242e-01  2.335255e+02  4.763675e+02  6.932925e+02  1.150031e+03 
 3.228628e-01  2.293077e+02  4.691694e+02  6.841300e+02  1.138654e+03 
 3.273634e-01  2.234544e+02  4.573267e+02  6.670052e+02  1.111170e+03 
 3.319266e-01  2.173541e+02  4.453677e+02  6.503267e+02  1.085937e+03 
 3.365535e-01  2.115234e+02  4.347734e+02  6.365074e+02  1.067229e+03 
 3.412449e-01  2.074293e+02  4.291093e+02  6.296153e+02  1.056131e+03 
 3.460016e-01  2.030392e+02  4.217379e+02  6.200013e+02  1.042542e+03 
 3.508247e-01  1.988492e+02  4.140732e+02  6.096272e+02  1.027229e+03 
 3.557150e-01  1.948596e+02  4.064737e+02  5.991489e+02  1.010877e+03 
 3.606735e-01  1.902641e+02  3.980874e+02  5.880748e+02  9.954563e+02 
 3.657011e-01  1.848627e+02  3.876118e+02  5.736263e+02  9.754328e+02 
 3.707988e-01  1.805231e+02  3.791037e+02  5.619103e+02  9.580933e+02 
 3.759675e-01  1.765139e+02  3.712590e+02  5.510291e+02  9.417429e+02 
 3.812083e-01  1.723483e+02  3.635407e+02  5.404670e+02  9.261600e+02 
 3.865221e-01  1.688257e+02  3.582695e+02  5.342502e+02  9.159186e+02 
 3.919100e-01  1.650796e+02  3.494735e+02  5.208708e+02  8.973069e+02 
 3.973730e-01  1.609315e+02  3.422960e+02  5.116170e+02  8.824108e+02 
 4.029122e-01  1.575281e+02  3.367117e+02  5.037360e+02  8.680607e+02 
 4.085286e-01  1.541541e+02  3.293949e+02  4.931544e+02  8.527494e+02 
 4.142232e-01  1.502043e+02  3.212035e+02  4.821671e+02  8.387685e+02 
 4.199973e-01  1.463962e+02  3.144770e+02  4.735005e+02  8.259538e+02 
 4.258518e-01  1.433606e+02  3.087300e+02  4.652807e+02  8.118434e+02 
 4.317880e-01  1.401482e+02  3.023362e+02  4.557870e+02  7.972181e+02 
 4.378069e-01  1.372898e+02  2.964664e+02  4.472522e+02  7.830391e+02 
 4.439097e-01  1.348698e+02  2.926263e+02  4.426152e+02  7.784789e+02 
 4.500975e-01  1.311376e+02  2.855327e+02  4.328293e+02  7.640351e+02 
 4.563716e-01  1.279416e+02  2.787777e+02  4.229097e+02  7.464621e+02 
 4.627332e-01  1.258709e+02  2.758083e+02  4.196177e+02  7.430752e+02 
 4.691835e-01  1.225227e+02  2.690489e+02  4.098495e+02  7.268068e+02 
 4.757236e-01  1.201164e+02  2.641586e+02  4.029601e+02  7.160465e+02 
 4.823549e-01  1.169126e+02  2.575202e+02  3.935021e+02  7.028826e+02 
 4.890787e-01  1.143651e+02  2.524502e+02  3.865761e+02  6.920449e+02 
 4.958962e-01  1.124470e+02  2.486183e+02  3.805825e+02  6.810438e+02 
 5.028087e-01  1.098798e+02  2.440875e+02  3.744174e+02  6.719947e+02 
 5.098176e-01  1.077768e+02  2.401001e+02  3.685923e+02  6.607755e+02 
 5.169242e-01  1.057924e+02  2.362446e+02  3.633068e+02  6.534346e+02 
 5.241298e-01  1.022506e+02  2.300511e+02  3.555767e+02  6.436795e+02 
 5.314359e-01  1.003878e+02  2.270955e+02  3.514721e+02  6.369468e+02 
 5.388438e-01  9.818107e+01  2.219667e+02  3.437375e+02  6.250475e+02 
 5.463550e-01  9.634481e+01  2.183029e+02  3.382534e+02  6.158623e+02 
 5.539709e-01  9.369789e+01  2.134783e+02  3.319947e+02  6.062327e+02 
 5.616930e-01  9.197432e+01  2.100484e+02  3.271101e+02  5.988517e+02 
 5.695227e-01  9.012006e+01  2.069088e+02  3.231056e+02  5.906488e+02 
 5.774615e-01  8.801172e+01  2.019771e+02  3.156981e+02  5.798480e+02 
 5.855110e-01  8.636578e+01  1.988598e+02  3.109428e+02  5.716694e+02 
 5.936727e-01  8.427438e+01  1.939656e+02  3.039496e+02  5.610359e+02 
 6.019482e-01  8.275880e+01  1.914680e+02  2.999590e+02  5.536844e+02 
 6.103390e-01  8.072529e+01  1.878879e+02  2.952589e+02  5.454060e+02 
 6.188468e-01  7.889616e+01  1.847505e+02  2.922342e+02  5.430916e+02 
 6.274732e-01  7.749559e+01  1.810981e+02  2.859651e+02  5.327595e+02 
 6.362198e-01  7.587415e+01  1.782593e+02  2.818573e+02  5.248916e+02 
 6.450884e-01  7.404004e+01  1.748364e+02  2.770120e+02  5.164109e+02 
 6.540806e-01  7.244509e+01  1.709655e+02  2.711092e+02  5.076858e+02 
 6.631981e-01  7.078210e+01  1.681908e+02  2.679348e+02  5.023658e+02 
 6.724427e-01  6.936829e+01  1.651436e+02  2.636405e+02  4.967647e+02 
 6.818162e-01  6.780141e+01  1.619887e+02  2.581876e+02  4.867499e+02 
 6.913204e-01  6.629721e+01  1.588799e+02  2.540557e+02  4.796995e+02 
 7.009570e-01  6.529280e+01  1.563594e+02  2.502891e+02  4.732544e+02 
 7.107280e-01  6.356664e+01  1.535921e+02  2.463840e+02  4.656350e+02 
 7.206351e-01  6.251597e+01  1.510757e+02  2.429647e+02  4.612971e+02 
 7.306804e-01  6.119672e+01  1.486397e+02  2.388869e+02  4.528357e+02 
 7.408657e-01  5.978663e+01  1.455738e+02  2.344851e+02  4.467685e+02 
 7.511929e-01  5.846471e+01  1.427835e+02  2.307802e+02  4.403175e+02 
 7.616642e-01  5.727939e+01  1.400649e+02  2.268524e+02  4.343713e+02 
 7.722814e-01  5.645477e+01  1.385154e+02  2.241801e+02  4.280981e+02 
 7.830465e-01  5.521880e+01  1.357050e+02  2.201328e+02  4.221261e+02 
 7.939618e-01  5.414503e+01  1.337953e+02  2.170768e+02  4.172460e+02 
 8.050292e-01  5.288498e+01  1.311784e+02  2.139113e+02  4.116583e+02 
 8.162509e-01  5.189466e+01  1.291206e+02  2.102277e+02  4.042229e+02 
 8.276289e-01  5.058506e+01  1.264002e+02  2.065360e+02  3.986806e+02 
 8.391656e-01  4.987937e+01  1.247407e+02  2.034251e+02  3.937195e+02 
 8.508632e-01  4.891662e+01  1.225173e+02  2.004533e+02  3.882084e+02 
 8.627237e-01  4.778257e+01  1.203776e+02  1.972255e+02  3.818193e+02 
 8.747496e-01  4.685472e+01  1.181973e+02  1.940797e+02  3.763799e+02 
 8.869432e-01  4.599093e+01  1.164033e+02  1.913113e+02  3.715405e+02 
 8.993067e-01  4.500221e+01  1.144171e+02  1.882196e+02  3.658176e+02 
 9.118425e-01  4.426464e+01  1.123582e+02  1.848983e+02  3.591602e+02 
 9.245531e-01  4.325514e+01  1.104007e+02  1.818900e+02  3.548785e+02 
 9.374409e-01  4.236962e+01  1.085594e+02  1.793431e+02  3.498872e+02 
 9.505083e-01  4.161852e+01  1.067393e+02  1.765581e+02  3.448380e+02 
 9.637579e-01  4.069544e+01  1.046208e+02  1.733231e+02  3.394151e+02 
 9.771921e-01  4.010009e+01  1.038481e+02  1.715490e+02  3.348044e+02 
 9.908137e-01  3.928804e+01  1.018011e+02  1.685821e+02  3.300509e+02 
 1.004625e+00  3.847849e+01  9.983794e+01  1.655667e+02  3.244062e+02 
 1.018629e+00  3.780810e+01  9.836332e+01  1.631011e+02  3.194816e+02 
 1.032828e+00  3.702500e+01  9.668297e+01  1.607806e+02  3.157066e+02 
 1.047225e+00  3.625750e+01  9.515698e+01  1.580968e+02  3.100291e+02 
 1.061823e+00  3.565217e+01  9.378588e+01  1.558160e+02  3.055316e+02 
 1.076624e+00  3.494054e+01  9.220023e+01  1.533727e+02  3.007227e+02 
 1.091632e+00  3.431323e+01  9.060293e+01  1.509955e+02  2.959451e+02 
 1.106848e+00  3.361096e+01  8.895285e+01  1.485121e+02  2.916747e+02 
 1.122277e+00  3.297085e+01  8.760103e+01  1.459563e+02  2.865510e+02 
 1.137921e+00  3.233099e+01  8.601598e+01  1.435898e+02  2.821158e+02 
 1.153783e+00  3.175486e+01  8.460900e+01  1.413082e+02  2.778620e+02 
 1.169866e+00  3.117749e+01  8.326804e+01  1.390855e+02  2.738102e+02 
 1.186174e+00  3.056415e+01  8.195576e+01  1.368500e+02  2.691318e+02 
 1.202708e+00  3.002428e+01  8.060045e+01  1.347326e+02  2.649489e+02 
 1.219473e+00  2.948770e+01  7.932893e+01  1.326734e+02  2.603591e+02 
 1.236472e+00  2.892400e+01  7.804820e+01  1.306346e+02  2.564488e+02 
 1.253708e+00  2.840979e+01  7.669665e+01  1.282547e+02  2.523258e+02 
 1.271184e+00  2.789711e+01  7.569752e+01  1.265921e+02  2.481891e+02 
 1.288904e+00  2.737636e+01  7.417673e+01  1.242275e+02  2.443248e+02 
 1.306870e+00  2.684638e+01  7.293696e+01  1.221479e+02  2.399451e+02 
 1.325087e+00  2.640016e+01  7.179412e+01  1.202308e+02  2.357695e+02 
 1.343558e+00  2.591549e+01  7.057740e+01  1.182242e+02  2.317313e+02 
 1.362287e+00  2.546905e+01  6.936044e+01  1.160989e+02  2.277196e+02 
 1.381276e+00  2.499871e+01  6.822436e+01  1.139497e+02  2.237082e+02 
 1.400531e+00  2.455907e+01  6.709827e+01  1.121346e+02  2.196133e+02 
 1.420053e+00  2.409865e+01  6.589270e+01  1.102753e+02  2.157131e+02 
 1.439848e+00  2.367976e+01  6.485574e+01  1.083148e+02  2.119892e+02 
 1.459919e+00  2.322832e+01  6.374028e+01  1.064375e+02  2.079970e+02 
 1.480269e+00  2.286569e+01  6.256301e+01  1.044641e+02  2.039261e+02 
 1.500903e+00  2.245285e+01  6.154874e+01  1.026206e+02  2.005427e+02 
 1.521825e+00  2.204709e+01  6.057222e+01  1.009311e+02  1.968530e+02 
 1.543038e+00  2.164404e+01  5.952630e+01  9.924469e+01  1.934429e+02 
 1.564548e+00  2.129321e+01  5.852544e+01  9.746422e+01  1.896632e+02 
 1.586357e+00  2.092004e+01  5.756295e+01  9.574612e+01  1.860893e+02 
 1.608469e+00  2.052836e+01  5.657110e+01  9.404370e+01  1.827390e+02 
 1.630891e+00  2.022260e+01  5.550366e+01  9.213152e+01  1.789085e+02 
 1.653624e+00  1.984150e+01  5.453418e+01  9.056010e+01  1.757724e+02 
 1.676675e+00  1.948909e+01  5.365487e+01  8.896903e+01  1.722144e+02 
 1.700047e+00  1.914277e+01  5.272548e+01  8.730908e+01  1.689128e+02 
 1.723745e+00  1.882621e+01  5.176172e+01  8.566860e+01  1.653773e+02 
 1.747773e+00  1.847181e+01  5.081466e+01  8.401520e+01  1.620250e+02 
 1.772136e+00  1.815464e+01  4.992193e+01  8.240827e+01  1.589144e+02 
 1.796838e+00  1.784478e+01  4.901545e+01  8.084366e+01  1.556553e+02 
 1.821885e+00  1.755852e+01  4.812173e+01  7.925824e+01  1.525669e+02 
 1.847281e+00  1.723999e+01  4.732061e+01  7.783227e+01  1.494549e+02 
 1.873032e+00  1.694825e+01  4.642619e+01  7.620925e+01  1.464113e+02 
 1.899141e+00  1.664903e+01  4.553898e+01  7.475509e+01  1.434048e+02 
 1.925614e+00  1.637507e+01  4.473466e+01  7.330971e+01  1.403430e+02 
 1.952456e+00  1.613203e+01  4.396128e+01  7.190036e+01  1.374077e+02 
 1.979672e+00  1.582150e+01  4.316988e+01  7.049212e+01  1.345330e+02 
 2.007267e+00  1.556620e+01  4.235452e+01  6.901441e+01  1.317238e+02 
 2.035248e+00  1.528327e+01  4.152819e+01  6.759011e+01  1.287920e+02 
 2.063618e+00  1.501552e+01  4.071885e+01  6.619076e+01  1.259734e+02 
 2.092383e+00  1.476057e+01  3.993354e+01  6.480314e+01  1.232270e+02 
 2.121550e+00  1.449528e+01  3.915131e+01  6.345530e+01  1.204923e+02 
 2.151123e+00  1.424856e+01  3.840295e+01  6.209839e+01  1.177636e+02 
 2.181109e+00  1.399690e+01  3.762850e+01  6.079764e+01  1.151924e+02 
 2.211512e+00  1.375539e+01  3.686972e+01  5.946562e+01  1.125045e+02 
 2.242340e+00  1.351796e+01  3.617301e+01  5.822142e+01  1.100002e+02 
 2.273597e+00  1.326980e+01  3.545310e+01  5.692485e+01  1.074758e+02 
 2.305289e+00  1.305381e+01  3.473768e+01  5.571578e+01  1.050507e+02 
 2.337424e+00  1.282933e+01  3.402660e+01  5.449312e+01  1.026749e+02 
 2.370006e+00  1.260304e+01  3.334270e+01  5.331560e+01  1.003707e+02 
 2.403043e+00  1.237316e+01  3.267617e+01  5.211695e+01  9.801924e+01 
 2.436540e+00  1.216723e+01  3.202358e+01  5.097969e+01  9.574219e+01 
 2.470504e+00  1.195243e+01  3.136589e+01  4.982661e+01  9.348673e+01 
 2.504942e+00  1.174237e+01  3.073102e+01  4.873390e+01  9.132360e+01 
 2.539859e+00  1.154173e+01  3.007663e+01  4.760475e+01  8.911441e+01 
 2.575263e+00  1.132468e+01  2.942643e+01  4.654833e+01  8.703704e+01 
 2.611161e+00  1.112882e+01  2.880618e+01  4.544957e+01  8.495210e+01 
 2.647559e+00  1.092861e+01  2.818494e+01  4.437507e+01  8.286364e+01 
 2.684465e+00  1.073031e+01  2.759395e+01  4.334536e+01  8.085017e+01 
 2.721885e+00  1.052955e+01  2.697061e+01  4.233285e+01  7.889681e+01 
 2.759826e+00  1.033998e+01  2.637510e+01  4.131729e+01  7.696327e+01 
 2.798297e+00  1.015042e+01  2.580214e+01  4.035313e+01  7.512689e+01 
 2.837304e+00  9.967093e+00  2.523356e+01  3.939395e+01  7.328791e+01 
 2.876854e+00  9.783432e+00  2.466965e+01  3.845104e+01  7.150331e+01 
 2.916956e+00  9.605263e+00  2.412875e+01  3.753726e+01  6.970731e+01 
 2.957617e+00  9.431667e+00  2.359845e+01  3.665244e+01  6.801410e+01 
 2.998844e+00  9.257992e+00  2.307570e+01  3.577270e+01  6.633317e+01 
 3.040646e+00  9.086913e+00  2.255247e+01  3.490424e+01  6.473305e+01 
 3.083031e+00  8.918685e+00  2.203713e+01  3.406117e+01  6.313651e+01 
 3.126007e+00  8.754564e+00  2.154594e+01  3.323511e+01  6.154325e+01 
 3.169582e+00  8.588320e+00  2.103762e+01  3.240247e+01  6.000911e+01 
 3.213764e+00  8.424563e+00  2.055135e+01  3.160384e+01  5.850270e+01 
 3.258562e+00  8.260217e+00  2.007731e+01  3.081968e+01  5.702556e+01 
 3.303985e+00  8.100626e+00  1.959694e+01  3.004815e+01  5.558313e+01 
 3.350041e+00  7.943501e+00  1.912789e+01  2.928928e+01  5.416803e+01 
 3.396739e+00  7.786660e+00  1.867499e+01  2.856109e+01  5.278016e+01 
 3.444087e+00  7.636356e+00  1.822468e+01  2.782441e+01  5.142692e+01 
 3.492096e+00  7.487140e+00  1.779225e+01  2.713361e+01  5.013779e+01 
 3.540774e+00  7.335185e+00  1.736873e+01  2.645194e+01  4.885649e+01 
 3.590130e+00  7.192851e+00  1.694813e+01  2.577811e+01  4.762398e+01 
 3.640175e+00  7.052110e+00  1.654323e+01  2.513619e+01  4.641613e+01 
 3.690917e+00  6.910355e+00  1.614970e+01  2.449259e+01  4.523086e+01 
 3.742366e+00  6.773049e+00  1.575278e+01  2.387551e+01  4.409580e+01 
 3.794533e+00  6.638663e+00  1.537595e+01  2.327403e+01  4.297225e+01 
 3.847427e+00  6.504593e+00  1.499817e+01  2.268020e+01  4.188776e+01 
 3.901058e+00  6.369483e+00  1.463212e+01  2.210313e+01  4.080777e+01 
 3.955436e+00  6.241893e+00  1.426922e+01  2.152558e+01  3.974899e+01 
 4.010573e+00  6.109085e+00  1.391270e+01  2.097506e+01  3.873278e+01 
 4.066478e+00  5.980944e+00  1.356042e+01  2.042544e+01  3.771919e+01 
 4.123163e+00  5.853671e+00  1.322230e+01  1.989289e+01  3.673517e+01 
 4.180637e+00  5.730176e+00  1.288966e+01  1.937649e+01  3.577457e+01 
 4.238913e+00  5.607870e+00  1.256077e+01  1.886711e+01  3.484609e+01 
 4.298001e+00  5.485753e+00  1.224204e+01  1.837536e+01  3.393564e+01 
 4.357913e+00  5.370220e+00  1.193058e+01  1.789536e+01  3.305739e+01 
 4.418660e+00  5.254219e+00  1.163056e+01  1.742881e+01  3.220438e+01 
 4.480254e+00  5.139544e+00  1.133486e+01  1.697442e+01  3.137035e+01 
 4.542706e+00  5.029770e+00  1.104570e+01  1.653122e+01  3.055738e+01 
 4.606029e+00  4.919986e+00  1.076780e+01  1.610425e+01  2.977462e+01 
 4.670234e+00  4.812580e+00  1.049526e+01  1.569022e+01  2.901127e+01 
 4.735335e+00  4.707214e+00  1.022975e+01  1.528190e+01  2.826068e+01 
 4.801343e+00  4.605296e+00  9.970381e+00  1.488492e+01  2.752686e+01 
 4.868271e+00  4.502518e+00  9.713516e+00  1.449386e+01  2.680865e+01 
 4.936132e+00  4.401504e+00  9.461897e+00  1.411197e+01  2.610641e+01 
 5.004939e+00  4.301530e+00  9.216828e+00  1.373864e+01  2.541845e+01 
 5.074705e+00  4.202440e+00  8.976421e+00  1.337249e+01  2.474964e+01 
 5.145444e+00  4.106900e+00  8.741584e+00  1.301647e+01  2.409730e+01 
 5.217169e+00  4.011441e+00  8.511989e+00  1.266871e+01  2.345238e+01 
 5.289893e+00  3.919695e+00  8.289617e+00  1.233483e+01  2.283643e+01 
 5.363631e+00  3.828063e+00  8.072940e+00  1.200451e+01  2.223061e+01 
 5.438397e+00  3.739642e+00  7.861205e+00  1.168619e+01  2.164158e+01 
 5.514206e+00  3.652800e+00  7.656004e+00  1.137693e+01  2.107282e+01 
 5.591071e+00  3.567123e+00  7.456934e+00  1.107528e+01  2.051847e+01 
 5.669007e+00  3.485187e+00  7.262612e+00  1.078477e+01  1.998192e+01 
 5.748030e+00  3.404020e+00  7.074416e+00  1.050014e+01  1.945598e+01 
 5.828155e+00  3.324605e+00  6.891213e+00  1.022470e+01  1.894590e+01 
 5.909396e+00  3.246956e+00  6.712076e+00  9.955720e+00  1.845034e+01 
 5.991770e+00  3.170317e+00  6.536642e+00  9.692231e+00  1.796398e+01 
 6.075292e+00  3.095214e+00  6.366027e+00  9.435639e+00  1.748724e+01 
 6.159978e+00  3.021274e+00  6.198162e+00  9.184018e+00  1.702219e+01 
 6.245845e+00  2.948503e+00  6.034455e+00  8.938403e+00  1.656682e+01 
 6.332908e+00  2.876980e+00  5.873743e+00  8.698341e+00  1.612117e+01 
 6.421186e+00  2.807263e+00  5.717869e+00  8.463909e+00  1.568698e+01 
 6.510694e+00  2.738663e+00  5.565630e+00  8.236269e+00  1.526428e+01 
 6.601449e+00  2.672191e+00  5.417941e+00  8.014761e+00  1.485302e+01 
 6.693470e+00  2.606734e+00  5.273674e+00  7.798863e+00  1.445247e+01 
 6.786773e+00  2.543137e+00  5.134124e+00  7.589525e+00  1.406365e+01 
 6.881377e+00  2.481453e+00  4.998490e+00  7.386631e+00  1.368514e+01 
 6.977300e+00  2.421043e+00  4.867129e+00  7.190425e+00  1.331862e+01 
 7.074559e+00  2.362657e+00  4.739243e+00  6.998875e+00  1.296186e+01 
 7.173175e+00  2.305297e+00  4.615304e+00  6.813223e+00  1.261610e+01 
 7.273165e+00  2.249646e+00  4.494860e+00  6.633467e+00  1.227926e+01 
 7.374549e+00  2.195079e+00  4.377127e+00  6.457366e+00  1.195173e+01 
 7.477346e+00  2.141549e+00  4.262821e+00  6.286610e+00  1.163145e+01 
 7.581576e+00  2.089380e+00  4.150151e+00  6.118583e+00  1.131783e+01 
 7.687260e+00  2.037910e+00  4.040665e+00  5.954781e+00  1.101225e+01 
 7.794416e+00  1.987614e+00  3.933667e+00  5.794396e+00  1.071267e+01 
 7.903066e+00  1.938422e+00  3.828788e+00  5.637512e+00  1.041968e+01 
 8.013230e+00  1.890346e+00  3.727154e+00  5.486052e+00  1.013490e+01 
 8.124930e+00  1.843298e+00  3.628166e+00  5.337950e+00  9.857668e+00 
 8.238187e+00  1.797702e+00  3.531626e+00  5.193649e+00  9.588137e+00 
 8.353023e+00  1.753149e+00  3.438120e+00  5.054057e+00  9.326019e+00 
 8.469460e+00  1.709921e+00  3.347483e+00  4.918578e+00  9.071878e+00 
 8.587519e+00  1.667980e+00  3.259291e+00  4.786827e+00  8.825289e+00 
 8.707225e+00  1.627205e+00  3.173706e+00  4.659369e+00  8.585843e+00 
 8.828599e+00  1.587578e+00  3.091161e+00  4.535613e+00  8.353515e+00 
 8.951665e+00  1.548959e+00  3.010953e+00  4.415620e+00  8.128530e+00 
 9.076446e+00  1.511506e+00  2.933009e+00  4.299306e+00  7.910158e+00 
 9.202967e+00  1.474978e+00  2.857112e+00  4.186082e+00  7.696949e+00 
 9.331251e+00  1.439268e+00  2.782964e+00  4.075270e+00  7.489112e+00 
 9.461324e+00  0.000000e+00  0.000000e+00  0.000000e+00  0.000000e+00 
 9.593209e+00  0.000000e+00  0.000000e+00  0.000000e+00  0.000000e+00 
 9.726934e+00  0.000000e+00  0.000000e+00  0.000000e+00  0.000000e+00 
 9.862522e+00  0.000000e+00  0.000000e+00  0.000000e+00  0.000000e+00 
 1.000000e+01  0.000000e+00  0.000000e+00  0.000000e+00  0.000000e+00 
