 1.000000e-02  5.513590e+03  1.029897e+04  1.412571e+04  2.134643e+04 
 1.013939e-02  5.545006e+03  1.035746e+04  1.420587e+04  2.146727e+04 
 1.028073e-02  5.575988e+03  1.041516e+04  1.428493e+04  2.158639e+04 
 1.042404e-02  5.606494e+03  1.047208e+04  1.436284e+04  2.170358e+04 
 1.056935e-02  5.636516e+03  1.052811e+04  1.443953e+04  2.181884e+04 
 1.071668e-02  5.666044e+03  1.058320e+04  1.451488e+04  2.193222e+04 
 1.086606e-02  5.695051e+03  1.063726e+04  1.458885e+04  2.204362e+04 
 1.101753e-02  5.723519e+03  1.069025e+04  1.466145e+04  2.215283e+04 
 1.117111e-02  5.751433e+03  1.074217e+04  1.473259e+04  2.225978e+04 
 1.132683e-02  5.778769e+03  1.079303e+04  1.480221e+04  2.236449e+04 
 1.148472e-02  5.805501e+03  1.084281e+04  1.487023e+04  2.246687e+04 
 1.164481e-02  5.831611e+03  1.089145e+04  1.493664e+04  2.256686e+04 
 1.180713e-02  5.857078e+03  1.093884e+04  1.500146e+04  2.266435e+04 
 1.197171e-02  5.881873e+03  1.098497e+04  1.506465e+04  2.275923e+04 
 1.213859e-02  5.905973e+03  1.102980e+04  1.512607e+04  2.285138e+04 
 1.230780e-02  5.929358e+03  1.107333e+04  1.518555e+04  2.294067e+04 
 1.247936e-02  5.952012e+03  1.111549e+04  1.524310e+04  2.302708e+04 
 1.265332e-02  5.973931e+03  1.115625e+04  1.529880e+04  2.311066e+04 
 1.282970e-02  5.995091e+03  1.119555e+04  1.535253e+04  2.319126e+04 
 1.300854e-02  6.015438e+03  1.123334e+04  1.540417e+04  2.326862e+04 
 1.318987e-02  6.034947e+03  1.126957e+04  1.545363e+04  2.334262e+04 
 1.337373e-02  6.053609e+03  1.130424e+04  1.550091e+04  2.341334e+04 
 1.356015e-02  6.071422e+03  1.133731e+04  1.554599e+04  2.348087e+04 
 1.374917e-02  6.088358e+03  1.136871e+04  1.558881e+04  2.354501e+04 
 1.394083e-02  6.104365e+03  1.139838e+04  1.562926e+04  2.360545e+04 
 1.413516e-02  6.119425e+03  1.142629e+04  1.566726e+04  2.366207e+04 
 1.433219e-02  6.133526e+03  1.145239e+04  1.570286e+04  2.371495e+04 
 1.453198e-02  6.146656e+03  1.147667e+04  1.573600e+04  2.376412e+04 
 1.473454e-02  6.158788e+03  1.149909e+04  1.576656e+04  2.380945e+04 
 1.493993e-02  6.169875e+03  1.151956e+04  1.579434e+04  2.385078e+04 
 1.514819e-02  6.179960e+03  1.153816e+04  1.581945e+04  2.388824e+04 
 1.535935e-02  6.188994e+03  1.155483e+04  1.584194e+04  2.392162e+04 
 1.557345e-02  6.196953e+03  1.156947e+04  1.586171e+04  2.395071e+04 
 1.579053e-02  6.203797e+03  1.158201e+04  1.587868e+04  2.397544e+04 
 1.601064e-02  6.209497e+03  1.159241e+04  1.589278e+04  2.399572e+04 
 1.623382e-02  6.214019e+03  1.160060e+04  1.590387e+04  2.401148e+04 
 1.646012e-02  6.217363e+03  1.160661e+04  1.591184e+04  2.402268e+04 
 1.668956e-02  6.219502e+03  1.161037e+04  1.591663e+04  2.402926e+04 
 1.692220e-02  6.220432e+03  1.161183e+04  1.591829e+04  2.403109e+04 
 1.715809e-02  6.220125e+03  1.161103e+04  1.591689e+04  2.402796e+04 
 1.739726e-02  6.218562e+03  1.160785e+04  1.591230e+04  2.401985e+04 
 1.763977e-02  6.215707e+03  1.160226e+04  1.590438e+04  2.400685e+04 
 1.788566e-02  6.211537e+03  1.159424e+04  1.589304e+04  2.398887e+04 
 1.813498e-02  6.206059e+03  1.158374e+04  1.587833e+04  2.396578e+04 
 1.838777e-02  6.199271e+03  1.157080e+04  1.586024e+04  2.393758e+04 
 1.864409e-02  6.191149e+03  1.155535e+04  1.583873e+04  2.390415e+04 
 1.890397e-02  6.181658e+03  1.153735e+04  1.581372e+04  2.386544e+04 
 1.916748e-02  6.170787e+03  1.151678e+04  1.578518e+04  2.382134e+04 
 1.943467e-02  6.158523e+03  1.149359e+04  1.575307e+04  2.377179e+04 
 1.970558e-02  6.144864e+03  1.146780e+04  1.571737e+04  2.371677e+04 
 1.998026e-02  6.129808e+03  1.143940e+04  1.567808e+04  2.365634e+04 
 2.025878e-02  6.113333e+03  1.140833e+04  1.563515e+04  2.359054e+04 
 2.054117e-02  6.095440e+03  1.137461e+04  1.558858e+04  2.351927e+04 
 2.082751e-02  6.076108e+03  1.133823e+04  1.553835e+04  2.344237e+04 
 2.111783e-02  6.055345e+03  1.129918e+04  1.548444e+04  2.335978e+04 
 2.141220e-02  6.033237e+03  1.125756e+04  1.542700e+04  2.327173e+04 
 2.171068e-02  6.010308e+03  1.121416e+04  1.536684e+04  2.317893e+04 
 2.201331e-02  5.985947e+03  1.116808e+04  1.530302e+04  2.308059e+04 
 2.232016e-02  5.960159e+03  1.111932e+04  1.523552e+04  2.297674e+04 
 2.263130e-02  5.932939e+03  1.106791e+04  1.516438e+04  2.286741e+04 
 2.294676e-02  5.904299e+03  1.101384e+04  1.508960e+04  2.275264e+04 
 2.326663e-02  5.874242e+03  1.095713e+04  1.501117e+04  2.263246e+04 
 2.359095e-02  5.842787e+03  1.089781e+04  1.492915e+04  2.250683e+04 
 2.391980e-02  5.809952e+03  1.083592e+04  1.484361e+04  2.237572e+04 
 2.425323e-02  5.775747e+03  1.077147e+04  1.475458e+04  2.223920e+04 
 2.459130e-02  5.740182e+03  1.070447e+04  1.466207e+04  2.209752e+04 
 2.493409e-02  5.703273e+03  1.063497e+04  1.456612e+04  2.195073e+04 
 2.528166e-02  5.665049e+03  1.056299e+04  1.446680e+04  2.179883e+04 
 2.563407e-02  5.625532e+03  1.048861e+04  1.436415e+04  2.164191e+04 
 2.599140e-02  5.584760e+03  1.041188e+04  1.425829e+04  2.148013e+04 
 2.635371e-02  5.542750e+03  1.033286e+04  1.414927e+04  2.131363e+04 
 2.672106e-02  5.499541e+03  1.025162e+04  1.403720e+04  2.114255e+04 
 2.709354e-02  5.455157e+03  1.016818e+04  1.392215e+04  2.096697e+04 
 2.747121e-02  5.409644e+03  1.008263e+04  1.380421e+04  2.078700e+04 
 2.785414e-02  5.362975e+03  9.994916e+03  1.368337e+04  2.060271e+04 
 2.824241e-02  5.314923e+03  9.904764e+03  1.355928e+04  2.041387e+04 
 2.863610e-02  5.265872e+03  9.812762e+03  1.343265e+04  2.022124e+04 
 2.903527e-02  5.215862e+03  9.718984e+03  1.330359e+04  2.002494e+04 
 2.944000e-02  5.164952e+03  9.623520e+03  1.317223e+04  1.982518e+04 
 2.985038e-02  5.113189e+03  9.526479e+03  1.303872e+04  1.962218e+04 
 3.026648e-02  5.060654e+03  9.427980e+03  1.290320e+04  1.941618e+04 
 3.068838e-02  5.007381e+03  9.328113e+03  1.276581e+04  1.920740e+04 
 3.111616e-02  4.953424e+03  9.226975e+03  1.262672e+04  1.899606e+04 
 3.154990e-02  4.898846e+03  9.124681e+03  1.248606e+04  1.878239e+04 
 3.198969e-02  4.843709e+03  9.021383e+03  1.234402e+04  1.856667e+04 
 3.243561e-02  4.788093e+03  8.917197e+03  1.220076e+04  1.834915e+04 
 3.288774e-02  4.732071e+03  8.812243e+03  1.205646e+04  1.813010e+04 
 3.334618e-02  4.675714e+03  8.706677e+03  1.191132e+04  1.790979e+04 
 3.381101e-02  4.619088e+03  8.600610e+03  1.176550e+04  1.768850e+04 
 3.428231e-02  4.562262e+03  8.494169e+03  1.161920e+04  1.746650e+04 
 3.476019e-02  4.505192e+03  8.387620e+03  1.147310e+04  1.724594e+04 
 3.524473e-02  4.448073e+03  8.280981e+03  1.132690e+04  1.702529e+04 
 3.573602e-02  4.390982e+03  8.174394e+03  1.118079e+04  1.680481e+04 
 3.623416e-02  4.333991e+03  8.067997e+03  1.103494e+04  1.658475e+04 
 3.673925e-02  4.277183e+03  7.961938e+03  1.088956e+04  1.636541e+04 
 3.725137e-02  4.220621e+03  7.856346e+03  1.074483e+04  1.614707e+04 
 3.777064e-02  4.164390e+03  7.751388e+03  1.060095e+04  1.593005e+04 
 3.829714e-02  4.108568e+03  7.647196e+03  1.045811e+04  1.571462e+04 
 3.883098e-02  4.053220e+03  7.543894e+03  1.031650e+04  1.550107e+04 
 3.937226e-02  3.998410e+03  7.441589e+03  1.017629e+04  1.528962e+04 
 3.992109e-02  3.944210e+03  7.340413e+03  1.003765e+04  1.508056e+04 
 4.047757e-02  3.890686e+03  7.240474e+03  9.900659e+03  1.487390e+04 
 4.104181e-02  3.837719e+03  7.141014e+03  9.763651e+03  1.466535e+04 
 4.161391e-02  3.785571e+03  7.043088e+03  9.628746e+03  1.446002e+04 
 4.219398e-02  3.734300e+03  6.946796e+03  9.496109e+03  1.425816e+04 
 4.278214e-02  3.683960e+03  6.852238e+03  9.365877e+03  1.405997e+04 
 4.337850e-02  3.634594e+03  6.759525e+03  9.238178e+03  1.386562e+04 
 4.398317e-02  3.586258e+03  6.668757e+03  9.113137e+03  1.367532e+04 
 4.459628e-02  3.539002e+03  6.579995e+03  8.990868e+03  1.348919e+04 
 4.521792e-02  3.492873e+03  6.493314e+03  8.871463e+03  1.330740e+04 
 4.584824e-02  3.447894e+03  6.408782e+03  8.755003e+03  1.313008e+04 
 4.648734e-02  3.404089e+03  6.326449e+03  8.641549e+03  1.295734e+04 
 4.713535e-02  3.361606e+03  6.247362e+03  8.533367e+03  1.279483e+04 
 4.779239e-02  3.320407e+03  6.171144e+03  8.429601e+03  1.264034e+04 
 4.845859e-02  3.280432e+03  6.097188e+03  8.328930e+03  1.249048e+04 
 4.913407e-02  3.241677e+03  6.025498e+03  8.231362e+03  1.234524e+04 
 4.981898e-02  3.204140e+03  5.956080e+03  8.136895e+03  1.220463e+04 
 5.051342e-02  3.167806e+03  5.888913e+03  8.045491e+03  1.206861e+04 
 5.121755e-02  3.132664e+03  5.823942e+03  7.957081e+03  1.193709e+04 
 5.193150e-02  3.098683e+03  5.761116e+03  7.871599e+03  1.180996e+04 
 5.265540e-02  3.065825e+03  5.700367e+03  7.788953e+03  1.168708e+04 
 5.338938e-02  3.033803e+03  5.640701e+03  7.707297e+03  1.156431e+04 
 5.413360e-02  3.002539e+03  5.581877e+03  7.626207e+03  1.144076e+04 
 5.488820e-02  2.972265e+03  5.524917e+03  7.547657e+03  1.132101e+04 
 5.565331e-02  2.942881e+03  5.469620e+03  7.471386e+03  1.120467e+04 
 5.642908e-02  2.914259e+03  5.415733e+03  7.397041e+03  1.109122e+04 
 5.721568e-02  2.886351e+03  5.363169e+03  7.324496e+03  1.098050e+04 
 5.801323e-02  2.859261e+03  5.312126e+03  7.254033e+03  1.087292e+04 
 5.882190e-02  2.833061e+03  5.262744e+03  7.185837e+03  1.076872e+04 
 5.964185e-02  2.807693e+03  5.215240e+03  7.120541e+03  1.066982e+04 
 6.047322e-02  2.783099e+03  5.170067e+03  7.059392e+03  1.057975e+04 
 6.131619e-02  2.758432e+03  5.124755e+03  6.998045e+03  1.048938e+04 
 6.217090e-02  2.733519e+03  5.078986e+03  6.936078e+03  1.039807e+04 
 6.303753e-02  2.708389e+03  5.032808e+03  6.873548e+03  1.030591e+04 
 6.391624e-02  2.683065e+03  4.986264e+03  6.810531e+03  1.021300e+04 
 6.480720e-02  2.657499e+03  4.939269e+03  6.746901e+03  1.011916e+04 
 6.571058e-02  2.631529e+03  4.891525e+03  6.682243e+03  1.002379e+04 
 6.662655e-02  2.603759e+03  4.838473e+03  6.608203e+03  9.908346e+03 
 6.755528e-02  2.575211e+03  4.783939e+03  6.532088e+03  9.789649e+03 
 6.849697e-02  2.545833e+03  4.727877e+03  6.453899e+03  9.667898e+03 
 6.945178e-02  2.515533e+03  4.670098e+03  6.373393e+03  9.542729e+03 
 7.041990e-02  2.484215e+03  4.610432e+03  6.290336e+03  9.413813e+03 
 7.140151e-02  2.451788e+03  4.548730e+03  6.204516e+03  9.280851e+03 
 7.239681e-02  2.418424e+03  4.485612e+03  6.117115e+03  9.146730e+03 
 7.340598e-02  2.384121e+03  4.421116e+03  6.028262e+03  9.011863e+03 
 7.442922e-02  2.348521e+03  4.354239e+03  5.936185e+03  8.872242e+03 
 7.546673e-02  2.311598e+03  4.284927e+03  5.840829e+03  8.727781e+03 
 7.651869e-02  2.273364e+03  4.213197e+03  5.742222e+03  8.578523e+03 
 7.758532e-02  2.233837e+03  4.139101e+03  5.640418e+03  8.424571e+03 
 7.866682e-02  2.193921e+03  4.065485e+03  5.540496e+03  8.276553e+03 
 7.976339e-02  2.154205e+03  3.994182e+03  5.445669e+03  8.141153e+03 
 8.087525e-02  2.113334e+03  3.920704e+03  5.347812e+03  8.001131e+03 
 8.200261e-02  2.071426e+03  3.845249e+03  5.247210e+03  7.856888e+03 
 8.314568e-02  2.028627e+03  3.768067e+03  5.144207e+03  7.708909e+03 
 8.430468e-02  1.985090e+03  3.689441e+03  5.039183e+03  7.557743e+03 
 8.547985e-02  1.940240e+03  3.607117e+03  4.927900e+03  7.394194e+03 
 8.667139e-02  1.894680e+03  3.522909e+03  4.813471e+03  7.224510e+03 
 8.787954e-02  1.848980e+03  3.438441e+03  4.698674e+03  7.054237e+03 
 8.910453e-02  1.803367e+03  3.354120e+03  4.584056e+03  6.884201e+03 
 9.034660e-02  1.758063e+03  3.270358e+03  4.470178e+03  6.715235e+03 
 9.160598e-02  1.714035e+03  3.190001e+03  4.361925e+03  6.557015e+03 
 9.288292e-02  1.671410e+03  3.113165e+03  4.259334e+03  6.409300e+03 
 9.417766e-02  1.629711e+03  3.037946e+03  4.158874e+03  6.264550e+03 
 9.549045e-02  1.589150e+03  2.964748e+03  4.061089e+03  6.123586e+03 
 9.682153e-02  1.549929e+03  2.893963e+03  3.966494e+03  5.987191e+03 
 9.817117e-02  1.512584e+03  2.827090e+03  3.877620e+03  5.860363e+03 
 9.953962e-02  1.477041e+03  2.763651e+03  3.793532e+03  5.740920e+03 
 1.009272e-01  1.443307e+03  2.703460e+03  3.713817e+03  5.627805e+03 
 1.023340e-01  1.411495e+03  2.646747e+03  3.638770e+03  5.521468e+03 
 1.037605e-01  1.381048e+03  2.591692e+03  3.565140e+03  5.415310e+03 
 1.052069e-01  1.350245e+03  2.532921e+03  3.483583e+03  5.290587e+03 
 1.066734e-01  1.321598e+03  2.478221e+03  3.407640e+03  5.174374e+03 
 1.081604e-01  1.295087e+03  2.427522e+03  3.337191e+03  5.066496e+03 
 1.096681e-01  1.270648e+03  2.380695e+03  3.272067e+03  4.966697e+03 
 1.111968e-01  1.248374e+03  2.338218e+03  3.213040e+03  4.875749e+03 
 1.127468e-01  1.227936e+03  2.299192e+03  3.158758e+03  4.791966e+03 
 1.143184e-01  1.209148e+03  2.263242e+03  3.108657e+03  4.714539e+03 
 1.159120e-01  1.191796e+03  2.229986e+03  3.062258e+03  4.642733e+03 
 1.175277e-01  1.176380e+03  2.201125e+03  3.022554e+03  4.582246e+03 
 1.191660e-01  1.161981e+03  2.174221e+03  2.985580e+03  4.525960e+03 
 1.208271e-01  1.148263e+03  2.148585e+03  2.950311e+03  4.472257e+03 
 1.225114e-01  1.134878e+03  2.123532e+03  2.915825e+03  4.419804e+03 
 1.242191e-01  1.121092e+03  2.097319e+03  2.879596e+03  4.364926e+03 
 1.259506e-01  1.107115e+03  2.070752e+03  2.842891e+03  4.309312e+03 
 1.277063e-01  1.092648e+03  2.043285e+03  2.804985e+03  4.251889e+03 
 1.294865e-01  1.077724e+03  2.015133e+03  2.766158e+03  4.192715e+03 
 1.312915e-01  1.062171e+03  1.985993e+03  2.725981e+03  4.131082e+03 
 1.331216e-01  1.045457e+03  1.954704e+03  2.682870e+03  4.065057e+03 
 1.349772e-01  1.027464e+03  1.921093e+03  2.636652e+03  3.994519e+03 
 1.368587e-01  1.009274e+03  1.889104e+03  2.594974e+03  3.937514e+03 
 1.387665e-01  9.896630e+02  1.854425e+03  2.549569e+03  3.874751e+03 
 1.407008e-01  9.686673e+02  1.817125e+03  2.500516e+03  3.806289e+03 
 1.426621e-01  9.473585e+02  1.779729e+03  2.451330e+03  3.736534e+03 
 1.446507e-01  9.252164e+02  1.740860e+03  2.400062e+03  3.663181e+03 
 1.466671e-01  9.021457e+02  1.700148e+03  2.346164e+03  3.585673e+03 
 1.487115e-01  8.765482e+02  1.652840e+03  2.281979e+03  3.490659e+03 
 1.507845e-01  8.494206e+02  1.601451e+03  2.211386e+03  3.384618e+03 
 1.528864e-01  8.224350e+02  1.550340e+03  2.141133e+03  3.279040e+03 
 1.550175e-01  7.979421e+02  1.506147e+03  2.082172e+03  3.194187e+03 
 1.571784e-01  7.755681e+02  1.467405e+03  2.031889e+03  3.124823e+03 
 1.593694e-01  7.541259e+02  1.430237e+03  1.983608e+03  3.058144e+03 
 1.615909e-01  7.344997e+02  1.396802e+03  1.940577e+03  2.999346e+03 
 1.638434e-01  7.165512e+02  1.366566e+03  1.901927e+03  2.947008e+03 
 1.661273e-01  7.001639e+02  1.339117e+03  1.867011e+03  2.900056e+03 
 1.684430e-01  6.822257e+02  1.305749e+03  1.821823e+03  2.834069e+03 
 1.707910e-01  6.657068e+02  1.274691e+03  1.779531e+03  2.772116e+03 
 1.731717e-01  6.513915e+02  1.248146e+03  1.743652e+03  2.719925e+03 
 1.755856e-01  6.405605e+02  1.229613e+03  1.719512e+03  2.685635e+03 
 1.780332e-01  6.311045e+02  1.213649e+03  1.698922e+03  2.656787e+03 
 1.805149e-01  6.208936e+02  1.193803e+03  1.670782e+03  2.611948e+03 
 1.830312e-01  6.104132e+02  1.172000e+03  1.638666e+03  2.558402e+03 
 1.855825e-01  6.005347e+02  1.151604e+03  1.608827e+03  2.509145e+03 
 1.881694e-01  5.911833e+02  1.133607e+03  1.584079e+03  2.472167e+03 
 1.907924e-01  5.816940e+02  1.115360e+03  1.558982e+03  2.434656e+03 
 1.934520e-01  5.711824e+02  1.094873e+03  1.530765e+03  2.393260e+03 
 1.961486e-01  5.597964e+02  1.072625e+03  1.500092e+03  2.348317e+03 
 1.988828e-01  5.488020e+02  1.051979e+03  1.471982e+03  2.307156e+03 
 2.016551e-01  5.386409e+02  1.034138e+03  1.448249e+03  2.272494e+03 
 2.044661e-01  5.273008e+02  1.013791e+03  1.420816e+03  2.231659e+03 
 2.073162e-01  5.142494e+02  9.888036e+02  1.385811e+03  2.177239e+03 
 2.102061e-01  5.004275e+02  9.623470e+02  1.348760e+03  2.119557e+03 
 2.131362e-01  4.901150e+02  9.473853e+02  1.331313e+03  2.097742e+03 
 2.161073e-01  4.796194e+02  9.321403e+02  1.313522e+03  2.075462e+03 
 2.191197e-01  4.662042e+02  9.089185e+02  1.283608e+03  2.035412e+03 
 2.221741e-01  4.524714e+02  8.844471e+02  1.251621e+03  1.992097e+03 
 2.252711e-01  4.399699e+02  8.629317e+02  1.224127e+03  1.955650e+03 
 2.284112e-01  4.285731e+02  8.436491e+02  1.199791e+03  1.923910e+03 
 2.315951e-01  4.185633e+02  8.260449e+02  1.176206e+03  1.888462e+03 
 2.348235e-01  4.097902e+02  8.104559e+02  1.154889e+03  1.854927e+03 
 2.380968e-01  3.999713e+02  7.912219e+02  1.127819e+03  1.813168e+03 
 2.414157e-01  3.906824e+02  7.726275e+02  1.101505e+03  1.772848e+03 
 2.447809e-01  3.816246e+02  7.547346e+02  1.076586e+03  1.734718e+03 
 2.481930e-01  3.733136e+02  7.383857e+02  1.053898e+03  1.700099e+03 
 2.516527e-01  3.685164e+02  7.301561e+02  1.042714e+03  1.682636e+03 
 2.551606e-01  3.628523e+02  7.197266e+02  1.028322e+03  1.660565e+03 
 2.587174e-01  3.539854e+02  7.014528e+02  1.002532e+03  1.621942e+03 
 2.623238e-01  3.465785e+02  6.873090e+02  9.831405e+02  1.593518e+03 
 2.659804e-01  3.405987e+02  6.773339e+02  9.702442e+02  1.575424e+03 
 2.696881e-01  3.323883e+02  6.620226e+02  9.494277e+02  1.544023e+03 
 2.734474e-01  3.232905e+02  6.447288e+02  9.257212e+02  1.507887e+03 
 2.772591e-01  3.163087e+02  6.332424e+02  9.114631e+02  1.489960e+03 
 2.811239e-01  3.086935e+02  6.199193e+02  8.944099e+02  1.468530e+03 
 2.850426e-01  3.005747e+02  6.048402e+02  8.746549e+02  1.444241e+03 
 2.890160e-01  2.930908e+02  5.921123e+02  8.582607e+02  1.420995e+03 
 2.930447e-01  2.860364e+02  5.799069e+02  8.419018e+02  1.395534e+03 
 2.971296e-01  2.793743e+02  5.668357e+02  8.222392e+02  1.361123e+03 
 3.012714e-01  2.733830e+02  5.563847e+02  8.083345e+02  1.340471e+03 
 3.054710e-01  2.676514e+02  5.466857e+02  7.961756e+02  1.324489e+03 
 3.097291e-01  2.609846e+02  5.341251e+02  7.794797e+02  1.301551e+03 
 3.140465e-01  2.551052e+02  5.220296e+02  7.618491e+02  1.272234e+03 
 3.184242e-01  2.500300e+02  5.116862e+02  7.467104e+02  1.246868e+03 
 3.228628e-01  2.460439e+02  5.049238e+02  7.381587e+02  1.236531e+03 
 3.273634e-01  2.403578e+02  4.931931e+02  7.210721e+02  1.208830e+03 
 3.319266e-01  2.344450e+02  4.814475e+02  7.046540e+02  1.183985e+03 
 3.365535e-01  2.287163e+02  4.710231e+02  6.911509e+02  1.166081e+03 
 3.412449e-01  2.246410e+02  4.655516e+02  6.846889e+02  1.155805e+03 
 3.460016e-01  2.200827e+02  4.580232e+02  6.749264e+02  1.141968e+03 
 3.508247e-01  2.155274e+02  4.497912e+02  6.638429e+02  1.125662e+03 
 3.557150e-01  2.110435e+02  4.413503e+02  6.523046e+02  1.107920e+03 
 3.606735e-01  2.058648e+02  4.319741e+02  6.398474e+02  1.090204e+03 
 3.657011e-01  1.997656e+02  4.202453e+02  6.236161e+02  1.067275e+03 
 3.707988e-01  1.949080e+02  4.107717e+02  6.105440e+02  1.047703e+03 
 3.759675e-01  1.905494e+02  4.022823e+02  5.987732e+02  1.029910e+03 
 3.812083e-01  1.861636e+02  3.941809e+02  5.877150e+02  1.013571e+03 
 3.865221e-01  1.825162e+02  3.886469e+02  5.812345e+02  1.002900e+03 
 3.919100e-01  1.788423e+02  3.799669e+02  5.677935e+02  9.840194e+02 
 3.973730e-01  1.746238e+02  3.727785e+02  5.587886e+02  9.698506e+02 
 4.029122e-01  1.712200e+02  3.673664e+02  5.512861e+02  9.559447e+02 
 4.085286e-01  1.677978e+02  3.598963e+02  5.404213e+02  9.401569e+02 
 4.142232e-01  1.635817e+02  3.511044e+02  5.285923e+02  9.252586e+02 
 4.199973e-01  1.593830e+02  3.436776e+02  5.190563e+02  9.112681e+02 
 4.258518e-01  1.559918e+02  3.372684e+02  5.098602e+02  8.952184e+02 
 4.317880e-01  1.524082e+02  3.301701e+02  4.992406e+02  8.786136e+02 
 4.378069e-01  1.492954e+02  3.238820e+02  4.901970e+02  8.635650e+02 
 4.439097e-01  1.467110e+02  3.197824e+02  4.852133e+02  8.588109e+02 
 4.500975e-01  1.427491e+02  3.122432e+02  4.747909e+02  8.431603e+02 
 4.563716e-01  1.394587e+02  3.053423e+02  4.646700e+02  8.249257e+02 
 4.627332e-01  1.373205e+02  3.023544e+02  4.614887e+02  8.221625e+02 
 4.691835e-01  1.338518e+02  2.953125e+02  4.512416e+02  8.046975e+02 
 4.757236e-01  1.313422e+02  2.903244e+02  4.443851e+02  7.942303e+02 
 4.823549e-01  1.278953e+02  2.831440e+02  4.341033e+02  7.801621e+02 
 4.890787e-01  1.251318e+02  2.776275e+02  4.265140e+02  7.680831e+02 
 4.958962e-01  1.230101e+02  2.734561e+02  4.199908e+02  7.559014e+02 
 5.028087e-01  1.201967e+02  2.684874e+02  4.131875e+02  7.458485e+02 
 5.098176e-01  1.179349e+02  2.642515e+02  4.070197e+02  7.335834e+02 
 5.169242e-01  1.158705e+02  2.603001e+02  4.016328e+02  7.263577e+02 
 5.241298e-01  1.120868e+02  2.536381e+02  3.932889e+02  7.160328e+02 
 5.314359e-01  1.101061e+02  2.505362e+02  3.890627e+02  7.090957e+02 
 5.388438e-01  1.078093e+02  2.452770e+02  3.810725e+02  6.967128e+02 
 5.463550e-01  1.058619e+02  2.413728e+02  3.751805e+02  6.866995e+02 
 5.539709e-01  1.030008e+02  2.361833e+02  3.684908e+02  6.761900e+02 
 5.616930e-01  1.011379e+02  2.324865e+02  3.631523e+02  6.679858e+02 
 5.695227e-01  9.909208e+01  2.290247e+02  3.588544e+02  6.591465e+02 
 5.774615e-01  9.683361e+01  2.237006e+02  3.508008e+02  6.473567e+02 
 5.855110e-01  9.506692e+01  2.203642e+02  3.456052e+02  6.383230e+02 
 5.936727e-01  9.287499e+01  2.152194e+02  3.383345e+02  6.273777e+02 
 6.019482e-01  9.127263e+01  2.127389e+02  3.343080e+02  6.197500e+02 
 6.103390e-01  8.908328e+01  2.088797e+02  3.292389e+02  6.107812e+02 
 6.188468e-01  8.707373e+01  2.053714e+02  3.259390e+02  6.084197e+02 
 6.274732e-01  8.560595e+01  2.016028e+02  3.193535e+02  5.973480e+02 
 6.362198e-01  8.383679e+01  1.984598e+02  3.146639e+02  5.881015e+02 
 6.450884e-01  8.184465e+01  1.947918e+02  3.095622e+02  5.792810e+02 
 6.540806e-01  8.014645e+01  1.906468e+02  3.031781e+02  5.697689e+02 
 6.631981e-01  7.834927e+01  1.877262e+02  2.999955e+02  5.641797e+02 
 6.724427e-01  7.685512e+01  1.844283e+02  2.952769e+02  5.583375e+02 
 6.818162e-01  7.518067e+01  1.811541e+02  2.894623e+02  5.472563e+02 
 6.913204e-01  7.355761e+01  1.777831e+02  2.850635e+02  5.397946e+02 
 7.009570e-01  7.250327e+01  1.751429e+02  2.811005e+02  5.328271e+02 
 7.107280e-01  7.060894e+01  1.720805e+02  2.767954e+02  5.244410e+02 
 7.206351e-01  6.950190e+01  1.694145e+02  2.731069e+02  5.198294e+02 
 7.306804e-01  6.804926e+01  1.667770e+02  2.687698e+02  5.106466e+02 
 7.408657e-01  6.652121e+01  1.634429e+02  2.638792e+02  5.036727e+02 
 7.511929e-01  6.507728e+01  1.603810e+02  2.598314e+02  4.967742e+02 
 7.616642e-01  6.380113e+01  1.574351e+02  2.555768e+02  4.901332e+02 
 7.722814e-01  6.289837e+01  1.557560e+02  2.526354e+02  4.830750e+02 
 7.830465e-01  6.155826e+01  1.527100e+02  2.482584e+02  4.765482e+02 
 7.939618e-01  6.036739e+01  1.506317e+02  2.449440e+02  4.713994e+02 
 8.050292e-01  5.901268e+01  1.477385e+02  2.414452e+02  4.651266e+02 
 8.162509e-01  5.794607e+01  1.455452e+02  2.373968e+02  4.568078e+02 
 8.276289e-01  5.651918e+01  1.425949e+02  2.334590e+02  4.508820e+02 
 8.391656e-01  5.578183e+01  1.409348e+02  2.302143e+02  4.457570e+02 
 8.508632e-01  5.476406e+01  1.384499e+02  2.269485e+02  4.396887e+02 
 8.627237e-01  5.352386e+01  1.361934e+02  2.235033e+02  4.326581e+02 
 8.747496e-01  5.252720e+01  1.338439e+02  2.201015e+02  4.268703e+02 
 8.869432e-01  5.158384e+01  1.318600e+02  2.170166e+02  4.212626e+02 
 8.993067e-01  5.051763e+01  1.297026e+02  2.136664e+02  4.150569e+02 
 9.118425e-01  4.970511e+01  1.274555e+02  2.100141e+02  4.076517e+02 
 9.245531e-01  4.859044e+01  1.252437e+02  2.065969e+02  4.027561e+02 
 9.374409e-01  4.763628e+01  1.232413e+02  2.038105e+02  3.973168e+02 
 9.505083e-01  4.680823e+01  1.212394e+02  2.007561e+02  3.914199e+02 
 9.637579e-01  4.579102e+01  1.188533e+02  1.970991e+02  3.856003e+02 
 9.771921e-01  4.514235e+01  1.180882e+02  1.951772e+02  3.802820e+02 
 9.908137e-01  4.424462e+01  1.158250e+02  1.919344e+02  3.751841e+02 
 1.004625e+00  4.337980e+01  1.136444e+02  1.885164e+02  3.686396e+02 
 1.018629e+00  4.263190e+01  1.120162e+02  1.858457e+02  3.631754e+02 
 1.032828e+00  4.179730e+01  1.101948e+02  1.833116e+02  3.592337e+02 
 1.047225e+00  4.096700e+01  1.085841e+02  1.803826e+02  3.529676e+02 
 1.061823e+00  4.030549e+01  1.070833e+02  1.778715e+02  3.478136e+02 
 1.076624e+00  3.953895e+01  1.053264e+02  1.751334e+02  3.425270e+02 
 1.091632e+00  3.885262e+01  1.035733e+02  1.725952e+02  3.371840e+02 
 1.106848e+00  3.808451e+01  1.017491e+02  1.698043e+02  3.323733e+02 
 1.122277e+00  3.737996e+01  1.002818e+02  1.669987e+02  3.267906e+02 
 1.137921e+00  3.667396e+01  9.850026e+01  1.643359e+02  3.217241e+02 
 1.153783e+00  3.605631e+01  9.692233e+01  1.617477e+02  3.169239e+02 
 1.169866e+00  3.539421e+01  9.541591e+01  1.591838e+02  3.122263e+02 
 1.186174e+00  3.471805e+01  9.395294e+01  1.567301e+02  3.070978e+02 
 1.202708e+00  3.412156e+01  9.241312e+01  1.542907e+02  3.021614e+02 
 1.219473e+00  3.352181e+01  9.097606e+01  1.519774e+02  2.969777e+02 
 1.236472e+00  3.290030e+01  8.952795e+01  1.496609e+02  2.924583e+02 
 1.253708e+00  3.232900e+01  8.804795e+01  1.470759e+02  2.879102e+02 
 1.271184e+00  3.176347e+01  8.693970e+01  1.452088e+02  2.832149e+02 
 1.288904e+00  3.119719e+01  8.524070e+01  1.425352e+02  2.789521e+02 
 1.306870e+00  3.061899e+01  8.387395e+01  1.402643e+02  2.741664e+02 
 1.325087e+00  3.013426e+01  8.260025e+01  1.380964e+02  2.693925e+02 
 1.343558e+00  2.960577e+01  8.124867e+01  1.358348e+02  2.649406e+02 
 1.362287e+00  2.911810e+01  7.989428e+01  1.334636e+02  2.604132e+02 
 1.381276e+00  2.858985e+01  7.862984e+01  1.310758e+02  2.559498e+02 
 1.400531e+00  2.810698e+01  7.734215e+01  1.289939e+02  2.512601e+02 
 1.420053e+00  2.758969e+01  7.597553e+01  1.268967e+02  2.467949e+02 
 1.439848e+00  2.712015e+01  7.481154e+01  1.246168e+02  2.425280e+02 
 1.459919e+00  2.661189e+01  7.352347e+01  1.224791e+02  2.379611e+02 
 1.480269e+00  2.620914e+01  7.218537e+01  1.202461e+02  2.333309e+02 
 1.500903e+00  2.574015e+01  7.101281e+01  1.181130e+02  2.295223e+02 
 1.521825e+00  2.528021e+01  6.990198e+01  1.161949e+02  2.251767e+02 
 1.543038e+00  2.482669e+01  6.869569e+01  1.142289e+02  2.212781e+02 
 1.564548e+00  2.443706e+01  6.753374e+01  1.121821e+02  2.170353e+02 
 1.586357e+00  2.402385e+01  6.647249e+01  1.102470e+02  2.129619e+02 
 1.608469e+00  2.359137e+01  6.536561e+01  1.083208e+02  2.092089e+02 
 1.630891e+00  2.326533e+01  6.415588e+01  1.062094e+02  2.049867e+02 
 1.653624e+00  2.283561e+01  6.305502e+01  1.044238e+02  2.014326e+02 
 1.676675e+00  2.244432e+01  6.208794e+01  1.026269e+02  1.974056e+02 
 1.700047e+00  2.205620e+01  6.101194e+01  1.007223e+02  1.936639e+02 
 1.723745e+00  2.169774e+01  5.990779e+01  9.885950e+01  1.896289e+02 
 1.747773e+00  2.130186e+01  5.881797e+01  9.696814e+01  1.858805e+02 
 1.772136e+00  2.093782e+01  5.778201e+01  9.510083e+01  1.823023e+02 
 1.796838e+00  2.058912e+01  5.673473e+01  9.330968e+01  1.785669e+02 
 1.821885e+00  2.026138e+01  5.570155e+01  9.146834e+01  1.749843e+02 
 1.847281e+00  1.990297e+01  5.477460e+01  8.980912e+01  1.714108e+02 
 1.873032e+00  1.956547e+01  5.373449e+01  8.789790e+01  1.679471e+02 
 1.899141e+00  1.922205e+01  5.269783e+01  8.622722e+01  1.644633e+02 
 1.925614e+00  1.890764e+01  5.175678e+01  8.456733e+01  1.609539e+02 
 1.952456e+00  1.863515e+01  5.085517e+01  8.293801e+01  1.575648e+02 
 1.979672e+00  1.827872e+01  4.995518e+01  8.131245e+01  1.543055e+02 
 2.007267e+00  1.799785e+01  4.902214e+01  7.958817e+01  1.511526e+02 
 2.035248e+00  1.767201e+01  4.807143e+01  7.798768e+01  1.478697e+02 
 2.063618e+00  1.737584e+01  4.714886e+01  7.642885e+01  1.446865e+02 
 2.092383e+00  1.709107e+01  4.626521e+01  7.484142e+01  1.415837e+02 
 2.121550e+00  1.678911e+01  4.535513e+01  7.329098e+01  1.384585e+02 
 2.151123e+00  1.650822e+01  4.448493e+01  7.172843e+01  1.353424e+02 
 2.181109e+00  1.622063e+01  4.359162e+01  7.023156e+01  1.324117e+02 
 2.211512e+00  1.594319e+01  4.270451e+01  6.868025e+01  1.293233e+02 
 2.242340e+00  1.566826e+01  4.188938e+01  6.723192e+01  1.264419e+02 
 2.273597e+00  1.537982e+01  4.103963e+01  6.571384e+01  1.235534e+02 
 2.305289e+00  1.513079e+01  4.020047e+01  6.430782e+01  1.207553e+02 
 2.337424e+00  1.486565e+01  3.936890e+01  6.287162e+01  1.179960e+02 
 2.370006e+00  1.460363e+01  3.856591e+01  6.150710e+01  1.153570e+02 
 2.403043e+00  1.433717e+01  3.778059e+01  6.011240e+01  1.126527e+02 
 2.436540e+00  1.409713e+01  3.701603e+01  5.879047e+01  1.100296e+02 
 2.470504e+00  1.385190e+01  3.626104e+01  5.746147e+01  1.074730e+02 
 2.504942e+00  1.361244e+01  3.552507e+01  5.619660e+01  1.049983e+02 
 2.539859e+00  1.338454e+01  3.477353e+01  5.491851e+01  1.025176e+02 
 2.575263e+00  1.313916e+01  3.402845e+01  5.371500e+01  1.001668e+02 
 2.611161e+00  1.291498e+01  3.331144e+01  5.244545e+01  9.779634e+01 
 2.647559e+00  1.268440e+01  3.259109e+01  5.121278e+01  9.542429e+01 
 2.684465e+00  1.245838e+01  3.190804e+01  5.001529e+01  9.312011e+01 
 2.721885e+00  1.222251e+01  3.117809e+01  4.884096e+01  9.086517e+01 
 2.759826e+00  1.200184e+01  3.047455e+01  4.766577e+01  8.865375e+01 
 2.798297e+00  1.177890e+01  2.981228e+01  4.653221e+01  8.652428e+01 
 2.837304e+00  1.156301e+01  2.913762e+01  4.541134e+01  8.439117e+01 
 2.876854e+00  1.134650e+01  2.847076e+01  4.431354e+01  8.232120e+01 
 2.916956e+00  1.113745e+01  2.783567e+01  4.324179e+01  8.025679e+01 
 2.957617e+00  1.093419e+01  2.720963e+01  4.220997e+01  7.828475e+01 
 2.998844e+00  1.072936e+01  2.659600e+01  4.118113e+01  7.634262e+01 
 3.040646e+00  1.052981e+01  2.598629e+01  4.017680e+01  7.450143e+01 
 3.083031e+00  1.033468e+01  2.538874e+01  3.920156e+01  7.265734e+01 
 3.126007e+00  1.014576e+01  2.481669e+01  3.825097e+01  7.085689e+01 
 3.169582e+00  9.954272e+00  2.423562e+01  3.730014e+01  6.910894e+01 
 3.213764e+00  9.766698e+00  2.367662e+01  3.638533e+01  6.739596e+01 
 3.258562e+00  9.577267e+00  2.313089e+01  3.548645e+01  6.570867e+01 
 3.303985e+00  9.392529e+00  2.257395e+01  3.459785e+01  6.405681e+01 
 3.350041e+00  9.211869e+00  2.202962e+01  3.371777e+01  6.242726e+01 
 3.396739e+00  9.027104e+00  2.150050e+01  3.287314e+01  6.082686e+01 
 3.444087e+00  8.849628e+00  2.097435e+01  3.202116e+01  5.926686e+01 
 3.492096e+00  8.674711e+00  2.046826e+01  3.121186e+01  5.776248e+01 
 3.540774e+00  8.496479e+00  1.997257e+01  3.041977e+01  5.628311e+01 
 3.590130e+00  8.327235e+00  1.947871e+01  2.963200e+01  5.484490e+01 
 3.640175e+00  8.161661e+00  1.900247e+01  2.888159e+01  5.343397e+01 
 3.690917e+00  7.993718e+00  1.854490e+01  2.813212e+01  5.206340e+01 
 3.742366e+00  7.831002e+00  1.807900e+01  2.741406e+01  5.074610e+01 
 3.794533e+00  7.674465e+00  1.764101e+01  2.671554e+01  4.944540e+01 
 3.847427e+00  7.517531e+00  1.720346e+01  2.603134e+01  4.819480e+01 
 3.901058e+00  7.361989e+00  1.678283e+01  2.537059e+01  4.696213e+01 
 3.955436e+00  7.214895e+00  1.636869e+01  2.471375e+01  4.575879e+01 
 4.010573e+00  7.063486e+00  1.596155e+01  2.408445e+01  4.459701e+01 
 4.066478e+00  6.915170e+00  1.555862e+01  2.345865e+01  4.344250e+01 
 4.123163e+00  6.767441e+00  1.517023e+01  2.284636e+01  4.231330e+01 
 4.180637e+00  6.624522e+00  1.478688e+01  2.225109e+01  4.120745e+01 
 4.238913e+00  6.481109e+00  1.440627e+01  2.166381e+01  4.013779e+01 
 4.298001e+00  6.337623e+00  1.403765e+01  2.109636e+01  3.908296e+01 
 4.357913e+00  6.202675e+00  1.367622e+01  2.054317e+01  3.806734e+01 
 4.418660e+00  6.065840e+00  1.332840e+01  1.999846e+01  3.707503e+01 
 4.480254e+00  5.931363e+00  1.298414e+01  1.947166e+01  3.610338e+01 
 4.542706e+00  5.801569e+00  1.264823e+01  1.895668e+01  3.515756e+01 
 4.606029e+00  5.673058e+00  1.232644e+01  1.846051e+01  3.424735e+01 
 4.670234e+00  5.546882e+00  1.200969e+01  1.798151e+01  3.336019e+01 
 4.735335e+00  5.424542e+00  1.170328e+01  1.751067e+01  3.249330e+01 
 4.801343e+00  5.305879e+00  1.140700e+01  1.705590e+01  3.164805e+01 
 4.868271e+00  5.187757e+00  1.111519e+01  1.661142e+01  3.082891e+01 
 4.936132e+00  5.072231e+00  1.083029e+01  1.617846e+01  3.003180e+01 
 5.004939e+00  4.957929e+00  1.055321e+01  1.575616e+01  2.925047e+01 
 5.074705e+00  4.844590e+00  1.028040e+01  1.534030e+01  2.848785e+01 
 5.145444e+00  4.734335e+00  1.001376e+01  1.493635e+01  2.774089e+01 
 5.217169e+00  4.624321e+00  9.751473e+00  1.453890e+01  2.700447e+01 
 5.289893e+00  4.518216e+00  9.497058e+00  1.415567e+01  2.629377e+01 
 5.363631e+00  4.411580e+00  9.248227e+00  1.377627e+01  2.559675e+01 
 5.438397e+00  4.308800e+00  9.004943e+00  1.341003e+01  2.491487e+01 
 5.514206e+00  4.207549e+00  8.768763e+00  1.305341e+01  2.425484e+01 
 5.591071e+00  4.107569e+00  8.539872e+00  1.270615e+01  2.361231e+01 
 5.669007e+00  4.011898e+00  8.315923e+00  1.236989e+01  2.298972e+01 
 5.748030e+00  3.917284e+00  8.099380e+00  1.204196e+01  2.238026e+01 
 5.828155e+00  3.825207e+00  7.888927e+00  1.172491e+01  2.179064e+01 
 5.909396e+00  3.735264e+00  7.684227e+00  1.141692e+01  2.121989e+01 
 5.991770e+00  3.647300e+00  7.484834e+00  1.111643e+01  2.066428e+01 
 6.075292e+00  3.561792e+00  7.292067e+00  1.082602e+01  2.012084e+01 
 6.159978e+00  3.477725e+00  7.103554e+00  1.054324e+01  1.959459e+01 
 6.245845e+00  3.395484e+00  6.919468e+00  1.026692e+01  1.907856e+01 
 6.332908e+00  3.314115e+00  6.738623e+00  9.994905e+00  1.857187e+01 
 6.421186e+00  3.234748e+00  6.562260e+00  9.729221e+00  1.807686e+01 
 6.510694e+00  3.156245e+00  6.389557e+00  9.470452e+00  1.759388e+01 
 6.601449e+00  3.079883e+00  6.221439e+00  9.217811e+00  1.712183e+01 
 6.693470e+00  3.004488e+00  6.056757e+00  8.970354e+00  1.666043e+01 
 6.786773e+00  2.931151e+00  5.896837e+00  8.729843e+00  1.621241e+01 
 6.881377e+00  2.859792e+00  5.741465e+00  8.496361e+00  1.577462e+01 
 6.977300e+00  2.790036e+00  5.590507e+00  8.270601e+00  1.535022e+01 
 7.074559e+00  2.722321e+00  5.443456e+00  8.049328e+00  1.493703e+01 
 7.173175e+00  2.656004e+00  5.301154e+00  7.835499e+00  1.453677e+01 
 7.273165e+00  2.591848e+00  5.162992e+00  7.628579e+00  1.414769e+01 
 7.374549e+00  2.529145e+00  5.028579e+00  7.426688e+00  1.377053e+01 
 7.477346e+00  2.468013e+00  4.898522e+00  7.232071e+00  1.340349e+01 
 7.581576e+00  2.408866e+00  4.771481e+00  7.041718e+00  1.304691e+01 
 7.687260e+00  2.350894e+00  4.648398e+00  6.856806e+00  1.270023e+01 
 7.794416e+00  2.294199e+00  4.528167e+00  6.675479e+00  1.236077e+01 
 7.903066e+00  2.238673e+00  4.409848e+00  6.498261e+00  1.202783e+01 
 8.013230e+00  2.184049e+00  4.294927e+00  6.326150e+00  1.170335e+01 
 8.124930e+00  2.130521e+00  4.182253e+00  6.157199e+00  1.138541e+01 
 8.238187e+00  2.078381e+00  4.072213e+00  5.991867e+00  1.107538e+01 
 8.353023e+00  2.027280e+00  3.965114e+00  5.831172e+00  1.077299e+01 
 8.469460e+00  1.977609e+00  3.860937e+00  5.674983e+00  1.047891e+01 
 8.587519e+00  1.929212e+00  3.759504e+00  5.522885e+00  1.019279e+01 
 8.707225e+00  1.882086e+00  3.660823e+00  5.375235e+00  9.914985e+00 
 8.828599e+00  1.836355e+00  3.565558e+00  5.232023e+00  9.644649e+00 
 8.951665e+00  1.791747e+00  3.473035e+00  5.092867e+00  9.383267e+00 
 9.076446e+00  1.748618e+00  3.383204e+00  4.958355e+00  9.129473e+00 
 9.202967e+00  1.706668e+00  3.296073e+00  4.827898e+00  8.883044e+00 
 9.331251e+00  1.665875e+00  3.211472e+00  4.700932e+00  8.644033e+00 
 9.461324e+00  0.000000e+00  0.000000e+00  0.000000e+00  0.000000e+00 
 9.593209e+00  0.000000e+00  0.000000e+00  0.000000e+00  0.000000e+00 
 9.726934e+00  0.000000e+00  0.000000e+00  0.000000e+00  0.000000e+00 
 9.862522e+00  0.000000e+00  0.000000e+00  0.000000e+00  0.000000e+00 
 1.000000e+01  0.000000e+00  0.000000e+00  0.000000e+00  0.000000e+00 
