 1.000000e-02  5.836969e+03  1.049633e+04  1.409827e+04  2.084325e+04 
 1.013939e-02  5.867372e+03  1.055086e+04  1.417129e+04  2.095085e+04 
 1.028073e-02  5.897258e+03  1.060446e+04  1.424302e+04  2.105659e+04 
 1.042404e-02  5.926611e+03  1.065707e+04  1.431351e+04  2.116044e+04 
 1.056935e-02  5.955426e+03  1.070866e+04  1.438269e+04  2.126229e+04 
 1.071668e-02  5.983675e+03  1.075925e+04  1.445049e+04  2.136218e+04 
 1.086606e-02  6.011346e+03  1.080885e+04  1.451688e+04  2.146004e+04 
 1.101753e-02  6.038409e+03  1.085736e+04  1.458186e+04  2.155570e+04 
 1.117111e-02  6.064852e+03  1.090470e+04  1.464539e+04  2.164908e+04 
 1.132683e-02  6.090641e+03  1.095085e+04  1.470732e+04  2.174012e+04 
 1.148472e-02  6.115754e+03  1.099578e+04  1.476758e+04  2.182864e+04 
 1.164481e-02  6.140179e+03  1.103950e+04  1.482607e+04  2.191467e+04 
 1.180713e-02  6.163896e+03  1.108195e+04  1.488284e+04  2.199821e+04 
 1.197171e-02  6.186902e+03  1.112313e+04  1.493796e+04  2.207920e+04 
 1.213859e-02  6.209157e+03  1.116295e+04  1.499129e+04  2.215752e+04 
 1.230780e-02  6.230644e+03  1.120136e+04  1.504265e+04  2.223305e+04 
 1.247936e-02  6.251339e+03  1.123834e+04  1.509204e+04  2.230571e+04 
 1.265332e-02  6.271214e+03  1.127385e+04  1.513954e+04  2.237545e+04 
 1.282970e-02  6.290254e+03  1.130786e+04  1.518508e+04  2.244220e+04 
 1.300854e-02  6.308441e+03  1.134033e+04  1.522850e+04  2.250587e+04 
 1.318987e-02  6.325747e+03  1.137122e+04  1.526968e+04  2.256628e+04 
 1.337373e-02  6.342147e+03  1.140048e+04  1.530865e+04  2.262343e+04 
 1.356015e-02  6.357634e+03  1.142806e+04  1.534543e+04  2.267734e+04 
 1.374917e-02  6.372179e+03  1.145395e+04  1.538002e+04  2.272792e+04 
 1.394083e-02  6.385756e+03  1.147812e+04  1.541232e+04  2.277503e+04 
 1.413516e-02  6.398342e+03  1.150051e+04  1.544224e+04  2.281857e+04 
 1.433219e-02  6.409923e+03  1.152109e+04  1.546972e+04  2.285851e+04 
 1.453198e-02  6.420485e+03  1.153983e+04  1.549464e+04  2.289482e+04 
 1.473454e-02  6.430017e+03  1.155668e+04  1.551696e+04  2.292740e+04 
 1.493993e-02  6.438462e+03  1.157160e+04  1.553668e+04  2.295614e+04 
 1.514819e-02  6.445806e+03  1.158455e+04  1.555377e+04  2.298104e+04 
 1.535935e-02  6.452029e+03  1.159551e+04  1.556825e+04  2.300190e+04 
 1.557345e-02  6.457122e+03  1.160441e+04  1.558010e+04  2.301863e+04 
 1.579053e-02  6.461061e+03  1.161123e+04  1.558915e+04  2.303124e+04 
 1.601064e-02  6.463836e+03  1.161596e+04  1.559535e+04  2.303971e+04 
 1.623382e-02  6.465436e+03  1.161857e+04  1.559857e+04  2.304402e+04 
 1.646012e-02  6.465816e+03  1.161900e+04  1.559883e+04  2.304403e+04 
 1.668956e-02  6.464968e+03  1.161723e+04  1.559620e+04  2.303963e+04 
 1.692220e-02  6.462880e+03  1.161323e+04  1.559060e+04  2.303072e+04 
 1.715809e-02  6.459525e+03  1.160693e+04  1.558193e+04  2.301727e+04 
 1.739726e-02  6.454887e+03  1.159833e+04  1.557013e+04  2.299924e+04 
 1.763977e-02  6.448964e+03  1.158743e+04  1.555525e+04  2.297670e+04 
 1.788566e-02  6.441742e+03  1.157415e+04  1.553719e+04  2.294962e+04 
 1.813498e-02  6.433205e+03  1.155853e+04  1.551598e+04  2.291784e+04 
 1.838777e-02  6.423339e+03  1.154054e+04  1.549157e+04  2.288128e+04 
 1.864409e-02  6.412133e+03  1.152014e+04  1.546393e+04  2.283988e+04 
 1.890397e-02  6.399579e+03  1.149730e+04  1.543302e+04  2.279352e+04 
 1.916748e-02  6.385663e+03  1.147200e+04  1.539881e+04  2.274227e+04 
 1.943467e-02  6.370371e+03  1.144423e+04  1.536128e+04  2.268618e+04 
 1.970558e-02  6.353686e+03  1.141396e+04  1.532040e+04  2.262531e+04 
 1.998026e-02  6.335615e+03  1.138120e+04  1.527618e+04  2.255957e+04 
 2.025878e-02  6.316170e+03  1.134599e+04  1.522864e+04  2.248873e+04 
 2.054117e-02  6.295357e+03  1.130831e+04  1.517779e+04  2.241281e+04 
 2.082751e-02  6.273153e+03  1.126813e+04  1.512356e+04  2.233209e+04 
 2.111783e-02  6.249557e+03  1.122542e+04  1.506601e+04  2.224661e+04 
 2.141220e-02  6.224665e+03  1.118035e+04  1.500522e+04  2.215624e+04 
 2.171068e-02  6.198952e+03  1.113354e+04  1.494182e+04  2.206131e+04 
 2.201331e-02  6.171855e+03  1.108425e+04  1.487512e+04  2.196137e+04 
 2.232016e-02  6.143373e+03  1.103251e+04  1.480508e+04  2.185648e+04 
 2.263130e-02  6.113531e+03  1.097829e+04  1.473176e+04  2.174684e+04 
 2.294676e-02  6.082343e+03  1.092166e+04  1.465518e+04  2.163246e+04 
 2.326663e-02  6.049839e+03  1.086269e+04  1.457545e+04  2.151340e+04 
 2.359095e-02  6.016030e+03  1.080136e+04  1.449255e+04  2.138968e+04 
 2.391980e-02  5.980907e+03  1.073765e+04  1.440648e+04  2.126127e+04 
 2.425323e-02  5.944486e+03  1.067161e+04  1.431732e+04  2.112824e+04 
 2.459130e-02  5.906810e+03  1.060332e+04  1.422512e+04  2.099073e+04 
 2.493409e-02  5.867909e+03  1.053284e+04  1.412994e+04  2.084886e+04 
 2.528166e-02  5.827802e+03  1.046020e+04  1.403185e+04  2.070271e+04 
 2.563407e-02  5.786506e+03  1.038542e+04  1.393092e+04  2.055235e+04 
 2.599140e-02  5.744057e+03  1.030856e+04  1.382722e+04  2.039790e+04 
 2.635371e-02  5.700491e+03  1.022969e+04  1.372084e+04  2.023950e+04 
 2.672106e-02  5.655841e+03  1.014889e+04  1.361187e+04  2.007729e+04 
 2.709354e-02  5.610149e+03  1.006625e+04  1.350039e+04  1.991140e+04 
 2.747121e-02  5.563470e+03  9.981813e+03  1.338652e+04  1.974196e+04 
 2.785414e-02  5.515762e+03  9.895552e+03  1.327021e+04  1.956902e+04 
 2.824241e-02  5.466779e+03  9.807128e+03  1.315109e+04  1.939218e+04 
 2.863610e-02  5.416927e+03  9.717124e+03  1.302991e+04  1.921229e+04 
 2.903527e-02  5.366260e+03  9.625672e+03  1.290679e+04  1.902951e+04 
 2.944000e-02  5.314826e+03  9.532869e+03  1.278184e+04  1.884407e+04 
 2.985038e-02  5.262685e+03  9.438814e+03  1.265519e+04  1.865617e+04 
 3.026648e-02  5.209898e+03  9.343585e+03  1.252701e+04  1.846595e+04 
 3.068838e-02  5.156528e+03  9.247291e+03  1.239742e+04  1.827369e+04 
 3.111616e-02  5.102629e+03  9.150051e+03  1.226656e+04  1.807956e+04 
 3.154990e-02  5.048273e+03  9.051996e+03  1.213457e+04  1.788378e+04 
 3.198969e-02  4.993506e+03  8.953209e+03  1.200161e+04  1.768657e+04 
 3.243561e-02  4.938387e+03  8.853800e+03  1.186783e+04  1.748818e+04 
 3.288774e-02  4.882988e+03  8.753888e+03  1.173341e+04  1.728881e+04 
 3.334618e-02  4.827383e+03  8.653624e+03  1.159848e+04  1.708874e+04 
 3.381101e-02  4.771646e+03  8.553109e+03  1.146323e+04  1.688820e+04 
 3.428231e-02  4.715830e+03  8.452476e+03  1.132783e+04  1.668744e+04 
 3.476019e-02  4.659815e+03  8.351850e+03  1.119281e+04  1.648829e+04 
 3.524473e-02  4.603858e+03  8.251347e+03  1.105795e+04  1.628944e+04 
 3.573602e-02  4.548033e+03  8.151073e+03  1.092342e+04  1.609108e+04 
 3.623416e-02  4.492422e+03  8.051171e+03  1.078939e+04  1.589344e+04 
 3.673925e-02  4.437097e+03  7.951772e+03  1.065604e+04  1.569682e+04 
 3.725137e-02  4.382120e+03  7.853007e+03  1.052355e+04  1.550140e+04 
 3.777064e-02  4.327549e+03  7.754973e+03  1.039202e+04  1.530741e+04 
 3.829714e-02  4.273443e+03  7.657761e+03  1.026160e+04  1.511507e+04 
 3.883098e-02  4.219865e+03  7.561492e+03  1.013244e+04  1.492461e+04 
 3.937226e-02  4.166875e+03  7.466301e+03  1.000475e+04  1.473624e+04 
 3.992109e-02  4.114542e+03  7.372293e+03  9.878638e+03  1.455022e+04 
 4.047757e-02  4.062906e+03  7.279506e+03  9.754100e+03  1.436640e+04 
 4.104181e-02  4.011758e+03  7.186887e+03  9.629011e+03  1.417976e+04 
 4.161391e-02  3.961425e+03  7.095736e+03  9.505914e+03  1.399602e+04 
 4.219398e-02  3.911941e+03  7.006124e+03  9.384910e+03  1.381538e+04 
 4.278214e-02  3.863349e+03  6.918136e+03  9.266109e+03  1.363798e+04 
 4.337850e-02  3.815697e+03  6.831828e+03  9.149572e+03  1.346396e+04 
 4.398317e-02  3.769024e+03  6.747273e+03  9.035378e+03  1.329341e+04 
 4.459628e-02  3.723349e+03  6.664507e+03  8.923571e+03  1.312641e+04 
 4.521792e-02  3.678678e+03  6.583580e+03  8.814229e+03  1.296303e+04 
 4.584824e-02  3.635029e+03  6.504511e+03  8.707371e+03  1.280336e+04 
 4.648734e-02  3.592424e+03  6.427314e+03  8.603036e+03  1.264737e+04 
 4.713535e-02  3.551110e+03  6.353292e+03  8.503880e+03  1.250143e+04 
 4.779239e-02  3.510974e+03  6.281924e+03  8.408828e+03  1.236297e+04 
 4.845859e-02  3.471870e+03  6.212388e+03  8.316209e+03  1.222810e+04 
 4.913407e-02  3.433775e+03  6.144660e+03  8.226011e+03  1.209678e+04 
 4.981898e-02  3.396660e+03  6.078679e+03  8.138165e+03  1.196889e+04 
 5.051342e-02  3.360501e+03  6.014393e+03  8.052610e+03  1.184433e+04 
 5.121755e-02  3.325261e+03  5.951757e+03  7.969236e+03  1.172297e+04 
 5.193150e-02  3.290897e+03  5.890688e+03  7.887922e+03  1.160468e+04 
 5.265540e-02  3.257338e+03  5.831072e+03  7.808546e+03  1.148922e+04 
 5.338938e-02  3.224247e+03  5.771785e+03  7.729106e+03  1.137230e+04 
 5.413360e-02  3.191516e+03  5.712540e+03  7.649133e+03  1.125295e+04 
 5.488820e-02  3.159440e+03  5.654464e+03  7.570705e+03  1.113592e+04 
 5.565331e-02  3.127905e+03  5.597350e+03  7.493582e+03  1.102081e+04 
 5.642908e-02  3.096720e+03  5.540873e+03  7.417301e+03  1.090696e+04 
 5.721568e-02  3.065758e+03  5.484798e+03  7.341585e+03  1.079395e+04 
 5.801323e-02  3.035246e+03  5.429530e+03  7.266949e+03  1.068253e+04 
 5.882190e-02  3.005479e+03  5.375607e+03  7.194101e+03  1.057377e+04 
 5.964185e-02  2.976465e+03  5.323421e+03  7.123992e+03  1.047013e+04 
 6.047322e-02  2.947912e+03  5.273167e+03  7.057605e+03  1.037496e+04 
 6.131619e-02  2.918548e+03  5.221456e+03  6.989270e+03  1.027690e+04 
 6.217090e-02  2.888453e+03  5.168425e+03  6.919166e+03  1.017623e+04 
 6.303753e-02  2.857804e+03  5.114403e+03  6.847727e+03  1.007355e+04 
 6.391624e-02  2.826756e+03  5.059669e+03  6.775298e+03  9.969411e+03 
 6.480720e-02  2.795201e+03  5.004017e+03  6.701618e+03  9.863414e+03 
 6.571058e-02  2.762953e+03  4.947104e+03  6.626245e+03  9.754908e+03 
 6.662655e-02  2.728518e+03  4.884142e+03  6.540580e+03  9.625218e+03 
 6.755528e-02  2.693101e+03  4.819366e+03  6.452427e+03  9.491715e+03 
 6.849697e-02  2.656705e+03  4.752846e+03  6.361953e+03  9.354833e+03 
 6.945178e-02  2.619287e+03  4.684517e+03  6.269062e+03  9.214419e+03 
 7.041990e-02  2.580814e+03  4.614321e+03  6.173675e+03  9.070386e+03 
 7.140151e-02  2.541261e+03  4.542195e+03  6.075732e+03  8.922622e+03 
 7.239681e-02  2.500901e+03  4.468955e+03  5.976704e+03  8.774547e+03 
 7.340598e-02  2.459808e+03  4.394797e+03  5.876923e+03  8.626886e+03 
 7.442922e-02  2.417636e+03  4.318713e+03  5.774577e+03  8.475467e+03 
 7.546673e-02  2.374431e+03  4.240793e+03  5.669769e+03  8.320463e+03 
 7.651869e-02  2.330274e+03  4.161174e+03  5.562697e+03  8.162142e+03 
 7.758532e-02  2.285253e+03  4.080005e+03  5.453566e+03  8.000817e+03 
 7.866682e-02  2.240444e+03  4.000495e+03  5.347900e+03  7.847608e+03 
 7.976339e-02  2.196554e+03  3.924700e+03  5.249179e+03  7.709478e+03 
 8.087525e-02  2.152100e+03  3.847818e+03  5.148904e+03  7.568853e+03 
 8.200261e-02  2.107240e+03  3.770118e+03  5.047460e+03  7.426287e+03 
 8.314568e-02  2.062135e+03  3.691904e+03  4.945258e+03  7.282374e+03 
 8.430468e-02  2.016972e+03  3.613497e+03  4.842726e+03  7.137741e+03 
 8.547985e-02  1.970876e+03  3.531852e+03  4.734376e+03  6.981065e+03 
 8.667139e-02  1.924657e+03  3.449248e+03  4.624033e+03  6.819806e+03 
 8.787954e-02  1.879027e+03  3.367686e+03  4.515059e+03  6.660507e+03 
 8.910453e-02  1.834182e+03  3.287514e+03  4.407949e+03  6.503879e+03 
 9.034660e-02  1.790311e+03  3.209080e+03  4.303161e+03  6.350620e+03 
 9.160598e-02  1.748281e+03  3.134852e+03  4.204791e+03  6.208575e+03 
 9.288292e-02  1.708177e+03  3.064878e+03  4.112813e+03  6.077480e+03 
 9.417766e-02  1.669516e+03  2.997419e+03  4.024153e+03  5.951110e+03 
 9.549045e-02  1.632430e+03  2.932729e+03  3.939151e+03  5.829965e+03 
 9.682153e-02  1.597035e+03  2.871032e+03  3.858104e+03  5.714527e+03 
 9.817117e-02  1.563645e+03  2.813244e+03  3.782568e+03  5.607810e+03 
 9.953962e-02  1.532175e+03  2.758990e+03  3.711829e+03  5.508325e+03 
 1.009272e-01  1.502574e+03  2.708036e+03  3.645475e+03  5.415204e+03 
 1.023340e-01  1.474851e+03  2.660395e+03  3.583555e+03  5.328521e+03 
 1.037605e-01  1.448230e+03  2.613831e+03  3.522293e+03  5.241009e+03 
 1.052069e-01  1.420596e+03  2.562216e+03  3.451316e+03  5.132758e+03 
 1.066734e-01  1.394722e+03  2.513841e+03  3.384724e+03  5.031104e+03 
 1.081604e-01  1.370485e+03  2.468430e+03  3.322199e+03  4.935545e+03 
 1.096681e-01  1.347712e+03  2.425688e+03  3.263319e+03  4.845456e+03 
 1.111968e-01  1.326761e+03  2.386881e+03  3.210113e+03  4.764134e+03 
 1.127468e-01  1.306882e+03  2.350088e+03  3.159615e+03  4.686898e+03 
 1.143184e-01  1.287826e+03  2.314795e+03  3.111140e+03  4.612695e+03 
 1.159120e-01  1.269335e+03  2.280531e+03  3.064091e+03  4.540639e+03 
 1.175277e-01  1.252481e+03  2.250595e+03  3.024060e+03  4.481384e+03 
 1.191660e-01  1.235801e+03  2.221097e+03  2.984656e+03  4.423281e+03 
 1.208271e-01  1.218924e+03  2.191232e+03  2.944738e+03  4.364409e+03 
 1.225114e-01  1.201563e+03  2.160480e+03  2.903716e+03  4.304001e+03 
 1.242191e-01  1.183347e+03  2.128204e+03  2.860900e+03  4.242296e+03 
 1.259506e-01  1.164315e+03  2.094444e+03  2.816020e+03  4.177515e+03 
 1.277063e-01  1.144311e+03  2.058891e+03  2.768752e+03  4.109156e+03 
 1.294865e-01  1.123671e+03  2.022411e+03  2.720271e+03  4.038688e+03 
 1.312915e-01  1.102413e+03  1.985073e+03  2.670653e+03  3.966156e+03 
 1.331216e-01  1.080015e+03  1.945626e+03  2.618207e+03  3.889352e+03 
 1.349772e-01  1.056569e+03  1.904291e+03  2.563249e+03  3.808917e+03 
 1.368587e-01  1.033425e+03  1.865547e+03  2.514012e+03  3.743511e+03 
 1.387665e-01  1.009445e+03  1.825171e+03  2.462455e+03  3.674359e+03 
 1.407008e-01  9.848357e+02  1.783509e+03  2.409072e+03  3.602141e+03 
 1.426621e-01  9.606052e+02  1.742504e+03  2.356102e+03  3.528194e+03 
 1.446507e-01  9.364767e+02  1.701598e+03  2.303004e+03  3.453165e+03 
 1.466671e-01  9.124772e+02  1.660779e+03  2.249890e+03  3.378009e+03 
 1.487115e-01  8.863948e+02  1.613874e+03  2.187031e+03  3.285964e+03 
 1.507845e-01  8.594159e+02  1.563859e+03  2.119010e+03  3.184539e+03 
 1.528864e-01  8.335698e+02  1.515953e+03  2.053813e+03  3.087446e+03 
 1.550175e-01  8.109760e+02  1.475878e+03  2.000620e+03  3.010769e+03 
 1.571784e-01  7.911495e+02  1.442115e+03  1.956938e+03  2.949914e+03 
 1.593694e-01  7.727900e+02  1.410934e+03  1.916669e+03  2.894054e+03 
 1.615909e-01  7.564289e+02  1.383570e+03  1.881536e+03  2.845499e+03 
 1.638434e-01  7.417894e+02  1.359383e+03  1.850682e+03  2.803139e+03 
 1.661273e-01  7.285843e+02  1.337755e+03  1.823250e+03  2.765784e+03 
 1.684430e-01  7.131984e+02  1.309405e+03  1.785006e+03  2.709984e+03 
 1.707910e-01  6.985959e+02  1.282170e+03  1.748075e+03  2.655904e+03 
 1.731717e-01  6.856430e+02  1.258448e+03  1.716172e+03  2.609418e+03 
 1.755856e-01  6.760678e+02  1.242850e+03  1.696261e+03  2.581455e+03 
 1.780332e-01  6.668660e+02  1.227895e+03  1.677239e+03  2.554745e+03 
 1.805149e-01  6.560315e+02  1.207868e+03  1.649595e+03  2.512003e+03 
 1.830312e-01  6.440139e+02  1.184444e+03  1.616342e+03  2.458991e+03 
 1.855825e-01  6.317637e+02  1.160943e+03  1.583376e+03  2.407261e+03 
 1.881694e-01  6.197932e+02  1.139978e+03  1.556054e+03  2.369075e+03 
 1.907924e-01  6.071258e+02  1.117689e+03  1.526890e+03  2.327994e+03 
 1.934520e-01  5.932714e+02  1.093107e+03  1.494770e+03  2.283747e+03 
 1.961486e-01  5.785471e+02  1.066853e+03  1.460391e+03  2.236394e+03 
 1.988828e-01  5.644389e+02  1.042321e+03  1.428425e+03  2.191941e+03 
 2.016551e-01  5.516135e+02  1.021008e+03  1.400961e+03  2.153312e+03 
 2.044661e-01  5.381967e+02  9.981801e+02  1.371112e+03  2.110504e+03 
 2.073162e-01  5.233274e+02  9.706882e+02  1.333381e+03  2.053376e+03 
 2.102061e-01  5.086544e+02  9.435468e+02  1.296130e+03  1.996949e+03 
 2.131362e-01  4.982561e+02  9.285017e+02  1.278201e+03  1.973014e+03 
 2.161073e-01  4.885876e+02  9.148751e+02  1.262266e+03  1.952153e+03 
 2.191197e-01  4.760254e+02  8.932658e+02  1.234467e+03  1.914762e+03 
 2.221741e-01  4.635930e+02  8.712747e+02  1.205888e+03  1.876377e+03 
 2.252711e-01  4.526766e+02  8.526268e+02  1.182137e+03  1.844738e+03 
 2.284112e-01  4.428828e+02  8.362107e+02  1.161490e+03  1.817550e+03 
 2.315951e-01  4.344799e+02  8.213942e+02  1.141469e+03  1.786825e+03 
 2.348235e-01  4.269577e+02  8.078711e+02  1.122678e+03  1.756452e+03 
 2.380968e-01  4.179061e+02  7.904346e+02  1.098444e+03  1.719812e+03 
 2.414157e-01  4.086430e+02  7.723490e+02  1.073308e+03  1.682304e+03 
 2.447809e-01  3.993752e+02  7.551262e+02  1.050100e+03  1.647907e+03 
 2.481930e-01  3.901459e+02  7.381190e+02  1.027260e+03  1.614027e+03 
 2.516527e-01  3.845302e+02  7.292898e+02  1.015789e+03  1.597006e+03 
 2.551606e-01  3.775063e+02  7.173455e+02  9.999887e+02  1.573892e+03 
 2.587174e-01  3.668520e+02  6.972382e+02  9.729129e+02  1.535377e+03 
 2.623238e-01  3.577986e+02  6.812419e+02  9.518393e+02  1.505688e+03 
 2.659804e-01  3.506080e+02  6.699181e+02  9.375657e+02  1.486044e+03 
 2.696881e-01  3.411565e+02  6.531331e+02  9.152292e+02  1.452919e+03 
 2.734474e-01  3.312408e+02  6.351302e+02  8.910759e+02  1.416769e+03 
 2.772591e-01  3.238691e+02  6.231691e+02  8.762715e+02  1.397785e+03 
 2.811239e-01  3.163277e+02  6.102507e+02  8.600542e+02  1.377874e+03 
 2.850426e-01  3.084950e+02  5.959482e+02  8.418407e+02  1.356716e+03 
 2.890160e-01  3.015702e+02  5.842613e+02  8.267852e+02  1.335004e+03 
 2.930447e-01  2.952174e+02  5.732771e+02  8.119420e+02  1.311500e+03 
 2.971296e-01  2.891493e+02  5.610548e+02  7.934094e+02  1.279734e+03 
 3.012714e-01  2.837463e+02  5.518707e+02  7.813009e+02  1.261915e+03 
 3.054710e-01  2.783186e+02  5.431377e+02  7.706301e+02  1.248087e+03 
 3.097291e-01  2.715944e+02  5.311868e+02  7.552856e+02  1.227782e+03 
 3.140465e-01  2.652958e+02  5.188883e+02  7.378138e+02  1.199464e+03 
 3.184242e-01  2.595649e+02  5.078467e+02  7.221021e+02  1.173896e+03 
 3.228628e-01  2.550277e+02  5.006151e+02  7.132622e+02  1.163464e+03 
 3.273634e-01  2.485309e+02  4.879704e+02  6.953742e+02  1.135362e+03 
 3.319266e-01  2.418126e+02  4.753517e+02  6.782131e+02  1.110005e+03 
 3.365535e-01  2.355037e+02  4.644563e+02  6.644365e+02  1.091917e+03 
 3.412449e-01  2.312829e+02  4.588425e+02  6.575053e+02  1.080269e+03 
 3.460016e-01  2.266759e+02  4.513366e+02  6.478136e+02  1.066603e+03 
 3.508247e-01  2.222024e+02  4.430331e+02  6.371951e+02  1.051177e+03 
 3.557150e-01  2.179091e+02  4.354113e+02  6.264104e+02  1.034640e+03 
 3.606735e-01  2.129544e+02  4.266849e+02  6.150940e+02  1.018862e+03 
 3.657011e-01  2.069889e+02  4.156176e+02  6.002800e+02  9.991777e+02 
 3.707988e-01  2.022061e+02  4.066856e+02  5.883051e+02  9.817308e+02 
 3.759675e-01  1.977983e+02  3.984729e+02  5.771960e+02  9.654068e+02 
 3.812083e-01  1.932035e+02  3.903515e+02  5.663141e+02  9.498543e+02 
 3.865221e-01  1.892947e+02  3.847793e+02  5.596392e+02  9.379594e+02 
 3.919100e-01  1.851849e+02  3.753782e+02  5.458228e+02  9.202103e+02 
 3.973730e-01  1.806313e+02  3.680458e+02  5.365872e+02  9.051368e+02 
 4.029122e-01  1.770492e+02  3.623739e+02  5.285394e+02  8.902620e+02 
 4.085286e-01  1.733550e+02  3.545513e+02  5.175798e+02  8.750391e+02 
 4.142232e-01  1.689444e+02  3.458232e+02  5.063714e+02  8.615384e+02 
 4.199973e-01  1.647689e+02  3.388405e+02  4.975935e+02  8.485069e+02 
 4.258518e-01  1.614676e+02  3.327433e+02  4.889192e+02  8.335154e+02 
 4.317880e-01  1.579624e+02  3.258632e+02  4.788999e+02  8.187835e+02 
 4.378069e-01  1.548469e+02  3.197680e+02  4.702516e+02  8.045575e+02 
 4.439097e-01  1.522606e+02  3.158367e+02  4.656371e+02  8.005512e+02 
 4.500975e-01  1.481155e+02  3.083278e+02  4.554523e+02  7.857226e+02 
 4.563716e-01  1.445493e+02  3.011427e+02  4.450982e+02  7.674456e+02 
 4.627332e-01  1.423415e+02  2.981121e+02  4.418113e+02  7.639951e+02 
 4.691835e-01  1.386734e+02  2.909863e+02  4.316464e+02  7.471494e+02 
 4.757236e-01  1.360149e+02  2.858490e+02  4.247017e+02  7.366813e+02 
 4.823549e-01  1.324530e+02  2.787126e+02  4.149332e+02  7.240122e+02 
 4.890787e-01  1.296380e+02  2.733924e+02  4.077822e+02  7.127663e+02 
 4.958962e-01  1.275618e+02  2.693035e+02  4.014187e+02  7.013062e+02 
 5.028087e-01  1.247878e+02  2.645562e+02  3.950783e+02  6.922513e+02 
 5.098176e-01  1.224809e+02  2.603460e+02  3.888599e+02  6.800852e+02 
 5.169242e-01  1.203383e+02  2.563344e+02  3.835717e+02  6.729008e+02 
 5.241298e-01  1.164154e+02  2.499390e+02  3.758950e+02  6.635536e+02 
 5.314359e-01  1.143922e+02  2.467648e+02  3.713954e+02  6.563528e+02 
 5.388438e-01  1.119560e+02  2.413241e+02  3.634810e+02  6.447946e+02 
 5.463550e-01  1.099577e+02  2.374091e+02  3.576674e+02  6.354139e+02 
 5.539709e-01  1.070555e+02  2.325152e+02  3.514652e+02  6.257056e+02 
 5.616930e-01  1.051585e+02  2.288444e+02  3.463312e+02  6.179765e+02 
 5.695227e-01  1.031060e+02  2.256364e+02  3.422580e+02  6.089175e+02 
 5.774615e-01  1.007229e+02  2.202657e+02  3.345556e+02  5.984112e+02 
 5.855110e-01  9.891028e+01  2.168683e+02  3.293208e+02  5.898846e+02 
 5.936727e-01  9.660665e+01  2.116302e+02  3.223100e+02  5.795681e+02 
 6.019482e-01  9.498398e+01  2.091001e+02  3.180957e+02  5.720692e+02 
 6.103390e-01  9.274121e+01  2.053948e+02  3.132488e+02  5.631531e+02 
 6.188468e-01  9.067130e+01  2.022278e+02  3.105576e+02  5.608763e+02 
 6.274732e-01  8.915127e+01  1.982643e+02  3.039749e+02  5.509506e+02 
 6.362198e-01  8.739115e+01  1.951773e+02  2.994012e+02  5.422660e+02 
 6.450884e-01  8.534570e+01  1.916468e+02  2.945022e+02  5.336672e+02 
 6.540806e-01  8.353607e+01  1.874493e+02  2.883393e+02  5.252632e+02 
 6.631981e-01  8.170940e+01  1.847161e+02  2.853176e+02  5.194684e+02 
 6.724427e-01  8.013739e+01  1.814235e+02  2.809326e+02  5.142015e+02 
 6.818162e-01  7.841427e+01  1.779889e+02  2.749313e+02  5.038504e+02 
 6.913204e-01  7.673258e+01  1.747273e+02  2.707722e+02  4.966021e+02 
 7.009570e-01  7.561567e+01  1.719778e+02  2.668836e+02  4.899088e+02 
 7.107280e-01  7.370135e+01  1.691233e+02  2.627422e+02  4.819257e+02 
 7.206351e-01  7.254414e+01  1.664509e+02  2.593441e+02  4.777515e+02 
 7.306804e-01  7.109130e+01  1.638254e+02  2.549281e+02  4.689072e+02 
 7.408657e-01  6.949936e+01  1.605608e+02  2.503711e+02  4.629620e+02 
 7.511929e-01  6.802579e+01  1.576324e+02  2.466927e+02  4.561734e+02 
 7.616642e-01  6.666884e+01  1.547384e+02  2.426882e+02  4.504806e+02 
 7.722814e-01  6.581084e+01  1.530177e+02  2.396963e+02  4.434778e+02 
 7.830465e-01  6.440448e+01  1.500551e+02  2.356194e+02  4.374763e+02 
 7.939618e-01  6.322006e+01  1.480452e+02  2.324028e+02  4.330224e+02 
 8.050292e-01  6.181441e+01  1.453452e+02  2.293257e+02  4.271379e+02 
 8.162509e-01  6.075408e+01  1.431135e+02  2.252805e+02  4.195510e+02 
 8.276289e-01  5.927098e+01  1.402936e+02  2.216742e+02  4.141136e+02 
 8.391656e-01  5.854240e+01  1.384989e+02  2.184181e+02  4.094412e+02 
 8.508632e-01  5.742950e+01  1.361177e+02  2.153647e+02  4.036661e+02 
 8.627237e-01  5.618517e+01  1.338924e+02  2.120305e+02  3.970911e+02 
 8.747496e-01  5.513319e+01  1.316044e+02  2.088532e+02  3.915774e+02 
 8.869432e-01  5.418099e+01  1.296538e+02  2.059013e+02  3.864397e+02 
 8.993067e-01  5.308457e+01  1.275370e+02  2.026729e+02  3.807199e+02 
 9.118425e-01  5.223155e+01  1.252820e+02  1.991898e+02  3.737928e+02 
 9.245531e-01  5.109801e+01  1.231678e+02  1.960263e+02  3.696465e+02 
 9.374409e-01  5.011473e+01  1.212540e+02  1.934654e+02  3.643864e+02 
 9.505083e-01  4.928889e+01  1.192839e+02  1.905541e+02  3.591479e+02 
 9.637579e-01  4.821833e+01  1.169717e+02  1.871950e+02  3.538035e+02 
 9.771921e-01  4.760521e+01  1.161835e+02  1.851378e+02  3.488249e+02 
 9.908137e-01  4.668752e+01  1.139691e+02  1.821864e+02  3.441480e+02 
 1.004625e+00  4.575847e+01  1.118282e+02  1.789714e+02  3.382736e+02 
 1.018629e+00  4.499075e+01  1.102492e+02  1.763595e+02  3.332127e+02 
 1.032828e+00  4.412183e+01  1.085133e+02  1.740828e+02  3.295429e+02 
 1.047225e+00  4.326741e+01  1.068973e+02  1.711808e+02  3.237258e+02 
 1.061823e+00  4.260087e+01  1.053848e+02  1.687621e+02  3.189287e+02 
 1.076624e+00  4.179075e+01  1.036887e+02  1.662091e+02  3.139831e+02 
 1.091632e+00  4.106078e+01  1.020001e+02  1.637355e+02  3.089985e+02 
 1.106848e+00  4.027354e+01  1.002086e+02  1.612305e+02  3.047366e+02 
 1.122277e+00  3.956066e+01  9.875427e+01  1.584838e+02  2.995849e+02 
 1.137921e+00  3.883912e+01  9.704026e+01  1.560842e+02  2.950162e+02 
 1.153783e+00  3.820318e+01  9.550368e+01  1.536652e+02  2.906456e+02 
 1.169866e+00  3.750657e+01  9.404376e+01  1.512661e+02  2.864957e+02 
 1.186174e+00  3.681980e+01  9.265377e+01  1.489530e+02  2.817454e+02 
 1.202708e+00  3.622528e+01  9.118481e+01  1.467104e+02  2.773463e+02 
 1.219473e+00  3.560476e+01  8.980452e+01  1.445476e+02  2.725728e+02 
 1.236472e+00  3.496098e+01  8.845458e+01  1.424212e+02  2.684573e+02 
 1.253708e+00  3.439005e+01  8.696348e+01  1.399739e+02  2.644821e+02 
 1.271184e+00  3.380644e+01  8.595810e+01  1.381824e+02  2.600990e+02 
 1.288904e+00  3.322072e+01  8.426686e+01  1.358087e+02  2.563134e+02 
 1.306870e+00  3.260022e+01  8.296940e+01  1.336005e+02  2.518241e+02 
 1.325087e+00  3.209648e+01  8.171887e+01  1.315750e+02  2.475073e+02 
 1.343558e+00  3.155110e+01  8.039628e+01  1.294691e+02  2.433653e+02 
 1.362287e+00  3.105155e+01  7.905243e+01  1.272174e+02  2.393752e+02 
 1.381276e+00  3.052135e+01  7.779445e+01  1.249605e+02  2.353793e+02 
 1.400531e+00  3.000991e+01  7.658301e+01  1.230345e+02  2.310344e+02 
 1.420053e+00  2.947553e+01  7.528414e+01  1.210983e+02  2.269496e+02 
 1.439848e+00  2.899435e+01  7.412251e+01  1.190069e+02  2.231407e+02 
 1.459919e+00  2.846697e+01  7.290681e+01  1.169826e+02  2.190010e+02 
 1.480269e+00  2.804699e+01  7.159748e+01  1.149353e+02  2.147553e+02 
 1.500903e+00  2.756379e+01  7.047779e+01  1.129393e+02  2.113857e+02 
 1.521825e+00  2.710181e+01  6.942048e+01  1.111574e+02  2.074781e+02 
 1.543038e+00  2.663789e+01  6.827740e+01  1.093725e+02  2.039132e+02 
 1.564548e+00  2.622990e+01  6.715935e+01  1.074620e+02  2.000412e+02 
 1.586357e+00  2.579511e+01  6.611862e+01  1.056336e+02  1.963724e+02 
 1.608469e+00  2.534592e+01  6.505476e+01  1.038300e+02  1.929582e+02 
 1.630891e+00  2.499514e+01  6.386156e+01  1.018165e+02  1.890680e+02 
 1.653624e+00  2.455231e+01  6.279249e+01  1.001780e+02  1.858286e+02 
 1.676675e+00  2.414823e+01  6.183806e+01  9.846762e+01  1.821043e+02 
 1.700047e+00  2.373717e+01  6.080616e+01  9.668819e+01  1.787350e+02 
 1.723745e+00  2.335636e+01  5.974700e+01  9.493240e+01  1.750577e+02 
 1.747773e+00  2.294572e+01  5.870217e+01  9.318855e+01  1.715749e+02 
 1.772136e+00  2.257525e+01  5.768238e+01  9.144712e+01  1.683730e+02 
 1.796838e+00  2.221617e+01  5.668881e+01  8.978320e+01  1.649630e+02 
 1.821885e+00  2.186270e+01  5.569300e+01  8.807873e+01  1.617895e+02 
 1.847281e+00  2.150004e+01  5.480442e+01  8.653376e+01  1.585582e+02 
 1.873032e+00  2.115251e+01  5.377599e+01  8.479573e+01  1.554442e+02 
 1.899141e+00  2.079370e+01  5.280261e+01  8.324866e+01  1.522860e+02 
 1.925614e+00  2.046968e+01  5.190760e+01  8.169062e+01  1.491197e+02 
 1.952456e+00  2.019248e+01  5.102742e+01  8.015794e+01  1.460833e+02 
 1.979672e+00  1.981985e+01  5.015237e+01  7.863881e+01  1.430922e+02 
 2.007267e+00  1.951997e+01  4.922686e+01  7.705452e+01  1.402612e+02 
 2.035248e+00  1.917911e+01  4.832276e+01  7.553450e+01  1.372084e+02 
 2.063618e+00  1.886090e+01  4.741822e+01  7.406052e+01  1.343024e+02 
 2.092383e+00  1.855540e+01  4.654931e+01  7.256609e+01  1.314893e+02 
 2.121550e+00  1.823927e+01  4.566464e+01  7.110028e+01  1.286317e+02 
 2.151123e+00  1.794065e+01  4.481874e+01  6.962461e+01  1.257962e+02 
 2.181109e+00  1.763966e+01  4.395333e+01  6.823317e+01  1.231148e+02 
 2.211512e+00  1.734431e+01  4.309765e+01  6.679029e+01  1.203309e+02 
 2.242340e+00  1.706134e+01  4.229230e+01  6.542733e+01  1.177094e+02 
 2.273597e+00  1.675673e+01  4.147577e+01  6.401044e+01  1.150764e+02 
 2.305289e+00  1.649282e+01  4.066331e+01  6.269914e+01  1.125355e+02 
 2.337424e+00  1.621526e+01  3.985173e+01  6.137349e+01  1.100185e+02 
 2.370006e+00  1.594241e+01  3.907874e+01  6.008781e+01  1.076539e+02 
 2.403043e+00  1.566444e+01  3.831485e+01  5.877557e+01  1.051968e+02 
 2.436540e+00  1.540827e+01  3.756724e+01  5.753217e+01  1.028199e+02 
 2.470504e+00  1.514889e+01  3.683068e+01  5.628493e+01  1.004826e+02 
 2.504942e+00  1.489076e+01  3.611246e+01  5.508994e+01  9.823875e+01 
 2.539859e+00  1.464728e+01  3.536712e+01  5.386584e+01  9.594619e+01 
 2.575263e+00  1.438217e+01  3.463232e+01  5.273166e+01  9.376889e+01 
 2.611161e+00  1.414212e+01  3.392043e+01  5.151846e+01  9.158699e+01 
 2.647559e+00  1.389651e+01  3.320691e+01  5.034325e+01  8.941553e+01 
 2.684465e+00  1.365093e+01  3.253382e+01  4.919953e+01  8.730623e+01 
 2.721885e+00  1.340085e+01  3.181788e+01  4.809894e+01  8.524666e+01 
 2.759826e+00  1.316144e+01  3.112760e+01  4.698336e+01  8.320737e+01 
 2.798297e+00  1.292803e+01  3.047231e+01  4.591488e+01  8.127978e+01 
 2.837304e+00  1.269784e+01  2.981159e+01  4.485329e+01  7.934055e+01 
 2.876854e+00  1.246843e+01  2.915618e+01  4.381655e+01  7.746449e+01 
 2.916956e+00  1.224535e+01  2.853455e+01  4.279977e+01  7.557551e+01 
 2.957617e+00  1.202736e+01  2.792018e+01  4.181988e+01  7.379878e+01 
 2.998844e+00  1.180835e+01  2.731782e+01  4.084432e+01  7.202082e+01 
 3.040646e+00  1.159500e+01  2.671336e+01  3.989178e+01  7.033807e+01 
 3.083031e+00  1.138355e+01  2.612392e+01  3.896029e+01  6.866224e+01 
 3.126007e+00  1.117962e+01  2.555473e+01  3.804363e+01  6.699747e+01 
 3.169582e+00  1.097217e+01  2.496876e+01  3.713128e+01  6.538552e+01 
 3.213764e+00  1.076691e+01  2.440738e+01  3.624414e+01  6.379749e+01 
 3.258562e+00  1.056005e+01  2.386150e+01  3.536948e+01  6.224191e+01 
 3.303985e+00  1.035777e+01  2.330365e+01  3.451631e+01  6.071897e+01 
 3.350041e+00  1.016052e+01  2.275869e+01  3.366755e+01  5.921166e+01 
 3.396739e+00  9.958818e+00  2.223261e+01  3.285136e+01  5.774920e+01 
 3.444087e+00  9.768768e+00  2.170134e+01  3.203210e+01  5.630300e+01 
 3.492096e+00  9.577975e+00  2.119578e+01  3.125593e+01  5.493069e+01 
 3.540774e+00  9.385503e+00  2.070233e+01  3.049062e+01  5.356163e+01 
 3.590130e+00  9.203054e+00  2.020954e+01  2.973171e+01  5.225133e+01 
 3.640175e+00  9.023647e+00  1.973249e+01  2.900950e+01  5.095452e+01 
 3.690917e+00  8.841177e+00  1.927117e+01  2.828403e+01  4.969619e+01 
 3.742366e+00  8.665805e+00  1.880593e+01  2.758974e+01  4.848444e+01 
 3.794533e+00  8.493815e+00  1.836678e+01  2.691341e+01  4.727985e+01 
 3.847427e+00  8.324066e+00  1.792169e+01  2.625017e+01  4.612808e+01 
 3.901058e+00  8.151223e+00  1.749758e+01  2.559977e+01  4.497822e+01 
 3.955436e+00  7.989415e+00  1.707190e+01  2.495378e+01  4.385307e+01 
 4.010573e+00  7.819967e+00  1.665353e+01  2.433317e+01  4.276522e+01 
 4.066478e+00  7.656522e+00  1.624321e+01  2.371337e+01  4.167792e+01 
 4.123163e+00  7.493463e+00  1.584459e+01  2.310993e+01  4.062242e+01 
 4.180637e+00  7.335450e+00  1.545233e+01  2.252265e+01  3.958670e+01 
 4.238913e+00  7.178130e+00  1.506314e+01  2.194552e+01  3.858785e+01 
 4.298001e+00  7.020535e+00  1.468709e+01  2.138672e+01  3.760305e+01 
 4.357913e+00  6.872210e+00  1.431982e+01  2.083963e+01  3.665306e+01 
 4.418660e+00  6.722331e+00  1.396301e+01  2.030718e+01  3.572808e+01 
 4.480254e+00  6.574450e+00  1.361301e+01  1.978684e+01  3.482199e+01 
 4.542706e+00  6.432319e+00  1.326889e+01  1.927968e+01  3.393780e+01 
 4.606029e+00  6.291036e+00  1.294051e+01  1.879095e+01  3.308658e+01 
 4.670234e+00  6.153033e+00  1.261649e+01  1.831804e+01  3.225781e+01 
 4.735335e+00  6.017486e+00  1.230178e+01  1.785140e+01  3.144318e+01 
 4.801343e+00  5.886698e+00  1.199594e+01  1.739792e+01  3.064583e+01 
 4.868271e+00  5.755580e+00  1.169261e+01  1.695286e+01  2.986862e+01 
 4.936132e+00  5.626745e+00  1.139536e+01  1.651842e+01  2.910729e+01 
 5.004939e+00  5.498935e+00  1.110552e+01  1.609148e+01  2.835872e+01 
 5.074705e+00  5.371977e+00  1.082041e+01  1.567253e+01  2.763073e+01 
 5.145444e+00  5.248972e+00  1.054211e+01  1.526319e+01  2.691875e+01 
 5.217169e+00  5.126219e+00  1.026868e+01  1.486440e+01  2.621452e+01 
 5.289893e+00  5.008203e+00  1.000371e+01  1.447903e+01  2.553503e+01 
 5.363631e+00  4.890513e+00  9.745090e+00  1.409738e+01  2.487175e+01 
 5.438397e+00  4.776428e+00  9.492390e+00  1.372937e+01  2.422312e+01 
 5.514206e+00  4.664500e+00  9.246736e+00  1.337139e+01  2.359583e+01 
 5.591071e+00  4.553835e+00  9.009254e+00  1.302157e+01  2.298575e+01 
 5.669007e+00  4.448283e+00  8.776395e+00  1.268536e+01  2.239168e+01 
 5.748030e+00  4.343705e+00  8.551097e+00  1.235623e+01  2.181172e+01 
 5.828155e+00  4.241858e+00  8.332089e+00  1.203688e+01  2.124863e+01 
 5.909396e+00  4.142376e+00  8.118259e+00  1.172548e+01  2.070362e+01 
 5.991770e+00  4.044469e+00  7.909231e+00  1.142191e+01  2.016852e+01 
 6.075292e+00  3.948903e+00  7.706643e+00  1.112619e+01  1.964621e+01 
 6.159978e+00  3.854628e+00  7.507489e+00  1.083629e+01  1.913584e+01 
 6.245845e+00  3.761874e+00  7.312630e+00  1.055280e+01  1.863433e+01 
 6.332908e+00  3.670392e+00  7.120735e+00  1.027475e+01  1.814354e+01 
 6.421186e+00  3.581461e+00  6.934692e+00  1.000250e+01  1.766350e+01 
 6.510694e+00  3.493724e+00  6.752235e+00  9.738649e+00  1.719550e+01 
 6.601449e+00  3.408555e+00  6.575363e+00  9.480647e+00  1.674044e+01 
 6.693470e+00  3.324942e+00  6.402209e+00  9.228916e+00  1.629578e+01 
 6.786773e+00  3.243239e+00  6.235023e+00  8.984662e+00  1.586343e+01 
 6.881377e+00  3.164131e+00  6.071585e+00  8.747789e+00  1.544238e+01 
 6.977300e+00  3.086852e+00  5.913610e+00  8.518250e+00  1.503486e+01 
 7.074559e+00  3.011821e+00  5.759723e+00  8.294208e+00  1.463779e+01 
 7.173175e+00  2.938397e+00  5.610690e+00  8.077502e+00  1.425314e+01 
 7.273165e+00  2.867260e+00  5.466188e+00  7.867143e+00  1.387838e+01 
 7.374549e+00  2.797746e+00  5.324870e+00  7.661552e+00  1.351436e+01 
 7.477346e+00  2.729706e+00  5.188257e+00  7.463120e+00  1.316021e+01 
 7.581576e+00  2.663762e+00  5.053678e+00  7.267967e+00  1.281358e+01 
 7.687260e+00  2.598701e+00  4.922779e+00  7.077572e+00  1.247535e+01 
 7.794416e+00  2.534813e+00  4.794731e+00  6.890406e+00  1.214356e+01 
 7.903066e+00  2.472380e+00  4.669189e+00  6.707335e+00  1.181821e+01 
 8.013230e+00  2.411372e+00  4.547078e+00  6.530308e+00  1.150121e+01 
 8.124930e+00  2.351504e+00  4.428037e+00  6.356704e+00  1.119177e+01 
 8.238187e+00  2.293415e+00  4.311621e+00  6.187375e+00  1.089104e+01 
 8.353023e+00  2.236634e+00  4.198831e+00  6.023248e+00  1.059761e+01 
 8.469460e+00  2.181517e+00  4.089261e+00  5.863578e+00  1.031295e+01 
 8.587519e+00  2.127974e+00  3.982526e+00  5.708498e+00  1.003661e+01 
 8.707225e+00  2.075942e+00  3.878888e+00  5.558188e+00  9.767717e+00 
 8.828599e+00  2.025345e+00  3.779011e+00  5.411946e+00  9.506769e+00 
 8.951665e+00  1.976123e+00  3.681817e+00  5.270452e+00  9.253966e+00 
 9.076446e+00  1.928407e+00  3.587628e+00  5.133391e+00  9.008964e+00 
 9.202967e+00  1.882030e+00  3.495877e+00  4.999894e+00  8.769932e+00 
 9.331251e+00  1.836837e+00  3.406509e+00  4.869782e+00  8.537375e+00 
 9.461324e+00  0.000000e+00  0.000000e+00  0.000000e+00  0.000000e+00 
 9.593209e+00  0.000000e+00  0.000000e+00  0.000000e+00  0.000000e+00 
 9.726934e+00  0.000000e+00  0.000000e+00  0.000000e+00  0.000000e+00 
 9.862522e+00  0.000000e+00  0.000000e+00  0.000000e+00  0.000000e+00 
 1.000000e+01  0.000000e+00  0.000000e+00  0.000000e+00  0.000000e+00 
