 1.000000e-02  5.675812e+03  1.062236e+04  1.456348e+04  2.193843e+04 
 1.013939e-02  5.706101e+03  1.067885e+04  1.464092e+04  2.205466e+04 
 1.028073e-02  5.735882e+03  1.073432e+04  1.471698e+04  2.216887e+04 
 1.042404e-02  5.765129e+03  1.078884e+04  1.479167e+04  2.228108e+04 
 1.056935e-02  5.793843e+03  1.084243e+04  1.486494e+04  2.239117e+04 
 1.071668e-02  5.821996e+03  1.089498e+04  1.493678e+04  2.249896e+04 
 1.086606e-02  5.849556e+03  1.094642e+04  1.500714e+04  2.260444e+04 
 1.101753e-02  5.876509e+03  1.099672e+04  1.507595e+04  2.270753e+04 
 1.117111e-02  5.902829e+03  1.104581e+04  1.514308e+04  2.280819e+04 
 1.132683e-02  5.928512e+03  1.109369e+04  1.520851e+04  2.290640e+04 
 1.148472e-02  5.953555e+03  1.114035e+04  1.527231e+04  2.300206e+04 
 1.164481e-02  5.977925e+03  1.118576e+04  1.533440e+04  2.309504e+04 
 1.180713e-02  6.001568e+03  1.122983e+04  1.539462e+04  2.318517e+04 
 1.197171e-02  6.024492e+03  1.127253e+04  1.545295e+04  2.327248e+04 
 1.213859e-02  6.046644e+03  1.131378e+04  1.550930e+04  2.335678e+04 
 1.230780e-02  6.067988e+03  1.135351e+04  1.556357e+04  2.343801e+04 
 1.247936e-02  6.088522e+03  1.139173e+04  1.561578e+04  2.351617e+04 
 1.265332e-02  6.108244e+03  1.142840e+04  1.566589e+04  2.359109e+04 
 1.282970e-02  6.127118e+03  1.146349e+04  1.571376e+04  2.366260e+04 
 1.300854e-02  6.145126e+03  1.149696e+04  1.575939e+04  2.373070e+04 
 1.318987e-02  6.162243e+03  1.152875e+04  1.580274e+04  2.379539e+04 
 1.337373e-02  6.178450e+03  1.155882e+04  1.584373e+04  2.385657e+04 
 1.356015e-02  6.193703e+03  1.158710e+04  1.588231e+04  2.391405e+04 
 1.374917e-02  6.207975e+03  1.161354e+04  1.591826e+04  2.396758e+04 
 1.394083e-02  6.221261e+03  1.163814e+04  1.595157e+04  2.401718e+04 
 1.413516e-02  6.233536e+03  1.166085e+04  1.598245e+04  2.406307e+04 
 1.433219e-02  6.244782e+03  1.168163e+04  1.601075e+04  2.410505e+04 
 1.453198e-02  6.254978e+03  1.170042e+04  1.603630e+04  2.414284e+04 
 1.473454e-02  6.264084e+03  1.171719e+04  1.605906e+04  2.417633e+04 
 1.493993e-02  6.272073e+03  1.173186e+04  1.607898e+04  2.420545e+04 
 1.514819e-02  6.278941e+03  1.174444e+04  1.609601e+04  2.423031e+04 
 1.535935e-02  6.284661e+03  1.175487e+04  1.611003e+04  2.425078e+04 
 1.557345e-02  6.289208e+03  1.176311e+04  1.612106e+04  2.426677e+04 
 1.579053e-02  6.292556e+03  1.176913e+04  1.612900e+04  2.427817e+04 
 1.601064e-02  6.294681e+03  1.177285e+04  1.613380e+04  2.428483e+04 
 1.623382e-02  6.295598e+03  1.177428e+04  1.613548e+04  2.428671e+04 
 1.646012e-02  6.295275e+03  1.177338e+04  1.613397e+04  2.428372e+04 
 1.668956e-02  6.293631e+03  1.177001e+04  1.612904e+04  2.427564e+04 
 1.692220e-02  6.290666e+03  1.176417e+04  1.612075e+04  2.426244e+04 
 1.715809e-02  6.286394e+03  1.175589e+04  1.610913e+04  2.424413e+04 
 1.739726e-02  6.280777e+03  1.174509e+04  1.609411e+04  2.422060e+04 
 1.763977e-02  6.273804e+03  1.173174e+04  1.607559e+04  2.419179e+04 
 1.788566e-02  6.265469e+03  1.171584e+04  1.605351e+04  2.415768e+04 
 1.813498e-02  6.255738e+03  1.169732e+04  1.602781e+04  2.411820e+04 
 1.838777e-02  6.244596e+03  1.167615e+04  1.599849e+04  2.407331e+04 
 1.864409e-02  6.232019e+03  1.165231e+04  1.596548e+04  2.402293e+04 
 1.890397e-02  6.217997e+03  1.162578e+04  1.592881e+04  2.396689e+04 
 1.916748e-02  6.202549e+03  1.159656e+04  1.588848e+04  2.390522e+04 
 1.943467e-02  6.185649e+03  1.156463e+04  1.584441e+04  2.383794e+04 
 1.970558e-02  6.167263e+03  1.152989e+04  1.579650e+04  2.376493e+04 
 1.998026e-02  6.147386e+03  1.149237e+04  1.574475e+04  2.368622e+04 
 2.025878e-02  6.126028e+03  1.145210e+04  1.568921e+04  2.360187e+04 
 2.054117e-02  6.103189e+03  1.140906e+04  1.562990e+04  2.351179e+04 
 2.082751e-02  6.078845e+03  1.136319e+04  1.556672e+04  2.341582e+04 
 2.111783e-02  6.052992e+03  1.131451e+04  1.549968e+04  2.331395e+04 
 2.141220e-02  6.025749e+03  1.126317e+04  1.542896e+04  2.320638e+04 
 2.171068e-02  5.997649e+03  1.121000e+04  1.535551e+04  2.309415e+04 
 2.201331e-02  5.968068e+03  1.115410e+04  1.527827e+04  2.297626e+04 
 2.232016e-02  5.937006e+03  1.109542e+04  1.519727e+04  2.285265e+04 
 2.263130e-02  5.904442e+03  1.103392e+04  1.511237e+04  2.272334e+04 
 2.294676e-02  5.870399e+03  1.096965e+04  1.502371e+04  2.258836e+04 
 2.326663e-02  5.834918e+03  1.090270e+04  1.493136e+04  2.244773e+04 
 2.359095e-02  5.798005e+03  1.083307e+04  1.483533e+04  2.230152e+04 
 2.391980e-02  5.759647e+03  1.076074e+04  1.473560e+04  2.214977e+04 
 2.425323e-02  5.719853e+03  1.068573e+04  1.463221e+04  2.199258e+04 
 2.459130e-02  5.678661e+03  1.060813e+04  1.452523e+04  2.182999e+04 
 2.493409e-02  5.636108e+03  1.052793e+04  1.441475e+04  2.166213e+04 
 2.528166e-02  5.592213e+03  1.044523e+04  1.430085e+04  2.148911e+04 
 2.563407e-02  5.547000e+03  1.036009e+04  1.418359e+04  2.131104e+04 
 2.599140e-02  5.500500e+03  1.027256e+04  1.406307e+04  2.112808e+04 
 2.635371e-02  5.452740e+03  1.018270e+04  1.393933e+04  2.094027e+04 
 2.672106e-02  5.403758e+03  1.009055e+04  1.381247e+04  2.074778e+04 
 2.709354e-02  5.353600e+03  9.996200e+03  1.368259e+04  2.055079e+04 
 2.747121e-02  5.302316e+03  9.899716e+03  1.354981e+04  2.034946e+04 
 2.785414e-02  5.249883e+03  9.801127e+03  1.341418e+04  2.014388e+04 
 2.824241e-02  5.196093e+03  9.700129e+03  1.327540e+04  1.993394e+04 
 2.863610e-02  5.141302e+03  9.597292e+03  1.313411e+04  1.972022e+04 
 2.903527e-02  5.085571e+03  9.492712e+03  1.299042e+04  1.950296e+04 
 2.944000e-02  5.028975e+03  9.386515e+03  1.284449e+04  1.928234e+04 
 2.985038e-02  4.971559e+03  9.278796e+03  1.269650e+04  1.905861e+04 
 3.026648e-02  4.913388e+03  9.169639e+03  1.254659e+04  1.883202e+04 
 3.068838e-02  4.854514e+03  9.059197e+03  1.239489e+04  1.860278e+04 
 3.111616e-02  4.795014e+03  8.947596e+03  1.224163e+04  1.837121e+04 
 3.154990e-02  4.734963e+03  8.834977e+03  1.208699e+04  1.813757e+04 
 3.198969e-02  4.674421e+03  8.721460e+03  1.193114e+04  1.790213e+04 
 3.243561e-02  4.613456e+03  8.607165e+03  1.177421e+04  1.766511e+04 
 3.288774e-02  4.552155e+03  8.492231e+03  1.161641e+04  1.742680e+04 
 3.334618e-02  4.490588e+03  8.376820e+03  1.145794e+04  1.718757e+04 
 3.381101e-02  4.428842e+03  8.261104e+03  1.129906e+04  1.694771e+04 
 3.428231e-02  4.366995e+03  8.145201e+03  1.113996e+04  1.670754e+04 
 3.476019e-02  4.305014e+03  8.029353e+03  1.098133e+04  1.646923e+04 
 3.524473e-02  4.243085e+03  7.913610e+03  1.082289e+04  1.623122e+04 
 3.573602e-02  4.181300e+03  7.798144e+03  1.066480e+04  1.599379e+04 
 3.623416e-02  4.119735e+03  7.683116e+03  1.050729e+04  1.575724e+04 
 3.673925e-02  4.058474e+03  7.568660e+03  1.035059e+04  1.552191e+04 
 3.725137e-02  3.997591e+03  7.454920e+03  1.019488e+04  1.528807e+04 
 3.777064e-02  3.937170e+03  7.342042e+03  1.004036e+04  1.505604e+04 
 3.829714e-02  3.877293e+03  7.230195e+03  9.887233e+03  1.482608e+04 
 3.883098e-02  3.818038e+03  7.119524e+03  9.735724e+03  1.459857e+04 
 3.937226e-02  3.759501e+03  7.010175e+03  9.586021e+03  1.437377e+04 
 3.992109e-02  3.701759e+03  6.902290e+03  9.438329e+03  1.415204e+04 
 4.047757e-02  3.644862e+03  6.795948e+03  9.292729e+03  1.393334e+04 
 4.104181e-02  3.588726e+03  6.690515e+03  9.147772e+03  1.371390e+04 
 4.161391e-02  3.533578e+03  6.586945e+03  9.005378e+03  1.349833e+04 
 4.219398e-02  3.479484e+03  6.485367e+03  8.865713e+03  1.328690e+04 
 4.278214e-02  3.426519e+03  6.385900e+03  8.728927e+03  1.307986e+04 
 4.337850e-02  3.374732e+03  6.288628e+03  8.595168e+03  1.287738e+04 
 4.398317e-02  3.324178e+03  6.193659e+03  8.464593e+03  1.267970e+04 
 4.459628e-02  3.274894e+03  6.101079e+03  8.337322e+03  1.248697e+04 
 4.521792e-02  3.226929e+03  6.010972e+03  8.213418e+03  1.229934e+04 
 4.584824e-02  3.180316e+03  5.923405e+03  8.092986e+03  1.211696e+04 
 4.648734e-02  3.135084e+03  5.838433e+03  7.976109e+03  1.193993e+04 
 4.713535e-02  3.091336e+03  5.756946e+03  7.864782e+03  1.177335e+04 
 4.779239e-02  3.049065e+03  5.678626e+03  7.758251e+03  1.161522e+04 
 4.845859e-02  3.008246e+03  5.602998e+03  7.655389e+03  1.146254e+04 
 4.913407e-02  2.968883e+03  5.530069e+03  7.556197e+03  1.131533e+04 
 4.981898e-02  2.930958e+03  5.459830e+03  7.460666e+03  1.117363e+04 
 5.051342e-02  2.894464e+03  5.392274e+03  7.368783e+03  1.103739e+04 
 5.121755e-02  2.859381e+03  5.327340e+03  7.280491e+03  1.090649e+04 
 5.193150e-02  2.825692e+03  5.264977e+03  7.195716e+03  1.078084e+04 
 5.265540e-02  2.793364e+03  5.205140e+03  7.114385e+03  1.066028e+04 
 5.338938e-02  2.762128e+03  5.146903e+03  7.034765e+03  1.054105e+04 
 5.413360e-02  2.731900e+03  5.090022e+03  6.956439e+03  1.042223e+04 
 5.488820e-02  2.702893e+03  5.035419e+03  6.881233e+03  1.030809e+04 
 5.565331e-02  2.675038e+03  4.982957e+03  6.808964e+03  1.019834e+04 
 5.642908e-02  2.648217e+03  4.932414e+03  6.739330e+03  1.009252e+04 
 5.721568e-02  2.622287e+03  4.883561e+03  6.671986e+03  9.990160e+03 
 5.801323e-02  2.597262e+03  4.836397e+03  6.606936e+03  9.891256e+03 
 5.882190e-02  2.573247e+03  4.791123e+03  6.544469e+03  9.796206e+03 
 5.964185e-02  2.550360e+03  4.748209e+03  6.485526e+03  9.707213e+03 
 6.047322e-02  2.528520e+03  4.707997e+03  6.431087e+03  9.627174e+03 
 6.131619e-02  2.506989e+03  4.668358e+03  6.377444e+03  9.548301e+03 
 6.217090e-02  2.485415e+03  4.628638e+03  6.323683e+03  9.469247e+03 
 6.303753e-02  2.463707e+03  4.588669e+03  6.269578e+03  9.389689e+03 
 6.391624e-02  2.441877e+03  4.548477e+03  6.215162e+03  9.309657e+03 
 6.480720e-02  2.419931e+03  4.508059e+03  6.160424e+03  9.229153e+03 
 6.571058e-02  2.397751e+03  4.467208e+03  6.105080e+03  9.147749e+03 
 6.662655e-02  2.374018e+03  4.421595e+03  6.041247e+03  9.047992e+03 
 6.755528e-02  2.349626e+03  4.374719e+03  5.975637e+03  8.945433e+03 
 6.849697e-02  2.324462e+03  4.326420e+03  5.908118e+03  8.840048e+03 
 6.945178e-02  2.298420e+03  4.276503e+03  5.838400e+03  8.731417e+03 
 7.041990e-02  2.271387e+03  4.224743e+03  5.766195e+03  8.619111e+03 
 7.140151e-02  2.243255e+03  4.170945e+03  5.691225e+03  8.502738e+03 
 7.239681e-02  2.214178e+03  4.115694e+03  5.614603e+03  8.385020e+03 
 7.340598e-02  2.184108e+03  4.058937e+03  5.536341e+03  8.266174e+03 
 7.442922e-02  2.152653e+03  3.999642e+03  5.454632e+03  8.142229e+03 
 7.546673e-02  2.119771e+03  3.937714e+03  5.369365e+03  8.013037e+03 
 7.651869e-02  2.085432e+03  3.873101e+03  5.280465e+03  7.878491e+03 
 7.758532e-02  2.049644e+03  3.805809e+03  5.187952e+03  7.738615e+03 
 7.866682e-02  2.013203e+03  3.738408e+03  5.096382e+03  7.603058e+03 
 7.976339e-02  1.976632e+03  3.672525e+03  5.008662e+03  7.477866e+03 
 8.087525e-02  1.938689e+03  3.604043e+03  4.917371e+03  7.347236e+03 
 8.200261e-02  1.899452e+03  3.533111e+03  4.822715e+03  7.211464e+03 
 8.314568e-02  1.859051e+03  3.459969e+03  4.724994e+03  7.070966e+03 
 8.430468e-02  1.817631e+03  3.384886e+03  4.624562e+03  6.926248e+03 
 8.547985e-02  1.774805e+03  3.306158e+03  4.518121e+03  6.770013e+03 
 8.667139e-02  1.731080e+03  3.225267e+03  4.408255e+03  6.607456e+03 
 8.787954e-02  1.686936e+03  3.143562e+03  4.297290e+03  6.443201e+03 
 8.910453e-02  1.642591e+03  3.061478e+03  4.185782e+03  6.278083e+03 
 9.034660e-02  1.598293e+03  2.979477e+03  4.074340e+03  6.113010e+03 
 9.160598e-02  1.555020e+03  2.900416e+03  3.967891e+03  5.957862e+03 
 9.288292e-02  1.512913e+03  2.824405e+03  3.866509e+03  5.812396e+03 
 9.417766e-02  1.471517e+03  2.749601e+03  3.766686e+03  5.668974e+03 
 9.549045e-02  1.431080e+03  2.676500e+03  3.669069e+03  5.528568e+03 
 9.682153e-02  1.391830e+03  2.605525e+03  3.574231e+03  5.392059e+03 
 9.817117e-02  1.354361e+03  2.538306e+03  3.484948e+03  5.264917e+03 
 9.953962e-02  1.318621e+03  2.474383e+03  3.400254e+03  5.144834e+03 
 1.009272e-01  1.284627e+03  2.413614e+03  3.319762e+03  5.030715e+03 
 1.023340e-01  1.252534e+03  2.356288e+03  3.243873e+03  4.923191e+03 
 1.037605e-01  1.221909e+03  2.300873e+03  3.169793e+03  4.816600e+03 
 1.052069e-01  1.191295e+03  2.242702e+03  3.089342e+03  4.694417e+03 
 1.066734e-01  1.162964e+03  2.188848e+03  3.014857e+03  4.581223e+03 
 1.081604e-01  1.136921e+03  2.139303e+03  2.946319e+03  4.476999e+03 
 1.096681e-01  1.113147e+03  2.093999e+03  2.883599e+03  4.381578e+03 
 1.111968e-01  1.091594e+03  2.052986e+03  2.826710e+03  4.294292e+03 
 1.127468e-01  1.072143e+03  2.015953e+03  2.775281e+03  4.215237e+03 
 1.143184e-01  1.054643e+03  1.982579e+03  2.728890e+03  4.143823e+03 
 1.159120e-01  1.038904e+03  1.952502e+03  2.687049e+03  4.079332e+03 
 1.175277e-01  1.025151e+03  1.926530e+03  2.651064e+03  4.024012e+03 
 1.191660e-01  1.012772e+03  1.903171e+03  2.618664e+03  3.974135e+03 
 1.208271e-01  1.001453e+03  1.881772e+03  2.588989e+03  3.928422e+03 
 1.225114e-01  9.908193e+02  1.861601e+03  2.560971e+03  3.885165e+03 
 1.242191e-01  9.799869e+02  1.840457e+03  2.531207e+03  3.838770e+03 
 1.259506e-01  9.692962e+02  1.819588e+03  2.501840e+03  3.793007e+03 
 1.277063e-01  9.584264e+02  1.798394e+03  2.472036e+03  3.746659e+03 
 1.294865e-01  9.472788e+02  1.776822e+03  2.441693e+03  3.699198e+03 
 1.312915e-01  9.356221e+02  1.754435e+03  2.410259e+03  3.649690e+03 
 1.331216e-01  9.229225e+02  1.730101e+03  2.376219e+03  3.596267e+03 
 1.349772e-01  9.089666e+02  1.703488e+03  2.339094e+03  3.538423e+03 
 1.368587e-01  8.946413e+02  1.677950e+03  2.305497e+03  3.491814e+03 
 1.387665e-01  8.787673e+02  1.649501e+03  2.267908e+03  3.439092e+03 
 1.407008e-01  8.613009e+02  1.618069e+03  2.226187e+03  3.380035e+03 
 1.426621e-01  8.433159e+02  1.586377e+03  2.184407e+03  3.320717e+03 
 1.446507e-01  8.241784e+02  1.552690e+03  2.139958e+03  3.257213e+03 
 1.466671e-01  8.037196e+02  1.516455e+03  2.091924e+03  3.188135e+03 
 1.487115e-01  7.806449e+02  1.473798e+03  2.034064e+03  3.102782e+03 
 1.507845e-01  7.558040e+02  1.426814e+03  1.969602e+03  3.006468e+03 
 1.528864e-01  7.306289e+02  1.379200e+03  1.904268e+03  2.908734e+03 
 1.550175e-01  7.074002e+02  1.337437e+03  1.848788e+03  2.829630e+03 
 1.571784e-01  6.857739e+02  1.300107e+03  1.800546e+03  2.763863e+03 
 1.593694e-01  6.647191e+02  1.263649e+03  1.753313e+03  2.699170e+03 
 1.615909e-01  6.452361e+02  1.230520e+03  1.710833e+03  2.641640e+03 
 1.638434e-01  6.271998e+02  1.200155e+03  1.672124e+03  2.589598e+03 
 1.661273e-01  6.105822e+02  1.172264e+03  1.636666e+03  2.542122e+03 
 1.684430e-01  5.927935e+02  1.139451e+03  1.592475e+03  2.478270e+03 
 1.707910e-01  5.765213e+02  1.109153e+03  1.551496e+03  2.418841e+03 
 1.731717e-01  5.624929e+02  1.083342e+03  1.516798e+03  2.368828e+03 
 1.755856e-01  5.516825e+02  1.064654e+03  1.492349e+03  2.333994e+03 
 1.780332e-01  5.425667e+02  1.049147e+03  1.472280e+03  2.305881e+03 
 1.805149e-01  5.331404e+02  1.030700e+03  1.446061e+03  2.264014e+03 
 1.830312e-01  5.239002e+02  1.011237e+03  1.417229e+03  2.215635e+03 
 1.855825e-01  5.156521e+02  9.938422e+02  1.391496e+03  2.172662e+03 
 1.881694e-01  5.080292e+02  9.784866e+02  1.369807e+03  2.139072e+03 
 1.907924e-01  5.006690e+02  9.636575e+02  1.348866e+03  2.106659e+03 
 1.934520e-01  4.926067e+02  9.471724e+02  1.325584e+03  2.071441e+03 
 1.961486e-01  4.838944e+02  9.293624e+02  1.300455e+03  2.033651e+03 
 1.988828e-01  4.755256e+02  9.129812e+02  1.277629e+03  1.999258e+03 
 2.016551e-01  4.677657e+02  8.988707e+02  1.258412e+03  1.970232e+03 
 2.044661e-01  4.587960e+02  8.823019e+02  1.235651e+03  1.935496e+03 
 2.073162e-01  4.482581e+02  8.617983e+02  1.206656e+03  1.889844e+03 
 2.102061e-01  4.366193e+02  8.392112e+02  1.174778e+03  1.839710e+03 
 2.131362e-01  4.277775e+02  8.265225e+02  1.160212e+03  1.822217e+03 
 2.161073e-01  4.183165e+02  8.127272e+02  1.144165e+03  1.802495e+03 
 2.191197e-01  4.061702e+02  7.918681e+02  1.117462e+03  1.767105e+03 
 2.221741e-01  3.934171e+02  7.692962e+02  1.088069e+03  1.727402e+03 
 2.252711e-01  3.816188e+02  7.492482e+02  1.062687e+03  1.694294e+03 
 2.284112e-01  3.706397e+02  7.308796e+02  1.039695e+03  1.664762e+03 
 2.315951e-01  3.607337e+02  7.136923e+02  1.016958e+03  1.631384e+03 
 2.348235e-01  3.519667e+02  6.983471e+02  9.962979e+02  1.599798e+03 
 2.380968e-01  3.424300e+02  6.799016e+02  9.705125e+02  1.560325e+03 
 2.414157e-01  3.336426e+02  6.625226e+02  9.460498e+02  1.522996e+03 
 2.447809e-01  3.252236e+02  6.458288e+02  9.227236e+02  1.487116e+03 
 2.481930e-01  3.178535e+02  6.312274e+02  9.023775e+02  1.455901e+03 
 2.516527e-01  3.135542e+02  6.234303e+02  8.914685e+02  1.438313e+03 
 2.551606e-01  3.088504e+02  6.143791e+02  8.786830e+02  1.418149e+03 
 2.587174e-01  3.015552e+02  5.987515e+02  8.562224e+02  1.383807e+03 
 2.623238e-01  2.956528e+02  5.869752e+02  8.397212e+02  1.359038e+03 
 2.659804e-01  2.909907e+02  5.788521e+02  8.289351e+02  1.343434e+03 
 2.696881e-01  2.844897e+02  5.664202e+02  8.118622e+02  1.317528e+03 
 2.734474e-01  2.770780e+02  5.520558e+02  7.920398e+02  1.287246e+03 
 2.772591e-01  2.713231e+02  5.425179e+02  7.801949e+02  1.272496e+03 
 2.811239e-01  2.648572e+02  5.311849e+02  7.656485e+02  1.254166e+03 
 2.850426e-01  2.578527e+02  5.182729e+02  7.486780e+02  1.233063e+03 
 2.890160e-01  2.511203e+02  5.069896e+02  7.343142e+02  1.213191e+03 
 2.930447e-01  2.445559e+02  4.957876e+02  7.194783e+02  1.190568e+03 
 2.971296e-01  2.383018e+02  4.838470e+02  7.017481e+02  1.159631e+03 
 3.012714e-01  2.325601e+02  4.738993e+02  6.886026e+02  1.140312e+03 
 3.054710e-01  2.270896e+02  4.645772e+02  6.768545e+02  1.124807e+03 
 3.097291e-01  2.209445e+02  4.528554e+02  6.610521e+02  1.102491e+03 
 3.140465e-01  2.156028e+02  4.418637e+02  6.450501e+02  1.075937e+03 
 3.184242e-01  2.110827e+02  4.325723e+02  6.314460e+02  1.053236e+03 
 3.228628e-01  2.075435e+02  4.261978e+02  6.230748e+02  1.042564e+03 
 3.273634e-01  2.028465e+02  4.162579e+02  6.084349e+02  1.018646e+03 
 3.319266e-01  1.980391e+02  4.064558e+02  5.945903e+02  9.975398e+02 
 3.365535e-01  1.933399e+02  3.976746e+02  5.831005e+02  9.821797e+02 
 3.412449e-01  1.900053e+02  3.932415e+02  5.779721e+02  9.740508e+02 
 3.460016e-01  1.862537e+02  3.870783e+02  5.700391e+02  9.630477e+02 
 3.508247e-01  1.823815e+02  3.801141e+02  5.606919e+02  9.493409e+02 
 3.557150e-01  1.784489e+02  3.727773e+02  5.506964e+02  9.338690e+02 
 3.606735e-01  1.738311e+02  3.644877e+02  5.397417e+02  9.185416e+02 
 3.657011e-01  1.683904e+02  3.540243e+02  5.251670e+02  8.978031e+02 
 3.707988e-01  1.639100e+02  3.452482e+02  5.129811e+02  8.794713e+02 
 3.759675e-01  1.598927e+02  3.373633e+02  5.019680e+02  8.626036e+02 
 3.812083e-01  1.559814e+02  3.300611e+02  4.919279e+02  8.474646e+02 
 3.865221e-01  1.527777e+02  3.251292e+02  4.862151e+02  8.383802e+02 
 3.919100e-01  1.495559e+02  3.174055e+02  4.741232e+02  8.210046e+02 
 3.973730e-01  1.460274e+02  3.112075e+02  4.662971e+02  8.085775e+02 
 4.029122e-01  1.431881e+02  3.066615e+02  4.600037e+02  7.968744e+02 
 4.085286e-01  1.403836e+02  3.005012e+02  4.509918e+02  7.838580e+02 
 4.142232e-01  1.369121e+02  2.931954e+02  4.411027e+02  7.714888e+02 
 4.199973e-01  1.333696e+02  2.868951e+02  4.330281e+02  7.597170e+02 
 4.258518e-01  1.304089e+02  2.813413e+02  4.251263e+02  7.460555e+02 
 4.317880e-01  1.272167e+02  2.750828e+02  4.157294e+02  7.312705e+02 
 4.378069e-01  1.243814e+02  2.692934e+02  4.073416e+02  7.172890e+02 
 4.439097e-01  1.220208e+02  2.654695e+02  4.025546e+02  7.121867e+02 
 4.500975e-01  1.185514e+02  2.588107e+02  3.933434e+02  6.983343e+02 
 4.563716e-01  1.156862e+02  2.527232e+02  3.844289e+02  6.823268e+02 
 4.627332e-01  1.138461e+02  2.500982e+02  3.815726e+02  6.798043e+02 
 4.691835e-01  1.109420e+02  2.441961e+02  3.730594e+02  6.654506e+02 
 4.757236e-01  1.088791e+02  2.400182e+02  3.672361e+02  6.564313e+02 
 4.823549e-01  1.059973e+02  2.340272e+02  3.585549e+02  6.444092e+02 
 4.890787e-01  1.036322e+02  2.292675e+02  3.520577e+02  6.342059e+02 
 4.958962e-01  1.017750e+02  2.256099e+02  3.463582e+02  6.236006e+02 
 5.028087e-01  9.928822e+01  2.211974e+02  3.402975e+02  6.145848e+02 
 5.098176e-01  9.727146e+01  2.173852e+02  3.348184e+02  6.038141e+02 
 5.169242e-01  9.543208e+01  2.138157e+02  3.298715e+02  5.971691e+02 
 5.241298e-01  9.221248e+01  2.080726e+02  3.226125e+02  5.881141e+02 
 5.314359e-01  9.051062e+01  2.054745e+02  3.191161e+02  5.822126e+02 
 5.388438e-01  8.856382e+01  2.009307e+02  3.121713e+02  5.714799e+02 
 5.463550e-01  8.691251e+01  1.976497e+02  3.072332e+02  5.630510e+02 
 5.539709e-01  8.449059e+01  1.931881e+02  3.015249e+02  5.541552e+02 
 5.616930e-01  8.289067e+01  1.900034e+02  2.969355e+02  5.472409e+02 
 5.695227e-01  8.111671e+01  1.869279e+02  2.931632e+02  5.396966e+02 
 5.774615e-01  7.918041e+01  1.823470e+02  2.861310e+02  5.292946e+02 
 5.855110e-01  7.764790e+01  1.795026e+02  2.817659e+02  5.216194e+02 
 5.936727e-01  7.578734e+01  1.751060e+02  2.754671e+02  5.119543e+02 
 6.019482e-01  7.438557e+01  1.728831e+02  2.718830e+02  5.053237e+02 
 6.103390e-01  7.253855e+01  1.696160e+02  2.676785e+02  4.980834e+02 
 6.188468e-01  7.086717e+01  1.666044e+02  2.647835e+02  4.960746e+02 
 6.274732e-01  6.960229e+01  1.633681e+02  2.590649e+02  4.865117e+02 
 6.362198e-01  6.807451e+01  1.607135e+02  2.552544e+02  4.790113e+02 
 6.450884e-01  6.637609e+01  1.575392e+02  2.507877e+02  4.712321e+02 
 6.540806e-01  6.492232e+01  1.539870e+02  2.452741e+02  4.629012e+02 
 6.631981e-01  6.336036e+01  1.513108e+02  2.423287e+02  4.579568e+02 
 6.724427e-01  6.206312e+01  1.484566e+02  2.381875e+02  4.527457e+02 
 6.818162e-01  6.060901e+01  1.456576e+02  2.332397e+02  4.433717e+02 
 6.913204e-01  5.921799e+01  1.427197e+02  2.294176e+02  4.368443e+02 
 7.009570e-01  5.831614e+01  1.404371e+02  2.259927e+02  4.308976e+02 
 7.107280e-01  5.670395e+01  1.378502e+02  2.224189e+02  4.238599e+02 
 7.206351e-01  5.576310e+01  1.355426e+02  2.191972e+02  4.199114e+02 
 7.306804e-01  5.454429e+01  1.333755e+02  2.156427e+02  4.123210e+02 
 7.408657e-01  5.327301e+01  1.306040e+02  2.115807e+02  4.066968e+02 
 7.511929e-01  5.208280e+01  1.280425e+02  2.082449e+02  4.011422e+02 
 7.616642e-01  5.103560e+01  1.255862e+02  2.046686e+02  3.955285e+02 
 7.722814e-01  5.026889e+01  1.242356e+02  2.023636e+02  3.900793e+02 
 7.830465e-01  4.917202e+01  1.217187e+02  1.987183e+02  3.848688e+02 
 7.939618e-01  4.818393e+01  1.200299e+02  1.959954e+02  3.804897e+02 
 8.050292e-01  4.706553e+01  1.175972e+02  1.931182e+02  3.754485e+02 
 8.162509e-01  4.616022e+01  1.157940e+02  1.898652e+02  3.686342e+02 
 8.276289e-01  4.498164e+01  1.133210e+02  1.865475e+02  3.637223e+02 
 8.391656e-01  4.433030e+01  1.118979e+02  1.837209e+02  3.593101e+02 
 8.508632e-01  4.348195e+01  1.098415e+02  1.810835e+02  3.544164e+02 
 8.627237e-01  4.244438e+01  1.079327e+02  1.781936e+02  3.484724e+02 
 8.747496e-01  4.161182e+01  1.059416e+02  1.753464e+02  3.437586e+02 
 8.869432e-01  4.081849e+01  1.043137e+02  1.728175e+02  3.393316e+02 
 8.993067e-01  3.992036e+01  1.025201e+02  1.700448e+02  3.341653e+02 
 9.118425e-01  3.925508e+01  1.006609e+02  1.670514e+02  3.281263e+02 
 9.245531e-01  3.832723e+01  9.886581e+01  1.642478e+02  3.240963e+02 
 9.374409e-01  3.752389e+01  9.717295e+01  1.619250e+02  3.197653e+02 
 9.505083e-01  3.683386e+01  9.549581e+01  1.594175e+02  3.149009e+02 
 9.637579e-01  3.599582e+01  9.356795e+01  1.564299e+02  3.101124e+02 
 9.771921e-01  3.541947e+01  9.289871e+01  1.548593e+02  3.058243e+02 
 9.908137e-01  3.467868e+01  9.101808e+01  1.521228e+02  3.015731e+02 
 1.004625e+00  3.395544e+01  8.921535e+01  1.493590e+02  2.962917e+02 
 1.018629e+00  3.333339e+01  8.787417e+01  1.471557e+02  2.917855e+02 
 1.032828e+00  3.262162e+01  8.632422e+01  1.450118e+02  2.883706e+02 
 1.047225e+00  3.191855e+01  8.496168e+01  1.425603e+02  2.832365e+02 
 1.061823e+00  3.135579e+01  8.371565e+01  1.405024e+02  2.791220e+02 
 1.076624e+00  3.071395e+01  8.227515e+01  1.382714e+02  2.748304e+02 
 1.091632e+00  3.015891e+01  8.083349e+01  1.362207e+02  2.704721e+02 
 1.106848e+00  2.951741e+01  7.931923e+01  1.339453e+02  2.664894e+02 
 1.122277e+00  2.893374e+01  7.814045e+01  1.316549e+02  2.619754e+02 
 1.137921e+00  2.835449e+01  7.667853e+01  1.294932e+02  2.579090e+02 
 1.153783e+00  2.784162e+01  7.542572e+01  1.274777e+02  2.541548e+02 
 1.169866e+00  2.732043e+01  7.424878e+01  1.254364e+02  2.505283e+02 
 1.186174e+00  2.677029e+01  7.308647e+01  1.234594e+02  2.464101e+02 
 1.202708e+00  2.628305e+01  7.185001e+01  1.215873e+02  2.426464e+02 
 1.219473e+00  2.580179e+01  7.071052e+01  1.197902e+02  2.384873e+02 
 1.236472e+00  2.529785e+01  6.956118e+01  1.179735e+02  2.349842e+02 
 1.253708e+00  2.483330e+01  6.837730e+01  1.158618e+02  2.312123e+02 
 1.271184e+00  2.437414e+01  6.749081e+01  1.143979e+02  2.275713e+02 
 1.288904e+00  2.391104e+01  6.611877e+01  1.122482e+02  2.241798e+02 
 1.306870e+00  2.344202e+01  6.501979e+01  1.103971e+02  2.202662e+02 
 1.325087e+00  2.304109e+01  6.399334e+01  1.087101e+02  2.164058e+02 
 1.343558e+00  2.261007e+01  6.290873e+01  1.068849e+02  2.128836e+02 
 1.362287e+00  2.221025e+01  6.183759e+01  1.050019e+02  2.092021e+02 
 1.381276e+00  2.177963e+01  6.083516e+01  1.030812e+02  2.056162e+02 
 1.400531e+00  2.139049e+01  5.982131e+01  1.014614e+02  2.018795e+02 
 1.420053e+00  2.097968e+01  5.872093e+01  9.983146e+01  1.983367e+02 
 1.439848e+00  2.059884e+01  5.782282e+01  9.802583e+01  1.949989e+02 
 1.459919e+00  2.019755e+01  5.682242e+01  9.637094e+01  1.913795e+02 
 1.480269e+00  1.987756e+01  5.576834e+01  9.461477e+01  1.876502e+02 
 1.500903e+00  1.950712e+01  5.487905e+01  9.293900e+01  1.847007e+02 
 1.521825e+00  1.913804e+01  5.399498e+01  9.145016e+01  1.812468e+02 
 1.543038e+00  1.877893e+01  5.304798e+01  8.992539e+01  1.781892e+02 
 1.564548e+00  1.846774e+01  5.215386e+01  8.832178e+01  1.747771e+02 
 1.586357e+00  1.813338e+01  5.131007e+01  8.678604e+01  1.714801e+02 
 1.608469e+00  1.778439e+01  5.042839e+01  8.524231e+01  1.684520e+02 
 1.630891e+00  1.751930e+01  4.947863e+01  8.354745e+01  1.649707e+02 
 1.653624e+00  1.717492e+01  4.859595e+01  8.213499e+01  1.620931e+02 
 1.676675e+00  1.685915e+01  4.783033e+01  8.070968e+01  1.588718e+02 
 1.700047e+00  1.655009e+01  4.700075e+01  7.921512e+01  1.558678e+02 
 1.723745e+00  1.627677e+01  4.614644e+01  7.776111e+01  1.526718e+02 
 1.747773e+00  1.596174e+01  4.530302e+01  7.627558e+01  1.496525e+02 
 1.772136e+00  1.567665e+01  4.450867e+01  7.483139e+01  1.468285e+02 
 1.796838e+00  1.540614e+01  4.369607e+01  7.344517e+01  1.438575e+02 
 1.821885e+00  1.515897e+01  4.291565e+01  7.201649e+01  1.410257e+02 
 1.847281e+00  1.487657e+01  4.220705e+01  7.073983e+01  1.382274e+02 
 1.873032e+00  1.461740e+01  4.142869e+01  6.925409e+01  1.354685e+02 
 1.899141e+00  1.435913e+01  4.063216e+01  6.797215e+01  1.327124e+02 
 1.925614e+00  1.411710e+01  3.991509e+01  6.669559e+01  1.298939e+02 
 1.952456e+00  1.390726e+01  3.923369e+01  6.544462e+01  1.272263e+02 
 1.979672e+00  1.363028e+01  3.854459e+01  6.417485e+01  1.245957e+02 
 2.007267e+00  1.340862e+01  3.782825e+01  6.280348e+01  1.220600e+02 
 2.035248e+00  1.315952e+01  3.708646e+01  6.154795e+01  1.193854e+02 
 2.063618e+00  1.292592e+01  3.636149e+01  6.030338e+01  1.167787e+02 
 2.092383e+00  1.270797e+01  3.567889e+01  5.904198e+01  1.142444e+02 
 2.121550e+00  1.247585e+01  3.497952e+01  5.784018e+01  1.117457e+02 
 2.151123e+00  1.226149e+01  3.432281e+01  5.661546e+01  1.092267e+02 
 2.181109e+00  1.204209e+01  3.362871e+01  5.544164e+01  1.068746e+02 
 2.211512e+00  1.183494e+01  3.295557e+01  5.423394e+01  1.043599e+02 
 2.242340e+00  1.162555e+01  3.234166e+01  5.311217e+01  1.020733e+02 
 2.273597e+00  1.140913e+01  3.170241e+01  5.193668e+01  9.977514e+01 
 2.305289e+00  1.122385e+01  3.106872e+01  5.084074e+01  9.753367e+01 
 2.337424e+00  1.102757e+01  3.043379e+01  4.973100e+01  9.534984e+01 
 2.370006e+00  1.083195e+01  2.982726e+01  4.866452e+01  9.319180e+01 
 2.403043e+00  1.063090e+01  2.923328e+01  4.757975e+01  9.102201e+01 
 2.436540e+00  1.045275e+01  2.865394e+01  4.654824e+01  8.890933e+01 
 2.470504e+00  1.026747e+01  2.807112e+01  4.549472e+01  8.683759e+01 
 2.504942e+00  1.008624e+01  2.750576e+01  4.449305e+01  8.482082e+01 
 2.539859e+00  9.912619e+00  2.692093e+01  4.347367e+01  8.276895e+01 
 2.575263e+00  9.724849e+00  2.633737e+01  4.251090e+01  8.084362e+01 
 2.611161e+00  9.556333e+00  2.578935e+01  4.150615e+01  7.890201e+01 
 2.647559e+00  9.383727e+00  2.523676e+01  4.053293e+01  7.696423e+01 
 2.684465e+00  9.214717e+00  2.471299e+01  3.959040e+01  7.509723e+01 
 2.721885e+00  9.040746e+00  2.415417e+01  3.866895e+01  7.327351e+01 
 2.759826e+00  8.878678e+00  2.361898e+01  3.775020e+01  7.148931e+01 
 2.798297e+00  8.714452e+00  2.311627e+01  3.685491e+01  6.977262e+01 
 2.837304e+00  8.556940e+00  2.260515e+01  3.598283e+01  6.805495e+01 
 2.876854e+00  8.399885e+00  2.210251e+01  3.512373e+01  6.640196e+01 
 2.916956e+00  8.247977e+00  2.162286e+01  3.429120e+01  6.474188e+01 
 2.957617e+00  8.099707e+00  2.114717e+01  3.348504e+01  6.314989e+01 
 2.998844e+00  7.951424e+00  2.068237e+01  3.267954e+01  6.158735e+01 
 3.040646e+00  7.804910e+00  2.021389e+01  3.188498e+01  6.009808e+01 
 3.083031e+00  7.661340e+00  1.975364e+01  3.111365e+01  5.859854e+01 
 3.126007e+00  7.521308e+00  1.931317e+01  3.035692e+01  5.712151e+01 
 3.169582e+00  7.378815e+00  1.885970e+01  2.959385e+01  5.567947e+01 
 3.213764e+00  7.238441e+00  1.842418e+01  2.886137e+01  5.427525e+01 
 3.258562e+00  7.098396e+00  1.800151e+01  2.814372e+01  5.289312e+01 
 3.303985e+00  6.962324e+00  1.757062e+01  2.743375e+01  5.154269e+01 
 3.350041e+00  6.829510e+00  1.714979e+01  2.673809e+01  5.022081e+01 
 3.396739e+00  6.695190e+00  1.674177e+01  2.606917e+01  4.891523e+01 
 3.444087e+00  6.565856e+00  1.634004e+01  2.539407e+01  4.765949e+01 
 3.492096e+00  6.439548e+00  1.595332e+01  2.475604e+01  4.644662e+01 
 3.540774e+00  6.309930e+00  1.557091e+01  2.413256e+01  4.525438e+01 
 3.590130e+00  6.188241e+00  1.519458e+01  2.351388e+01  4.409932e+01 
 3.640175e+00  6.068354e+00  1.482953e+01  2.292672e+01  4.296824e+01 
 3.690917e+00  5.947099e+00  1.448103e+01  2.232900e+01  4.186187e+01 
 3.742366e+00  5.829524e+00  1.412244e+01  2.176618e+01  4.079728e+01 
 3.794533e+00  5.715860e+00  1.378332e+01  2.121177e+01  3.974466e+01 
 3.847427e+00  5.600806e+00  1.344424e+01  2.066563e+01  3.872812e+01 
 3.901058e+00  5.486029e+00  1.311405e+01  2.013542e+01  3.771727e+01 
 3.955436e+00  5.377560e+00  1.278956e+01  1.960521e+01  3.672946e+01 
 4.010573e+00  5.264560e+00  1.246935e+01  1.909993e+01  3.578129e+01 
 4.066478e+00  5.154602e+00  1.215208e+01  1.859657e+01  3.483521e+01 
 4.123163e+00  5.045798e+00  1.184839e+01  1.810702e+01  3.391476e+01 
 4.180637e+00  4.941282e+00  1.155143e+01  1.763363e+01  3.301800e+01 
 4.238913e+00  4.836566e+00  1.125581e+01  1.716562e+01  3.215229e+01 
 4.298001e+00  4.731966e+00  1.096919e+01  1.671623e+01  3.130283e+01 
 4.357913e+00  4.634250e+00  1.068934e+01  1.627958e+01  3.048710e+01 
 4.418660e+00  4.534771e+00  1.042058e+01  1.584847e+01  2.969487e+01 
 4.480254e+00  4.437506e+00  1.015546e+01  1.543359e+01  2.891514e+01 
 4.542706e+00  4.343637e+00  9.896700e+00  1.502839e+01  2.815958e+01 
 4.606029e+00  4.250210e+00  9.648166e+00  1.463550e+01  2.743028e+01 
 4.670234e+00  4.158396e+00  9.402968e+00  1.425815e+01  2.671998e+01 
 4.735335e+00  4.069002e+00  9.165003e+00  1.388478e+01  2.602376e+01 
 4.801343e+00  3.981870e+00  8.933117e+00  1.352249e+01  2.533997e+01 
 4.868271e+00  3.893865e+00  8.702976e+00  1.316568e+01  2.467464e+01 
 4.936132e+00  3.807874e+00  8.477677e+00  1.281626e+01  2.402284e+01 
 5.004939e+00  3.722168e+00  8.257771e+00  1.247637e+01  2.338592e+01 
 5.074705e+00  3.637865e+00  8.042826e+00  1.214252e+01  2.276537e+01 
 5.145444e+00  3.556073e+00  7.832683e+00  1.181916e+01  2.215848e+01 
 5.217169e+00  3.474305e+00  7.627004e+00  1.150187e+01  2.156564e+01 
 5.289893e+00  3.396140e+00  7.427916e+00  1.119792e+01  2.099493e+01 
 5.363631e+00  3.317522e+00  7.233707e+00  1.089718e+01  2.043621e+01 
 5.438397e+00  3.241984e+00  7.044156e+00  1.060833e+01  1.989130e+01 
 5.514206e+00  3.167764e+00  6.860834e+00  1.032645e+01  1.936494e+01 
 5.591071e+00  3.094318e+00  6.682848e+00  1.005323e+01  1.885276e+01 
 5.669007e+00  3.024123e+00  6.509973e+00  9.788381e+00  1.835907e+01 
 5.748030e+00  2.954623e+00  6.341116e+00  9.529716e+00  1.787335e+01 
 5.828155e+00  2.886630e+00  6.177186e+00  9.279548e+00  1.740250e+01 
 5.909396e+00  2.819962e+00  6.017287e+00  9.035471e+00  1.694653e+01 
 5.991770e+00  2.754307e+00  5.860853e+00  8.795699e+00  1.650064e+01 
 6.075292e+00  2.689836e+00  5.708313e+00  8.563087e+00  1.605941e+01 
 6.159978e+00  2.626192e+00  5.557833e+00  8.335139e+00  1.563176e+01 
 6.245845e+00  2.563961e+00  5.411412e+00  8.112941e+00  1.521339e+01 
 6.332908e+00  2.502461e+00  5.268034e+00  7.894700e+00  1.480270e+01 
 6.421186e+00  2.442501e+00  5.128838e+00  7.682182e+00  1.440352e+01 
 6.510694e+00  2.383570e+00  4.992862e+00  7.475987e+00  1.401584e+01 
 6.601449e+00  2.326422e+00  4.860870e+00  7.275306e+00  1.363727e+01 
 6.693470e+00  2.270009e+00  4.732151e+00  7.079786e+00  1.326938e+01 
 6.786773e+00  2.215418e+00  4.607169e+00  6.890042e+00  1.291345e+01 
 6.881377e+00  2.162346e+00  4.486257e+00  6.706004e+00  1.256573e+01 
 6.977300e+00  2.110386e+00  4.368843e+00  6.528606e+00  1.222860e+01 
 7.074559e+00  2.060091e+00  4.254662e+00  6.354914e+00  1.190090e+01 
 7.173175e+00  2.010671e+00  4.143958e+00  6.186515e+00  1.158318e+01 
 7.273165e+00  1.962809e+00  4.036201e+00  6.023507e+00  1.127469e+01 
 7.374549e+00  1.915685e+00  3.931074e+00  5.864121e+00  1.097448e+01 
 7.477346e+00  1.869528e+00  3.828719e+00  5.709318e+00  1.067970e+01 
 7.581576e+00  1.824470e+00  3.728115e+00  5.556962e+00  1.039214e+01 
 7.687260e+00  1.780020e+00  3.630184e+00  5.408525e+00  1.011127e+01 
 7.794416e+00  1.736573e+00  3.534608e+00  5.262838e+00  9.836065e+00 
 7.903066e+00  1.694081e+00  3.440578e+00  5.120706e+00  9.567108e+00 
 8.013230e+00  1.652460e+00  3.349702e+00  4.983128e+00  9.305771e+00 
 8.124930e+00  1.611795e+00  3.260880e+00  4.848907e+00  9.050702e+00 
 8.238187e+00  1.572342e+00  3.174519e+00  4.718013e+00  8.802654e+00 
 8.353023e+00  1.533749e+00  3.090664e+00  4.590995e+00  8.561398e+00 
 8.469460e+00  1.496332e+00  3.009435e+00  4.467988e+00  8.327829e+00 
 8.587519e+00  1.460002e+00  2.930405e+00  4.348338e+00  8.100873e+00 
 8.707225e+00  1.424632e+00  2.853778e+00  4.232627e+00  7.880918e+00 
 8.828599e+00  1.390283e+00  2.779654e+00  4.120493e+00  7.667160e+00 
 8.951665e+00  1.356768e+00  2.707796e+00  4.011235e+00  7.460445e+00 
 9.076446e+00  1.324333e+00  2.637772e+00  3.905462e+00  7.259248e+00 
 9.202967e+00  1.292577e+00  2.569674e+00  3.802723e+00  7.063379e+00 
 9.331251e+00  1.261525e+00  2.503188e+00  3.702081e+00  6.872374e+00 
 9.461324e+00  0.000000e+00  0.000000e+00  0.000000e+00  0.000000e+00 
 9.593209e+00  0.000000e+00  0.000000e+00  0.000000e+00  0.000000e+00 
 9.726934e+00  0.000000e+00  0.000000e+00  0.000000e+00  0.000000e+00 
 9.862522e+00  0.000000e+00  0.000000e+00  0.000000e+00  0.000000e+00 
 1.000000e+01  0.000000e+00  0.000000e+00  0.000000e+00  0.000000e+00 
