 1.000000e-02  5.528768e+03  9.943597e+03  1.337344e+04  1.986351e+04 
 1.013939e-02  5.558517e+03  9.996894e+03  1.344492e+04  1.996930e+04 
 1.028073e-02  5.587747e+03  1.004924e+04  1.351515e+04  2.007319e+04 
 1.042404e-02  5.616426e+03  1.010062e+04  1.358408e+04  2.017513e+04 
 1.056935e-02  5.644606e+03  1.015111e+04  1.365186e+04  2.027529e+04 
 1.071668e-02  5.672322e+03  1.020073e+04  1.371846e+04  2.037374e+04 
 1.086606e-02  5.699563e+03  1.024948e+04  1.378386e+04  2.047046e+04 
 1.101753e-02  5.726283e+03  1.029730e+04  1.384798e+04  2.056533e+04 
 1.117111e-02  5.752424e+03  1.034410e+04  1.391068e+04  2.065811e+04 
 1.132683e-02  5.777964e+03  1.038981e+04  1.397190e+04  2.074867e+04 
 1.148472e-02  5.802898e+03  1.043442e+04  1.403162e+04  2.083698e+04 
 1.164481e-02  5.827202e+03  1.047790e+04  1.408988e+04  2.092299e+04 
 1.180713e-02  5.850871e+03  1.052023e+04  1.414660e+04  2.100675e+04 
 1.197171e-02  5.873892e+03  1.056137e+04  1.420176e+04  2.108814e+04 
 1.213859e-02  5.896210e+03  1.060124e+04  1.425520e+04  2.116699e+04 
 1.230780e-02  5.917820e+03  1.063985e+04  1.430692e+04  2.124328e+04 
 1.247936e-02  5.938725e+03  1.067719e+04  1.435693e+04  2.131708e+04 
 1.265332e-02  5.958920e+03  1.071324e+04  1.440518e+04  2.138833e+04 
 1.282970e-02  5.978377e+03  1.074796e+04  1.445162e+04  2.145694e+04 
 1.300854e-02  5.997035e+03  1.078124e+04  1.449614e+04  2.152265e+04 
 1.318987e-02  6.014848e+03  1.081301e+04  1.453860e+04  2.158522e+04 
 1.337373e-02  6.031822e+03  1.084326e+04  1.457907e+04  2.164477e+04 
 1.356015e-02  6.047950e+03  1.087199e+04  1.461750e+04  2.170137e+04 
 1.374917e-02  6.063227e+03  1.089919e+04  1.465387e+04  2.175493e+04 
 1.394083e-02  6.077627e+03  1.092479e+04  1.468806e+04  2.180526e+04 
 1.413516e-02  6.091115e+03  1.094875e+04  1.472000e+04  2.185226e+04 
 1.433219e-02  6.103681e+03  1.097103e+04  1.474969e+04  2.189591e+04 
 1.453198e-02  6.115295e+03  1.099162e+04  1.477714e+04  2.193612e+04 
 1.473454e-02  6.125947e+03  1.101047e+04  1.480226e+04  2.197284e+04 
 1.493993e-02  6.135606e+03  1.102754e+04  1.482501e+04  2.200602e+04 
 1.514819e-02  6.144307e+03  1.104288e+04  1.484547e+04  2.203586e+04 
 1.535935e-02  6.152000e+03  1.105643e+04  1.486346e+04  2.206211e+04 
 1.557345e-02  6.158639e+03  1.106809e+04  1.487892e+04  2.208461e+04 
 1.579053e-02  6.164226e+03  1.107786e+04  1.489180e+04  2.210333e+04 
 1.601064e-02  6.168748e+03  1.108569e+04  1.490211e+04  2.211820e+04 
 1.623382e-02  6.172178e+03  1.109155e+04  1.490977e+04  2.212907e+04 
 1.646012e-02  6.174479e+03  1.109540e+04  1.491470e+04  2.213582e+04 
 1.668956e-02  6.175629e+03  1.109715e+04  1.491684e+04  2.213840e+04 
 1.692220e-02  6.175629e+03  1.109686e+04  1.491621e+04  2.213686e+04 
 1.715809e-02  6.174470e+03  1.109449e+04  1.491279e+04  2.213127e+04 
 1.739726e-02  6.172126e+03  1.108999e+04  1.490649e+04  2.212155e+04 
 1.763977e-02  6.168601e+03  1.108334e+04  1.489732e+04  2.210756e+04 
 1.788566e-02  6.163863e+03  1.107449e+04  1.488521e+04  2.208926e+04 
 1.813498e-02  6.157881e+03  1.106343e+04  1.487009e+04  2.206646e+04 
 1.838777e-02  6.150660e+03  1.105014e+04  1.485199e+04  2.203909e+04 
 1.864409e-02  6.142190e+03  1.103462e+04  1.483088e+04  2.200719e+04 
 1.890397e-02  6.132468e+03  1.101683e+04  1.480672e+04  2.197078e+04 
 1.916748e-02  6.121473e+03  1.099675e+04  1.477951e+04  2.192989e+04 
 1.943467e-02  6.109192e+03  1.097435e+04  1.474918e+04  2.188450e+04 
 1.970558e-02  6.095605e+03  1.094960e+04  1.471569e+04  2.183456e+04 
 1.998026e-02  6.080726e+03  1.092254e+04  1.467909e+04  2.177996e+04 
 2.025878e-02  6.064532e+03  1.089313e+04  1.463933e+04  2.172059e+04 
 2.054117e-02  6.047034e+03  1.086140e+04  1.459642e+04  2.165641e+04 
 2.082751e-02  6.028242e+03  1.082731e+04  1.455038e+04  2.158758e+04 
 2.111783e-02  6.008161e+03  1.079089e+04  1.450117e+04  2.151413e+04 
 2.141220e-02  5.986824e+03  1.075219e+04  1.444888e+04  2.143602e+04 
 2.171068e-02  5.964686e+03  1.071180e+04  1.439409e+04  2.135360e+04 
 2.201331e-02  5.941256e+03  1.066909e+04  1.433616e+04  2.126657e+04 
 2.232016e-02  5.916550e+03  1.062407e+04  1.427514e+04  2.117490e+04 
 2.263130e-02  5.890563e+03  1.057675e+04  1.421101e+04  2.107861e+04 
 2.294676e-02  5.863285e+03  1.052713e+04  1.414378e+04  2.097771e+04 
 2.326663e-02  5.834703e+03  1.047517e+04  1.407343e+04  2.087222e+04 
 2.359095e-02  5.804862e+03  1.042094e+04  1.400004e+04  2.076222e+04 
 2.391980e-02  5.773771e+03  1.036449e+04  1.392363e+04  2.064776e+04 
 2.425323e-02  5.741451e+03  1.030582e+04  1.384425e+04  2.052886e+04 
 2.459130e-02  5.707938e+03  1.024499e+04  1.376198e+04  2.040572e+04 
 2.493409e-02  5.673243e+03  1.018202e+04  1.367685e+04  2.027835e+04 
 2.528166e-02  5.637354e+03  1.011693e+04  1.358888e+04  2.014674e+04 
 2.563407e-02  5.600306e+03  1.004980e+04  1.349815e+04  2.001104e+04 
 2.599140e-02  5.562147e+03  9.980670e+03  1.340472e+04  1.987134e+04 
 2.635371e-02  5.522893e+03  9.909555e+03  1.330865e+04  1.972775e+04 
 2.672106e-02  5.482581e+03  9.836533e+03  1.321001e+04  1.958038e+04 
 2.709354e-02  5.441236e+03  9.761662e+03  1.310890e+04  1.942932e+04 
 2.747121e-02  5.398884e+03  9.685007e+03  1.300541e+04  1.927473e+04 
 2.785414e-02  5.355497e+03  9.606525e+03  1.289952e+04  1.911660e+04 
 2.824241e-02  5.310860e+03  9.525889e+03  1.279079e+04  1.895454e+04 
 2.863610e-02  5.265342e+03  9.443674e+03  1.267993e+04  1.878939e+04 
 2.903527e-02  5.218991e+03  9.359982e+03  1.256711e+04  1.862127e+04 
 2.944000e-02  5.171855e+03  9.274884e+03  1.245243e+04  1.845041e+04 
 2.985038e-02  5.123990e+03  9.188481e+03  1.233600e+04  1.827694e+04 
 3.026648e-02  5.075444e+03  9.100842e+03  1.221791e+04  1.810104e+04 
 3.068838e-02  5.026262e+03  9.012063e+03  1.209830e+04  1.792292e+04 
 3.111616e-02  4.976492e+03  8.922260e+03  1.197729e+04  1.774271e+04 
 3.154990e-02  4.926195e+03  8.831537e+03  1.185503e+04  1.756066e+04 
 3.198969e-02  4.875433e+03  8.739984e+03  1.173168e+04  1.737696e+04 
 3.243561e-02  4.824270e+03  8.647692e+03  1.160737e+04  1.719182e+04 
 3.288774e-02  4.772762e+03  8.554781e+03  1.148223e+04  1.700549e+04 
 3.334618e-02  4.720967e+03  8.461376e+03  1.135641e+04  1.681816e+04 
 3.381101e-02  4.668957e+03  8.367583e+03  1.123009e+04  1.663006e+04 
 3.428231e-02  4.616792e+03  8.273532e+03  1.110340e+04  1.644144e+04 
 3.476019e-02  4.564424e+03  8.179420e+03  1.097702e+04  1.625429e+04 
 3.524473e-02  4.512022e+03  8.085267e+03  1.085057e+04  1.606708e+04 
 3.573602e-02  4.459641e+03  7.991171e+03  1.072421e+04  1.587999e+04 
 3.623416e-02  4.407356e+03  7.897250e+03  1.059807e+04  1.569325e+04 
 3.673925e-02  4.355242e+03  7.803632e+03  1.047234e+04  1.550709e+04 
 3.725137e-02  4.303367e+03  7.710429e+03  1.034717e+04  1.532173e+04 
 3.777064e-02  4.251783e+03  7.617755e+03  1.022272e+04  1.513740e+04 
 3.829714e-02  4.200542e+03  7.525713e+03  1.009911e+04  1.495430e+04 
 3.883098e-02  4.149713e+03  7.434419e+03  9.976503e+03  1.477268e+04 
 3.937226e-02  4.099367e+03  7.343987e+03  9.855050e+03  1.459274e+04 
 3.992109e-02  4.049557e+03  7.254504e+03  9.734862e+03  1.441467e+04 
 4.047757e-02  4.000304e+03  7.165992e+03  9.615943e+03  1.423834e+04 
 4.104181e-02  3.951399e+03  7.077446e+03  9.496263e+03  1.405882e+04 
 4.161391e-02  3.903186e+03  6.990144e+03  9.378251e+03  1.388181e+04 
 4.219398e-02  3.855721e+03  6.904186e+03  9.262033e+03  1.370744e+04 
 4.278214e-02  3.809035e+03  6.819636e+03  9.147699e+03  1.353587e+04 
 4.337850e-02  3.763156e+03  6.736545e+03  9.035324e+03  1.336722e+04 
 4.398317e-02  3.718112e+03  6.654974e+03  8.925004e+03  1.320162e+04 
 4.459628e-02  3.673952e+03  6.574981e+03  8.816806e+03  1.303916e+04 
 4.521792e-02  3.630704e+03  6.496625e+03  8.710819e+03  1.287995e+04 
 4.584824e-02  3.588387e+03  6.419935e+03  8.607049e+03  1.272403e+04 
 4.648734e-02  3.546997e+03  6.344917e+03  8.505555e+03  1.257148e+04 
 4.713535e-02  3.506795e+03  6.272915e+03  8.408993e+03  1.242866e+04 
 4.779239e-02  3.467690e+03  6.203389e+03  8.316297e+03  1.229304e+04 
 4.845859e-02  3.429528e+03  6.135544e+03  8.225850e+03  1.216070e+04 
 4.913407e-02  3.392293e+03  6.069365e+03  8.137633e+03  1.203163e+04 
 4.981898e-02  3.355977e+03  6.004822e+03  8.051602e+03  1.190578e+04 
 5.051342e-02  3.320554e+03  5.941881e+03  7.967700e+03  1.178307e+04 
 5.121755e-02  3.285997e+03  5.880478e+03  7.885862e+03  1.166340e+04 
 5.193150e-02  3.252261e+03  5.820549e+03  7.805986e+03  1.154665e+04 
 5.265540e-02  3.219298e+03  5.762004e+03  7.727956e+03  1.143262e+04 
 5.338938e-02  3.186783e+03  5.703736e+03  7.649808e+03  1.131698e+04 
 5.413360e-02  3.154625e+03  5.645496e+03  7.571077e+03  1.119884e+04 
 5.488820e-02  3.123118e+03  5.588433e+03  7.493900e+03  1.108301e+04 
 5.565331e-02  3.092119e+03  5.532299e+03  7.417949e+03  1.096904e+04 
 5.642908e-02  3.061462e+03  5.476771e+03  7.342840e+03  1.085631e+04 
 5.721568e-02  3.031142e+03  5.421856e+03  7.268584e+03  1.074484e+04 
 5.801323e-02  3.001436e+03  5.368044e+03  7.195794e+03  1.063557e+04 
 5.882190e-02  2.972521e+03  5.315637e+03  7.124888e+03  1.052910e+04 
 5.964185e-02  2.944156e+03  5.264607e+03  7.056216e+03  1.042706e+04 
 6.047322e-02  2.916087e+03  5.215194e+03  6.990846e+03  1.033293e+04 
 6.131619e-02  2.887370e+03  5.164638e+03  6.923931e+03  1.023649e+04 
 6.217090e-02  2.858145e+03  5.113169e+03  6.855785e+03  1.013821e+04 
 6.303753e-02  2.828582e+03  5.061076e+03  6.786801e+03  1.003866e+04 
 6.391624e-02  2.798734e+03  5.008449e+03  6.717096e+03  9.938029e+03 
 6.480720e-02  2.768444e+03  4.955015e+03  6.646303e+03  9.835742e+03 
 6.571058e-02  2.737523e+03  4.900441e+03  6.573982e+03  9.731156e+03 
 6.662655e-02  2.704502e+03  4.840005e+03  6.491568e+03  9.605496e+03 
 6.755528e-02  2.670621e+03  4.777970e+03  6.406950e+03  9.476401e+03 
 6.849697e-02  2.635864e+03  4.714378e+03  6.320251e+03  9.344271e+03 
 6.945178e-02  2.600188e+03  4.649141e+03  6.231358e+03  9.208927e+03 
 7.041990e-02  2.563545e+03  4.582184e+03  6.140170e+03  9.070211e+03 
 7.140151e-02  2.525888e+03  4.513421e+03  6.046580e+03  8.927981e+03 
 7.239681e-02  2.487465e+03  4.443586e+03  5.951929e+03  8.785432e+03 
 7.340598e-02  2.448325e+03  4.372830e+03  5.856484e+03  8.643180e+03 
 7.442922e-02  2.408150e+03  4.300224e+03  5.758570e+03  8.497260e+03 
 7.546673e-02  2.366968e+03  4.225833e+03  5.658264e+03  8.347825e+03 
 7.651869e-02  2.324838e+03  4.149753e+03  5.555708e+03  8.195055e+03 
 7.758532e-02  2.281823e+03  4.072105e+03  5.451062e+03  8.039209e+03 
 7.866682e-02  2.238974e+03  3.996031e+03  5.349766e+03  7.891351e+03 
 7.976339e-02  2.196971e+03  3.923530e+03  5.255253e+03  7.758391e+03 
 8.087525e-02  2.154338e+03  3.849823e+03  5.159038e+03  7.622712e+03 
 8.200261e-02  2.111215e+03  3.775153e+03  5.061445e+03  7.484797e+03 
 8.314568e-02  2.067747e+03  3.699785e+03  4.962844e+03  7.345183e+03 
 8.430468e-02  2.024102e+03  3.624010e+03  4.863618e+03  7.204431e+03 
 8.547985e-02  1.979410e+03  3.544833e+03  4.758374e+03  7.051351e+03 
 8.667139e-02  1.934439e+03  3.464445e+03  4.650815e+03  6.893228e+03 
 8.787954e-02  1.889880e+03  3.384780e+03  4.544222e+03  6.736452e+03 
 8.910453e-02  1.845924e+03  3.306182e+03  4.439047e+03  6.581718e+03 
 9.034660e-02  1.802754e+03  3.228994e+03  4.335742e+03  6.429688e+03 
 9.160598e-02  1.761272e+03  3.155776e+03  4.238596e+03  6.288573e+03 
 9.288292e-02  1.721555e+03  3.086552e+03  4.147550e+03  6.158113e+03 
 9.417766e-02  1.683087e+03  3.019513e+03  4.059371e+03  6.031758e+03 
 9.549045e-02  1.646007e+03  2.954908e+03  3.974389e+03  5.910007e+03 
 9.682153e-02  1.610448e+03  2.892987e+03  3.892942e+03  5.793335e+03 
 9.817117e-02  1.576796e+03  2.834844e+03  3.816909e+03  5.685474e+03 
 9.953962e-02  1.544947e+03  2.780040e+03  3.745449e+03  5.584616e+03 
 1.009272e-01  1.514845e+03  2.728323e+03  3.678081e+03  5.489696e+03 
 1.023340e-01  1.486516e+03  2.679755e+03  3.614902e+03  5.400871e+03 
 1.037605e-01  1.459213e+03  2.632134e+03  3.552207e+03  5.310971e+03 
 1.052069e-01  1.430883e+03  2.579445e+03  3.479836e+03  5.200321e+03 
 1.066734e-01  1.404294e+03  2.529959e+03  3.411804e+03  5.096237e+03 
 1.081604e-01  1.379353e+03  2.483507e+03  3.347871e+03  4.998378e+03 
 1.096681e-01  1.355909e+03  2.439795e+03  3.287675e+03  4.906131e+03 
 1.111968e-01  1.334332e+03  2.400017e+03  3.233140e+03  4.822483e+03 
 1.127468e-01  1.313929e+03  2.362397e+03  3.181554e+03  4.743314e+03 
 1.143184e-01  1.294467e+03  2.326509e+03  3.132313e+03  4.667697e+03 
 1.159120e-01  1.275719e+03  2.291950e+03  3.084862e+03  4.594762e+03 
 1.175277e-01  1.258669e+03  2.261766e+03  3.044396e+03  4.534479e+03 
 1.191660e-01  1.241926e+03  2.232230e+03  3.004902e+03  4.475883e+03 
 1.208271e-01  1.225171e+03  2.202649e+03  2.965375e+03  4.417225e+03 
 1.225114e-01  1.208152e+03  2.172573e+03  2.925208e+03  4.357712e+03 
 1.242191e-01  1.190365e+03  2.141076e+03  2.883266e+03  4.296859e+03 
 1.259506e-01  1.171916e+03  2.108360e+03  2.839673e+03  4.233527e+03 
 1.277063e-01  1.152665e+03  2.074159e+03  2.794105e+03  4.167179e+03 
 1.294865e-01  1.132826e+03  2.039043e+03  2.747274e+03  4.098440e+03 
 1.312915e-01  1.112374e+03  2.003002e+03  2.699139e+03  4.027195e+03 
 1.331216e-01  1.090862e+03  1.965014e+03  2.648335e+03  3.951970e+03 
 1.349772e-01  1.068315e+03  1.925152e+03  2.595060e+03  3.873173e+03 
 1.368587e-01  1.046036e+03  1.887850e+03  2.547596e+03  3.809830e+03 
 1.387665e-01  1.022876e+03  1.848848e+03  2.497696e+03  3.742590e+03 
 1.407008e-01  9.989824e+02  1.808374e+03  2.445706e+03  3.671942e+03 
 1.426621e-01  9.753165e+02  1.768263e+03  2.393697e+03  3.598787e+03 
 1.446507e-01  9.515790e+02  1.727932e+03  2.341154e+03  3.523908e+03 
 1.466671e-01  9.277918e+02  1.687351e+03  2.288174e+03  3.448195e+03 
 1.487115e-01  9.018128e+02  1.640626e+03  2.225422e+03  3.355808e+03 
 1.507845e-01  8.747944e+02  1.590599e+03  2.157279e+03  3.253966e+03 
 1.528864e-01  8.486976e+02  1.542271e+03  2.091505e+03  3.155601e+03 
 1.550175e-01  8.257673e+02  1.501746e+03  2.037765e+03  3.078064e+03 
 1.571784e-01  8.055286e+02  1.467467e+03  1.993503e+03  3.016567e+03 
 1.593694e-01  7.866232e+02  1.435508e+03  1.952330e+03  2.959502e+03 
 1.615909e-01  7.696871e+02  1.407391e+03  1.916405e+03  2.910165e+03 
 1.638434e-01  7.544311e+02  1.382392e+03  1.884681e+03  2.867008e+03 
 1.661273e-01  7.405979e+02  1.359918e+03  1.856348e+03  2.828818e+03 
 1.684430e-01  7.245932e+02  1.330713e+03  1.817135e+03  2.771863e+03 
 1.707910e-01  7.094501e+02  1.302762e+03  1.779414e+03  2.716860e+03 
 1.731717e-01  6.960555e+02  1.278487e+03  1.746919e+03  2.669791e+03 
 1.755856e-01  6.861229e+02  1.262399e+03  1.726475e+03  2.641159e+03 
 1.780332e-01  6.767468e+02  1.247303e+03  1.707375e+03  2.614510e+03 
 1.805149e-01  6.658005e+02  1.227080e+03  1.679420e+03  2.571050e+03 
 1.830312e-01  6.537628e+02  1.203528e+03  1.645855e+03  2.517077e+03 
 1.855825e-01  6.416834e+02  1.180259e+03  1.613078e+03  2.465142e+03 
 1.881694e-01  6.299469e+02  1.159656e+03  1.586151e+03  2.427225e+03 
 1.907924e-01  6.176279e+02  1.137949e+03  1.557684e+03  2.386862e+03 
 1.934520e-01  6.040549e+02  1.113696e+03  1.525837e+03  2.342604e+03 
 1.961486e-01  5.896028e+02  1.087716e+03  1.491624e+03  2.294990e+03 
 1.988828e-01  5.757912e+02  1.063565e+03  1.460019e+03  2.250677e+03 
 2.016551e-01  5.632565e+02  1.042698e+03  1.433073e+03  2.212510e+03 
 2.044661e-01  5.500204e+02  1.020130e+03  1.403497e+03  2.169839e+03 
 2.073162e-01  5.351834e+02  9.926715e+02  1.365743e+03  2.112549e+03 
 2.102061e-01  5.203826e+02  9.652636e+02  1.328053e+03  2.055289e+03 
 2.131362e-01  5.099612e+02  9.503405e+02  1.310379e+03  2.031669e+03 
 2.161073e-01  5.001250e+02  9.365744e+02  1.294340e+03  2.010577e+03 
 2.191197e-01  4.872719e+02  9.147031e+02  1.266404e+03  1.973463e+03 
 2.221741e-01  4.744323e+02  8.922444e+02  1.237428e+03  1.935059e+03 
 2.252711e-01  4.631368e+02  8.731908e+02  1.213340e+03  1.903301e+03 
 2.284112e-01  4.529766e+02  8.563824e+02  1.192363e+03  1.875925e+03 
 2.315951e-01  4.442739e+02  8.412398e+02  1.171997e+03  1.844600e+03 
 2.348235e-01  4.365593e+02  8.275704e+02  1.153079e+03  1.813843e+03 
 2.380968e-01  4.272762e+02  8.098205e+02  1.128456e+03  1.776563e+03 
 2.414157e-01  4.178840e+02  7.915949e+02  1.103164e+03  1.738832e+03 
 2.447809e-01  4.084465e+02  7.740501e+02  1.079488e+03  1.703599e+03 
 2.481930e-01  3.991777e+02  7.569600e+02  1.056508e+03  1.669377e+03 
 2.516527e-01  3.936320e+02  7.482298e+02  1.045107e+03  1.652250e+03 
 2.551606e-01  3.867088e+02  7.364362e+02  1.029454e+03  1.629172e+03 
 2.587174e-01  3.761053e+02  7.163345e+02  1.002314e+03  1.590453e+03 
 2.623238e-01  3.670978e+02  7.003735e+02  9.812512e+02  1.560696e+03 
 2.659804e-01  3.599081e+02  6.890463e+02  9.669713e+02  1.540970e+03 
 2.696881e-01  3.503855e+02  6.721648e+02  9.445050e+02  1.507490e+03 
 2.734474e-01  3.403061e+02  6.539061e+02  9.200079e+02  1.470643e+03 
 2.772591e-01  3.328548e+02  6.419774e+02  9.053755e+02  1.452153e+03 
 2.811239e-01  3.251021e+02  6.288255e+02  8.890027e+02  1.432428e+03 
 2.850426e-01  3.169868e+02  6.141356e+02  8.704847e+02  1.411517e+03 
 2.890160e-01  3.098880e+02  6.023263e+02  8.553691e+02  1.389663e+03 
 2.930447e-01  3.033780e+02  5.912260e+02  8.404145e+02  1.365810e+03 
 2.971296e-01  2.971890e+02  5.788495e+02  8.216318e+02  1.333656e+03 
 3.012714e-01  2.916684e+02  5.695594e+02  8.093896e+02  1.315495e+03 
 3.054710e-01  2.861548e+02  5.607998e+02  7.987426e+02  1.301620e+03 
 3.097291e-01  2.793175e+02  5.487835e+02  7.834641e+02  1.281735e+03 
 3.140465e-01  2.729786e+02  5.363341e+02  7.656823e+02  1.252628e+03 
 3.184242e-01  2.672633e+02  5.252345e+02  7.497637e+02  1.226355e+03 
 3.228628e-01  2.627793e+02  5.181938e+02  7.412412e+02  1.216433e+03 
 3.273634e-01  2.561785e+02  5.053191e+02  7.230008e+02  1.187640e+03 
 3.319266e-01  2.493457e+02  4.925110e+02  7.056042e+02  1.161908e+03 
 3.365535e-01  2.429328e+02  4.815342e+02  6.918168e+02  1.143949e+03 
 3.412449e-01  2.386462e+02  4.758953e+02  6.848583e+02  1.132188e+03 
 3.460016e-01  2.339380e+02  4.683074e+02  6.750683e+02  1.118302e+03 
 3.508247e-01  2.293450e+02  4.602202e+02  6.643444e+02  1.102810e+03 
 3.557150e-01  2.249284e+02  4.521275e+02  6.534651e+02  1.086347e+03 
 3.606735e-01  2.198839e+02  4.433217e+02  6.420521e+02  1.070272e+03 
 3.657011e-01  2.137768e+02  4.320741e+02  6.270496e+02  1.050381e+03 
 3.707988e-01  2.089262e+02  4.230883e+02  6.150391e+02  1.032802e+03 
 3.759675e-01  2.044788e+02  4.148630e+02  6.039476e+02  1.016533e+03 
 3.812083e-01  1.998307e+02  4.066932e+02  5.930284e+02  1.001053e+03 
 3.865221e-01  1.958536e+02  4.010260e+02  5.861815e+02  9.884799e+02 
 3.919100e-01  1.917221e+02  3.915542e+02  5.722528e+02  9.708998e+02 
 3.973730e-01  1.870603e+02  3.841982e+02  5.630658e+02  9.558382e+02 
 4.029122e-01  1.834350e+02  3.785309e+02  5.550127e+02  9.406779e+02 
 4.085286e-01  1.796538e+02  3.705377e+02  5.438467e+02  9.251850e+02 
 4.142232e-01  1.750889e+02  3.615623e+02  5.324099e+02  9.116235e+02 
 4.199973e-01  1.707843e+02  3.544406e+02  5.235085e+02  8.983708e+02 
 4.258518e-01  1.674088e+02  3.482251e+02  5.146261e+02  8.827762e+02 
 4.317880e-01  1.638387e+02  3.411941e+02  5.043854e+02  8.678029e+02 
 4.378069e-01  1.606988e+02  3.351492e+02  4.958731e+02  8.536465e+02 
 4.439097e-01  1.581085e+02  3.312700e+02  4.914052e+02  8.502648e+02 
 4.500975e-01  1.538805e+02  3.236289e+02  4.810050e+02  8.349932e+02 
 4.563716e-01  1.502530e+02  3.163778e+02  4.705080e+02  8.161942e+02 
 4.627332e-01  1.479998e+02  3.133487e+02  4.673118e+02  8.129780e+02 
 4.691835e-01  1.442397e+02  3.060218e+02  4.567613e+02  7.952360e+02 
 4.757236e-01  1.415068e+02  3.008645e+02  4.499032e+02  7.850003e+02 
 4.823549e-01  1.378394e+02  2.935017e+02  4.399099e+02  7.723661e+02 
 4.890787e-01  1.349591e+02  2.880956e+02  4.325976e+02  7.607290e+02 
 4.958962e-01  1.328496e+02  2.839677e+02  4.261331e+02  7.489751e+02 
 5.028087e-01  1.300339e+02  2.791561e+02  4.197197e+02  7.398694e+02 
 5.098176e-01  1.276959e+02  2.749411e+02  4.133978e+02  7.271900e+02 
 5.169242e-01  1.255455e+02  2.709660e+02  4.082469e+02  7.202236e+02 
 5.241298e-01  1.215201e+02  2.644177e+02  4.004324e+02  7.108572e+02 
 5.314359e-01  1.194415e+02  2.611682e+02  3.958295e+02  7.035677e+02 
 5.388438e-01  1.169622e+02  2.556716e+02  3.878107e+02  6.919234e+02 
 5.463550e-01  1.149220e+02  2.516552e+02  3.818086e+02  6.822580e+02 
 5.539709e-01  1.119500e+02  2.467229e+02  3.755396e+02  6.722478e+02 
 5.616930e-01  1.100179e+02  2.429868e+02  3.702952e+02  6.642326e+02 
 5.695227e-01  1.079087e+02  2.397817e+02  3.662368e+02  6.547758e+02 
 5.774615e-01  1.054619e+02  2.342540e+02  3.583540e+02  6.441310e+02 
 5.855110e-01  1.036097e+02  2.307434e+02  3.528550e+02  6.353892e+02 
 5.936727e-01  1.012570e+02  2.254104e+02  3.458421e+02  6.250065e+02 
 6.019482e-01  9.962412e+01  2.229238e+02  3.415818e+02  6.173846e+02 
 6.103390e-01  9.732154e+01  2.191454e+02  3.365774e+02  6.079911e+02 
 6.188468e-01  9.516815e+01  2.159559e+02  3.340527e+02  6.057622e+02 
 6.274732e-01  9.363610e+01  2.119422e+02  3.273378e+02  5.957414e+02 
 6.362198e-01  9.184198e+01  2.087157e+02  3.224069e+02  5.863732e+02 
 6.450884e-01  8.974206e+01  2.051570e+02  3.175239e+02  5.776813e+02 
 6.540806e-01  8.788053e+01  2.008300e+02  3.111545e+02  5.691764e+02 
 6.631981e-01  8.601143e+01  1.981639e+02  3.082360e+02  5.630863e+02 
 6.724427e-01  8.440569e+01  1.947522e+02  3.037591e+02  5.579590e+02 
 6.818162e-01  8.265301e+01  1.912120e+02  2.974464e+02  5.470227e+02 
 6.913204e-01  8.091797e+01  1.878918e+02  2.932346e+02  5.396158e+02 
 7.009570e-01  7.978050e+01  1.851053e+02  2.892951e+02  5.326450e+02 
 7.107280e-01  7.780841e+01  1.821522e+02  2.849608e+02  5.242927e+02 
 7.206351e-01  7.663518e+01  1.794528e+02  2.815388e+02  5.201566e+02 
 7.306804e-01  7.513854e+01  1.767476e+02  2.769697e+02  5.108871e+02 
 7.408657e-01  7.349649e+01  1.733712e+02  2.722121e+02  5.046489e+02 
 7.511929e-01  7.197840e+01  1.703712e+02  2.684637e+02  4.975919e+02 
 7.616642e-01  7.057731e+01  1.674095e+02  2.643764e+02  4.917420e+02 
 7.722814e-01  6.970898e+01  1.656292e+02  2.612068e+02  4.841431e+02 
 7.830465e-01  6.825503e+01  1.625959e+02  2.570589e+02  4.778143e+02 
 7.939618e-01  6.703302e+01  1.605222e+02  2.537541e+02  4.735688e+02 
 8.050292e-01  6.558577e+01  1.577560e+02  2.505700e+02  4.672815e+02 
 8.162509e-01  6.451143e+01  1.554223e+02  2.462246e+02  4.593620e+02 
 8.276289e-01  6.297071e+01  1.525336e+02  2.425876e+02  4.537192e+02 
 8.391656e-01  6.224876e+01  1.507153e+02  2.392773e+02  4.490502e+02 
 8.508632e-01  6.109012e+01  1.482141e+02  2.360888e+02  4.428919e+02 
 8.627237e-01  5.981592e+01  1.459573e+02  2.326143e+02  4.359860e+02 
 8.747496e-01  5.873132e+01  1.436085e+02  2.293323e+02  4.302962e+02 
 8.869432e-01  5.774810e+01  1.415687e+02  2.262135e+02  4.246535e+02 
 8.993067e-01  5.662941e+01  1.393707e+02  2.228656e+02  4.187187e+02 
 9.118425e-01  5.573590e+01  1.370257e+02  2.191910e+02  4.113488e+02 
 9.245531e-01  5.455853e+01  1.347828e+02  2.158573e+02  4.070705e+02 
 9.374409e-01  5.355595e+01  1.328273e+02  2.132134e+02  4.014730e+02 
 9.505083e-01  5.270324e+01  1.307924e+02  2.101439e+02  3.958386e+02 
 9.637579e-01  5.158725e+01  1.283341e+02  2.066255e+02  3.903563e+02 
 9.771921e-01  5.098424e+01  1.275424e+02  2.044211e+02  3.849585e+02 
 9.908137e-01  5.002703e+01  1.252462e+02  2.013877e+02  3.801334e+02 
 1.004625e+00  4.907059e+01  1.229640e+02  1.979197e+02  3.737307e+02 
 1.018629e+00  4.825977e+01  1.213196e+02  1.951673e+02  3.683645e+02 
 1.032828e+00  4.737161e+01  1.195200e+02  1.928270e+02  3.646878e+02 
 1.047225e+00  4.649944e+01  1.178335e+02  1.897164e+02  3.584613e+02 
 1.061823e+00  4.580873e+01  1.162374e+02  1.871270e+02  3.531706e+02 
 1.076624e+00  4.496967e+01  1.144398e+02  1.844023e+02  3.479129e+02 
 1.091632e+00  4.420020e+01  1.126985e+02  1.817808e+02  3.425756e+02 
 1.106848e+00  4.338697e+01  1.107985e+02  1.791498e+02  3.380541e+02 
 1.122277e+00  4.265663e+01  1.092633e+02  1.762550e+02  3.325980e+02 
 1.137921e+00  4.190622e+01  1.074557e+02  1.736881e+02  3.276903e+02 
 1.153783e+00  4.125895e+01  1.058122e+02  1.710944e+02  3.230199e+02 
 1.169866e+00  4.051054e+01  1.042489e+02  1.684950e+02  3.184689e+02 
 1.186174e+00  3.979864e+01  1.027904e+02  1.660757e+02  3.134129e+02 
 1.202708e+00  3.918927e+01  1.012298e+02  1.636035e+02  3.085858e+02 
 1.219473e+00  3.853358e+01  9.975625e+01  1.612674e+02  3.034771e+02 
 1.236472e+00  3.786329e+01  9.831835e+01  1.589914e+02  2.989697e+02 
 1.253708e+00  3.727038e+01  9.673903e+01  1.564474e+02  2.947500e+02 
 1.271184e+00  3.665645e+01  9.569015e+01  1.544581e+02  2.899633e+02 
 1.288904e+00  3.604993e+01  9.386246e+01  1.519213e+02  2.859517e+02 
 1.306870e+00  3.539658e+01  9.248738e+01  1.495682e+02  2.811208e+02 
 1.325087e+00  3.487040e+01  9.113851e+01  1.473318e+02  2.764615e+02 
 1.343558e+00  3.430235e+01  8.971629e+01  1.450512e+02  2.719706e+02 
 1.362287e+00  3.378385e+01  8.827208e+01  1.426149e+02  2.677075e+02 
 1.381276e+00  3.323264e+01  8.691566e+01  1.402059e+02  2.633910e+02 
 1.400531e+00  3.269300e+01  8.560686e+01  1.380852e+02  2.586522e+02 
 1.420053e+00  3.213252e+01  8.422496e+01  1.359649e+02  2.542186e+02 
 1.439848e+00  3.162640e+01  8.295251e+01  1.336708e+02  2.500879e+02 
 1.459919e+00  3.106545e+01  8.162666e+01  1.314644e+02  2.455445e+02 
 1.480269e+00  3.062098e+01  8.022168e+01  1.292456e+02  2.409298e+02 
 1.500903e+00  3.010955e+01  7.898704e+01  1.270695e+02  2.372853e+02 
 1.521825e+00  2.962440e+01  7.785073e+01  1.251019e+02  2.329529e+02 
 1.543038e+00  2.913318e+01  7.659438e+01  1.231395e+02  2.290424e+02 
 1.564548e+00  2.870267e+01  7.536411e+01  1.210311e+02  2.248518e+02 
 1.586357e+00  2.824357e+01  7.423620e+01  1.190322e+02  2.208231e+02 
 1.608469e+00  2.777212e+01  7.308733e+01  1.170452e+02  2.171241e+02 
 1.630891e+00  2.740286e+01  7.178011e+01  1.148832e+02  2.128681e+02 
 1.653624e+00  2.693146e+01  7.061023e+01  1.130723e+02  2.093289e+02 
 1.676675e+00  2.650853e+01  6.957837e+01  1.111657e+02  2.052323e+02 
 1.700047e+00  2.606787e+01  6.842645e+01  1.092075e+02  2.015186e+02 
 1.723745e+00  2.565463e+01  6.727170e+01  1.072539e+02  1.974516e+02 
 1.747773e+00  2.522203e+01  6.611937e+01  1.053410e+02  1.936505e+02 
 1.772136e+00  2.482842e+01  6.498467e+01  1.033965e+02  1.901335e+02 
 1.796838e+00  2.444493e+01  6.389408e+01  1.015641e+02  1.863541e+02 
 1.821885e+00  2.405782e+01  6.278732e+01  9.967587e+01  1.828222e+02 
 1.847281e+00  2.368229e+01  6.180581e+01  9.793317e+01  1.792548e+02 
 1.873032e+00  2.330568e+01  6.064679e+01  9.600979e+01  1.758254e+02 
 1.899141e+00  2.291713e+01  5.958111e+01  9.428385e+01  1.723302e+02 
 1.925614e+00  2.256845e+01  5.858366e+01  9.254678e+01  1.688342e+02 
 1.952456e+00  2.227416e+01  5.759864e+01  9.081859e+01  1.654441e+02 
 1.979672e+00  2.187268e+01  5.662460e+01  8.912221e+01  1.621391e+02 
 2.007267e+00  2.155276e+01  5.558079e+01  8.734582e+01  1.590198e+02 
 2.035248e+00  2.118082e+01  5.458332e+01  8.565289e+01  1.556549e+02 
 2.063618e+00  2.084154e+01  5.358510e+01  8.403069e+01  1.524113e+02 
 2.092383e+00  2.050959e+01  5.261842e+01  8.235429e+01  1.492987e+02 
 2.121550e+00  2.016888e+01  5.162726e+01  8.070373e+01  1.461028e+02 
 2.151123e+00  1.984584e+01  5.067607e+01  7.905300e+01  1.429506e+02 
 2.181109e+00  1.951947e+01  4.971217e+01  7.749285e+01  1.399513e+02 
 2.211512e+00  1.919858e+01  4.874974e+01  7.587435e+01  1.368482e+02 
 2.242340e+00  1.889280e+01  4.783712e+01  7.433112e+01  1.339102e+02 
 2.273597e+00  1.856002e+01  4.691306e+01  7.273019e+01  1.309627e+02 
 2.305289e+00  1.827277e+01  4.600253e+01  7.125766e+01  1.281142e+02 
 2.337424e+00  1.796735e+01  4.509250e+01  6.974130e+01  1.252964e+02 
 2.370006e+00  1.767042e+01  4.421901e+01  6.830413e+01  1.226424e+02 
 2.403043e+00  1.736799e+01  4.335122e+01  6.682272e+01  1.198754e+02 
 2.436540e+00  1.708737e+01  4.250515e+01  6.540837e+01  1.172043e+02 
 2.470504e+00  1.680286e+01  4.167555e+01  6.400147e+01  1.145769e+02 
 2.504942e+00  1.652021e+01  4.086128e+01  6.264344e+01  1.120493e+02 
 2.539859e+00  1.625390e+01  4.002449e+01  6.126530e+01  1.094812e+02 
 2.575263e+00  1.596636e+01  3.920310e+01  5.998043e+01  1.070212e+02 
 2.611161e+00  1.570242e+01  3.839350e+01  5.860477e+01  1.045686e+02 
 2.647559e+00  1.543276e+01  3.758437e+01  5.727634e+01  1.021256e+02 
 2.684465e+00  1.516466e+01  3.681873e+01  5.597050e+01  9.974615e+01 
 2.721885e+00  1.488896e+01  3.601128e+01  5.471954e+01  9.740363e+01 
 2.759826e+00  1.462567e+01  3.522649e+01  5.345661e+01  9.509597e+01 
 2.798297e+00  1.436747e+01  3.448400e+01  5.223314e+01  9.290640e+01 
 2.837304e+00  1.411260e+01  3.372975e+01  5.102593e+01  9.069687e+01 
 2.876854e+00  1.385975e+01  3.298611e+01  4.984282e+01  8.855663e+01 
 2.916956e+00  1.361257e+01  3.227708e+01  4.867901e+01  8.643045e+01 
 2.957617e+00  1.337171e+01  3.157946e+01  4.755834e+01  8.440085e+01 
 2.998844e+00  1.312873e+01  3.089176e+01  4.644401e+01  8.237360e+01 
 3.040646e+00  1.289294e+01  3.020730e+01  4.536005e+01  8.045664e+01 
 3.083031e+00  1.265874e+01  2.953868e+01  4.429726e+01  7.854330e+01 
 3.126007e+00  1.243395e+01  2.888984e+01  4.325011e+01  7.665605e+01 
 3.169582e+00  1.220405e+01  2.822577e+01  4.221692e+01  7.482172e+01 
 3.213764e+00  1.197796e+01  2.758929e+01  4.120416e+01  7.301052e+01 
 3.258562e+00  1.174917e+01  2.697032e+01  4.020508e+01  7.123558e+01 
 3.303985e+00  1.152495e+01  2.633640e+01  3.923565e+01  6.949696e+01 
 3.350041e+00  1.130673e+01  2.571674e+01  3.826252e+01  6.776953e+01 
 3.396739e+00  1.108179e+01  2.511895e+01  3.732953e+01  6.609921e+01 
 3.444087e+00  1.087100e+01  2.451430e+01  3.639913e+01  6.444487e+01 
 3.492096e+00  1.065821e+01  2.393886e+01  3.550791e+01  6.286498e+01 
 3.540774e+00  1.044646e+01  2.337816e+01  3.463245e+01  6.129912e+01 
 3.590130e+00  1.024209e+01  2.281759e+01  3.376471e+01  5.979380e+01 
 3.640175e+00  1.004260e+01  2.227374e+01  3.293670e+01  5.830292e+01 
 3.690917e+00  9.839276e+00  2.174872e+01  3.211016e+01  5.686090e+01 
 3.742366e+00  9.643987e+00  2.122015e+01  3.131714e+01  5.546988e+01 
 3.794533e+00  9.453034e+00  2.072121e+01  3.054383e+01  5.408623e+01 
 3.847427e+00  9.264436e+00  2.021623e+01  2.978808e+01  5.276416e+01 
 3.901058e+00  9.072746e+00  1.973576e+01  2.904798e+01  5.144836e+01 
 3.955436e+00  8.893066e+00  1.925583e+01  2.831409e+01  5.016467e+01 
 4.010573e+00  8.705873e+00  1.878200e+01  2.760665e+01  4.891593e+01 
 4.066478e+00  8.524517e+00  1.832020e+01  2.690239e+01  4.767300e+01 
 4.123163e+00  8.344223e+00  1.786797e+01  2.621616e+01  4.646566e+01 
 4.180637e+00  8.168218e+00  1.742432e+01  2.554567e+01  4.527725e+01 
 4.238913e+00  7.993139e+00  1.698406e+01  2.489044e+01  4.413283e+01 
 4.298001e+00  7.818217e+00  1.655917e+01  2.425342e+01  4.300171e+01 
 4.357913e+00  7.653674e+00  1.614476e+01  2.363291e+01  4.191265e+01 
 4.418660e+00  7.486445e+00  1.574016e+01  2.302593e+01  4.085063e+01 
 4.480254e+00  7.322135e+00  1.534479e+01  2.243472e+01  3.981002e+01 
 4.542706e+00  7.163721e+00  1.495612e+01  2.185787e+01  3.879568e+01 
 4.606029e+00  7.006963e+00  1.458543e+01  2.130254e+01  3.781899e+01 
 4.670234e+00  6.853529e+00  1.421999e+01  2.076467e+01  3.686970e+01 
 4.735335e+00  6.703413e+00  1.386481e+01  2.023583e+01  3.593667e+01 
 4.801343e+00  6.558041e+00  1.352063e+01  1.972289e+01  3.502339e+01 
 4.868271e+00  6.413086e+00  1.318074e+01  1.921883e+01  3.413759e+01 
 4.936132e+00  6.270418e+00  1.284746e+01  1.872945e+01  3.327029e+01 
 5.004939e+00  6.129372e+00  1.252298e+01  1.824731e+01  3.241868e+01 
 5.074705e+00  5.989397e+00  1.220287e+01  1.777514e+01  3.158793e+01 
 5.145444e+00  5.852816e+00  1.189191e+01  1.731335e+01  3.077646e+01 
 5.217169e+00  5.717227e+00  1.158484e+01  1.686339e+01  2.997483e+01 
 5.289893e+00  5.586384e+00  1.128793e+01  1.642750e+01  2.919892e+01 
 5.363631e+00  5.456122e+00  1.099762e+01  1.599680e+01  2.844348e+01 
 5.438397e+00  5.329815e+00  1.071461e+01  1.558115e+01  2.770457e+01 
 5.514206e+00  5.205694e+00  1.043921e+01  1.517688e+01  2.698850e+01 
 5.591071e+00  5.083150e+00  1.017317e+01  1.478222e+01  2.629312e+01 
 5.669007e+00  4.966155e+00  9.912022e+00  1.440236e+01  2.561460e+01 
 5.748030e+00  4.850484e+00  9.660016e+00  1.403088e+01  2.495462e+01 
 5.828155e+00  4.737941e+00  9.414781e+00  1.367100e+01  2.431388e+01 
 5.909396e+00  4.627866e+00  9.175440e+00  1.332016e+01  2.369335e+01 
 5.991770e+00  4.519824e+00  8.942030e+00  1.297860e+01  2.308532e+01 
 6.075292e+00  4.414590e+00  8.716003e+00  1.264620e+01  2.249347e+01 
 6.159978e+00  4.310684e+00  8.494580e+00  1.232092e+01  2.191456e+01 
 6.245845e+00  4.208703e+00  8.277544e+00  1.200261e+01  2.134538e+01 
 6.332908e+00  4.107943e+00  8.063399e+00  1.168971e+01  2.078909e+01 
 6.421186e+00  4.010011e+00  7.855715e+00  1.138368e+01  2.024372e+01 
 6.510694e+00  3.913168e+00  7.652086e+00  1.108701e+01  1.971185e+01 
 6.601449e+00  3.819120e+00  7.454450e+00  1.079650e+01  1.919474e+01 
 6.693470e+00  3.726889e+00  7.260800e+00  1.051272e+01  1.868888e+01 
 6.786773e+00  3.636574e+00  7.073628e+00  1.023725e+01  1.819684e+01 
 6.881377e+00  3.549171e+00  6.890773e+00  9.970111e+00  1.771696e+01 
 6.977300e+00  3.463883e+00  6.713989e+00  9.710888e+00  1.725266e+01 
 7.074559e+00  3.380870e+00  6.541394e+00  9.457861e+00  1.679998e+01 
 7.173175e+00  3.299745e+00  6.374485e+00  9.213152e+00  1.636157e+01 
 7.273165e+00  3.221139e+00  6.212601e+00  8.975570e+00  1.593395e+01 
 7.374549e+00  3.144399e+00  6.054294e+00  8.743352e+00  1.551925e+01 
 7.477346e+00  3.069385e+00  5.901384e+00  8.519553e+00  1.511568e+01 
 7.581576e+00  2.996703e+00  5.750968e+00  8.299584e+00  1.472119e+01 
 7.687260e+00  2.925145e+00  5.604649e+00  8.085046e+00  1.433632e+01 
 7.794416e+00  2.854779e+00  5.461276e+00  7.873935e+00  1.395882e+01 
 7.903066e+00  2.785931e+00  5.320757e+00  7.667588e+00  1.358801e+01 
 8.013230e+00  2.718590e+00  5.183844e+00  7.467574e+00  1.322680e+01 
 8.124930e+00  2.652450e+00  5.050184e+00  7.271067e+00  1.287323e+01 
 8.238187e+00  2.588193e+00  4.919258e+00  7.079435e+00  1.252959e+01 
 8.353023e+00  2.525337e+00  4.792329e+00  6.893395e+00  1.219408e+01 
 8.469460e+00  2.464306e+00  4.668874e+00  6.712228e+00  1.186817e+01 
 8.587519e+00  2.404882e+00  4.548635e+00  6.536258e+00  1.155145e+01 
 8.707225e+00  2.347121e+00  4.431689e+00  6.365424e+00  1.124352e+01 
 8.828599e+00  2.290991e+00  4.318965e+00  6.199295e+00  1.094417e+01 
 8.951665e+00  2.236340e+00  4.209157e+00  6.038341e+00  1.065405e+01 
 9.076446e+00  2.183349e+00  4.102737e+00  5.882524e+00  1.037292e+01 
 9.202967e+00  2.131878e+00  3.999148e+00  5.730668e+00  1.009885e+01 
 9.331251e+00  2.081744e+00  3.898342e+00  5.582864e+00  9.832450e+00 
 9.461324e+00  0.000000e+00  0.000000e+00  0.000000e+00  0.000000e+00 
 9.593209e+00  0.000000e+00  0.000000e+00  0.000000e+00  0.000000e+00 
 9.726934e+00  0.000000e+00  0.000000e+00  0.000000e+00  0.000000e+00 
 9.862522e+00  0.000000e+00  0.000000e+00  0.000000e+00  0.000000e+00 
 1.000000e+01  0.000000e+00  0.000000e+00  0.000000e+00  0.000000e+00 
