 1.000000e-02  5.617638e+03  1.023010e+04  1.380984e+04  2.049614e+04 
 1.013939e-02  5.647493e+03  1.028427e+04  1.388292e+04  2.060408e+04 
 1.028073e-02  5.676837e+03  1.033748e+04  1.395478e+04  2.071010e+04 
 1.042404e-02  5.705668e+03  1.038980e+04  1.402529e+04  2.081428e+04 
 1.056935e-02  5.733972e+03  1.044120e+04  1.409447e+04  2.091664e+04 
 1.071668e-02  5.761717e+03  1.049157e+04  1.416228e+04  2.101694e+04 
 1.086606e-02  5.788871e+03  1.054088e+04  1.422866e+04  2.111507e+04 
 1.101753e-02  5.815422e+03  1.058905e+04  1.429355e+04  2.121093e+04 
 1.117111e-02  5.841348e+03  1.063604e+04  1.435688e+04  2.130440e+04 
 1.132683e-02  5.866632e+03  1.068184e+04  1.441857e+04  2.139550e+04 
 1.148472e-02  5.891248e+03  1.072645e+04  1.447862e+04  2.148416e+04 
 1.164481e-02  5.915194e+03  1.076987e+04  1.453701e+04  2.157040e+04 
 1.180713e-02  5.938437e+03  1.081204e+04  1.459367e+04  2.165410e+04 
 1.197171e-02  5.960926e+03  1.085281e+04  1.464851e+04  2.173502e+04 
 1.213859e-02  5.982650e+03  1.089216e+04  1.470144e+04  2.181316e+04 
 1.230780e-02  6.003620e+03  1.093012e+04  1.475252e+04  2.188847e+04 
 1.247936e-02  6.023803e+03  1.096666e+04  1.480164e+04  2.196085e+04 
 1.265332e-02  6.043160e+03  1.100169e+04  1.484871e+04  2.203022e+04 
 1.282970e-02  6.061661e+03  1.103516e+04  1.489365e+04  2.209648e+04 
 1.300854e-02  6.079285e+03  1.106702e+04  1.493647e+04  2.215952e+04 
 1.318987e-02  6.096023e+03  1.109727e+04  1.497710e+04  2.221930e+04 
 1.337373e-02  6.111851e+03  1.112585e+04  1.501550e+04  2.227573e+04 
 1.356015e-02  6.126755e+03  1.115273e+04  1.505159e+04  2.232874e+04 
 1.374917e-02  6.140686e+03  1.117786e+04  1.508528e+04  2.237823e+04 
 1.394083e-02  6.153632e+03  1.120120e+04  1.511652e+04  2.242410e+04 
 1.413516e-02  6.165591e+03  1.122272e+04  1.514528e+04  2.246631e+04 
 1.433219e-02  6.176536e+03  1.124237e+04  1.517154e+04  2.250476e+04 
 1.453198e-02  6.186407e+03  1.126009e+04  1.519523e+04  2.253934e+04 
 1.473454e-02  6.195188e+03  1.127583e+04  1.521631e+04  2.256997e+04 
 1.493993e-02  6.202884e+03  1.128959e+04  1.523470e+04  2.259659e+04 
 1.514819e-02  6.209465e+03  1.130133e+04  1.525032e+04  2.261916e+04 
 1.535935e-02  6.214911e+03  1.131100e+04  1.526313e+04  2.263758e+04 
 1.557345e-02  6.219185e+03  1.131854e+04  1.527304e+04  2.265172e+04 
 1.579053e-02  6.222271e+03  1.132390e+04  1.528003e+04  2.266156e+04 
 1.601064e-02  6.224151e+03  1.132708e+04  1.528405e+04  2.266701e+04 
 1.623382e-02  6.224808e+03  1.132805e+04  1.528513e+04  2.266809e+04 
 1.646012e-02  6.224228e+03  1.132675e+04  1.528320e+04  2.266464e+04 
 1.668956e-02  6.222375e+03  1.132314e+04  1.527808e+04  2.265653e+04 
 1.692220e-02  6.219239e+03  1.131717e+04  1.526980e+04  2.264362e+04 
 1.715809e-02  6.214790e+03  1.130881e+04  1.525832e+04  2.262602e+04 
 1.739726e-02  6.209025e+03  1.129805e+04  1.524358e+04  2.260360e+04 
 1.763977e-02  6.201909e+03  1.128484e+04  1.522553e+04  2.257627e+04 
 1.788566e-02  6.193428e+03  1.126914e+04  1.520413e+04  2.254401e+04 
 1.813498e-02  6.183576e+03  1.125096e+04  1.517934e+04  2.250675e+04 
 1.838777e-02  6.172341e+03  1.123027e+04  1.515118e+04  2.246435e+04 
 1.864409e-02  6.159727e+03  1.120703e+04  1.511958e+04  2.241678e+04 
 1.890397e-02  6.145705e+03  1.118125e+04  1.508454e+04  2.236407e+04 
 1.916748e-02  6.130233e+03  1.115282e+04  1.504590e+04  2.230620e+04 
 1.943467e-02  6.113315e+03  1.112175e+04  1.500372e+04  2.224313e+04 
 1.970558e-02  6.094969e+03  1.108811e+04  1.495806e+04  2.217486e+04 
 1.998026e-02  6.075182e+03  1.105182e+04  1.490888e+04  2.210131e+04 
 2.025878e-02  6.053923e+03  1.101287e+04  1.485609e+04  2.202240e+04 
 2.054117e-02  6.031198e+03  1.097124e+04  1.479966e+04  2.193808e+04 
 2.082751e-02  6.007019e+03  1.092694e+04  1.473964e+04  2.184844e+04 
 2.111783e-02  5.981371e+03  1.087999e+04  1.467603e+04  2.175346e+04 
 2.141220e-02  5.954366e+03  1.083052e+04  1.460900e+04  2.165334e+04 
 2.171068e-02  5.926519e+03  1.077932e+04  1.453941e+04  2.154887e+04 
 2.201331e-02  5.897190e+03  1.072542e+04  1.446618e+04  2.143905e+04 
 2.232016e-02  5.866394e+03  1.066886e+04  1.438936e+04  2.132388e+04 
 2.263130e-02  5.834182e+03  1.060971e+04  1.430907e+04  2.120356e+04 
 2.294676e-02  5.800543e+03  1.054799e+04  1.422526e+04  2.107805e+04 
 2.326663e-02  5.765476e+03  1.048365e+04  1.413797e+04  2.094738e+04 
 2.359095e-02  5.728997e+03  1.041676e+04  1.404722e+04  2.081164e+04 
 2.391980e-02  5.691124e+03  1.034732e+04  1.395303e+04  2.067081e+04 
 2.425323e-02  5.651860e+03  1.027535e+04  1.385545e+04  2.052492e+04 
 2.459130e-02  5.611248e+03  1.020095e+04  1.375458e+04  2.037409e+04 
 2.493409e-02  5.569330e+03  1.012415e+04  1.365046e+04  2.021849e+04 
 2.528166e-02  5.526118e+03  1.004501e+04  1.354320e+04  2.005823e+04 
 2.563407e-02  5.481638e+03  9.963570e+03  1.343283e+04  1.989339e+04 
 2.599140e-02  5.435892e+03  9.879838e+03  1.331940e+04  1.972403e+04 
 2.635371e-02  5.388946e+03  9.793917e+03  1.320301e+04  1.955030e+04 
 2.672106e-02  5.340848e+03  9.705902e+03  1.308379e+04  1.937236e+04 
 2.709354e-02  5.291631e+03  9.615862e+03  1.296182e+04  1.919037e+04 
 2.747121e-02  5.241335e+03  9.523855e+03  1.283724e+04  1.900451e+04 
 2.785414e-02  5.189940e+03  9.429892e+03  1.271004e+04  1.881486e+04 
 2.824241e-02  5.137242e+03  9.333677e+03  1.257994e+04  1.862119e+04 
 2.863610e-02  5.083601e+03  9.235763e+03  1.244756e+04  1.842413e+04 
 2.903527e-02  5.029083e+03  9.136243e+03  1.231298e+04  1.822389e+04 
 2.944000e-02  4.973731e+03  9.035238e+03  1.217643e+04  1.802069e+04 
 2.985038e-02  4.917615e+03  8.932843e+03  1.203798e+04  1.781474e+04 
 3.026648e-02  4.860795e+03  8.829180e+03  1.189785e+04  1.760630e+04 
 3.068838e-02  4.803347e+03  8.724358e+03  1.175616e+04  1.739555e+04 
 3.111616e-02  4.745337e+03  8.618515e+03  1.161311e+04  1.718279e+04 
 3.154990e-02  4.686823e+03  8.511772e+03  1.146886e+04  1.696828e+04 
 3.198969e-02  4.627883e+03  8.404261e+03  1.132356e+04  1.675222e+04 
 3.243561e-02  4.568572e+03  8.296086e+03  1.117736e+04  1.653487e+04 
 3.288774e-02  4.508972e+03  8.187397e+03  1.103046e+04  1.631650e+04 
 3.334618e-02  4.449157e+03  8.078313e+03  1.088306e+04  1.609737e+04 
 3.381101e-02  4.389207e+03  7.968979e+03  1.073536e+04  1.587780e+04 
 3.428231e-02  4.329192e+03  7.859549e+03  1.058752e+04  1.565807e+04 
 3.476019e-02  4.269044e+03  7.750203e+03  1.044016e+04  1.544004e+04 
 3.524473e-02  4.208991e+03  7.641056e+03  1.029303e+04  1.522246e+04 
 3.573602e-02  4.149122e+03  7.532237e+03  1.014638e+04  1.500552e+04 
 3.623416e-02  4.089517e+03  7.423895e+03  1.000036e+04  1.478950e+04 
 3.673925e-02  4.030253e+03  7.316160e+03  9.855157e+03  1.457472e+04 
 3.725137e-02  3.971399e+03  7.209187e+03  9.710977e+03  1.436148e+04 
 3.777064e-02  3.913033e+03  7.103124e+03  9.568004e+03  1.415002e+04 
 3.829714e-02  3.855243e+03  6.998101e+03  9.426458e+03  1.394065e+04 
 3.883098e-02  3.798111e+03  6.894258e+03  9.286513e+03  1.373363e+04 
 3.937226e-02  3.741698e+03  6.791729e+03  9.148341e+03  1.352921e+04 
 3.992109e-02  3.686083e+03  6.690645e+03  9.012117e+03  1.332768e+04 
 4.047757e-02  3.631325e+03  6.591082e+03  8.877897e+03  1.312904e+04 
 4.104181e-02  3.577341e+03  6.492386e+03  8.744260e+03  1.292960e+04 
 4.161391e-02  3.524340e+03  6.395504e+03  8.613066e+03  1.273382e+04 
 4.219398e-02  3.472393e+03  6.300544e+03  8.484469e+03  1.254189e+04 
 4.278214e-02  3.421552e+03  6.207596e+03  8.358614e+03  1.235402e+04 
 4.337850e-02  3.371871e+03  6.116752e+03  8.235608e+03  1.217040e+04 
 4.398317e-02  3.323402e+03  6.028117e+03  8.115577e+03  1.199121e+04 
 4.459628e-02  3.276181e+03  5.941767e+03  7.998629e+03  1.181660e+04 
 4.521792e-02  3.230238e+03  5.857745e+03  7.884831e+03  1.164667e+04 
 4.584824e-02  3.185603e+03  5.776114e+03  7.774261e+03  1.148154e+04 
 4.648734e-02  3.142307e+03  5.696929e+03  7.666999e+03  1.132129e+04 
 4.713535e-02  3.100462e+03  5.621067e+03  7.564931e+03  1.117071e+04 
 4.779239e-02  3.060035e+03  5.548197e+03  7.467332e+03  1.102791e+04 
 4.845859e-02  3.020977e+03  5.477805e+03  7.373067e+03  1.088999e+04 
 4.913407e-02  2.983284e+03  5.409892e+03  7.282131e+03  1.075699e+04 
 4.981898e-02  2.946951e+03  5.344450e+03  7.194514e+03  1.062887e+04 
 5.051342e-02  2.911976e+03  5.281467e+03  7.110191e+03  1.050562e+04 
 5.121755e-02  2.878321e+03  5.220880e+03  7.029084e+03  1.038710e+04 
 5.193150e-02  2.845947e+03  5.162587e+03  6.951092e+03  1.027317e+04 
 5.265540e-02  2.814809e+03  5.106535e+03  6.876125e+03  1.016368e+04 
 5.338938e-02  2.784650e+03  5.051834e+03  6.802515e+03  1.005502e+04 
 5.413360e-02  2.755368e+03  4.998232e+03  6.729832e+03  9.946320e+03 
 5.488820e-02  2.727173e+03  4.946611e+03  6.659810e+03  9.841568e+03 
 5.565331e-02  2.699996e+03  4.896811e+03  6.592278e+03  9.740517e+03 
 5.642908e-02  2.673708e+03  4.848617e+03  6.526908e+03  9.642679e+03 
 5.721568e-02  2.648152e+03  4.801777e+03  6.463355e+03  9.547514e+03 
 5.801323e-02  2.623328e+03  4.756266e+03  6.401594e+03  9.455011e+03 
 5.882190e-02  2.599347e+03  4.712305e+03  6.341915e+03  9.365590e+03 
 5.964185e-02  2.576367e+03  4.670441e+03  6.285360e+03  9.281561e+03 
 6.047322e-02  2.554335e+03  4.631069e+03  6.232979e+03  9.205885e+03 
 6.131619e-02  2.532447e+03  4.591958e+03  6.180934e+03  9.130706e+03 
 6.217090e-02  2.510323e+03  4.552401e+03  6.128289e+03  9.054643e+03 
 6.303753e-02  2.487863e+03  4.512232e+03  6.074803e+03  8.977347e+03 
 6.391624e-02  2.465090e+03  4.471495e+03  6.020549e+03  8.898895e+03 
 6.480720e-02  2.442018e+03  4.430217e+03  5.965572e+03  8.819365e+03 
 6.571058e-02  2.418551e+03  4.388224e+03  5.909649e+03  8.738414e+03 
 6.662655e-02  2.393399e+03  4.341383e+03  5.845314e+03  8.639813e+03 
 6.755528e-02  2.367459e+03  4.293052e+03  5.778929e+03  8.538044e+03 
 6.849697e-02  2.340625e+03  4.243107e+03  5.710366e+03  8.433108e+03 
 6.945178e-02  2.312800e+03  4.191371e+03  5.639404e+03  8.324660e+03 
 7.041990e-02  2.283878e+03  4.137666e+03  5.565805e+03  8.212339e+03 
 7.140151e-02  2.253771e+03  4.081834e+03  5.489352e+03  8.095842e+03 
 7.239681e-02  2.222682e+03  4.024513e+03  5.411221e+03  7.977953e+03 
 7.340598e-02  2.190583e+03  3.965707e+03  5.331494e+03  7.858980e+03 
 7.442922e-02  2.157097e+03  3.904401e+03  5.248415e+03  7.735091e+03 
 7.546673e-02  2.122206e+03  3.840560e+03  5.161938e+03  7.606219e+03 
 7.651869e-02  2.085912e+03  3.774171e+03  5.072068e+03  7.472337e+03 
 7.758532e-02  2.048241e+03  3.705300e+03  4.978872e+03  7.333592e+03 
 7.866682e-02  2.010033e+03  3.636530e+03  4.886870e+03  7.199316e+03 
 7.976339e-02  1.971841e+03  3.569507e+03  4.798914e+03  7.075341e+03 
 8.087525e-02  1.932433e+03  3.500227e+03  4.707860e+03  6.946619e+03 
 8.200261e-02  1.891917e+03  3.428881e+03  4.613969e+03  6.813526e+03 
 8.314568e-02  1.850448e+03  3.355725e+03  4.517588e+03  6.676562e+03 
 8.430468e-02  1.808190e+03  3.281056e+03  4.419110e+03  6.536328e+03 
 8.547985e-02  1.764709e+03  3.203083e+03  4.315155e+03  6.385477e+03 
 8.667139e-02  1.720556e+03  3.123397e+03  4.208382e+03  6.229266e+03 
 8.787954e-02  1.676255e+03  3.043438e+03  4.101195e+03  6.072360e+03 
 8.910453e-02  1.632031e+03  2.963607e+03  3.994159e+03  5.915595e+03 
 9.034660e-02  1.588127e+03  2.884334e+03  3.887855e+03  5.759824e+03 
 9.160598e-02  1.545468e+03  2.808242e+03  3.786726e+03  5.613784e+03 
 9.288292e-02  1.504215e+03  2.735494e+03  3.690854e+03  5.477354e+03 
 9.417766e-02  1.463932e+03  2.664410e+03  3.597128e+03  5.343875e+03 
 9.549045e-02  1.424841e+03  2.595421e+03  3.506124e+03  5.214160e+03 
 9.682153e-02  1.387145e+03  2.528896e+03  3.418352e+03  5.088988e+03 
 9.817117e-02  1.351325e+03  2.466132e+03  3.335996e+03  4.972612e+03 
 9.953962e-02  1.317366e+03  2.406802e+03  3.258340e+03  4.863357e+03 
 1.009272e-01  1.285310e+03  2.350851e+03  3.185134e+03  4.760484e+03 
 1.023340e-01  1.255270e+03  2.298502e+03  3.116688e+03  4.664474e+03 
 1.037605e-01  1.226720e+03  2.248058e+03  3.050117e+03  4.569557e+03 
 1.052069e-01  1.198094e+03  2.194732e+03  2.977181e+03  4.459440e+03 
 1.066734e-01  1.171698e+03  2.145555e+03  2.909890e+03  4.357768e+03 
 1.081604e-01  1.147505e+03  2.100459e+03  2.848145e+03  4.264411e+03 
 1.096681e-01  1.125459e+03  2.059289e+03  2.791725e+03  4.179095e+03 
 1.111968e-01  1.105516e+03  2.022134e+03  2.740755e+03  4.101485e+03 
 1.127468e-01  1.087466e+03  1.988483e+03  2.694570e+03  4.030960e+03 
 1.143184e-01  1.071115e+03  1.957968e+03  2.652641e+03  3.966823e+03 
 1.159120e-01  1.056246e+03  1.930182e+03  2.614391e+03  3.908279e+03 
 1.175277e-01  1.043202e+03  1.906283e+03  2.581832e+03  3.858961e+03 
 1.191660e-01  1.031193e+03  1.884316e+03  2.551964e+03  3.813693e+03 
 1.208271e-01  1.019872e+03  1.863609e+03  2.523805e+03  3.770988e+03 
 1.225114e-01  1.008889e+03  1.843488e+03  2.496394e+03  3.729432e+03 
 1.242191e-01  9.974907e+02  1.822192e+03  2.467167e+03  3.685194e+03 
 1.259506e-01  9.858674e+02  1.800492e+03  2.437408e+03  3.640170e+03 
 1.277063e-01  9.737170e+02  1.777834e+03  2.406383e+03  3.593246e+03 
 1.294865e-01  9.610648e+02  1.754437e+03  2.374414e+03  3.544746e+03 
 1.312915e-01  9.477220e+02  1.729998e+03  2.341076e+03  3.494022e+03 
 1.331216e-01  9.331349e+02  1.703300e+03  2.304669e+03  3.438739e+03 
 1.349772e-01  9.171850e+02  1.674126e+03  2.265024e+03  3.378741e+03 
 1.368587e-01  9.008802e+02  1.646094e+03  2.228899e+03  3.329641e+03 
 1.387665e-01  8.830341e+02  1.615212e+03  2.188814e+03  3.274526e+03 
 1.407008e-01  8.636979e+02  1.581502e+03  2.144915e+03  3.213539e+03 
 1.426621e-01  8.439976e+02  1.547721e+03  2.101085e+03  3.152195e+03 
 1.446507e-01  8.233829e+02  1.512408e+03  2.055112e+03  3.087381e+03 
 1.466671e-01  8.017534e+02  1.475097e+03  2.006332e+03  3.018203e+03 
 1.487115e-01  7.777836e+02  1.431858e+03  1.948481e+03  2.933875e+03 
 1.507845e-01  7.523951e+02  1.384972e+03  1.884963e+03  2.839975e+03 
 1.528864e-01  7.270889e+02  1.338257e+03  1.821632e+03  2.746241e+03 
 1.550175e-01  7.040170e+02  1.297548e+03  1.768018e+03  2.670131e+03 
 1.571784e-01  6.828885e+02  1.261675e+03  1.721957e+03  2.607310e+03 
 1.593694e-01  6.627155e+02  1.227402e+03  1.677924e+03  2.547179e+03 
 1.615909e-01  6.442901e+02  1.196567e+03  1.638602e+03  2.493835e+03 
 1.638434e-01  6.275107e+02  1.168782e+03  1.603355e+03  2.446342e+03 
 1.661273e-01  6.123465e+02  1.143839e+03  1.571920e+03  2.404314e+03 
 1.684430e-01  5.959697e+02  1.113975e+03  1.531898e+03  2.346460e+03 
 1.707910e-01  5.810850e+02  1.086556e+03  1.494982e+03  2.292916e+03 
 1.731717e-01  5.683768e+02  1.063455e+03  1.464096e+03  2.248395e+03 
 1.755856e-01  5.588315e+02  1.047332e+03  1.443207e+03  2.218732e+03 
 1.780332e-01  5.507102e+02  1.033840e+03  1.425911e+03  2.194521e+03 
 1.805149e-01  5.420537e+02  1.017239e+03  1.402557e+03  2.157437e+03 
 1.830312e-01  5.332630e+02  9.991522e+02  1.376107e+03  2.113564e+03 
 1.855825e-01  5.250595e+02  9.823709e+02  1.351693e+03  2.073402e+03 
 1.881694e-01  5.172894e+02  9.674838e+02  1.331254e+03  2.042670e+03 
 1.907924e-01  5.093545e+02  9.523024e+02  1.310414e+03  2.011359e+03 
 1.934520e-01  5.005091e+02  9.352731e+02  1.287131e+03  1.977331e+03 
 1.961486e-01  4.907844e+02  9.165596e+02  1.261567e+03  1.940103e+03 
 1.988828e-01  4.812417e+02  8.989376e+02  1.237792e+03  1.905495e+03 
 2.016551e-01  4.722806e+02  8.834752e+02  1.217399e+03  1.875857e+03 
 2.044661e-01  4.621120e+02  8.655508e+02  1.193463e+03  1.840518e+03 
 2.073162e-01  4.504183e+02  8.437414e+02  1.163375e+03  1.794426e+03 
 2.102061e-01  4.378670e+02  8.203157e+02  1.131057e+03  1.744892e+03 
 2.131362e-01  4.282867e+02  8.066154e+02  1.115228e+03  1.725506e+03 
 2.161073e-01  4.184489e+02  7.924628e+02  1.098807e+03  1.705238e+03 
 2.191197e-01  4.060932e+02  7.715319e+02  1.072152e+03  1.669846e+03 
 2.221741e-01  3.934878e+02  7.495741e+02  1.043784e+03  1.631696e+03 
 2.252711e-01  3.820065e+02  7.302265e+02  1.019335e+03  1.599597e+03 
 2.284112e-01  3.715951e+02  7.129744e+02  9.978066e+02  1.571826e+03 
 2.315951e-01  3.624047e+02  6.971089e+02  9.768370e+02  1.540927e+03 
 2.348235e-01  3.544284e+02  6.832025e+02  9.581076e+02  1.512137e+03 
 2.380968e-01  3.456734e+02  6.663714e+02  9.346908e+02  1.476402e+03 
 2.414157e-01  3.375311e+02  6.503638e+02  9.122777e+02  1.442332e+03 
 2.447809e-01  3.296997e+02  6.351278e+02  8.912428e+02  1.410323e+03 
 2.481930e-01  3.226185e+02  6.213989e+02  8.723483e+02  1.381623e+03 
 2.516527e-01  3.185440e+02  6.143900e+02  8.627953e+02  1.366558e+03 
 2.551606e-01  3.137300e+02  6.055577e+02  8.506276e+02  1.347811e+03 
 2.587174e-01  3.061177e+02  5.900676e+02  8.289413e+02  1.315461e+03 
 2.623238e-01  2.997453e+02  5.780635e+02  8.126027e+02  1.291579e+03 
 2.659804e-01  2.945506e+02  5.695167e+02  8.016089e+02  1.276155e+03 
 2.696881e-01  2.873932e+02  5.564651e+02  7.840984e+02  1.250158e+03 
 2.734474e-01  2.793751e+02  5.415810e+02  7.639879e+02  1.220055e+03 
 2.772591e-01  2.731096e+02  5.314609e+02  7.515385e+02  1.204455e+03 
 2.811239e-01  2.662744e+02  5.197759e+02  7.367229e+02  1.185783e+03 
 2.850426e-01  2.590501e+02  5.067446e+02  7.198199e+02  1.164811e+03 
 2.890160e-01  2.522676e+02  4.954634e+02  7.054904e+02  1.144912e+03 
 2.930447e-01  2.458580e+02  4.846179e+02  6.911956e+02  1.123228e+03 
 2.971296e-01  2.398469e+02  4.731710e+02  6.743202e+02  1.094192e+03 
 3.012714e-01  2.344686e+02  4.639499e+02  6.622124e+02  1.076528e+03 
 3.054710e-01  2.293852e+02  4.554418e+02  6.516099e+02  1.062693e+03 
 3.097291e-01  2.235657e+02  4.445693e+02  6.371636e+02  1.042587e+03 
 3.140465e-01  2.184539e+02  4.342858e+02  6.224018e+02  1.018455e+03 
 3.184242e-01  2.140386e+02  4.254776e+02  6.097158e+02  9.976244e+02 
 3.228628e-01  2.105184e+02  4.194497e+02  6.020136e+02  9.880304e+02 
 3.273634e-01  2.056597e+02  4.096279e+02  5.878738e+02  9.653980e+02 
 3.319266e-01  2.005832e+02  3.997409e+02  5.742070e+02  9.449352e+02 
 3.365535e-01  1.955929e+02  3.907992e+02  5.627068e+02  9.297017e+02 
 3.412449e-01  1.919774e+02  3.860276e+02  5.571620e+02  9.210950e+02 
 3.460016e-01  1.879513e+02  3.795223e+02  5.488520e+02  9.095469e+02 
 3.508247e-01  1.839053e+02  3.723856e+02  5.393700e+02  8.957323e+02 
 3.557150e-01  1.799031e+02  3.650476e+02  5.294677e+02  8.805808e+02 
 3.606735e-01  1.752966e+02  3.569038e+02  5.188137e+02  8.657567e+02 
 3.657011e-01  1.699547e+02  3.468411e+02  5.050290e+02  8.464056e+02 
 3.707988e-01  1.656510e+02  3.385941e+02  4.937579e+02  8.297264e+02 
 3.759675e-01  1.618008e+02  3.312145e+02  4.836177e+02  8.145034e+02 
 3.812083e-01  1.579932e+02  3.242999e+02  4.742739e+02  8.007244e+02 
 3.865221e-01  1.548596e+02  3.196569e+02  4.689701e+02  7.923921e+02 
 3.919100e-01  1.516404e+02  3.122198e+02  4.576030e+02  7.763908e+02 
 3.973730e-01  1.480228e+02  3.060882e+02  4.499516e+02  7.644854e+02 
 4.029122e-01  1.450413e+02  3.014218e+02  4.435812e+02  7.529910e+02 
 4.085286e-01  1.420608e+02  2.951182e+02  4.345322e+02  7.399805e+02 
 4.142232e-01  1.384289e+02  2.877314e+02  4.246754e+02  7.275465e+02 
 4.199973e-01  1.347873e+02  2.814120e+02  4.166452e+02  7.159293e+02 
 4.258518e-01  1.318030e+02  2.759326e+02  4.089505e+02  7.028900e+02 
 4.317880e-01  1.286434e+02  2.698752e+02  4.000421e+02  6.890726e+02 
 4.378069e-01  1.258739e+02  2.643600e+02  3.921762e+02  6.761921e+02 
 4.439097e-01  1.235823e+02  2.607727e+02  3.878147e+02  6.717074e+02 
 4.500975e-01  1.201700e+02  2.544235e+02  3.791920e+02  6.590499e+02 
 4.563716e-01  1.173281e+02  2.485719e+02  3.707540e+02  6.442475e+02 
 4.627332e-01  1.154683e+02  2.460025e+02  3.679997e+02  6.417345e+02 
 4.691835e-01  1.124782e+02  2.401071e+02  3.596236e+02  6.279038e+02 
 4.757236e-01  1.103208e+02  2.358714e+02  3.537908e+02  6.189678e+02 
 4.823549e-01  1.073530e+02  2.298865e+02  3.453066e+02  6.072632e+02 
 4.890787e-01  1.049414e+02  2.251770e+02  3.389569e+02  5.974459e+02 
 4.958962e-01  1.030749e+02  2.215965e+02  3.334784e+02  5.874776e+02 
 5.028087e-01  1.006105e+02  2.173508e+02  3.277590e+02  5.791081e+02 
 5.098176e-01  9.862826e+01  2.137098e+02  3.225991e+02  5.692655e+02 
 5.169242e-01  9.680942e+01  2.102914e+02  3.179628e+02  5.630578e+02 
 5.241298e-01  9.357890e+01  2.047178e+02  3.110638e+02  5.545665e+02 
 5.314359e-01  9.187178e+01  2.021580e+02  3.076711e+02  5.490431e+02 
 5.388438e-01  8.988255e+01  1.976840e+02  3.009701e+02  5.388021e+02 
 5.463550e-01  8.818381e+01  1.943995e+02  2.961316e+02  5.307162e+02 
 5.539709e-01  8.571455e+01  1.899727e+02  2.905097e+02  5.221747e+02 
 5.616930e-01  8.409574e+01  1.868458e+02  2.860949e+02  5.155982e+02 
 5.695227e-01  8.232979e+01  1.838805e+02  2.824640e+02  5.085392e+02 
 5.774615e-01  8.039382e+01  1.794604e+02  2.758442e+02  4.988954e+02 
 5.855110e-01  7.887061e+01  1.767012e+02  2.717081e+02  4.918010e+02 
 5.936727e-01  7.698542e+01  1.724182e+02  2.656631e+02  4.827417e+02 
 6.019482e-01  7.558231e+01  1.702355e+02  2.622616e+02  4.765375e+02 
 6.103390e-01  7.370533e+01  1.670015e+02  2.581325e+02  4.695806e+02 
 6.188468e-01  7.200698e+01  1.640569e+02  2.552951e+02  4.675328e+02 
 6.274732e-01  7.071925e+01  1.608747e+02  2.498427e+02  4.584864e+02 
 6.362198e-01  6.919115e+01  1.582923e+02  2.461889e+02  4.515294e+02 
 6.450884e-01  6.748808e+01  1.551949e+02  2.419278e+02  4.443183e+02 
 6.540806e-01  6.602941e+01  1.517467e+02  2.367071e+02  4.365746e+02 
 6.631981e-01  6.446990e+01  1.491822e+02  2.338957e+02  4.320459e+02 
 6.724427e-01  6.316756e+01  1.464231e+02  2.299973e+02  4.271400e+02 
 6.818162e-01  6.171255e+01  1.436752e+02  2.253088e+02  4.184390e+02 
 6.913204e-01  6.031762e+01  1.408422e+02  2.216575e+02  4.124188e+02 
 7.009570e-01  5.940358e+01  1.386311e+02  2.183859e+02  4.069037e+02 
 7.107280e-01  5.779005e+01  1.360976e+02  2.149573e+02  4.003720e+02 
 7.206351e-01  5.683459e+01  1.338627e+02  2.119071e+02  3.966520e+02 
 7.306804e-01  5.560484e+01  1.317198e+02  2.084754e+02  3.895489e+02 
 7.408657e-01  5.431775e+01  1.289970e+02  2.045895e+02  3.842195e+02 
 7.511929e-01  5.310674e+01  1.264934e+02  2.013462e+02  3.789467e+02 
 7.616642e-01  5.204095e+01  1.240942e+02  1.979314e+02  3.737333e+02 
 7.722814e-01  5.126463e+01  1.227560e+02  1.956974e+02  3.685845e+02 
 7.830465e-01  5.014724e+01  1.202763e+02  1.921897e+02  3.636098e+02 
 7.939618e-01  4.914829e+01  1.185967e+02  1.895807e+02  3.594900e+02 
 8.050292e-01  4.800591e+01  1.162284e+02  1.867848e+02  3.547763e+02 
 8.162509e-01  4.708903e+01  1.144429e+02  1.836523e+02  3.484384e+02 
 8.276289e-01  4.589238e+01  1.120159e+02  1.804440e+02  3.437920e+02 
 8.391656e-01  4.523453e+01  1.106114e+02  1.777880e+02  3.396505e+02 
 8.508632e-01  4.437212e+01  1.086095e+02  1.752244e+02  3.350581e+02 
 8.627237e-01  4.332188e+01  1.067318e+02  1.724569e+02  3.296211e+02 
 8.747496e-01  4.247922e+01  1.047925e+02  1.697317e+02  3.251661e+02 
 8.869432e-01  4.167800e+01  1.032041e+02  1.673346e+02  3.210564e+02 
 8.993067e-01  4.077198e+01  1.014532e+02  1.646949e+02  3.162557e+02 
 9.118425e-01  4.009848e+01  9.964589e+01  1.618353e+02  3.106555e+02 
 9.245531e-01  3.916471e+01  9.789202e+01  1.591938e+02  3.069617e+02 
 9.374409e-01  3.835495e+01  9.625244e+01  1.569876e+02  3.029010e+02 
 9.505083e-01  3.765733e+01  9.463939e+01  1.546055e+02  2.985239e+02 
 9.637579e-01  3.681496e+01  9.275501e+01  1.517780e+02  2.940372e+02 
 9.771921e-01  3.624657e+01  9.210415e+01  1.503253e+02  2.901680e+02 
 9.908137e-01  3.549806e+01  9.028842e+01  1.477417e+02  2.862296e+02 
 1.004625e+00  3.476885e+01  8.854625e+01  1.451238e+02  2.813872e+02 
 1.018629e+00  3.414535e+01  8.724062e+01  1.430394e+02  2.772602e+02 
 1.032828e+00  3.342916e+01  8.573735e+01  1.410137e+02  2.741661e+02 
 1.047225e+00  3.272182e+01  8.440890e+01  1.387216e+02  2.693975e+02 
 1.061823e+00  3.215693e+01  8.320763e+01  1.367769e+02  2.656244e+02 
 1.076624e+00  3.150985e+01  8.180205e+01  1.346661e+02  2.616484e+02 
 1.091632e+00  3.094343e+01  8.039764e+01  1.326927e+02  2.576772e+02 
 1.106848e+00  3.029814e+01  7.893899e+01  1.305338e+02  2.540572e+02 
 1.122277e+00  2.970942e+01  7.777757e+01  1.283816e+02  2.498387e+02 
 1.137921e+00  2.912377e+01  7.637043e+01  1.263329e+02  2.461209e+02 
 1.153783e+00  2.860303e+01  7.514459e+01  1.244050e+02  2.426310e+02 
 1.169866e+00  2.807712e+01  7.398471e+01  1.225015e+02  2.392603e+02 
 1.186174e+00  2.751786e+01  7.284429e+01  1.206286e+02  2.354399e+02 
 1.202708e+00  2.702336e+01  7.164961e+01  1.188316e+02  2.319516e+02 
 1.219473e+00  2.653616e+01  7.054179e+01  1.171136e+02  2.281481e+02 
 1.236472e+00  2.602555e+01  6.941590e+01  1.153872e+02  2.249289e+02 
 1.253708e+00  2.555353e+01  6.826274e+01  1.133924e+02  2.214735e+02 
 1.271184e+00  2.508794e+01  6.738886e+01  1.120135e+02  2.180989e+02 
 1.288904e+00  2.461638e+01  6.606174e+01  1.099608e+02  2.149179e+02 
 1.306870e+00  2.414024e+01  6.498072e+01  1.082250e+02  2.113129e+02 
 1.325087e+00  2.373443e+01  6.398666e+01  1.066056e+02  2.077869e+02 
 1.343558e+00  2.329509e+01  6.293091e+01  1.048929e+02  2.044942e+02 
 1.362287e+00  2.288946e+01  6.188372e+01  1.031045e+02  2.011096e+02 
 1.381276e+00  2.245593e+01  6.090820e+01  1.012870e+02  1.977717e+02 
 1.400531e+00  2.206127e+01  5.992043e+01  9.974988e+01  1.943643e+02 
 1.420053e+00  2.164413e+01  5.885951e+01  9.819045e+01  1.911135e+02 
 1.439848e+00  2.126127e+01  5.797991e+01  9.649881e+01  1.880103e+02 
 1.459919e+00  2.085344e+01  5.700481e+01  9.492958e+01  1.846685e+02 
 1.480269e+00  2.052799e+01  5.598489e+01  9.325553e+01  1.812557e+02 
 1.500903e+00  2.015350e+01  5.510881e+01  9.168928e+01  1.784767e+02 
 1.521825e+00  1.978120e+01  5.425916e+01  9.026966e+01  1.753416e+02 
 1.543038e+00  1.941618e+01  5.334138e+01  8.883148e+01  1.725107e+02 
 1.564548e+00  1.910075e+01  5.247109e+01  8.731741e+01  1.693542e+02 
 1.586357e+00  1.876388e+01  5.164873e+01  8.586984e+01  1.663198e+02 
 1.608469e+00  1.840984e+01  5.078824e+01  8.441483e+01  1.635219e+02 
 1.630891e+00  1.813918e+01  4.986171e+01  8.280084e+01  1.602877e+02 
 1.653624e+00  1.779082e+01  4.901213e+01  8.146000e+01  1.576468e+02 
 1.676675e+00  1.747141e+01  4.826371e+01  8.011385e+01  1.546456e+02 
 1.700047e+00  1.715941e+01  4.745360e+01  7.869550e+01  1.518512e+02 
 1.723745e+00  1.687786e+01  4.661726e+01  7.730864e+01  1.488537e+02 
 1.747773e+00  1.655873e+01  4.579213e+01  7.589374e+01  1.460502e+02 
 1.772136e+00  1.627027e+01  4.502201e+01  7.452160e+01  1.434125e+02 
 1.796838e+00  1.599311e+01  4.423061e+01  7.319406e+01  1.406464e+02 
 1.821885e+00  1.574071e+01  4.346144e+01  7.183472e+01  1.380023e+02 
 1.847281e+00  1.545394e+01  4.277139e+01  7.062056e+01  1.353643e+02 
 1.873032e+00  1.519081e+01  4.200527e+01  6.920720e+01  1.327730e+02 
 1.899141e+00  1.492521e+01  4.122709e+01  6.797200e+01  1.302079e+02 
 1.925614e+00  1.467910e+01  4.052628e+01  6.674586e+01  1.275743e+02 
 1.952456e+00  1.446320e+01  3.986025e+01  6.554699e+01  1.250490e+02 
 1.979672e+00  1.418286e+01  3.918011e+01  6.433518e+01  1.225874e+02 
 2.007267e+00  1.395740e+01  3.847709e+01  6.303106e+01  1.201746e+02 
 2.035248e+00  1.370236e+01  3.774745e+01  6.181432e+01  1.176613e+02 
 2.063618e+00  1.346479e+01  3.704062e+01  6.061425e+01  1.152052e+02 
 2.092383e+00  1.324030e+01  3.636401e+01  5.940684e+01  1.128167e+02 
 2.121550e+00  1.300297e+01  3.567864e+01  5.824361e+01  1.104431e+02 
 2.151123e+00  1.278397e+01  3.502750e+01  5.706461e+01  1.080599e+02 
 2.181109e+00  1.255959e+01  3.434801e+01  5.593025e+01  1.058298e+02 
 2.211512e+00  1.234662e+01  3.368212e+01  5.476190e+01  1.034538e+02 
 2.242340e+00  1.213335e+01  3.307886e+01  5.368032e+01  1.012710e+02 
 2.273597e+00  1.191249e+01  3.244556e+01  5.253962e+01  9.907037e+01 
 2.305289e+00  1.172248e+01  3.181898e+01  5.148060e+01  9.693879e+01 
 2.337424e+00  1.152189e+01  3.119420e+01  5.039927e+01  9.485348e+01 
 2.370006e+00  1.132096e+01  3.059288e+01  4.936915e+01  9.280302e+01 
 2.403043e+00  1.111542e+01  3.000599e+01  4.831239e+01  9.072490e+01 
 2.436540e+00  1.093340e+01  2.943238e+01  4.730872e+01  8.869943e+01 
 2.470504e+00  1.074307e+01  2.885412e+01  4.628185e+01  8.670153e+01 
 2.504942e+00  1.055741e+01  2.829248e+01  4.530808e+01  8.476274e+01 
 2.539859e+00  1.037923e+01  2.771309e+01  4.430835e+01  8.279205e+01 
 2.575263e+00  1.018673e+01  2.713478e+01  4.336723e+01  8.093815e+01 
 2.611161e+00  1.001346e+01  2.658669e+01  4.238292e+01  7.906727e+01 
 2.647559e+00  9.835909e+00  2.603584e+01  4.142329e+01  7.718879e+01 
 2.684465e+00  9.661957e+00  2.551260e+01  4.049892e+01  7.537896e+01 
 2.721885e+00  9.483051e+00  2.495494e+01  3.958769e+01  7.361121e+01 
 2.759826e+00  9.316503e+00  2.442087e+01  3.867806e+01  7.187527e+01 
 2.798297e+00  9.147438e+00  2.391502e+01  3.780123e+01  7.020652e+01 
 2.837304e+00  8.985251e+00  2.340447e+01  3.693647e+01  6.853661e+01 
 2.876854e+00  8.822754e+00  2.289968e+01  3.608488e+01  6.691518e+01 
 2.916956e+00  8.665754e+00  2.241663e+01  3.525697e+01  6.528850e+01 
 2.957617e+00  8.513049e+00  2.193946e+01  3.445597e+01  6.373470e+01 
 2.998844e+00  8.359591e+00  2.147041e+01  3.365451e+01  6.220264e+01 
 3.040646e+00  8.208376e+00  2.099987e+01  3.286249e+01  6.074147e+01 
 3.083031e+00  8.060119e+00  2.053467e+01  3.209275e+01  5.926982e+01 
 3.126007e+00  7.915205e+00  2.009083e+01  3.133776e+01  5.781316e+01 
 3.169582e+00  7.767737e+00  1.963227e+01  3.057257e+01  5.639704e+01 
 3.213764e+00  7.622892e+00  1.919163e+01  2.983912e+01  5.501028e+01 
 3.258562e+00  7.477658e+00  1.876244e+01  2.911962e+01  5.364471e+01 
 3.303985e+00  7.336705e+00  1.832537e+01  2.840583e+01  5.230990e+01 
 3.350041e+00  7.198709e+00  1.789812e+01  2.770555e+01  5.100062e+01 
 3.396739e+00  7.059676e+00  1.748446e+01  2.703179e+01  4.970747e+01 
 3.444087e+00  6.925826e+00  1.707501e+01  2.634940e+01  4.845852e+01 
 3.492096e+00  6.794374e+00  1.668070e+01  2.570653e+01  4.725457e+01 
 3.540774e+00  6.659814e+00  1.629223e+01  2.507484e+01  4.606824e+01 
 3.590130e+00  6.533437e+00  1.590725e+01  2.444790e+01  4.491622e+01 
 3.640175e+00  6.409015e+00  1.553544e+01  2.385087e+01  4.378870e+01 
 3.690917e+00  6.283338e+00  1.517739e+01  2.324813e+01  4.268345e+01 
 3.742366e+00  6.161065e+00  1.481081e+01  2.267349e+01  4.162210e+01 
 3.794533e+00  6.042738e+00  1.446364e+01  2.210992e+01  4.057130e+01 
 3.847427e+00  5.923087e+00  1.411633e+01  2.155294e+01  3.955342e+01 
 3.901058e+00  5.803622e+00  1.377755e+01  2.101297e+01  3.854210e+01 
 3.955436e+00  5.690250e+00  1.344358e+01  2.047113e+01  3.754996e+01 
 4.010573e+00  5.572753e+00  1.311433e+01  1.995411e+01  3.659583e+01 
 4.066478e+00  5.458365e+00  1.278769e+01  1.943876e+01  3.564646e+01 
 4.123163e+00  5.344977e+00  1.247493e+01  1.893707e+01  3.472090e+01 
 4.180637e+00  5.235519e+00  1.216751e+01  1.845117e+01  3.381801e+01 
 4.238913e+00  5.126347e+00  1.186234e+01  1.797097e+01  3.294588e+01 
 4.298001e+00  5.017231e+00  1.156644e+01  1.750834e+01  3.208900e+01 
 4.357913e+00  4.914810e+00  1.127651e+01  1.705811e+01  3.126486e+01 
 4.418660e+00  4.811055e+00  1.099893e+01  1.661538e+01  3.046260e+01 
 4.480254e+00  4.709113e+00  1.072336e+01  1.618758e+01  2.967624e+01 
 4.542706e+00  4.611039e+00  1.045479e+01  1.576940e+01  2.891172e+01 
 4.606029e+00  4.513254e+00  1.019638e+01  1.536506e+01  2.817460e+01 
 4.670234e+00  4.417127e+00  9.941936e+00  1.497444e+01  2.745485e+01 
 4.735335e+00  4.323399e+00  9.694515e+00  1.458884e+01  2.674882e+01 
 4.801343e+00  4.232098e+00  9.453190e+00  1.421404e+01  2.605702e+01 
 4.868271e+00  4.140029e+00  9.213871e+00  1.384470e+01  2.538133e+01 
 4.936132e+00  4.049627e+00  8.979122e+00  1.348313e+01  2.472058e+01 
 5.004939e+00  3.959940e+00  8.750169e+00  1.313067e+01  2.407340e+01 
 5.074705e+00  3.871309e+00  8.525702e+00  1.278435e+01  2.344333e+01 
 5.145444e+00  3.785514e+00  8.306408e+00  1.244901e+01  2.282791e+01 
 5.217169e+00  3.699801e+00  8.091673e+00  1.211960e+01  2.222331e+01 
 5.289893e+00  3.617580e+00  7.883792e+00  1.180396e+01  2.164369e+01 
 5.363631e+00  3.534954e+00  7.680872e+00  1.149163e+01  2.107440e+01 
 5.438397e+00  3.455597e+00  7.482666e+00  1.119100e+01  2.051998e+01 
 5.514206e+00  3.377506e+00  7.290848e+00  1.089838e+01  1.998440e+01 
 5.591071e+00  3.300343e+00  7.104489e+00  1.061400e+01  1.946271e+01 
 5.669007e+00  3.226526e+00  6.923015e+00  1.033853e+01  1.895941e+01 
 5.748030e+00  3.153413e+00  6.746581e+00  1.006927e+01  1.846465e+01 
 5.828155e+00  3.081823e+00  6.574856e+00  9.809039e+00  1.798545e+01 
 5.909396e+00  3.011684e+00  6.407224e+00  9.554915e+00  1.751985e+01 
 5.991770e+00  2.942552e+00  6.243006e+00  9.305367e+00  1.706459e+01 
 6.075292e+00  2.874683e+00  6.082976e+00  9.062924e+00  1.661548e+01 
 6.159978e+00  2.807720e+00  5.925373e+00  8.825281e+00  1.617911e+01 
 6.245845e+00  2.742008e+00  5.771665e+00  8.593235e+00  1.575169e+01 
 6.332908e+00  2.677220e+00  5.621013e+00  8.365650e+00  1.533238e+01 
 6.421186e+00  2.614042e+00  5.474614e+00  8.143875e+00  1.492469e+01 
 6.510694e+00  2.551836e+00  5.331678e+00  7.928467e+00  1.452828e+01 
 6.601449e+00  2.491520e+00  5.192912e+00  7.718923e+00  1.414157e+01 
 6.693470e+00  2.431970e+00  5.057378e+00  7.514417e+00  1.376520e+01 
 6.786773e+00  2.374291e+00  4.925821e+00  7.315938e+00  1.340072e+01 
 6.881377e+00  2.318209e+00  4.798480e+00  7.123515e+00  1.304499e+01 
 6.977300e+00  2.263289e+00  4.674834e+00  6.937878e+00  1.270028e+01 
 7.074559e+00  2.210150e+00  4.554439e+00  6.755955e+00  1.236486e+01 
 7.173175e+00  2.157907e+00  4.437721e+00  6.579703e+00  1.203969e+01 
 7.273165e+00  2.107251e+00  4.324082e+00  6.409003e+00  1.172323e+01 
 7.374549e+00  2.057429e+00  4.213149e+00  6.241836e+00  1.141539e+01 
 7.477346e+00  2.008573e+00  4.105127e+00  6.079543e+00  1.111344e+01 
 7.581576e+00  1.960874e+00  3.998880e+00  5.919772e+00  1.081836e+01 
 7.687260e+00  1.913817e+00  3.895441e+00  5.763872e+00  1.053024e+01 
 7.794416e+00  1.867795e+00  3.794292e+00  5.610949e+00  1.024763e+01 
 7.903066e+00  1.822764e+00  3.694856e+00  5.461584e+00  9.971248e+00 
 8.013230e+00  1.778639e+00  3.598706e+00  5.317042e+00  9.702736e+00 
 8.124930e+00  1.735507e+00  3.504695e+00  5.175752e+00  9.440594e+00 
 8.238187e+00  1.693641e+00  3.413192e+00  5.037914e+00  9.185477e+00 
 8.353023e+00  1.652689e+00  3.324325e+00  4.904234e+00  8.937367e+00 
 8.469460e+00  1.612958e+00  3.238159e+00  4.774648e+00  8.696714e+00 
 8.587519e+00  1.574351e+00  3.154341e+00  4.648496e+00  8.462865e+00 
 8.707225e+00  1.536768e+00  3.072932e+00  4.526353e+00  8.236098e+00 
 8.828599e+00  1.500276e+00  2.994241e+00  4.407918e+00  8.015517e+00 
 8.951665e+00  1.464645e+00  2.917835e+00  4.292602e+00  7.802053e+00 
 9.076446e+00  1.430120e+00  2.843410e+00  4.180871e+00  7.594315e+00 
 9.202967e+00  1.396347e+00  2.770971e+00  4.072209e+00  7.391815e+00 
 9.331251e+00  1.363294e+00  2.700187e+00  3.965697e+00  7.194270e+00 
 9.461324e+00  0.000000e+00  0.000000e+00  0.000000e+00  0.000000e+00 
 9.593209e+00  0.000000e+00  0.000000e+00  0.000000e+00  0.000000e+00 
 9.726934e+00  0.000000e+00  0.000000e+00  0.000000e+00  0.000000e+00 
 9.862522e+00  0.000000e+00  0.000000e+00  0.000000e+00  0.000000e+00 
 1.000000e+01  0.000000e+00  0.000000e+00  0.000000e+00  0.000000e+00 
