 1.000000e-02  5.413903e+03  1.009477e+04  1.384013e+04  2.094477e+04 
 1.013939e-02  5.444990e+03  1.015266e+04  1.391937e+04  2.106437e+04 
 1.028073e-02  5.475639e+03  1.020972e+04  1.399747e+04  2.118225e+04 
 1.042404e-02  5.505833e+03  1.026588e+04  1.407438e+04  2.129829e+04 
 1.056935e-02  5.535556e+03  1.032114e+04  1.415005e+04  2.141244e+04 
 1.071668e-02  5.564798e+03  1.037551e+04  1.422448e+04  2.152464e+04 
 1.086606e-02  5.593547e+03  1.042899e+04  1.429760e+04  2.163486e+04 
 1.101753e-02  5.621760e+03  1.048147e+04  1.436941e+04  2.174309e+04 
 1.117111e-02  5.649428e+03  1.053290e+04  1.443982e+04  2.184927e+04 
 1.132683e-02  5.676529e+03  1.058328e+04  1.450877e+04  2.195326e+04 
 1.148472e-02  5.703045e+03  1.063257e+04  1.457624e+04  2.205485e+04 
 1.164481e-02  5.728967e+03  1.068074e+04  1.464212e+04  2.215398e+04 
 1.180713e-02  5.754265e+03  1.072772e+04  1.470633e+04  2.225060e+04 
 1.197171e-02  5.778899e+03  1.077346e+04  1.476883e+04  2.234471e+04 
 1.213859e-02  5.802845e+03  1.081792e+04  1.482957e+04  2.243620e+04 
 1.230780e-02  5.826108e+03  1.086111e+04  1.488857e+04  2.252507e+04 
 1.247936e-02  5.848664e+03  1.090299e+04  1.494578e+04  2.261118e+04 
 1.265332e-02  5.870477e+03  1.094346e+04  1.500109e+04  2.269430e+04 
 1.282970e-02  5.891527e+03  1.098250e+04  1.505444e+04  2.277436e+04 
 1.300854e-02  5.911803e+03  1.102011e+04  1.510579e+04  2.285140e+04 
 1.318987e-02  5.931273e+03  1.105619e+04  1.515510e+04  2.292538e+04 
 1.337373e-02  5.949906e+03  1.109072e+04  1.520228e+04  2.299612e+04 
 1.356015e-02  5.967702e+03  1.112367e+04  1.524727e+04  2.306359e+04 
 1.374917e-02  5.984639e+03  1.115500e+04  1.529000e+04  2.312763e+04 
 1.394083e-02  6.000668e+03  1.118462e+04  1.533045e+04  2.318807e+04 
 1.413516e-02  6.015783e+03  1.121256e+04  1.536851e+04  2.324490e+04 
 1.433219e-02  6.029955e+03  1.123873e+04  1.540410e+04  2.329807e+04 
 1.453198e-02  6.043162e+03  1.126310e+04  1.543718e+04  2.334751e+04 
 1.473454e-02  6.055385e+03  1.128564e+04  1.546772e+04  2.339319e+04 
 1.493993e-02  6.066593e+03  1.130627e+04  1.549574e+04  2.343487e+04 
 1.514819e-02  6.076844e+03  1.132511e+04  1.552142e+04  2.347282e+04 
 1.535935e-02  6.086072e+03  1.134205e+04  1.554446e+04  2.350686e+04 
 1.557345e-02  6.094221e+03  1.135699e+04  1.556464e+04  2.353678e+04 
 1.579053e-02  6.101273e+03  1.136989e+04  1.558192e+04  2.356239e+04 
 1.601064e-02  6.107208e+03  1.138069e+04  1.559636e+04  2.358352e+04 
 1.623382e-02  6.111997e+03  1.138935e+04  1.560793e+04  2.360011e+04 
 1.646012e-02  6.115624e+03  1.139585e+04  1.561660e+04  2.361223e+04 
 1.668956e-02  6.118052e+03  1.140010e+04  1.562220e+04  2.361988e+04 
 1.692220e-02  6.119280e+03  1.140210e+04  1.562469e+04  2.362287e+04 
 1.715809e-02  6.119309e+03  1.140187e+04  1.562410e+04  2.362103e+04 
 1.739726e-02  6.118094e+03  1.139931e+04  1.562032e+04  2.361427e+04 
 1.763977e-02  6.115622e+03  1.139442e+04  1.561328e+04  2.360263e+04 
 1.788566e-02  6.111854e+03  1.138711e+04  1.560296e+04  2.358612e+04 
 1.813498e-02  6.106783e+03  1.137736e+04  1.558927e+04  2.356454e+04 
 1.838777e-02  6.100389e+03  1.136514e+04  1.557219e+04  2.353779e+04 
 1.864409e-02  6.092675e+03  1.135043e+04  1.555171e+04  2.350592e+04 
 1.890397e-02  6.083634e+03  1.133326e+04  1.552782e+04  2.346886e+04 
 1.916748e-02  6.073242e+03  1.131358e+04  1.550051e+04  2.342657e+04 
 1.943467e-02  6.061479e+03  1.129132e+04  1.546965e+04  2.337892e+04 
 1.970558e-02  6.048298e+03  1.126642e+04  1.543519e+04  2.332572e+04 
 1.998026e-02  6.033703e+03  1.123888e+04  1.539710e+04  2.326708e+04 
 2.025878e-02  6.017744e+03  1.120878e+04  1.535550e+04  2.320321e+04 
 2.054117e-02  6.000395e+03  1.117611e+04  1.531033e+04  2.313401e+04 
 2.082751e-02  5.981613e+03  1.114076e+04  1.526151e+04  2.305926e+04 
 2.111783e-02  5.961391e+03  1.110272e+04  1.520901e+04  2.297892e+04 
 2.141220e-02  5.939837e+03  1.106216e+04  1.515303e+04  2.289304e+04 
 2.171068e-02  5.917456e+03  1.101983e+04  1.509436e+04  2.280239e+04 
 2.201331e-02  5.893648e+03  1.097485e+04  1.503204e+04  2.270617e+04 
 2.232016e-02  5.868418e+03  1.092720e+04  1.496606e+04  2.260454e+04 
 2.263130e-02  5.841766e+03  1.087689e+04  1.489645e+04  2.249755e+04 
 2.294676e-02  5.813708e+03  1.082396e+04  1.482324e+04  2.238504e+04 
 2.326663e-02  5.784224e+03  1.076836e+04  1.474637e+04  2.226688e+04 
 2.359095e-02  5.753328e+03  1.071015e+04  1.466591e+04  2.214324e+04 
 2.391980e-02  5.721055e+03  1.064938e+04  1.458194e+04  2.201434e+04 
 2.425323e-02  5.687411e+03  1.058605e+04  1.449449e+04  2.188025e+04 
 2.459130e-02  5.652389e+03  1.052015e+04  1.440349e+04  2.174082e+04 
 2.493409e-02  5.616021e+03  1.045172e+04  1.430905e+04  2.159615e+04 
 2.528166e-02  5.578342e+03  1.038084e+04  1.421124e+04  2.144636e+04 
 2.563407e-02  5.539364e+03  1.030757e+04  1.411013e+04  2.129161e+04 
 2.599140e-02  5.499113e+03  1.023193e+04  1.400579e+04  2.113200e+04 
 2.635371e-02  5.457602e+03  1.015396e+04  1.389825e+04  2.096755e+04 
 2.672106e-02  5.414874e+03  1.007370e+04  1.378759e+04  2.079837e+04 
 2.709354e-02  5.370959e+03  9.991239e+03  1.367393e+04  2.062467e+04 
 2.747121e-02  5.325913e+03  9.906679e+03  1.355737e+04  2.044661e+04 
 2.785414e-02  5.279706e+03  9.819967e+03  1.343790e+04  2.026421e+04 
 2.824241e-02  5.232088e+03  9.730765e+03  1.331512e+04  2.007717e+04 
 2.863610e-02  5.183430e+03  9.639641e+03  1.318975e+04  1.988617e+04 
 2.903527e-02  5.133806e+03  9.546702e+03  1.306191e+04  1.969148e+04 
 2.944000e-02  5.083270e+03  9.452060e+03  1.293171e+04  1.949324e+04 
 2.985038e-02  5.031857e+03  9.355797e+03  1.279930e+04  1.929169e+04 
 3.026648e-02  4.979618e+03  9.258013e+03  1.266482e+04  1.908703e+04 
 3.068838e-02  4.926613e+03  9.158818e+03  1.252843e+04  1.887948e+04 
 3.111616e-02  4.872903e+03  9.058308e+03  1.239024e+04  1.866927e+04 
 3.154990e-02  4.818560e+03  8.956624e+03  1.225042e+04  1.845665e+04 
 3.198969e-02  4.763639e+03  8.853878e+03  1.210917e+04  1.824187e+04 
 3.243561e-02  4.708207e+03  8.750177e+03  1.196663e+04  1.802517e+04 
 3.288774e-02  4.652325e+03  8.645660e+03  1.182296e+04  1.780678e+04 
 3.334618e-02  4.596080e+03  8.540453e+03  1.167836e+04  1.758700e+04 
 3.381101e-02  4.539530e+03  8.434691e+03  1.153301e+04  1.736611e+04 
 3.428231e-02  4.482746e+03  8.328506e+03  1.138710e+04  1.714441e+04 
 3.476019e-02  4.425716e+03  8.222188e+03  1.124138e+04  1.692416e+04 
 3.524473e-02  4.368600e+03  8.115733e+03  1.109550e+04  1.670368e+04 
 3.573602e-02  4.311476e+03  8.009275e+03  1.094959e+04  1.648321e+04 
 3.623416e-02  4.254428e+03  7.902942e+03  1.080387e+04  1.626303e+04 
 3.673925e-02  4.197521e+03  7.796899e+03  1.065854e+04  1.604346e+04 
 3.725137e-02  4.140839e+03  7.691266e+03  1.051379e+04  1.582480e+04 
 3.777064e-02  4.084456e+03  7.586192e+03  1.036980e+04  1.560731e+04 
 3.829714e-02  4.028441e+03  7.481795e+03  1.022676e+04  1.539125e+04 
 3.883098e-02  3.972872e+03  7.378234e+03  1.008487e+04  1.517693e+04 
 3.937226e-02  3.917837e+03  7.275663e+03  9.944341e+03  1.496468e+04 
 3.992109e-02  3.863405e+03  7.174218e+03  9.805335e+03  1.475478e+04 
 4.047757e-02  3.809623e+03  7.073964e+03  9.667944e+03  1.454722e+04 
 4.104181e-02  3.756390e+03  6.974183e+03  9.530560e+03  1.433784e+04 
 4.161391e-02  3.703950e+03  6.875896e+03  9.395244e+03  1.413159e+04 
 4.219398e-02  3.652367e+03  6.779216e+03  9.262142e+03  1.392875e+04 
 4.278214e-02  3.601699e+03  6.684257e+03  9.131409e+03  1.372949e+04 
 4.337850e-02  3.552010e+03  6.591116e+03  9.003187e+03  1.353408e+04 
 4.398317e-02  3.503363e+03  6.499918e+03  8.877606e+03  1.334271e+04 
 4.459628e-02  3.455800e+03  6.410728e+03  8.754791e+03  1.315554e+04 
 4.521792e-02  3.409352e+03  6.323637e+03  8.634861e+03  1.297274e+04 
 4.584824e-02  3.364053e+03  6.238699e+03  8.517905e+03  1.279442e+04 
 4.648734e-02  3.319945e+03  6.155975e+03  8.403980e+03  1.262072e+04 
 4.713535e-02  3.277163e+03  6.076473e+03  8.295265e+03  1.245716e+04 
 4.779239e-02  3.235683e+03  5.999846e+03  8.190970e+03  1.230159e+04 
 4.845859e-02  3.195463e+03  5.925551e+03  8.089869e+03  1.215075e+04 
 4.913407e-02  3.156503e+03  5.853593e+03  7.991956e+03  1.200468e+04 
 4.981898e-02  3.118797e+03  5.783972e+03  7.897214e+03  1.186342e+04 
 5.051342e-02  3.082340e+03  5.716667e+03  7.805638e+03  1.172691e+04 
 5.121755e-02  3.047128e+03  5.651662e+03  7.717204e+03  1.159513e+04 
 5.193150e-02  3.013141e+03  5.588911e+03  7.631849e+03  1.146796e+04 
 5.265540e-02  2.980335e+03  5.528356e+03  7.549493e+03  1.134525e+04 
 5.338938e-02  2.948438e+03  5.469023e+03  7.468323e+03  1.122296e+04 
 5.413360e-02  2.917377e+03  5.410688e+03  7.387921e+03  1.110021e+04 
 5.488820e-02  2.887388e+03  5.354358e+03  7.310265e+03  1.098162e+04 
 5.565331e-02  2.858397e+03  5.299884e+03  7.235146e+03  1.086686e+04 
 5.642908e-02  2.830278e+03  5.247031e+03  7.162226e+03  1.075543e+04 
 5.721568e-02  2.802951e+03  5.195646e+03  7.091306e+03  1.064698e+04 
 5.801323e-02  2.776490e+03  5.145880e+03  7.022601e+03  1.054186e+04 
 5.882190e-02  2.751000e+03  5.097909e+03  6.956359e+03  1.044044e+04 
 5.964185e-02  2.726470e+03  5.052032e+03  6.893309e+03  1.034471e+04 
 6.047322e-02  2.702840e+03  5.008674e+03  6.834606e+03  1.025800e+04 
 6.131619e-02  2.679324e+03  4.965525e+03  6.776178e+03  1.017172e+04 
 6.217090e-02  2.655695e+03  4.922151e+03  6.717452e+03  1.008499e+04 
 6.303753e-02  2.631951e+03  4.878568e+03  6.658430e+03  9.997794e+03 
 6.391624e-02  2.608112e+03  4.834798e+03  6.599158e+03  9.910223e+03 
 6.480720e-02  2.584143e+03  4.790791e+03  6.539563e+03  9.822143e+03 
 6.571058e-02  2.559895e+03  4.746271e+03  6.479264e+03  9.733008e+03 
 6.662655e-02  2.533990e+03  4.696741e+03  6.410022e+03  9.624484e+03 
 6.755528e-02  2.507422e+03  4.645934e+03  6.338980e+03  9.513114e+03 
 6.849697e-02  2.480116e+03  4.593777e+03  6.266098e+03  9.399032e+03 
 6.945178e-02  2.451968e+03  4.540067e+03  6.191118e+03  9.281838e+03 
 7.041990e-02  2.422869e+03  4.484615e+03  6.113780e+03  9.161146e+03 
 7.140151e-02  2.392726e+03  4.427242e+03  6.033840e+03  9.036614e+03 
 7.239681e-02  2.361698e+03  4.368499e+03  5.952390e+03  8.911002e+03 
 7.340598e-02  2.329753e+03  4.308392e+03  5.869494e+03  8.784637e+03 
 7.442922e-02  2.296517e+03  4.245921e+03  5.783406e+03  8.653533e+03 
 7.546673e-02  2.261953e+03  4.181012e+03  5.694012e+03  8.517524e+03 
 7.651869e-02  2.226036e+03  4.113632e+03  5.601276e+03  8.376567e+03 
 7.758532e-02  2.188773e+03  4.043786e+03  5.505214e+03  8.230707e+03 
 7.866682e-02  2.151018e+03  3.974203e+03  5.410696e+03  8.090269e+03 
 7.976339e-02  2.113343e+03  3.906647e+03  5.320836e+03  7.961732e+03 
 8.087525e-02  2.074413e+03  3.836712e+03  5.227702e+03  7.828161e+03 
 8.200261e-02  2.034318e+03  3.764569e+03  5.131514e+03  7.689853e+03 
 8.314568e-02  1.993167e+03  3.690426e+03  5.032548e+03  7.547252e+03 
 8.430468e-02  1.951089e+03  3.614531e+03  4.931120e+03  7.400862e+03 
 8.547985e-02  1.907577e+03  3.534806e+03  4.823331e+03  7.242106e+03 
 8.667139e-02  1.863200e+03  3.452917e+03  4.712050e+03  7.076781e+03 
 8.787954e-02  1.818484e+03  3.370373e+03  4.599879e+03  6.910067e+03 
 8.910453e-02  1.773633e+03  3.287577e+03  4.487342e+03  6.742777e+03 
 9.034660e-02  1.728868e+03  3.204933e+03  4.374994e+03  6.575726e+03 
 9.160598e-02  1.685176e+03  3.125343e+03  4.267819e+03  6.418879e+03 
 9.288292e-02  1.642696e+03  3.048925e+03  4.165840e+03  6.271957e+03 
 9.417766e-02  1.600936e+03  2.973732e+03  4.065459e+03  6.127168e+03 
 9.549045e-02  1.560131e+03  2.900205e+03  3.967265e+03  5.985400e+03 
 9.682153e-02  1.520479e+03  2.828741e+03  3.871797e+03  5.847487e+03 
 9.817117e-02  1.482544e+03  2.760954e+03  3.781783e+03  5.718851e+03 
 9.953962e-02  1.446277e+03  2.696370e+03  3.696223e+03  5.597142e+03 
 1.009272e-01  1.411725e+03  2.634834e+03  3.614722e+03  5.481279e+03 
 1.023340e-01  1.379016e+03  2.576591e+03  3.537637e+03  5.371811e+03 
 1.037605e-01  1.347622e+03  2.519920e+03  3.461892e+03  5.262431e+03 
 1.052069e-01  1.315924e+03  2.459721e+03  3.378558e+03  5.135129e+03 
 1.066734e-01  1.286397e+03  2.403625e+03  3.300862e+03  5.016382e+03 
 1.081604e-01  1.259041e+03  2.351616e+03  3.228794e+03  4.906143e+03 
 1.096681e-01  1.233834e+03  2.303627e+03  3.162250e+03  4.804287e+03 
 1.111968e-01  1.210848e+03  2.260000e+03  3.101721e+03  4.711034e+03 
 1.127468e-01  1.189847e+03  2.220095e+03  3.046297e+03  4.625517e+03 
 1.143184e-01  1.170660e+03  2.183603e+03  2.995544e+03  4.547069e+03 
 1.159120e-01  1.153115e+03  2.150178e+03  2.949018e+03  4.475037e+03 
 1.175277e-01  1.137622e+03  2.121142e+03  2.909012e+03  4.413725e+03 
 1.191660e-01  1.123384e+03  2.094512e+03  2.872299e+03  4.357483e+03 
 1.208271e-01  1.110089e+03  2.069665e+03  2.837964e+03  4.304847e+03 
 1.225114e-01  1.097391e+03  2.045862e+03  2.805107e+03  4.254422e+03 
 1.242191e-01  1.084483e+03  2.021153e+03  2.770780e+03  4.201676e+03 
 1.259506e-01  1.071655e+03  1.996608e+03  2.736638e+03  4.149235e+03 
 1.277063e-01  1.058594e+03  1.971638e+03  2.701913e+03  4.095952e+03 
 1.294865e-01  1.045255e+03  1.946271e+03  2.666653e+03  4.041433e+03 
 1.312915e-01  1.031435e+03  1.920138e+03  2.630338e+03  3.984791e+03 
 1.331216e-01  1.016591e+03  1.892137e+03  2.591446e+03  3.924304e+03 
 1.349772e-01  1.000560e+03  1.862003e+03  2.549666e+03  3.859671e+03 
 1.368587e-01  9.843435e+02  1.833411e+03  2.512311e+03  3.808221e+03 
 1.387665e-01  9.666715e+02  1.802083e+03  2.471191e+03  3.750966e+03 
 1.407008e-01  9.475097e+02  1.767982e+03  2.426183e+03  3.687723e+03 
 1.426621e-01  9.279343e+02  1.733650e+03  2.380924e+03  3.623362e+03 
 1.446507e-01  9.073428e+02  1.697532e+03  2.333263e+03  3.554933e+03 
 1.466671e-01  8.855687e+02  1.659119e+03  2.282407e+03  3.481472e+03 
 1.487115e-01  8.611094e+02  1.613999e+03  2.221193e+03  3.390776e+03 
 1.507845e-01  8.348934e+02  1.564480e+03  2.153201e+03  3.288746e+03 
 1.528864e-01  8.084714e+02  1.514595e+03  2.084701e+03  3.185870e+03 
 1.550175e-01  7.842305e+02  1.471063e+03  2.026783e+03  3.102791e+03 
 1.571784e-01  7.618126e+02  1.432431e+03  1.976811e+03  3.034168e+03 
 1.593694e-01  7.400384e+02  1.394844e+03  1.928083e+03  2.967022e+03 
 1.615909e-01  7.198856e+02  1.360654e+03  1.884188e+03  2.907227e+03 
 1.638434e-01  7.012368e+02  1.329332e+03  1.844219e+03  2.853161e+03 
 1.661273e-01  6.840095e+02  1.300500e+03  1.807513e+03  2.803751e+03 
 1.684430e-01  6.652514e+02  1.265893e+03  1.760817e+03  2.735892e+03 
 1.707910e-01  6.479244e+02  1.233617e+03  1.717087e+03  2.672041e+03 
 1.731717e-01  6.328482e+02  1.205879e+03  1.679712e+03  2.617823e+03 
 1.755856e-01  6.212465e+02  1.185949e+03  1.653676e+03  2.580577e+03 
 1.780332e-01  6.112187e+02  1.168950e+03  1.631651e+03  2.549496e+03 
 1.805149e-01  6.006572e+02  1.148465e+03  1.602624e+03  2.503184e+03 
 1.830312e-01  5.901143e+02  1.126568e+03  1.570385e+03  2.449281e+03 
 1.855825e-01  5.804660e+02  1.106602e+03  1.541106e+03  2.400702e+03 
 1.881694e-01  5.715199e+02  1.089156e+03  1.516880e+03  2.363885e+03 
 1.907924e-01  5.627614e+02  1.072078e+03  1.493168e+03  2.327827e+03 
 1.934520e-01  5.531895e+02  1.053100e+03  1.466767e+03  2.288482e+03 
 1.961486e-01  5.429128e+02  1.032683e+03  1.438348e+03  2.246341e+03 
 1.988828e-01  5.331249e+02  1.014026e+03  1.412701e+03  2.208237e+03 
 2.016551e-01  5.241836e+02  9.981574e+02  1.391391e+03  2.176581e+03 
 2.044661e-01  5.140618e+02  9.798368e+02  1.366500e+03  2.139103e+03 
 2.073162e-01  5.022103e+02  9.570148e+02  1.334394e+03  2.088835e+03 
 2.102061e-01  4.893800e+02  9.323484e+02  1.299736e+03  2.034628e+03 
 2.131362e-01  4.798451e+02  9.187309e+02  1.284022e+03  2.015291e+03 
 2.161073e-01  4.698321e+02  9.042900e+02  1.267234e+03  1.994354e+03 
 2.191197e-01  4.567719e+02  8.818765e+02  1.238508e+03  1.956200e+03 
 2.221741e-01  4.431286e+02  8.577492e+02  1.207097e+03  1.913854e+03 
 2.252711e-01  4.305178e+02  8.362420e+02  1.179749e+03  1.877790e+03 
 2.284112e-01  4.188027e+02  8.165540e+02  1.154968e+03  1.845480e+03 
 2.315951e-01  4.083320e+02  7.982890e+02  1.130615e+03  1.809075e+03 
 2.348235e-01  3.990229e+02  7.818764e+02  1.108297e+03  1.774232e+03 
 2.380968e-01  3.887004e+02  7.618776e+02  1.080287e+03  1.731135e+03 
 2.414157e-01  3.790375e+02  7.427572e+02  1.053354e+03  1.689927e+03 
 2.447809e-01  3.696836e+02  7.243640e+02  1.027746e+03  1.650600e+03 
 2.481930e-01  3.613116e+02  7.079434e+02  1.004949e+03  1.615667e+03 
 2.516527e-01  3.564744e+02  6.994296e+02  9.931868e+02  1.596923e+03 
 2.551606e-01  3.510594e+02  6.893039e+02  9.790599e+02  1.574923e+03 
 2.587174e-01  3.427023e+02  6.719080e+02  9.543919e+02  1.537727e+03 
 2.623238e-01  3.358988e+02  6.587384e+02  9.362012e+02  1.510818e+03 
 2.659804e-01  3.305519e+02  6.497085e+02  9.244035e+02  1.494044e+03 
 2.696881e-01  3.230880e+02  6.357130e+02  9.053398e+02  1.465224e+03 
 2.734474e-01  3.146965e+02  6.197183e+02  8.834179e+02  1.431810e+03 
 2.772591e-01  3.082869e+02  6.092277e+02  8.704483e+02  1.415695e+03 
 2.811239e-01  3.010994e+02  5.966979e+02  8.544477e+02  1.395727e+03 
 2.850426e-01  2.932700e+02  5.822316e+02  8.355395e+02  1.372571e+03 
 2.890160e-01  2.858982e+02  5.698093e+02  8.196100e+02  1.350077e+03 
 2.930447e-01  2.787847e+02  5.575935e+02  8.032913e+02  1.324744e+03 
 2.971296e-01  2.719632e+02  5.443820e+02  7.835480e+02  1.290354e+03 
 3.012714e-01  2.657152e+02  5.335014e+02  7.690573e+02  1.268708e+03 
 3.054710e-01  2.597330e+02  5.233384e+02  7.562115e+02  1.251463e+03 
 3.097291e-01  2.528963e+02  5.104877e+02  7.390725e+02  1.227636e+03 
 3.140465e-01  2.469450e+02  4.982909e+02  7.213227e+02  1.198107e+03 
 3.184242e-01  2.419130e+02  4.880175e+02  7.062760e+02  1.172853e+03 
 3.228628e-01  2.380414e+02  4.813242e+02  6.976642e+02  1.162154e+03 
 3.273634e-01  2.326562e+02  4.701477e+02  6.813598e+02  1.135698e+03 
 3.319266e-01  2.271364e+02  4.591354e+02  6.659647e+02  1.112415e+03 
 3.365535e-01  2.218193e+02  4.494480e+02  6.534453e+02  1.095891e+03 
 3.412449e-01  2.180741e+02  4.444768e+02  6.475808e+02  1.086459e+03 
 3.460016e-01  2.138202e+02  4.374899e+02  6.385269e+02  1.073663e+03 
 3.508247e-01  2.094698e+02  4.296541e+02  6.279870e+02  1.058167e+03 
 3.557150e-01  2.050766e+02  4.214113e+02  6.167379e+02  1.040850e+03 
 3.606735e-01  1.999191e+02  4.121225e+02  6.044032e+02  1.023253e+03 
 3.657011e-01  1.937987e+02  4.004347e+02  5.882427e+02  1.000364e+03 
 3.707988e-01  1.888568e+02  3.908344e+02  5.749864e+02  9.804212e+02 
 3.759675e-01  1.844206e+02  3.822073e+02  5.630042e+02  9.621743e+02 
 3.812083e-01  1.800302e+02  3.740863e+02  5.518862e+02  9.455848e+02 
 3.865221e-01  1.764234e+02  3.685357e+02  5.452936e+02  9.346387e+02 
 3.919100e-01  1.728638e+02  3.601156e+02  5.322656e+02  9.163499e+02 
 3.973730e-01  1.688403e+02  3.532657e+02  5.236954e+02  9.027853e+02 
 4.029122e-01  1.656439e+02  3.481940e+02  5.166473e+02  8.896636e+02 
 4.085286e-01  1.624434e+02  3.411880e+02  5.064761e+02  8.750125e+02 
 4.142232e-01  1.584285e+02  3.328382e+02  4.952855e+02  8.610453e+02 
 4.199973e-01  1.543637e+02  3.256742e+02  4.861044e+02  8.475490e+02 
 4.258518e-01  1.510218e+02  3.193735e+02  4.770850e+02  8.318232e+02 
 4.317880e-01  1.474540e+02  3.123368e+02  4.665660e+02  8.154175e+02 
 4.378069e-01  1.443167e+02  3.060075e+02  4.574787e+02  8.003247e+02 
 4.439097e-01  1.417028e+02  3.017741e+02  4.521871e+02  7.948211e+02 
 4.500975e-01  1.377876e+02  2.943532e+02  4.419460e+02  7.793669e+02 
 4.563716e-01  1.345674e+02  2.876337e+02  4.321487e+02  7.617552e+02 
 4.627332e-01  1.325002e+02  2.846786e+02  4.289004e+02  7.587153e+02 
 4.691835e-01  1.291793e+02  2.779811e+02  4.192095e+02  7.422466e+02 
 4.757236e-01  1.267965e+02  2.732384e+02  4.127111e+02  7.323813e+02 
 4.823549e-01  1.234863e+02  2.663932e+02  4.029385e+02  7.191186e+02 
 4.890787e-01  1.207943e+02  2.610340e+02  3.955918e+02  7.074032e+02 
 4.958962e-01  1.186983e+02  2.568927e+02  3.891377e+02  6.954590e+02 
 5.028087e-01  1.159124e+02  2.519614e+02  3.823680e+02  6.854185e+02 
 5.098176e-01  1.136577e+02  2.477255e+02  3.762172e+02  6.732278e+02 
 5.169242e-01  1.116089e+02  2.441081e+02  3.708074e+02  6.659325e+02 
 5.241298e-01  1.079226e+02  2.373377e+02  3.627318e+02  6.558896e+02 
 5.314359e-01  1.059934e+02  2.343098e+02  3.585809e+02  6.490075e+02 
 5.388438e-01  1.037827e+02  2.292669e+02  3.509662e+02  6.373173e+02 
 5.463550e-01  1.019040e+02  2.254975e+02  3.452861e+02  6.277075e+02 
 5.539709e-01  9.913321e+01  2.205142e+02  3.389113e+02  6.176295e+02 
 5.616930e-01  9.731125e+01  2.168922e+02  3.336792e+02  6.096026e+02 
 5.695227e-01  9.529023e+01  2.134517e+02  3.294140e+02  6.008899e+02 
 5.774615e-01  9.307247e+01  2.082649e+02  3.216080e+02  5.895255e+02 
 5.855110e-01  9.132812e+01  2.049761e+02  3.164889e+02  5.806683e+02 
 5.936727e-01  8.920773e+01  2.000258e+02  3.095751e+02  5.702412e+02 
 6.019482e-01  8.763748e+01  1.975866e+02  3.055865e+02  5.628347e+02 
 6.103390e-01  8.551632e+01  1.938797e+02  3.007428e+02  5.542978e+02 
 6.188468e-01  8.356419e+01  1.904634e+02  2.975056e+02  5.517390e+02 
 6.274732e-01  8.213489e+01  1.868246e+02  2.911944e+02  5.413359e+02 
 6.362198e-01  8.040531e+01  1.837578e+02  2.866394e+02  5.323777e+02 
 6.450884e-01  7.845864e+01  1.802106e+02  2.817227e+02  5.239197e+02 
 6.540806e-01  7.679152e+01  1.761935e+02  2.755810e+02  5.147870e+02 
 6.631981e-01  7.501397e+01  1.732854e+02  2.723862e+02  5.091146e+02 
 6.724427e-01  7.353375e+01  1.700276e+02  2.677351e+02  5.033199e+02 
 6.818162e-01  7.187949e+01  1.668426e+02  2.621053e+02  4.927542e+02 
 6.913204e-01  7.028089e+01  1.635347e+02  2.578341e+02  4.854420e+02 
 7.009570e-01  6.924420e+01  1.609392e+02  2.539902e+02  4.787107e+02 
 7.107280e-01  6.739499e+01  1.579893e+02  2.498492e+02  4.706712e+02 
 7.206351e-01  6.631962e+01  1.554034e+02  2.462877e+02  4.661833e+02 
 7.306804e-01  6.491160e+01  1.528764e+02  2.421801e+02  4.576155e+02 
 7.408657e-01  6.343716e+01  1.497249e+02  2.375895e+02  4.511118e+02 
 7.511929e-01  6.205204e+01  1.468196e+02  2.338131e+02  4.447082e+02 
 7.616642e-01  6.082909e+01  1.440312e+02  2.298256e+02  4.384642e+02 
 7.722814e-01  5.996031e+01  1.424157e+02  2.270387e+02  4.319050e+02 
 7.830465e-01  5.867697e+01  1.395568e+02  2.229824e+02  4.258970e+02 
 7.939618e-01  5.752677e+01  1.375869e+02  2.198411e+02  4.211341e+02 
 8.050292e-01  5.623027e+01  1.348472e+02  2.165755e+02  4.152106e+02 
 8.162509e-01  5.519450e+01  1.327541e+02  2.127728e+02  4.074745e+02 
 8.276289e-01  5.381048e+01  1.299546e+02  2.090884e+02  4.019174e+02 
 8.391656e-01  5.308009e+01  1.283262e+02  2.059427e+02  3.970694e+02 
 8.508632e-01  5.208643e+01  1.259377e+02  2.028498e+02  3.913005e+02 
 8.627237e-01  5.088260e+01  1.237844e+02  1.995938e+02  3.846186e+02 
 8.747496e-01  4.991076e+01  1.215434e+02  1.964024e+02  3.792364e+02 
 8.869432e-01  4.899331e+01  1.196437e+02  1.934758e+02  3.739528e+02 
 8.993067e-01  4.796129e+01  1.175992e+02  1.903307e+02  3.681891e+02 
 9.118425e-01  4.717138e+01  1.154702e+02  1.869490e+02  3.613538e+02 
 9.245531e-01  4.609442e+01  1.133808e+02  1.837451e+02  3.567820e+02 
 9.374409e-01  4.517364e+01  1.114877e+02  1.811454e+02  3.517653e+02 
 9.505083e-01  4.437396e+01  1.095878e+02  1.783161e+02  3.462328e+02 
 9.637579e-01  4.339066e+01  1.073598e+02  1.749420e+02  3.409187e+02 
 9.771921e-01  4.275217e+01  1.066001e+02  1.730791e+02  3.359271e+02 
 9.908137e-01  4.188366e+01  1.044682e+02  1.700805e+02  3.312370e+02 
 1.004625e+00  4.104483e+01  1.024118e+02  1.669087e+02  3.251438e+02 
 1.018629e+00  4.030887e+01  1.008554e+02  1.643992e+02  3.200521e+02 
 1.032828e+00  3.949143e+01  9.911960e+01  1.620054e+02  3.162752e+02 
 1.047225e+00  3.867518e+01  9.758078e+01  1.592258e+02  3.104550e+02 
 1.061823e+00  3.802101e+01  9.612814e+01  1.568543e+02  3.056004e+02 
 1.076624e+00  3.727280e+01  9.446878e+01  1.542918e+02  3.006932e+02 
 1.091632e+00  3.660687e+01  9.282506e+01  1.519592e+02  2.957328e+02 
 1.106848e+00  3.586230e+01  9.110768e+01  1.494034e+02  2.912419e+02 
 1.122277e+00  3.518129e+01  8.974495e+01  1.468237e+02  2.862037e+02 
 1.137921e+00  3.450417e+01  8.808520e+01  1.443955e+02  2.815694e+02 
 1.153783e+00  3.391317e+01  8.663178e+01  1.420593e+02  2.772481e+02 
 1.169866e+00  3.327645e+01  8.525447e+01  1.397186e+02  2.729935e+02 
 1.186174e+00  3.263434e+01  8.391608e+01  1.375033e+02  2.684124e+02 
 1.202708e+00  3.206755e+01  8.250035e+01  1.353313e+02  2.639618e+02 
 1.219473e+00  3.149506e+01  8.118388e+01  1.332541e+02  2.593020e+02 
 1.236472e+00  3.090181e+01  7.986282e+01  1.311752e+02  2.552184e+02 
 1.253708e+00  3.035562e+01  7.850372e+01  1.288589e+02  2.511121e+02 
 1.271184e+00  2.981164e+01  7.748529e+01  1.271426e+02  2.468465e+02 
 1.288904e+00  2.926594e+01  7.591128e+01  1.247242e+02  2.430097e+02 
 1.306870e+00  2.870458e+01  7.465232e+01  1.226452e+02  2.386419e+02 
 1.325087e+00  2.823318e+01  7.346212e+01  1.206753e+02  2.342432e+02 
 1.343558e+00  2.772422e+01  7.221893e+01  1.186074e+02  2.302248e+02 
 1.362287e+00  2.725581e+01  7.097791e+01  1.164785e+02  2.261469e+02 
 1.381276e+00  2.674789e+01  6.981137e+01  1.143322e+02  2.221571e+02 
 1.400531e+00  2.628586e+01  6.864168e+01  1.124701e+02  2.179139e+02 
 1.420053e+00  2.579352e+01  6.740131e+01  1.106226e+02  2.139208e+02 
 1.439848e+00  2.534448e+01  6.634980e+01  1.085799e+02  2.101349e+02 
 1.459919e+00  2.486314e+01  6.519257e+01  1.066880e+02  2.060732e+02 
 1.480269e+00  2.448302e+01  6.398471e+01  1.047371e+02  2.019550e+02 
 1.500903e+00  2.403837e+01  6.293859e+01  1.028338e+02  1.986152e+02 
 1.521825e+00  2.360185e+01  6.193552e+01  1.011476e+02  1.947525e+02 
 1.543038e+00  2.317278e+01  6.084771e+01  9.941320e+01  1.912732e+02 
 1.564548e+00  2.280250e+01  5.980194e+01  9.759088e+01  1.875018e+02 
 1.586357e+00  2.240494e+01  5.884421e+01  9.586934e+01  1.838394e+02 
 1.608469e+00  2.198985e+01  5.783798e+01  9.414168e+01  1.804608e+02 
 1.630891e+00  2.167606e+01  5.673299e+01  9.225844e+01  1.766869e+02 
 1.653624e+00  2.126148e+01  5.572513e+01  9.066398e+01  1.734568e+02 
 1.676675e+00  2.088532e+01  5.485181e+01  8.905884e+01  1.698701e+02 
 1.700047e+00  2.051305e+01  5.388179e+01  8.736254e+01  1.665318e+02 
 1.723745e+00  2.017444e+01  5.289700e+01  8.572557e+01  1.629825e+02 
 1.747773e+00  1.980040e+01  5.192588e+01  8.406467e+01  1.596824e+02 
 1.772136e+00  1.945566e+01  5.099638e+01  8.243585e+01  1.565493e+02 
 1.796838e+00  1.913075e+01  5.006912e+01  8.088785e+01  1.532785e+02 
 1.821885e+00  1.882349e+01  4.916385e+01  7.928642e+01  1.501461e+02 
 1.847281e+00  1.849063e+01  4.835098e+01  7.784686e+01  1.470525e+02 
 1.873032e+00  1.817497e+01  4.743597e+01  7.618587e+01  1.440465e+02 
 1.899141e+00  1.785647e+01  4.652637e+01  7.475468e+01  1.410207e+02 
 1.925614e+00  1.756187e+01  4.569897e+01  7.332364e+01  1.379675e+02 
 1.952456e+00  1.730889e+01  4.490317e+01  7.190980e+01  1.350326e+02 
 1.979672e+00  1.697191e+01  4.410887e+01  7.049454e+01  1.321696e+02 
 2.007267e+00  1.670510e+01  4.327931e+01  6.896777e+01  1.294092e+02 
 2.035248e+00  1.639509e+01  4.242812e+01  6.757257e+01  1.265284e+02 
 2.063618e+00  1.611262e+01  4.159968e+01  6.621199e+01  1.237222e+02 
 2.092383e+00  1.584364e+01  4.081951e+01  6.482090e+01  1.210071e+02 
 2.121550e+00  1.556026e+01  4.001093e+01  6.347511e+01  1.182777e+02 
 2.151123e+00  1.529655e+01  3.924529e+01  6.211821e+01  1.155751e+02 
 2.181109e+00  1.502839e+01  3.846001e+01  6.082867e+01  1.130476e+02 
 2.211512e+00  1.477038e+01  3.768303e+01  5.949147e+01  1.103638e+02 
 2.242340e+00  1.451472e+01  3.697268e+01  5.824524e+01  1.079031e+02 
 2.273597e+00  1.424717e+01  3.623167e+01  5.694234e+01  1.054465e+02 
 2.305289e+00  1.401813e+01  3.550522e+01  5.573990e+01  1.030491e+02 
 2.337424e+00  1.377228e+01  3.477883e+01  5.451808e+01  1.006975e+02 
 2.370006e+00  1.353095e+01  3.408231e+01  5.334920e+01  9.843154e+01 
 2.403043e+00  1.328409e+01  3.339806e+01  5.215562e+01  9.612539e+01 
 2.436540e+00  1.306127e+01  3.272944e+01  5.102057e+01  9.388121e+01 
 2.470504e+00  1.283230e+01  3.206922e+01  4.987254e+01  9.169822e+01 
 2.504942e+00  1.260678e+01  3.142050e+01  4.877259e+01  8.955665e+01 
 2.539859e+00  1.239112e+01  3.075316e+01  4.766296e+01  8.741341e+01 
 2.575263e+00  1.215907e+01  3.009288e+01  4.661792e+01  8.537782e+01 
 2.611161e+00  1.194917e+01  2.945946e+01  4.551823e+01  8.333612e+01 
 2.647559e+00  1.173348e+01  2.882578e+01  4.445511e+01  8.130660e+01 
 2.684465e+00  1.152366e+01  2.822922e+01  4.342266e+01  7.934004e+01 
 2.721885e+00  1.130453e+01  2.759105e+01  4.241894e+01  7.741979e+01 
 2.759826e+00  1.110022e+01  2.697533e+01  4.141725e+01  7.555079e+01 
 2.798297e+00  1.089492e+01  2.640490e+01  4.044624e+01  7.374788e+01 
 2.837304e+00  1.069660e+01  2.581809e+01  3.949324e+01  7.194423e+01 
 2.876854e+00  1.049846e+01  2.524100e+01  3.855946e+01  7.020673e+01 
 2.916956e+00  1.030698e+01  2.469348e+01  3.764959e+01  6.847951e+01 
 2.957617e+00  1.012092e+01  2.415002e+01  3.677348e+01  6.681831e+01 
 2.998844e+00  9.932862e+00  2.361915e+01  3.589693e+01  6.518577e+01 
 3.040646e+00  9.748793e+00  2.308650e+01  3.504214e+01  6.363525e+01 
 3.083031e+00  9.567764e+00  2.256531e+01  3.420544e+01  6.207240e+01 
 3.126007e+00  9.391727e+00  2.205941e+01  3.338366e+01  6.054081e+01 
 3.169582e+00  9.211676e+00  2.154554e+01  3.256134e+01  5.904613e+01 
 3.213764e+00  9.035303e+00  2.105081e+01  3.176685e+01  5.758399e+01 
 3.258562e+00  8.858259e+00  2.056978e+01  3.098912e+01  5.614711e+01 
 3.303985e+00  8.686135e+00  2.007926e+01  3.022260e+01  5.474464e+01 
 3.350041e+00  8.519001e+00  1.960112e+01  2.946487e+01  5.336444e+01 
 3.396739e+00  8.347702e+00  1.913719e+01  2.873930e+01  5.200921e+01 
 3.444087e+00  8.183920e+00  1.867706e+01  2.801051e+01  5.070166e+01 
 3.492096e+00  8.023373e+00  1.823614e+01  2.731577e+01  4.943506e+01 
 3.540774e+00  7.859870e+00  1.780306e+01  2.664018e+01  4.819599e+01 
 3.590130e+00  7.704618e+00  1.737258e+01  2.596775e+01  4.699029e+01 
 3.640175e+00  7.553222e+00  1.695687e+01  2.532773e+01  4.580573e+01 
 3.690917e+00  7.398898e+00  1.655970e+01  2.468411e+01  4.465953e+01 
 3.742366e+00  7.249139e+00  1.615160e+01  2.407006e+01  4.355168e+01 
 3.794533e+00  7.105222e+00  1.576677e+01  2.346844e+01  4.245402e+01 
 3.847427e+00  6.959553e+00  1.538007e+01  2.287725e+01  4.139421e+01 
 3.901058e+00  6.814221e+00  1.500638e+01  2.230166e+01  4.034277e+01 
 3.955436e+00  6.676012e+00  1.463634e+01  2.172687e+01  3.931384e+01 
 4.010573e+00  6.534038e+00  1.427254e+01  2.117559e+01  3.831709e+01 
 4.066478e+00  6.394887e+00  1.391264e+01  2.062885e+01  3.732904e+01 
 4.123163e+00  6.256701e+00  1.356675e+01  2.009410e+01  3.636401e+01 
 4.180637e+00  6.124061e+00  1.322672e+01  1.957563e+01  3.542149e+01 
 4.238913e+00  5.990833e+00  1.288934e+01  1.906449e+01  3.451188e+01 
 4.298001e+00  5.857998e+00  1.256281e+01  1.857260e+01  3.361673e+01 
 4.357913e+00  5.733933e+00  1.224341e+01  1.809444e+01  3.275708e+01 
 4.418660e+00  5.607503e+00  1.193632e+01  1.762109e+01  3.191814e+01 
 4.480254e+00  5.484200e+00  1.163271e+01  1.716561e+01  3.109448e+01 
 4.542706e+00  5.364774e+00  1.133629e+01  1.671968e+01  3.029358e+01 
 4.606029e+00  5.246607e+00  1.105227e+01  1.628858e+01  2.952148e+01 
 4.670234e+00  5.130304e+00  1.077126e+01  1.587221e+01  2.876744e+01 
 4.735335e+00  5.017211e+00  1.049882e+01  1.546077e+01  2.802856e+01 
 4.801343e+00  4.906645e+00  1.023400e+01  1.506189e+01  2.730325e+01 
 4.868271e+00  4.795967e+00  9.971373e+00  1.466927e+01  2.659672e+01 
 4.936132e+00  4.687245e+00  9.713636e+00  1.428437e+01  2.590463e+01 
 5.004939e+00  4.579408e+00  9.462357e+00  1.390890e+01  2.522613e+01 
 5.074705e+00  4.473046e+00  9.215556e+00  1.353952e+01  2.456402e+01 
 5.145444e+00  4.369602e+00  8.974952e+00  1.318214e+01  2.391673e+01 
 5.217169e+00  4.266819e+00  8.739060e+00  1.283021e+01  2.328283e+01 
 5.289893e+00  4.168131e+00  8.510560e+00  1.249243e+01  2.266974e+01 
 5.363631e+00  4.069046e+00  8.287435e+00  1.215810e+01  2.207144e+01 
 5.438397e+00  3.973885e+00  8.069802e+00  1.183661e+01  2.148615e+01 
 5.514206e+00  3.880327e+00  7.858843e+00  1.152327e+01  2.092000e+01 
 5.591071e+00  3.787962e+00  7.654456e+00  1.121888e+01  2.037002e+01 
 5.669007e+00  3.699648e+00  7.454838e+00  1.092369e+01  1.983733e+01 
 5.748030e+00  3.612272e+00  7.261159e+00  1.063576e+01  1.931485e+01 
 5.828155e+00  3.527094e+00  7.072677e+00  1.035681e+01  1.880812e+01 
 5.909396e+00  3.443555e+00  6.888983e+00  1.008501e+01  1.831719e+01 
 5.991770e+00  3.361519e+00  6.709219e+00  9.818366e+00  1.783748e+01 
 6.075292e+00  3.281238e+00  6.534198e+00  9.559242e+00  1.736395e+01 
 6.159978e+00  3.201785e+00  6.362045e+00  9.306068e+00  1.690372e+01 
 6.245845e+00  3.124170e+00  6.193797e+00  9.058375e+00  1.645254e+01 
 6.332908e+00  3.047468e+00  6.029226e+00  8.814792e+00  1.601008e+01 
 6.421186e+00  2.972952e+00  5.869132e+00  8.577852e+00  1.557965e+01 
 6.510694e+00  2.899541e+00  5.712840e+00  8.347838e+00  1.516133e+01 
 6.601449e+00  2.828311e+00  5.561144e+00  8.123897e+00  1.475316e+01 
 6.693470e+00  2.758230e+00  5.412978e+00  7.905332e+00  1.435555e+01 
 6.786773e+00  2.690250e+00  5.269415e+00  7.693337e+00  1.397084e+01 
 6.881377e+00  2.624272e+00  5.130361e+00  7.487751e+00  1.359518e+01 
 6.977300e+00  2.559886e+00  4.995320e+00  7.289450e+00  1.323147e+01 
 7.074559e+00  2.497347e+00  4.863972e+00  7.095161e+00  1.287790e+01 
 7.173175e+00  2.436123e+00  4.736748e+00  6.907416e+00  1.253516e+01 
 7.273165e+00  2.376842e+00  4.613084e+00  6.725529e+00  1.220203e+01 
 7.374549e+00  2.318730e+00  4.492638e+00  6.547672e+00  1.187824e+01 
 7.477346e+00  2.261792e+00  4.375414e+00  6.375382e+00  1.156154e+01 
 7.581576e+00  2.206366e+00  4.260348e+00  6.205989e+00  1.125245e+01 
 7.687260e+00  2.151751e+00  4.148267e+00  6.040639e+00  1.116627e+01 
 7.794416e+00  2.098318e+00  4.038736e+00  5.878305e+00  1.065415e+01 
 7.903066e+00  2.046130e+00  3.931217e+00  5.720194e+00  1.036469e+01 
 8.013230e+00  1.994986e+00  3.827192e+00  5.567040e+00  1.008345e+01 
 8.124930e+00  1.945093e+00  3.725508e+00  5.417367e+00  9.808720e+00 
 8.238187e+00  1.896632e+00  3.626606e+00  5.271307e+00  9.541687e+00 
 8.353023e+00  1.849320e+00  3.530596e+00  5.129709e+00  9.281980e+00 
 8.469460e+00  1.803470e+00  3.437504e+00  4.992435e+00  9.030062e+00 
 8.587519e+00  1.758894e+00  3.347032e+00  4.859077e+00  8.785480e+00 
 8.707225e+00  1.715560e+00  3.259226e+00  4.729831e+00  8.548476e+00 
 8.828599e+00  1.673573e+00  3.174458e+00  4.604618e+00  8.317888e+00 
 8.951665e+00  1.632640e+00  3.092151e+00  4.482787e+00  8.094990e+00 
 9.076446e+00  1.593002e+00  3.012135e+00  4.364917e+00  7.878138e+00 
 9.202967e+00  1.554330e+00  2.934322e+00  4.250354e+00  7.667143e+00 
 9.331251e+00  1.516573e+00  2.858457e+00  4.138355e+00  7.461615e+00 
 9.461324e+00  0.000000e+00  0.000000e+00  0.000000e+00  0.000000e+00 
 9.593209e+00  0.000000e+00  0.000000e+00  0.000000e+00  0.000000e+00 
 9.726934e+00  0.000000e+00  0.000000e+00  0.000000e+00  0.000000e+00 
 9.862522e+00  0.000000e+00  0.000000e+00  0.000000e+00  0.000000e+00 
 1.000000e+01  0.000000e+00  0.000000e+00  0.000000e+00  0.000000e+00 
