 1.000000e-02  5.376258e+03  9.852012e+03  1.340396e+04  2.019828e+04 
 1.013939e-02  5.407109e+03  9.908362e+03  1.348053e+04  2.031310e+04 
 1.028073e-02  5.437545e+03  9.963968e+03  1.355602e+04  2.042630e+04 
 1.042404e-02  5.467564e+03  1.001877e+04  1.363042e+04  2.053797e+04 
 1.056935e-02  5.497134e+03  1.007276e+04  1.370365e+04  2.064796e+04 
 1.071668e-02  5.526228e+03  1.012586e+04  1.377567e+04  2.075610e+04 
 1.086606e-02  5.554832e+03  1.017806e+04  1.384642e+04  2.086238e+04 
 1.101753e-02  5.582934e+03  1.022935e+04  1.391602e+04  2.096679e+04 
 1.117111e-02  5.610515e+03  1.027969e+04  1.398439e+04  2.106924e+04 
 1.132683e-02  5.637556e+03  1.032901e+04  1.405135e+04  2.116963e+04 
 1.148472e-02  5.664027e+03  1.037728e+04  1.411683e+04  2.126780e+04 
 1.164481e-02  5.689914e+03  1.042447e+04  1.418078e+04  2.136369e+04 
 1.180713e-02  5.715198e+03  1.047058e+04  1.424319e+04  2.145726e+04 
 1.197171e-02  5.739858e+03  1.051553e+04  1.430412e+04  2.154847e+04 
 1.213859e-02  5.763870e+03  1.055931e+04  1.436345e+04  2.163730e+04 
 1.230780e-02  5.787231e+03  1.060186e+04  1.442114e+04  2.172365e+04 
 1.247936e-02  5.809912e+03  1.064315e+04  1.447715e+04  2.180746e+04 
 1.265332e-02  5.831883e+03  1.068317e+04  1.453142e+04  2.188864e+04 
 1.282970e-02  5.853126e+03  1.072185e+04  1.458384e+04  2.196700e+04 
 1.300854e-02  5.873632e+03  1.075916e+04  1.463434e+04  2.204251e+04 
 1.318987e-02  5.893372e+03  1.079505e+04  1.468286e+04  2.211510e+04 
 1.337373e-02  5.912329e+03  1.082951e+04  1.472943e+04  2.218471e+04 
 1.356015e-02  5.930467e+03  1.086246e+04  1.477408e+04  2.225125e+04 
 1.374917e-02  5.947778e+03  1.089389e+04  1.481673e+04  2.231466e+04 
 1.394083e-02  5.964237e+03  1.092377e+04  1.485715e+04  2.237486e+04 
 1.413516e-02  5.979817e+03  1.095203e+04  1.489528e+04  2.243181e+04 
 1.433219e-02  5.994500e+03  1.097864e+04  1.493115e+04  2.248536e+04 
 1.453198e-02  6.008268e+03  1.100358e+04  1.496480e+04  2.253535e+04 
 1.473454e-02  6.021086e+03  1.102677e+04  1.499613e+04  2.258174e+04 
 1.493993e-02  6.032954e+03  1.104821e+04  1.502508e+04  2.262461e+04 
 1.514819e-02  6.043941e+03  1.106804e+04  1.505177e+04  2.266427e+04 
 1.535935e-02  6.053961e+03  1.108611e+04  1.507607e+04  2.270029e+04 
 1.557345e-02  6.062957e+03  1.110229e+04  1.509782e+04  2.273240e+04 
 1.579053e-02  6.070925e+03  1.111660e+04  1.511695e+04  2.276062e+04 
 1.601064e-02  6.077821e+03  1.112893e+04  1.513343e+04  2.278479e+04 
 1.623382e-02  6.083639e+03  1.113929e+04  1.514724e+04  2.280490e+04 
 1.646012e-02  6.088357e+03  1.114763e+04  1.515830e+04  2.282082e+04 
 1.668956e-02  6.091960e+03  1.115392e+04  1.516657e+04  2.283247e+04 
 1.692220e-02  6.094415e+03  1.115811e+04  1.517199e+04  2.283984e+04 
 1.715809e-02  6.095709e+03  1.116018e+04  1.517452e+04  2.284288e+04 
 1.739726e-02  6.095822e+03  1.116006e+04  1.517411e+04  2.284155e+04 
 1.763977e-02  6.094753e+03  1.115781e+04  1.517072e+04  2.283576e+04 
 1.788566e-02  6.092485e+03  1.115334e+04  1.516436e+04  2.282541e+04 
 1.813498e-02  6.088980e+03  1.114662e+04  1.515491e+04  2.281043e+04 
 1.838777e-02  6.084235e+03  1.113759e+04  1.514237e+04  2.279070e+04 
 1.864409e-02  6.078222e+03  1.112628e+04  1.512668e+04  2.276628e+04 
 1.890397e-02  6.070948e+03  1.111265e+04  1.510784e+04  2.273721e+04 
 1.916748e-02  6.062400e+03  1.109668e+04  1.508582e+04  2.270339e+04 
 1.943467e-02  6.052556e+03  1.107834e+04  1.506055e+04  2.266459e+04 
 1.970558e-02  6.041418e+03  1.105759e+04  1.503205e+04  2.262084e+04 
 1.998026e-02  6.028962e+03  1.103445e+04  1.500028e+04  2.257221e+04 
 2.025878e-02  6.015190e+03  1.100890e+04  1.496524e+04  2.251869e+04 
 2.054117e-02  6.000095e+03  1.098093e+04  1.492689e+04  2.246027e+04 
 2.082751e-02  5.983666e+03  1.095051e+04  1.488522e+04  2.239679e+04 
 2.111783e-02  5.965898e+03  1.091762e+04  1.484019e+04  2.232817e+04 
 2.141220e-02  5.946867e+03  1.088240e+04  1.479192e+04  2.225448e+04 
 2.171068e-02  5.927032e+03  1.084546e+04  1.474108e+04  2.217623e+04 
 2.201331e-02  5.905852e+03  1.080606e+04  1.468690e+04  2.209303e+04 
 2.232016e-02  5.883352e+03  1.076424e+04  1.462940e+04  2.200488e+04 
 2.263130e-02  5.859530e+03  1.071999e+04  1.456860e+04  2.191175e+04 
 2.294676e-02  5.834377e+03  1.067329e+04  1.450448e+04  2.181365e+04 
 2.326663e-02  5.807879e+03  1.062413e+04  1.443701e+04  2.171057e+04 
 2.359095e-02  5.780044e+03  1.057253e+04  1.436625e+04  2.160248e+04 
 2.391980e-02  5.750923e+03  1.051856e+04  1.429227e+04  2.148951e+04 
 2.425323e-02  5.720522e+03  1.046226e+04  1.421511e+04  2.137173e+04 
 2.459130e-02  5.688830e+03  1.040361e+04  1.413475e+04  2.124912e+04 
 2.493409e-02  5.655872e+03  1.034264e+04  1.405123e+04  2.112180e+04 
 2.528166e-02  5.621673e+03  1.027941e+04  1.396464e+04  2.098986e+04 
 2.563407e-02  5.586259e+03  1.021394e+04  1.387501e+04  2.085335e+04 
 2.599140e-02  5.549647e+03  1.014628e+04  1.378240e+04  2.071236e+04 
 2.635371e-02  5.511855e+03  1.007647e+04  1.368688e+04  2.056702e+04 
 2.672106e-02  5.472916e+03  1.000458e+04  1.358853e+04  2.041742e+04 
 2.709354e-02  5.432863e+03  9.930653e+03  1.348742e+04  2.026369e+04 
 2.747121e-02  5.391736e+03  9.854770e+03  1.338366e+04  2.010596e+04 
 2.785414e-02  5.349501e+03  9.776843e+03  1.327718e+04  1.994419e+04 
 2.824241e-02  5.305902e+03  9.696569e+03  1.316757e+04  1.977797e+04 
 2.863610e-02  5.261335e+03  9.614534e+03  1.305555e+04  1.960817e+04 
 2.903527e-02  5.215853e+03  9.530807e+03  1.294127e+04  1.943495e+04 
 2.944000e-02  5.169497e+03  9.445469e+03  1.282481e+04  1.925847e+04 
 2.985038e-02  5.122296e+03  9.358617e+03  1.270631e+04  1.907892e+04 
 3.026648e-02  5.074307e+03  9.270338e+03  1.258587e+04  1.889647e+04 
 3.068838e-02  5.025587e+03  9.180730e+03  1.246362e+04  1.871132e+04 
 3.111616e-02  4.976198e+03  9.089906e+03  1.233970e+04  1.852369e+04 
 3.154990e-02  4.926207e+03  8.997961e+03  1.221427e+04  1.833382e+04 
 3.198969e-02  4.875653e+03  8.904991e+03  1.208748e+04  1.814190e+04 
 3.243561e-02  4.824591e+03  8.811121e+03  1.195946e+04  1.794816e+04 
 3.288774e-02  4.773085e+03  8.716451e+03  1.183036e+04  1.775278e+04 
 3.334618e-02  4.721207e+03  8.621089e+03  1.170035e+04  1.755602e+04 
 3.381101e-02  4.669009e+03  8.525155e+03  1.156953e+04  1.735809e+04 
 3.428231e-02  4.616566e+03  8.428781e+03  1.143813e+04  1.715928e+04 
 3.476019e-02  4.563868e+03  8.332276e+03  1.130691e+04  1.696186e+04 
 3.524473e-02  4.511056e+03  8.235562e+03  1.117543e+04  1.676411e+04 
 3.573602e-02  4.458196e+03  8.138756e+03  1.104383e+04  1.656618e+04 
 3.623416e-02  4.405359e+03  8.041983e+03  1.091230e+04  1.636835e+04 
 3.673925e-02  4.352621e+03  7.945399e+03  1.078101e+04  1.617089e+04 
 3.725137e-02  4.300045e+03  7.849120e+03  1.065013e+04  1.597404e+04 
 3.777064e-02  4.247692e+03  7.753258e+03  1.051982e+04  1.577803e+04 
 3.829714e-02  4.195623e+03  7.657934e+03  1.039023e+04  1.558311e+04 
 3.883098e-02  4.143908e+03  7.563267e+03  1.026154e+04  1.538956e+04 
 3.937226e-02  4.092626e+03  7.469375e+03  1.013391e+04  1.519757e+04 
 3.992109e-02  4.041838e+03  7.376370e+03  1.000749e+04  1.500739e+04 
 4.047757e-02  3.991579e+03  7.284306e+03  9.882308e+03  1.481899e+04 
 4.104181e-02  3.941669e+03  7.192286e+03  9.756485e+03  1.462768e+04 
 4.161391e-02  3.892417e+03  7.101499e+03  9.632339e+03  1.443891e+04 
 4.219398e-02  3.843900e+03  7.012040e+03  9.510017e+03  1.425289e+04 
 4.278214e-02  3.796161e+03  6.924001e+03  9.389644e+03  1.406980e+04 
 4.337850e-02  3.749242e+03  6.837460e+03  9.271313e+03  1.388982e+04 
 4.398317e-02  3.703187e+03  6.752506e+03  9.155143e+03  1.371308e+04 
 4.459628e-02  3.658030e+03  6.669205e+03  9.041208e+03  1.353972e+04 
 4.521792e-02  3.613800e+03  6.587602e+03  8.929600e+03  1.336986e+04 
 4.584824e-02  3.570534e+03  6.507773e+03  8.820392e+03  1.320362e+04 
 4.648734e-02  3.528253e+03  6.429771e+03  8.713664e+03  1.304113e+04 
 4.713535e-02  3.487181e+03  6.354814e+03  8.611947e+03  1.288860e+04 
 4.779239e-02  3.447249e+03  6.282423e+03  8.514259e+03  1.274355e+04 
 4.845859e-02  3.408339e+03  6.211876e+03  8.419084e+03  1.260224e+04 
 4.913407e-02  3.370456e+03  6.143195e+03  8.326419e+03  1.246467e+04 
 4.981898e-02  3.333593e+03  6.076383e+03  8.236269e+03  1.233088e+04 
 5.051342e-02  3.297737e+03  6.011411e+03  8.148603e+03  1.220080e+04 
 5.121755e-02  3.262874e+03  5.948243e+03  8.063389e+03  1.207436e+04 
 5.193150e-02  3.228973e+03  5.886811e+03  7.980547e+03  1.195146e+04 
 5.265540e-02  3.195994e+03  5.827055e+03  7.899964e+03  1.183192e+04 
 5.338938e-02  3.163623e+03  5.767930e+03  7.819685e+03  1.171145e+04 
 5.413360e-02  3.131780e+03  5.709170e+03  7.739292e+03  1.158914e+04 
 5.488820e-02  3.100749e+03  5.651903e+03  7.660922e+03  1.146988e+04 
 5.565331e-02  3.070425e+03  5.595929e+03  7.584327e+03  1.135325e+04 
 5.642908e-02  3.040647e+03  5.540946e+03  7.509085e+03  1.123867e+04 
 5.721568e-02  3.011376e+03  5.486868e+03  7.435091e+03  1.112593e+04 
 5.801323e-02  2.982829e+03  5.434114e+03  7.362878e+03  1.101588e+04 
 5.882190e-02  2.955194e+03  5.383056e+03  7.292945e+03  1.090930e+04 
 5.964185e-02  2.928319e+03  5.333769e+03  7.225772e+03  1.080792e+04 
 6.047322e-02  2.901929e+03  5.286364e+03  7.162206e+03  1.071486e+04 
 6.131619e-02  2.875123e+03  5.238176e+03  7.097608e+03  1.062022e+04 
 6.217090e-02  2.847993e+03  5.189375e+03  7.032192e+03  1.052433e+04 
 6.303753e-02  2.820655e+03  5.140200e+03  6.966259e+03  1.042766e+04 
 6.391624e-02  2.793165e+03  5.090750e+03  6.899944e+03  1.033041e+04 
 6.480720e-02  2.765374e+03  5.040755e+03  6.832900e+03  1.023206e+04 
 6.571058e-02  2.737094e+03  4.989872e+03  6.764634e+03  1.013188e+04 
 6.662655e-02  2.706853e+03  4.933327e+03  6.686477e+03  1.001057e+04 
 6.755528e-02  2.675840e+03  4.875314e+03  6.606274e+03  9.886029e+03 
 6.849697e-02  2.644018e+03  4.815837e+03  6.524091e+03  9.758582e+03 
 6.945178e-02  2.611316e+03  4.754757e+03  6.439747e+03  9.627988e+03 
 7.041990e-02  2.577658e+03  4.691945e+03  6.353071e+03  9.493954e+03 
 7.140151e-02  2.542953e+03  4.627253e+03  6.263886e+03  9.356218e+03 
 7.239681e-02  2.507398e+03  4.561307e+03  6.173369e+03  9.217690e+03 
 7.340598e-02  2.471016e+03  4.494195e+03  6.081704e+03  9.078866e+03 
 7.442922e-02  2.433477e+03  4.424989e+03  5.987208e+03  8.935855e+03 
 7.546673e-02  2.394777e+03  4.353696e+03  5.889888e+03  8.788668e+03 
 7.651869e-02  2.354947e+03  4.280345e+03  5.789798e+03  8.637396e+03 
 7.758532e-02  2.314011e+03  4.204988e+03  5.687027e+03  8.482161e+03 
 7.866682e-02  2.272948e+03  4.130670e+03  5.586915e+03  8.334074e+03 
 7.976339e-02  2.232393e+03  4.059323e+03  5.492835e+03  8.200096e+03 
 8.087525e-02  2.190889e+03  3.986224e+03  5.396300e+03  8.062308e+03 
 8.200261e-02  2.148566e+03  3.911569e+03  5.297608e+03  7.921112e+03 
 8.314568e-02  2.105572e+03  3.835596e+03  5.197089e+03  7.776997e+03 
 8.430468e-02  2.062054e+03  3.758572e+03  5.095099e+03  7.630482e+03 
 8.547985e-02  2.017260e+03  3.677821e+03  4.986678e+03  7.471109e+03 
 8.667139e-02  1.971875e+03  3.595341e+03  4.875270e+03  7.305731e+03 
 8.787954e-02  1.926538e+03  3.512939e+03  4.763956e+03  7.140423e+03 
 8.910453e-02  1.881449e+03  3.430982e+03  4.653236e+03  6.975951e+03 
 9.034660e-02  1.836812e+03  3.349827e+03  4.543594e+03  6.813035e+03 
 9.160598e-02  1.793601e+03  3.272299e+03  4.439803e+03  6.661067e+03 
 9.288292e-02  1.751917e+03  3.198466e+03  4.341833e+03  6.519752e+03 
 9.417766e-02  1.711216e+03  3.126377e+03  4.246129e+03  6.381645e+03 
 9.549045e-02  1.671691e+03  3.056359e+03  4.153159e+03  6.247426e+03 
 9.682153e-02  1.633530e+03  2.988728e+03  4.063383e+03  6.117771e+03 
 9.817117e-02  1.597223e+03  2.924913e+03  3.979226e+03  5.997551e+03 
 9.953962e-02  1.562648e+03  2.864405e+03  3.899643e+03  5.884470e+03 
 1.009272e-01  1.529789e+03  2.806970e+03  3.824145e+03  5.777346e+03 
 1.023340e-01  1.498761e+03  2.752796e+03  3.753011e+03  5.676567e+03 
 1.037605e-01  1.468906e+03  2.699843e+03  3.682700e+03  5.575103e+03 
 1.052069e-01  1.438308e+03  2.642338e+03  3.603270e+03  5.453290e+03 
 1.066734e-01  1.409668e+03  2.588461e+03  3.528814e+03  5.339035e+03 
 1.081604e-01  1.382957e+03  2.538148e+03  3.459265e+03  5.232193e+03 
 1.096681e-01  1.358059e+03  2.491217e+03  3.394332e+03  5.132380e+03 
 1.111968e-01  1.335200e+03  2.448507e+03  3.335333e+03  5.041381e+03 
 1.127468e-01  1.313924e+03  2.408719e+03  3.280338e+03  4.956452e+03 
 1.143184e-01  1.294046e+03  2.371483e+03  3.228844e+03  4.876815e+03 
 1.159120e-01  1.275322e+03  2.336392e+03  3.180284e+03  4.801621e+03 
 1.175277e-01  1.258494e+03  2.305804e+03  3.138718e+03  4.738727e+03 
 1.191660e-01  1.242455e+03  2.276730e+03  3.099292e+03  4.679234e+03 
 1.208271e-01  1.226832e+03  2.248435e+03  3.060920e+03  4.621342e+03 
 1.225114e-01  1.211309e+03  2.220309e+03  3.022778e+03  4.563869e+03 
 1.242191e-01  1.195287e+03  2.190983e+03  2.983000e+03  4.504646e+03 
 1.259506e-01  1.178926e+03  2.161041e+03  2.942386e+03  4.444155e+03 
 1.277063e-01  1.161954e+03  2.130006e+03  2.900278e+03  4.381405e+03 
 1.294865e-01  1.144503e+03  2.098204e+03  2.857080e+03  4.316452e+03 
 1.312915e-01  1.126459e+03  2.065418e+03  2.812505e+03  4.248764e+03 
 1.331216e-01  1.107292e+03  2.030582e+03  2.765142e+03  4.176854e+03 
 1.349772e-01  1.086974e+03  1.993677e+03  2.714990e+03  4.100942e+03 
 1.368587e-01  1.066714e+03  1.959008e+03  2.670289e+03  4.040453e+03 
 1.387665e-01  1.045221e+03  1.921985e+03  2.622365e+03  3.974856e+03 
 1.407008e-01  1.022610e+03  1.882834e+03  2.571443e+03  3.904470e+03 
 1.426621e-01  9.999003e+02  1.843700e+03  2.520201e+03  3.831660e+03 
 1.446507e-01  9.766298e+02  1.803491e+03  2.467349e+03  3.755720e+03 
 1.466671e-01  9.527712e+02  1.762082e+03  2.412802e+03  3.676974e+03 
 1.487115e-01  9.264346e+02  1.714097e+03  2.347983e+03  3.580800e+03 
 1.507845e-01  8.986785e+02  1.662174e+03  2.276904e+03  3.473924e+03 
 1.528864e-01  8.713496e+02  1.611099e+03  2.206933e+03  3.368623e+03 
 1.550175e-01  8.469002e+02  1.567568e+03  2.149030e+03  3.285025e+03 
 1.571784e-01  8.248484e+02  1.529948e+03  2.100395e+03  3.217645e+03 
 1.593694e-01  8.038610e+02  1.494155e+03  2.054133e+03  3.153556e+03 
 1.615909e-01  7.847971e+02  1.462229e+03  2.013254e+03  3.097713e+03 
 1.638434e-01  7.674097e+02  1.433474e+03  1.976722e+03  3.048252e+03 
 1.661273e-01  7.515326e+02  1.407394e+03  1.943758e+03  3.003994e+03 
 1.684430e-01  7.337026e+02  1.374704e+03  1.899730e+03  2.939843e+03 
 1.707910e-01  7.170677e+02  1.343873e+03  1.858015e+03  2.878777e+03 
 1.731717e-01  7.025149e+02  1.317328e+03  1.822358e+03  2.826943e+03 
 1.755856e-01  6.915711e+02  1.299132e+03  1.798913e+03  2.793887e+03 
 1.780332e-01  6.817312e+02  1.282958e+03  1.778272e+03  2.765044e+03 
 1.805149e-01  6.707035e+02  1.262067e+03  1.748987e+03  2.718624e+03 
 1.830312e-01  6.590664e+02  1.238575e+03  1.714854e+03  2.662284e+03 
 1.855825e-01  6.477920e+02  1.216085e+03  1.682485e+03  2.609582e+03 
 1.881694e-01  6.370536e+02  1.196417e+03  1.656120e+03  2.571144e+03 
 1.907924e-01  6.260065e+02  1.176167e+03  1.628939e+03  2.531433e+03 
 1.934520e-01  6.137779e+02  1.153365e+03  1.598224e+03  2.487301e+03 
 1.961486e-01  6.006443e+02  1.128751e+03  1.565000e+03  2.439544e+03 
 1.988828e-01  5.880745e+02  1.106010e+03  1.534617e+03  2.395832e+03 
 2.016551e-01  5.766261e+02  1.086533e+03  1.509122e+03  2.359085e+03 
 2.044661e-01  5.641456e+02  1.064781e+03  1.480224e+03  2.316637e+03 
 2.073162e-01  5.498865e+02  1.038000e+03  1.443029e+03  2.259377e+03 
 2.102061e-01  5.351453e+02  1.010306e+03  1.404565e+03  2.200059e+03 
 2.131362e-01  5.245418e+02  9.952022e+02  1.386922e+03  2.177278e+03 
 2.161073e-01  5.140472e+02  9.803763e+02  1.369721e+03  2.155215e+03 
 2.191197e-01  5.003863e+02  9.570912e+02  1.339959e+03  2.115771e+03 
 2.221741e-01  4.864886e+02  9.327108e+02  1.308400e+03  2.073734e+03 
 2.252711e-01  4.740027e+02  9.115504e+02  1.281569e+03  2.038345e+03 
 2.284112e-01  4.626389e+02  8.926255e+02  1.257855e+03  2.007418e+03 
 2.315951e-01  4.527728e+02  8.754361e+02  1.234783e+03  1.972185e+03 
 2.348235e-01  4.441219e+02  8.601544e+02  1.213756e+03  1.938344e+03 
 2.380968e-01  4.340542e+02  8.407000e+02  1.186540e+03  1.896544e+03 
 2.414157e-01  4.242600e+02  8.214149e+02  1.159481e+03  1.855432e+03 
 2.447809e-01  4.145753e+02  8.028211e+02  1.133922e+03  1.816629e+03 
 2.481930e-01  4.054266e+02  7.853691e+02  1.110021e+03  1.780375e+03 
 2.516527e-01  4.001303e+02  7.766943e+02  1.098435e+03  1.762466e+03 
 2.551606e-01  3.937225e+02  7.653902e+02  1.083116e+03  1.739300e+03 
 2.587174e-01  3.837726e+02  7.457636e+02  1.056006e+03  1.699602e+03 
 2.623238e-01  3.753883e+02  7.304156e+02  1.035383e+03  1.669906e+03 
 2.659804e-01  3.686864e+02  7.196666e+02  1.021732e+03  1.650946e+03 
 2.696881e-01  3.595984e+02  7.032531e+02  9.996969e+02  1.617799e+03 
 2.734474e-01  3.496772e+02  6.849488e+02  9.749001e+02  1.580107e+03 
 2.772591e-01  3.422446e+02  6.730630e+02  9.603647e+02  1.562036e+03 
 2.811239e-01  3.342439e+02  6.594012e+02  9.432308e+02  1.541267e+03 
 2.850426e-01  3.257038e+02  6.438144e+02  9.233048e+02  1.518148e+03 
 2.890160e-01  3.180339e+02  6.309848e+02  9.068584e+02  1.494490e+03 
 2.930447e-01  3.109007e+02  6.187889e+02  8.904663e+02  1.468493e+03 
 2.971296e-01  3.041428e+02  6.054113e+02  8.702171e+02  1.433418e+03 
 3.012714e-01  2.980433e+02  5.949396e+02  8.562952e+02  1.412507e+03 
 3.054710e-01  2.921065e+02  5.851933e+02  8.442200e+02  1.396446e+03 
 3.097291e-01  2.850192e+02  5.723457e+02  8.275598e+02  1.374266e+03 
 3.140465e-01  2.786653e+02  5.595134e+02  8.089591e+02  1.343301e+03 
 3.184242e-01  2.731045e+02  5.484029e+02  7.927673e+02  1.316047e+03 
 3.228628e-01  2.688247e+02  5.415583e+02  7.843875e+02  1.306288e+03 
 3.273634e-01  2.624927e+02  5.288895e+02  7.661814e+02  1.277063e+03 
 3.319266e-01  2.558972e+02  5.162356e+02  7.487834e+02  1.251023e+03 
 3.365535e-01  2.496327e+02  5.053123e+02  7.349561e+02  1.233017e+03 
 3.412449e-01  2.453641e+02  4.997752e+02  7.283142e+02  1.222043e+03 
 3.460016e-01  2.405482e+02  4.920068e+02  7.182837e+02  1.207759e+03 
 3.508247e-01  2.357400e+02  4.834922e+02  7.069300e+02  1.191227e+03 
 3.557150e-01  2.310447e+02  4.748126e+02  6.951953e+02  1.173430e+03 
 3.606735e-01  2.256716e+02  4.652757e+02  6.826512e+02  1.155477e+03 
 3.657011e-01  2.192004e+02  4.531140e+02  6.661293e+02  1.132732e+03 
 3.707988e-01  2.140810e+02  4.433973e+02  6.529232e+02  1.113041e+03 
 3.759675e-01  2.094818e+02  4.346900e+02  6.410143e+02  1.095266e+03 
 3.812083e-01  2.047641e+02  4.262103e+02  6.295564e+02  1.078701e+03 
 3.865221e-01  2.007845e+02  4.203629e+02  6.225363e+02  1.066129e+03 
 3.919100e-01  1.967886e+02  4.110578e+02  6.084968e+02  1.047656e+03 
 3.973730e-01  1.921948e+02  4.036842e+02  5.993610e+02  1.032945e+03 
 4.029122e-01  1.885846e+02  3.980812e+02  5.914957e+02  1.018034e+03 
 4.085286e-01  1.848293e+02  3.900288e+02  5.800441e+02  1.001777e+03 
 4.142232e-01  1.802042e+02  3.807146e+02  5.679091e+02  9.870784e+02 
 4.199973e-01  1.757237e+02  3.731066e+02  5.582987e+02  9.728069e+02 
 4.258518e-01  1.721542e+02  3.664450e+02  5.487118e+02  9.557840e+02 
 4.317880e-01  1.683722e+02  3.589368e+02  5.376121e+02  9.390056e+02 
 4.378069e-01  1.651029e+02  3.525433e+02  5.285588e+02  9.238344e+02 
 4.439097e-01  1.624142e+02  3.484180e+02  5.236918e+02  9.199214e+02 
 4.500975e-01  1.581150e+02  3.404539e+02  5.127365e+02  9.035467e+02 
 4.563716e-01  1.545111e+02  3.331244e+02  5.020252e+02  8.840330e+02 
 4.627332e-01  1.522489e+02  3.300983e+02  4.989151e+02  8.813266e+02 
 4.691835e-01  1.484797e+02  3.225992e+02  4.879767e+02  8.625708e+02 
 4.757236e-01  1.457272e+02  3.173610e+02  4.809719e+02  8.520787e+02 
 4.823549e-01  1.419758e+02  3.096697e+02  4.703023e+02  8.382470e+02 
 4.890787e-01  1.390214e+02  3.039849e+02  4.625138e+02  8.256962e+02 
 4.958962e-01  1.368092e+02  2.996630e+02  4.557138e+02  8.130494e+02 
 5.028087e-01  1.338480e+02  2.945116e+02  4.487375e+02  8.029246e+02 
 5.098176e-01  1.314355e+02  2.901141e+02  4.421696e+02  7.895434e+02 
 5.169242e-01  1.292546e+02  2.860414e+02  4.368106e+02  7.823720e+02 
 5.241298e-01  1.251447e+02  2.791035e+02  4.283409e+02  7.721519e+02 
 5.314359e-01  1.230168e+02  2.757710e+02  4.236979e+02  7.647345e+02 
 5.388438e-01  1.205256e+02  2.702075e+02  4.153959e+02  7.522866e+02 
 5.463550e-01  1.184503e+02  2.660717e+02  4.091479e+02  7.419495e+02 
 5.539709e-01  1.153817e+02  2.608071e+02  4.023956e+02  7.310342e+02 
 5.616930e-01  1.133902e+02  2.569071e+02  3.968276e+02  7.224118e+02 
 5.695227e-01  1.111936e+02  2.534334e+02  3.924674e+02  7.124990e+02 
 5.774615e-01  1.087180e+02  2.477113e+02  3.840938e+02  7.008314e+02 
 5.855110e-01  1.068253e+02  2.441069e+02  3.783653e+02  6.914543e+02 
 5.936727e-01  1.044340e+02  2.386004e+02  3.709765e+02  6.802972e+02 
 6.019482e-01  1.027565e+02  2.360786e+02  3.666596e+02  6.723479e+02 
 6.103390e-01  1.003903e+02  2.320766e+02  3.613216e+02  6.624761e+02 
 6.188468e-01  9.818089e+01  2.285852e+02  3.584395e+02  6.601202e+02 
 6.274732e-01  9.662405e+01  2.245426e+02  3.514825e+02  6.491573e+02 
 6.362198e-01  9.475662e+01  2.211593e+02  3.462398e+02  6.389096e+02 
 6.450884e-01  9.259555e+01  2.173772e+02  3.410521e+02  6.297704e+02 
 6.540806e-01  9.071742e+01  2.129008e+02  3.342964e+02  6.203618e+02 
 6.631981e-01  8.878575e+01  2.100648e+02  3.312310e+02  6.141160e+02 
 6.724427e-01  8.715752e+01  2.064896e+02  3.263653e+02  6.084418e+02 
 6.818162e-01  8.535846e+01  2.028920e+02  3.198571e+02  5.966532e+02 
 6.913204e-01  8.358284e+01  1.993853e+02  3.153750e+02  5.887594e+02 
 7.009570e-01  8.243626e+01  1.965578e+02  3.112575e+02  5.813073e+02 
 7.107280e-01  8.039182e+01  1.933606e+02  3.066277e+02  5.723238e+02 
 7.206351e-01  7.920069e+01  1.905782e+02  3.029320e+02  5.678267e+02 
 7.306804e-01  7.764419e+01  1.877507e+02  2.982109e+02  5.579986e+02 
 7.408657e-01  7.596859e+01  1.841981e+02  2.930787e+02  5.508928e+02 
 7.511929e-01  7.440196e+01  1.810126e+02  2.889825e+02  5.435122e+02 
 7.616642e-01  7.298840e+01  1.779166e+02  2.846431e+02  5.368472e+02 
 7.722814e-01  7.207193e+01  1.761008e+02  2.813626e+02  5.288254e+02 
 7.830465e-01  7.059117e+01  1.728961e+02  2.769176e+02  5.219234e+02 
 7.939618e-01  6.931538e+01  1.706966e+02  2.733954e+02  5.173255e+02 
 8.050292e-01  6.782950e+01  1.677272e+02  2.698539e+02  5.104212e+02 
 8.162509e-01  6.670969e+01  1.653088e+02  2.652723e+02  5.017236e+02 
 8.276289e-01  6.512148e+01  1.622059e+02  2.613034e+02  4.954871e+02 
 8.391656e-01  6.436633e+01  1.603766e+02  2.578595e+02  4.904888e+02 
 8.508632e-01  6.320542e+01  1.576979e+02  2.543848e+02  4.837635e+02 
 8.627237e-01  6.187076e+01  1.553275e+02  2.507037e+02  4.762211e+02 
 8.747496e-01  6.076582e+01  1.528439e+02  2.471417e+02  4.700972e+02 
 8.869432e-01  5.974355e+01  1.506905e+02  2.438162e+02  4.638221e+02 
 8.993067e-01  5.859341e+01  1.483728e+02  2.402397e+02  4.573817e+02 
 9.118425e-01  5.767958e+01  1.459313e+02  2.363138e+02  4.493541e+02 
 9.245531e-01  5.646125e+01  1.435241e+02  2.326923e+02  4.445547e+02 
 9.374409e-01  5.543195e+01  1.414472e+02  2.298258e+02  4.385380e+02 
 9.505083e-01  5.454269e+01  1.393263e+02  2.265706e+02  4.323162e+02 
 9.637579e-01  5.340441e+01  1.366941e+02  2.227210e+02  4.263257e+02 
 9.771921e-01  5.276540e+01  1.358975e+02  2.205048e+02  4.204747e+02 
 9.908137e-01  5.177578e+01  1.334797e+02  2.171929e+02  4.152745e+02 
 1.004625e+00  5.081184e+01  1.310753e+02  2.134651e+02  4.081005e+02 
 1.018629e+00  4.997152e+01  1.293223e+02  2.105523e+02  4.022931e+02 
 1.032828e+00  4.906178e+01  1.273931e+02  2.079393e+02  3.983281e+02 
 1.047225e+00  4.815653e+01  1.256282e+02  2.046596e+02  3.915120e+02 
 1.061823e+00  4.743648e+01  1.239610e+02  2.018815e+02  3.856439e+02 
 1.076624e+00  4.657909e+01  1.220311e+02  1.989036e+02  3.798887e+02 
 1.091632e+00  4.579187e+01  1.201919e+02  1.961127e+02  3.741292e+02 
 1.106848e+00  4.494888e+01  1.181689e+02  1.932301e+02  3.690379e+02 
 1.122277e+00  4.418881e+01  1.165377e+02  1.901665e+02  3.630747e+02 
 1.137921e+00  4.341352e+01  1.146221e+02  1.873469e+02  3.576506e+02 
 1.153783e+00  4.274917e+01  1.128733e+02  1.845283e+02  3.525855e+02 
 1.169866e+00  4.197800e+01  1.112123e+02  1.817229e+02  3.474592e+02 
 1.186174e+00  4.123793e+01  1.096442e+02  1.791240e+02  3.419348e+02 
 1.202708e+00  4.060157e+01  1.079732e+02  1.764289e+02  3.365522e+02 
 1.219473e+00  3.992480e+01  1.064110e+02  1.738896e+02  3.310320e+02 
 1.236472e+00  3.923398e+01  1.048454e+02  1.714151e+02  3.260792e+02 
 1.253708e+00  3.861015e+01  1.031817e+02  1.687120e+02  3.213840e+02 
 1.271184e+00  3.797430e+01  1.020471e+02  1.665514e+02  3.160989e+02 
 1.288904e+00  3.734578e+01  1.001158e+02  1.637098e+02  3.116548e+02 
 1.306870e+00  3.667549e+01  9.861721e+01  1.612130e+02  3.064362e+02 
 1.325087e+00  3.613044e+01  9.718274e+01  1.587580e+02  3.012316e+02 
 1.343558e+00  3.553703e+01  9.567346e+01  1.562652e+02  2.963008e+02 
 1.362287e+00  3.500016e+01  9.414701e+01  1.536295e+02  2.915689e+02 
 1.381276e+00  3.442023e+01  9.269767e+01  1.510371e+02  2.868103e+02 
 1.400531e+00  3.386826e+01  9.128309e+01  1.487264e+02  2.815930e+02 
 1.420053e+00  3.328417e+01  8.979946e+01  1.464132e+02  2.768076e+02 
 1.439848e+00  3.275795e+01  8.845357e+01  1.439031e+02  2.722287e+02 
 1.459919e+00  3.217536e+01  8.701755e+01  1.415370e+02  2.672286e+02 
 1.480269e+00  3.171790e+01  8.552307e+01  1.391256e+02  2.621878e+02 
 1.500903e+00  3.118572e+01  8.419025e+01  1.367563e+02  2.581469e+02 
 1.521825e+00  3.067554e+01  8.297548e+01  1.346150e+02  2.533962e+02 
 1.543038e+00  3.016267e+01  8.161292e+01  1.324768e+02  2.491139e+02 
 1.564548e+00  2.971986e+01  8.029559e+01  1.301797e+02  2.445173e+02 
 1.586357e+00  2.924462e+01  7.909306e+01  1.280304e+02  2.400436e+02 
 1.608469e+00  2.875381e+01  7.785586e+01  1.258879e+02  2.359878e+02 
 1.630891e+00  2.837737e+01  7.645718e+01  1.235590e+02  2.313459e+02 
 1.653624e+00  2.788176e+01  7.520220e+01  1.215670e+02  2.274377e+02 
 1.676675e+00  2.744058e+01  7.410815e+01  1.195109e+02  2.229921e+02 
 1.700047e+00  2.698400e+01  7.286159e+01  1.173774e+02  2.188502e+02 
 1.723745e+00  2.655471e+01  7.162414e+01  1.152486e+02  2.143997e+02 
 1.747773e+00  2.610527e+01  7.038120e+01  1.131546e+02  2.103101e+02 
 1.772136e+00  2.569251e+01  6.916577e+01  1.110641e+02  2.064418e+02 
 1.796838e+00  2.528984e+01  6.798308e+01  1.090843e+02  2.023248e+02 
 1.821885e+00  2.489005e+01  6.679447e+01  1.070301e+02  1.983961e+02 
 1.847281e+00  2.450063e+01  6.574853e+01  1.051323e+02  1.944961e+02 
 1.873032e+00  2.410497e+01  6.450654e+01  1.030356e+02  1.907198e+02 
 1.899141e+00  2.369986e+01  6.335424e+01  1.011630e+02  1.869356e+02 
 1.925614e+00  2.333426e+01  6.227789e+01  9.928371e+01  1.831139e+02 
 1.952456e+00  2.302413e+01  6.122914e+01  9.741036e+01  1.793913e+02 
 1.979672e+00  2.260593e+01  6.018092e+01  9.558978e+01  1.758096e+02 
 2.007267e+00  2.227616e+01  5.907048e+01  9.363559e+01  1.723536e+02 
 2.035248e+00  2.188418e+01  5.798285e+01  9.180567e+01  1.687314e+02 
 2.063618e+00  2.153280e+01  5.691018e+01  9.005825e+01  1.651771e+02 
 2.092383e+00  2.118702e+01  5.587393e+01  8.823839e+01  1.617803e+02 
 2.121550e+00  2.083177e+01  5.480941e+01  8.646821e+01  1.582707e+02 
 2.151123e+00  2.049710e+01  5.378484e+01  8.468601e+01  1.548611e+02 
 2.181109e+00  2.015535e+01  5.275291e+01  8.299361e+01  1.516163e+02 
 2.211512e+00  1.982159e+01  5.171298e+01  8.124016e+01  1.481786e+02 
 2.242340e+00  1.949947e+01  5.074531e+01  7.957122e+01  1.450070e+02 
 2.273597e+00  1.915288e+01  4.974565e+01  7.783664e+01  1.418243e+02 
 2.305289e+00  1.885691e+01  4.877605e+01  7.624538e+01  1.387325e+02 
 2.337424e+00  1.853551e+01  4.779815e+01  7.459985e+01  1.356960e+02 
 2.370006e+00  1.822429e+01  4.685659e+01  7.305930e+01  1.327694e+02 
 2.403043e+00  1.790756e+01  4.592529e+01  7.146193e+01  1.297672e+02 
 2.436540e+00  1.761737e+01  4.502100e+01  6.993862e+01  1.268746e+02 
 2.470504e+00  1.731892e+01  4.413128e+01  6.841346e+01  1.240219e+02 
 2.504942e+00  1.702500e+01  4.325748e+01  6.695218e+01  1.212618e+02 
 2.539859e+00  1.674637e+01  4.236577e+01  6.546994e+01  1.184993e+02 
 2.575263e+00  1.644679e+01  4.148848e+01  6.407738e+01  1.158361e+02 
 2.611161e+00  1.617227e+01  4.061754e+01  6.260574e+01  1.131876e+02 
 2.647559e+00  1.589050e+01  3.975529e+01  6.117666e+01  1.105346e+02 
 2.684465e+00  1.561445e+01  3.893484e+01  5.977771e+01  1.079579e+02 
 2.721885e+00  1.532606e+01  3.807298e+01  5.842627e+01  1.054147e+02 
 2.759826e+00  1.505370e+01  3.723081e+01  5.706817e+01  1.029368e+02 
 2.798297e+00  1.478235e+01  3.644089e+01  5.575344e+01  1.005569e+02 
 2.837304e+00  1.451673e+01  3.563541e+01  5.445873e+01  9.814823e+01 
 2.876854e+00  1.425272e+01  3.484451e+01  5.317740e+01  9.582530e+01 
 2.916956e+00  1.399493e+01  3.408314e+01  5.192874e+01  9.353418e+01 
 2.957617e+00  1.374482e+01  3.333948e+01  5.072475e+01  9.132011e+01 
 2.998844e+00  1.349173e+01  3.260283e+01  4.952449e+01  8.912916e+01 
 3.040646e+00  1.324555e+01  3.187072e+01  4.836243e+01  8.705627e+01 
 3.083031e+00  1.300215e+01  3.115682e+01  4.722058e+01  8.497974e+01 
 3.126007e+00  1.276900e+01  3.046250e+01  4.609900e+01  8.293579e+01 
 3.169582e+00  1.252849e+01  2.975711e+01  4.499227e+01  8.094912e+01 
 3.213764e+00  1.229392e+01  2.907963e+01  4.390636e+01  7.899267e+01 
 3.258562e+00  1.205628e+01  2.841790e+01  4.283695e+01  7.706767e+01 
 3.303985e+00  1.182388e+01  2.774347e+01  4.179749e+01  7.518353e+01 
 3.350041e+00  1.159698e+01  2.708297e+01  4.074928e+01  7.331717e+01 
 3.396739e+00  1.136438e+01  2.644486e+01  3.975086e+01  7.149244e+01 
 3.444087e+00  1.114474e+01  2.580375e+01  3.875310e+01  6.970918e+01 
 3.492096e+00  1.092426e+01  2.519217e+01  3.779268e+01  6.799127e+01 
 3.540774e+00  1.070431e+01  2.459370e+01  3.685571e+01  6.630067e+01 
 3.590130e+00  1.049138e+01  2.399489e+01  3.592503e+01  6.466000e+01 
 3.640175e+00  1.028527e+01  2.341642e+01  3.503613e+01  6.303952e+01 
 3.690917e+00  1.007448e+01  2.285889e+01  3.415116e+01  6.147563e+01 
 3.742366e+00  9.870924e+00  2.229634e+01  3.329990e+01  5.996637e+01 
 3.794533e+00  9.674378e+00  2.176455e+01  3.246910e+01  5.846961e+01 
 3.847427e+00  9.478496e+00  2.122903e+01  3.165801e+01  5.703055e+01 
 3.901058e+00  9.280477e+00  2.071736e+01  3.086790e+01  5.560554e+01 
 3.955436e+00  9.093767e+00  2.020851e+01  3.007892e+01  5.421252e+01 
 4.010573e+00  8.901641e+00  1.970686e+01  2.932207e+01  5.285694e+01 
 4.066478e+00  8.713935e+00  1.921490e+01  2.856807e+01  5.151184e+01 
 4.123163e+00  8.527571e+00  1.873556e+01  2.783369e+01  5.019986e+01 
 4.180637e+00  8.345488e+00  1.826508e+01  2.711547e+01  4.890912e+01 
 4.238913e+00  8.164591e+00  1.779897e+01  2.641185e+01  4.766447e+01 
 4.298001e+00  7.983862e+00  1.734779e+01  2.572804e+01  4.643569e+01 
 4.357913e+00  7.814270e+00  1.690708e+01  2.506619e+01  4.525350e+01 
 4.418660e+00  7.640876e+00  1.647908e+01  2.441324e+01  4.409975e+01 
 4.480254e+00  7.471944e+00  1.605846e+01  2.378146e+01  4.296853e+01 
 4.542706e+00  7.308482e+00  1.564746e+01  2.316335e+01  4.186527e+01 
 4.606029e+00  7.147115e+00  1.525398e+01  2.256868e+01  4.080443e+01 
 4.670234e+00  6.988738e+00  1.486731e+01  2.199040e+01  3.977056e+01 
 4.735335e+00  6.834253e+00  1.449125e+01  2.142336e+01  3.875616e+01 
 4.801343e+00  6.684488e+00  1.412610e+01  2.087502e+01  3.776406e+01 
 4.868271e+00  6.535353e+00  1.376725e+01  2.033616e+01  3.680252e+01 
 4.936132e+00  6.388280e+00  1.341547e+01  1.981213e+01  3.586019e+01 
 5.004939e+00  6.243387e+00  1.307272e+01  1.929725e+01  3.493816e+01 
 5.074705e+00  6.099981e+00  1.273426e+01  1.879227e+01  3.403332e+01 
 5.145444e+00  5.959497e+00  1.240566e+01  1.830065e+01  3.315207e+01 
 5.217169e+00  5.820627e+00  1.208204e+01  1.781737e+01  3.228114e+01 
 5.289893e+00  5.686398e+00  1.176876e+01  1.735270e+01  3.144056e+01 
 5.363631e+00  5.552219e+00  1.146245e+01  1.689251e+01  3.061953e+01 
 5.438397e+00  5.422876e+00  1.116368e+01  1.644870e+01  2.981679e+01 
 5.514206e+00  5.295533e+00  1.087360e+01  1.601720e+01  2.903919e+01 
 5.591071e+00  5.170123e+00  1.059266e+01  1.559675e+01  2.828418e+01 
 5.669007e+00  5.050061e+00  1.031766e+01  1.519054e+01  2.754800e+01 
 5.748030e+00  4.931751e+00  1.005270e+01  1.479355e+01  2.683131e+01 
 5.828155e+00  4.816379e+00  9.794453e+00  1.441011e+01  2.613558e+01 
 5.909396e+00  4.703656e+00  9.542899e+00  1.403676e+01  2.546226e+01 
 5.991770e+00  4.593235e+00  9.297746e+00  1.367227e+01  2.480412e+01 
 6.075292e+00  4.485801e+00  9.060520e+00  1.331866e+01  2.416264e+01 
 6.159978e+00  4.379763e+00  8.828038e+00  1.297357e+01  2.353550e+01 
 6.245845e+00  4.275707e+00  8.600380e+00  1.263547e+01  2.292009e+01 
 6.332908e+00  4.173045e+00  8.376209e+00  1.230293e+01  2.231703e+01 
 6.421186e+00  4.073212e+00  8.158533e+00  1.197850e+01  2.172744e+01 
 6.510694e+00  3.974448e+00  7.945499e+00  1.166339e+01  2.115287e+01 
 6.601449e+00  3.878620e+00  7.738605e+00  1.135560e+01  2.059333e+01 
 6.693470e+00  3.784501e+00  7.535816e+00  1.105472e+01  2.004684e+01 
 6.786773e+00  3.692604e+00  7.339799e+00  1.076295e+01  1.951576e+01 
 6.881377e+00  3.603726e+00  7.149182e+00  1.047956e+01  1.899697e+01 
 6.977300e+00  3.516943e+00  6.964378e+00  1.020524e+01  1.849549e+01 
 7.074559e+00  3.432548e+00  6.784063e+00  9.937175e+00  1.800696e+01 
 7.173175e+00  3.350016e+00  6.609824e+00  9.678281e+00  1.753353e+01 
 7.273165e+00  3.270093e+00  6.440757e+00  9.427498e+00  1.707265e+01 
 7.374549e+00  3.192198e+00  6.276010e+00  9.181939e+00  1.662599e+01 
 7.477346e+00  3.116026e+00  6.116666e+00  8.945425e+00  1.619061e+01 
 7.581576e+00  3.042219e+00  5.960332e+00  8.713434e+00  1.576630e+01 
 7.687260e+00  2.969628e+00  5.808298e+00  8.487186e+00  1.535243e+01 
 7.794416e+00  2.898479e+00  5.659151e+00  8.264849e+00  1.494639e+01 
 7.903066e+00  2.828689e+00  5.513074e+00  8.047580e+00  1.454776e+01 
 8.013230e+00  2.760379e+00  5.371020e+00  7.836910e+00  1.415981e+01 
 8.124930e+00  2.693438e+00  5.232055e+00  7.630079e+00  1.377984e+01 
 8.238187e+00  2.628320e+00  5.096159e+00  7.428145e+00  1.341046e+01 
 8.353023e+00  2.564668e+00  4.964336e+00  7.232397e+00  1.305011e+01 
 8.469460e+00  2.502893e+00  4.836265e+00  7.041700e+00  1.269984e+01 
 8.587519e+00  2.442681e+00  4.711586e+00  6.856399e+00  1.235945e+01 
 8.707225e+00  2.384173e+00  4.590296e+00  6.676488e+00  1.202909e+01 
 8.828599e+00  2.327377e+00  4.473235e+00  6.501917e+00  1.170732e+01 
 8.951665e+00  2.272109e+00  4.359371e+00  6.332411e+00  1.139576e+01 
 9.076446e+00  2.218496e+00  4.248961e+00  6.168451e+00  1.109373e+01 
 9.202967e+00  2.166399e+00  4.141667e+00  6.008980e+00  1.079966e+01 
 9.331251e+00  2.115683e+00  4.037209e+00  5.853572e+00  1.051381e+01 
 9.461324e+00  0.000000e+00  0.000000e+00  0.000000e+00  0.000000e+00 
 9.593209e+00  0.000000e+00  0.000000e+00  0.000000e+00  0.000000e+00 
 9.726934e+00  0.000000e+00  0.000000e+00  0.000000e+00  0.000000e+00 
 9.862522e+00  0.000000e+00  0.000000e+00  0.000000e+00  0.000000e+00 
 1.000000e+01  0.000000e+00  0.000000e+00  0.000000e+00  0.000000e+00 
