 1.000000e-02  5.337183e+03  9.517337e+03  1.272726e+04  1.875379e+04 
 1.013939e-02  5.364402e+03  9.565702e+03  1.279180e+04  1.884858e+04 
 1.028073e-02  5.391065e+03  9.613075e+03  1.285500e+04  1.894145e+04 
 1.042404e-02  5.417233e+03  9.659570e+03  1.291702e+04  1.903251e+04 
 1.056935e-02  5.443011e+03  9.705340e+03  1.297813e+04  1.912211e+04 
 1.071668e-02  5.468337e+03  9.750303e+03  1.303807e+04  1.921009e+04 
 1.086606e-02  5.493117e+03  9.794311e+03  1.309671e+04  1.929615e+04 
 1.101753e-02  5.517280e+03  9.837191e+03  1.315390e+04  1.938005e+04 
 1.117111e-02  5.540652e+03  9.878676e+03  1.320924e+04  1.946124e+04 
 1.132683e-02  5.563270e+03  9.918815e+03  1.326277e+04  1.953978e+04 
 1.148472e-02  5.585267e+03  9.957853e+03  1.331482e+04  1.961605e+04 
 1.164481e-02  5.606635e+03  9.995747e+03  1.336533e+04  1.969005e+04 
 1.180713e-02  5.627306e+03  1.003240e+04  1.341412e+04  1.976162e+04 
 1.197171e-02  5.647257e+03  1.006775e+04  1.346118e+04  1.983068e+04 
 1.213859e-02  5.666473e+03  1.010180e+04  1.350649e+04  1.989718e+04 
 1.230780e-02  5.684915e+03  1.013446e+04  1.354999e+04  1.996095e+04 
 1.247936e-02  5.702558e+03  1.016570e+04  1.359165e+04  2.002189e+04 
 1.265332e-02  5.719426e+03  1.019556e+04  1.363141e+04  2.008002e+04 
 1.282970e-02  5.735494e+03  1.022401e+04  1.366923e+04  2.013536e+04 
 1.300854e-02  5.750737e+03  1.025094e+04  1.370512e+04  2.018777e+04 
 1.318987e-02  5.765109e+03  1.027631e+04  1.373893e+04  2.023713e+04 
 1.337373e-02  5.778544e+03  1.030003e+04  1.377049e+04  2.028324e+04 
 1.356015e-02  5.790946e+03  1.032191e+04  1.379958e+04  2.032573e+04 
 1.374917e-02  5.802365e+03  1.034204e+04  1.382627e+04  2.036471e+04 
 1.394083e-02  5.812940e+03  1.036066e+04  1.385093e+04  2.040069e+04 
 1.413516e-02  5.822638e+03  1.037770e+04  1.387350e+04  2.043356e+04 
 1.433219e-02  5.831371e+03  1.039301e+04  1.389375e+04  2.046301e+04 
 1.453198e-02  5.839105e+03  1.040652e+04  1.391166e+04  2.048897e+04 
 1.473454e-02  5.845785e+03  1.041816e+04  1.392710e+04  2.051120e+04 
 1.493993e-02  5.851396e+03  1.042792e+04  1.393995e+04  2.052975e+04 
 1.514819e-02  5.855934e+03  1.043580e+04  1.395028e+04  2.054473e+04 
 1.535935e-02  5.859397e+03  1.044175e+04  1.395805e+04  2.055590e+04 
 1.557345e-02  5.861761e+03  1.044571e+04  1.396318e+04  2.056319e+04 
 1.579053e-02  5.862987e+03  1.044766e+04  1.396560e+04  2.056649e+04 
 1.601064e-02  5.863057e+03  1.044754e+04  1.396527e+04  2.056567e+04 
 1.623382e-02  5.861975e+03  1.044537e+04  1.396219e+04  2.056077e+04 
 1.646012e-02  5.859754e+03  1.044118e+04  1.395640e+04  2.055194e+04 
 1.668956e-02  5.856358e+03  1.043490e+04  1.394783e+04  2.053903e+04 
 1.692220e-02  5.851734e+03  1.042641e+04  1.393631e+04  2.052174e+04 
 1.715809e-02  5.845816e+03  1.041564e+04  1.392172e+04  2.049985e+04 
 1.739726e-02  5.838619e+03  1.040258e+04  1.390408e+04  2.047347e+04 
 1.763977e-02  5.830175e+03  1.038728e+04  1.388347e+04  2.044285e+04 
 1.788566e-02  5.820471e+03  1.036973e+04  1.385982e+04  2.040790e+04 
 1.813498e-02  5.809462e+03  1.034987e+04  1.383310e+04  2.036834e+04 
 1.838777e-02  5.797134e+03  1.032765e+04  1.380324e+04  2.032405e+04 
 1.864409e-02  5.783477e+03  1.030307e+04  1.377021e+04  2.027505e+04 
 1.890397e-02  5.768503e+03  1.027614e+04  1.373404e+04  2.022141e+04 
 1.916748e-02  5.752199e+03  1.024683e+04  1.369469e+04  2.016318e+04 
 1.943467e-02  5.734520e+03  1.021508e+04  1.365209e+04  2.010026e+04 
 1.970558e-02  5.715483e+03  1.018091e+04  1.360624e+04  2.003263e+04 
 1.998026e-02  5.695081e+03  1.014433e+04  1.355717e+04  1.996018e+04 
 2.025878e-02  5.673325e+03  1.010530e+04  1.350485e+04  1.988274e+04 
 2.054117e-02  5.650202e+03  1.006386e+04  1.344928e+04  1.980054e+04 
 2.082751e-02  5.625721e+03  1.001997e+04  1.339048e+04  1.971368e+04 
 2.111783e-02  5.599860e+03  9.973654e+03  1.332838e+04  1.962216e+04 
 2.141220e-02  5.572733e+03  9.925042e+03  1.326321e+04  1.952603e+04 
 2.171068e-02  5.544836e+03  9.874851e+03  1.319576e+04  1.942591e+04 
 2.201331e-02  5.515573e+03  9.822239e+03  1.312506e+04  1.932100e+04 
 2.232016e-02  5.484955e+03  9.767219e+03  1.305114e+04  1.921139e+04 
 2.263130e-02  5.452993e+03  9.709802e+03  1.297404e+04  1.909712e+04 
 2.294676e-02  5.419713e+03  9.650038e+03  1.289377e+04  1.897822e+04 
 2.326663e-02  5.385129e+03  9.587944e+03  1.281039e+04  1.885472e+04 
 2.359095e-02  5.349248e+03  9.523538e+03  1.272392e+04  1.872668e+04 
 2.391980e-02  5.312077e+03  9.456852e+03  1.263444e+04  1.859419e+04 
 2.425323e-02  5.273640e+03  9.387898e+03  1.254195e+04  1.845728e+04 
 2.459130e-02  5.233948e+03  9.316734e+03  1.244648e+04  1.831604e+04 
 2.493409e-02  5.193035e+03  9.243410e+03  1.234811e+04  1.817053e+04 
 2.528166e-02  5.150929e+03  9.167962e+03  1.224692e+04  1.802089e+04 
 2.563407e-02  5.107673e+03  9.090446e+03  1.214300e+04  1.786722e+04 
 2.599140e-02  5.063293e+03  9.010946e+03  1.203640e+04  1.770964e+04 
 2.635371e-02  5.017824e+03  8.929502e+03  1.192722e+04  1.754825e+04 
 2.672106e-02  4.971303e+03  8.846182e+03  1.181553e+04  1.738321e+04 
 2.709354e-02  4.923756e+03  8.761053e+03  1.170142e+04  1.721461e+04 
 2.747121e-02  4.875222e+03  8.674180e+03  1.158500e+04  1.704262e+04 
 2.785414e-02  4.825695e+03  8.585548e+03  1.146628e+04  1.686727e+04 
 2.824241e-02  4.774988e+03  8.494944e+03  1.134502e+04  1.668846e+04 
 2.863610e-02  4.723452e+03  8.402863e+03  1.122178e+04  1.650676e+04 
 2.903527e-02  4.671135e+03  8.309410e+03  1.109670e+04  1.632237e+04 
 2.944000e-02  4.618091e+03  8.214677e+03  1.096992e+04  1.613547e+04 
 2.985038e-02  4.564378e+03  8.118740e+03  1.084155e+04  1.594623e+04 
 3.026648e-02  4.510054e+03  8.021699e+03  1.071170e+04  1.575486e+04 
 3.068838e-02  4.455178e+03  7.923681e+03  1.058055e+04  1.556155e+04 
 3.111616e-02  4.399804e+03  7.824813e+03  1.044826e+04  1.536659e+04 
 3.154990e-02  4.344009e+03  7.725214e+03  1.031498e+04  1.517018e+04 
 3.198969e-02  4.287862e+03  7.624989e+03  1.018089e+04  1.497255e+04 
 3.243561e-02  4.231434e+03  7.524244e+03  1.004612e+04  1.477393e+04 
 3.288774e-02  4.174787e+03  7.423100e+03  9.910831e+03  1.457453e+04 
 3.334618e-02  4.117982e+03  7.321680e+03  9.775159e+03  1.437460e+04 
 3.381101e-02  4.061086e+03  7.220127e+03  9.639309e+03  1.417442e+04 
 3.428231e-02  4.004196e+03  7.118592e+03  9.503481e+03  1.397423e+04 
 3.476019e-02  3.947236e+03  7.017225e+03  9.368205e+03  1.377574e+04 
 3.524473e-02  3.890415e+03  6.916122e+03  9.233280e+03  1.357779e+04 
 3.573602e-02  3.833819e+03  6.815405e+03  9.098855e+03  1.338057e+04 
 3.623416e-02  3.777507e+03  6.715188e+03  8.965109e+03  1.318433e+04 
 3.673925e-02  3.721553e+03  6.615604e+03  8.832221e+03  1.298932e+04 
 3.725137e-02  3.666027e+03  6.516799e+03  8.700368e+03  1.279582e+04 
 3.777064e-02  3.611017e+03  6.418904e+03  8.569733e+03  1.260406e+04 
 3.829714e-02  3.556597e+03  6.322069e+03  8.440486e+03  1.241434e+04 
 3.883098e-02  3.502831e+03  6.226392e+03  8.312781e+03  1.222686e+04 
 3.937226e-02  3.449777e+03  6.131983e+03  8.186769e+03  1.204187e+04 
 3.992109e-02  3.397508e+03  6.038959e+03  8.062598e+03  1.185959e+04 
 4.047757e-02  3.346075e+03  5.947408e+03  7.940368e+03  1.168001e+04 
 4.104181e-02  3.295403e+03  5.856738e+03  7.818763e+03  1.149985e+04 
 4.161391e-02  3.245696e+03  5.767793e+03  7.699471e+03  1.132309e+04 
 4.219398e-02  3.197010e+03  5.680661e+03  7.582619e+03  1.114992e+04 
 4.278214e-02  3.149392e+03  5.595438e+03  7.468316e+03  1.098053e+04 
 4.337850e-02  3.102890e+03  5.512199e+03  7.356673e+03  1.081504e+04 
 4.398317e-02  3.057548e+03  5.431028e+03  7.247802e+03  1.065362e+04 
 4.459628e-02  3.013404e+03  5.351986e+03  7.141774e+03  1.049640e+04 
 4.521792e-02  2.970488e+03  5.275131e+03  7.038680e+03  1.034347e+04 
 4.584824e-02  2.928821e+03  5.200506e+03  6.938565e+03  1.019494e+04 
 4.648734e-02  2.888427e+03  5.128171e+03  6.841480e+03  1.005088e+04 
 4.713535e-02  2.849396e+03  5.058903e+03  6.749145e+03  9.915534e+03 
 4.779239e-02  2.811712e+03  4.992398e+03  6.660893e+03  9.787245e+03 
 4.845859e-02  2.775331e+03  4.928184e+03  6.575716e+03  9.663450e+03 
 4.913407e-02  2.740245e+03  4.866281e+03  6.493605e+03  9.544125e+03 
 4.981898e-02  2.706438e+03  4.806667e+03  6.414544e+03  9.429267e+03 
 5.051342e-02  2.673901e+03  4.749306e+03  6.338469e+03  9.318775e+03 
 5.121755e-02  2.642616e+03  4.694142e+03  6.265340e+03  9.212595e+03 
 5.193150e-02  2.612545e+03  4.641111e+03  6.195067e+03  9.110599e+03 
 5.265540e-02  2.583627e+03  4.590145e+03  6.127545e+03  9.012635e+03 
 5.338938e-02  2.555624e+03  4.540432e+03  6.061279e+03  8.915478e+03 
 5.413360e-02  2.528447e+03  4.491749e+03  5.995913e+03  8.818382e+03 
 5.488820e-02  2.502289e+03  4.444871e+03  5.932963e+03  8.724875e+03 
 5.565331e-02  2.477045e+03  4.399620e+03  5.872192e+03  8.634568e+03 
 5.642908e-02  2.452581e+03  4.355766e+03  5.813288e+03  8.547029e+03 
 5.721568e-02  2.428856e+03  4.313245e+03  5.756156e+03  8.462118e+03 
 5.801323e-02  2.405976e+03  4.272220e+03  5.701029e+03  8.380171e+03 
 5.882190e-02  2.383988e+03  4.232768e+03  5.648026e+03  8.301364e+03 
 5.964185e-02  2.362777e+03  4.194951e+03  5.597475e+03  8.226871e+03 
 6.047322e-02  2.342236e+03  4.159036e+03  5.550189e+03  8.159132e+03 
 6.131619e-02  2.321615e+03  4.122994e+03  5.502735e+03  8.091137e+03 
 6.217090e-02  2.300780e+03  4.086581e+03  5.454769e+03  8.022394e+03 
 6.303753e-02  2.279753e+03  4.049820e+03  5.406327e+03  7.952956e+03 
 6.391624e-02  2.258554e+03  4.012749e+03  5.357455e+03  7.882905e+03 
 6.480720e-02  2.237119e+03  3.975234e+03  5.307990e+03  7.811974e+03 
 6.571058e-02  2.215276e+03  3.936981e+03  5.257538e+03  7.739589e+03 
 6.662655e-02  2.191819e+03  3.894260e+03  5.199434e+03  7.651305e+03 
 6.755528e-02  2.167597e+03  3.850129e+03  5.139411e+03  7.560058e+03 
 6.849697e-02  2.142541e+03  3.804531e+03  5.077432e+03  7.465940e+03 
 6.945178e-02  2.116556e+03  3.757290e+03  5.013255e+03  7.368606e+03 
 7.041990e-02  2.089554e+03  3.708235e+03  4.946655e+03  7.267738e+03 
 7.140151e-02  2.061447e+03  3.657215e+03  4.877442e+03  7.163054e+03 
 7.239681e-02  2.032406e+03  3.604782e+03  4.806640e+03  7.056964e+03 
 7.340598e-02  2.002431e+03  3.550973e+03  4.734356e+03  6.949794e+03 
 7.442922e-02  1.971175e+03  3.494885e+03  4.659033e+03  6.838133e+03 
 7.546673e-02  1.938619e+03  3.436489e+03  4.580625e+03  6.721907e+03 
 7.651869e-02  1.904770e+03  3.375800e+03  4.499148e+03  6.601169e+03 
 7.758532e-02  1.869651e+03  3.312852e+03  4.414648e+03  6.476014e+03 
 7.866682e-02  1.834037e+03  3.249966e+03  4.331154e+03  6.354691e+03 
 7.976339e-02  1.798443e+03  3.188632e+03  4.251238e+03  6.242391e+03 
 8.087525e-02  1.761737e+03  3.125251e+03  4.168545e+03  6.125810e+03 
 8.200261e-02  1.724037e+03  3.060028e+03  4.083338e+03  6.005332e+03 
 8.314568e-02  1.685478e+03  2.993214e+03  3.995920e+03  5.881415e+03 
 8.430468e-02  1.646221e+03  2.925085e+03  3.906651e+03  5.754586e+03 
 8.547985e-02  1.605875e+03  2.854034e+03  3.812535e+03  5.618356e+03 
 8.667139e-02  1.564969e+03  2.781488e+03  3.715986e+03  5.477429e+03 
 8.787954e-02  1.523968e+03  2.708748e+03  3.619158e+03  5.336002e+03 
 8.910453e-02  1.483075e+03  2.636205e+03  3.522579e+03  5.194843e+03 
 9.034660e-02  1.442523e+03  2.564251e+03  3.426762e+03  5.054725e+03 
 9.160598e-02  1.403171e+03  2.495241e+03  3.335627e+03  4.923310e+03 
 9.288292e-02  1.365162e+03  2.429305e+03  3.249253e+03  4.800474e+03 
 9.417766e-02  1.328093e+03  2.364979e+03  3.164959e+03  4.680482e+03 
 9.549045e-02  1.292161e+03  2.302626e+03  3.083247e+03  4.564079e+03 
 9.682153e-02  1.257571e+03  2.242598e+03  3.004578e+03  4.451960e+03 
 9.817117e-02  1.224774e+03  2.186072e+03  2.930883e+03  4.347828e+03 
 9.953962e-02  1.193725e+03  2.132743e+03  2.861525e+03  4.250238e+03 
 1.009272e-01  1.164440e+03  2.082520e+03  2.796249e+03  4.158534e+03 
 1.023340e-01  1.137046e+03  2.035622e+03  2.735358e+03  4.073151e+03 
 1.037605e-01  1.111088e+03  1.990607e+03  2.676356e+03  3.989088e+03 
 1.052069e-01  1.085122e+03  1.943180e+03  2.611994e+03  3.892109e+03 
 1.066734e-01  1.061220e+03  1.899495e+03  2.552727e+03  3.802771e+03 
 1.081604e-01  1.039352e+03  1.859526e+03  2.498481e+03  3.720980e+03 
 1.096681e-01  1.019460e+03  1.823162e+03  2.449084e+03  3.646465e+03 
 1.111968e-01  1.001531e+03  1.790506e+03  2.404702e+03  3.579039e+03 
 1.127468e-01  9.853275e+02  1.760987e+03  2.364568e+03  3.517960e+03 
 1.143184e-01  9.706553e+02  1.734258e+03  2.328220e+03  3.462577e+03 
 1.159120e-01  9.573348e+02  1.709988e+03  2.295197e+03  3.412170e+03 
 1.175277e-01  9.456873e+02  1.689245e+03  2.267276e+03  3.370023e+03 
 1.191660e-01  9.349386e+02  1.670173e+03  2.241648e+03  3.331363e+03 
 1.208271e-01  9.247748e+02  1.652166e+03  2.217467e+03  3.294871e+03 
 1.225114e-01  9.148884e+02  1.634647e+03  2.193897e+03  3.259313e+03 
 1.242191e-01  9.045764e+02  1.616006e+03  2.168642e+03  3.221306e+03 
 1.259506e-01  8.939935e+02  1.596872e+03  2.142747e+03  3.182348e+03 
 1.277063e-01  8.828729e+02  1.576785e+03  2.115561e+03  3.141466e+03 
 1.294865e-01  8.712443e+02  1.555935e+03  2.087396e+03  3.098955e+03 
 1.312915e-01  8.589286e+02  1.534011e+03  2.057851e+03  3.054201e+03 
 1.331216e-01  8.454157e+02  1.509947e+03  2.025387e+03  3.005107e+03 
 1.349772e-01  8.306067e+02  1.483581e+03  1.989843e+03  2.951537e+03 
 1.368587e-01  8.154238e+02  1.458060e+03  1.957191e+03  2.907159e+03 
 1.387665e-01  7.988040e+02  1.429877e+03  1.920885e+03  2.857280e+03 
 1.407008e-01  7.808141e+02  1.399165e+03  1.881100e+03  2.802026e+03 
 1.426621e-01  7.624743e+02  1.368305e+03  1.841216e+03  2.746080e+03 
 1.446507e-01  7.432930e+02  1.335990e+03  1.799316e+03  2.686945e+03 
 1.466671e-01  7.232129e+02  1.301908e+03  1.754969e+03  2.623971e+03 
 1.487115e-01  7.010344e+02  1.262591e+03  1.702631e+03  2.547676e+03 
 1.507845e-01  6.776178e+02  1.220104e+03  1.645352e+03  2.463123e+03 
 1.528864e-01  6.543465e+02  1.177866e+03  1.588432e+03  2.379022e+03 
 1.550175e-01  6.331665e+02  1.141076e+03  1.540164e+03  2.310453e+03 
 1.571784e-01  6.138153e+02  1.108678e+03  1.498655e+03  2.253644e+03 
 1.593694e-01  5.953939e+02  1.077809e+03  1.459109e+03  2.199449e+03 
 1.615909e-01  5.786452e+02  1.050161e+03  1.423940e+03  2.151566e+03 
 1.638434e-01  5.634620e+02  1.025367e+03  1.392585e+03  2.109180e+03 
 1.661273e-01  5.498011e+02  1.003213e+03  1.364708e+03  2.071812e+03 
 1.684430e-01  5.351412e+02  9.769470e+02  1.329718e+03  2.021318e+03 
 1.707910e-01  5.218762e+02  9.529540e+02  1.297626e+03  1.974877e+03 
 1.731717e-01  5.106160e+02  9.328736e+02  1.270948e+03  1.936540e+03 
 1.755856e-01  5.022473e+02  9.190524e+02  1.253175e+03  1.911319e+03 
 1.780332e-01  4.951707e+02  9.075853e+02  1.238605e+03  1.890978e+03 
 1.805149e-01  4.876029e+02  8.934065e+02  1.218809e+03  1.859632e+03 
 1.830312e-01  4.798787e+02  8.778779e+02  1.196280e+03  1.822374e+03 
 1.855825e-01  4.726504e+02  8.634478e+02  1.175473e+03  1.788279e+03 
 1.881694e-01  4.657604e+02  8.506062e+02  1.158026e+03  1.762194e+03 
 1.907924e-01  4.586572e+02  8.373899e+02  1.140080e+03  1.735356e+03 
 1.934520e-01  4.506495e+02  8.223847e+02  1.119781e+03  1.705847e+03 
 1.961486e-01  4.417723e+02  8.057460e+02  1.097279e+03  1.673288e+03 
 1.988828e-01  4.329939e+02  7.899213e+02  1.076125e+03  1.642635e+03 
 2.016551e-01  4.246734e+02  7.758410e+02  1.057691e+03  1.615906e+03 
 2.044661e-01  4.152200e+02  7.594851e+02  1.036015e+03  1.584038e+03 
 2.073162e-01  4.043476e+02  7.395896e+02  1.008790e+03  1.542596e+03 
 2.102061e-01  3.927032e+02  7.182595e+02  9.796068e+02  1.498171e+03 
 2.131362e-01  3.837401e+02  7.054425e+02  9.646804e+02  1.479539e+03 
 2.161073e-01  3.745898e+02  6.922894e+02  9.493105e+02  1.460259e+03 
 2.191197e-01  3.632083e+02  6.732483e+02  9.251514e+02  1.428139e+03 
 2.221741e-01  3.516730e+02  6.534380e+02  8.996873e+02  1.393924e+03 
 2.252711e-01  3.412574e+02  6.361259e+02  8.779088e+02  1.365336e+03 
 2.284112e-01  3.318412e+02  6.207296e+02  8.587687e+02  1.340606e+03 
 2.315951e-01  3.236048e+02  6.067310e+02  8.403786e+02  1.313606e+03 
 2.348235e-01  3.165476e+02  5.946351e+02  8.241922e+02  1.288814e+03 
 2.380968e-01  3.088123e+02  5.800577e+02  8.040840e+02  1.258301e+03 
 2.414157e-01  3.016525e+02  5.662723e+02  7.849522e+02  1.229375e+03 
 2.447809e-01  2.948013e+02  5.532411e+02  7.671289e+02  1.202381e+03 
 2.481930e-01  2.885943e+02  5.414877e+02  7.511057e+02  1.178132e+03 
 2.516527e-01  2.850317e+02  5.355124e+02  7.430141e+02  1.165334e+03 
 2.551606e-01  2.807693e+02  5.278848e+02  7.325899e+02  1.149281e+03 
 2.587174e-01  2.739479e+02  5.143520e+02  7.138383e+02  1.121444e+03 
 2.623238e-01  2.681323e+02  5.036565e+02  6.994098e+02  1.100403e+03 
 2.659804e-01  2.633318e+02  4.958891e+02  6.894585e+02  1.086391e+03 
 2.696881e-01  2.567499e+02  4.841361e+02  6.738178e+02  1.063274e+03 
 2.734474e-01  2.493396e+02  4.706685e+02  6.557808e+02  1.036435e+03 
 2.772591e-01  2.434908e+02  4.613233e+02  6.442919e+02  1.021893e+03 
 2.811239e-01  2.371701e+02  4.506834e+02  6.308690e+02  1.004909e+03 
 2.850426e-01  2.305390e+02  4.389409e+02  6.157530e+02  9.861341e+02 
 2.890160e-01  2.243350e+02  4.287779e+02  6.029147e+02  9.683402e+02 
 2.930447e-01  2.185345e+02  4.191258e+02  5.902870e+02  9.493055e+02 
 2.971296e-01  2.131737e+02  4.091213e+02  5.756915e+02  9.244354e+02 
 3.012714e-01  2.083896e+02  4.010842e+02  5.652225e+02  9.092407e+02 
 3.054710e-01  2.039065e+02  3.937476e+02  5.561537e+02  8.974464e+02 
 3.097291e-01  1.988079e+02  3.844519e+02  5.439346e+02  8.805554e+02 
 3.140465e-01  1.943125e+02  3.756107e+02  5.313531e+02  8.600928e+02 
 3.184242e-01  1.903973e+02  3.679727e+02  5.204431e+02  8.422542e+02 
 3.228628e-01  1.872599e+02  3.627073e+02  5.137517e+02  8.338535e+02 
 3.273634e-01  1.828963e+02  3.540925e+02  5.014691e+02  8.143090e+02 
 3.319266e-01  1.782639e+02  3.452826e+02  4.894007e+02  7.963129e+02 
 3.365535e-01  1.736866e+02  3.372517e+02  4.791342e+02  7.826750e+02 
 3.412449e-01  1.703436e+02  3.328384e+02  4.739640e+02  7.746553e+02 
 3.460016e-01  1.666252e+02  3.269062e+02  4.664151e+02  7.641404e+02 
 3.508247e-01  1.628961e+02  3.204447e+02  4.578953e+02  7.517704e+02 
 3.557150e-01  1.592506e+02  3.138988e+02  4.491445e+02  7.384807e+02 
 3.606735e-01  1.551297e+02  3.067791e+02  4.399205e+02  7.257132e+02 
 3.657011e-01  1.503628e+02  2.980222e+02  4.280614e+02  7.091868e+02 
 3.707988e-01  1.465401e+02  2.908740e+02  4.183945e+02  6.949770e+02 
 3.759675e-01  1.431578e+02  2.845455e+02  4.097899e+02  6.821551e+02 
 3.812083e-01  1.397990e+02  2.785882e+02  4.018175e+02  6.704792e+02 
 3.865221e-01  1.370012e+02  2.745123e+02  3.971611e+02  6.631691e+02 
 3.919100e-01  1.341066e+02  2.679917e+02  3.873116e+02  6.493772e+02 
 3.973730e-01  1.308572e+02  2.625986e+02  3.806195e+02  6.390148e+02 
 4.029122e-01  1.281386e+02  2.583994e+02  3.749165e+02  6.288318e+02 
 4.085286e-01  1.254001e+02  2.527554e+02  3.669035e+02  6.173341e+02 
 4.142232e-01  1.221065e+02  2.462314e+02  3.582874e+02  6.064597e+02 
 4.199973e-01  1.188291e+02  2.406742e+02  3.512837e+02  5.963784e+02 
 4.258518e-01  1.161368e+02  2.358427e+02  3.445691e+02  5.851256e+02 
 4.317880e-01  1.133053e+02  2.305484e+02  3.368785e+02  5.732879e+02 
 4.378069e-01  1.108559e+02  2.257958e+02  3.301732e+02  5.624087e+02 
 4.439097e-01  1.088287e+02  2.226906e+02  3.264272e+02  5.585289e+02 
 4.500975e-01  1.057953e+02  2.171864e+02  3.190281e+02  5.477329e+02 
 4.563716e-01  1.032526e+02  2.120792e+02  3.117469e+02  5.351211e+02 
 4.627332e-01  1.015822e+02  2.097898e+02  3.092673e+02  5.327265e+02 
 4.691835e-01  9.890315e+01  2.046386e+02  3.020378e+02  5.209102e+02 
 4.757236e-01  9.693546e+01  2.008620e+02  2.968878e+02  5.130552e+02 
 4.823549e-01  9.426674e+01  1.956256e+02  2.895565e+02  5.029822e+02 
 4.890787e-01  9.210398e+01  1.915084e+02  2.840607e+02  4.945631e+02 
 4.958962e-01  9.042953e+01  1.883704e+02  2.793232e+02  4.860556e+02 
 5.028087e-01  8.822946e+01  1.846678e+02  2.743872e+02  4.788769e+02 
 5.098176e-01  8.646375e+01  1.814969e+02  2.699387e+02  4.705251e+02 
 5.169242e-01  8.485060e+01  1.785391e+02  2.659684e+02  4.652222e+02 
 5.241298e-01  8.199106e+01  1.737399e+02  2.600962e+02  4.580152e+02 
 5.314359e-01  8.045223e+01  1.714583e+02  2.570829e+02  4.531397e+02 
 5.388438e-01  7.866567e+01  1.675500e+02  2.513143e+02  4.444063e+02 
 5.463550e-01  7.714166e+01  1.646742e+02  2.471310e+02  4.374942e+02 
 5.539709e-01  7.494565e+01  1.608398e+02  2.423088e+02  4.302515e+02 
 5.616930e-01  7.349040e+01  1.580961e+02  2.384755e+02  4.245667e+02 
 5.695227e-01  7.191336e+01  1.555077e+02  2.353235e+02  4.185619e+02 
 5.774615e-01  7.019644e+01  1.517049e+02  2.297141e+02  4.104559e+02 
 5.855110e-01  6.884051e+01  1.493041e+02  2.261731e+02  4.044552e+02 
 5.936727e-01  6.716609e+01  1.456113e+02  2.210220e+02  3.968462e+02 
 6.019482e-01  6.590756e+01  1.436832e+02  2.180715e+02  3.915225e+02 
 6.103390e-01  6.424234e+01  1.408833e+02  2.145381e+02  3.856275e+02 
 6.188468e-01  6.273291e+01  1.383358e+02  2.120740e+02  3.837919e+02 
 6.274732e-01  6.158017e+01  1.355704e+02  2.074274e+02  3.761772e+02 
 6.362198e-01  6.021534e+01  1.333104e+02  2.042718e+02  3.702985e+02 
 6.450884e-01  5.870798e+01  1.306492e+02  2.006540e+02  3.642414e+02 
 6.540806e-01  5.742421e+01  1.277109e+02  1.962782e+02  3.578371e+02 
 6.631981e-01  5.606301e+01  1.255353e+02  1.939236e+02  3.541081e+02 
 6.724427e-01  5.492365e+01  1.232024e+02  1.906809e+02  3.500962e+02 
 6.818162e-01  5.364817e+01  1.208606e+02  1.867600e+02  3.429066e+02 
 6.913204e-01  5.242151e+01  1.184450e+02  1.836840e+02  3.379518e+02 
 7.009570e-01  5.160960e+01  1.165401e+02  1.809125e+02  3.333620e+02 
 7.107280e-01  5.018700e+01  1.143684e+02  1.780127e+02  3.279407e+02 
 7.206351e-01  4.933450e+01  1.124319e+02  1.754128e+02  3.247826e+02 
 7.306804e-01  4.824091e+01  1.105743e+02  1.724880e+02  3.188319e+02 
 7.408657e-01  4.709562e+01  1.082236e+02  1.691823e+02  3.143534e+02 
 7.511929e-01  4.601610e+01  1.060551e+02  1.664116e+02  3.098783e+02 
 7.616642e-01  4.506029e+01  1.039700e+02  1.634827e+02  3.055155e+02 
 7.722814e-01  4.435724e+01  1.027754e+02  1.615363e+02  3.011554e+02 
 7.830465e-01  4.335932e+01  1.006326e+02  1.585404e+02  2.969584e+02 
 7.939618e-01  4.246704e+01  9.916648e+01  1.563139e+02  2.934243e+02 
 8.050292e-01  4.145484e+01  9.712490e+01  1.539374e+02  2.895159e+02 
 8.162509e-01  4.064185e+01  9.558818e+01  1.513027e+02  2.842753e+02 
 8.276289e-01  3.959185e+01  9.352873e+01  1.486186e+02  2.804640e+02 
 8.391656e-01  3.900883e+01  9.232462e+01  1.463925e+02  2.770144e+02 
 8.508632e-01  3.824696e+01  9.061698e+01  1.442465e+02  2.732630e+02 
 8.627237e-01  3.732480e+01  8.901639e+01  1.419275e+02  2.688237e+02 
 8.747496e-01  3.658152e+01  8.736558e+01  1.396520e+02  2.651654e+02 
 8.869432e-01  3.587468e+01  8.600658e+01  1.376379e+02  2.618061e+02 
 8.993067e-01  3.507709e+01  8.451518e+01  1.354388e+02  2.578669e+02 
 9.118425e-01  3.448122e+01  8.297584e+01  1.330526e+02  2.533002e+02 
 9.245531e-01  3.366089e+01  8.148871e+01  1.308529e+02  2.502530e+02 
 9.374409e-01  3.294958e+01  8.009657e+01  1.290153e+02  2.469581e+02 
 9.505083e-01  3.233578e+01  7.872366e+01  1.270297e+02  2.433869e+02 
 9.637579e-01  3.159796e+01  7.713950e+01  1.246943e+02  2.397550e+02 
 9.771921e-01  3.109801e+01  7.658375e+01  1.234914e+02  2.366270e+02 
 9.908137e-01  3.044541e+01  7.505861e+01  1.213704e+02  2.334466e+02 
 1.004625e+00  2.981114e+01  7.360094e+01  1.192243e+02  2.295924e+02 
 1.018629e+00  2.927166e+01  7.251769e+01  1.175331e+02  2.262971e+02 
 1.032828e+00  2.865393e+01  7.127567e+01  1.159106e+02  2.238672e+02 
 1.047225e+00  2.804495e+01  7.017722e+01  1.140575e+02  2.200867e+02 
 1.061823e+00  2.755558e+01  6.917918e+01  1.124850e+02  2.171177e+02 
 1.076624e+00  2.699466e+01  6.801262e+01  1.107759e+02  2.139650e+02 
 1.091632e+00  2.650216e+01  6.683430e+01  1.091719e+02  2.107777e+02 
 1.106848e+00  2.594106e+01  6.562041e+01  1.074012e+02  2.079086e+02 
 1.122277e+00  2.542704e+01  6.465319e+01  1.056403e+02  2.045229e+02 
 1.137921e+00  2.491405e+01  6.346874e+01  1.039614e+02  2.015387e+02 
 1.153783e+00  2.445729e+01  6.244047e+01  1.023815e+02  1.987070e+02 
 1.169866e+00  2.399598e+01  6.146300e+01  1.008153e+02  1.960120e+02 
 1.186174e+00  2.350630e+01  6.050546e+01  9.927975e+01  1.929411e+02 
 1.202708e+00  2.308539e+01  5.950201e+01  9.780164e+01  1.901396e+02 
 1.219473e+00  2.264473e+01  5.856854e+01  9.640199e+01  1.870592e+02 
 1.236472e+00  2.219909e+01  5.763054e+01  9.499139e+01  1.844812e+02 
 1.253708e+00  2.178904e+01  5.667586e+01  9.336064e+01  1.817245e+02 
 1.271184e+00  2.138609e+01  5.595040e+01  9.226689e+01  1.790775e+02 
 1.288904e+00  2.098023e+01  5.485821e+01  9.062386e+01  1.765682e+02 
 1.306870e+00  2.057187e+01  5.397583e+01  8.923004e+01  1.737171e+02 
 1.325087e+00  2.022232e+01  5.316023e+01  8.794174e+01  1.709491e+02 
 1.343558e+00  1.984490e+01  5.228988e+01  8.657182e+01  1.683592e+02 
 1.362287e+00  1.949363e+01  5.142807e+01  8.513475e+01  1.656644e+02 
 1.381276e+00  1.911894e+01  5.063258e+01  8.366994e+01  1.630096e+02 
 1.400531e+00  1.877730e+01  4.981722e+01  8.243411e+01  1.603149e+02 
 1.420053e+00  1.841704e+01  4.894042e+01  8.117849e+01  1.577046e+02 
 1.439848e+00  1.808574e+01  4.821843e+01  7.981605e+01  1.552360e+02 
 1.459919e+00  1.773370e+01  4.741507e+01  7.854890e+01  1.525746e+02 
 1.480269e+00  1.745158e+01  4.657588e+01  7.719409e+01  1.498501e+02 
 1.500903e+00  1.712831e+01  4.585838e+01  7.593941e+01  1.476473e+02 
 1.521825e+00  1.680792e+01  4.516143e+01  7.480818e+01  1.451381e+02 
 1.543038e+00  1.649484e+01  4.441473e+01  7.365398e+01  1.429101e+02 
 1.564548e+00  1.622467e+01  4.370629e+01  7.245268e+01  1.404177e+02 
 1.586357e+00  1.593930e+01  4.304602e+01  7.130725e+01  1.380473e+02 
 1.608469e+00  1.564016e+01  4.235708e+01  7.015904e+01  1.358667e+02 
 1.630891e+00  1.541153e+01  4.161349e+01  6.888210e+01  1.333185e+02 
 1.653624e+00  1.511699e+01  4.092960e+01  6.782861e+01  1.312630e+02 
 1.676675e+00  1.484593e+01  4.032838e+01  6.676669e+01  1.288837e+02 
 1.700047e+00  1.458107e+01  3.967472e+01  6.564285e+01  1.266904e+02 
 1.723745e+00  1.434172e+01  3.899311e+01  6.454288e+01  1.242979e+02 
 1.747773e+00  1.406913e+01  3.832340e+01  6.341397e+01  1.220513e+02 
 1.772136e+00  1.382221e+01  3.770027e+01  6.230642e+01  1.199428e+02 
 1.796838e+00  1.358571e+01  3.705632e+01  6.123754e+01  1.177212e+02 
 1.821885e+00  1.337033e+01  3.642844e+01  6.014456e+01  1.156060e+02 
 1.847281e+00  1.312290e+01  3.586428e+01  5.917437e+01  1.134812e+02 
 1.873032e+00  1.289838e+01  3.524284e+01  5.802903e+01  1.114028e+02 
 1.899141e+00  1.267178e+01  3.460576e+01  5.703614e+01  1.093238e+02 
 1.925614e+00  1.246268e+01  3.403710e+01  5.605489e+01  1.072015e+02 
 1.952456e+00  1.228018e+01  3.349880e+01  5.510049e+01  1.051724e+02 
 1.979672e+00  1.204361e+01  3.295526e+01  5.413068e+01  1.032055e+02 
 2.007267e+00  1.185528e+01  3.239257e+01  5.309789e+01  1.012977e+02 
 2.035248e+00  1.164259e+01  3.180978e+01  5.213405e+01  9.928127e+01 
 2.063618e+00  1.144412e+01  3.124367e+01  5.117786e+01  9.732069e+01 
 2.092383e+00  1.125687e+01  3.070102e+01  5.021530e+01  9.539728e+01 
 2.121550e+00  1.105688e+01  3.014748e+01  4.927947e+01  9.349417e+01 
 2.151123e+00  1.087239e+01  2.962280e+01  4.833128e+01  9.155284e+01 
 2.181109e+00  1.068341e+01  2.906997e+01  4.741741e+01  8.973764e+01 
 2.211512e+00  1.050396e+01  2.852996e+01  4.647043e+01  8.781704e+01 
 2.242340e+00  1.032395e+01  2.803861e+01  4.559671e+01  8.602483e+01 
 2.273597e+00  1.013726e+01  2.752404e+01  4.466961e+01  8.421386e+01 
 2.305289e+00  9.976085e+00  2.700997e+01  4.380872e+01  8.246512e+01 
 2.337424e+00  9.807335e+00  2.650162e+01  4.292604e+01  8.074547e+01 
 2.370006e+00  9.639646e+00  2.601508e+01  4.209017e+01  7.907926e+01 
 2.403043e+00  9.467770e+00  2.553966e+01  4.123244e+01  7.737298e+01 
 2.436540e+00  9.315002e+00  2.507443e+01  4.041753e+01  7.570721e+01 
 2.470504e+00  9.157047e+00  2.460696e+01  3.958827e+01  7.407259e+01 
 2.504942e+00  9.003365e+00  2.415421e+01  3.880134e+01  7.249371e+01 
 2.539859e+00  8.856303e+00  2.368593e+01  3.799356e+01  7.087673e+01 
 2.575263e+00  8.696785e+00  2.321634e+01  3.723157e+01  6.935910e+01 
 2.611161e+00  8.552601e+00  2.277411e+01  3.642565e+01  6.781556e+01 
 2.647559e+00  8.404933e+00  2.232491e+01  3.564138e+01  6.626252e+01 
 2.684465e+00  8.259616e+00  2.189877e+01  3.488212e+01  6.475997e+01 
 2.721885e+00  8.110134e+00  2.143976e+01  3.413141e+01  6.329010e+01 
 2.759826e+00  7.970955e+00  2.100151e+01  3.337921e+01  6.183627e+01 
 2.798297e+00  7.829590e+00  2.058476e+01  3.265171e+01  6.043991e+01 
 2.837304e+00  7.693840e+00  2.016261e+01  3.193246e+01  5.904221e+01 
 2.876854e+00  7.557678e+00  1.974365e+01  3.122625e+01  5.767802e+01 
 2.916956e+00  7.426481e+00  1.934477e+01  3.053605e+01  5.630509e+01 
 2.957617e+00  7.298637e+00  1.894920e+01  2.986829e+01  5.499709e+01 
 2.998844e+00  7.170353e+00  1.856117e+01  2.920023e+01  5.370469e+01 
 3.040646e+00  7.044473e+00  1.817290e+01  2.853786e+01  5.247467e+01 
 3.083031e+00  6.921477e+00  1.778828e+01  2.789748e+01  5.123733e+01 
 3.126007e+00  6.801396e+00  1.742402e+01  2.727033e+01  5.001923e+01 
 3.169582e+00  6.679934e+00  1.704588e+01  2.663249e+01  4.883185e+01 
 3.213764e+00  6.559970e+00  1.668153e+01  2.602093e+01  4.766456e+01 
 3.258562e+00  6.439384e+00  1.632617e+01  2.541854e+01  4.651221e+01 
 3.303985e+00  6.322151e+00  1.596157e+01  2.481759e+01  4.538250e+01 
 3.350041e+00  6.207387e+00  1.560451e+01  2.422774e+01  4.426923e+01 
 3.396739e+00  6.090992e+00  1.525751e+01  2.365729e+01  4.317192e+01 
 3.444087e+00  5.978800e+00  1.491320e+01  2.307723e+01  4.210293e+01 
 3.492096e+00  5.868701e+00  1.458031e+01  2.253096e+01  4.107239e+01 
 3.540774e+00  5.755620e+00  1.425246e+01  2.199180e+01  4.005429e+01 
 3.590130e+00  5.649592e+00  1.392705e+01  2.145504e+01  3.906607e+01 
 3.640175e+00  5.544761e+00  1.361179e+01  2.094385e+01  3.809849e+01 
 3.690917e+00  5.439059e+00  1.330834e+01  2.042724e+01  3.714720e+01 
 3.742366e+00  5.336519e+00  1.299670e+01  1.993480e+01  3.623529e+01 
 3.794533e+00  5.237164e+00  1.270279e+01  1.945259e+01  3.533274e+01 
 3.847427e+00  5.137068e+00  1.240885e+01  1.897625e+01  3.446271e+01 
 3.901058e+00  5.037742e+00  1.212291e+01  1.851564e+01  3.359977e+01 
 3.955436e+00  4.943735e+00  1.184128e+01  1.805415e+01  3.275376e+01 
 4.010573e+00  4.845424e+00  1.156194e+01  1.761145e+01  3.193832e+01 
 4.066478e+00  4.749645e+00  1.128441e+01  1.716894e+01  3.112386e+01 
 4.123163e+00  4.654448e+00  1.101758e+01  1.673647e+01  3.032838e+01 
 4.180637e+00  4.562522e+00  1.075435e+01  1.631655e+01  2.955030e+01 
 4.238913e+00  4.470265e+00  1.049176e+01  1.590053e+01  2.879705e+01 
 4.298001e+00  4.377869e+00  1.023692e+01  1.549880e+01  2.805450e+01 
 4.357913e+00  4.290962e+00  9.986708e+00  1.510593e+01  2.733941e+01 
 4.418660e+00  4.203037e+00  9.746284e+00  1.471960e+01  2.664174e+01 
 4.480254e+00  4.116128e+00  9.507484e+00  1.434512e+01  2.595746e+01 
 4.542706e+00  4.032567e+00  9.273991e+00  1.397891e+01  2.529225e+01 
 4.606029e+00  3.949224e+00  9.049610e+00  1.362464e+01  2.465050e+01 
 4.670234e+00  3.867306e+00  8.828229e+00  1.328346e+01  2.402504e+01 
 4.735335e+00  3.787722e+00  8.613423e+00  1.294668e+01  2.341242e+01 
 4.801343e+00  3.710335e+00  8.404904e+00  1.261991e+01  2.281391e+01 
 4.868271e+00  3.632523e+00  8.198109e+00  1.229890e+01  2.223165e+01 
 4.936132e+00  3.556321e+00  7.995308e+00  1.198507e+01  2.166351e+01 
 5.004939e+00  3.480281e+00  7.797109e+00  1.167820e+01  2.110457e+01 
 5.074705e+00  3.404886e+00  7.602261e+00  1.137586e+01  2.056044e+01 
 5.145444e+00  3.331847e+00  7.411292e+00  1.108195e+01  2.002682e+01 
 5.217169e+00  3.258495e+00  7.223359e+00  1.079363e+01  1.950161e+01 
 5.289893e+00  3.188014e+00  7.041166e+00  1.051550e+01  1.899665e+01 
 5.363631e+00  3.117051e+00  6.862840e+00  1.024030e+01  1.849996e+01 
 5.438397e+00  3.048619e+00  6.688389e+00  9.974764e+00  1.801556e+01 
 5.514206e+00  2.981196e+00  6.519070e+00  9.715898e+00  1.754683e+01 
 5.591071e+00  2.914410e+00  6.354654e+00  9.464003e+00  1.708975e+01 
 5.669007e+00  2.850552e+00  6.194134e+00  9.220078e+00  1.664896e+01 
 5.748030e+00  2.787174e+00  6.038009e+00  8.981837e+00  1.621586e+01 
 5.828155e+00  2.725267e+00  5.886303e+00  8.751552e+00  1.579727e+01 
 5.909396e+00  2.664647e+00  5.738324e+00  8.527186e+00  1.539112e+01 
 5.991770e+00  2.605049e+00  5.593830e+00  8.307793e+00  1.499535e+01 
 6.075292e+00  2.546752e+00  5.453495e+00  8.095342e+00  1.460660e+01 
 6.159978e+00  2.489277e+00  5.315506e+00  7.887199e+00  1.422973e+01 
 6.245845e+00  2.432774e+00  5.180585e+00  7.683684e+00  1.385948e+01 
 6.332908e+00  2.376809e+00  5.047890e+00  7.483482e+00  1.349572e+01 
 6.421186e+00  2.322086e+00  4.918647e+00  7.287932e+00  1.314096e+01 
 6.510694e+00  2.268071e+00  4.792108e+00  7.097634e+00  1.279511e+01 
 6.601449e+00  2.215529e+00  4.668973e+00  6.912016e+00  1.245727e+01 
 6.693470e+00  2.163522e+00  4.548534e+00  6.730463e+00  1.212761e+01 
 6.786773e+00  2.113047e+00  4.431324e+00  6.553922e+00  1.180797e+01 
 6.881377e+00  2.063813e+00  4.317604e+00  6.382753e+00  1.149584e+01 
 6.977300e+00  2.015571e+00  4.207824e+00  6.217365e+00  1.119300e+01 
 7.074559e+00  1.968846e+00  4.099560e+00  6.055230e+00  1.089823e+01 
 7.173175e+00  1.922919e+00  3.995290e+00  5.898148e+00  1.061285e+01 
 7.273165e+00  1.878420e+00  3.893866e+00  5.746083e+00  1.033531e+01 
 7.374549e+00  1.834690e+00  3.794935e+00  5.597691e+00  1.006595e+01 
 7.477346e+00  1.791955e+00  3.698977e+00  5.454085e+00  9.802898e+00 
 7.581576e+00  1.750404e+00  3.604957e+00  5.313174e+00  9.546792e+00 
 7.687260e+00  1.709471e+00  3.513563e+00  5.175966e+00  9.297180e+00 
 7.794416e+00  1.669274e+00  3.424073e+00  5.040975e+00  9.051903e+00 
 7.903066e+00  1.629891e+00  3.335774e+00  4.908852e+00  8.811356e+00 
 8.013230e+00  1.591164e+00  3.250165e+00  4.780646e+00  8.577127e+00 
 8.124930e+00  1.553181e+00  3.166283e+00  4.654982e+00  8.347889e+00 
 8.238187e+00  1.516243e+00  3.084447e+00  4.532143e+00  8.124254e+00 
 8.353023e+00  1.479990e+00  3.004762e+00  4.412635e+00  7.906344e+00 
 8.469460e+00  1.444749e+00  2.927318e+00  4.296672e+00  7.694647e+00 
 8.587519e+00  1.410449e+00  2.851880e+00  4.183598e+00  7.488579e+00 
 8.707225e+00  1.377009e+00  2.778533e+00  4.074004e+00  7.288509e+00 
 8.828599e+00  1.344515e+00  2.707633e+00  3.967631e+00  7.093936e+00 
 8.951665e+00  1.312753e+00  2.638788e+00  3.864110e+00  6.905693e+00 
 9.076446e+00  1.282033e+00  2.571767e+00  3.763898e+00  6.722621e+00 
 9.202967e+00  1.252034e+00  2.506649e+00  3.666604e+00  6.544568e+00 
 9.331251e+00  1.222756e+00  2.443255e+00  3.571596e+00  6.371513e+00 
 9.461324e+00  0.000000e+00  0.000000e+00  0.000000e+00  0.000000e+00 
 9.593209e+00  0.000000e+00  0.000000e+00  0.000000e+00  0.000000e+00 
 9.726934e+00  0.000000e+00  0.000000e+00  0.000000e+00  0.000000e+00 
 9.862522e+00  0.000000e+00  0.000000e+00  0.000000e+00  0.000000e+00 
 1.000000e+01  0.000000e+00  0.000000e+00  0.000000e+00  0.000000e+00 
