 1.000000e-02  5.525525e+03  1.004791e+04  1.355646e+04  2.012395e+04 
 1.013939e-02  5.556480e+03  1.010411e+04  1.363218e+04  2.023612e+04 
 1.028073e-02  5.586969e+03  1.015948e+04  1.370673e+04  2.034660e+04 
 1.042404e-02  5.616980e+03  1.021401e+04  1.378018e+04  2.045541e+04 
 1.056935e-02  5.646482e+03  1.026758e+04  1.385240e+04  2.056234e+04 
 1.071668e-02  5.675420e+03  1.032010e+04  1.392323e+04  2.066712e+04 
 1.086606e-02  5.703789e+03  1.037157e+04  1.399266e+04  2.076979e+04 
 1.101753e-02  5.731594e+03  1.042202e+04  1.406071e+04  2.087032e+04 
 1.117111e-02  5.758815e+03  1.047144e+04  1.412728e+04  2.096870e+04 
 1.132683e-02  5.785419e+03  1.051972e+04  1.419224e+04  2.106486e+04 
 1.148472e-02  5.811380e+03  1.056681e+04  1.425559e+04  2.115879e+04 
 1.164481e-02  5.836681e+03  1.061270e+04  1.431733e+04  2.125029e+04 
 1.180713e-02  5.861292e+03  1.065733e+04  1.437747e+04  2.133920e+04 
 1.197171e-02  5.885201e+03  1.070069e+04  1.443590e+04  2.142539e+04 
 1.213859e-02  5.908369e+03  1.074270e+04  1.449251e+04  2.150888e+04 
 1.230780e-02  5.930791e+03  1.078333e+04  1.454720e+04  2.158965e+04 
 1.247936e-02  5.952439e+03  1.082257e+04  1.459990e+04  2.166764e+04 
 1.265332e-02  5.973289e+03  1.086036e+04  1.465074e+04  2.174281e+04 
 1.282970e-02  5.993323e+03  1.089665e+04  1.469959e+04  2.181497e+04 
 1.300854e-02  6.012494e+03  1.093138e+04  1.474624e+04  2.188393e+04 
 1.318987e-02  6.030781e+03  1.096447e+04  1.479068e+04  2.194954e+04 
 1.337373e-02  6.048181e+03  1.099594e+04  1.483301e+04  2.201187e+04 
 1.356015e-02  6.064679e+03  1.102579e+04  1.487316e+04  2.207087e+04 
 1.374917e-02  6.080224e+03  1.105393e+04  1.491102e+04  2.212647e+04 
 1.394083e-02  6.094796e+03  1.108026e+04  1.494646e+04  2.217852e+04 
 1.413516e-02  6.108370e+03  1.110477e+04  1.497936e+04  2.222697e+04 
 1.433219e-02  6.120929e+03  1.112742e+04  1.500972e+04  2.227168e+04 
 1.453198e-02  6.132464e+03  1.114821e+04  1.503751e+04  2.231258e+04 
 1.473454e-02  6.142933e+03  1.116706e+04  1.506271e+04  2.234954e+04 
 1.493993e-02  6.152298e+03  1.118392e+04  1.508532e+04  2.238244e+04 
 1.514819e-02  6.160582e+03  1.119881e+04  1.510536e+04  2.241143e+04 
 1.535935e-02  6.167742e+03  1.121167e+04  1.512255e+04  2.243644e+04 
 1.557345e-02  6.173747e+03  1.122243e+04  1.513675e+04  2.245734e+04 
 1.579053e-02  6.178576e+03  1.123106e+04  1.514809e+04  2.247390e+04 
 1.601064e-02  6.182189e+03  1.123748e+04  1.515658e+04  2.248603e+04 
 1.623382e-02  6.184564e+03  1.124164e+04  1.516211e+04  2.249360e+04 
 1.646012e-02  6.185705e+03  1.124353e+04  1.516454e+04  2.249662e+04 
 1.668956e-02  6.185575e+03  1.124309e+04  1.516377e+04  2.249501e+04 
 1.692220e-02  6.184156e+03  1.124032e+04  1.515982e+04  2.248867e+04 
 1.715809e-02  6.181437e+03  1.123521e+04  1.515271e+04  2.247755e+04 
 1.739726e-02  6.177387e+03  1.122767e+04  1.514235e+04  2.246156e+04 
 1.763977e-02  6.171969e+03  1.121763e+04  1.512859e+04  2.244067e+04 
 1.788566e-02  6.165185e+03  1.120508e+04  1.511149e+04  2.241481e+04 
 1.813498e-02  6.157012e+03  1.119002e+04  1.509097e+04  2.238376e+04 
 1.838777e-02  6.147442e+03  1.117244e+04  1.506702e+04  2.234752e+04 
 1.864409e-02  6.136455e+03  1.115227e+04  1.503960e+04  2.230614e+04 
 1.890397e-02  6.124030e+03  1.112949e+04  1.500865e+04  2.225969e+04 
 1.916748e-02  6.110164e+03  1.110408e+04  1.497415e+04  2.220805e+04 
 1.943467e-02  6.094847e+03  1.107600e+04  1.493608e+04  2.215111e+04 
 1.970558e-02  6.078065e+03  1.104527e+04  1.489440e+04  2.208874e+04 
 1.998026e-02  6.059795e+03  1.101185e+04  1.484910e+04  2.202093e+04 
 2.025878e-02  6.040018e+03  1.097568e+04  1.480009e+04  2.194756e+04 
 2.054117e-02  6.018749e+03  1.093680e+04  1.474741e+04  2.186868e+04 
 2.082751e-02  5.995992e+03  1.089519e+04  1.469107e+04  2.178445e+04 
 2.111783e-02  5.971750e+03  1.085090e+04  1.463107e+04  2.169479e+04 
 2.141220e-02  5.946104e+03  1.080401e+04  1.456757e+04  2.159991e+04 
 2.171068e-02  5.919602e+03  1.075537e+04  1.450147e+04  2.150068e+04 
 2.201331e-02  5.891600e+03  1.070399e+04  1.443170e+04  2.139594e+04 
 2.232016e-02  5.862105e+03  1.064989e+04  1.435825e+04  2.128567e+04 
 2.263130e-02  5.831115e+03  1.059307e+04  1.428113e+04  2.116995e+04 
 2.294676e-02  5.798662e+03  1.053359e+04  1.420040e+04  2.104888e+04 
 2.326663e-02  5.764745e+03  1.047145e+04  1.411606e+04  2.092253e+04 
 2.359095e-02  5.729360e+03  1.040665e+04  1.402815e+04  2.079086e+04 
 2.391980e-02  5.692531e+03  1.033921e+04  1.393671e+04  2.065390e+04 
 2.425323e-02  5.654262e+03  1.026917e+04  1.384175e+04  2.051171e+04 
 2.459130e-02  5.614591e+03  1.019659e+04  1.374337e+04  2.036450e+04 
 2.493409e-02  5.573551e+03  1.012150e+04  1.364161e+04  2.021229e+04 
 2.528166e-02  5.531164e+03  1.004396e+04  1.353654e+04  2.005515e+04 
 2.563407e-02  5.487450e+03  9.964018e+03  1.342819e+04  1.989320e+04 
 2.599140e-02  5.442434e+03  9.881697e+03  1.331668e+04  1.972652e+04 
 2.635371e-02  5.396137e+03  9.797055e+03  1.320205e+04  1.955523e+04 
 2.672106e-02  5.348600e+03  9.710167e+03  1.308442e+04  1.937948e+04 
 2.709354e-02  5.299887e+03  9.621157e+03  1.296390e+04  1.919946e+04 
 2.747121e-02  5.250048e+03  9.530083e+03  1.284058e+04  1.901534e+04 
 2.785414e-02  5.199049e+03  9.436939e+03  1.271449e+04  1.882715e+04 
 2.824241e-02  5.146679e+03  9.341421e+03  1.258535e+04  1.863474e+04 
 2.863610e-02  5.093304e+03  9.244067e+03  1.245374e+04  1.843873e+04 
 2.903527e-02  5.038991e+03  9.145020e+03  1.231985e+04  1.823933e+04 
 2.944000e-02  4.983784e+03  9.044376e+03  1.218380e+04  1.803673e+04 
 2.985038e-02  4.927748e+03  8.942228e+03  1.204571e+04  1.783115e+04 
 3.026648e-02  4.870935e+03  8.838683e+03  1.190574e+04  1.762275e+04 
 3.068838e-02  4.813420e+03  8.733861e+03  1.176406e+04  1.741184e+04 
 3.111616e-02  4.755271e+03  8.627868e+03  1.162082e+04  1.719861e+04 
 3.154990e-02  4.696557e+03  8.520836e+03  1.147620e+04  1.698335e+04 
 3.198969e-02  4.637342e+03  8.412910e+03  1.133038e+04  1.676635e+04 
 3.243561e-02  4.577701e+03  8.304232e+03  1.118353e+04  1.654783e+04 
 3.288774e-02  4.517720e+03  8.194945e+03  1.103586e+04  1.632811e+04 
 3.334618e-02  4.457480e+03  8.085193e+03  1.088755e+04  1.610746e+04 
 3.381101e-02  4.397045e+03  7.975093e+03  1.073880e+04  1.588617e+04 
 3.428231e-02  4.336486e+03  7.864765e+03  1.058976e+04  1.566444e+04 
 3.476019e-02  4.275727e+03  7.754389e+03  1.044102e+04  1.544423e+04 
 3.524473e-02  4.215016e+03  7.644121e+03  1.029242e+04  1.522425e+04 
 3.573602e-02  4.154450e+03  7.534132e+03  1.014418e+04  1.500479e+04 
 3.623416e-02  4.094105e+03  7.424538e+03  9.996471e+03  1.478614e+04 
 3.673925e-02  4.034052e+03  7.315473e+03  9.849495e+03  1.456856e+04 
 3.725137e-02  3.974380e+03  7.207084e+03  9.703437e+03  1.435237e+04 
 3.777064e-02  3.915172e+03  7.099533e+03  9.558506e+03  1.413784e+04 
 3.829714e-02  3.856512e+03  6.992972e+03  9.414915e+03  1.392525e+04 
 3.883098e-02  3.798472e+03  6.887552e+03  9.272841e+03  1.371492e+04 
 3.937226e-02  3.741117e+03  6.783410e+03  9.132479e+03  1.350714e+04 
 3.992109e-02  3.684535e+03  6.680671e+03  8.994009e+03  1.330217e+04 
 4.047757e-02  3.628797e+03  6.579404e+03  8.857522e+03  1.310001e+04 
 4.104181e-02  3.573841e+03  6.479004e+03  8.721640e+03  1.289711e+04 
 4.161391e-02  3.519867e+03  6.380419e+03  8.588204e+03  1.269784e+04 
 4.219398e-02  3.466932e+03  6.283771e+03  8.457357e+03  1.250248e+04 
 4.278214e-02  3.415113e+03  6.189148e+03  8.329253e+03  1.231121e+04 
 4.337850e-02  3.364479e+03  6.096655e+03  8.204023e+03  1.212423e+04 
 4.398317e-02  3.315068e+03  6.006368e+03  8.081803e+03  1.194171e+04 
 4.459628e-02  3.266913e+03  5.918392e+03  7.962692e+03  1.176382e+04 
 4.521792e-02  3.220052e+03  5.832803e+03  7.846798e+03  1.159071e+04 
 4.584824e-02  3.174538e+03  5.749674e+03  7.734224e+03  1.142252e+04 
 4.648734e-02  3.130418e+03  5.669045e+03  7.625044e+03  1.125937e+04 
 4.713535e-02  3.087761e+03  5.591743e+03  7.521062e+03  1.110586e+04 
 4.779239e-02  3.046550e+03  5.517469e+03  7.421580e+03  1.096017e+04 
 4.845859e-02  3.006756e+03  5.445787e+03  7.325564e+03  1.081958e+04 
 4.913407e-02  2.968388e+03  5.376690e+03  7.233033e+03  1.068411e+04 
 4.981898e-02  2.931444e+03  5.310191e+03  7.143982e+03  1.055379e+04 
 5.051342e-02  2.895920e+03  5.246254e+03  7.058386e+03  1.042858e+04 
 5.121755e-02  2.861805e+03  5.184842e+03  6.976207e+03  1.030835e+04 
 5.193150e-02  2.829063e+03  5.125902e+03  6.897343e+03  1.019305e+04 
 5.265540e-02  2.797645e+03  5.069366e+03  6.821709e+03  1.008251e+04 
 5.338938e-02  2.767282e+03  5.014325e+03  6.747641e+03  9.973106e+03 
 5.413360e-02  2.737899e+03  4.960563e+03  6.674751e+03  9.864035e+03 
 5.488820e-02  2.709716e+03  4.908981e+03  6.604786e+03  9.759283e+03 
 5.565331e-02  2.682616e+03  4.859377e+03  6.537477e+03  9.658456e+03 
 5.642908e-02  2.656470e+03  4.811476e+03  6.472497e+03  9.561085e+03 
 5.721568e-02  2.631255e+03  4.765258e+03  6.409802e+03  9.467105e+03 
 5.801323e-02  2.607080e+03  4.720938e+03  6.349649e+03  9.376892e+03 
 5.882190e-02  2.583961e+03  4.678543e+03  6.292086e+03  9.290521e+03 
 5.964185e-02  2.561748e+03  4.638070e+03  6.237378e+03  9.209122e+03 
 6.047322e-02  2.540312e+03  4.599752e+03  6.186343e+03  9.135228e+03 
 6.131619e-02  2.518927e+03  4.561521e+03  6.135433e+03  9.061506e+03 
 6.217090e-02  2.497477e+03  4.523170e+03  6.084374e+03  8.987539e+03 
 6.303753e-02  2.475973e+03  4.484715e+03  6.033171e+03  8.913359e+03 
 6.391624e-02  2.454417e+03  4.446155e+03  5.981818e+03  8.838968e+03 
 6.480720e-02  2.432707e+03  4.407314e+03  5.930073e+03  8.764007e+03 
 6.571058e-02  2.410653e+03  4.367843e+03  5.877474e+03  8.687786e+03 
 6.662655e-02  2.386959e+03  4.323619e+03  5.816593e+03  8.594100e+03 
 6.755528e-02  2.362530e+03  4.278013e+03  5.753802e+03  8.497441e+03 
 6.849697e-02  2.337277e+03  4.230927e+03  5.689032e+03  8.397875e+03 
 6.945178e-02  2.311078e+03  4.182139e+03  5.621986e+03  8.294949e+03 
 7.041990e-02  2.283814e+03  4.131432e+03  5.552381e+03  8.188277e+03 
 7.140151e-02  2.255382e+03  4.078613e+03  5.479947e+03  8.077473e+03 
 7.239681e-02  2.225957e+03  4.024265e+03  5.405774e+03  7.965170e+03 
 7.340598e-02  2.195510e+03  3.968408e+03  5.329954e+03  7.851697e+03 
 7.442922e-02  2.163635e+03  3.909977e+03  5.250691e+03  7.733178e+03 
 7.546673e-02  2.130277e+03  3.848892e+03  5.167878e+03  7.609434e+03 
 7.651869e-02  2.095429e+03  3.785132e+03  5.081482e+03  7.480433e+03 
 7.758532e-02  2.059098e+03  3.718696e+03  4.991497e+03  7.346176e+03 
 7.866682e-02  2.022100e+03  3.652105e+03  4.902351e+03  7.215852e+03 
 7.976339e-02  1.984975e+03  3.586981e+03  4.816885e+03  7.095267e+03 
 8.087525e-02  1.946472e+03  3.519306e+03  4.727948e+03  6.969409e+03 
 8.200261e-02  1.906701e+03  3.449272e+03  4.635782e+03  6.838636e+03 
 8.314568e-02  1.865783e+03  3.377108e+03  4.540675e+03  6.703354e+03 
 8.430468e-02  1.823879e+03  3.303094e+03  4.442989e+03  6.564109e+03 
 8.547985e-02  1.780615e+03  3.225588e+03  4.339633e+03  6.414076e+03 
 8.667139e-02  1.736509e+03  3.146060e+03  4.233106e+03  6.258201e+03 
 8.787954e-02  1.692040e+03  3.065853e+03  4.125648e+03  6.100891e+03 
 8.910453e-02  1.647441e+03  2.985400e+03  4.017832e+03  5.942974e+03 
 9.034660e-02  1.602956e+03  2.905139e+03  3.910237e+03  5.785311e+03 
 9.160598e-02  1.559566e+03  2.827828e+03  3.807519e+03  5.637082e+03 
 9.288292e-02  1.517417e+03  2.753615e+03  3.709760e+03  5.498095e+03 
 9.417766e-02  1.476069e+03  2.680762e+03  3.613742e+03  5.361451e+03 
 9.549045e-02  1.435765e+03  2.609699e+03  3.520053e+03  5.228014e+03 
 9.682153e-02  1.396744e+03  2.540861e+03  3.429288e+03  5.098636e+03 
 9.817117e-02  1.359541e+03  2.475712e+03  3.343853e+03  4.977979e+03 
 9.953962e-02  1.324138e+03  2.413913e+03  3.262994e+03  4.864263e+03 
 1.009272e-01  1.290575e+03  2.355376e+03  3.186419e+03  4.756679e+03 
 1.023340e-01  1.258997e+03  2.300356e+03  3.114500e+03  4.655787e+03 
 1.037605e-01  1.228933e+03  2.247291e+03  3.044492e+03  4.556034e+03 
 1.052069e-01  1.198879e+03  2.191542e+03  2.968394e+03  4.441496e+03 
 1.066734e-01  1.171147e+03  2.140070e+03  2.898118e+03  4.335688e+03 
 1.081604e-01  1.145737e+03  2.092868e+03  2.833659e+03  4.238619e+03 
 1.096681e-01  1.122606e+03  2.049857e+03  2.774888e+03  4.150082e+03 
 1.111968e-01  1.101669e+03  2.010988e+03  2.721669e+03  4.069209e+03 
 1.127468e-01  1.082807e+03  1.975935e+03  2.673640e+03  3.996103e+03 
 1.143184e-01  1.065866e+03  1.944411e+03  2.630418e+03  3.930252e+03 
 1.159120e-01  1.050652e+03  1.916048e+03  2.591472e+03  3.870801e+03 
 1.175277e-01  1.037389e+03  1.891663e+03  2.558188e+03  3.820194e+03 
 1.191660e-01  1.025391e+03  1.869620e+03  2.528142e+03  3.774479e+03 
 1.208271e-01  1.014339e+03  1.849316e+03  2.500452e+03  3.732315e+03 
 1.225114e-01  1.003875e+03  1.830042e+03  2.474081e+03  3.692127e+03 
 1.242191e-01  9.931508e+02  1.809769e+03  2.446056e+03  3.649173e+03 
 1.259506e-01  9.824230e+02  1.789491e+03  2.418051e+03  3.606213e+03 
 1.277063e-01  9.713770e+02  1.768634e+03  2.389261e+03  3.562121e+03 
 1.294865e-01  9.599668e+02  1.747273e+03  2.359826e+03  3.516876e+03 
 1.312915e-01  9.479468e+02  1.724989e+03  2.329190e+03  3.469591e+03 
 1.331216e-01  9.347499e+02  1.700563e+03  2.295656e+03  3.417990e+03 
 1.349772e-01  9.202027e+02  1.673705e+03  2.258896e+03  3.361710e+03 
 1.368587e-01  9.052537e+02  1.647853e+03  2.225491e+03  3.316015e+03 
 1.387665e-01  8.886790e+02  1.619014e+03  2.187972e+03  3.264126e+03 
 1.407008e-01  8.704667e+02  1.587147e+03  2.146292e+03  3.205908e+03 
 1.426621e-01  8.517540e+02  1.555050e+03  2.104575e+03  3.147427e+03 
 1.446507e-01  8.319206e+02  1.521060e+03  2.060344e+03  3.084983e+03 
 1.466671e-01  8.107978e+02  1.484587e+03  2.012665e+03  3.017227e+03 
 1.487115e-01  7.871053e+02  1.441898e+03  1.955584e+03  2.934041e+03 
 1.507845e-01  7.617406e+02  1.395173e+03  1.892371e+03  2.840762e+03 
 1.528864e-01  7.361698e+02  1.348059e+03  1.828586e+03  2.746587e+03 
 1.550175e-01  7.126113e+02  1.306670e+03  1.774220e+03  2.669730e+03 
 1.571784e-01  6.907953e+02  1.269795e+03  1.727048e+03  2.605694e+03 
 1.593694e-01  6.697072e+02  1.234071e+03  1.681256e+03  2.543364e+03 
 1.615909e-01  6.502445e+02  1.201622e+03  1.639974e+03  2.487605e+03 
 1.638434e-01  6.323603e+02  1.172100e+03  1.602651e+03  2.437517e+03 
 1.661273e-01  6.160290e+02  1.145277e+03  1.568857e+03  2.392445e+03 
 1.684430e-01  5.985198e+02  1.113612e+03  1.526622e+03  2.331742e+03 
 1.707910e-01  5.825982e+02  1.084552e+03  1.487710e+03  2.275632e+03 
 1.731717e-01  5.689761e+02  1.059998e+03  1.455033e+03  2.228784e+03 
 1.755856e-01  5.585782e+02  1.042412e+03  1.432243e+03  2.196446e+03 
 1.780332e-01  5.498517e+02  1.027903e+03  1.413649e+03  2.170422e+03 
 1.805149e-01  5.407905e+02  1.010585e+03  1.389336e+03  2.131925e+03 
 1.830312e-01  5.318393e+02  9.921881e+02  1.362437e+03  2.087270e+03 
 1.855825e-01  5.237685e+02  9.756004e+02  1.338248e+03  2.047327e+03 
 1.881694e-01  5.162733e+02  9.609969e+02  1.317992e+03  2.016415e+03 
 1.907924e-01  5.088560e+02  9.465431e+02  1.297948e+03  1.985822e+03 
 1.934520e-01  5.006593e+02  9.304212e+02  1.275647e+03  1.952695e+03 
 1.961486e-01  4.916852e+02  9.127806e+02  1.251282e+03  1.916732e+03 
 1.988828e-01  4.829579e+02  8.963559e+02  1.228884e+03  1.883662e+03 
 2.016551e-01  4.747926e+02  8.820763e+02  1.209857e+03  1.855568e+03 
 2.044661e-01  4.653479e+02  8.652340e+02  1.187183e+03  1.821679e+03 
 2.073162e-01  4.542993e+02  8.444858e+02  1.158432e+03  1.777340e+03 
 2.102061e-01  4.421648e+02  8.217198e+02  1.126921e+03  1.728776e+03 
 2.131362e-01  4.328687e+02  8.085453e+02  1.111796e+03  1.710466e+03 
 2.161073e-01  4.230345e+02  7.944146e+02  1.095404e+03  1.690278e+03 
 2.191197e-01  4.105266e+02  7.733542e+02  1.068679e+03  1.654943e+03 
 2.221741e-01  3.975538e+02  7.508900e+02  1.039742e+03  1.616094e+03 
 2.252711e-01  3.856170e+02  7.309422e+02  1.014646e+03  1.583318e+03 
 2.284112e-01  3.745846e+02  7.127829e+02  9.920426e+02  1.554210e+03 
 2.315951e-01  3.647324e+02  6.959574e+02  9.699482e+02  1.521944e+03 
 2.348235e-01  3.561448e+02  6.811784e+02  9.502137e+02  1.491975e+03 
 2.380968e-01  3.467693e+02  6.633761e+02  9.255964e+02  1.454607e+03 
 2.414157e-01  3.381725e+02  6.466888e+02  9.023654e+02  1.419445e+03 
 2.447809e-01  3.299944e+02  6.308487e+02  8.805351e+02  1.386258e+03 
 2.481930e-01  3.227756e+02  6.168863e+02  8.613381e+02  1.357115e+03 
 2.516527e-01  3.186211e+02  6.095850e+02  8.512654e+02  1.341041e+03 
 2.551606e-01  3.139706e+02  6.009119e+02  8.392017e+02  1.322240e+03 
 2.587174e-01  3.066517e+02  5.857929e+02  8.179041e+02  1.290232e+03 
 2.623238e-01  3.006016e+02  5.741810e+02  8.019555e+02  1.266673e+03 
 2.659804e-01  2.957673e+02  5.660716e+02  7.913864e+02  1.251605e+03 
 2.696881e-01  2.890311e+02  5.536591e+02  7.746750e+02  1.226727e+03 
 2.734474e-01  2.812884e+02  5.391768e+02  7.550716e+02  1.197356e+03 
 2.772591e-01  2.752324e+02  5.293686e+02  7.429778e+02  1.182200e+03 
 2.811239e-01  2.685012e+02  5.178501e+02  7.283394e+02  1.163698e+03 
 2.850426e-01  2.612547e+02  5.048064e+02  7.113866e+02  1.142520e+03 
 2.890160e-01  2.542986e+02  4.933163e+02  6.968433e+02  1.122424e+03 
 2.930447e-01  2.476255e+02  4.821221e+02  6.821629e+02  1.100298e+03 
 2.971296e-01  2.413472e+02  4.703734e+02  6.649840e+02  1.070863e+03 
 3.012714e-01  2.355993e+02  4.605785e+02  6.521480e+02  1.052145e+03 
 3.054710e-01  2.301974e+02  4.515469e+02  6.408572e+02  1.037292e+03 
 3.097291e-01  2.241596e+02  4.403051e+02  6.259152e+02  1.016418e+03 
 3.140465e-01  2.189031e+02  4.297746e+02  6.108394e+02  9.918268e+02 
 3.184242e-01  2.144431e+02  4.208612e+02  5.980045e+02  9.707624e+02 
 3.228628e-01  2.109588e+02  4.147795e+02  5.901241e+02  9.607609e+02 
 3.273634e-01  2.062488e+02  4.051659e+02  5.762506e+02  9.385385e+02 
 3.319266e-01  2.013170e+02  3.954707e+02  5.628162e+02  9.183971e+02 
 3.365535e-01  1.964751e+02  3.867166e+02  5.515279e+02  9.034098e+02 
 3.412449e-01  1.929925e+02  3.821255e+02  5.461982e+02  8.951074e+02 
 3.460016e-01  1.890363e+02  3.757238e+02  5.379988e+02  8.836837e+02 
 3.508247e-01  1.849809e+02  3.685646e+02  5.284722e+02  8.697754e+02 
 3.557150e-01  1.809218e+02  3.611387e+02  5.184595e+02  8.544698e+02 
 3.606735e-01  1.762127e+02  3.528636e+02  5.076439e+02  8.394238e+02 
 3.657011e-01  1.706845e+02  3.425230e+02  4.934918e+02  8.194956e+02 
 3.707988e-01  1.661965e+02  3.339608e+02  4.817973e+02  8.021729e+02 
 3.759675e-01  1.622326e+02  3.263868e+02  4.713992e+02  7.865250e+02 
 3.812083e-01  1.583427e+02  3.193237e+02  4.618496e+02  7.723596e+02 
 3.865221e-01  1.551513e+02  3.145164e+02  4.563080e+02  7.637295e+02 
 3.919100e-01  1.519467e+02  3.071096e+02  4.449519e+02  7.475922e+02 
 3.973730e-01  1.483939e+02  3.010528e+02  4.374147e+02  7.359097e+02 
 4.029122e-01  1.454568e+02  2.964462e+02  4.311298e+02  7.245894e+02 
 4.085286e-01  1.425367e+02  2.902354e+02  4.221938e+02  7.117428e+02 
 4.142232e-01  1.389612e+02  2.829363e+02  4.124430e+02  6.994619e+02 
 4.199973e-01  1.353062e+02  2.765854e+02  4.043800e+02  6.878452e+02 
 4.258518e-01  1.322444e+02  2.709786e+02  3.965331e+02  6.746289e+02 
 4.317880e-01  1.289836e+02  2.647762e+02  3.874163e+02  6.604707e+02 
 4.378069e-01  1.261459e+02  2.591382e+02  3.793996e+02  6.474275e+02 
 4.439097e-01  1.237805e+02  2.553810e+02  3.747345e+02  6.423100e+02 
 4.500975e-01  1.202973e+02  2.489145e+02  3.659734e+02  6.293775e+02 
 4.563716e-01  1.174374e+02  2.430392e+02  3.575563e+02  6.147262e+02 
 4.627332e-01  1.155902e+02  2.404327e+02  3.546752e+02  6.119597e+02 
 4.691835e-01  1.126274e+02  2.346152e+02  3.464655e+02  5.984753e+02 
 4.757236e-01  1.104822e+02  2.303746e+02  3.406307e+02  5.895758e+02 
 4.823549e-01  1.075241e+02  2.244447e+02  3.322172e+02  5.779826e+02 
 4.890787e-01  1.051006e+02  2.197047e+02  3.258481e+02  5.681600e+02 
 4.958962e-01  1.031889e+02  2.160331e+02  3.202606e+02  5.580815e+02 
 5.028087e-01  1.006460e+02  2.116468e+02  3.143362e+02  5.493796e+02 
 5.098176e-01  9.861548e+01  2.079055e+02  3.090698e+02  5.394207e+02 
 5.169242e-01  9.677571e+01  2.044358e+02  3.043323e+02  5.330848e+02 
 5.241298e-01  9.351937e+01  1.988340e+02  2.973875e+02  5.244984e+02 
 5.314359e-01  9.178680e+01  1.962196e+02  2.939089e+02  5.187620e+02 
 5.388438e-01  8.980423e+01  1.917701e+02  2.872772e+02  5.086756e+02 
 5.463550e-01  8.811316e+01  1.885003e+02  2.824709e+02  5.006597e+02 
 5.539709e-01  8.562731e+01  1.840564e+02  2.768727e+02  4.921738e+02 
 5.616930e-01  8.397701e+01  1.808592e+02  2.723416e+02  4.854125e+02 
 5.695227e-01  8.216810e+01  1.777868e+02  2.685992e+02  4.783440e+02 
 5.774615e-01  8.021703e+01  1.733592e+02  2.619825e+02  4.687048e+02 
 5.855110e-01  7.866403e+01  1.705583e+02  2.578011e+02  4.615127e+02 
 5.936727e-01  7.677424e+01  1.662822e+02  2.517900e+02  4.525599e+02 
 6.019482e-01  7.534133e+01  1.640500e+02  2.483263e+02  4.463028e+02 
 6.103390e-01  7.346222e+01  1.608236e+02  2.442492e+02  4.395197e+02 
 6.188468e-01  7.176125e+01  1.578284e+02  2.413001e+02  4.372608e+02 
 6.274732e-01  7.045919e+01  1.546471e+02  2.358899e+02  4.283584e+02 
 6.362198e-01  6.888909e+01  1.519956e+02  2.321652e+02  4.213288e+02 
 6.450884e-01  6.714958e+01  1.488516e+02  2.278560e+02  4.141122e+02 
 6.540806e-01  6.566774e+01  1.453833e+02  2.226334e+02  4.063068e+02 
 6.631981e-01  6.407250e+01  1.427227e+02  2.197057e+02  4.016254e+02 
 6.724427e-01  6.274894e+01  1.399327e+02  2.157508e+02  3.966255e+02 
 6.818162e-01  6.126756e+01  1.371950e+02  2.111203e+02  3.880718e+02 
 6.913204e-01  5.985313e+01  1.343213e+02  2.074490e+02  3.820758e+02 
 7.009570e-01  5.893225e+01  1.320868e+02  2.041741e+02  3.766116e+02 
 7.107280e-01  5.729953e+01  1.295523e+02  2.007706e+02  3.702048e+02 
 7.206351e-01  5.634325e+01  1.273063e+02  1.977042e+02  3.664087e+02 
 7.306804e-01  5.510334e+01  1.251782e+02  1.943536e+02  3.595791e+02 
 7.408657e-01  5.381701e+01  1.224997e+02  1.905465e+02  3.543666e+02 
 7.511929e-01  5.260874e+01  1.200154e+02  1.873731e+02  3.492797e+02 
 7.616642e-01  5.154946e+01  1.176388e+02  1.840088e+02  3.441733e+02 
 7.722814e-01  5.076285e+01  1.162910e+02  1.818036e+02  3.392402e+02 
 7.830465e-01  4.964964e+01  1.138536e+02  1.783775e+02  3.344392e+02 
 7.939618e-01  4.863880e+01  1.121816e+02  1.757964e+02  3.303155e+02 
 8.050292e-01  4.749967e+01  1.098109e+02  1.730285e+02  3.257147e+02 
 8.162509e-01  4.656692e+01  1.080426e+02  1.699913e+02  3.195646e+02 
 8.276289e-01  4.536626e+01  1.056449e+02  1.668503e+02  3.150589e+02 
 8.391656e-01  4.469266e+01  1.042440e+02  1.642088e+02  3.109482e+02 
 8.508632e-01  4.382997e+01  1.022413e+02  1.616833e+02  3.064989e+02 
 8.627237e-01  4.276896e+01  1.003811e+02  1.589766e+02  3.012010e+02 
 8.747496e-01  4.191970e+01  9.845836e+01  1.563166e+02  2.969100e+02 
 8.869432e-01  4.110901e+01  9.687190e+01  1.539411e+02  2.929098e+02 
 8.993067e-01  4.019470e+01  9.513940e+01  1.513617e+02  2.882672e+02 
 9.118425e-01  3.951557e+01  9.335583e+01  1.486013e+02  2.829323e+02 
 9.245531e-01  3.857110e+01  9.162072e+01  1.460013e+02  2.792298e+02 
 9.374409e-01  3.775452e+01  8.998889e+01  1.438278e+02  2.753611e+02 
 9.505083e-01  3.704716e+01  8.837889e+01  1.415085e+02  2.710425e+02 
 9.637579e-01  3.619811e+01  8.654138e+01  1.387639e+02  2.667520e+02 
 9.771921e-01  3.560471e+01  8.586147e+01  1.372999e+02  2.629667e+02 
 9.908137e-01  3.484762e+01  8.406792e+01  1.347841e+02  2.591438e+02 
 1.004625e+00  3.411232e+01  8.234976e+01  1.322367e+02  2.544789e+02 
 1.018629e+00  3.347585e+01  8.104944e+01  1.302055e+02  2.504760e+02 
 1.032828e+00  3.275052e+01  7.956575e+01  1.282224e+02  2.474008e+02 
 1.047225e+00  3.203405e+01  7.826411e+01  1.260013e+02  2.428855e+02 
 1.061823e+00  3.145777e+01  7.706930e+01  1.241196e+02  2.392829e+02 
 1.076624e+00  3.080822e+01  7.570081e+01  1.220857e+02  2.355166e+02 
 1.091632e+00  3.024350e+01  7.432413e+01  1.202170e+02  2.317065e+02 
 1.106848e+00  2.959506e+01  7.290872e+01  1.181447e+02  2.282337e+02 
 1.122277e+00  2.900224e+01  7.179836e+01  1.161025e+02  2.243153e+02 
 1.137921e+00  2.841598e+01  7.042555e+01  1.141511e+02  2.207890e+02 
 1.153783e+00  2.789605e+01  6.925105e+01  1.123360e+02  2.174920e+02 
 1.169866e+00  2.737114e+01  6.813965e+01  1.105158e+02  2.143270e+02 
 1.186174e+00  2.681486e+01  6.704347e+01  1.087482e+02  2.108050e+02 
 1.202708e+00  2.631978e+01  6.589078e+01  1.070685e+02  2.075279e+02 
 1.219473e+00  2.583295e+01  6.481795e+01  1.054551e+02  2.039474e+02 
 1.236472e+00  2.532280e+01  6.373824e+01  1.038205e+02  2.009049e+02 
 1.253708e+00  2.484875e+01  6.263568e+01  1.019331e+02  1.976340e+02 
 1.271184e+00  2.438054e+01  6.177897e+01  1.006254e+02  1.944890e+02 
 1.288904e+00  2.390924e+01  6.050986e+01  9.869781e+01  1.915038e+02 
 1.306870e+00  2.343503e+01  5.948110e+01  9.705463e+01  1.881309e+02 
 1.325087e+00  2.302861e+01  5.852422e+01  9.554927e+01  1.848161e+02 
 1.343558e+00  2.259185e+01  5.751752e+01  9.393469e+01  1.817838e+02 
 1.362287e+00  2.218584e+01  5.652600e+01  9.227856e+01  1.786115e+02 
 1.381276e+00  2.175030e+01  5.560231e+01  9.058851e+01  1.755255e+02 
 1.400531e+00  2.135834e+01  5.466210e+01  8.915764e+01  1.723662e+02 
 1.420053e+00  2.094459e+01  5.365389e+01  8.772497e+01  1.693291e+02 
 1.439848e+00  2.056164e+01  5.282925e+01  8.615060e+01  1.664629e+02 
 1.459919e+00  2.015849e+01  5.191029e+01  8.469604e+01  1.633904e+02 
 1.480269e+00  1.983656e+01  5.094962e+01  8.316306e+01  1.602463e+02 
 1.500903e+00  1.946411e+01  5.013170e+01  8.170615e+01  1.576972e+02 
 1.521825e+00  1.909208e+01  4.932231e+01  8.040747e+01  1.547845e+02 
 1.543038e+00  1.872940e+01  4.845777e+01  7.906562e+01  1.521651e+02 
 1.564548e+00  1.841505e+01  4.763597e+01  7.766569e+01  1.492624e+02 
 1.586357e+00  1.807853e+01  4.686536e+01  7.632587e+01  1.464595e+02 
 1.608469e+00  1.772653e+01  4.605614e+01  7.497747e+01  1.438656e+02 
 1.630891e+00  1.745921e+01  4.519232e+01  7.350223e+01  1.409230e+02 
 1.653624e+00  1.711329e+01  4.439301e+01  7.227237e+01  1.384812e+02 
 1.676675e+00  1.679569e+01  4.369731e+01  7.104552e+01  1.357503e+02 
 1.700047e+00  1.648775e+01  4.294609e+01  6.974899e+01  1.332171e+02 
 1.723745e+00  1.621406e+01  4.217137e+01  6.850244e+01  1.305183e+02 
 1.747773e+00  1.590032e+01  4.141122e+01  6.722197e+01  1.279752e+02 
 1.772136e+00  1.561487e+01  4.070054e+01  6.597753e+01  1.255868e+02 
 1.796838e+00  1.534604e+01  3.997357e+01  6.478568e+01  1.230944e+02 
 1.821885e+00  1.510169e+01  3.927277e+01  6.356100e+01  1.207174e+02 
 1.847281e+00  1.481915e+01  3.863853e+01  6.247310e+01  1.183586e+02 
 1.873032e+00  1.456222e+01  3.794513e+01  6.119107e+01  1.160392e+02 
 1.899141e+00  1.430464e+01  3.722742e+01  6.009072e+01  1.137184e+02 
 1.925614e+00  1.406312e+01  3.658474e+01  5.899535e+01  1.113497e+02 
 1.952456e+00  1.385209e+01  3.597168e+01  5.792122e+01  1.090896e+02 
 1.979672e+00  1.357558e+01  3.535131e+01  5.682317e+01  1.068611e+02 
 2.007267e+00  1.335421e+01  3.471034e+01  5.564214e+01  1.047086e+02 
 2.035248e+00  1.310546e+01  3.404229e+01  5.456327e+01  1.024567e+02 
 2.063618e+00  1.287336e+01  3.339428e+01  5.349243e+01  1.002688e+02 
 2.092383e+00  1.265680e+01  3.278522e+01  5.241583e+01  9.813695e+01 
 2.121550e+00  1.242621e+01  3.216029e+01  5.138037e+01  9.603663e+01 
 2.151123e+00  1.221369e+01  3.157353e+01  5.033312e+01  9.391527e+01 
 2.181109e+00  1.199702e+01  3.095762e+01  4.932931e+01  9.194551e+01 
 2.211512e+00  1.179202e+01  3.035839e+01  4.829467e+01  8.985194e+01 
 2.242340e+00  1.158506e+01  2.981537e+01  4.733924e+01  8.793047e+01 
 2.273597e+00  1.137210e+01  2.924636e+01  4.633382e+01  8.600045e+01 
 2.305289e+00  1.118896e+01  2.868234e+01  4.539840e+01  8.412449e+01 
 2.337424e+00  1.099536e+01  2.811967e+01  4.445031e+01  8.228710e+01 
 2.370006e+00  1.080213e+01  2.758088e+01  4.353694e+01  8.048893e+01 
 2.403043e+00  1.060304e+01  2.705263e+01  4.260601e+01  7.866718e+01 
 2.436540e+00  1.042620e+01  2.653411e+01  4.171875e+01  7.688270e+01 
 2.470504e+00  1.024222e+01  2.601368e+01  4.081183e+01  7.513854e+01 
 2.504942e+00  1.006279e+01  2.550744e+01  3.994811e+01  7.343572e+01 
 2.539859e+00  9.890641e+00  2.498483e+01  3.907146e+01  7.170947e+01 
 2.575263e+00  9.705234e+00  2.446324e+01  3.824427e+01  7.009265e+01 
 2.611161e+00  9.538960e+00  2.397555e+01  3.737962e+01  6.845838e+01 
 2.647559e+00  9.368415e+00  2.348295e+01  3.654155e+01  6.683349e+01 
 2.684465e+00  9.202216e+00  2.301827e+01  3.573220e+01  6.526386e+01 
 2.721885e+00  9.030840e+00  2.251927e+01  3.493867e+01  6.373858e+01 
 2.759826e+00  8.871861e+00  2.204231e+01  3.414839e+01  6.224139e+01 
 2.798297e+00  8.710583e+00  2.159676e+01  3.338115e+01  6.080143e+01 
 2.837304e+00  8.556255e+00  2.114108e+01  3.262869e+01  5.936615e+01 
 2.876854e+00  8.401773e+00  2.069133e+01  3.189151e+01  5.797736e+01 
 2.916956e+00  8.252703e+00  2.026464e+01  3.117359e+01  5.658266e+01 
 2.957617e+00  8.107257e+00  1.983809e+01  3.047815e+01  5.524618e+01 
 2.998844e+00  7.960820e+00  1.942192e+01  2.978078e+01  5.393062e+01 
 3.040646e+00  7.816115e+00  1.900130e+01  2.909001e+01  5.267225e+01 
 3.083031e+00  7.673948e+00  1.858568e+01  2.841730e+01  5.140109e+01 
 3.126007e+00  7.534914e+00  1.818772e+01  2.775740e+01  5.015129e+01 
 3.169582e+00  7.394112e+00  1.777870e+01  2.708891e+01  4.893195e+01 
 3.213764e+00  7.255500e+00  1.738551e+01  2.644996e+01  4.774286e+01 
 3.258562e+00  7.117258e+00  1.700400e+01  2.582510e+01  4.657373e+01 
 3.303985e+00  6.983286e+00  1.661428e+01  2.520250e+01  4.543221e+01 
 3.350041e+00  6.852950e+00  1.623406e+01  2.459571e+01  4.431301e+01 
 3.396739e+00  6.720551e+00  1.586557e+01  2.401037e+01  4.321027e+01 
 3.444087e+00  6.593047e+00  1.550208e+01  2.341839e+01  4.214873e+01 
 3.492096e+00  6.469071e+00  1.515167e+01  2.285994e+01  4.112137e+01 
 3.540774e+00  6.341421e+00  1.480556e+01  2.231318e+01  4.011225e+01 
 3.590130e+00  6.221798e+00  1.446368e+01  2.176883e+01  3.913138e+01 
 3.640175e+00  6.103703e+00  1.413232e+01  2.125108e+01  3.817163e+01 
 3.690917e+00  5.984125e+00  1.381503e+01  2.072464e+01  3.722993e+01 
 3.742366e+00  5.867717e+00  1.348624e+01  2.022446e+01  3.632172e+01 
 3.794533e+00  5.754929e+00  1.317473e+01  1.973128e+01  3.541994e+01 
 3.847427e+00  5.640096e+00  1.286243e+01  1.924259e+01  3.454581e+01 
 3.901058e+00  5.526270e+00  1.255748e+01  1.876830e+01  3.367681e+01 
 3.955436e+00  5.418139e+00  1.225771e+01  1.829450e+01  3.282669e+01 
 4.010573e+00  5.306310e+00  1.196210e+01  1.784079e+01  3.200866e+01 
 4.066478e+00  5.197131e+00  1.166875e+01  1.739002e+01  3.119365e+01 
 4.123163e+00  5.089026e+00  1.138813e+01  1.694982e+01  3.040083e+01 
 4.180637e+00  4.985621e+00  1.111273e+01  1.652465e+01  2.962766e+01 
 4.238913e+00  4.881670e+00  1.083871e+01  1.610341e+01  2.888088e+01 
 4.298001e+00  4.778068e+00  1.057307e+01  1.569898e+01  2.814675e+01 
 4.357913e+00  4.681098e+00  1.031264e+01  1.530493e+01  2.744138e+01 
 4.418660e+00  4.582714e+00  1.006367e+01  1.491512e+01  2.675371e+01 
 4.480254e+00  4.486192e+00  9.816159e+00  1.453935e+01  2.607723e+01 
 4.542706e+00  4.392918e+00  9.574267e+00  1.417130e+01  2.541994e+01 
 4.606029e+00  4.299958e+00  9.341441e+00  1.381372e+01  2.478405e+01 
 4.670234e+00  4.208291e+00  9.110638e+00  1.346906e+01  2.416187e+01 
 4.735335e+00  4.118885e+00  8.885913e+00  1.312654e+01  2.355007e+01 
 4.801343e+00  4.031154e+00  8.666704e+00  1.279278e+01  2.294770e+01 
 4.868271e+00  3.942810e+00  8.448569e+00  1.246362e+01  2.235918e+01 
 4.936132e+00  3.856517e+00  8.234597e+00  1.214088e+01  2.178412e+01 
 5.004939e+00  3.770593e+00  8.025843e+00  1.182690e+01  2.121999e+01 
 5.074705e+00  3.685945e+00  7.821611e+00  1.151796e+01  2.067157e+01 
 5.145444e+00  3.604049e+00  7.621851e+00  1.121908e+01  2.013430e+01 
 5.217169e+00  3.522195e+00  7.426148e+00  1.092551e+01  1.960963e+01 
 5.289893e+00  3.443869e+00  7.236715e+00  1.064347e+01  1.910355e+01 
 5.363631e+00  3.365153e+00  7.051672e+00  1.036461e+01  1.860777e+01 
 5.438397e+00  3.289523e+00  6.871048e+00  1.009651e+01  1.812396e+01 
 5.514206e+00  3.215150e+00  6.696015e+00  9.834543e+00  1.765569e+01 
 5.591071e+00  3.141522e+00  6.525925e+00  9.580165e+00  1.719931e+01 
 5.669007e+00  3.071087e+00  6.360291e+00  9.333027e+00  1.675934e+01 
 5.748030e+00  3.001114e+00  6.198286e+00  9.091388e+00  1.632512e+01 
 5.828155e+00  2.932596e+00  6.040455e+00  8.857003e+00  1.590361e+01 
 5.909396e+00  2.865143e+00  5.886085e+00  8.627350e+00  1.549311e+01 
 5.991770e+00  2.798565e+00  5.734447e+00  8.401236e+00  1.509109e+01 
 6.075292e+00  2.733160e+00  5.586512e+00  8.181604e+00  1.469281e+01 
 6.159978e+00  2.668646e+00  5.440825e+00  7.966598e+00  1.430723e+01 
 6.245845e+00  2.605631e+00  5.298828e+00  7.756922e+00  1.392971e+01 
 6.332908e+00  2.543403e+00  5.160035e+00  7.550946e+00  1.355937e+01 
 6.421186e+00  2.482789e+00  5.025141e+00  7.350628e+00  1.319979e+01 
 6.510694e+00  2.423254e+00  4.893497e+00  7.156237e+00  1.285053e+01 
 6.601449e+00  2.365490e+00  4.765769e+00  6.967144e+00  1.250956e+01 
 6.693470e+00  2.308506e+00  4.641220e+00  6.782825e+00  1.217790e+01 
 6.786773e+00  2.253407e+00  4.520147e+00  6.603831e+00  1.185736e+01 
 6.881377e+00  2.199741e+00  4.403067e+00  6.430379e+00  1.154426e+01 
 6.977300e+00  2.147232e+00  4.289280e+00  6.263150e+00  1.124047e+01 
 7.074559e+00  2.096333e+00  4.178557e+00  6.098985e+00  1.094487e+01 
 7.173175e+00  2.046284e+00  4.070972e+00  5.939800e+00  1.065803e+01 
 7.273165e+00  1.997701e+00  3.966086e+00  5.785213e+00  1.037863e+01 
 7.374549e+00  1.949726e+00  3.863495e+00  5.633869e+00  1.010614e+01 
 7.477346e+00  1.902589e+00  3.763238e+00  5.486404e+00  9.838140e+00 
 7.581576e+00  1.856583e+00  3.664812e+00  5.341294e+00  9.576503e+00 
 7.687260e+00  1.811276e+00  3.569085e+00  5.199982e+00  9.321148e+00 
 7.794416e+00  1.766990e+00  3.475725e+00  5.061426e+00  9.071155e+00 
 7.903066e+00  1.723802e+00  3.383904e+00  4.926444e+00  8.827073e+00 
 8.013230e+00  1.681494e+00  3.295308e+00  4.795822e+00  8.590150e+00 
 8.124930e+00  1.640207e+00  3.208744e+00  4.668436e+00  8.359043e+00 
 8.238187e+00  1.600182e+00  3.124698e+00  4.544289e+00  8.134295e+00 
 8.353023e+00  1.561057e+00  3.043057e+00  4.423776e+00  7.915966e+00 
 8.469460e+00  1.523132e+00  2.963955e+00  4.307198e+00  7.704376e+00 
 8.587519e+00  1.486297e+00  2.887049e+00  4.193756e+00  7.498760e+00 
 8.707225e+00  1.450435e+00  2.812428e+00  4.083954e+00  7.299459e+00 
 8.828599e+00  1.415616e+00  2.740232e+00  3.977458e+00  7.105536e+00 
 8.951665e+00  1.381580e+00  2.670099e+00  3.873563e+00  6.917810e+00 
 9.076446e+00  1.348578e+00  2.601644e+00  3.772753e+00  6.734587e+00 
 9.202967e+00  1.316196e+00  2.534875e+00  3.674556e+00  6.555720e+00 
 9.331251e+00  1.284423e+00  2.469543e+00  3.578101e+00  6.380898e+00 
 9.461324e+00  0.000000e+00  0.000000e+00  0.000000e+00  0.000000e+00 
 9.593209e+00  0.000000e+00  0.000000e+00  0.000000e+00  0.000000e+00 
 9.726934e+00  0.000000e+00  0.000000e+00  0.000000e+00  0.000000e+00 
 9.862522e+00  0.000000e+00  0.000000e+00  0.000000e+00  0.000000e+00 
 1.000000e+01  0.000000e+00  0.000000e+00  0.000000e+00  0.000000e+00 
