 1.000000e-02  5.975411e+03  1.085277e+04  1.463298e+04  2.167855e+04 
 1.013939e-02  6.004643e+03  1.090571e+04  1.470407e+04  2.178352e+04 
 1.028073e-02  6.033244e+03  1.095748e+04  1.477364e+04  2.188615e+04 
 1.042404e-02  6.061222e+03  1.100799e+04  1.484166e+04  2.198642e+04 
 1.056935e-02  6.088590e+03  1.105736e+04  1.490818e+04  2.208449e+04 
 1.071668e-02  6.115365e+03  1.110570e+04  1.497321e+04  2.218030e+04 
 1.086606e-02  6.141562e+03  1.115305e+04  1.503680e+04  2.227402e+04 
 1.101753e-02  6.167134e+03  1.119931e+04  1.509889e+04  2.236556e+04 
 1.117111e-02  6.192012e+03  1.124431e+04  1.515931e+04  2.245453e+04 
 1.132683e-02  6.216166e+03  1.128798e+04  1.521795e+04  2.254084e+04 
 1.148472e-02  6.239599e+03  1.133030e+04  1.527473e+04  2.262447e+04 
 1.164481e-02  6.262290e+03  1.137124e+04  1.532963e+04  2.270534e+04 
 1.180713e-02  6.284222e+03  1.141077e+04  1.538272e+04  2.278345e+04 
 1.197171e-02  6.305367e+03  1.144891e+04  1.543397e+04  2.285879e+04 
 1.213859e-02  6.325691e+03  1.148555e+04  1.548323e+04  2.293117e+04 
 1.230780e-02  6.345192e+03  1.152070e+04  1.553038e+04  2.300054e+04 
 1.247936e-02  6.363863e+03  1.155435e+04  1.557546e+04  2.306684e+04 
 1.265332e-02  6.381658e+03  1.158639e+04  1.561845e+04  2.312988e+04 
 1.282970e-02  6.398573e+03  1.161683e+04  1.565933e+04  2.318962e+04 
 1.300854e-02  6.414582e+03  1.164561e+04  1.569793e+04  2.324607e+04 
 1.318987e-02  6.429634e+03  1.167265e+04  1.573407e+04  2.329909e+04 
 1.337373e-02  6.443703e+03  1.169789e+04  1.576775e+04  2.334859e+04 
 1.356015e-02  6.456780e+03  1.172136e+04  1.579908e+04  2.339453e+04 
 1.374917e-02  6.468847e+03  1.174301e+04  1.582803e+04  2.343685e+04 
 1.394083e-02  6.479898e+03  1.176278e+04  1.585448e+04  2.347542e+04 
 1.413516e-02  6.489923e+03  1.178065e+04  1.587839e+04  2.351027e+04 
 1.433219e-02  6.498890e+03  1.179660e+04  1.589969e+04  2.354117e+04 
 1.453198e-02  6.506721e+03  1.181053e+04  1.591816e+04  2.356792e+04 
 1.473454e-02  6.513421e+03  1.182239e+04  1.593379e+04  2.359051e+04 
 1.493993e-02  6.519006e+03  1.183221e+04  1.594673e+04  2.360902e+04 
 1.514819e-02  6.523403e+03  1.183989e+04  1.595686e+04  2.362335e+04 
 1.535935e-02  6.526582e+03  1.184539e+04  1.596403e+04  2.363339e+04 
 1.557345e-02  6.528562e+03  1.184869e+04  1.596826e+04  2.363913e+04 
 1.579053e-02  6.529326e+03  1.184979e+04  1.596950e+04  2.364049e+04 
 1.601064e-02  6.528864e+03  1.184867e+04  1.596772e+04  2.363732e+04 
 1.623382e-02  6.527156e+03  1.184528e+04  1.596290e+04  2.362963e+04 
 1.646012e-02  6.524171e+03  1.183957e+04  1.595497e+04  2.361730e+04 
 1.668956e-02  6.519899e+03  1.183152e+04  1.594391e+04  2.360037e+04 
 1.692220e-02  6.514330e+03  1.182109e+04  1.592964e+04  2.357873e+04 
 1.715809e-02  6.507422e+03  1.180825e+04  1.591209e+04  2.355222e+04 
 1.739726e-02  6.499173e+03  1.179297e+04  1.589124e+04  2.352083e+04 
 1.763977e-02  6.489574e+03  1.177525e+04  1.586709e+04  2.348451e+04 
 1.788566e-02  6.478608e+03  1.175504e+04  1.583961e+04  2.344316e+04 
 1.813498e-02  6.466257e+03  1.173232e+04  1.580876e+04  2.339687e+04 
 1.838777e-02  6.452532e+03  1.170709e+04  1.577450e+04  2.334565e+04 
 1.864409e-02  6.437412e+03  1.167933e+04  1.573681e+04  2.328938e+04 
 1.890397e-02  6.420866e+03  1.164899e+04  1.569567e+04  2.322793e+04 
 1.916748e-02  6.402899e+03  1.161606e+04  1.565106e+04  2.316127e+04 
 1.943467e-02  6.383506e+03  1.158055e+04  1.560293e+04  2.308952e+04 
 1.970558e-02  6.362706e+03  1.154247e+04  1.555137e+04  2.301275e+04 
 1.998026e-02  6.340463e+03  1.150180e+04  1.549631e+04  2.293078e+04 
 2.025878e-02  6.316745e+03  1.145843e+04  1.543764e+04  2.284336e+04 
 2.054117e-02  6.291563e+03  1.141242e+04  1.537540e+04  2.275060e+04 
 2.082751e-02  6.264970e+03  1.136386e+04  1.530970e+04  2.265278e+04 
 2.111783e-02  6.236973e+03  1.131275e+04  1.524056e+04  2.254991e+04 
 2.141220e-02  6.207628e+03  1.125916e+04  1.516804e+04  2.244196e+04 
 2.171068e-02  6.177423e+03  1.120375e+04  1.509287e+04  2.232937e+04 
 2.201331e-02  6.145787e+03  1.114575e+04  1.501420e+04  2.221163e+04 
 2.232016e-02  6.112743e+03  1.108520e+04  1.493211e+04  2.208891e+04 
 2.263130e-02  6.078313e+03  1.102215e+04  1.484661e+04  2.196129e+04 
 2.294676e-02  6.042501e+03  1.095660e+04  1.475774e+04  2.182871e+04 
 2.326663e-02  6.005332e+03  1.088857e+04  1.466554e+04  2.169104e+04 
 2.359095e-02  5.966801e+03  1.081806e+04  1.457006e+04  2.154842e+04 
 2.391980e-02  5.926936e+03  1.074516e+04  1.447131e+04  2.140105e+04 
 2.425323e-02  5.885762e+03  1.066989e+04  1.436938e+04  2.124901e+04 
 2.459130e-02  5.843309e+03  1.059231e+04  1.426434e+04  2.109239e+04 
 2.493409e-02  5.799615e+03  1.051247e+04  1.415626e+04  2.093130e+04 
 2.528166e-02  5.754696e+03  1.043041e+04  1.404519e+04  2.076579e+04 
 2.563407e-02  5.708572e+03  1.034616e+04  1.393118e+04  2.059592e+04 
 2.599140e-02  5.661286e+03  1.025982e+04  1.381436e+04  2.042191e+04 
 2.635371e-02  5.612905e+03  1.017148e+04  1.369484e+04  2.024394e+04 
 2.672106e-02  5.563451e+03  1.008121e+04  1.357274e+04  2.006215e+04 
 2.709354e-02  5.512950e+03  9.989054e+03  1.344810e+04  1.987664e+04 
 2.747121e-02  5.461432e+03  9.895078e+03  1.332101e+04  1.968748e+04 
 2.785414e-02  5.408897e+03  9.799265e+03  1.319151e+04  1.949481e+04 
 2.824241e-02  5.355143e+03  9.701388e+03  1.305932e+04  1.929846e+04 
 2.863610e-02  5.300569e+03  9.602029e+03  1.292511e+04  1.909918e+04 
 2.903527e-02  5.245211e+03  9.501227e+03  1.278900e+04  1.889707e+04 
 2.944000e-02  5.189118e+03  9.399109e+03  1.265110e+04  1.869232e+04 
 2.985038e-02  5.132356e+03  9.295766e+03  1.251159e+04  1.848521e+04 
 3.026648e-02  5.074984e+03  9.191353e+03  1.237062e+04  1.827596e+04 
 3.068838e-02  5.017068e+03  9.085962e+03  1.222834e+04  1.806479e+04 
 3.111616e-02  4.958673e+03  8.979712e+03  1.208493e+04  1.785194e+04 
 3.154990e-02  4.899861e+03  8.872716e+03  1.194049e+04  1.763762e+04 
 3.198969e-02  4.840707e+03  8.765097e+03  1.179524e+04  1.742207e+04 
 3.243561e-02  4.781283e+03  8.657010e+03  1.164936e+04  1.720562e+04 
 3.288774e-02  4.721666e+03  8.548566e+03  1.150300e+04  1.698849e+04 
 3.334618e-02  4.661936e+03  8.439909e+03  1.135638e+04  1.677097e+04 
 3.381101e-02  4.602154e+03  8.331174e+03  1.120966e+04  1.655327e+04 
 3.428231e-02  4.542393e+03  8.222490e+03  1.106301e+04  1.633571e+04 
 3.476019e-02  4.482536e+03  8.113985e+03  1.091697e+04  1.612014e+04 
 3.524473e-02  4.422847e+03  8.005797e+03  1.077135e+04  1.590524e+04 
 3.573602e-02  4.363410e+03  7.898046e+03  1.062635e+04  1.569123e+04 
 3.623416e-02  4.304294e+03  7.790889e+03  1.048214e+04  1.547837e+04 
 3.673925e-02  4.245580e+03  7.684460e+03  1.033890e+04  1.526694e+04 
 3.725137e-02  4.187327e+03  7.578895e+03  1.019682e+04  1.505718e+04 
 3.777064e-02  4.129610e+03  7.474306e+03  1.005605e+04  1.484937e+04 
 3.829714e-02  4.072504e+03  7.370801e+03  9.916757e+03  1.464375e+04 
 3.883098e-02  4.016076e+03  7.268517e+03  9.779113e+03  1.444056e+04 
 3.937226e-02  3.960397e+03  7.167593e+03  9.643287e+03  1.424005e+04 
 3.992109e-02  3.905523e+03  7.068143e+03  9.509446e+03  1.404242e+04 
 4.047757e-02  3.851503e+03  6.970220e+03  9.377610e+03  1.384766e+04 
 4.104181e-02  3.798192e+03  6.872933e+03  9.245951e+03  1.365129e+04 
 4.161391e-02  3.745852e+03  6.777429e+03  9.116687e+03  1.345850e+04 
 4.219398e-02  3.694536e+03  6.683787e+03  8.989959e+03  1.326946e+04 
 4.278214e-02  3.644289e+03  6.592098e+03  8.865864e+03  1.308430e+04 
 4.337850e-02  3.595163e+03  6.502431e+03  8.744493e+03  1.290317e+04 
 4.398317e-02  3.547190e+03  6.414851e+03  8.625935e+03  1.272620e+04 
 4.459628e-02  3.500392e+03  6.329411e+03  8.510258e+03  1.255350e+04 
 4.521792e-02  3.454790e+03  6.246154e+03  8.397528e+03  1.238519e+04 
 4.584824e-02  3.410410e+03  6.165101e+03  8.287787e+03  1.222131e+04 
 4.648734e-02  3.367264e+03  6.086295e+03  8.181075e+03  1.206189e+04 
 4.713535e-02  3.325542e+03  6.010877e+03  8.079750e+03  1.191267e+04 
 4.779239e-02  3.285165e+03  5.938375e+03  7.982853e+03  1.177129e+04 
 4.845859e-02  3.246012e+03  5.868098e+03  7.888910e+03  1.163425e+04 
 4.913407e-02  3.208070e+03  5.800011e+03  7.797901e+03  1.150151e+04 
 4.981898e-02  3.171320e+03  5.734059e+03  7.709771e+03  1.137300e+04 
 5.051342e-02  3.135723e+03  5.670189e+03  7.624442e+03  1.124858e+04 
 5.121755e-02  3.101245e+03  5.608322e+03  7.541809e+03  1.112814e+04 
 5.193150e-02  3.067828e+03  5.548381e+03  7.461748e+03  1.101151e+04 
 5.265540e-02  3.035423e+03  5.490273e+03  7.384143e+03  1.089847e+04 
 5.338938e-02  3.003725e+03  5.432983e+03  7.307139e+03  1.078505e+04 
 5.413360e-02  2.972625e+03  5.376204e+03  7.230257e+03  1.067031e+04 
 5.488820e-02  2.942349e+03  5.320919e+03  7.155413e+03  1.055855e+04 
 5.565331e-02  2.912783e+03  5.266918e+03  7.082309e+03  1.044936e+04 
 5.642908e-02  2.883784e+03  5.213941e+03  7.010568e+03  1.034221e+04 
 5.721568e-02  2.855255e+03  5.161824e+03  6.939966e+03  1.023679e+04 
 5.801323e-02  2.827305e+03  5.110762e+03  6.870773e+03  1.013347e+04 
 5.882190e-02  2.800047e+03  5.060956e+03  6.803276e+03  1.003264e+04 
 5.964185e-02  2.773488e+03  5.012773e+03  6.738327e+03  9.936533e+03 
 6.047322e-02  2.747606e+03  4.966792e+03  6.677350e+03  9.848922e+03 
 6.131619e-02  2.721376e+03  4.920165e+03  6.615517e+03  9.760029e+03 
 6.217090e-02  2.694559e+03  4.872478e+03  6.552251e+03  9.669021e+03 
 6.303753e-02  2.667202e+03  4.823797e+03  6.487654e+03  9.576032e+03 
 6.391624e-02  2.639369e+03  4.774250e+03  6.421872e+03  9.481295e+03 
 6.480720e-02  2.611056e+03  4.723831e+03  6.354897e+03  9.384792e+03 
 6.571058e-02  2.582119e+03  4.672276e+03  6.286383e+03  9.285994e+03 
 6.662655e-02  2.551155e+03  4.615082e+03  6.208241e+03  9.167363e+03 
 6.755528e-02  2.519214e+03  4.556075e+03  6.127606e+03  9.044939e+03 
 6.849697e-02  2.486261e+03  4.495258e+03  6.044558e+03  8.918987e+03 
 6.945178e-02  2.452238e+03  4.432517e+03  5.958941e+03  8.789280e+03 
 7.041990e-02  2.417091e+03  4.367750e+03  5.870620e+03  8.655614e+03 
 7.140151e-02  2.380771e+03  4.300883e+03  5.779491e+03  8.517847e+03 
 7.239681e-02  2.343525e+03  4.232665e+03  5.686900e+03  8.379154e+03 
 7.340598e-02  2.305388e+03  4.163212e+03  5.593098e+03  8.240085e+03 
 7.442922e-02  2.266021e+03  4.091556e+03  5.496343e+03  8.096678e+03 
 7.546673e-02  2.225452e+03  4.017740e+03  5.396716e+03  7.949040e+03 
 7.651869e-02  2.183740e+03  3.941866e+03  5.294352e+03  7.797372e+03 
 7.758532e-02  2.140965e+03  3.864074e+03  5.189429e+03  7.641944e+03 
 7.866682e-02  2.098100e+03  3.787279e+03  5.086998e+03  7.493086e+03 
 7.976339e-02  2.055792e+03  3.713384e+03  4.990298e+03  7.357252e+03 
 8.087525e-02  2.012688e+03  3.638003e+03  4.891512e+03  7.218138e+03 
 8.200261e-02  1.968946e+03  3.561406e+03  4.791008e+03  7.076279e+03 
 8.314568e-02  1.924753e+03  3.483892e+03  4.689205e+03  6.932291e+03 
 8.430468e-02  1.880295e+03  3.405790e+03  4.586551e+03  6.786830e+03 
 8.547985e-02  1.834888e+03  3.324610e+03  4.478453e+03  6.630211e+03 
 8.667139e-02  1.789243e+03  3.242374e+03  4.368296e+03  6.469065e+03 
 8.787954e-02  1.743997e+03  3.160861e+03  4.259076e+03  6.309214e+03 
 8.910453e-02  1.699373e+03  3.080457e+03  4.151338e+03  6.151481e+03 
 9.034660e-02  1.655583e+03  3.001544e+03  4.045613e+03  5.996631e+03 
 9.160598e-02  1.613501e+03  2.926586e+03  3.946013e+03  5.852637e+03 
 9.288292e-02  1.573243e+03  2.855696e+03  3.852567e+03  5.719328e+03 
 9.417766e-02  1.534369e+03  2.787238e+03  3.762307e+03  5.590543e+03 
 9.549045e-02  1.497040e+03  2.721526e+03  3.675681e+03  5.466929e+03 
 9.682153e-02  1.461404e+03  2.658822e+03  3.593027e+03  5.349017e+03 
 9.817117e-02  1.427829e+03  2.600160e+03  3.516079e+03  5.240169e+03 
 9.953962e-02  1.396256e+03  2.545187e+03  3.444164e+03  5.138886e+03 
 1.009272e-01  1.366670e+03  2.493733e+03  3.376960e+03  5.044421e+03 
 1.023340e-01  1.339088e+03  2.445875e+03  3.314549e+03  4.956916e+03 
 1.037605e-01  1.312842e+03  2.399640e+03  3.253543e+03  4.869777e+03 
 1.052069e-01  1.286095e+03  2.349521e+03  3.184608e+03  4.764833e+03 
 1.066734e-01  1.261343e+03  2.303072e+03  3.120673e+03  4.667416e+03 
 1.081604e-01  1.238476e+03  2.260074e+03  3.061462e+03  4.577078e+03 
 1.096681e-01  1.217345e+03  2.220269e+03  3.006603e+03  4.493268e+03 
 1.111968e-01  1.198121e+03  2.184411e+03  2.957313e+03  4.417851e+03 
 1.127468e-01  1.180258e+03  2.151090e+03  2.911468e+03  4.347596e+03 
 1.143184e-01  1.163514e+03  2.119831e+03  2.868409e+03  4.281557e+03 
 1.159120e-01  1.147637e+03  2.090167e+03  2.827517e+03  4.218777e+03 
 1.175277e-01  1.133366e+03  2.064476e+03  2.792895e+03  4.167057e+03 
 1.191660e-01  1.119502e+03  2.039609e+03  2.759453e+03  4.117264e+03 
 1.208271e-01  1.105666e+03  2.014800e+03  2.726070e+03  4.067593e+03 
 1.225114e-01  1.091530e+03  1.989456e+03  2.691993e+03  4.016975e+03 
 1.242191e-01  1.076579e+03  1.962481e+03  2.655808e+03  3.964055e+03 
 1.259506e-01  1.060904e+03  1.934168e+03  2.617787e+03  3.908391e+03 
 1.277063e-01  1.044289e+03  1.904135e+03  2.577450e+03  3.849266e+03 
 1.294865e-01  1.026937e+03  1.872977e+03  2.535696e+03  3.787817e+03 
 1.312915e-01  1.008796e+03  1.840620e+03  2.492383e+03  3.723813e+03 
 1.331216e-01  9.893679e+02  1.805923e+03  2.445857e+03  3.655012e+03 
 1.349772e-01  9.686779e+02  1.768954e+03  2.396281e+03  3.581787e+03 
 1.368587e-01  9.479156e+02  1.733701e+03  2.351180e+03  3.521288e+03 
 1.387665e-01  9.260085e+02  1.696256e+03  2.303030e+03  3.455965e+03 
 1.407008e-01  9.031355e+02  1.656953e+03  2.252251e+03  3.386423e+03 
 1.426621e-01  8.803529e+02  1.618029e+03  2.201734e+03  3.315774e+03 
 1.446507e-01  8.573271e+02  1.578615e+03  2.150414e+03  3.243275e+03 
 1.466671e-01  8.340731e+02  1.538648e+03  2.098222e+03  3.169249e+03 
 1.487115e-01  8.088093e+02  1.492977e+03  2.036896e+03  3.079431e+03 
 1.507845e-01  7.826344e+02  1.444294e+03  1.970594e+03  2.980696e+03 
 1.528864e-01  7.573363e+02  1.397240e+03  1.906510e+03  2.885239e+03 
 1.550175e-01  7.349529e+02  1.357382e+03  1.853607e+03  2.809192e+03 
 1.571784e-01  7.151079e+02  1.323403e+03  1.809627e+03  2.748233e+03 
 1.593694e-01  6.966935e+02  1.291935e+03  1.768971e+03  2.692026e+03 
 1.615909e-01  6.802877e+02  1.264330e+03  1.733536e+03  2.643283e+03 
 1.638434e-01  6.656907e+02  1.240083e+03  1.702629e+03  2.601117e+03 
 1.661273e-01  6.527011e+02  1.218719e+03  1.675578e+03  2.564684e+03 
 1.684430e-01  6.381048e+02  1.191728e+03  1.639125e+03  2.511585e+03 
 1.707910e-01  6.246133e+02  1.166472e+03  1.604852e+03  2.461389e+03 
 1.731717e-01  6.129569e+02  1.145016e+03  1.575951e+03  2.419421e+03 
 1.755856e-01  6.044674e+02  1.131035e+03  1.558063e+03  2.394304e+03 
 1.780332e-01  5.967006e+02  1.118374e+03  1.541975e+03  2.371917e+03 
 1.805149e-01  5.876915e+02  1.101393e+03  1.518296e+03  2.334814e+03 
 1.830312e-01  5.778016e+02  1.081593e+03  1.489766e+03  2.288487e+03 
 1.855825e-01  5.678396e+02  1.061954e+03  1.461794e+03  2.243763e+03 
 1.881694e-01  5.580316e+02  1.044240e+03  1.438308e+03  2.210192e+03 
 1.907924e-01  5.475558e+02  1.025273e+03  1.413093e+03  2.173975e+03 
 1.934520e-01  5.358770e+02  1.003984e+03  1.384860e+03  2.134348e+03 
 1.961486e-01  5.231960e+02  9.807880e+02  1.354040e+03  2.091087e+03 
 1.988828e-01  5.108034e+02  9.587716e+02  1.324998e+03  2.050063e+03 
 2.016551e-01  4.992752e+02  9.392789e+02  1.299651e+03  2.013982e+03 
 2.044661e-01  4.868954e+02  9.178578e+02  1.271396e+03  1.973028e+03 
 2.073162e-01  4.731098e+02  8.922186e+02  1.236101e+03  1.919288e+03 
 2.102061e-01  4.591863e+02  8.662942e+02  1.200402e+03  1.864883e+03 
 2.131362e-01  4.489335e+02  8.512765e+02  1.182573e+03  1.841705e+03 
 2.161073e-01  4.391644e+02  8.371994e+02  1.166071e+03  1.820579e+03 
 2.191197e-01  4.269369e+02  8.161052e+02  1.138913e+03  1.784003e+03 
 2.221741e-01  4.148873e+02  7.947451e+02  1.111103e+03  1.746437e+03 
 2.252711e-01  4.042916e+02  7.766104e+02  1.088015e+03  1.715843e+03 
 2.284112e-01  3.949350e+02  7.609303e+02  1.068359e+03  1.690335e+03 
 2.315951e-01  3.869522e+02  7.469058e+02  1.049550e+03  1.661950e+03 
 2.348235e-01  3.800000e+02  7.345001e+02  1.032486e+03  1.634838e+03 
 2.380968e-01  3.719259e+02  7.187971e+02  1.010551e+03  1.601460e+03 
 2.414157e-01  3.639517e+02  7.030082e+02  9.884345e+02  1.568133e+03 
 2.447809e-01  3.560291e+02  6.879191e+02  9.678577e+02  1.537284e+03 
 2.481930e-01  3.482694e+02  6.732646e+02  9.479525e+02  1.507444e+03 
 2.516527e-01  3.436387e+02  6.658504e+02  9.382339e+02  1.492814e+03 
 2.551606e-01  3.377368e+02  6.555754e+02  9.244791e+02  1.472375e+03 
 2.587174e-01  3.284948e+02  6.376118e+02  8.998847e+02  1.436637e+03 
 2.623238e-01  3.205572e+02  6.232460e+02  8.807128e+02  1.409203e+03 
 2.659804e-01  3.140851e+02  6.128600e+02  8.675198e+02  1.390927e+03 
 2.696881e-01  3.054933e+02  5.973739e+02  8.467776e+02  1.360033e+03 
 2.734474e-01  2.963244e+02  5.804857e+02  8.239625e+02  1.325721e+03 
 2.772591e-01  2.893591e+02  5.690999e+02  8.098330e+02  1.307607e+03 
 2.811239e-01  2.821844e+02  5.567366e+02  7.941860e+02  1.288039e+03 
 2.850426e-01  2.748174e+02  5.432678e+02  7.768338e+02  1.267180e+03 
 2.890160e-01  2.682646e+02  5.322035e+02  7.626430e+02  1.247063e+03 
 2.930447e-01  2.623035e+02  5.219449e+02  7.489160e+02  1.225718e+03 
 2.971296e-01  2.567224e+02  5.108534e+02  7.321785e+02  1.196748e+03 
 3.012714e-01  2.518325e+02  5.025261e+02  7.212630e+02  1.180897e+03 
 3.054710e-01  2.470640e+02  4.947785e+02  7.118319e+02  1.169004e+03 
 3.097291e-01  2.412195e+02  4.841171e+02  6.979378e+02  1.150305e+03 
 3.140465e-01  2.357866e+02  4.733315e+02  6.825023e+02  1.125103e+03 
 3.184242e-01  2.308588e+02  4.636973e+02  6.687119e+02  1.102535e+03 
 3.228628e-01  2.268542e+02  4.571576e+02  6.606215e+02  1.092904e+03 
 3.273634e-01  2.211324e+02  4.458249e+02  6.444215e+02  1.067116e+03 
 3.319266e-01  2.151479e+02  4.343698e+02  6.286681e+02  1.043547e+03 
 3.365535e-01  2.094299e+02  4.242784e+02  6.157463e+02  1.026374e+03 
 3.412449e-01  2.054465e+02  4.189499e+02  6.093237e+02  1.015926e+03 
 3.460016e-01  2.011221e+02  4.118884e+02  6.002405e+02  1.003203e+03 
 3.508247e-01  1.969660e+02  4.044967e+02  5.903957e+02  9.888756e+02 
 3.557150e-01  1.930200e+02  3.972040e+02  5.805155e+02  9.736789e+02 
 3.606735e-01  1.885120e+02  3.892244e+02  5.701493e+02  9.593617e+02 
 3.657011e-01  1.831953e+02  3.792043e+02  5.565644e+02  9.409296e+02 
 3.707988e-01  1.789634e+02  3.711691e+02  5.456939e+02  9.250372e+02 
 3.759675e-01  1.750855e+02  3.638275e+02  5.356866e+02  9.102301e+02 
 3.812083e-01  1.710542e+02  3.566020e+02  5.259607e+02  8.961625e+02 
 3.865221e-01  1.676413e+02  3.517238e+02  5.203104e+02  8.865638e+02 
 3.919100e-01  1.640146e+02  3.433423e+02  5.077374e+02  8.697144e+02 
 3.973730e-01  1.599506e+02  3.365955e+02  4.992098e+02  8.559631e+02 
 4.029122e-01  1.566490e+02  3.313545e+02  4.918629e+02  8.424488e+02 
 4.085286e-01  1.533213e+02  3.242937e+02  4.818201e+02  8.281975e+02 
 4.142232e-01  1.493931e+02  3.163780e+02  4.714441e+02  8.154113e+02 
 4.199973e-01  1.456288e+02  3.099565e+02  4.633271e+02  8.034664e+02 
 4.258518e-01  1.426476e+02  3.044571e+02  4.555252e+02  7.899990e+02 
 4.317880e-01  1.395113e+02  2.983356e+02  4.465388e+02  7.764337e+02 
 4.378069e-01  1.367468e+02  2.928547e+02  4.386988e+02  7.634573e+02 
 4.439097e-01  1.344387e+02  2.893724e+02  4.346465e+02  7.599786e+02 
 4.500975e-01  1.307905e+02  2.826325e+02  4.254586e+02  7.465772e+02 
 4.563716e-01  1.276676e+02  2.762081e+02  4.161150e+02  7.299540e+02 
 4.627332e-01  1.256782e+02  2.735284e+02  4.133098e+02  7.273403e+02 
 4.691835e-01  1.223973e+02  2.670450e+02  4.040086e+02  7.118282e+02 
 4.757236e-01  1.200310e+02  2.624119e+02  3.976338e+02  7.020116e+02 
 4.823549e-01  1.168655e+02  2.559808e+02  3.886345e+02  6.898944e+02 
 4.890787e-01  1.143644e+02  2.511664e+02  3.821412e+02  6.797490e+02 
 4.958962e-01  1.125009e+02  2.475453e+02  3.764952e+02  6.693723e+02 
 5.028087e-01  1.100124e+02  2.432809e+02  3.707835e+02  6.611263e+02 
 5.098176e-01  1.079803e+02  2.395641e+02  3.653632e+02  6.504970e+02 
 5.169242e-01  1.060792e+02  2.359969e+02  3.606037e+02  6.440649e+02 
 5.241298e-01  1.026018e+02  2.301192e+02  3.534341e+02  6.352610e+02 
 5.314359e-01  1.007945e+02  2.273577e+02  3.496169e+02  6.290682e+02 
 5.388438e-01  9.863850e+01  2.224549e+02  3.423221e+02  6.180853e+02 
 5.463550e-01  9.685679e+01  2.189820e+02  3.371478e+02  6.095140e+02 
 5.539709e-01  9.426243e+01  2.144324e+02  3.313387e+02  6.005215e+02 
 5.616930e-01  9.258556e+01  2.111892e+02  3.267854e+02  5.937025e+02 
 5.695227e-01  9.077856e+01  2.082922e+02  3.231579e+02  5.858443e+02 
 5.774615e-01  8.870839e+01  2.035283e+02  3.161221e+02  5.758956e+02 
 5.855110e-01  8.711455e+01  2.005817e+02  3.116076e+02  5.682727e+02 
 5.936727e-01  8.507172e+01  1.958659e+02  3.050503e+02  5.584228e+02 
 6.019482e-01  8.362043e+01  1.936001e+02  3.013565e+02  5.516432e+02 
 6.103390e-01  8.163258e+01  1.902253e+02  2.969671e+02  5.437388e+02 
 6.188468e-01  7.982445e+01  1.873074e+02  2.944010e+02  5.419760e+02 
 6.274732e-01  7.847874e+01  1.837994e+02  2.883967e+02  5.323731e+02 
 6.362198e-01  7.690909e+01  1.811026e+02  2.844671e+02  5.247585e+02 
 6.450884e-01  7.511348e+01  1.778779e+02  2.799530e+02  5.167870e+02 
 6.540806e-01  7.354584e+01  1.741332e+02  2.743115e+02  5.087733e+02 
 6.631981e-01  7.192759e+01  1.715985e+02  2.715318e+02  5.038241e+02 
 6.724427e-01  7.055246e+01  1.686730e+02  2.675038e+02  4.988353e+02 
 6.818162e-01  6.902949e+01  1.656402e+02  2.621865e+02  4.892288e+02 
 6.913204e-01  6.755932e+01  1.626926e+02  2.583610e+02  4.826230e+02 
 7.009570e-01  6.659489e+01  1.602969e+02  2.548478e+02  4.765416e+02 
 7.107280e-01  6.489910e+01  1.576827e+02  2.511442e+02  4.692556e+02 
 7.206351e-01  6.388891e+01  1.552989e+02  2.480014e+02  4.654624e+02 
 7.306804e-01  6.260737e+01  1.529867e+02  2.440884e+02  4.572951e+02 
 7.408657e-01  6.122029e+01  1.500238e+02  2.398814e+02  4.516820e+02 
 7.511929e-01  5.992675e+01  1.473549e+02  2.364345e+02  4.455450e+02 
 7.616642e-01  5.875971e+01  1.447439e+02  2.327325e+02  4.400701e+02 
 7.722814e-01  5.798897e+01  1.433005e+02  2.301877e+02  4.339076e+02 
 7.830465e-01  5.677007e+01  1.405901e+02  2.263544e+02  4.283260e+02 
 7.939618e-01  5.572825e+01  1.387961e+02  2.234688e+02  4.239889e+02 
 8.050292e-01  5.448850e+01  1.362918e+02  2.205473e+02  4.186372e+02 
 8.162509e-01  5.354071e+01  1.343119e+02  2.169214e+02  4.114606e+02 
 8.276289e-01  5.224201e+01  1.316834e+02  2.134521e+02  4.062724e+02 
 8.391656e-01  5.158539e+01  1.301136e+02  2.104843e+02  4.017705e+02 
 8.508632e-01  5.063421e+01  1.279631e+02  2.076848e+02  3.964737e+02 
 8.627237e-01  4.952570e+01  1.259204e+02  2.045984e+02  3.903238e+02 
 8.747496e-01  4.861736e+01  1.238167e+02  2.016050e+02  3.851632e+02 
 8.869432e-01  4.777988e+01  1.220863e+02  1.989472e+02  3.804980e+02 
 8.993067e-01  4.681321e+01  1.201683e+02  1.959803e+02  3.750593e+02 
 9.118425e-01  4.609024e+01  1.181437e+02  1.927369e+02  3.685326e+02 
 9.245531e-01  4.509628e+01  1.162375e+02  1.898287e+02  3.646137e+02 
 9.374409e-01  4.423153e+01  1.144751e+02  1.874361e+02  3.597838e+02 
 9.505083e-01  4.350579e+01  1.127015e+02  1.847468e+02  3.549268e+02 
 9.637579e-01  4.258422e+01  1.105940e+02  1.815861e+02  3.497734e+02 
 9.771921e-01  4.203081e+01  1.099319e+02  1.798770e+02  3.452607e+02 
 9.908137e-01  4.123118e+01  1.079072e+02  1.770297e+02  3.407839e+02 
 1.004625e+00  4.042838e+01  1.059586e+02  1.740654e+02  3.352575e+02 
 1.018629e+00  3.976902e+01  1.045292e+02  1.716617e+02  3.304930e+02 
 1.032828e+00  3.900144e+01  1.028993e+02  1.694701e+02  3.269966e+02 
 1.047225e+00  3.824676e+01  1.014126e+02  1.668125e+02  3.214367e+02 
 1.061823e+00  3.766187e+01  1.000713e+02  1.645843e+02  3.170017e+02 
 1.076624e+00  3.695628e+01  9.850710e+01  1.621965e+02  3.123143e+02 
 1.091632e+00  3.633342e+01  9.694306e+01  1.598836e+02  3.076557e+02 
 1.106848e+00  3.563945e+01  9.529452e+01  1.574767e+02  3.035556e+02 
 1.122277e+00  3.501114e+01  9.396190e+01  1.549243e+02  2.985507e+02 
 1.137921e+00  3.437785e+01  9.238249e+01  1.526207e+02  2.942262e+02 
 1.153783e+00  3.381670e+01  9.097777e+01  1.503648e+02  2.900986e+02 
 1.169866e+00  3.323134e+01  8.964445e+01  1.481532e+02  2.861621e+02 
 1.186174e+00  3.262365e+01  8.835297e+01  1.459579e+02  2.815528e+02 
 1.202708e+00  3.209441e+01  8.699519e+01  1.438470e+02  2.774289e+02 
 1.219473e+00  3.155889e+01  8.572877e+01  1.418187e+02  2.728783e+02 
 1.236472e+00  3.099543e+01  8.445564e+01  1.398067e+02  2.690302e+02 
 1.253708e+00  3.048763e+01  8.308567e+01  1.374425e+02  2.650585e+02 
 1.271184e+00  2.997746e+01  8.212919e+01  1.357948e+02  2.609289e+02 
 1.288904e+00  2.945772e+01  8.056062e+01  1.334508e+02  2.571942e+02 
 1.306870e+00  2.892045e+01  7.931962e+01  1.313634e+02  2.528581e+02 
 1.325087e+00  2.847658e+01  7.816475e+01  1.294419e+02  2.486951e+02 
 1.343558e+00  2.799268e+01  7.692754e+01  1.274332e+02  2.446918e+02 
 1.362287e+00  2.754933e+01  7.568291e+01  1.252769e+02  2.407453e+02 
 1.381276e+00  2.707794e+01  7.452598e+01  1.231049e+02  2.367984e+02 
 1.400531e+00  2.663389e+01  7.338534e+01  1.212773e+02  2.326572e+02 
 1.420053e+00  2.616546e+01  7.215137e+01  1.194045e+02  2.287534e+02 
 1.439848e+00  2.574347e+01  7.108786e+01  1.174034e+02  2.250545e+02 
 1.459919e+00  2.528229e+01  6.994368e+01  1.154965e+02  2.210401e+02 
 1.480269e+00  2.491659e+01  6.872160e+01  1.134858e+02  2.169142e+02 
 1.500903e+00  2.449438e+01  6.767741e+01  1.115982e+02  2.135945e+02 
 1.521825e+00  2.408276e+01  6.668020e+01  1.098821e+02  2.098262e+02 
 1.543038e+00  2.367227e+01  6.559931e+01  1.081709e+02  2.064101e+02 
 1.564548e+00  2.331450e+01  6.455705e+01  1.063388e+02  2.025991e+02 
 1.586357e+00  2.293214e+01  6.356613e+01  1.045789e+02  1.989903e+02 
 1.608469e+00  2.253085e+01  6.254613e+01  1.028343e+02  1.956465e+02 
 1.630891e+00  2.222057e+01  6.142147e+01  1.008629e+02  1.917500e+02 
 1.653624e+00  2.182655e+01  6.040848e+01  9.925782e+01  1.885933e+02 
 1.676675e+00  2.146595e+01  5.950139e+01  9.760955e+01  1.849490e+02 
 1.700047e+00  2.110560e+01  5.852601e+01  9.589451e+01  1.816022e+02 
 1.723745e+00  2.077494e+01  5.751377e+01  9.418485e+01  1.779640e+02 
 1.747773e+00  2.040722e+01  5.651812e+01  9.247302e+01  1.745418e+02 
 1.772136e+00  2.007912e+01  5.557096e+01  9.079208e+01  1.713804e+02 
 1.796838e+00  1.975752e+01  5.461398e+01  8.916214e+01  1.680239e+02 
 1.821885e+00  1.945456e+01  5.366624e+01  8.750240e+01  1.648602e+02 
 1.847281e+00  1.912494e+01  5.282187e+01  8.600694e+01  1.616539e+02 
 1.873032e+00  1.881811e+01  5.185876e+01  8.430355e+01  1.585391e+02 
 1.899141e+00  1.850180e+01  5.091843e+01  8.277949e+01  1.554293e+02 
 1.925614e+00  1.821445e+01  5.006184e+01  8.125652e+01  1.522592e+02 
 1.952456e+00  1.796343e+01  4.923368e+01  7.976550e+01  1.492131e+02 
 1.979672e+00  1.763217e+01  4.839171e+01  7.827918e+01  1.462456e+02 
 2.007267e+00  1.736407e+01  4.751030e+01  7.671312e+01  1.433609e+02 
 2.035248e+00  1.706133e+01  4.662710e+01  7.520087e+01  1.402993e+02 
 2.063618e+00  1.677715e+01  4.575745e+01  7.372490e+01  1.373590e+02 
 2.092383e+00  1.650570e+01  4.491331e+01  7.224339e+01  1.344988e+02 
 2.121550e+00  1.622214e+01  4.406563e+01  7.080592e+01  1.316363e+02 
 2.151123e+00  1.595794e+01  4.325611e+01  6.935063e+01  1.287757e+02 
 2.181109e+00  1.568788e+01  4.241482e+01  6.796380e+01  1.260729e+02 
 2.211512e+00  1.542767e+01  4.158973e+01  6.653286e+01  1.232394e+02 
 2.242340e+00  1.517367e+01  4.082661e+01  6.519264e+01  1.205979e+02 
 2.273597e+00  1.490385e+01  4.004157e+01  6.379027e+01  1.179308e+02 
 2.305289e+00  1.467055e+01  3.925854e+01  6.248847e+01  1.153652e+02 
 2.337424e+00  1.442638e+01  3.847895e+01  6.116018e+01  1.128450e+02 
 2.370006e+00  1.418110e+01  3.772944e+01  5.988924e+01  1.104089e+02 
 2.403043e+00  1.393175e+01  3.699504e+01  5.858555e+01  1.079057e+02 
 2.436540e+00  1.370642e+01  3.627761e+01  5.734903e+01  1.054852e+02 
 2.470504e+00  1.347320e+01  3.555542e+01  5.609619e+01  1.030781e+02 
 2.504942e+00  1.324320e+01  3.485642e+01  5.490512e+01  1.007735e+02 
 2.539859e+00  1.302459e+01  3.413281e+01  5.367245e+01  9.841276e+01 
 2.575263e+00  1.278673e+01  3.341546e+01  5.252203e+01  9.618443e+01 
 2.611161e+00  1.257143e+01  3.272600e+01  5.131053e+01  9.394880e+01 
 2.647559e+00  1.235179e+01  3.203489e+01  5.013099e+01  9.170190e+01 
 2.684465e+00  1.213296e+01  3.137780e+01  4.899358e+01  8.953561e+01 
 2.721885e+00  1.191065e+01  3.068247e+01  4.788044e+01  8.742023e+01 
 2.759826e+00  1.169994e+01  3.001685e+01  4.675837e+01  8.532936e+01 
 2.798297e+00  1.149022e+01  2.937558e+01  4.568807e+01  8.334359e+01 
 2.837304e+00  1.128616e+01  2.873737e+01  4.462605e+01  8.134553e+01 
 2.876854e+00  1.108191e+01  2.810521e+01  4.357815e+01  7.940679e+01 
 2.916956e+00  1.088355e+01  2.749724e+01  4.255940e+01  7.745433e+01 
 2.957617e+00  1.068971e+01  2.690235e+01  4.157403e+01  7.560979e+01 
 2.998844e+00  1.049555e+01  2.631392e+01  4.059132e+01  7.377322e+01 
 3.040646e+00  1.030451e+01  2.572512e+01  3.962240e+01  7.202998e+01 
 3.083031e+00  1.011633e+01  2.514476e+01  3.868068e+01  7.028649e+01 
 3.126007e+00  9.933171e+00  2.459109e+01  3.775517e+01  6.854623e+01 
 3.169582e+00  9.746964e+00  2.401655e+01  3.682527e+01  6.686637e+01 
 3.213764e+00  9.563360e+00  2.346683e+01  3.592826e+01  6.521353e+01 
 3.258562e+00  9.378600e+00  2.293108e+01  3.504408e+01  6.359112e+01 
 3.303985e+00  9.198655e+00  2.238615e+01  3.417875e+01  6.200418e+01 
 3.350041e+00  9.021736e+00  2.185376e+01  3.332094e+01  6.044301e+01 
 3.396739e+00  8.844142e+00  2.133895e+01  3.249876e+01  5.891321e+01 
 3.444087e+00  8.674749e+00  2.082507e+01  3.166706e+01  5.741409e+01 
 3.492096e+00  8.505611e+00  2.033264e+01  3.088492e+01  5.598860e+01 
 3.540774e+00  8.334080e+00  1.985077e+01  3.011231e+01  5.456867e+01 
 3.590130e+00  8.172473e+00  1.937106e+01  2.934736e+01  5.320477e+01 
 3.640175e+00  8.013006e+00  1.890752e+01  2.861893e+01  5.186193e+01 
 3.690917e+00  7.851870e+00  1.845785e+01  2.788659e+01  5.054727e+01 
 3.742366e+00  7.696085e+00  1.800467e+01  2.718665e+01  4.928729e+01 
 3.794533e+00  7.543479e+00  1.757499e+01  2.650321e+01  4.803750e+01 
 3.847427e+00  7.391783e+00  1.714255e+01  2.582961e+01  4.683431e+01 
 3.901058e+00  7.237990e+00  1.672539e+01  2.517335e+01  4.563359e+01 
 3.955436e+00  7.093561e+00  1.631071e+01  2.451596e+01  4.445622e+01 
 4.010573e+00  6.942262e+00  1.590238e+01  2.388994e+01  4.332578e+01 
 4.066478e+00  6.796644e+00  1.550010e+01  2.326333e+01  4.219580e+01 
 4.123163e+00  6.651949e+00  1.511247e+01  2.265654e+01  4.109881e+01 
 4.180637e+00  6.511232e+00  1.473162e+01  2.206670e+01  4.002546e+01 
 4.238913e+00  6.371957e+00  1.435414e+01  2.148615e+01  3.898922e+01 
 4.298001e+00  6.232477e+00  1.398883e+01  2.092451e+01  3.797065e+01 
 4.357913e+00  6.100983e+00  1.363220e+01  2.037653e+01  3.698946e+01 
 4.418660e+00  5.968460e+00  1.328785e+01  1.984384e+01  3.603572e+01 
 4.480254e+00  5.837496e+00  1.294850e+01  1.932459e+01  3.510225e+01 
 4.542706e+00  5.712115e+00  1.261657e+01  1.881833e+01  3.419250e+01 
 4.606029e+00  5.586915e+00  1.229825e+01  1.833084e+01  3.331672e+01 
 4.670234e+00  5.464428e+00  1.198607e+01  1.785855e+01  3.246337e+01 
 4.735335e+00  5.344308e+00  1.168202e+01  1.739296e+01  3.162412e+01 
 4.801343e+00  5.228360e+00  1.138528e+01  1.694069e+01  3.080302e+01 
 4.868271e+00  5.111482e+00  1.109147e+01  1.649549e+01  3.000199e+01 
 4.936132e+00  4.996521e+00  1.080387e+01  1.606147e+01  2.921732e+01 
 5.004939e+00  4.882694e+00  1.052377e+01  1.563637e+01  2.844917e+01 
 5.074705e+00  4.769969e+00  1.024897e+01  1.521996e+01  2.770167e+01 
 5.145444e+00  4.661073e+00  9.980789e+00  1.481440e+01  2.697291e+01 
 5.217169e+00  4.552313e+00  9.718095e+00  1.441899e+01  2.625141e+01 
 5.289893e+00  4.447859e+00  9.464022e+00  1.403912e+01  2.556232e+01 
 5.363631e+00  4.343513e+00  9.216403e+00  1.366334e+01  2.488550e+01 
 5.438397e+00  4.242761e+00  8.974458e+00  1.330120e+01  2.422674e+01 
 5.514206e+00  4.143852e+00  8.740051e+00  1.294961e+01  2.359127e+01 
 5.591071e+00  4.046227e+00  8.513049e+00  1.260681e+01  2.297231e+01 
 5.669007e+00  3.952966e+00  8.291171e+00  1.227685e+01  2.237209e+01 
 5.748030e+00  3.860670e+00  8.076578e+00  1.195396e+01  2.178514e+01 
 5.828155e+00  3.770451e+00  7.868005e+00  1.164151e+01  2.121596e+01 
 5.909396e+00  3.682347e+00  7.664066e+00  1.133689e+01  2.066420e+01 
 5.991770e+00  3.595443e+00  7.464734e+00  1.103892e+01  2.012242e+01 
 6.075292e+00  3.510440e+00  7.271117e+00  1.074886e+01  1.959254e+01 
 6.159978e+00  3.426674e+00  7.080611e+00  1.046440e+01  1.907517e+01 
 6.245845e+00  3.344271e+00  6.894949e+00  1.018672e+01  1.856833e+01 
 6.332908e+00  3.263211e+00  6.712379e+00  9.915293e+00  1.807264e+01 
 6.421186e+00  3.184283e+00  6.535518e+00  9.650007e+00  1.758915e+01 
 6.510694e+00  3.106553e+00  6.362664e+00  9.392635e+00  1.711840e+01 
 6.601449e+00  3.031274e+00  6.195010e+00  9.141995e+00  1.666075e+01 
 6.693470e+00  2.957182e+00  6.031175e+00  8.897609e+00  1.621486e+01 
 6.786773e+00  2.885098e+00  5.872895e+00  8.555250e+00  1.578195e+01 
 6.881377e+00  2.815283e+00  5.718812e+00  8.431191e+00  1.536033e+01 
 6.977300e+00  2.746946e+00  5.569789e+00  8.209020e+00  1.495225e+01 
 7.074559e+00  2.680867e+00  5.424602e+00  7.992253e+00  1.455503e+01 
 7.173175e+00  2.615988e+00  5.284082e+00  7.782204e+00  1.417019e+01 
 7.273165e+00  2.553104e+00  5.147585e+00  7.578890e+00  1.379545e+01 
 7.374549e+00  2.491505e+00  5.014093e+00  7.379645e+00  1.343122e+01 
 7.477346e+00  2.431168e+00  4.884817e+00  7.186849e+00  1.307523e+01 
 7.581576e+00  2.372433e+00  4.757245e+00  6.996987e+00  1.272677e+01 
 7.687260e+00  2.314466e+00  4.633255e+00  6.811807e+00  1.238707e+01 
 7.794416e+00  2.257762e+00  4.512001e+00  6.630204e+00  1.205374e+01 
 7.903066e+00  2.202279e+00  4.393155e+00  6.452518e+00  1.172733e+01 
 8.013230e+00  2.148067e+00  4.277821e+00  6.280905e+00  1.140989e+01 
 8.124930e+00  2.094977e+00  4.165418e+00  6.112836e+00  1.110041e+01 
 8.238187e+00  2.043507e+00  4.055654e+00  5.949032e+00  1.079948e+01 
 8.353023e+00  1.993195e+00  3.949331e+00  5.790468e+00  1.050639e+01 
 8.469460e+00  1.944385e+00  3.846202e+00  5.636388e+00  1.022222e+01 
 8.587519e+00  1.897013e+00  3.745785e+00  5.486549e+00  9.946285e+00 
 8.707225e+00  1.850954e+00  3.648275e+00  5.341453e+00  9.678109e+00 
 8.828599e+00  1.806177e+00  3.554218e+00  5.200512e+00  9.417759e+00 
 8.951665e+00  1.762535e+00  3.462798e+00  5.063863e+00  9.165507e+00 
 9.076446e+00  1.720246e+00  3.373960e+00  4.931410e+00  8.920750e+00 
 9.202967e+00  1.679020e+00  3.287465e+00  4.802443e+00  8.681789e+00 
 9.331251e+00  1.638764e+00  3.202969e+00  4.676284e+00  8.448859e+00 
 9.461324e+00  0.000000e+00  0.000000e+00  0.000000e+00  0.000000e+00 
 9.593209e+00  0.000000e+00  0.000000e+00  0.000000e+00  0.000000e+00 
 9.726934e+00  0.000000e+00  0.000000e+00  0.000000e+00  0.000000e+00 
 9.862522e+00  0.000000e+00  0.000000e+00  0.000000e+00  0.000000e+00 
 1.000000e+01  0.000000e+00  0.000000e+00  0.000000e+00  0.000000e+00 
