 1.000000e-02  5.783964e+03  1.051442e+04  1.418779e+04  2.105249e+04 
 1.013939e-02  5.814966e+03  1.057061e+04  1.426344e+04  2.116433e+04 
 1.028073e-02  5.845469e+03  1.062584e+04  1.433795e+04  2.127430e+04 
 1.042404e-02  5.875455e+03  1.068016e+04  1.441116e+04  2.138239e+04 
 1.056935e-02  5.904880e+03  1.073352e+04  1.448295e+04  2.148853e+04 
 1.071668e-02  5.933741e+03  1.078583e+04  1.455332e+04  2.159258e+04 
 1.086606e-02  5.962020e+03  1.083706e+04  1.462225e+04  2.169444e+04 
 1.101753e-02  5.989704e+03  1.088719e+04  1.468973e+04  2.179408e+04 
 1.117111e-02  6.016768e+03  1.093618e+04  1.475571e+04  2.189150e+04 
 1.132683e-02  6.043193e+03  1.098402e+04  1.482009e+04  2.198665e+04 
 1.148472e-02  6.068950e+03  1.103066e+04  1.488283e+04  2.207930e+04 
 1.164481e-02  6.094024e+03  1.107606e+04  1.494381e+04  2.216937e+04 
 1.180713e-02  6.118386e+03  1.112015e+04  1.500303e+04  2.225681e+04 
 1.197171e-02  6.141999e+03  1.116287e+04  1.506049e+04  2.234155e+04 
 1.213859e-02  6.164845e+03  1.120417e+04  1.511617e+04  2.242356e+04 
 1.230780e-02  6.186932e+03  1.124408e+04  1.516990e+04  2.250273e+04 
 1.247936e-02  6.208234e+03  1.128261e+04  1.522164e+04  2.257892e+04 
 1.265332e-02  6.228732e+03  1.131964e+04  1.527133e+04  2.265212e+04 
 1.282970e-02  6.248375e+03  1.135513e+04  1.531895e+04  2.272229e+04 
 1.300854e-02  6.267154e+03  1.138904e+04  1.536447e+04  2.278934e+04 
 1.318987e-02  6.285036e+03  1.142131e+04  1.540787e+04  2.285310e+04 
 1.337373e-02  6.302011e+03  1.145194e+04  1.544904e+04  2.291354e+04 
 1.356015e-02  6.318054e+03  1.148088e+04  1.548789e+04  2.297054e+04 
 1.374917e-02  6.333150e+03  1.150808e+04  1.552430e+04  2.302398e+04 
 1.394083e-02  6.347265e+03  1.153348e+04  1.555827e+04  2.307386e+04 
 1.413516e-02  6.360365e+03  1.155706e+04  1.558980e+04  2.312013e+04 
 1.433219e-02  6.372428e+03  1.157875e+04  1.561890e+04  2.316270e+04 
 1.453198e-02  6.383455e+03  1.159855e+04  1.564540e+04  2.320142e+04 
 1.473454e-02  6.393423e+03  1.161643e+04  1.566928e+04  2.323613e+04 
 1.493993e-02  6.402311e+03  1.163232e+04  1.569051e+04  2.326686e+04 
 1.514819e-02  6.410106e+03  1.164623e+04  1.570911e+04  2.329382e+04 
 1.535935e-02  6.416761e+03  1.165809e+04  1.572494e+04  2.331675e+04 
 1.557345e-02  6.422255e+03  1.166784e+04  1.573788e+04  2.333535e+04 
 1.579053e-02  6.426537e+03  1.167542e+04  1.574776e+04  2.334950e+04 
 1.601064e-02  6.429624e+03  1.168080e+04  1.575468e+04  2.335928e+04 
 1.623382e-02  6.431520e+03  1.168402e+04  1.575880e+04  2.336477e+04 
 1.646012e-02  6.432199e+03  1.168500e+04  1.575994e+04  2.336582e+04 
 1.668956e-02  6.431607e+03  1.168370e+04  1.575793e+04  2.336228e+04 
 1.692220e-02  6.429732e+03  1.168006e+04  1.575275e+04  2.335401e+04 
 1.715809e-02  6.426560e+03  1.167407e+04  1.574442e+04  2.334100e+04 
 1.739726e-02  6.422083e+03  1.166570e+04  1.573291e+04  2.332321e+04 
 1.763977e-02  6.416279e+03  1.165490e+04  1.571816e+04  2.330063e+04 
 1.788566e-02  6.409144e+03  1.164169e+04  1.570011e+04  2.327324e+04 
 1.813498e-02  6.400643e+03  1.162599e+04  1.567870e+04  2.324094e+04 
 1.838777e-02  6.390769e+03  1.160779e+04  1.565388e+04  2.320352e+04 
 1.864409e-02  6.379508e+03  1.158708e+04  1.562569e+04  2.316094e+04 
 1.890397e-02  6.366858e+03  1.156384e+04  1.559408e+04  2.311324e+04 
 1.916748e-02  6.352796e+03  1.153806e+04  1.555904e+04  2.306054e+04 
 1.943467e-02  6.337318e+03  1.150968e+04  1.552054e+04  2.300286e+04 
 1.970558e-02  6.320427e+03  1.147872e+04  1.547854e+04  2.293997e+04 
 1.998026e-02  6.302110e+03  1.144516e+04  1.543301e+04  2.287193e+04 
 2.025878e-02  6.282339e+03  1.140897e+04  1.538394e+04  2.279863e+04 
 2.054117e-02  6.261121e+03  1.137017e+04  1.533135e+04  2.272001e+04 
 2.082751e-02  6.238466e+03  1.132876e+04  1.527525e+04  2.263610e+04 
 2.111783e-02  6.214375e+03  1.128473e+04  1.521560e+04  2.254693e+04 
 2.141220e-02  6.188949e+03  1.123824e+04  1.515259e+04  2.245264e+04 
 2.171068e-02  6.162688e+03  1.118997e+04  1.508696e+04  2.235381e+04 
 2.201331e-02  6.134973e+03  1.113907e+04  1.501776e+04  2.224982e+04 
 2.232016e-02  6.105818e+03  1.108557e+04  1.494506e+04  2.214069e+04 
 2.263130e-02  6.075256e+03  1.102951e+04  1.486889e+04  2.202639e+04 
 2.294676e-02  6.043284e+03  1.097088e+04  1.478926e+04  2.190699e+04 
 2.326663e-02  6.009918e+03  1.090973e+04  1.470625e+04  2.178249e+04 
 2.359095e-02  5.975183e+03  1.084610e+04  1.461987e+04  2.165300e+04 
 2.391980e-02  5.939087e+03  1.077998e+04  1.453016e+04  2.151858e+04 
 2.425323e-02  5.901646e+03  1.071141e+04  1.443715e+04  2.137926e+04 
 2.459130e-02  5.862877e+03  1.064043e+04  1.434088e+04  2.123519e+04 
 2.493409e-02  5.822798e+03  1.056709e+04  1.424143e+04  2.108637e+04 
 2.528166e-02  5.781445e+03  1.049143e+04  1.413886e+04  2.093292e+04 
 2.563407e-02  5.738857e+03  1.041354e+04  1.403329e+04  2.077502e+04 
 2.599140e-02  5.695061e+03  1.033345e+04  1.392476e+04  2.061277e+04 
 2.635371e-02  5.650092e+03  1.025124e+04  1.381333e+04  2.044626e+04 
 2.672106e-02  5.603984e+03  1.016696e+04  1.369915e+04  2.027561e+04 
 2.709354e-02  5.556771e+03  1.008068e+04  1.358225e+04  2.010100e+04 
 2.747121e-02  5.508499e+03  9.992459e+03  1.346277e+04  1.992254e+04 
 2.785414e-02  5.459144e+03  9.902314e+03  1.334072e+04  1.974035e+04 
 2.824241e-02  5.408477e+03  9.809905e+03  1.321574e+04  1.955412e+04 
 2.863610e-02  5.356888e+03  9.715840e+03  1.308853e+04  1.936458e+04 
 2.903527e-02  5.304433e+03  9.620215e+03  1.295922e+04  1.917195e+04 
 2.944000e-02  5.251163e+03  9.523118e+03  1.282790e+04  1.897638e+04 
 2.985038e-02  5.197145e+03  9.424657e+03  1.269475e+04  1.877809e+04 
 3.026648e-02  5.142443e+03  9.324951e+03  1.255993e+04  1.857731e+04 
 3.068838e-02  5.087115e+03  9.224106e+03  1.242359e+04  1.837435e+04 
 3.111616e-02  5.031214e+03  9.122223e+03  1.228588e+04  1.816933e+04 
 3.154990e-02  4.974804e+03  9.019437e+03  1.214693e+04  1.796252e+04 
 3.198969e-02  4.917946e+03  8.915857e+03  1.200693e+04  1.775411e+04 
 3.243561e-02  4.860723e+03  8.811590e+03  1.186602e+04  1.754441e+04 
 3.288774e-02  4.803207e+03  8.706802e+03  1.172441e+04  1.733369e+04 
 3.334618e-02  4.745465e+03  8.601619e+03  1.158225e+04  1.712220e+04 
 3.381101e-02  4.687565e+03  8.496176e+03  1.143975e+04  1.691019e+04 
 3.428231e-02  4.629590e+03  8.390602e+03  1.129707e+04  1.669792e+04 
 3.476019e-02  4.571447e+03  8.285044e+03  1.115480e+04  1.648735e+04 
 3.524473e-02  4.513371e+03  8.179594e+03  1.101271e+04  1.627709e+04 
 3.573602e-02  4.455432e+03  8.074401e+03  1.087098e+04  1.606736e+04 
 3.623416e-02  4.397700e+03  7.969616e+03  1.072977e+04  1.585841e+04 
 3.673925e-02  4.340258e+03  7.865367e+03  1.058929e+04  1.565053e+04 
 3.725137e-02  4.283207e+03  7.761813e+03  1.044974e+04  1.544403e+04 
 3.777064e-02  4.226597e+03  7.659074e+03  1.031128e+04  1.523912e+04 
 3.829714e-02  4.170492e+03  7.557233e+03  1.017403e+04  1.503604e+04 
 3.883098e-02  4.114958e+03  7.456433e+03  1.003817e+04  1.483500e+04 
 3.937226e-02  4.060068e+03  7.356784e+03  9.903894e+03  1.463632e+04 
 3.992109e-02  4.005896e+03  7.258439e+03  9.771385e+03  1.444022e+04 
 4.047757e-02  3.952488e+03  7.161455e+03  9.640683e+03  1.424670e+04 
 4.104181e-02  3.899694e+03  7.064964e+03  9.509934e+03  1.405121e+04 
 4.161391e-02  3.847787e+03  6.970108e+03  9.381373e+03  1.385901e+04 
 4.219398e-02  3.796826e+03  6.876975e+03  9.255131e+03  1.367027e+04 
 4.278214e-02  3.746862e+03  6.785639e+03  9.131340e+03  1.348514e+04 
 4.337850e-02  3.697938e+03  6.696186e+03  9.010105e+03  1.330381e+04 
 4.398317e-02  3.650087e+03  6.608697e+03  8.891532e+03  1.312644e+04 
 4.459628e-02  3.603348e+03  6.523239e+03  8.775695e+03  1.295311e+04 
 4.521792e-02  3.557743e+03  6.439855e+03  8.662653e+03  1.278395e+04 
 4.584824e-02  3.513304e+03  6.358584e+03  8.552471e+03  1.261901e+04 
 4.648734e-02  3.470056e+03  6.279456e+03  8.445175e+03  1.245838e+04 
 4.713535e-02  3.428167e+03  6.203611e+03  8.343149e+03  1.230782e+04 
 4.779239e-02  3.387567e+03  6.130581e+03  8.245427e+03  1.216498e+04 
 4.845859e-02  3.348162e+03  6.059712e+03  8.150600e+03  1.202637e+04 
 4.913407e-02  3.309925e+03  5.990971e+03  8.058627e+03  1.189194e+04 
 4.981898e-02  3.272847e+03  5.924323e+03  7.969459e+03  1.176165e+04 
 5.051342e-02  3.236901e+03  5.859734e+03  7.883031e+03  1.163544e+04 
 5.121755e-02  3.202058e+03  5.797142e+03  7.799286e+03  1.151317e+04 
 5.193150e-02  3.168277e+03  5.736455e+03  7.718119e+03  1.139466e+04 
 5.265540e-02  3.135511e+03  5.677586e+03  7.639430e+03  1.127976e+04 
 5.338938e-02  3.103435e+03  5.619497e+03  7.561282e+03  1.116437e+04 
 5.413360e-02  3.071940e+03  5.561889e+03  7.483183e+03  1.104750e+04 
 5.488820e-02  3.041279e+03  5.505788e+03  7.407097e+03  1.093364e+04 
 5.565331e-02  3.011379e+03  5.451056e+03  7.332862e+03  1.082250e+04 
 5.642908e-02  2.982109e+03  5.397461e+03  7.260149e+03  1.071362e+04 
 5.721568e-02  2.953293e+03  5.344706e+03  7.188590e+03  1.060643e+04 
 5.801323e-02  2.924905e+03  5.292746e+03  7.118089e+03  1.050084e+04 
 5.882190e-02  2.897087e+03  5.241830e+03  7.049003e+03  1.039733e+04 
 5.964185e-02  2.870122e+03  5.192796e+03  6.982812e+03  1.029908e+04 
 6.047322e-02  2.844075e+03  5.146401e+03  6.921168e+03  1.021025e+04 
 6.131619e-02  2.817939e+03  5.099832e+03  6.859285e+03  1.012105e+04 
 6.217090e-02  2.791284e+03  5.052309e+03  6.796127e+03  1.002995e+04 
 6.303753e-02  2.763982e+03  5.003617e+03  6.731381e+03  9.936518e+03 
 6.391624e-02  2.736096e+03  4.953856e+03  6.665209e+03  9.840935e+03 
 6.480720e-02  2.707682e+03  4.903152e+03  6.597763e+03  9.743461e+03 
 6.571058e-02  2.678701e+03  4.851426e+03  6.528938e+03  9.643921e+03 
 6.662655e-02  2.647751e+03  4.794118e+03  6.450484e+03  9.524372e+03 
 6.755528e-02  2.615877e+03  4.735084e+03  6.369658e+03  9.401173e+03 
 6.849697e-02  2.582999e+03  4.674237e+03  6.286399e+03  9.274438e+03 
 6.945178e-02  2.549054e+03  4.611460e+03  6.200570e+03  9.143963e+03 
 7.041990e-02  2.513974e+03  4.546658e+03  6.112033e+03  9.009538e+03 
 7.140151e-02  2.477709e+03  4.479742e+03  6.020663e+03  8.871003e+03 
 7.239681e-02  2.440524e+03  4.411480e+03  5.927875e+03  8.731598e+03 
 7.340598e-02  2.402439e+03  4.341972e+03  5.833854e+03  8.591823e+03 
 7.442922e-02  2.363093e+03  4.270190e+03  5.736793e+03  8.447583e+03 
 7.546673e-02  2.322514e+03  4.196187e+03  5.636764e+03  8.298981e+03 
 7.651869e-02  2.280738e+03  4.120033e+03  5.533867e+03  8.146173e+03 
 7.758532e-02  2.237829e+03  4.041857e+03  5.428258e+03  7.989410e+03 
 7.866682e-02  2.194782e+03  3.964655e+03  5.325160e+03  7.839360e+03 
 7.976339e-02  2.152249e+03  3.890353e+03  5.227871e+03  7.702670e+03 
 8.087525e-02  2.108845e+03  3.814401e+03  5.128295e+03  7.562429e+03 
 8.200261e-02  2.064718e+03  3.737052e+03  5.026779e+03  7.419114e+03 
 8.314568e-02  2.020032e+03  3.658608e+03  4.923723e+03  7.273306e+03 
 8.430468e-02  1.974962e+03  3.579400e+03  4.819553e+03  7.125644e+03 
 8.547985e-02  1.928828e+03  3.496908e+03  4.709657e+03  6.966393e+03 
 8.667139e-02  1.882344e+03  3.413136e+03  4.597413e+03  6.802197e+03 
 8.787954e-02  1.836158e+03  3.329863e+03  4.485839e+03  6.638916e+03 
 8.910453e-02  1.790478e+03  3.247487e+03  4.375451e+03  6.477317e+03 
 9.034660e-02  1.745519e+03  3.166423e+03  4.266778e+03  6.318236e+03 
 9.160598e-02  1.702198e+03  3.089279e+03  4.164232e+03  6.170164e+03 
 9.288292e-02  1.660655e+03  3.016157e+03  4.067881e+03  6.032896e+03 
 9.417766e-02  1.620416e+03  2.945298e+03  3.974507e+03  5.899821e+03 
 9.549045e-02  1.581647e+03  2.877036e+03  3.884535e+03  5.771630e+03 
 9.682153e-02  1.544502e+03  2.811671e+03  3.798366e+03  5.648938e+03 
 9.817117e-02  1.509384e+03  2.750323e+03  3.717912e+03  5.535357e+03 
 9.953962e-02  1.476243e+03  2.692629e+03  3.642467e+03  5.429292e+03 
 1.009272e-01  1.445070e+03  2.638418e+03  3.571668e+03  5.329946e+03 
 1.023340e-01  1.415918e+03  2.587802e+03  3.505671e+03  5.237565e+03 
 1.037605e-01  1.388080e+03  2.538715e+03  3.440921e+03  5.145244e+03 
 1.052069e-01  1.359647e+03  2.485442e+03  3.367666e+03  5.033936e+03 
 1.066734e-01  1.333280e+03  2.435952e+03  3.299569e+03  4.930370e+03 
 1.081604e-01  1.308881e+03  2.390061e+03  3.236392e+03  4.834185e+03 
 1.096681e-01  1.286291e+03  2.347501e+03  3.177754e+03  4.744824e+03 
 1.111968e-01  1.265653e+03  2.308935e+03  3.124712e+03  4.663734e+03 
 1.127468e-01  1.246489e+03  2.273111e+03  3.075408e+03  4.588215e+03 
 1.143184e-01  1.228567e+03  2.239559e+03  3.029187e+03  4.517315e+03 
 1.159120e-01  1.211634e+03  2.207810e+03  2.985388e+03  4.450108e+03 
 1.175277e-01  1.196421e+03  2.180233e+03  2.948097e+03  4.394286e+03 
 1.191660e-01  1.181736e+03  2.153697e+03  2.912317e+03  4.340808e+03 
 1.208271e-01  1.167187e+03  2.127412e+03  2.876879e+03  4.287851e+03 
 1.225114e-01  1.152470e+03  2.100812e+03  2.840996e+03  4.234363e+03 
 1.242191e-01  1.137025e+03  2.072724e+03  2.803149e+03  4.178785e+03 
 1.259506e-01  1.120920e+03  2.043440e+03  2.763706e+03  4.120785e+03 
 1.277063e-01  1.103935e+03  2.012539e+03  2.722094e+03  4.059505e+03 
 1.294865e-01  1.086308e+03  1.980661e+03  2.679218e+03  3.996173e+03 
 1.312915e-01  1.067937e+03  1.947691e+03  2.634929e+03  3.930490e+03 
 1.331216e-01  1.048257e+03  1.912344e+03  2.587426e+03  3.859952e+03 
 1.349772e-01  1.027300e+03  1.874702e+03  2.536858e+03  3.784993e+03 
 1.368587e-01  1.006323e+03  1.839061e+03  2.491267e+03  3.723913e+03 
 1.387665e-01  9.841036e+02  1.801060e+03  2.442396e+03  3.657697e+03 
 1.407008e-01  9.608344e+02  1.761024e+03  2.390705e+03  3.586980e+03 
 1.426621e-01  9.376197e+02  1.721379e+03  2.339331e+03  3.515277e+03 
 1.446507e-01  9.140399e+02  1.681075e+03  2.286897e+03  3.441391e+03 
 1.466671e-01  8.901110e+02  1.639974e+03  2.233319e+03  3.365558e+03 
 1.487115e-01  8.639786e+02  1.592798e+03  2.170117e+03  3.273195e+03 
 1.507845e-01  8.367641e+02  1.542313e+03  2.101493e+03  3.171324e+03 
 1.528864e-01  8.103219e+02  1.493259e+03  2.034823e+03  3.072341e+03 
 1.550175e-01  7.867978e+02  1.451511e+03  1.979645e+03  2.993371e+03 
 1.571784e-01  7.658347e+02  1.416087e+03  1.933614e+03  2.930014e+03 
 1.593694e-01  7.462336e+02  1.382773e+03  1.890685e+03  2.871104e+03 
 1.615909e-01  7.286142e+02  1.353256e+03  1.852938e+03  2.819519e+03 
 1.638434e-01  7.128283e+02  1.326855e+03  1.819775e+03  2.774545e+03 
 1.661273e-01  6.986761e+02  1.303662e+03  1.790514e+03  2.735366e+03 
 1.684430e-01  6.827195e+02  1.274223e+03  1.750819e+03  2.677576e+03 
 1.707910e-01  6.679432e+02  1.246629e+03  1.713418e+03  2.622901e+03 
 1.731717e-01  6.551228e+02  1.223068e+03  1.681721e+03  2.576868e+03 
 1.755856e-01  6.456371e+02  1.207278e+03  1.661397e+03  2.548079e+03 
 1.780332e-01  6.370182e+02  1.193073e+03  1.643230e+03  2.522631e+03 
 1.805149e-01  6.271686e+02  1.174388e+03  1.617095e+03  2.481529e+03 
 1.830312e-01  6.165135e+02  1.152911e+03  1.586059e+03  2.430875e+03 
 1.855825e-01  6.059113e+02  1.131844e+03  1.555925e+03  2.382427e+03 
 1.881694e-01  5.956041e+02  1.113052e+03  1.530873e+03  2.346314e+03 
 1.907924e-01  5.847074e+02  1.093152e+03  1.504281e+03  2.307834e+03 
 1.934520e-01  5.726291e+02  1.070953e+03  1.474705e+03  2.266057e+03 
 1.961486e-01  5.595558e+02  1.046852e+03  1.442561e+03  2.220688e+03 
 1.988828e-01  5.468613e+02  1.024204e+03  1.412621e+03  2.178300e+03 
 2.016551e-01  5.351464e+02  1.004448e+03  1.386968e+03  2.141875e+03 
 2.044661e-01  5.225075e+02  9.826297e+02  1.358222e+03  2.100264e+03 
 2.073162e-01  5.083554e+02  9.563922e+02  1.322175e+03  2.045542e+03 
 2.102061e-01  4.939341e+02  9.296294e+02  1.285393e+03  1.989637e+03 
 2.131362e-01  4.833972e+02  9.145048e+02  1.267701e+03  1.967117e+03 
 2.161073e-01  4.732430e+02  9.001398e+02  1.251095e+03  1.946280e+03 
 2.191197e-01  4.603301e+02  8.780706e+02  1.222857e+03  1.908647e+03 
 2.221741e-01  4.475027e+02  8.555288e+02  1.193668e+03  1.869591e+03 
 2.252711e-01  4.360947e+02  8.361212e+02  1.169048e+03  1.837130e+03 
 2.284112e-01  4.258896e+02  8.190857e+02  1.147734e+03  1.809505e+03 
 2.315951e-01  4.171010e+02  8.036806e+02  1.127092e+03  1.778351e+03 
 2.348235e-01  4.094191e+02  7.899972e+02  1.108289e+03  1.748493e+03 
 2.380968e-01  4.004577e+02  7.725408e+02  1.083871e+03  1.711197e+03 
 2.414157e-01  3.916561e+02  7.550638e+02  1.059344e+03  1.674064e+03 
 2.447809e-01  3.829430e+02  7.383297e+02  1.036423e+03  1.639525e+03 
 2.481930e-01  3.745075e+02  7.222455e+02  1.014468e+03  1.606455e+03 
 2.516527e-01  3.694812e+02  7.140344e+02  1.003587e+03  1.589893e+03 
 2.551606e-01  3.632360e+02  7.030431e+02  9.887824e+02  1.567747e+03 
 2.587174e-01  3.535673e+02  6.841493e+02  9.628559e+02  1.530038e+03 
 2.623238e-01  3.453099e+02  6.691615e+02  9.428387e+02  1.501411e+03 
 2.659804e-01  3.386574e+02  6.585362e+02  9.293983e+02  1.482900e+03 
 2.696881e-01  3.297938e+02  6.426341e+02  9.081766e+02  1.451446e+03 
 2.734474e-01  3.202587e+02  6.251547e+02  8.846463e+02  1.416222e+03 
 2.772591e-01  3.130596e+02  6.135713e+02  8.704255e+02  1.398344e+03 
 2.811239e-01  3.055519e+02  6.007668e+02  8.543394e+02  1.378548e+03 
 2.850426e-01  2.977410e+02  5.865717e+02  8.361376e+02  1.356944e+03 
 2.890160e-01  2.906907e+02  5.747396e+02  8.210101e+02  1.335551e+03 
 2.930447e-01  2.842336e+02  5.636808e+02  8.062457e+02  1.312624e+03 
 2.971296e-01  2.781315e+02  5.515960e+02  7.880491e+02  1.281224e+03 
 3.012714e-01  2.726790e+02  5.422277e+02  7.756949e+02  1.263091e+03 
 3.054710e-01  2.673600e+02  5.334618e+02  7.648926e+02  1.249109e+03 
 3.097291e-01  2.609192e+02  5.216396e+02  7.494303e+02  1.228183e+03 
 3.140465e-01  2.550086e+02  5.098169e+02  7.324707e+02  1.200454e+03 
 3.184242e-01  2.496954e+02  4.993452e+02  7.174296e+02  1.175756e+03 
 3.228628e-01  2.454664e+02  4.924355e+02  7.088606e+02  1.165487e+03 
 3.273634e-01  2.394416e+02  4.804895e+02  6.918015e+02  1.138414e+03 
 3.319266e-01  2.331517e+02  4.684669e+02  6.753075e+02  1.113868e+03 
 3.365535e-01  2.271727e+02  4.579826e+02  6.619612e+02  1.096334e+03 
 3.412449e-01  2.230550e+02  4.526074e+02  6.555824e+02  1.086047e+03 
 3.460016e-01  2.185247e+02  4.452966e+02  6.462252e+02  1.072987e+03 
 3.508247e-01  2.140963e+02  4.374661e+02  6.358233e+02  1.057904e+03 
 3.557150e-01  2.098513e+02  4.296396e+02  6.252462e+02  1.041761e+03 
 3.606735e-01  2.049604e+02  4.209791e+02  6.139631e+02  1.026078e+03 
 3.657011e-01  1.991185e+02  4.099680e+02  5.990234e+02  1.005670e+03 
 3.707988e-01  1.944568e+02  4.010896e+02  5.869863e+02  9.879926e+02 
 3.759675e-01  1.902061e+02  3.930107e+02  5.759559e+02  9.716335e+02 
 3.812083e-01  1.858175e+02  3.851057e+02  5.653006e+02  9.561896e+02 
 3.865221e-01  1.821085e+02  3.797074e+02  5.589626e+02  9.454228e+02 
 3.919100e-01  1.782680e+02  3.708554e+02  5.456832e+02  9.276242e+02 
 3.973730e-01  1.739603e+02  3.637653e+02  5.368032e+02  9.134703e+02 
 4.029122e-01  1.704866e+02  3.583132e+02  5.292116e+02  8.995497e+02 
 4.085286e-01  1.669698e+02  3.508561e+02  5.186197e+02  8.845638e+02 
 4.142232e-01  1.627683e+02  3.424014e+02  5.075561e+02  8.709988e+02 
 4.199973e-01  1.587141e+02  3.355000e+02  4.988568e+02  8.582793e+02 
 4.258518e-01  1.554714e+02  3.295107e+02  4.903581e+02  8.436168e+02 
 4.317880e-01  1.520326e+02  3.227887e+02  4.804889e+02  8.287000e+02 
 4.378069e-01  1.490118e+02  3.168094e+02  4.719756e+02  8.146887e+02 
 4.439097e-01  1.464919e+02  3.129568e+02  4.674331e+02  8.106320e+02 
 4.500975e-01  1.425249e+02  3.056180e+02  4.574326e+02  7.960078e+02 
 4.563716e-01  1.391627e+02  2.987356e+02  4.474509e+02  7.782965e+02 
 4.627332e-01  1.370314e+02  2.958617e+02  4.444417e+02  7.755126e+02 
 4.691835e-01  1.335184e+02  2.889310e+02  4.344933e+02  7.589320e+02 
 4.757236e-01  1.309825e+02  2.840062e+02  4.277746e+02  7.487300e+02 
 4.823549e-01  1.275639e+02  2.770665e+02  4.180958e+02  7.358226e+02 
 4.890787e-01  1.248699e+02  2.718861e+02  4.111116e+02  7.248981e+02 
 4.958962e-01  1.228461e+02  2.679615e+02  4.050134e+02  7.137503e+02 
 5.028087e-01  1.201211e+02  2.632757e+02  3.987217e+02  7.046564e+02 
 5.098176e-01  1.178967e+02  2.592113e+02  3.928009e+02  6.930797e+02 
 5.169242e-01  1.158408e+02  2.553613e+02  3.876718e+02  6.861875e+02 
 5.241298e-01  1.120666e+02  2.489760e+02  3.798698e+02  6.766606e+02 
 5.314359e-01  1.101061e+02  2.459624e+02  3.757317e+02  6.700229e+02 
 5.388438e-01  1.077876e+02  2.407444e+02  3.679862e+02  6.583947e+02 
 5.463550e-01  1.058660e+02  2.369923e+02  3.624070e+02  6.492007e+02 
 5.539709e-01  1.030510e+02  2.320792e+02  3.561528e+02  6.395159e+02 
 5.616930e-01  1.012250e+02  2.285518e+02  3.511887e+02  6.320775e+02 
 5.695227e-01  9.924041e+01  2.253581e+02  3.471993e+02  6.235570e+02 
 5.774615e-01  9.699154e+01  2.201995e+02  3.396076e+02  6.128895e+02 
 5.855110e-01  9.525676e+01  2.169868e+02  3.346687e+02  6.046258e+02 
 5.936727e-01  9.304356e+01  2.119042e+02  3.276666e+02  5.941695e+02 
 6.019482e-01  9.146624e+01  2.094713e+02  3.237102e+02  5.869616e+02 
 6.103390e-01  8.930132e+01  2.057999e+02  3.189280e+02  5.784497e+02 
 6.188468e-01  8.732567e+01  2.025977e+02  3.161138e+02  5.764279e+02 
 6.274732e-01  8.586953e+01  1.988551e+02  3.097355e+02  5.662608e+02 
 6.362198e-01  8.415513e+01  1.958952e+02  3.053788e+02  5.578431e+02 
 6.450884e-01  8.218960e+01  1.923835e+02  3.005216e+02  5.494551e+02 
 6.540806e-01  8.048440e+01  1.883326e+02  2.944396e+02  5.408372e+02 
 6.631981e-01  7.871487e+01  1.855976e+02  2.914629e+02  5.355292e+02 
 6.724427e-01  7.721910e+01  1.824034e+02  2.870715e+02  5.301523e+02 
 6.818162e-01  7.555990e+01  1.791402e+02  2.813621e+02  5.198859e+02 
 6.913204e-01  7.395086e+01  1.759271e+02  2.772311e+02  5.128230e+02 
 7.009570e-01  7.289750e+01  1.733426e+02  2.734536e+02  5.063107e+02 
 7.107280e-01  7.104101e+01  1.704665e+02  2.693976e+02  4.984672e+02 
 7.206351e-01  6.993822e+01  1.678965e+02  2.659996e+02  4.943585e+02 
 7.306804e-01  6.852751e+01  1.653606e+02  2.617866e+02  4.857070e+02 
 7.408657e-01  6.701010e+01  1.621460e+02  2.572241e+02  4.795509e+02 
 7.511929e-01  6.558995e+01  1.592410e+02  2.534766e+02  4.730401e+02 
 7.616642e-01  6.431560e+01  1.564216e+02  2.495116e+02  4.671150e+02 
 7.722814e-01  6.346593e+01  1.548332e+02  2.467322e+02  4.604736e+02 
 7.830465e-01  6.213220e+01  1.519000e+02  2.426354e+02  4.544940e+02 
 7.939618e-01  6.098275e+01  1.499346e+02  2.395082e+02  4.499897e+02 
 8.050292e-01  5.963134e+01  1.472244e+02  2.363303e+02  4.441826e+02 
 8.162509e-01  5.859581e+01  1.450821e+02  2.324183e+02  4.365594e+02 
 8.276289e-01  5.717368e+01  1.422425e+02  2.287164e+02  4.310472e+02 
 8.391656e-01  5.645621e+01  1.405630e+02  2.255774e+02  4.263882e+02 
 8.508632e-01  5.541980e+01  1.382125e+02  2.225235e+02  4.206847e+02 
 8.627237e-01  5.420321e+01  1.360146e+02  2.192277e+02  4.141394e+02 
 8.747496e-01  5.320709e+01  1.337442e+02  2.160163e+02  4.086803e+02 
 8.869432e-01  5.228400e+01  1.318514e+02  2.131350e+02  4.035888e+02 
 8.993067e-01  5.122828e+01  1.297744e+02  2.099439e+02  3.978412e+02 
 9.118425e-01  5.042493e+01  1.275841e+02  2.064647e+02  3.908925e+02 
 9.245531e-01  4.933186e+01  1.254842e+02  2.033017e+02  3.866882e+02 
 9.374409e-01  4.838625e+01  1.235796e+02  2.007206e+02  3.815243e+02 
 9.505083e-01  4.758216e+01  1.216648e+02  1.978430e+02  3.763117e+02 
 9.637579e-01  4.656978e+01  1.193592e+02  1.944290e+02  3.708618e+02 
 9.771921e-01  4.596120e+01  1.186379e+02  1.925824e+02  3.660383e+02 
 9.908137e-01  4.507820e+01  1.164541e+02  1.895489e+02  3.613459e+02 
 1.004625e+00  4.420430e+01  1.143497e+02  1.863484e+02  3.553729e+02 
 1.018629e+00  4.347233e+01  1.127909e+02  1.837838e+02  3.503538e+02 
 1.032828e+00  4.263766e+01  1.110363e+02  1.814267e+02  3.467282e+02 
 1.047225e+00  4.180973e+01  1.094459e+02  1.785928e+02  3.408307e+02 
 1.061823e+00  4.116385e+01  1.079909e+02  1.761983e+02  3.360495e+02 
 1.076624e+00  4.039252e+01  1.062903e+02  1.736161e+02  3.310759e+02 
 1.091632e+00  3.970244e+01  1.046109e+02  1.711510e+02  3.261711e+02 
 1.106848e+00  3.894164e+01  1.028285e+02  1.685750e+02  3.217878e+02 
 1.122277e+00  3.825041e+01  1.013856e+02  1.658647e+02  3.165258e+02 
 1.137921e+00  3.755527e+01  9.968253e+01  1.633897e+02  3.119223e+02 
 1.153783e+00  3.694212e+01  9.815745e+01  1.609535e+02  3.075589e+02 
 1.169866e+00  3.628866e+01  9.670880e+01  1.585766e+02  3.033046e+02 
 1.186174e+00  3.562141e+01  9.530908e+01  1.562440e+02  2.984787e+02 
 1.202708e+00  3.504025e+01  9.384134e+01  1.539656e+02  2.940261e+02 
 1.219473e+00  3.444949e+01  9.247522e+01  1.517849e+02  2.892610e+02 
 1.236472e+00  3.383239e+01  9.109533e+01  1.496309e+02  2.851603e+02 
 1.253708e+00  3.327307e+01  8.962768e+01  1.471642e+02  2.810269e+02 
 1.271184e+00  3.271377e+01  8.860041e+01  1.453890e+02  2.766276e+02 
 1.288904e+00  3.214709e+01  8.692339e+01  1.428795e+02  2.727211e+02 
 1.306870e+00  3.155858e+01  8.559037e+01  1.406900e+02  2.682048e+02 
 1.325087e+00  3.107320e+01  8.434821e+01  1.386157e+02  2.637770e+02 
 1.343558e+00  3.054265e+01  8.302598e+01  1.364705e+02  2.595597e+02 
 1.362287e+00  3.005905e+01  8.169003e+01  1.341811e+02  2.554260e+02 
 1.381276e+00  2.954147e+01  8.043555e+01  1.318793e+02  2.512869e+02 
 1.400531e+00  2.905560e+01  7.920406e+01  1.299164e+02  2.468990e+02 
 1.420053e+00  2.854007e+01  7.788513e+01  1.279232e+02  2.428032e+02 
 1.439848e+00  2.807644e+01  7.673569e+01  1.257764e+02  2.388747e+02 
 1.459919e+00  2.756909e+01  7.549812e+01  1.237416e+02  2.346295e+02 
 1.480269e+00  2.716795e+01  7.418594e+01  1.216168e+02  2.303020e+02 
 1.500903e+00  2.670373e+01  7.304963e+01  1.195921e+02  2.267920e+02 
 1.521825e+00  2.625200e+01  7.198394e+01  1.177580e+02  2.228318e+02 
 1.543038e+00  2.580220e+01  7.081669e+01  1.159334e+02  2.192017e+02 
 1.564548e+00  2.541242e+01  6.969242e+01  1.139744e+02  2.152108e+02 
 1.586357e+00  2.499579e+01  6.863961e+01  1.121185e+02  2.113965e+02 
 1.608469e+00  2.456023e+01  6.755056e+01  1.102726e+02  2.078981e+02 
 1.630891e+00  2.422579e+01  6.634189e+01  1.081995e+02  2.038501e+02 
 1.653624e+00  2.379416e+01  6.525985e+01  1.064920e+02  2.005207e+02 
 1.676675e+00  2.340190e+01  6.429617e+01  1.047443e+02  1.966965e+02 
 1.700047e+00  2.300851e+01  6.324230e+01  1.029079e+02  1.931570e+02 
 1.723745e+00  2.264365e+01  6.215962e+01  1.010886e+02  1.893283e+02 
 1.747773e+00  2.224539e+01  6.108764e+01  9.926470e+01  1.857671e+02 
 1.772136e+00  2.188549e+01  6.006249e+01  9.748029e+01  1.824345e+02 
 1.796838e+00  2.153445e+01  5.903479e+01  9.575345e+01  1.789070e+02 
 1.821885e+00  2.120051e+01  5.801537e+01  9.398369e+01  1.755566e+02 
 1.847281e+00  2.084624e+01  5.711394e+01  9.238279e+01  1.721789e+02 
 1.873032e+00  2.050949e+01  5.607144e+01  9.056580e+01  1.688951e+02 
 1.899141e+00  2.016318e+01  5.506403e+01  8.894827e+01  1.656426e+02 
 1.925614e+00  1.984900e+01  5.414364e+01  8.732985e+01  1.623211e+02 
 1.952456e+00  1.957659e+01  5.325487e+01  8.574184e+01  1.591155e+02 
 1.979672e+00  1.921719e+01  5.235363e+01  8.417373e+01  1.560080e+02 
 2.007267e+00  1.892953e+01  5.141442e+01  8.249878e+01  1.529750e+02 
 2.035248e+00  1.859789e+01  5.046540e+01  8.090227e+01  1.498020e+02 
 2.063618e+00  1.829144e+01  4.953640e+01  7.935225e+01  1.467139e+02 
 2.092383e+00  1.799607e+01  4.863671e+01  7.778207e+01  1.437308e+02 
 2.121550e+00  1.768924e+01  4.772649e+01  7.625519e+01  1.406996e+02 
 2.151123e+00  1.740243e+01  4.685240e+01  7.470884e+01  1.377081e+02 
 2.181109e+00  1.710929e+01  4.595663e+01  7.323524e+01  1.348825e+02 
 2.211512e+00  1.682518e+01  4.506584e+01  7.170993e+01  1.318800e+02 
 2.242340e+00  1.654858e+01  4.424836e+01  7.028044e+01  1.291118e+02 
 2.273597e+00  1.625483e+01  4.339757e+01  6.878022e+01  1.263186e+02 
 2.305289e+00  1.600220e+01  4.255976e+01  6.739595e+01  1.236188e+02 
 2.337424e+00  1.573390e+01  4.172020e+01  6.598042e+01  1.209682e+02 
 2.370006e+00  1.546750e+01  4.091375e+01  6.463301e+01  1.183985e+02 
 2.403043e+00  1.519666e+01  4.012306e+01  6.324363e+01  1.157695e+02 
 2.436540e+00  1.495244e+01  3.935116e+01  6.192808e+01  1.132254e+02 
 2.470504e+00  1.469961e+01  3.858150e+01  6.059416e+01  1.107063e+02 
 2.504942e+00  1.445111e+01  3.783320e+01  5.932915e+01  1.082793e+02 
 2.539859e+00  1.421444e+01  3.706052e+01  5.802367e+01  1.058182e+02 
 2.575263e+00  1.395738e+01  3.629504e+01  5.680531e+01  1.034780e+02 
 2.611161e+00  1.372514e+01  3.555076e+01  5.551891e+01  1.011308e+02 
 2.647559e+00  1.348684e+01  3.480937e+01  5.426190e+01  9.876730e+01 
 2.684465e+00  1.325116e+01  3.410471e+01  5.304823e+01  9.648450e+01 
 2.721885e+00  1.300879e+01  3.335748e+01  5.186111e+01  9.424841e+01 
 2.759826e+00  1.277987e+01  3.263667e+01  5.066559e+01  9.204949e+01 
 2.798297e+00  1.255151e+01  3.195095e+01  4.952301e+01  8.994524e+01 
 2.837304e+00  1.232933e+01  3.126170e+01  4.838684e+01  8.782569e+01 
 2.876854e+00  1.210671e+01  3.057985e+01  4.726564e+01  8.576957e+01 
 2.916956e+00  1.189067e+01  2.992481e+01  4.617437e+01  8.371108e+01 
 2.957617e+00  1.168069e+01  2.928257e+01  4.512101e+01  8.175372e+01 
 2.998844e+00  1.146903e+01  2.864844e+01  4.406859e+01  7.981016e+01 
 3.040646e+00  1.126185e+01  2.801426e+01  4.303876e+01  7.796712e+01 
 3.083031e+00  1.105807e+01  2.739202e+01  4.203381e+01  7.612105e+01 
 3.126007e+00  1.086078e+01  2.679503e+01  4.104734e+01  7.428441e+01 
 3.169582e+00  1.065880e+01  2.617949e+01  4.005785e+01  7.250873e+01 
 3.213764e+00  1.046050e+01  2.558902e+01  3.909945e+01  7.075938e+01 
 3.258562e+00  1.026025e+01  2.501224e+01  3.815569e+01  6.903757e+01 
 3.303985e+00  1.006513e+01  2.442512e+01  3.722919e+01  6.735209e+01 
 3.350041e+00  9.873678e+00  2.385065e+01  3.630840e+01  6.568897e+01 
 3.396739e+00  9.680152e+00  2.329539e+01  3.542564e+01  6.405356e+01 
 3.444087e+00  9.495748e+00  2.273918e+01  3.453404e+01  6.246046e+01 
 3.492096e+00  9.311615e+00  2.220706e+01  3.369049e+01  6.093342e+01 
 3.540774e+00  9.125109e+00  2.168556e+01  3.285997e+01  5.941916e+01 
 3.590130e+00  8.948398e+00  2.116455e+01  3.203633e+01  5.795491e+01 
 3.640175e+00  8.775372e+00  2.066248e+01  3.125066e+01  5.651309e+01 
 3.690917e+00  8.599711e+00  2.017636e+01  3.046349e+01  5.510852e+01 
 3.742366e+00  8.429479e+00  1.968518e+01  2.970816e+01  5.375946e+01 
 3.794533e+00  8.264312e+00  1.922019e+01  2.897130e+01  5.242160e+01 
 3.847427e+00  8.099497e+00  1.875288e+01  2.824698e+01  5.113232e+01 
 3.901058e+00  7.933043e+00  1.830292e+01  2.754281e+01  4.985049e+01 
 3.955436e+00  7.775943e+00  1.785469e+01  2.683597e+01  4.859144e+01 
 4.010573e+00  7.612999e+00  1.741408e+01  2.616142e+01  4.737601e+01 
 4.066478e+00  7.454820e+00  1.697874e+01  2.548676e+01  4.616529e+01 
 4.123163e+00  7.297312e+00  1.655896e+01  2.483079e+01  4.498461e+01 
 4.180637e+00  7.144192e+00  1.614533e+01  2.419243e+01  4.382609e+01 
 4.238913e+00  6.992298e+00  1.573571e+01  2.356349e+01  4.271004e+01 
 4.298001e+00  6.840084e+00  1.533879e+01  2.295455e+01  4.160948e+01 
 4.357913e+00  6.696919e+00  1.495014e+01  2.236159e+01  4.054913e+01 
 4.418660e+00  6.551809e+00  1.457584e+01  2.178127e+01  3.951537e+01 
 4.480254e+00  6.409209e+00  1.420565e+01  2.121763e+01  3.850388e+01 
 4.542706e+00  6.272178e+00  1.384345e+01  2.066702e+01  3.751682e+01 
 4.606029e+00  6.135785e+00  1.349744e+01  2.013689e+01  3.656754e+01 
 4.670234e+00  6.002182e+00  1.315707e+01  1.962212e+01  3.564077e+01 
 4.735335e+00  5.871449e+00  1.282608e+01  1.911607e+01  3.473113e+01 
 4.801343e+00  5.745060e+00  1.250364e+01  1.862520e+01  3.384283e+01 
 4.868271e+00  5.618396e+00  1.218539e+01  1.814275e+01  3.297623e+01 
 4.936132e+00  5.493401e+00  1.187323e+01  1.767152e+01  3.212746e+01 
 5.004939e+00  5.369894e+00  1.156893e+01  1.720973e+01  3.129536e+01 
 5.074705e+00  5.247391e+00  1.126944e+01  1.675643e+01  3.048297e+01 
 5.145444e+00  5.128572e+00  1.097740e+01  1.631583e+01  2.969089e+01 
 5.217169e+00  5.010173e+00  1.069113e+01  1.588330e+01  2.890690e+01 
 5.289893e+00  4.896241e+00  1.041386e+01  1.546867e+01  2.815533e+01 
 5.363631e+00  4.782069e+00  1.014313e+01  1.505753e+01  2.741760e+01 
 5.438397e+00  4.672112e+00  9.878599e+00  1.466125e+01  2.669807e+01 
 5.514206e+00  4.563964e+00  9.622247e+00  1.427636e+01  2.600285e+01 
 5.591071e+00  4.457267e+00  9.373617e+00  1.390103e+01  2.532612e+01 
 5.669007e+00  4.355270e+00  9.130726e+00  1.353898e+01  2.466952e+01 
 5.748030e+00  4.254436e+00  8.896145e+00  1.318489e+01  2.402721e+01 
 5.828155e+00  4.155891e+00  8.667785e+00  1.284277e+01  2.340469e+01 
 5.909396e+00  4.059744e+00  8.445127e+00  1.250939e+01  2.280136e+01 
 5.991770e+00  3.965195e+00  8.227604e+00  1.218342e+01  2.221092e+01 
 6.075292e+00  3.872915e+00  8.016724e+00  1.186688e+01  2.163344e+01 
 6.159978e+00  3.781842e+00  7.809354e+00  1.155690e+01  2.106956e+01 
 6.245845e+00  3.692181e+00  7.606734e+00  1.125358e+01  2.051621e+01 
 6.332908e+00  3.603921e+00  7.407555e+00  1.095632e+01  1.997402e+01 
 6.421186e+00  3.517982e+00  7.214168e+00  1.066600e+01  1.944520e+01 
 6.510694e+00  3.433148e+00  7.025086e+00  1.038399e+01  1.893006e+01 
 6.601449e+00  3.350891e+00  6.841603e+00  1.010925e+01  1.842836e+01 
 6.693470e+00  3.269907e+00  6.661981e+00  9.840881e+00  1.793892e+01 
 6.786773e+00  3.191083e+00  6.488319e+00  9.580660e+00  1.746375e+01 
 6.881377e+00  3.114735e+00  6.319560e+00  9.328214e+00  1.700028e+01 
 6.977300e+00  3.040014e+00  6.156038e+00  9.084147e+00  1.655188e+01 
 7.074559e+00  2.967664e+00  5.996709e+00  8.845548e+00  1.611524e+01 
 7.173175e+00  2.896693e+00  5.842523e+00  8.614830e+00  1.569213e+01 
 7.273165e+00  2.827953e+00  5.692847e+00  8.391560e+00  1.528030e+01 
 7.374549e+00  2.760736e+00  5.546848e+00  8.172897e+00  1.488056e+01 
 7.477346e+00  2.694949e+00  5.405454e+00  7.961683e+00  1.449046e+01 
 7.581576e+00  2.631052e+00  5.266379e+00  7.754233e+00  1.410941e+01 
 7.687260e+00  2.568005e+00  5.131107e+00  7.551671e+00  1.373760e+01 
 7.794416e+00  2.506284e+00  4.998553e+00  7.352834e+00  1.337243e+01 
 7.903066e+00  2.445790e+00  4.868577e+00  7.158313e+00  1.301461e+01 
 8.013230e+00  2.386597e+00  4.742457e+00  6.970162e+00  1.266644e+01 
 8.124930e+00  2.328628e+00  4.619237e+00  6.785680e+00  1.232638e+01 
 8.238187e+00  2.272307e+00  4.498900e+00  6.605629e+00  1.199548e+01 
 8.353023e+00  2.217252e+00  4.382203e+00  6.431255e+00  1.167309e+01 
 8.469460e+00  2.163815e+00  4.268940e+00  6.261662e+00  1.135999e+01 
 8.587519e+00  2.111849e+00  4.158687e+00  6.096705e+00  1.105590e+01 
 8.707225e+00  2.061325e+00  4.051499e+00  5.936808e+00  1.076053e+01 
 8.828599e+00  2.012252e+00  3.948094e+00  5.781576e+00  1.047331e+01 
 8.951665e+00  1.964454e+00  3.847570e+00  5.630949e+00  1.019522e+01 
 9.076446e+00  1.918107e+00  3.749997e+00  5.485105e+00  9.925436e+00 
 9.202967e+00  1.873288e+00  3.655082e+00  5.343240e+00  9.662388e+00 
 9.331251e+00  1.828985e+00  3.562516e+00  5.204641e+00  9.406382e+00 
 9.461324e+00  0.000000e+00  0.000000e+00  0.000000e+00  0.000000e+00 
 9.593209e+00  0.000000e+00  0.000000e+00  0.000000e+00  0.000000e+00 
 9.726934e+00  0.000000e+00  0.000000e+00  0.000000e+00  0.000000e+00 
 9.862522e+00  0.000000e+00  0.000000e+00  0.000000e+00  0.000000e+00 
 1.000000e+01  0.000000e+00  0.000000e+00  0.000000e+00  0.000000e+00 
