 1.000000e-02  5.759307e+03  1.046161e+04  1.410709e+04  2.090385e+04 
 1.013939e-02  5.787676e+03  1.051295e+04  1.417617e+04  2.100578e+04 
 1.028073e-02  5.815470e+03  1.056324e+04  1.424379e+04  2.110565e+04 
 1.042404e-02  5.842678e+03  1.061245e+04  1.430997e+04  2.120338e+04 
 1.056935e-02  5.869299e+03  1.066058e+04  1.437478e+04  2.129890e+04 
 1.071668e-02  5.895310e+03  1.070759e+04  1.443809e+04  2.139217e+04 
 1.086606e-02  5.920674e+03  1.075346e+04  1.449979e+04  2.148315e+04 
 1.101753e-02  5.945375e+03  1.079814e+04  1.455978e+04  2.157173e+04 
 1.117111e-02  5.969390e+03  1.084156e+04  1.461805e+04  2.165779e+04 
 1.132683e-02  5.992733e+03  1.088377e+04  1.467469e+04  2.174128e+04 
 1.148472e-02  6.015380e+03  1.092469e+04  1.472965e+04  2.182220e+04 
 1.164481e-02  6.037275e+03  1.096423e+04  1.478284e+04  2.190042e+04 
 1.180713e-02  6.058395e+03  1.100234e+04  1.483415e+04  2.197586e+04 
 1.197171e-02  6.078733e+03  1.103903e+04  1.488349e+04  2.204845e+04 
 1.213859e-02  6.098249e+03  1.107425e+04  1.493072e+04  2.211803e+04 
 1.230780e-02  6.116923e+03  1.110796e+04  1.497584e+04  2.218453e+04 
 1.247936e-02  6.134754e+03  1.114011e+04  1.501893e+04  2.224799e+04 
 1.265332e-02  6.151708e+03  1.117066e+04  1.505990e+04  2.230824e+04 
 1.282970e-02  6.167758e+03  1.119955e+04  1.509869e+04  2.236518e+04 
 1.300854e-02  6.182865e+03  1.122674e+04  1.513522e+04  2.241871e+04 
 1.318987e-02  6.197027e+03  1.125221e+04  1.516936e+04  2.246879e+04 
 1.337373e-02  6.210256e+03  1.127597e+04  1.520112e+04  2.251543e+04 
 1.356015e-02  6.222493e+03  1.129793e+04  1.523042e+04  2.255845e+04 
 1.374917e-02  6.233676e+03  1.131799e+04  1.525722e+04  2.259768e+04 
 1.394083e-02  6.243801e+03  1.133612e+04  1.528147e+04  2.263303e+04 
 1.413516e-02  6.252889e+03  1.135237e+04  1.530316e+04  2.266461e+04 
 1.433219e-02  6.260919e+03  1.136667e+04  1.532219e+04  2.269240e+04 
 1.453198e-02  6.267846e+03  1.137897e+04  1.533857e+04  2.271612e+04 
 1.473454e-02  6.273639e+03  1.138922e+04  1.535220e+04  2.273570e+04 
 1.493993e-02  6.278263e+03  1.139736e+04  1.536302e+04  2.275104e+04 
 1.514819e-02  6.281667e+03  1.140329e+04  1.537089e+04  2.276203e+04 
 1.535935e-02  6.283848e+03  1.140699e+04  1.537570e+04  2.276866e+04 
 1.557345e-02  6.284812e+03  1.140849e+04  1.537746e+04  2.277084e+04 
 1.579053e-02  6.284568e+03  1.140779e+04  1.537632e+04  2.276862e+04 
 1.601064e-02  6.283090e+03  1.140485e+04  1.537217e+04  2.276191e+04 
 1.623382e-02  6.280301e+03  1.139955e+04  1.536480e+04  2.275053e+04 
 1.646012e-02  6.276214e+03  1.139188e+04  1.535423e+04  2.273444e+04 
 1.668956e-02  6.270823e+03  1.138185e+04  1.534048e+04  2.271361e+04 
 1.692220e-02  6.264116e+03  1.136939e+04  1.532345e+04  2.268792e+04 
 1.715809e-02  6.256047e+03  1.135447e+04  1.530308e+04  2.265729e+04 
 1.739726e-02  6.246605e+03  1.133708e+04  1.527939e+04  2.262170e+04 
 1.763977e-02  6.235773e+03  1.131717e+04  1.525234e+04  2.258111e+04 
 1.788566e-02  6.223554e+03  1.129472e+04  1.522187e+04  2.253551e+04 
 1.813498e-02  6.209935e+03  1.126973e+04  1.518797e+04  2.248487e+04 
 1.838777e-02  6.194897e+03  1.124215e+04  1.515059e+04  2.242915e+04 
 1.864409e-02  6.178407e+03  1.121193e+04  1.510965e+04  2.236812e+04 
 1.890397e-02  6.160460e+03  1.117910e+04  1.506515e+04  2.230178e+04 
 1.916748e-02  6.141081e+03  1.114367e+04  1.501717e+04  2.223014e+04 
 1.943467e-02  6.120254e+03  1.110561e+04  1.496565e+04  2.215319e+04 
 1.970558e-02  6.097939e+03  1.106483e+04  1.491048e+04  2.207092e+04 
 1.998026e-02  6.074129e+03  1.102135e+04  1.485165e+04  2.198341e+04 
 2.025878e-02  6.048842e+03  1.097518e+04  1.478919e+04  2.189067e+04 
 2.054117e-02  6.022090e+03  1.092635e+04  1.472317e+04  2.179255e+04 
 2.082751e-02  5.993872e+03  1.087486e+04  1.465357e+04  2.168900e+04 
 2.111783e-02  5.964163e+03  1.082066e+04  1.458033e+04  2.158004e+04 
 2.141220e-02  5.933065e+03  1.076392e+04  1.450361e+04  2.146580e+04 
 2.171068e-02  5.901131e+03  1.070547e+04  1.442439e+04  2.134730e+04 
 2.201331e-02  5.867722e+03  1.064434e+04  1.434156e+04  2.122355e+04 
 2.232016e-02  5.832857e+03  1.058059e+04  1.425518e+04  2.109456e+04 
 2.263130e-02  5.796581e+03  1.051427e+04  1.416534e+04  2.096059e+04 
 2.294676e-02  5.758875e+03  1.044535e+04  1.407201e+04  2.082152e+04 
 2.326663e-02  5.719754e+03  1.037387e+04  1.397523e+04  2.067728e+04 
 2.359095e-02  5.679233e+03  1.029985e+04  1.387503e+04  2.052784e+04 
 2.391980e-02  5.637336e+03  1.022334e+04  1.377147e+04  2.037342e+04 
 2.425323e-02  5.594086e+03  1.014436e+04  1.366461e+04  2.021413e+04 
 2.459130e-02  5.549511e+03  1.006296e+04  1.355452e+04  2.005013e+04 
 2.493409e-02  5.503628e+03  9.979223e+03  1.344125e+04  1.988148e+04 
 2.528166e-02  5.456474e+03  9.893187e+03  1.332489e+04  1.970823e+04 
 2.563407e-02  5.408077e+03  9.804916e+03  1.320550e+04  1.953053e+04 
 2.599140e-02  5.358492e+03  9.714487e+03  1.308323e+04  1.934854e+04 
 2.635371e-02  5.307749e+03  9.621957e+03  1.295811e+04  1.916240e+04 
 2.672106e-02  5.255881e+03  9.527393e+03  1.283029e+04  1.897221e+04 
 2.709354e-02  5.202946e+03  9.430881e+03  1.269985e+04  1.877819e+04 
 2.747121e-02  5.148981e+03  9.332522e+03  1.256692e+04  1.858051e+04 
 2.785414e-02  5.093977e+03  9.232306e+03  1.243152e+04  1.837925e+04 
 2.824241e-02  5.037739e+03  9.129984e+03  1.229341e+04  1.817431e+04 
 2.863610e-02  4.980624e+03  9.026090e+03  1.215318e+04  1.796622e+04 
 2.903527e-02  4.922693e+03  8.920725e+03  1.201098e+04  1.775524e+04 
 2.944000e-02  4.864018e+03  8.814018e+03  1.186697e+04  1.754158e+04 
 2.985038e-02  4.804672e+03  8.706077e+03  1.172129e+04  1.732550e+04 
 3.026648e-02  4.744698e+03  8.597016e+03  1.157413e+04  1.710722e+04 
 3.068838e-02  4.684161e+03  8.486955e+03  1.142562e+04  1.688698e+04 
 3.111616e-02  4.623131e+03  8.376009e+03  1.127593e+04  1.666498e+04 
 3.154990e-02  4.561691e+03  8.264325e+03  1.112524e+04  1.644152e+04 
 3.198969e-02  4.499919e+03  8.152026e+03  1.097375e+04  1.621687e+04 
 3.243561e-02  4.437883e+03  8.039262e+03  1.082163e+04  1.599129e+04 
 3.288774e-02  4.375660e+03  7.926161e+03  1.066909e+04  1.576512e+04 
 3.334618e-02  4.313337e+03  7.812871e+03  1.051630e+04  1.553859e+04 
 3.381101e-02  4.250983e+03  7.699556e+03  1.036345e+04  1.531200e+04 
 3.428231e-02  4.188678e+03  7.586341e+03  1.021073e+04  1.508561e+04 
 3.476019e-02  4.126307e+03  7.473346e+03  1.005865e+04  1.486117e+04 
 3.524473e-02  4.064136e+03  7.360713e+03  9.907064e+03  1.463752e+04 
 3.573602e-02  4.002257e+03  7.248602e+03  9.756227e+03  1.441494e+04 
 3.623416e-02  3.940777e+03  7.137204e+03  9.606332e+03  1.419376e+04 
 3.673925e-02  3.879767e+03  7.026655e+03  9.457579e+03  1.397421e+04 
 3.725137e-02  3.819277e+03  6.917050e+03  9.310107e+03  1.375658e+04 
 3.777064e-02  3.759387e+03  6.808544e+03  9.164095e+03  1.354111e+04 
 3.829714e-02  3.700194e+03  6.701304e+03  9.019794e+03  1.332812e+04 
 3.883098e-02  3.641779e+03  6.595481e+03  8.877392e+03  1.311795e+04 
 3.937226e-02  3.584204e+03  6.491179e+03  8.737045e+03  1.291082e+04 
 3.992109e-02  3.527536e+03  6.388513e+03  8.598899e+03  1.270693e+04 
 4.047757e-02  3.471827e+03  6.287566e+03  8.463029e+03  1.250631e+04 
 4.104181e-02  3.417043e+03  6.187764e+03  8.328133e+03  1.230554e+04 
 4.161391e-02  3.363379e+03  6.090002e+03  8.196003e+03  1.210885e+04 
 4.219398e-02  3.310884e+03  5.994364e+03  8.066749e+03  1.191642e+04 
 4.278214e-02  3.259593e+03  5.900934e+03  7.940452e+03  1.172841e+04 
 4.337850e-02  3.209563e+03  5.809803e+03  7.817248e+03  1.154503e+04 
 4.398317e-02  3.160854e+03  5.721065e+03  7.697282e+03  1.136641e+04 
 4.459628e-02  3.113512e+03  5.634793e+03  7.580668e+03  1.119272e+04 
 4.521792e-02  3.067552e+03  5.551040e+03  7.467444e+03  1.102406e+04 
 4.584824e-02  3.023004e+03  5.469857e+03  7.357663e+03  1.086052e+04 
 4.648734e-02  2.979884e+03  5.391275e+03  7.251386e+03  1.070220e+04 
 4.713535e-02  2.938276e+03  5.316088e+03  7.150386e+03  1.055353e+04 
 4.779239e-02  2.898165e+03  5.244004e+03  7.053980e+03  1.041273e+04 
 4.845859e-02  2.859529e+03  5.174565e+03  6.961136e+03  1.027713e+04 
 4.913407e-02  2.822355e+03  5.107777e+03  6.871825e+03  1.014673e+04 
 4.981898e-02  2.786617e+03  5.043593e+03  6.786011e+03  1.002146e+04 
 5.051342e-02  2.752298e+03  4.981971e+03  6.703631e+03  9.901285e+03 
 5.121755e-02  2.719365e+03  4.922859e+03  6.624630e+03  9.786062e+03 
 5.193150e-02  2.687785e+03  4.866187e+03  6.548911e+03  9.675671e+03 
 5.265540e-02  2.657521e+03  4.811886e+03  6.476382e+03  9.569957e+03 
 5.338938e-02  2.628310e+03  4.759068e+03  6.405436e+03  9.465465e+03 
 5.413360e-02  2.600038e+03  4.707493e+03  6.335638e+03  9.361342e+03 
 5.488820e-02  2.572903e+03  4.657978e+03  6.268602e+03  9.261336e+03 
 5.565331e-02  2.546830e+03  4.610397e+03  6.204168e+03  9.165164e+03 
 5.642908e-02  2.521709e+03  4.564542e+03  6.142051e+03  9.072426e+03 
 5.721568e-02  2.497383e+03  4.520123e+03  6.081879e+03  8.982571e+03 
 5.801323e-02  2.473754e+03  4.476953e+03  6.023428e+03  8.895238e+03 
 5.882190e-02  2.450912e+03  4.435211e+03  5.966904e+03  8.810756e+03 
 5.964185e-02  2.429082e+03  4.395582e+03  5.913473e+03  8.731566e+03 
 6.047322e-02  2.408300e+03  4.358586e+03  5.864323e+03  8.660720e+03 
 6.131619e-02  2.387793e+03  4.322095e+03  5.815836e+03  8.590852e+03 
 6.217090e-02  2.367143e+03  4.285329e+03  5.766987e+03  8.520460e+03 
 6.303753e-02  2.346105e+03  4.247848e+03  5.717178e+03  8.448652e+03 
 6.391624e-02  2.324686e+03  4.209667e+03  5.666437e+03  8.375456e+03 
 6.480720e-02  2.302911e+03  4.170845e+03  5.614822e+03  8.300963e+03 
 6.571058e-02  2.280749e+03  4.131325e+03  5.562266e+03  8.225047e+03 
 6.662655e-02  2.256985e+03  4.087200e+03  5.501733e+03  8.132450e+03 
 6.755528e-02  2.232446e+03  4.041634e+03  5.439202e+03  8.036789e+03 
 6.849697e-02  2.206995e+03  3.994425e+03  5.374473e+03  7.937905e+03 
 6.945178e-02  2.180529e+03  3.945386e+03  5.307284e+03  7.835445e+03 
 7.041990e-02  2.152945e+03  3.894340e+03  5.237413e+03  7.729052e+03 
 7.140151e-02  2.124155e+03  3.841117e+03  5.164643e+03  7.618415e+03 
 7.239681e-02  2.094365e+03  3.786365e+03  5.090145e+03  7.506235e+03 
 7.340598e-02  2.063554e+03  3.730094e+03  5.013991e+03  7.392829e+03 
 7.442922e-02  2.031335e+03  3.671273e+03  4.934418e+03  7.274394e+03 
 7.546673e-02  1.997689e+03  3.609886e+03  4.851402e+03  7.150906e+03 
 7.651869e-02  1.962614e+03  3.545930e+03  4.764933e+03  7.022363e+03 
 7.758532e-02  1.926131e+03  3.479453e+03  4.675097e+03  6.888878e+03 
 7.866682e-02  1.889047e+03  3.412893e+03  4.586146e+03  6.759220e+03 
 7.976339e-02  1.851880e+03  3.347787e+03  4.500750e+03  6.638841e+03 
 8.087525e-02  1.813483e+03  3.280391e+03  4.412221e+03  6.513682e+03 
 8.200261e-02  1.773981e+03  3.210926e+03  4.320830e+03  6.384138e+03 
 8.314568e-02  1.733518e+03  3.139649e+03  4.226925e+03  6.250699e+03 
 8.430468e-02  1.692262e+03  3.066874e+03  4.130928e+03  6.113992e+03 
 8.547985e-02  1.649850e+03  2.991015e+03  4.029830e+03  5.967378e+03 
 8.667139e-02  1.606805e+03  2.913537e+03  3.926100e+03  5.815739e+03 
 8.787954e-02  1.563622e+03  2.835766e+03  3.821962e+03  5.663440e+03 
 8.910453e-02  1.520536e+03  2.758136e+03  3.717994e+03  5.511299e+03 
 9.034660e-02  1.477791e+03  2.681104e+03  3.614797e+03  5.360208e+03 
 9.160598e-02  1.436275e+03  2.607179e+03  3.516601e+03  5.218494e+03 
 9.288292e-02  1.396139e+03  2.536516e+03  3.423497e+03  5.086025e+03 
 9.417766e-02  1.356996e+03  2.467569e+03  3.332586e+03  4.956564e+03 
 9.549045e-02  1.319064e+03  2.400726e+03  3.244439e+03  4.830942e+03 
 9.682153e-02  1.282553e+03  2.336376e+03  3.159589e+03  4.709954e+03 
 9.817117e-02  1.247936e+03  2.275791e+03  3.080119e+03  4.597643e+03 
 9.953962e-02  1.215208e+03  2.218681e+03  3.005375e+03  4.492450e+03 
 1.009272e-01  1.184382e+03  2.164939e+03  2.935084e+03  4.393624e+03 
 1.023340e-01  1.155567e+03  2.114784e+03  2.869566e+03  4.301642e+03 
 1.037605e-01  1.128311e+03  2.066733e+03  2.806196e+03  4.211278e+03 
 1.052069e-01  1.101183e+03  2.016379e+03  2.737383e+03  4.107499e+03 
 1.066734e-01  1.076291e+03  1.970151e+03  2.674195e+03  4.012146e+03 
 1.081604e-01  1.053593e+03  1.927968e+03  2.616530e+03  3.925041e+03 
 1.096681e-01  1.033044e+03  1.889726e+03  2.564225e+03  3.845991e+03 
 1.111968e-01  1.014579e+03  1.855433e+03  2.517241e+03  3.774497e+03 
 1.127468e-01  9.979933e+02  1.824616e+03  2.474984e+03  3.710060e+03 
 1.143184e-01  9.831033e+02  1.796929e+03  2.436979e+03  3.651978e+03 
 1.159120e-01  9.697052e+02  1.771976e+03  2.402684e+03  3.599467e+03 
 1.175277e-01  9.580534e+02  1.750668e+03  2.373659e+03  3.555377e+03 
 1.191660e-01  9.474265e+02  1.731281e+03  2.347276e+03  3.515304e+03 
 1.208271e-01  9.374824e+02  1.713156e+03  2.322611e+03  3.477803e+03 
 1.225114e-01  9.278648e+02  1.695589e+03  2.298684e+03  3.441396e+03 
 1.242191e-01  9.178231e+02  1.676805e+03  2.272857e+03  3.402031e+03 
 1.259506e-01  9.075506e+02  1.657604e+03  2.246471e+03  3.361851e+03 
 1.277063e-01  8.967338e+02  1.637414e+03  2.218763e+03  3.319705e+03 
 1.294865e-01  8.853960e+02  1.616469e+03  2.190088e+03  3.276002e+03 
 1.312915e-01  8.733396e+02  1.594434e+03  2.160009e+03  3.230072e+03 
 1.331216e-01  8.600067e+02  1.570052e+03  2.126772e+03  3.179495e+03 
 1.349772e-01  8.452895e+02  1.543188e+03  2.090211e+03  3.124076e+03 
 1.368587e-01  8.301148e+02  1.517125e+03  2.056552e+03  3.078110e+03 
 1.387665e-01  8.133726e+02  1.488131e+03  2.018900e+03  3.026106e+03 
 1.407008e-01  7.951302e+02  1.456328e+03  1.977402e+03  2.968214e+03 
 1.426621e-01  7.764808e+02  1.424406e+03  1.935961e+03  2.910212e+03 
 1.446507e-01  7.568854e+02  1.390877e+03  1.892336e+03  2.848770e+03 
 1.466671e-01  7.362690e+02  1.355358e+03  1.845932e+03  2.782960e+03 
 1.487115e-01  7.134300e+02  1.314257e+03  1.790931e+03  2.702757e+03 
 1.507845e-01  6.892494e+02  1.269709e+03  1.730552e+03  2.613481e+03 
 1.528864e-01  6.651538e+02  1.225301e+03  1.670376e+03  2.524379e+03 
 1.550175e-01  6.431441e+02  1.186526e+03  1.619296e+03  2.451859e+03 
 1.571784e-01  6.229702e+02  1.152287e+03  1.575309e+03  2.391839e+03 
 1.593694e-01  6.037326e+02  1.119600e+03  1.533286e+03  2.334385e+03 
 1.615909e-01  5.862135e+02  1.090299e+03  1.495895e+03  2.283618e+03 
 1.638434e-01  5.703283e+02  1.064017e+03  1.462569e+03  2.238689e+03 
 1.661273e-01  5.560453e+02  1.040549e+03  1.432967e+03  2.199158e+03 
 1.684430e-01  5.408145e+02  1.012853e+03  1.395882e+03  2.145592e+03 
 1.707910e-01  5.270794e+02  9.876338e+02  1.361964e+03  2.096433e+03 
 1.731717e-01  5.154655e+02  9.665993e+02  1.333872e+03  2.056027e+03 
 1.755856e-01  5.068228e+02  9.520726e+02  1.315097e+03  2.029434e+03 
 1.780332e-01  4.995972e+02  9.401692e+02  1.299911e+03  2.008297e+03 
 1.805149e-01  4.919496e+02  9.255236e+02  1.279290e+03  1.975471e+03 
 1.830312e-01  4.842348e+02  9.096074e+02  1.255939e+03  1.936531e+03 
 1.855825e-01  4.770843e+02  8.949240e+02  1.234494e+03  1.901039e+03 
 1.881694e-01  4.702645e+02  8.817484e+02  1.216280e+03  1.873379e+03 
 1.907924e-01  4.632904e+02  8.682972e+02  1.197696e+03  1.845177e+03 
 1.934520e-01  4.554266e+02  8.530646e+02  1.176767e+03  1.814353e+03 
 1.961486e-01  4.466869e+02  8.361670e+02  1.153589e+03  1.780425e+03 
 1.988828e-01  4.380115e+02  8.200712e+02  1.131784e+03  1.748462e+03 
 2.016551e-01  4.297356e+02  8.057002e+02  1.112739e+03  1.720528e+03 
 2.044661e-01  4.202623e+02  7.889242e+02  1.090247e+03  1.687091e+03 
 2.073162e-01  4.093608e+02  7.685736e+02  1.062131e+03  1.643877e+03 
 2.102061e-01  3.975899e+02  7.465900e+02  1.031765e+03  1.597194e+03 
 2.131362e-01  3.884536e+02  7.334068e+02  1.016463e+03  1.578454e+03 
 2.161073e-01  3.790449e+02  7.197356e+02  1.000520e+03  1.558762e+03 
 2.191197e-01  3.674051e+02  7.000007e+02  9.753531e+02  1.525220e+03 
 2.221741e-01  3.555669e+02  6.793751e+02  9.486658e+02  1.489159e+03 
 2.252711e-01  3.448594e+02  6.613830e+02  9.259583e+02  1.459435e+03 
 2.284112e-01  3.351789e+02  6.454090e+02  9.060711e+02  1.433941e+03 
 2.315951e-01  3.266543e+02  6.307879e+02  8.868386e+02  1.405855e+03 
 2.348235e-01  3.193394e+02  6.181475e+02  8.699248e+02  1.380129e+03 
 2.380968e-01  3.114067e+02  6.029735e+02  8.488529e+02  1.348024e+03 
 2.414157e-01  3.041159e+02  5.886998e+02  8.288857e+02  1.317674e+03 
 2.447809e-01  2.971672e+02  5.751965e+02  8.102382e+02  1.289258e+03 
 2.481930e-01  2.909432e+02  5.631403e+02  7.936434e+02  1.264013e+03 
 2.516527e-01  2.873587e+02  5.569591e+02  7.851873e+02  1.250577e+03 
 2.551606e-01  2.831016e+02  5.491066e+02  7.743185e+02  1.233695e+03 
 2.587174e-01  2.762568e+02  5.350487e+02  7.545177e+02  1.203859e+03 
 2.623238e-01  2.704680e+02  5.240475e+02  7.394487e+02  1.181595e+03 
 2.659804e-01  2.656878e+02  5.160977e+02  7.291412e+02  1.166950e+03 
 2.696881e-01  2.591189e+02  5.040418e+02  7.128998e+02  1.142728e+03 
 2.734474e-01  2.516994e+02  4.901928e+02  6.941197e+02  1.114515e+03 
 2.772591e-01  2.458203e+02  4.806090e+02  6.822466e+02  1.099479e+03 
 2.811239e-01  2.394561e+02  4.697077e+02  6.683648e+02  1.081781e+03 
 2.850426e-01  2.328045e+02  4.577637e+02  6.528310e+02  1.062252e+03 
 2.890160e-01  2.265211e+02  4.473537e+02  6.396496e+02  1.044097e+03 
 2.930447e-01  2.206028e+02  4.374014e+02  6.266030e+02  1.024492e+03 
 2.971296e-01  2.151385e+02  4.271269e+02  6.115283e+02  9.984712e+02 
 3.012714e-01  2.102745e+02  4.188820e+02  6.007841e+02  9.830106e+02 
 3.054710e-01  2.057221e+02  4.113324e+02  5.914450e+02  9.710835e+02 
 3.097291e-01  2.005626e+02  4.016748e+02  5.785727e+02  9.530323e+02 
 3.140465e-01  1.960107e+02  3.925456e+02  5.654775e+02  9.316094e+02 
 3.184242e-01  1.920473e+02  3.846550e+02  5.541250e+02  9.129866e+02 
 3.228628e-01  1.888327e+02  3.790640e+02  5.469116e+02  9.038518e+02 
 3.273634e-01  1.844625e+02  3.701879e+02  5.340691e+02  8.831244e+02 
 3.319266e-01  1.798440e+02  3.611320e+02  5.214747e+02  8.640941e+02 
 3.365535e-01  1.752471e+02  3.528029e+02  5.106695e+02  8.495874e+02 
 3.412449e-01  1.718751e+02  3.483123e+02  5.054750e+02  8.416247e+02 
 3.460016e-01  1.681599e+02  3.423048e+02  4.978146e+02  8.310358e+02 
 3.508247e-01  1.644356e+02  3.357615e+02  4.891313e+02  8.183722e+02 
 3.557150e-01  1.607802e+02  3.291152e+02  4.801819e+02  8.046316e+02 
 3.606735e-01  1.566230e+02  3.218234e+02  4.706894e+02  7.915886e+02 
 3.657011e-01  1.518401e+02  3.128236e+02  4.583300e+02  7.741567e+02 
 3.707988e-01  1.479729e+02  3.054218e+02  4.482014e+02  7.591506e+02 
 3.759675e-01  1.445373e+02  2.988452e+02  4.391580e+02  7.455274e+02 
 3.812083e-01  1.411518e+02  2.927102e+02  4.308734e+02  7.332547e+02 
 3.865221e-01  1.383514e+02  2.886095e+02  4.263015e+02  7.263397e+02 
 3.919100e-01  1.354073e+02  2.817840e+02  4.157902e+02  7.112426e+02 
 3.973730e-01  1.321457e+02  2.761744e+02  4.087408e+02  7.002440e+02 
 4.029122e-01  1.294032e+02  2.718700e+02  4.028715e+02  6.896386e+02 
 4.085286e-01  1.266747e+02  2.661278e+02  3.945870e+02  6.775977e+02 
 4.142232e-01  1.234064e+02  2.594669e+02  3.856396e+02  6.661943e+02 
 4.199973e-01  1.201366e+02  2.537862e+02  3.784212e+02  6.557975e+02 
 4.258518e-01  1.174450e+02  2.488929e+02  3.715862e+02  6.442870e+02 
 4.317880e-01  1.145979e+02  2.434950e+02  3.636481e+02  6.318369e+02 
 4.378069e-01  1.121166e+02  2.385508e+02  3.565541e+02  6.201188e+02 
 4.439097e-01  1.100681e+02  2.354008e+02  3.527771e+02  6.162807e+02 
 4.500975e-01  1.070182e+02  2.297144e+02  3.450521e+02  6.049276e+02 
 4.563716e-01  1.044605e+02  2.244070e+02  3.373676e+02  5.914547e+02 
 4.627332e-01  1.027835e+02  2.221251e+02  3.349486e+02  5.893312e+02 
 4.691835e-01  1.000904e+02  2.168084e+02  3.274150e+02  5.769305e+02 
 4.757236e-01  9.814734e+01  2.129743e+02  3.220722e+02  5.685695e+02 
 4.823549e-01  9.548069e+01  2.076121e+02  3.144172e+02  5.577794e+02 
 4.890787e-01  9.331267e+01  2.033651e+02  3.086961e+02  5.490110e+02 
 4.958962e-01  9.164264e+01  2.001941e+02  3.038436e+02  5.400943e+02 
 5.028087e-01  8.942679e+01  1.964029e+02  2.987521e+02  5.326204e+02 
 5.098176e-01  8.765544e+01  1.931580e+02  2.941766e+02  5.239311e+02 
 5.169242e-01  8.602649e+01  1.901120e+02  2.900246e+02  5.183311e+02 
 5.241298e-01  8.314682e+01  1.851020e+02  2.838225e+02  5.106771e+02 
 5.314359e-01  8.161356e+01  1.828711e+02  2.809132e+02  5.058475e+02 
 5.388438e-01  7.982207e+01  1.787926e+02  2.747484e+02  4.963059e+02 
 5.463550e-01  7.829484e+01  1.758741e+02  2.704589e+02  4.890442e+02 
 5.539709e-01  7.608514e+01  1.718644e+02  2.653543e+02  4.813905e+02 
 5.616930e-01  7.464060e+01  1.690860e+02  2.614313e+02  4.755451e+02 
 5.695227e-01  7.307042e+01  1.664490e+02  2.582214e+02  4.694213e+02 
 5.774615e-01  7.135166e+01  1.625164e+02  2.522588e+02  4.605239e+02 
 5.855110e-01  6.999975e+01  1.601046e+02  2.486995e+02  4.543087e+02 
 5.936727e-01  6.831578e+01  1.562796e+02  2.431807e+02  4.459462e+02 
 6.019482e-01  6.705543e+01  1.542964e+02  2.401360e+02  4.402797e+02 
 6.103390e-01  6.538471e+01  1.514045e+02  2.364838e+02  4.341919e+02 
 6.188468e-01  6.389141e+01  1.487932e+02  2.339264e+02  4.325184e+02 
 6.274732e-01  6.273392e+01  1.459274e+02  2.289541e+02  4.240519e+02 
 6.362198e-01  6.136075e+01  1.436407e+02  2.257950e+02  4.180852e+02 
 6.450884e-01  5.985289e+01  1.408757e+02  2.219602e+02  4.114565e+02 
 6.540806e-01  5.857623e+01  1.378353e+02  2.173086e+02  4.044267e+02 
 6.631981e-01  5.721179e+01  1.355530e+02  2.148128e+02  4.005712e+02 
 6.724427e-01  5.607737e+01  1.331797e+02  2.114404e+02  3.963205e+02 
 6.818162e-01  5.479825e+01  1.307678e+02  2.073390e+02  3.885012e+02 
 6.913204e-01  5.357285e+01  1.282658e+02  2.040784e+02  3.831937e+02 
 7.009570e-01  5.277508e+01  1.263292e+02  2.011655e+02  3.782901e+02 
 7.107280e-01  5.134051e+01  1.240787e+02  1.981675e+02  3.724928e+02 
 7.206351e-01  5.049335e+01  1.220699e+02  1.953938e+02  3.691167e+02 
 7.306804e-01  4.939800e+01  1.201812e+02  1.923443e+02  3.625881e+02 
 7.408657e-01  4.825177e+01  1.177187e+02  1.888078e+02  3.577477e+02 
 7.511929e-01  4.717216e+01  1.154491e+02  1.858430e+02  3.529090e+02 
 7.616642e-01  4.622291e+01  1.132647e+02  1.826706e+02  3.480675e+02 
 7.722814e-01  4.551468e+01  1.120867e+02  1.807106e+02  3.434883e+02 
 7.830465e-01  4.452107e+01  1.098336e+02  1.774496e+02  3.388636e+02 
 7.939618e-01  4.363176e+01  1.083333e+02  1.751255e+02  3.348408e+02 
 8.050292e-01  4.261344e+01  1.061712e+02  1.725611e+02  3.306819e+02 
 8.162509e-01  4.179532e+01  1.045895e+02  1.698014e+02  3.249337e+02 
 8.276289e-01  4.074739e+01  1.024162e+02  1.668732e+02  3.207224e+02 
 8.391656e-01  4.016419e+01  1.011880e+02  1.644873e+02  3.167787e+02 
 8.508632e-01  3.941013e+01  9.942130e+01  1.622364e+02  3.127658e+02 
 8.627237e-01  3.848340e+01  9.773211e+01  1.597221e+02  3.078519e+02 
 8.747496e-01  3.774526e+01  9.598475e+01  1.572497e+02  3.038148e+02 
 8.869432e-01  3.703749e+01  9.459148e+01  1.551200e+02  3.002103e+02 
 8.993067e-01  3.623151e+01  9.302013e+01  1.527516e+02  2.957595e+02 
 9.118425e-01  3.565072e+01  9.141072e+01  1.501541e+02  2.906810e+02 
 9.245531e-01  3.482139e+01  8.985981e+01  1.477904e+02  2.872475e+02 
 9.374409e-01  3.410106e+01  8.837035e+01  1.457760e+02  2.836173e+02 
 9.505083e-01  3.348546e+01  8.691987e+01  1.435975e+02  2.796162e+02 
 9.637579e-01  3.274833e+01  8.525350e+01  1.410578e+02  2.754873e+02 
 9.771921e-01  3.223977e+01  8.468560e+01  1.398157e+02  2.720459e+02 
 9.908137e-01  3.158596e+01  8.306309e+01  1.374448e+02  2.683745e+02 
 1.004625e+00  3.094941e+01  8.150662e+01  1.351067e+02  2.641079e+02 
 1.018629e+00  3.041811e+01  8.038394e+01  1.332781e+02  2.603860e+02 
 1.032828e+00  2.979120e+01  7.904573e+01  1.314940e+02  2.576128e+02 
 1.047225e+00  2.918037e+01  7.786978e+01  1.294705e+02  2.533451e+02 
 1.061823e+00  2.869016e+01  7.683310e+01  1.277684e+02  2.500955e+02 
 1.076624e+00  2.812575e+01  7.559341e+01  1.259085e+02  2.465547e+02 
 1.091632e+00  2.764057e+01  7.432776e+01  1.241314e+02  2.429277e+02 
 1.106848e+00  2.707064e+01  7.302143e+01  1.221459e+02  2.396626e+02 
 1.122277e+00  2.655162e+01  7.198930e+01  1.201997e+02  2.357445e+02 
 1.137921e+00  2.603089e+01  7.070516e+01  1.183040e+02  2.323373e+02 
 1.153783e+00  2.556369e+01  6.960152e+01  1.165662e+02  2.290904e+02 
 1.169866e+00  2.511204e+01  6.855353e+01  1.148311e+02  2.260410e+02 
 1.186174e+00  2.461128e+01  6.751726e+01  1.130987e+02  2.224568e+02 
 1.202708e+00  2.416807e+01  6.642794e+01  1.114506e+02  2.193153e+02 
 1.219473e+00  2.373801e+01  6.541468e+01  1.098863e+02  2.157478e+02 
 1.236472e+00  2.328526e+01  6.439103e+01  1.083036e+02  2.128146e+02 
 1.253708e+00  2.286902e+01  6.335828e+01  1.064326e+02  2.095153e+02 
 1.271184e+00  2.246087e+01  6.256085e+01  1.052254e+02  2.065498e+02 
 1.288904e+00  2.204895e+01  6.137047e+01  1.033608e+02  2.036222e+02 
 1.306870e+00  2.163895e+01  6.040385e+01  1.017875e+02  2.002972e+02 
 1.325087e+00  2.128438e+01  5.951881e+01  1.003528e+02  1.971610e+02 
 1.343558e+00  2.089936e+01  5.856213e+01  9.880511e+01  1.941706e+02 
 1.362287e+00  2.053875e+01  5.762043e+01  9.717726e+01  1.910053e+02 
 1.381276e+00  2.015562e+01  5.675653e+01  9.550494e+01  1.878645e+02 
 1.400531e+00  1.980657e+01  5.585562e+01  9.410570e+01  1.847911e+02 
 1.420053e+00  1.944113e+01  5.487613e+01  9.266210e+01  1.817537e+02 
 1.439848e+00  1.910043e+01  5.408428e+01  9.111170e+01  1.788941e+02 
 1.459919e+00  1.873966e+01  5.319350e+01  8.967174e+01  1.757885e+02 
 1.480269e+00  1.845015e+01  5.226500e+01  8.809788e+01  1.726066e+02 
 1.500903e+00  1.811985e+01  5.147419e+01  8.667916e+01  1.700122e+02 
 1.521825e+00  1.778829e+01  5.069099e+01  8.537240e+01  1.670943e+02 
 1.543038e+00  1.746450e+01  4.985555e+01  8.404805e+01  1.645210e+02 
 1.564548e+00  1.718683e+01  4.907464e+01  8.268169e+01  1.616071e+02 
 1.586357e+00  1.689311e+01  4.832945e+01  8.136144e+01  1.588546e+02 
 1.608469e+00  1.658306e+01  4.755545e+01  8.003537e+01  1.563075e+02 
 1.630891e+00  1.634635e+01  4.673530e+01  7.856598e+01  1.532951e+02 
 1.653624e+00  1.604265e+01  4.596750e+01  7.735111e+01  1.509201e+02 
 1.676675e+00  1.576041e+01  4.528585e+01  7.612488e+01  1.481607e+02 
 1.700047e+00  1.548631e+01  4.455575e+01  7.484175e+01  1.456064e+02 
 1.723745e+00  1.524246e+01  4.378893e+01  7.357345e+01  1.428268e+02 
 1.747773e+00  1.495487e+01  4.303143e+01  7.226691e+01  1.401824e+02 
 1.772136e+00  1.469762e+01  4.233720e+01  7.098503e+01  1.377166e+02 
 1.796838e+00  1.444832e+01  4.160546e+01  6.974001e+01  1.351179e+02 
 1.821885e+00  1.422748e+01  4.089445e+01  6.847481e+01  1.326456e+02 
 1.847281e+00  1.396262e+01  4.024784e+01  6.735037e+01  1.301690e+02 
 1.873032e+00  1.372714e+01  3.955206e+01  6.602535e+01  1.277250e+02 
 1.899141e+00  1.349052e+01  3.882553e+01  6.486419e+01  1.252963e+02 
 1.925614e+00  1.327065e+01  3.817763e+01  6.372670e+01  1.228084e+02 
 1.952456e+00  1.307668e+01  3.757028e+01  6.262579e+01  1.204473e+02 
 1.979672e+00  1.282782e+01  3.695051e+01  6.149843e+01  1.181559e+02 
 2.007267e+00  1.262778e+01  3.631250e+01  6.031095e+01  1.159319e+02 
 2.035248e+00  1.240642e+01  3.565115e+01  5.919341e+01  1.135793e+02 
 2.063618e+00  1.219602e+01  3.500788e+01  5.807313e+01  1.112925e+02 
 2.092383e+00  1.199842e+01  3.438435e+01  5.695499e+01  1.090402e+02 
 2.121550e+00  1.178528e+01  3.375746e+01  5.587226e+01  1.068482e+02 
 2.151123e+00  1.158947e+01  3.316217e+01  5.477625e+01  1.045824e+02 
 2.181109e+00  1.138743e+01  3.252529e+01  5.370712e+01  1.024605e+02 
 2.211512e+00  1.119765e+01  3.190983e+01  5.260989e+01  1.002368e+02 
 2.242340e+00  1.100412e+01  3.134830e+01  5.159900e+01  9.814631e+01 
 2.273597e+00  1.080497e+01  3.076219e+01  5.052770e+01  9.603169e+01 
 2.305289e+00  1.063183e+01  3.017186e+01  4.952471e+01  9.399881e+01 
 2.337424e+00  1.045273e+01  2.959117e+01  4.849547e+01  9.201146e+01 
 2.370006e+00  1.027205e+01  2.903243e+01  4.752385e+01  9.006325e+01 
 2.403043e+00  1.008652e+01  2.848959e+01  4.653234e+01  8.808159e+01 
 2.436540e+00  9.923773e+00  2.795943e+01  4.558858e+01  8.615112e+01 
 2.470504e+00  9.753496e+00  2.742031e+01  4.462784e+01  8.425287e+01 
 2.504942e+00  9.589014e+00  2.690256e+01  4.371995e+01  8.243531e+01 
 2.539859e+00  9.430810e+00  2.636827e+01  4.278516e+01  8.055458e+01 
 2.575263e+00  9.259124e+00  2.582948e+01  4.189962e+01  7.880694e+01 
 2.611161e+00  9.103261e+00  2.532815e+01  4.097164e+01  7.702601e+01 
 2.647559e+00  8.943904e+00  2.481516e+01  4.006726e+01  7.523041e+01 
 2.684465e+00  8.786186e+00  2.432498e+01  3.919302e+01  7.349896e+01 
 2.721885e+00  8.625501e+00  2.380098e+01  3.832312e+01  7.180578e+01 
 2.759826e+00  8.475824e+00  2.330300e+01  3.745515e+01  7.012432e+01 
 2.798297e+00  8.322073e+00  2.282196e+01  3.661357e+01  6.851569e+01 
 2.837304e+00  8.174967e+00  2.234072e+01  3.578485e+01  6.690962e+01 
 2.876854e+00  8.027491e+00  2.186235e+01  3.497044e+01  6.533834e+01 
 2.916956e+00  7.884905e+00  2.140520e+01  3.417626e+01  6.375221e+01 
 2.957617e+00  7.745672e+00  2.095326e+01  3.340573e+01  6.224636e+01 
 2.998844e+00  7.607010e+00  2.050907e+01  3.263886e+01  6.076085e+01 
 3.040646e+00  7.470256e+00  2.006644e+01  3.187223e+01  5.934496e+01 
 3.083031e+00  7.336935e+00  1.962628e+01  3.113709e+01  5.792460e+01 
 3.126007e+00  7.206266e+00  1.921406e+01  3.041973e+01  5.652653e+01 
 3.169582e+00  7.074814e+00  1.878318e+01  2.968612e+01  5.516482e+01 
 3.213764e+00  6.944584e+00  1.836828e+01  2.898673e+01  5.382786e+01 
 3.258562e+00  6.813965e+00  1.796381e+01  2.829789e+01  5.250756e+01 
 3.303985e+00  6.686808e+00  1.754973e+01  2.760866e+01  5.121253e+01 
 3.350041e+00  6.561627e+00  1.714355e+01  2.693609e+01  4.994047e+01 
 3.396739e+00  6.435923e+00  1.674899e+01  2.628354e+01  4.868417e+01 
 3.444087e+00  6.313877e+00  1.635967e+01  2.561894e+01  4.745877e+01 
 3.492096e+00  6.194126e+00  1.598124e+01  2.499595e+01  4.627905e+01 
 3.540774e+00  6.071102e+00  1.560787e+01  2.437847e+01  4.511162e+01 
 3.590130e+00  5.956043e+00  1.523977e+01  2.376614e+01  4.398041e+01 
 3.640175e+00  5.841412e+00  1.488249e+01  2.318300e+01  4.287621e+01 
 3.690917e+00  5.726945e+00  1.453787e+01  2.259230e+01  4.178237e+01 
 3.742366e+00  5.615929e+00  1.418523e+01  2.203195e+01  4.073733e+01 
 3.794533e+00  5.507799e+00  1.385200e+01  2.148285e+01  3.970558e+01 
 3.847427e+00  5.399185e+00  1.352107e+01  2.093992e+01  3.871041e+01 
 3.901058e+00  5.291904e+00  1.319740e+01  2.041674e+01  3.772383e+01 
 3.955436e+00  5.190320e+00  1.288102e+01  1.989312e+01  3.675751e+01 
 4.010573e+00  5.083582e+00  1.256629e+01  1.939130e+01  3.582931e+01 
 4.066478e+00  4.979986e+00  1.225366e+01  1.888937e+01  3.489880e+01 
 4.123163e+00  4.877409e+00  1.195338e+01  1.839985e+01  3.399153e+01 
 4.180637e+00  4.777844e+00  1.165796e+01  1.792463e+01  3.310424e+01 
 4.238913e+00  4.678278e+00  1.136314e+01  1.745372e+01  3.224371e+01 
 4.298001e+00  4.578720e+00  1.107671e+01  1.699876e+01  3.139638e+01 
 4.357913e+00  4.484522e+00  1.079577e+01  1.655341e+01  3.057831e+01 
 4.418660e+00  4.389765e+00  1.052588e+01  1.611704e+01  2.978213e+01 
 4.480254e+00  4.295758e+00  1.025826e+01  1.569331e+01  2.900033e+01 
 4.542706e+00  4.205655e+00  9.996987e+00  1.527967e+01  2.824146e+01 
 4.606029e+00  4.115602e+00  9.745367e+00  1.487909e+01  2.750806e+01 
 4.670234e+00  4.027300e+00  9.498031e+00  1.449442e+01  2.679485e+01 
 4.735335e+00  3.941643e+00  9.258215e+00  1.411524e+01  2.609626e+01 
 4.801343e+00  3.858581e+00  9.025457e+00  1.374737e+01  2.541402e+01 
 4.868271e+00  3.774908e+00  8.795211e+00  1.338621e+01  2.475136e+01 
 4.936132e+00  3.693266e+00  8.569877e+00  1.303380e+01  2.410486e+01 
 5.004939e+00  3.611861e+00  8.349797e+00  1.268974e+01  2.346972e+01 
 5.074705e+00  3.531173e+00  8.133981e+00  1.235114e+01  2.285183e+01 
 5.145444e+00  3.453163e+00  7.922332e+00  1.202153e+01  2.224504e+01 
 5.217169e+00  3.374682e+00  7.714168e+00  1.169926e+01  2.164807e+01 
 5.289893e+00  3.299285e+00  7.512431e+00  1.138791e+01  2.107544e+01 
 5.363631e+00  3.223576e+00  7.315272e+00  1.108051e+01  2.051064e+01 
 5.438397e+00  3.150478e+00  7.122506e+00  1.078373e+01  1.996100e+01 
 5.514206e+00  3.078531e+00  6.935646e+00  1.049450e+01  1.942920e+01 
 5.591071e+00  3.007336e+00  6.754126e+00  1.021351e+01  1.891007e+01 
 5.669007e+00  2.939230e+00  6.577531e+00  9.941606e+00  1.841069e+01 
 5.748030e+00  2.871777e+00  6.405531e+00  9.676089e+00  1.791997e+01 
 5.828155e+00  2.805896e+00  6.238807e+00  9.420010e+00  1.744626e+01 
 5.909396e+00  2.741494e+00  6.076379e+00  9.170762e+00  1.698662e+01 
 5.991770e+00  2.678270e+00  5.918200e+00  8.927478e+00  1.653942e+01 
 6.075292e+00  2.616447e+00  5.764696e+00  8.692448e+00  1.610064e+01 
 6.159978e+00  2.555744e+00  5.614029e+00  8.462016e+00  1.567616e+01 
 6.245845e+00  2.496114e+00  5.467159e+00  8.237453e+00  1.526009e+01 
 6.332908e+00  2.437130e+00  5.322763e+00  8.016997e+00  1.485119e+01 
 6.421186e+00  2.379359e+00  5.182322e+00  7.801618e+00  1.445240e+01 
 6.510694e+00  2.322465e+00  5.044974e+00  7.592174e+00  1.406390e+01 
 6.601449e+00  2.267175e+00  4.911369e+00  7.388069e+00  1.368442e+01 
 6.693470e+00  2.212417e+00  4.780966e+00  7.188775e+00  1.331473e+01 
 6.786773e+00  2.159384e+00  4.653949e+00  6.994996e+00  1.295620e+01 
 6.881377e+00  2.107611e+00  4.530923e+00  6.807359e+00  1.260644e+01 
 6.977300e+00  2.056887e+00  4.411631e+00  6.626243e+00  1.226712e+01 
 7.074559e+00  2.007920e+00  4.295558e+00  6.449079e+00  1.193706e+01 
 7.173175e+00  1.959794e+00  4.183232e+00  6.277294e+00  1.161799e+01 
 7.273165e+00  1.913226e+00  4.074064e+00  6.111346e+00  1.130805e+01 
 7.374549e+00  1.867468e+00  3.967736e+00  5.949804e+00  1.100759e+01 
 7.477346e+00  1.822900e+00  3.864797e+00  5.793572e+00  1.071426e+01 
 7.581576e+00  1.779597e+00  3.764228e+00  5.640620e+00  1.042922e+01 
 7.687260e+00  1.737026e+00  3.666642e+00  5.492078e+00  1.015203e+01 
 7.794416e+00  1.695308e+00  3.571318e+00  5.346239e+00  9.879986e+00 
 7.903066e+00  1.654451e+00  3.477258e+00  5.203464e+00  9.613312e+00 
 8.013230e+00  1.614316e+00  3.386147e+00  5.064978e+00  9.353771e+00 
 8.124930e+00  1.574954e+00  3.296983e+00  4.929457e+00  9.099887e+00 
 8.238187e+00  1.536735e+00  3.210075e+00  4.797151e+00  8.852225e+00 
 8.353023e+00  1.499221e+00  3.125478e+00  4.668368e+00  8.610961e+00 
 8.469460e+00  1.462769e+00  3.043353e+00  4.543593e+00  8.376846e+00 
 8.587519e+00  1.427355e+00  2.963393e+00  4.421903e+00  8.148924e+00 
 8.707225e+00  1.392840e+00  2.885757e+00  4.304143e+00  7.927777e+00 
 8.828599e+00  1.359319e+00  2.810703e+00  4.189952e+00  7.712965e+00 
 8.951665e+00  1.326576e+00  2.737989e+00  4.078867e+00  7.505205e+00 
 9.076446e+00  1.294981e+00  2.667193e+00  3.971422e+00  7.303296e+00 
 9.202967e+00  1.264147e+00  2.598540e+00  3.867251e+00  7.107179e+00 
 9.331251e+00  1.234108e+00  2.531805e+00  3.765653e+00  6.916726e+00 
 9.461324e+00  0.000000e+00  0.000000e+00  0.000000e+00  0.000000e+00 
 9.593209e+00  0.000000e+00  0.000000e+00  0.000000e+00  0.000000e+00 
 9.726934e+00  0.000000e+00  0.000000e+00  0.000000e+00  0.000000e+00 
 9.862522e+00  0.000000e+00  0.000000e+00  0.000000e+00  0.000000e+00 
 1.000000e+01  0.000000e+00  0.000000e+00  0.000000e+00  0.000000e+00 
