 1.000000e-02  5.467140e+03  9.941331e+03  1.341781e+04  1.991863e+04 
 1.013939e-02  5.497329e+03  9.995934e+03  1.349146e+04  2.002742e+04 
 1.028073e-02  5.527067e+03  1.004975e+04  1.356399e+04  2.013460e+04 
 1.042404e-02  5.556338e+03  1.010279e+04  1.363533e+04  2.024013e+04 
 1.056935e-02  5.585090e+03  1.015495e+04  1.370541e+04  2.034377e+04 
 1.071668e-02  5.613317e+03  1.020610e+04  1.377418e+04  2.044535e+04 
 1.086606e-02  5.641008e+03  1.025624e+04  1.384164e+04  2.054487e+04 
 1.101753e-02  5.668131e+03  1.030534e+04  1.390776e+04  2.064237e+04 
 1.117111e-02  5.694670e+03  1.035333e+04  1.397246e+04  2.073785e+04 
 1.132683e-02  5.720623e+03  1.040024e+04  1.403562e+04  2.083119e+04 
 1.148472e-02  5.745963e+03  1.044605e+04  1.409724e+04  2.092225e+04 
 1.164481e-02  5.770678e+03  1.049073e+04  1.415726e+04  2.101090e+04 
 1.180713e-02  5.794744e+03  1.053425e+04  1.421571e+04  2.109719e+04 
 1.197171e-02  5.818125e+03  1.057652e+04  1.427252e+04  2.118098e+04 
 1.213859e-02  5.840802e+03  1.061750e+04  1.432763e+04  2.126220e+04 
 1.230780e-02  5.862758e+03  1.065717e+04  1.438100e+04  2.134076e+04 
 1.247936e-02  5.883965e+03  1.069545e+04  1.443254e+04  2.141654e+04 
 1.265332e-02  5.904403e+03  1.073235e+04  1.448207e+04  2.148958e+04 
 1.282970e-02  5.924057e+03  1.076781e+04  1.452959e+04  2.155979e+04 
 1.300854e-02  5.942911e+03  1.080181e+04  1.457520e+04  2.162703e+04 
 1.318987e-02  5.960936e+03  1.083431e+04  1.461887e+04  2.169122e+04 
 1.337373e-02  5.978115e+03  1.086527e+04  1.466051e+04  2.175228e+04 
 1.356015e-02  5.994424e+03  1.089464e+04  1.469991e+04  2.181012e+04 
 1.374917e-02  6.009835e+03  1.092236e+04  1.473705e+04  2.186469e+04 
 1.394083e-02  6.024327e+03  1.094842e+04  1.477191e+04  2.191593e+04 
 1.413516e-02  6.037876e+03  1.097275e+04  1.480446e+04  2.196376e+04 
 1.433219e-02  6.050480e+03  1.099536e+04  1.483469e+04  2.200820e+04 
 1.453198e-02  6.062113e+03  1.101620e+04  1.486251e+04  2.204898e+04 
 1.473454e-02  6.072738e+03  1.103523e+04  1.488788e+04  2.208602e+04 
 1.493993e-02  6.082349e+03  1.105238e+04  1.491080e+04  2.211934e+04 
 1.514819e-02  6.090978e+03  1.106781e+04  1.493140e+04  2.214918e+04 
 1.535935e-02  6.098581e+03  1.108134e+04  1.494944e+04  2.217526e+04 
 1.557345e-02  6.105114e+03  1.109293e+04  1.496477e+04  2.219750e+04 
 1.579053e-02  6.110560e+03  1.110254e+04  1.497745e+04  2.221582e+04 
 1.601064e-02  6.114889e+03  1.111012e+04  1.498748e+04  2.223002e+04 
 1.623382e-02  6.118088e+03  1.111561e+04  1.499478e+04  2.224005e+04 
 1.646012e-02  6.120117e+03  1.111901e+04  1.499916e+04  2.224591e+04 
 1.668956e-02  6.120972e+03  1.112025e+04  1.500057e+04  2.224755e+04 
 1.692220e-02  6.120639e+03  1.111935e+04  1.499900e+04  2.224485e+04 
 1.715809e-02  6.119085e+03  1.111624e+04  1.499451e+04  2.223760e+04 
 1.739726e-02  6.116316e+03  1.111090e+04  1.498705e+04  2.222581e+04 
 1.763977e-02  6.112308e+03  1.110330e+04  1.497655e+04  2.220957e+04 
 1.788566e-02  6.107033e+03  1.109341e+04  1.496294e+04  2.218883e+04 
 1.813498e-02  6.100499e+03  1.108122e+04  1.494625e+04  2.216350e+04 
 1.838777e-02  6.092686e+03  1.106669e+04  1.492638e+04  2.213347e+04 
 1.864409e-02  6.083567e+03  1.104980e+04  1.490333e+04  2.209868e+04 
 1.890397e-02  6.073137e+03  1.103053e+04  1.487706e+04  2.205914e+04 
 1.916748e-02  6.061388e+03  1.100886e+04  1.484759e+04  2.201480e+04 
 1.943467e-02  6.048295e+03  1.098478e+04  1.481484e+04  2.196555e+04 
 1.970558e-02  6.033885e+03  1.095828e+04  1.477882e+04  2.191152e+04 
 1.998026e-02  6.018139e+03  1.092936e+04  1.473954e+04  2.185266e+04 
 2.025878e-02  6.001042e+03  1.089797e+04  1.469694e+04  2.178893e+04 
 2.054117e-02  5.982597e+03  1.086413e+04  1.465103e+04  2.172029e+04 
 2.082751e-02  5.962801e+03  1.082784e+04  1.460180e+04  2.164675e+04 
 2.111783e-02  5.941640e+03  1.078908e+04  1.454926e+04  2.156828e+04 
 2.141220e-02  5.919202e+03  1.074798e+04  1.449352e+04  2.148495e+04 
 2.171068e-02  5.895997e+03  1.070525e+04  1.443534e+04  2.139739e+04 
 2.201331e-02  5.871451e+03  1.066009e+04  1.437387e+04  2.130496e+04 
 2.232016e-02  5.845569e+03  1.061248e+04  1.430914e+04  2.120766e+04 
 2.263130e-02  5.818373e+03  1.056246e+04  1.424114e+04  2.110553e+04 
 2.294676e-02  5.789850e+03  1.051004e+04  1.416991e+04  2.099861e+04 
 2.326663e-02  5.760014e+03  1.045526e+04  1.409546e+04  2.088691e+04 
 2.359095e-02  5.728880e+03  1.039811e+04  1.401783e+04  2.077055e+04 
 2.391980e-02  5.696444e+03  1.033861e+04  1.393706e+04  2.064948e+04 
 2.425323e-02  5.662721e+03  1.027679e+04  1.385316e+04  2.052382e+04 
 2.459130e-02  5.627779e+03  1.021274e+04  1.376624e+04  2.039368e+04 
 2.493409e-02  5.591624e+03  1.014649e+04  1.367632e+04  2.025914e+04 
 2.528166e-02  5.554270e+03  1.007806e+04  1.358350e+04  2.012026e+04 
 2.563407e-02  5.515738e+03  1.000751e+04  1.348781e+04  1.997716e+04 
 2.599140e-02  5.476060e+03  9.934870e+03  1.338935e+04  1.982991e+04 
 2.635371e-02  5.435277e+03  9.860215e+03  1.328816e+04  1.967864e+04 
 2.672106e-02  5.393417e+03  9.783603e+03  1.318432e+04  1.952350e+04 
 2.709354e-02  5.350509e+03  9.705103e+03  1.307796e+04  1.936457e+04 
 2.747121e-02  5.306599e+03  9.624809e+03  1.296917e+04  1.920210e+04 
 2.785414e-02  5.261654e+03  9.542668e+03  1.285793e+04  1.903603e+04 
 2.824241e-02  5.215444e+03  9.458332e+03  1.274384e+04  1.886601e+04 
 2.863610e-02  5.168359e+03  9.372404e+03  1.262760e+04  1.869283e+04 
 2.903527e-02  5.120456e+03  9.285008e+03  1.250937e+04  1.851672e+04 
 2.944000e-02  5.071784e+03  9.196229e+03  1.238928e+04  1.833786e+04 
 2.985038e-02  5.022394e+03  9.106156e+03  1.226745e+04  1.815641e+04 
 3.026648e-02  4.972333e+03  9.014863e+03  1.214400e+04  1.797258e+04 
 3.068838e-02  4.921657e+03  8.922455e+03  1.201905e+04  1.778655e+04 
 3.111616e-02  4.870429e+03  8.829050e+03  1.189277e+04  1.759856e+04 
 3.154990e-02  4.818709e+03  8.734757e+03  1.176531e+04  1.740884e+04 
 3.198969e-02  4.766565e+03  8.639710e+03  1.163684e+04  1.721760e+04 
 3.243561e-02  4.714067e+03  8.544010e+03  1.150748e+04  1.702511e+04 
 3.288774e-02  4.661269e+03  8.447780e+03  1.137742e+04  1.683152e+04 
 3.334618e-02  4.608232e+03  8.351135e+03  1.124678e+04  1.663712e+04 
 3.381101e-02  4.555019e+03  8.254187e+03  1.111574e+04  1.644214e+04 
 3.428231e-02  4.501711e+03  8.157081e+03  1.098451e+04  1.624686e+04 
 3.476019e-02  4.448207e+03  8.059925e+03  1.085355e+04  1.605303e+04 
 3.524473e-02  4.394744e+03  7.962852e+03  1.072273e+04  1.585941e+04 
 3.573602e-02  4.341392e+03  7.865962e+03  1.059216e+04  1.566618e+04 
 3.623416e-02  4.288214e+03  7.769397e+03  1.046202e+04  1.547357e+04 
 3.673925e-02  4.235277e+03  7.673286e+03  1.033248e+04  1.528185e+04 
 3.725137e-02  4.182650e+03  7.577756e+03  1.020371e+04  1.509130e+04 
 3.777064e-02  4.130412e+03  7.482921e+03  1.007589e+04  1.490214e+04 
 3.829714e-02  4.078635e+03  7.388909e+03  9.949193e+03  1.471462e+04 
 3.883098e-02  4.027372e+03  7.295820e+03  9.823762e+03  1.452896e+04 
 3.937226e-02  3.976679e+03  7.203779e+03  9.699730e+03  1.434534e+04 
 3.992109e-02  3.926609e+03  7.112889e+03  9.577224e+03  1.416401e+04 
 4.047757e-02  3.877216e+03  7.023195e+03  9.456293e+03  1.398489e+04 
 4.104181e-02  3.828334e+03  6.933807e+03  9.335099e+03  1.380348e+04 
 4.161391e-02  3.780249e+03  6.845876e+03  9.215874e+03  1.362500e+04 
 4.219398e-02  3.733012e+03  6.759472e+03  9.098726e+03  1.344960e+04 
 4.278214e-02  3.686667e+03  6.674683e+03  8.983776e+03  1.327746e+04 
 4.337850e-02  3.641255e+03  6.591596e+03  8.871096e+03  1.310872e+04 
 4.398317e-02  3.596809e+03  6.510269e+03  8.760788e+03  1.294349e+04 
 4.459628e-02  3.553357e+03  6.430757e+03  8.652923e+03  1.278188e+04 
 4.521792e-02  3.510918e+03  6.353085e+03  8.547557e+03  1.262397e+04 
 4.584824e-02  3.469510e+03  6.277298e+03  8.444734e+03  1.246982e+04 
 4.648734e-02  3.429146e+03  6.203418e+03  8.344478e+03  1.231948e+04 
 4.713535e-02  3.389990e+03  6.132533e+03  8.249073e+03  1.217850e+04 
 4.779239e-02  3.351989e+03  6.064196e+03  8.157585e+03  1.204463e+04 
 4.845859e-02  3.315044e+03  5.997741e+03  8.068628e+03  1.191448e+04 
 4.913407e-02  3.279137e+03  5.933157e+03  7.982190e+03  1.178804e+04 
 4.981898e-02  3.244241e+03  5.870411e+03  7.898218e+03  1.166522e+04 
 5.051342e-02  3.210336e+03  5.809444e+03  7.816644e+03  1.154592e+04 
 5.121755e-02  3.177386e+03  5.750202e+03  7.737367e+03  1.143001e+04 
 5.193150e-02  3.145345e+03  5.692601e+03  7.660297e+03  1.131738e+04 
 5.265540e-02  3.114159e+03  5.636541e+03  7.585297e+03  1.120778e+04 
 5.338938e-02  3.083514e+03  5.581003e+03  7.510514e+03  1.109719e+04 
 5.413360e-02  3.053314e+03  5.525709e+03  7.435468e+03  1.098466e+04 
 5.488820e-02  3.023803e+03  5.471667e+03  7.362098e+03  1.087463e+04 
 5.565331e-02  2.994878e+03  5.418669e+03  7.290147e+03  1.076674e+04 
 5.642908e-02  2.966376e+03  5.366448e+03  7.219239e+03  1.066036e+04 
 5.721568e-02  2.938235e+03  5.314868e+03  7.149205e+03  1.055529e+04 
 5.801323e-02  2.910576e+03  5.264170e+03  7.080365e+03  1.045198e+04 
 5.882190e-02  2.883512e+03  5.214558e+03  7.012993e+03  1.035084e+04 
 5.964185e-02  2.857033e+03  5.166365e+03  6.947891e+03  1.025404e+04 
 6.047322e-02  2.831129e+03  5.120210e+03  6.886556e+03  1.016554e+04 
 6.131619e-02  2.804776e+03  5.073237e+03  6.824104e+03  1.007540e+04 
 6.217090e-02  2.777785e+03  5.025112e+03  6.760086e+03  9.982953e+03 
 6.303753e-02  2.750211e+03  4.975919e+03  6.694630e+03  9.888379e+03 
 6.391624e-02  2.722129e+03  4.925803e+03  6.627933e+03  9.791956e+03 
 6.480720e-02  2.693536e+03  4.874744e+03  6.559981e+03  9.693662e+03 
 6.571058e-02  2.664286e+03  4.822493e+03  6.490421e+03  9.592976e+03 
 6.662655e-02  2.633030e+03  4.764666e+03  6.411319e+03  9.472544e+03 
 6.755528e-02  2.600795e+03  4.705028e+03  6.329723e+03  9.348314e+03 
 6.849697e-02  2.567559e+03  4.643596e+03  6.245719e+03  9.220561e+03 
 6.945178e-02  2.533269e+03  4.580273e+03  6.159184e+03  9.089106e+03 
 7.041990e-02  2.497879e+03  4.514978e+03  6.070002e+03  8.953793e+03 
 7.140151e-02  2.461353e+03  4.447641e+03  5.978101e+03  8.814524e+03 
 7.239681e-02  2.423950e+03  4.379039e+03  5.884890e+03  8.674563e+03 
 7.340598e-02  2.385717e+03  4.309312e+03  5.790644e+03  8.534536e+03 
 7.442922e-02  2.346318e+03  4.237488e+03  5.693587e+03  8.390396e+03 
 7.546673e-02  2.305783e+03  4.163630e+03  5.593799e+03  8.242240e+03 
 7.651869e-02  2.264174e+03  4.087846e+03  5.491432e+03  8.090294e+03 
 7.758532e-02  2.221572e+03  4.010269e+03  5.386670e+03  7.934852e+03 
 7.866682e-02  2.178973e+03  3.933906e+03  5.284750e+03  7.786527e+03 
 7.976339e-02  2.137039e+03  3.860711e+03  5.188994e+03  7.652027e+03 
 8.087525e-02  2.094384e+03  3.786161e+03  5.091338e+03  7.514551e+03 
 8.200261e-02  2.051158e+03  3.710518e+03  4.992142e+03  7.374597e+03 
 8.314568e-02  2.007543e+03  3.634074e+03  4.891802e+03  7.232758e+03 
 8.430468e-02  1.963719e+03  3.557160e+03  4.790750e+03  7.089654e+03 
 8.547985e-02  1.918954e+03  3.477145e+03  4.684208e+03  6.935285e+03 
 8.667139e-02  1.873965e+03  3.396096e+03  4.575620e+03  6.776394e+03 
 8.787954e-02  1.829402e+03  3.315807e+03  4.468034e+03  6.618910e+03 
 8.910453e-02  1.785479e+03  3.236638e+03  4.361969e+03  6.463595e+03 
 9.034660e-02  1.742395e+03  3.158961e+03  4.257910e+03  6.311188e+03 
 9.160598e-02  1.701008e+03  3.085274e+03  4.159994e+03  6.169662e+03 
 9.288292e-02  1.661431e+03  3.015659e+03  4.068227e+03  6.038813e+03 
 9.417766e-02  1.623196e+03  2.948416e+03  3.979574e+03  5.912382e+03 
 9.549045e-02  1.586459e+03  2.883821e+03  3.894441e+03  5.790968e+03 
 9.682153e-02  1.551361e+03  2.822113e+03  3.813161e+03  5.675094e+03 
 9.817117e-02  1.518218e+03  2.764202e+03  3.737258e+03  5.567736e+03 
 9.953962e-02  1.486976e+03  2.709819e+03  3.666144e+03  5.467585e+03 
 1.009272e-01  1.457612e+03  2.658836e+03  3.599514e+03  5.373937e+03 
 1.023340e-01  1.430147e+03  2.611245e+03  3.537410e+03  5.286888e+03 
 1.037605e-01  1.403889e+03  2.564899e+03  3.476212e+03  5.199396e+03 
 1.052069e-01  1.376867e+03  2.513995e+03  3.406014e+03  5.092068e+03 
 1.066734e-01  1.351706e+03  2.466570e+03  3.340536e+03  4.991816e+03 
 1.081604e-01  1.328274e+03  2.422333e+03  3.279402e+03  4.898117e+03 
 1.096681e-01  1.306428e+03  2.381005e+03  3.222220e+03  4.810401e+03 
 1.111968e-01  1.286382e+03  2.343414e+03  3.170322e+03  4.730510e+03 
 1.127468e-01  1.267565e+03  2.308110e+03  3.121544e+03  4.655271e+03 
 1.143184e-01  1.249703e+03  2.274569e+03  3.075171e+03  4.583669e+03 
 1.159120e-01  1.232573e+03  2.242375e+03  3.030633e+03  4.514841e+03 
 1.175277e-01  1.217051e+03  2.214283e+03  2.992643e+03  4.457863e+03 
 1.191660e-01  1.201794e+03  2.186785e+03  2.955564e+03  4.402461e+03 
 1.208271e-01  1.186437e+03  2.159120e+03  2.918261e+03  4.346755e+03 
 1.225114e-01  1.170754e+03  2.130848e+03  2.880131e+03  4.289912e+03 
 1.242191e-01  1.154309e+03  2.101150e+03  2.840283e+03  4.231673e+03 
 1.259506e-01  1.137067e+03  2.070012e+03  2.798504e+03  4.170585e+03 
 1.277063e-01  1.118853e+03  2.037108e+03  2.754342e+03  4.105931e+03 
 1.294865e-01  1.099964e+03  2.003234e+03  2.708960e+03  4.039298e+03 
 1.312915e-01  1.080386e+03  1.968397e+03  2.662378e+03  3.970735e+03 
 1.331216e-01  1.059568e+03  1.931280e+03  2.612714e+03  3.897557e+03 
 1.349772e-01  1.037567e+03  1.892026e+03  2.560210e+03  3.820253e+03 
 1.368587e-01  1.015745e+03  1.855160e+03  2.513259e+03  3.757816e+03 
 1.387665e-01  9.928848e+02  1.816302e+03  2.463496e+03  3.690914e+03 
 1.407008e-01  9.691773e+02  1.775797e+03  2.411384e+03  3.620195e+03 
 1.426621e-01  9.457188e+02  1.735909e+03  2.359818e+03  3.548567e+03 
 1.446507e-01  9.221500e+02  1.695775e+03  2.307737e+03  3.475456e+03 
 1.466671e-01  8.984879e+02  1.655314e+03  2.255119e+03  3.401265e+03 
 1.487115e-01  8.728232e+02  1.609072e+03  2.193227e+03  3.310962e+03 
 1.507845e-01  8.462547e+02  1.559803e+03  2.126251e+03  3.211624e+03 
 1.528864e-01  8.206558e+02  1.512305e+03  2.061723e+03  3.115866e+03 
 1.550175e-01  7.980933e+02  1.472260e+03  2.008710e+03  3.039935e+03 
 1.571784e-01  7.781456e+02  1.438286e+03  1.964845e+03  2.979436e+03 
 1.593694e-01  7.596428e+02  1.406832e+03  1.924359e+03  2.923793e+03 
 1.615909e-01  7.430726e+02  1.379023e+03  1.888724e+03  2.874946e+03 
 1.638434e-01  7.282362e+02  1.354405e+03  1.857329e+03  2.832174e+03 
 1.661273e-01  7.149485e+02  1.332564e+03  1.829692e+03  2.794941e+03 
 1.684430e-01  6.996191e+02  1.303998e+03  1.790948e+03  2.738021e+03 
 1.707910e-01  6.852325e+02  1.276832e+03  1.753861e+03  2.683216e+03 
 1.731717e-01  6.726109e+02  1.253376e+03  1.722085e+03  2.636450e+03 
 1.755856e-01  6.632059e+02  1.237599e+03  1.701623e+03  2.607189e+03 
 1.780332e-01  6.543832e+02  1.222880e+03  1.682619e+03  2.580151e+03 
 1.805149e-01  6.441395e+02  1.203424e+03  1.655375e+03  2.537203e+03 
 1.830312e-01  6.328738e+02  1.180838e+03  1.622813e+03  2.484258e+03 
 1.855825e-01  6.214867e+02  1.158380e+03  1.590822e+03  2.433065e+03 
 1.881694e-01  6.103933e+02  1.138439e+03  1.564462e+03  2.395497e+03 
 1.907924e-01  5.986107e+02  1.117203e+03  1.536311e+03  2.355193e+03 
 1.934520e-01  5.856596e+02  1.093743e+03  1.505322e+03  2.311935e+03 
 1.961486e-01  5.717549e+02  1.068481e+03  1.471899e+03  2.265337e+03 
 1.988828e-01  5.583794e+02  1.044970e+03  1.441114e+03  2.222378e+03 
 2.016551e-01  5.461912e+02  1.024749e+03  1.415188e+03  2.186347e+03 
 2.044661e-01  5.332591e+02  1.002768e+03  1.386556e+03  2.145721e+03 
 2.073162e-01  5.189096e+02  9.764073e+02  1.350549e+03  2.091573e+03 
 2.102061e-01  5.045554e+02  9.499967e+02  1.314449e+03  2.037200e+03 
 2.131362e-01  4.942768e+02  9.354795e+02  1.297673e+03  2.016166e+03 
 2.161073e-01  4.845978e+02  9.221281e+02  1.282534e+03  1.997644e+03 
 2.191197e-01  4.720884e+02  9.007733e+02  1.255263e+03  1.961542e+03 
 2.221741e-01  4.597157e+02  8.790096e+02  1.227120e+03  1.924147e+03 
 2.252711e-01  4.487119e+02  8.601731e+02  1.203144e+03  1.892398e+03 
 2.284112e-01  4.388501e+02  8.435640e+02  1.182250e+03  1.865040e+03 
 2.315951e-01  4.303582e+02  8.284891e+02  1.161852e+03  1.833728e+03 
 2.348235e-01  4.228487e+02  8.149006e+02  1.142952e+03  1.803117e+03 
 2.380968e-01  4.138370e+02  7.971490e+02  1.117964e+03  1.764615e+03 
 2.414157e-01  4.047495e+02  7.789420e+02  1.092276e+03  1.725428e+03 
 2.447809e-01  3.956758e+02  7.615111e+02  1.068372e+03  1.689362e+03 
 2.481930e-01  3.867210e+02  7.444599e+02  1.045086e+03  1.654254e+03 
 2.516527e-01  3.813010e+02  7.357262e+02  1.033634e+03  1.637081e+03 
 2.551606e-01  3.745741e+02  7.240600e+02  1.018067e+03  1.614079e+03 
 2.587174e-01  3.644386e+02  7.045769e+02  9.915624e+02  1.575965e+03 
 2.623238e-01  3.557998e+02  6.891934e+02  9.712455e+02  1.547372e+03 
 2.659804e-01  3.489051e+02  6.784651e+02  9.579265e+02  1.529550e+03 
 2.696881e-01  3.398501e+02  6.624788e+02  9.367989e+02  1.498604e+03 
 2.734474e-01  3.302606e+02  6.451431e+02  9.136579e+02  1.464302e+03 
 2.772591e-01  3.231389e+02  6.338924e+02  9.000464e+02  1.447655e+03 
 2.811239e-01  3.157610e+02  6.214343e+02  8.845643e+02  1.429166e+03 
 2.850426e-01  3.080536e+02  6.074123e+02  8.666962e+02  1.408556e+03 
 2.890160e-01  3.011374e+02  5.957805e+02  8.518024e+02  1.387378e+03 
 2.930447e-01  2.947916e+02  5.848464e+02  8.371147e+02  1.364298e+03 
 2.971296e-01  2.887193e+02  5.726353e+02  8.185772e+02  1.332171e+03 
 3.012714e-01  2.832194e+02  5.630927e+02  8.058955e+02  1.313301e+03 
 3.054710e-01  2.777282e+02  5.539715e+02  7.945700e+02  1.298362e+03 
 3.097291e-01  2.710032e+02  5.416542e+02  7.784938e+02  1.276709e+03 
 3.140465e-01  2.648098e+02  5.292790e+02  7.607233e+02  1.247597e+03 
 3.184242e-01  2.592296e+02  5.183402e+02  7.450163e+02  1.221751e+03 
 3.228628e-01  2.548515e+02  5.113872e+02  7.365451e+02  1.211887e+03 
 3.273634e-01  2.485966e+02  4.991503e+02  7.191897e+02  1.184538e+03 
 3.319266e-01  2.421305e+02  4.869690e+02  7.026110e+02  1.160114e+03 
 3.365535e-01  2.360700e+02  4.765496e+02  6.895209e+02  1.143304e+03 
 3.412449e-01  2.319953e+02  4.714318e+02  6.835837e+02  1.133829e+03 
 3.460016e-01  2.275136e+02  4.643199e+02  6.745592e+02  1.121346e+03 
 3.508247e-01  2.231346e+02  4.566217e+02  6.643739e+02  1.106691e+03 
 3.557150e-01  2.189111e+02  4.488167e+02  6.538332e+02  1.090706e+03 
 3.606735e-01  2.139691e+02  4.400310e+02  6.423599e+02  1.074624e+03 
 3.657011e-01  2.079656e+02  4.287059e+02  6.270163e+02  1.053735e+03 
 3.707988e-01  2.031712e+02  4.195827e+02  6.146573e+02  1.035559e+03 
 3.759675e-01  1.987696e+02  4.112386e+02  6.032753e+02  1.018697e+03 
 3.812083e-01  1.941833e+02  4.029958e+02  5.921696e+02  1.002667e+03 
 3.865221e-01  1.902975e+02  3.973236e+02  5.854302e+02  9.910402e+02 
 3.919100e-01  1.863689e+02  3.883759e+02  5.720740e+02  9.733790e+02 
 3.973730e-01  1.819436e+02  3.812630e+02  5.632903e+02  9.594734e+02 
 4.029122e-01  1.784626e+02  3.759338e+02  5.559209e+02  9.459126e+02 
 4.085286e-01  1.749233e+02  3.684431e+02  5.453307e+02  9.310787e+02 
 4.142232e-01  1.706408e+02  3.598497e+02  5.341595e+02  9.175994e+02 
 4.199973e-01  1.665148e+02  3.528848e+02  5.254328e+02  9.048968e+02 
 4.258518e-01  1.632318e+02  3.468281e+02  5.168172e+02  8.899280e+02 
 4.317880e-01  1.597190e+02  3.399283e+02  5.066666e+02  8.746601e+02 
 4.378069e-01  1.566235e+02  3.338388e+02  4.980333e+02  8.604861e+02 
 4.439097e-01  1.540285e+02  3.298847e+02  4.933909e+02  8.565073e+02 
 4.500975e-01  1.499064e+02  3.222877e+02  4.830275e+02  8.412448e+02 
 4.563716e-01  1.464375e+02  3.152564e+02  4.728491e+02  8.231207e+02 
 4.627332e-01  1.442684e+02  3.123816e+02  4.698821e+02  8.204729e+02 
 4.691835e-01  1.406789e+02  3.053342e+02  4.597397e+02  8.034394e+02 
 4.757236e-01  1.380979e+02  3.003867e+02  4.530977e+02  7.935890e+02 
 4.823549e-01  1.345984e+02  2.932833e+02  4.432381e+02  7.807105e+02 
 4.890787e-01  1.318573e+02  2.880554e+02  4.361892e+02  7.695731e+02 
 4.958962e-01  1.298111e+02  2.841136e+02  4.300464e+02  7.583188e+02 
 5.028087e-01  1.270170e+02  2.793231e+02  4.236088e+02  7.490648e+02 
 5.098176e-01  1.247261e+02  2.751597e+02  4.175032e+02  7.369409e+02 
 5.169242e-01  1.226256e+02  2.712606e+02  4.123420e+02  7.300534e+02 
 5.241298e-01  1.186998e+02  2.646543e+02  4.042903e+02  7.203119e+02 
 5.314359e-01  1.166999e+02  2.615753e+02  4.000332e+02  7.135334e+02 
 5.388438e-01  1.143370e+02  2.563082e+02  3.922383e+02  7.018881e+02 
 5.463550e-01  1.123916e+02  2.525076e+02  3.865581e+02  6.925521e+02 
 5.539709e-01  1.095042e+02  2.475445e+02  3.802787e+02  6.827389e+02 
 5.616930e-01  1.076409e+02  2.439585e+02  3.752009e+02  6.750349e+02 
 5.695227e-01  1.055916e+02  2.407124e+02  3.711754e+02  6.662459e+02 
 5.774615e-01  1.032629e+02  2.353528e+02  3.633266e+02  6.553326e+02 
 5.855110e-01  1.014763e+02  2.320334e+02  3.581454e+02  6.466598e+02 
 5.936727e-01  9.920831e+01  2.267885e+02  3.509951e+02  6.361254e+02 
 6.019482e-01  9.760117e+01  2.244062e+02  3.470458e+02  6.288468e+02 
 6.103390e-01  9.536785e+01  2.206562e+02  3.421370e+02  6.199262e+02 
 6.188468e-01  9.331935e+01  2.173838e+02  3.393707e+02  6.179994e+02 
 6.274732e-01  9.184873e+01  2.135822e+02  3.328888e+02  6.077693e+02 
 6.362198e-01  9.009567e+01  2.105209e+02  3.282668e+02  5.987114e+02 
 6.450884e-01  8.805385e+01  2.069298e+02  3.233309e+02  5.902583e+02 
 6.540806e-01  8.629123e+01  2.027225e+02  3.170091e+02  5.813201e+02 
 6.631981e-01  8.446167e+01  1.999706e+02  3.140649e+02  5.758069e+02 
 6.724427e-01  8.292386e+01  1.966652e+02  3.095391e+02  5.703835e+02 
 6.818162e-01  8.121335e+01  1.932995e+02  3.035414e+02  5.595606e+02 
 6.913204e-01  7.954516e+01  1.899665e+02  2.992919e+02  5.522483e+02 
 7.009570e-01  7.847053e+01  1.873080e+02  2.954315e+02  5.455286e+02 
 7.107280e-01  7.654763e+01  1.843498e+02  2.911784e+02  5.373023e+02 
 7.206351e-01  7.542768e+01  1.817377e+02  2.877542e+02  5.330881e+02 
 7.306804e-01  7.396716e+01  1.790956e+02  2.833462e+02  5.240931e+02 
 7.408657e-01  7.239491e+01  1.757757e+02  2.786018e+02  5.176314e+02 
 7.511929e-01  7.092354e+01  1.727753e+02  2.747516e+02  5.108134e+02 
 7.616642e-01  6.960430e+01  1.698640e+02  2.706689e+02  5.047756e+02 
 7.722814e-01  6.875190e+01  1.682224e+02  2.677428e+02  4.976593e+02 
 7.830465e-01  6.736500e+01  1.651865e+02  2.635266e+02  4.913975e+02 
 7.939618e-01  6.617126e+01  1.631611e+02  2.602675e+02  4.869008e+02 
 8.050292e-01  6.477726e+01  1.603513e+02  2.569850e+02  4.807281e+02 
 8.162509e-01  6.371621e+01  1.581371e+02  2.528504e+02  4.726588e+02 
 8.276289e-01  6.222478e+01  1.551837e+02  2.490335e+02  4.669397e+02 
 8.391656e-01  6.151001e+01  1.534808e+02  2.458069e+02  4.622047e+02 
 8.508632e-01  6.043549e+01  1.509877e+02  2.425414e+02  4.561046e+02 
 8.627237e-01  5.916846e+01  1.487191e+02  2.391200e+02  4.491830e+02 
 8.747496e-01  5.813168e+01  1.463740e+02  2.358003e+02  4.434382e+02 
 8.869432e-01  5.717981e+01  1.443761e+02  2.327307e+02  4.379247e+02 
 8.993067e-01  5.608947e+01  1.422098e+02  2.293618e+02  4.319157e+02 
 9.118425e-01  5.524854e+01  1.399102e+02  2.257189e+02  4.245501e+02 
 9.245531e-01  5.410408e+01  1.376692e+02  2.223295e+02  4.200427e+02 
 9.374409e-01  5.312969e+01  1.356956e+02  2.196329e+02  4.145457e+02 
 9.505083e-01  5.229668e+01  1.336840e+02  2.166144e+02  4.089392e+02 
 9.637579e-01  5.123007e+01  1.312272e+02  2.129685e+02  4.032046e+02 
 9.771921e-01  5.061753e+01  1.305245e+02  2.109846e+02  3.980033e+02 
 9.908137e-01  4.968941e+01  1.282038e+02  2.078204e+02  3.930732e+02 
 1.004625e+00  4.877721e+01  1.259627e+02  2.043410e+02  3.865568e+02 
 1.018629e+00  4.800335e+01  1.242992e+02  2.016102e+02  3.811745e+02 
 1.032828e+00  4.713586e+01  1.224666e+02  1.991230e+02  3.773462e+02 
 1.047225e+00  4.626677e+01  1.208083e+02  1.960790e+02  3.710066e+02 
 1.061823e+00  4.559306e+01  1.192397e+02  1.935058e+02  3.657637e+02 
 1.076624e+00  4.478660e+01  1.174279e+02  1.907146e+02  3.604004e+02 
 1.091632e+00  4.405291e+01  1.156343e+02  1.880828e+02  3.550778e+02 
 1.106848e+00  4.325711e+01  1.137389e+02  1.853308e+02  3.503754e+02 
 1.122277e+00  4.253162e+01  1.122205e+02  1.824313e+02  3.448004e+02 
 1.137921e+00  4.180246e+01  1.103931e+02  1.797933e+02  3.398060e+02 
 1.153783e+00  4.116823e+01  1.087617e+02  1.771394e+02  3.350480e+02 
 1.169866e+00  4.046014e+01  1.071977e+02  1.745437e+02  3.303801e+02 
 1.186174e+00  3.976034e+01  1.056998e+02  1.720564e+02  3.252970e+02 
 1.202708e+00  3.915404e+01  1.041286e+02  1.695838e+02  3.203492e+02 
 1.219473e+00  3.852555e+01  1.026500e+02  1.672131e+02  3.152028e+02 
 1.236472e+00  3.787320e+01  1.011749e+02  1.648696e+02  3.106582e+02 
 1.253708e+00  3.728300e+01  9.959151e+01  1.622392e+02  3.063144e+02 
 1.271184e+00  3.668618e+01  9.848864e+01  1.602935e+02  3.014538e+02 
 1.288904e+00  3.608642e+01  9.666779e+01  1.575743e+02  2.972151e+02 
 1.306870e+00  3.545360e+01  9.523746e+01  1.551898e+02  2.923251e+02 
 1.325087e+00  3.494190e+01  9.388311e+01  1.529072e+02  2.874573e+02 
 1.343558e+00  3.437880e+01  9.245201e+01  1.505563e+02  2.828621e+02 
 1.362287e+00  3.386723e+01  9.099502e+01  1.480670e+02  2.783967e+02 
 1.381276e+00  3.331331e+01  8.961803e+01  1.455672e+02  2.739402e+02 
 1.400531e+00  3.279372e+01  8.827084e+01  1.433993e+02  2.691117e+02 
 1.420053e+00  3.223726e+01  8.684833e+01  1.412348e+02  2.646015e+02 
 1.439848e+00  3.174039e+01  8.558159e+01  1.388818e+02  2.602642e+02 
 1.459919e+00  3.119138e+01  8.422206e+01  1.366141e+02  2.556300e+02 
 1.480269e+00  3.076315e+01  8.278277e+01  1.343270e+02  2.509373e+02 
 1.500903e+00  3.025836e+01  8.152356e+01  1.320697e+02  2.470838e+02 
 1.521825e+00  2.977139e+01  8.035945e+01  1.300637e+02  2.427419e+02 
 1.543038e+00  2.928326e+01  7.907679e+01  1.280271e+02  2.386956e+02 
 1.564548e+00  2.886268e+01  7.782140e+01  1.258530e+02  2.343457e+02 
 1.586357e+00  2.841046e+01  7.667434e+01  1.238054e+02  2.301606e+02 
 1.608469e+00  2.793744e+01  7.547474e+01  1.217590e+02  2.262892e+02 
 1.630891e+00  2.758011e+01  7.413075e+01  1.194819e+02  2.219389e+02 
 1.653624e+00  2.710611e+01  7.293317e+01  1.175916e+02  2.182385e+02 
 1.676675e+00  2.667818e+01  7.187115e+01  1.156628e+02  2.140307e+02 
 1.700047e+00  2.624657e+01  7.069378e+01  1.136024e+02  2.101505e+02 
 1.723745e+00  2.584121e+01  6.949161e+01  1.115970e+02  2.059618e+02 
 1.747773e+00  2.540874e+01  6.830133e+01  1.095818e+02  2.020609e+02 
 1.772136e+00  2.501022e+01  6.714514e+01  1.075912e+02  1.983780e+02 
 1.796838e+00  2.462855e+01  6.601223e+01  1.056851e+02  1.945115e+02 
 1.821885e+00  2.425549e+01  6.487557e+01  1.037196e+02  1.908382e+02 
 1.847281e+00  2.387036e+01  6.387384e+01  1.019370e+02  1.871310e+02 
 1.873032e+00  2.349750e+01  6.270151e+01  9.990927e+01  1.835348e+02 
 1.899141e+00  2.311106e+01  6.157705e+01  9.812078e+01  1.799443e+02 
 1.925614e+00  2.276178e+01  6.054844e+01  9.632146e+01  1.763220e+02 
 1.952456e+00  2.246286e+01  5.954149e+01  9.454600e+01  1.728054e+02 
 1.979672e+00  2.206034e+01  5.853270e+01  9.279269e+01  1.693644e+02 
 2.007267e+00  2.174236e+01  5.747904e+01  9.091788e+01  1.660361e+02 
 2.035248e+00  2.136700e+01  5.641668e+01  8.915329e+01  1.625683e+02 
 2.063618e+00  2.102588e+01  5.537322e+01  8.744549e+01  1.592012e+02 
 2.092383e+00  2.069482e+01  5.437379e+01  8.570949e+01  1.559537e+02 
 2.121550e+00  2.035185e+01  5.334589e+01  8.399363e+01  1.526032e+02 
 2.151123e+00  2.002854e+01  5.235574e+01  8.227152e+01  1.493269e+02 
 2.181109e+00  1.970109e+01  5.136210e+01  8.063891e+01  1.462418e+02 
 2.211512e+00  1.937830e+01  5.035938e+01  7.894028e+01  1.429718e+02 
 2.242340e+00  1.906695e+01  4.943449e+01  7.734273e+01  1.399370e+02 
 2.273597e+00  1.873467e+01  4.847127e+01  7.567087e+01  1.368858e+02 
 2.305289e+00  1.844866e+01  4.752964e+01  7.412990e+01  1.339281e+02 
 2.337424e+00  1.814069e+01  4.658302e+01  7.256833e+01  1.309942e+02 
 2.370006e+00  1.784005e+01  4.567735e+01  7.106046e+01  1.282150e+02 
 2.403043e+00  1.753286e+01  4.478324e+01  6.951286e+01  1.253473e+02 
 2.436540e+00  1.725222e+01  4.390545e+01  6.804489e+01  1.225567e+02 
 2.470504e+00  1.696486e+01  4.304683e+01  6.656575e+01  1.198268e+02 
 2.504942e+00  1.668065e+01  4.220058e+01  6.514877e+01  1.171666e+02 
 2.539859e+00  1.640993e+01  4.132985e+01  6.370434e+01  1.144957e+02 
 2.575263e+00  1.611671e+01  4.046907e+01  6.235767e+01  1.119389e+02 
 2.611161e+00  1.585173e+01  3.962725e+01  6.092813e+01  1.093706e+02 
 2.647559e+00  1.557775e+01  3.879108e+01  5.953232e+01  1.068100e+02 
 2.684465e+00  1.530838e+01  3.800131e+01  5.817842e+01  1.043168e+02 
 2.721885e+00  1.502826e+01  3.715896e+01  5.686505e+01  1.018848e+02 
 2.759826e+00  1.476300e+01  3.634079e+01  5.554136e+01  9.949096e+01 
 2.798297e+00  1.450119e+01  3.557760e+01  5.427563e+01  9.719475e+01 
 2.837304e+00  1.424452e+01  3.479720e+01  5.300963e+01  9.488954e+01 
 2.876854e+00  1.398708e+01  3.402394e+01  5.177468e+01  9.265349e+01 
 2.916956e+00  1.373769e+01  3.329051e+01  5.056445e+01  9.042536e+01 
 2.957617e+00  1.349547e+01  3.256265e+01  4.939757e+01  8.830291e+01 
 2.998844e+00  1.324905e+01  3.185081e+01  4.823285e+01  8.619201e+01 
 3.040646e+00  1.300990e+01  3.113705e+01  4.710273e+01  8.418815e+01 
 3.083031e+00  1.277317e+01  3.044138e+01  4.599090e+01  8.218277e+01 
 3.126007e+00  1.254430e+01  2.976377e+01  4.489709e+01  8.019918e+01 
 3.169582e+00  1.231016e+01  2.907498e+01  4.380844e+01  7.827354e+01 
 3.213764e+00  1.208015e+01  2.841234e+01  4.274994e+01  7.637782e+01 
 3.258562e+00  1.184751e+01  2.776541e+01  4.171169e+01  7.451435e+01 
 3.303985e+00  1.162076e+01  2.710655e+01  4.068910e+01  7.269298e+01 
 3.350041e+00  1.140013e+01  2.646280e+01  3.967588e+01  7.088580e+01 
 3.396739e+00  1.117307e+01  2.584140e+01  3.870125e+01  6.912422e+01 
 3.444087e+00  1.095806e+01  2.521561e+01  3.772518e+01  6.740457e+01 
 3.492096e+00  1.074400e+01  2.461872e+01  3.679493e+01  6.574910e+01 
 3.540774e+00  1.052719e+01  2.403577e+01  3.588397e+01  6.411506e+01 
 3.590130e+00  1.032089e+01  2.345167e+01  3.497821e+01  6.253071e+01 
 3.640175e+00  1.011983e+01  2.288985e+01  3.411394e+01  6.097137e+01 
 3.690917e+00  9.914296e+00  2.234735e+01  3.325487e+01  5.946189e+01 
 3.742366e+00  9.715297e+00  2.179724e+01  3.242258e+01  5.800593e+01 
 3.794533e+00  9.522722e+00  2.127814e+01  3.161408e+01  5.655990e+01 
 3.847427e+00  9.330211e+00  2.075481e+01  3.082152e+01  5.516928e+01 
 3.901058e+00  9.136249e+00  2.025359e+01  3.004880e+01  5.378952e+01 
 3.955436e+00  8.952125e+00  1.975215e+01  2.927948e+01  5.243575e+01 
 4.010573e+00  8.763642e+00  1.926167e+01  2.853927e+01  5.111965e+01 
 4.066478e+00  8.579119e+00  1.877860e+01  2.780407e+01  4.981754e+01 
 4.123163e+00  8.394824e+00  1.831135e+01  2.708570e+01  4.854574e+01 
 4.180637e+00  8.217063e+00  1.784976e+01  2.638785e+01  4.729808e+01 
 4.238913e+00  8.039349e+00  1.739418e+01  2.570123e+01  4.609750e+01 
 4.298001e+00  7.861818e+00  1.695362e+01  2.503799e+01  4.491247e+01 
 4.357913e+00  7.694914e+00  1.652194e+01  2.439195e+01  4.377153e+01 
 4.418660e+00  7.525777e+00  1.610625e+01  2.375769e+01  4.265592e+01 
 4.480254e+00  7.360087e+00  1.569534e+01  2.314297e+01  4.156704e+01 
 4.542706e+00  7.199937e+00  1.529375e+01  2.254250e+01  4.050302e+01 
 4.606029e+00  7.041454e+00  1.491001e+01  2.196463e+01  3.948104e+01 
 4.670234e+00  6.886000e+00  1.453114e+01  2.140340e+01  3.848204e+01 
 4.735335e+00  6.734009e+00  1.416389e+01  2.085223e+01  3.750285e+01 
 4.801343e+00  6.586269e+00  1.380788e+01  2.031733e+01  3.654828e+01 
 4.868271e+00  6.439177e+00  1.345591e+01  1.979274e+01  3.561381e+01 
 4.936132e+00  6.294116e+00  1.311025e+01  1.927978e+01  3.470251e+01 
 5.004939e+00  6.150884e+00  1.277399e+01  1.877759e+01  3.380573e+01 
 5.074705e+00  6.008610e+00  1.244254e+01  1.828412e+01  3.293199e+01 
 5.145444e+00  5.870473e+00  1.211999e+01  1.780557e+01  3.207962e+01 
 5.217169e+00  5.733341e+00  1.180379e+01  1.733528e+01  3.123921e+01 
 5.289893e+00  5.601174e+00  1.149747e+01  1.688326e+01  3.042695e+01 
 5.363631e+00  5.468954e+00  1.119827e+01  1.643559e+01  2.963431e+01 
 5.438397e+00  5.341561e+00  1.090657e+01  1.600460e+01  2.885982e+01 
 5.514206e+00  5.216330e+00  1.062336e+01  1.558577e+01  2.810948e+01 
 5.591071e+00  5.092813e+00  1.034918e+01  1.517707e+01  2.738079e+01 
 5.669007e+00  4.974844e+00  1.008101e+01  1.478309e+01  2.667324e+01 
 5.748030e+00  4.858036e+00  9.822206e+00  1.439804e+01  2.598096e+01 
 5.828155e+00  4.744294e+00  9.569928e+00  1.402544e+01  2.531036e+01 
 5.909396e+00  4.633151e+00  9.324514e+00  1.366204e+01  2.465953e+01 
 5.991770e+00  4.524081e+00  9.084381e+00  1.330734e+01  2.402394e+01 
 6.075292e+00  4.417631e+00  8.851827e+00  1.296252e+01  2.340159e+01 
 6.159978e+00  4.312535e+00  8.623626e+00  1.262567e+01  2.279450e+01 
 6.245845e+00  4.209259e+00  8.400001e+00  1.229583e+01  2.219745e+01 
 6.332908e+00  4.107537e+00  8.180576e+00  1.197161e+01  2.161329e+01 
 6.421186e+00  4.008744e+00  7.967336e+00  1.165558e+01  2.104335e+01 
 6.510694e+00  3.911218e+00  7.758714e+00  1.134877e+01  2.048808e+01 
 6.601449e+00  3.816478e+00  7.556547e+00  1.104948e+01  1.994744e+01 
 6.693470e+00  3.723511e+00  7.358517e+00  1.075693e+01  1.941885e+01 
 6.786773e+00  3.632893e+00  7.167130e+00  1.047321e+01  1.890589e+01 
 6.881377e+00  3.545107e+00  6.980984e+00  1.019795e+01  1.840585e+01 
 6.977300e+00  3.459399e+00  6.800484e+00  9.931947e+00  1.792214e+01 
 7.074559e+00  3.376135e+00  6.624817e+00  9.671354e+00  1.745065e+01 
 7.173175e+00  3.294716e+00  6.454554e+00  9.419999e+00  1.699371e+01 
 7.273165e+00  3.215838e+00  6.289451e+00  9.175937e+00  1.654846e+01 
 7.374549e+00  3.138805e+00  6.128444e+00  8.937404e+00  1.611596e+01 
 7.477346e+00  3.063307e+00  5.972263e+00  8.706967e+00  1.569515e+01 
 7.581576e+00  2.990100e+00  5.818884e+00  8.480596e+00  1.528344e+01 
 7.687260e+00  2.917969e+00  5.669561e+00  8.259460e+00  1.488140e+01 
 7.794416e+00  2.847201e+00  5.523254e+00  8.042226e+00  1.448671e+01 
 7.903066e+00  2.778040e+00  5.379782e+00  7.830032e+00  1.410002e+01 
 8.013230e+00  2.710348e+00  5.240611e+00  7.624665e+00  1.372365e+01 
 8.124930e+00  2.644053e+00  5.104543e+00  7.423159e+00  1.335583e+01 
 8.238187e+00  2.579638e+00  4.971725e+00  7.226415e+00  1.299802e+01 
 8.353023e+00  2.516714e+00  4.842842e+00  7.035769e+00  1.264948e+01 
 8.469460e+00  2.455653e+00  4.717615e+00  6.850361e+00  1.231044e+01 
 8.587519e+00  2.396192e+00  4.595800e+00  6.670163e+00  1.198135e+01 
 8.707225e+00  2.338435e+00  4.477303e+00  6.495346e+00  1.166160e+01 
 8.828599e+00  2.282370e+00  4.363052e+00  6.325436e+00  1.135052e+01 
 8.951665e+00  2.227799e+00  4.251814e+00  6.160630e+00  1.104940e+01 
 9.076446e+00  2.174815e+00  4.143982e+00  6.001075e+00  1.075709e+01 
 9.202967e+00  2.123301e+00  4.038914e+00  5.845748e+00  1.047203e+01 
 9.331251e+00  2.073011e+00  3.936582e+00  5.694174e+00  1.019483e+01 
 9.461324e+00  0.000000e+00  0.000000e+00  0.000000e+00  0.000000e+00 
 9.593209e+00  0.000000e+00  0.000000e+00  0.000000e+00  0.000000e+00 
 9.726934e+00  0.000000e+00  0.000000e+00  0.000000e+00  0.000000e+00 
 9.862522e+00  0.000000e+00  0.000000e+00  0.000000e+00  0.000000e+00 
 1.000000e+01  0.000000e+00  0.000000e+00  0.000000e+00  0.000000e+00 
