 1.000000e-02  5.669798e+03  1.032115e+04  1.394542e+04  2.074942e+04 
 1.013939e-02  5.699797e+03  1.037563e+04  1.401884e+04  2.085825e+04 
 1.028073e-02  5.729293e+03  1.042921e+04  1.409096e+04  2.096525e+04 
 1.042404e-02  5.758265e+03  1.048178e+04  1.416182e+04  2.107031e+04 
 1.056935e-02  5.786684e+03  1.053328e+04  1.423137e+04  2.117337e+04 
 1.071668e-02  5.814539e+03  1.058370e+04  1.429955e+04  2.127431e+04 
 1.086606e-02  5.841806e+03  1.063312e+04  1.436624e+04  2.137301e+04 
 1.101753e-02  5.868470e+03  1.068151e+04  1.443138e+04  2.146942e+04 
 1.117111e-02  5.894510e+03  1.072878e+04  1.449498e+04  2.156363e+04 
 1.132683e-02  5.919909e+03  1.077488e+04  1.455695e+04  2.165557e+04 
 1.148472e-02  5.944629e+03  1.081971e+04  1.461726e+04  2.174500e+04 
 1.164481e-02  5.968657e+03  1.086324e+04  1.467595e+04  2.183178e+04 
 1.180713e-02  5.991961e+03  1.090542e+04  1.473287e+04  2.191584e+04 
 1.197171e-02  6.014533e+03  1.094627e+04  1.478797e+04  2.199721e+04 
 1.213859e-02  6.036351e+03  1.098578e+04  1.484119e+04  2.207585e+04 
 1.230780e-02  6.057396e+03  1.102388e+04  1.489245e+04  2.215164e+04 
 1.247936e-02  6.077623e+03  1.106049e+04  1.494171e+04  2.222440e+04 
 1.265332e-02  6.097022e+03  1.109558e+04  1.498890e+04  2.229408e+04 
 1.282970e-02  6.115560e+03  1.112910e+04  1.503392e+04  2.236067e+04 
 1.300854e-02  6.133222e+03  1.116103e+04  1.507674e+04  2.242404e+04 
 1.318987e-02  6.149990e+03  1.119133e+04  1.511744e+04  2.248407e+04 
 1.337373e-02  6.165872e+03  1.122000e+04  1.515598e+04  2.254072e+04 
 1.356015e-02  6.180816e+03  1.124696e+04  1.519222e+04  2.259401e+04 
 1.374917e-02  6.194754e+03  1.127208e+04  1.522606e+04  2.264372e+04 
 1.394083e-02  6.207689e+03  1.129538e+04  1.525742e+04  2.268978e+04 
 1.413516e-02  6.219628e+03  1.131686e+04  1.528616e+04  2.273208e+04 
 1.433219e-02  6.230540e+03  1.133647e+04  1.531230e+04  2.277054e+04 
 1.453198e-02  6.240380e+03  1.135412e+04  1.533587e+04  2.280510e+04 
 1.473454e-02  6.249139e+03  1.136983e+04  1.535690e+04  2.283574e+04 
 1.493993e-02  6.256791e+03  1.138350e+04  1.537524e+04  2.286237e+04 
 1.514819e-02  6.263311e+03  1.139513e+04  1.539080e+04  2.288491e+04 
 1.535935e-02  6.268671e+03  1.140468e+04  1.540346e+04  2.290321e+04 
 1.557345e-02  6.272866e+03  1.141207e+04  1.541314e+04  2.291719e+04 
 1.579053e-02  6.275850e+03  1.141728e+04  1.541984e+04  2.292670e+04 
 1.601064e-02  6.277603e+03  1.142024e+04  1.542360e+04  2.293175e+04 
 1.623382e-02  6.278146e+03  1.142099e+04  1.542442e+04  2.293242e+04 
 1.646012e-02  6.277436e+03  1.141946e+04  1.542221e+04  2.292852e+04 
 1.668956e-02  6.275441e+03  1.141559e+04  1.541683e+04  2.291989e+04 
 1.692220e-02  6.272152e+03  1.140935e+04  1.540817e+04  2.290644e+04 
 1.715809e-02  6.267528e+03  1.140070e+04  1.539620e+04  2.288810e+04 
 1.739726e-02  6.261546e+03  1.138958e+04  1.538094e+04  2.286491e+04 
 1.763977e-02  6.254218e+03  1.137602e+04  1.536241e+04  2.283676e+04 
 1.788566e-02  6.245530e+03  1.135996e+04  1.534050e+04  2.280361e+04 
 1.813498e-02  6.235473e+03  1.134140e+04  1.531520e+04  2.276541e+04 
 1.838777e-02  6.224022e+03  1.132031e+04  1.528649e+04  2.272211e+04 
 1.864409e-02  6.211133e+03  1.129662e+04  1.525425e+04  2.267366e+04 
 1.890397e-02  6.196814e+03  1.127030e+04  1.521850e+04  2.261997e+04 
 1.916748e-02  6.181051e+03  1.124138e+04  1.517919e+04  2.256089e+04 
 1.943467e-02  6.163840e+03  1.120980e+04  1.513630e+04  2.249648e+04 
 1.970558e-02  6.145162e+03  1.117556e+04  1.508982e+04  2.242678e+04 
 1.998026e-02  6.125012e+03  1.113866e+04  1.503973e+04  2.235179e+04 
 2.025878e-02  6.103382e+03  1.109905e+04  1.498601e+04  2.227136e+04 
 2.054117e-02  6.080267e+03  1.105674e+04  1.492863e+04  2.218540e+04 
 2.082751e-02  6.055676e+03  1.101176e+04  1.486762e+04  2.209397e+04 
 2.111783e-02  6.029600e+03  1.096405e+04  1.480298e+04  2.199724e+04 
 2.141220e-02  6.002146e+03  1.091384e+04  1.473488e+04  2.189536e+04 
 2.171068e-02  5.973850e+03  1.086187e+04  1.466419e+04  2.178904e+04 
 2.201331e-02  5.944057e+03  1.080717e+04  1.458984e+04  2.167724e+04 
 2.232016e-02  5.912786e+03  1.074978e+04  1.451187e+04  2.156004e+04 
 2.263130e-02  5.880063e+03  1.068973e+04  1.443029e+04  2.143760e+04 
 2.294676e-02  5.845887e+03  1.062705e+04  1.434515e+04  2.130989e+04 
 2.326663e-02  5.810261e+03  1.056174e+04  1.425645e+04  2.117686e+04 
 2.359095e-02  5.773198e+03  1.049381e+04  1.416426e+04  2.103856e+04 
 2.391980e-02  5.734723e+03  1.042335e+04  1.406861e+04  2.089511e+04 
 2.425323e-02  5.694852e+03  1.035033e+04  1.396954e+04  2.074663e+04 
 2.459130e-02  5.653608e+03  1.027483e+04  1.386709e+04  2.059316e+04 
 2.493409e-02  5.611038e+03  1.019688e+04  1.376138e+04  2.043485e+04 
 2.528166e-02  5.567138e+03  1.011654e+04  1.365240e+04  2.027168e+04 
 2.563407e-02  5.521945e+03  1.003386e+04  1.354027e+04  2.010381e+04 
 2.599140e-02  5.475496e+03  9.948899e+03  1.342507e+04  1.993139e+04 
 2.635371e-02  5.427817e+03  9.861709e+03  1.330686e+04  1.975453e+04 
 2.672106e-02  5.378942e+03  9.772351e+03  1.318573e+04  1.957334e+04 
 2.709354e-02  5.328921e+03  9.680887e+03  1.306181e+04  1.938799e+04 
 2.747121e-02  5.277800e+03  9.587438e+03  1.293519e+04  1.919865e+04 
 2.785414e-02  5.225550e+03  9.491987e+03  1.280588e+04  1.900541e+04 
 2.824241e-02  5.171985e+03  9.394264e+03  1.267362e+04  1.880810e+04 
 2.863610e-02  5.117465e+03  9.294809e+03  1.253902e+04  1.860734e+04 
 2.903527e-02  5.062042e+03  9.193699e+03  1.240222e+04  1.840332e+04 
 2.944000e-02  5.005768e+03  9.091061e+03  1.226336e+04  1.819624e+04 
 2.985038e-02  4.948702e+03  8.986991e+03  1.212259e+04  1.798632e+04 
 3.026648e-02  4.890917e+03  8.881630e+03  1.198008e+04  1.777381e+04 
 3.068838e-02  4.832490e+03  8.775095e+03  1.183597e+04  1.755897e+04 
 3.111616e-02  4.773480e+03  8.667504e+03  1.169042e+04  1.734204e+04 
 3.154990e-02  4.713936e+03  8.558954e+03  1.154359e+04  1.712322e+04 
 3.198969e-02  4.653933e+03  8.449575e+03  1.139568e+04  1.690276e+04 
 3.243561e-02  4.593551e+03  8.339520e+03  1.124682e+04  1.668097e+04 
 3.288774e-02  4.532862e+03  8.228923e+03  1.109725e+04  1.645811e+04 
 3.334618e-02  4.471947e+03  8.117903e+03  1.094714e+04  1.623443e+04 
 3.381101e-02  4.410879e+03  8.006610e+03  1.079667e+04  1.601023e+04 
 3.428231e-02  4.349740e+03  7.895177e+03  1.064602e+04  1.578582e+04 
 3.476019e-02  4.288460e+03  7.783846e+03  1.049586e+04  1.556318e+04 
 3.524473e-02  4.227265e+03  7.672694e+03  1.034592e+04  1.534093e+04 
 3.573602e-02  4.166242e+03  7.561852e+03  1.019640e+04  1.511930e+04 
 3.623416e-02  4.105472e+03  7.451460e+03  1.004751e+04  1.489858e+04 
 3.673925e-02  4.045033e+03  7.341667e+03  9.899439e+03  1.467904e+04 
 3.725137e-02  3.985009e+03  7.232618e+03  9.752383e+03  1.446102e+04 
 3.777064e-02  3.925472e+03  7.124467e+03  9.606529e+03  1.424482e+04 
 3.829714e-02  3.866509e+03  7.017356e+03  9.462073e+03  1.403065e+04 
 3.883098e-02  3.808189e+03  6.911425e+03  9.319184e+03  1.381883e+04 
 3.937226e-02  3.750590e+03  6.806800e+03  9.178069e+03  1.360962e+04 
 3.992109e-02  3.693793e+03  6.703627e+03  9.038910e+03  1.340331e+04 
 4.047757e-02  3.637847e+03  6.601977e+03  8.901788e+03  1.319994e+04 
 4.104181e-02  3.582686e+03  6.501205e+03  8.765253e+03  1.299574e+04 
 4.161391e-02  3.528520e+03  6.402253e+03  8.631200e+03  1.279520e+04 
 4.219398e-02  3.475418e+03  6.305243e+03  8.499753e+03  1.259859e+04 
 4.278214e-02  3.423433e+03  6.210287e+03  8.371075e+03  1.240612e+04 
 4.337850e-02  3.372621e+03  6.117472e+03  8.245284e+03  1.221799e+04 
 4.398317e-02  3.323040e+03  6.026888e+03  8.122510e+03  1.203434e+04 
 4.459628e-02  3.274734e+03  5.938609e+03  8.002884e+03  1.185533e+04 
 4.521792e-02  3.227726e+03  5.852705e+03  7.886463e+03  1.168111e+04 
 4.584824e-02  3.182052e+03  5.769244e+03  7.773347e+03  1.151182e+04 
 4.648734e-02  3.137749e+03  5.688283e+03  7.663587e+03  1.134752e+04 
 4.713535e-02  3.094927e+03  5.610701e+03  7.559147e+03  1.119312e+04 
 4.779239e-02  3.053565e+03  5.536181e+03  7.459273e+03  1.104667e+04 
 4.845859e-02  3.013608e+03  5.464216e+03  7.362830e+03  1.090530e+04 
 4.913407e-02  2.975054e+03  5.394798e+03  7.269819e+03  1.076897e+04 
 4.981898e-02  2.937907e+03  5.327926e+03  7.180223e+03  1.063769e+04 
 5.051342e-02  2.902161e+03  5.263575e+03  7.094029e+03  1.051146e+04 
 5.121755e-02  2.867790e+03  5.201711e+03  7.011175e+03  1.039013e+04 
 5.193150e-02  2.834745e+03  5.142263e+03  6.931591e+03  1.027363e+04 
 5.265540e-02  2.802988e+03  5.085176e+03  6.855164e+03  1.016178e+04 
 5.338938e-02  2.772262e+03  5.029510e+03  6.780210e+03  1.005090e+04 
 5.413360e-02  2.742485e+03  4.975017e+03  6.706300e+03  9.940153e+03 
 5.488820e-02  2.713863e+03  4.922612e+03  6.635202e+03  9.833590e+03 
 5.565331e-02  2.686317e+03  4.872182e+03  6.566759e+03  9.730983e+03 
 5.642908e-02  2.659735e+03  4.823519e+03  6.500701e+03  9.631905e+03 
 5.721568e-02  2.633970e+03  4.776344e+03  6.436658e+03  9.535810e+03 
 5.801323e-02  2.608966e+03  4.730544e+03  6.374490e+03  9.442484e+03 
 5.882190e-02  2.584829e+03  4.686315e+03  6.314439e+03  9.352307e+03 
 5.964185e-02  2.561763e+03  4.644319e+03  6.257665e+03  9.267783e+03 
 6.047322e-02  2.539771e+03  4.605051e+03  6.205362e+03  9.192070e+03 
 6.131619e-02  2.518072e+03  4.566312e+03  6.153774e+03  9.117401e+03 
 6.217090e-02  2.496260e+03  4.527365e+03  6.101906e+03  9.042324e+03 
 6.303753e-02  2.474154e+03  4.487882e+03  6.049330e+03  8.966172e+03 
 6.391624e-02  2.451774e+03  4.447891e+03  5.996070e+03  8.889003e+03 
 6.480720e-02  2.429139e+03  4.407433e+03  5.942168e+03  8.810875e+03 
 6.571058e-02  2.406189e+03  4.366398e+03  5.887471e+03  8.731595e+03 
 6.662655e-02  2.381619e+03  4.320602e+03  5.824440e+03  8.634609e+03 
 6.755528e-02  2.356336e+03  4.273456e+03  5.759544e+03  8.534710e+03 
 6.849697e-02  2.330207e+03  4.224789e+03  5.692621e+03  8.431826e+03 
 6.945178e-02  2.303122e+03  4.174408e+03  5.623402e+03  8.325562e+03 
 7.041990e-02  2.274985e+03  4.122121e+03  5.551615e+03  8.215568e+03 
 7.140151e-02  2.245689e+03  4.067757e+03  5.477037e+03  8.101494e+03 
 7.239681e-02  2.215435e+03  4.011942e+03  5.400836e+03  7.986080e+03 
 7.340598e-02  2.184191e+03  3.954672e+03  5.323072e+03  7.869602e+03 
 7.442922e-02  2.151565e+03  3.894900e+03  5.241956e+03  7.748172e+03 
 7.546673e-02  2.117521e+03  3.832575e+03  5.157409e+03  7.621714e+03 
 7.651869e-02  2.082038e+03  3.767647e+03  5.069399e+03  7.490174e+03 
 7.758532e-02  2.045138e+03  3.700164e+03  4.977963e+03  7.353615e+03 
 7.866682e-02  2.007650e+03  3.632703e+03  4.887613e+03  7.221382e+03 
 7.976339e-02  1.970124e+03  3.566903e+03  4.801194e+03  7.099314e+03 
 8.087525e-02  1.931312e+03  3.498712e+03  4.711503e+03  6.972250e+03 
 8.200261e-02  1.891317e+03  3.428313e+03  4.618776e+03  6.840546e+03 
 8.314568e-02  1.850277e+03  3.355929e+03  4.523337e+03  6.704653e+03 
 8.430468e-02  1.808345e+03  3.281850e+03  4.425542e+03  6.565097e+03 
 8.547985e-02  1.765096e+03  3.204317e+03  4.322068e+03  6.414596e+03 
 8.667139e-02  1.721068e+03  3.124880e+03  4.215528e+03  6.258333e+03 
 8.787954e-02  1.676779e+03  3.044958e+03  4.108289e+03  6.100960e+03 
 8.910453e-02  1.632456e+03  2.964952e+03  4.000903e+03  5.943298e+03 
 9.034660e-02  1.588332e+03  2.885274e+03  3.893956e+03  5.786201e+03 
 9.160598e-02  1.545352e+03  2.808638e+03  3.792027e+03  5.638735e+03 
 9.288292e-02  1.503679e+03  2.735208e+03  3.695205e+03  5.500744e+03 
 9.417766e-02  1.462865e+03  2.663248e+03  3.600253e+03  5.365280e+03 
 9.549045e-02  1.423142e+03  2.593169e+03  3.507750e+03  5.233210e+03 
 9.682153e-02  1.384742e+03  2.525380e+03  3.418257e+03  5.105372e+03 
 9.817117e-02  1.348190e+03  2.461350e+03  3.334205e+03  4.986447e+03 
 9.953962e-02  1.313445e+03  2.400694e+03  3.254789e+03  4.874523e+03 
 1.009272e-01  1.280524e+03  2.343290e+03  3.179644e+03  4.768728e+03 
 1.023340e-01  1.249567e+03  2.289384e+03  3.109123e+03  4.669635e+03 
 1.037605e-01  1.220101e+03  2.237368e+03  3.040431e+03  4.571565e+03 
 1.052069e-01  1.190608e+03  2.182553e+03  2.965480e+03  4.458401e+03 
 1.066734e-01  1.163371e+03  2.131928e+03  2.896246e+03  4.353827e+03 
 1.081604e-01  1.138374e+03  2.085473e+03  2.832686e+03  4.257774e+03 
 1.096681e-01  1.115583e+03  2.043056e+03  2.774619e+03  4.169990e+03 
 1.111968e-01  1.094966e+03  2.004751e+03  2.722135e+03  4.090081e+03 
 1.127468e-01  1.076335e+03  1.970116e+03  2.674654e+03  4.017670e+03 
 1.143184e-01  1.059523e+03  1.938837e+03  2.631734e+03  3.952128e+03 
 1.159120e-01  1.044331e+03  1.910547e+03  2.592860e+03  3.892692e+03 
 1.175277e-01  1.031045e+03  1.886231e+03  2.559710e+03  3.842371e+03 
 1.191660e-01  1.018941e+03  1.864120e+03  2.529584e+03  3.796623e+03 
 1.208271e-01  1.007693e+03  1.843575e+03  2.501605e+03  3.754077e+03 
 1.225114e-01  9.969399e+02  1.823884e+03  2.474775e+03  3.713241e+03 
 1.242191e-01  9.858589e+02  1.803102e+03  2.446149e+03  3.669551e+03 
 1.259506e-01  9.747133e+02  1.782201e+03  2.417379e+03  3.625652e+03 
 1.277063e-01  9.631962e+02  1.760617e+03  2.387715e+03  3.580423e+03 
 1.294865e-01  9.512750e+02  1.738456e+03  2.357266e+03  3.533796e+03 
 1.312915e-01  9.387426e+02  1.715355e+03  2.325554e+03  3.485016e+03 
 1.331216e-01  9.250559e+02  1.690148e+03  2.291020e+03  3.432008e+03 
 1.349772e-01  9.100438e+02  1.662557e+03  2.253302e+03  3.374381e+03 
 1.368587e-01  8.946540e+02  1.636025e+03  2.218996e+03  3.327493e+03 
 1.387665e-01  8.777143e+02  1.606609e+03  2.180759e+03  3.274604e+03 
 1.407008e-01  8.592305e+02  1.574312e+03  2.138559e+03  3.215684e+03 
 1.426621e-01  8.403091e+02  1.541837e+03  2.096311e+03  3.156328e+03 
 1.446507e-01  8.203643e+02  1.507613e+03  2.051695e+03  3.093143e+03 
 1.466671e-01  7.992540e+02  1.471164e+03  2.003922e+03  3.025068e+03 
 1.487115e-01  7.756601e+02  1.428563e+03  1.946791e+03  2.941469e+03 
 1.507845e-01  7.504882e+02  1.382008e+03  1.883657e+03  2.847809e+03 
 1.528864e-01  7.252136e+02  1.335299e+03  1.820251e+03  2.753658e+03 
 1.550175e-01  7.020489e+02  1.294490e+03  1.766453e+03  2.677271e+03 
 1.571784e-01  6.806997e+02  1.258319e+03  1.720038e+03  2.614038e+03 
 1.593694e-01  6.601344e+02  1.223409e+03  1.675204e+03  2.552768e+03 
 1.615909e-01  6.412502e+02  1.191894e+03  1.635066e+03  2.498425e+03 
 1.638434e-01  6.239488e+02  1.163327e+03  1.598925e+03  2.449826e+03 
 1.661273e-01  6.081789e+02  1.137428e+03  1.566269e+03  2.406270e+03 
 1.684430e-01  5.912279e+02  1.106713e+03  1.525229e+03  2.347193e+03 
 1.707910e-01  5.757891e+02  1.078480e+03  1.487359e+03  2.292498e+03 
 1.731717e-01  5.625716e+02  1.054631e+03  1.455583e+03  2.246924e+03 
 1.755856e-01  5.525667e+02  1.037810e+03  1.433853e+03  2.216184e+03 
 1.780332e-01  5.441027e+02  1.023829e+03  1.416010e+03  2.191333e+03 
 1.805149e-01  5.352049e+02  1.006863e+03  1.392192e+03  2.153584e+03 
 1.830312e-01  5.263068e+02  9.886147e+02  1.365514e+03  2.109309e+03 
 1.855825e-01  5.181855e+02  9.720092e+02  1.341328e+03  2.069368e+03 
 1.881694e-01  5.105736e+02  9.573149e+02  1.321031e+03  2.038552e+03 
 1.907924e-01  5.029730e+02  9.426532e+02  1.300784e+03  2.007828e+03 
 1.934520e-01  4.945482e+02  9.262361e+02  1.278166e+03  1.974372e+03 
 1.961486e-01  4.853358e+02  9.082789e+02  1.253443e+03  1.938026e+03 
 1.988828e-01  4.763527e+02  8.914778e+02  1.230579e+03  1.904336e+03 
 2.016551e-01  4.679435e+02  8.767914e+02  1.211020e+03  1.875408e+03 
 2.044661e-01  4.583214e+02  8.596495e+02  1.187939e+03  1.840849e+03 
 2.073162e-01  4.471249e+02  8.385708e+02  1.158654e+03  1.795517e+03 
 2.102061e-01  4.349610e+02  8.156734e+02  1.126870e+03  1.746330e+03 
 2.131362e-01  4.256945e+02  8.024811e+02  1.111674e+03  1.727773e+03 
 2.161073e-01  4.160004e+02  7.885348e+02  1.095480e+03  1.707737e+03 
 2.191197e-01  4.037231e+02  7.677868e+02  1.069092e+03  1.672773e+03 
 2.221741e-01  3.910523e+02  7.457635e+02  1.040655e+03  1.634551e+03 
 2.252711e-01  3.794468e+02  7.263387e+02  1.016202e+03  1.602663e+03 
 2.284112e-01  3.688197e+02  7.088552e+02  9.944733e+02  1.574834e+03 
 2.315951e-01  3.593714e+02  6.927018e+02  9.732387e+02  1.543751e+03 
 2.348235e-01  3.510999e+02  6.784367e+02  9.541482e+02  1.514622e+03 
 2.380968e-01  3.420814e+02  6.612802e+02  9.303861e+02  1.478509e+03 
 2.414157e-01  3.337582e+02  6.450995e+02  9.078314e+02  1.444369e+03 
 2.447809e-01  3.257679e+02  6.296462e+02  8.865268e+02  1.411929e+03 
 2.481930e-01  3.186607e+02  6.159393e+02  8.676884e+02  1.383294e+03 
 2.516527e-01  3.145721e+02  6.088507e+02  8.579638e+02  1.367818e+03 
 2.551606e-01  3.098836e+02  6.001846e+02  8.459529e+02  1.349138e+03 
 2.587174e-01  3.024456e+02  5.848770e+02  8.243867e+02  1.316668e+03 
 2.623238e-01  2.963083e+02  5.731483e+02  8.082895e+02  1.292870e+03 
 2.659804e-01  2.913760e+02  5.649075e+02  7.975719e+02  1.277593e+03 
 2.696881e-01  2.844976e+02  5.522173e+02  7.804292e+02  1.251895e+03 
 2.734474e-01  2.767281e+02  5.376500e+02  7.606353e+02  1.222017e+03 
 2.772591e-01  2.706761e+02  5.278334e+02  7.485366e+02  1.206875e+03 
 2.811239e-01  2.639890e+02  5.163771e+02  7.339899e+02  1.188559e+03 
 2.850426e-01  2.568564e+02  5.035281e+02  7.173193e+02  1.167926e+03 
 2.890160e-01  2.501142e+02  4.924001e+02  7.032467e+02  1.148489e+03 
 2.930447e-01  2.436729e+02  4.815888e+02  6.890485e+02  1.126998e+03 
 2.971296e-01  2.375925e+02  4.701303e+02  6.721956e+02  1.097935e+03 
 3.012714e-01  2.321214e+02  4.608518e+02  6.600721e+02  1.080333e+03 
 3.054710e-01  2.269590e+02  4.522965e+02  6.494647e+02  1.066597e+03 
 3.097291e-01  2.210802e+02  4.413665e+02  6.349499e+02  1.046356e+03 
 3.140465e-01  2.159329e+02  4.310395e+02  6.201180e+02  1.022012e+03 
 3.184242e-01  2.115293e+02  4.222425e+02  6.074217e+02  1.001068e+03 
 3.228628e-01  2.080385e+02  4.161920e+02  5.996356e+02  9.912926e+02 
 3.273634e-01  2.032674e+02  4.064453e+02  5.855126e+02  9.684954e+02 
 3.319266e-01  1.983153e+02  3.966991e+02  5.719613e+02  9.480520e+02 
 3.365535e-01  1.934569e+02  3.879142e+02  5.606183e+02  9.329637e+02 
 3.412449e-01  1.899512e+02  3.832941e+02  5.552528e+02  9.245217e+02 
 3.460016e-01  1.860355e+02  3.769703e+02  5.471783e+02  9.133265e+02 
 3.508247e-01  1.820736e+02  3.699988e+02  5.379230e+02  8.998462e+02 
 3.557150e-01  1.781215e+02  3.627926e+02  5.282149e+02  8.849542e+02 
 3.606735e-01  1.735419e+02  3.547520e+02  5.177252e+02  8.704219e+02 
 3.657011e-01  1.682118e+02  3.447449e+02  5.040052e+02  8.511616e+02 
 3.707988e-01  1.638922e+02  3.364969e+02  4.927304e+02  8.344312e+02 
 3.759675e-01  1.600205e+02  3.290940e+02  4.825502e+02  8.190721e+02 
 3.812083e-01  1.562174e+02  3.221963e+02  4.732147e+02  8.052306e+02 
 3.865221e-01  1.531018e+02  3.175993e+02  4.679908e+02  7.969820e+02 
 3.919100e-01  1.498983e+02  3.101291e+02  4.565103e+02  7.807835e+02 
 3.973730e-01  1.463323e+02  3.040484e+02  4.488957e+02  7.687904e+02 
 4.029122e-01  1.434134e+02  2.994681e+02  4.426060e+02  7.572724e+02 
 4.085286e-01  1.405144e+02  2.933013e+02  4.337278e+02  7.445209e+02 
 4.142232e-01  1.369609e+02  2.860531e+02  4.240582e+02  7.324099e+02 
 4.199973e-01  1.333769e+02  2.798442e+02  4.161805e+02  7.209879e+02 
 4.258518e-01  1.304234e+02  2.744389e+02  4.085869e+02  7.080490e+02 
 4.317880e-01  1.272874e+02  2.684432e+02  3.997425e+02  6.942880e+02 
 4.378069e-01  1.245223e+02  2.629416e+02  3.918716e+02  6.812998e+02 
 4.439097e-01  1.222327e+02  2.593724e+02  3.875318e+02  6.768517e+02 
 4.500975e-01  1.188343e+02  2.530432e+02  3.789165e+02  6.641341e+02 
 4.563716e-01  1.160081e+02  2.471983e+02  3.704623e+02  6.491846e+02 
 4.627332e-01  1.141763e+02  2.446783e+02  3.677720e+02  6.467910e+02 
 4.691835e-01  1.112304e+02  2.388509e+02  3.594809e+02  6.330255e+02 
 4.757236e-01  1.091271e+02  2.347056e+02  3.537580e+02  6.241849e+02 
 4.823549e-01  1.062129e+02  2.288208e+02  3.453855e+02  6.126284e+02 
 4.890787e-01  1.038305e+02  2.241623e+02  3.391054e+02  6.028973e+02 
 4.958962e-01  1.019819e+02  2.206124e+02  3.336487e+02  5.928806e+02 
 5.028087e-01  9.953707e+01  2.164056e+02  3.279766e+02  5.845501e+02 
 5.098176e-01  9.756958e+01  2.127923e+02  3.228439e+02  5.746480e+02 
 5.169242e-01  9.576188e+01  2.093906e+02  3.182160e+02  5.684434e+02 
 5.241298e-01  9.256218e+01  2.038658e+02  3.113727e+02  5.599989e+02 
 5.314359e-01  9.087848e+01  2.013714e+02  3.080622e+02  5.545166e+02 
 5.388438e-01  8.892102e+01  1.969229e+02  3.013742e+02  5.442873e+02 
 5.463550e-01  8.725099e+01  1.936945e+02  2.965984e+02  5.362437e+02 
 5.539709e-01  8.481515e+01  1.893238e+02  2.910542e+02  5.277773e+02 
 5.616930e-01  8.322028e+01  1.862395e+02  2.866890e+02  5.212642e+02 
 5.695227e-01  8.147434e+01  1.833165e+02  2.831241e+02  5.142188e+02 
 5.774615e-01  7.955291e+01  1.789076e+02  2.764827e+02  5.044834e+02 
 5.855110e-01  7.804236e+01  1.761772e+02  2.723815e+02  4.973790e+02 
 5.936727e-01  7.618336e+01  1.719246e+02  2.663560e+02  4.882854e+02 
 6.019482e-01  7.479991e+01  1.697734e+02  2.629713e+02  4.820586e+02 
 6.103390e-01  7.295218e+01  1.665951e+02  2.589286e+02  4.751710e+02 
 6.188468e-01  7.127840e+01  1.636996e+02  2.561658e+02  4.732618e+02 
 6.274732e-01  7.000830e+01  1.605260e+02  2.506774e+02  4.641410e+02 
 6.362198e-01  6.849654e+01  1.579772e+02  2.470841e+02  4.572298e+02 
 6.450884e-01  6.681570e+01  1.549233e+02  2.428523e+02  4.499291e+02 
 6.540806e-01  6.537476e+01  1.514990e+02  2.376406e+02  4.421757e+02 
 6.631981e-01  6.383418e+01  1.489518e+02  2.348629e+02  4.376291e+02 
 6.724427e-01  6.254798e+01  1.462213e+02  2.309897e+02  4.327782e+02 
 6.818162e-01  6.110877e+01  1.434983e+02  2.262962e+02  4.239849e+02 
 6.913204e-01  5.972925e+01  1.406823e+02  2.226629e+02  4.179317e+02 
 7.009570e-01  5.883214e+01  1.384849e+02  2.194019e+02  4.123816e+02 
 7.107280e-01  5.723147e+01  1.359895e+02  2.160135e+02  4.058040e+02 
 7.206351e-01  5.629187e+01  1.337598e+02  2.129687e+02  4.021129e+02 
 7.306804e-01  5.507922e+01  1.316554e+02  2.095573e+02  3.949049e+02 
 7.408657e-01  5.380681e+01  1.289520e+02  2.056795e+02  3.896231e+02 
 7.511929e-01  5.261447e+01  1.264659e+02  2.024741e+02  3.843157e+02 
 7.616642e-01  5.156265e+01  1.240777e+02  1.990483e+02  3.790909e+02 
 7.722814e-01  5.080005e+01  1.227670e+02  1.968441e+02  3.739216e+02 
 7.830465e-01  4.969878e+01  1.203090e+02  1.933354e+02  3.689626e+02 
 7.939618e-01  4.871597e+01  1.186656e+02  1.907560e+02  3.647686e+02 
 8.050292e-01  4.759084e+01  1.163085e+02  1.880007e+02  3.600773e+02 
 8.162509e-01  4.668949e+01  1.145485e+02  1.848874e+02  3.536872e+02 
 8.276289e-01  4.551110e+01  1.121476e+02  1.817020e+02  3.490567e+02 
 8.391656e-01  4.486626e+01  1.107610e+02  1.790245e+02  3.448421e+02 
 8.508632e-01  4.401554e+01  1.087811e+02  1.765116e+02  3.402641e+02 
 8.627237e-01  4.298189e+01  1.069208e+02  1.737413e+02  3.347547e+02 
 8.747496e-01  4.215196e+01  1.049891e+02  1.710255e+02  3.302863e+02 
 8.869432e-01  4.136326e+01  1.034205e+02  1.686328e+02  3.261864e+02 
 8.993067e-01  4.046690e+01  1.016837e+02  1.660032e+02  3.213115e+02 
 9.118425e-01  3.980694e+01  9.988013e+01  1.631338e+02  3.156418e+02 
 9.245531e-01  3.888314e+01  9.814894e+01  1.604926e+02  3.119057e+02 
 9.374409e-01  3.808208e+01  9.651498e+01  1.582911e+02  3.078292e+02 
 9.505083e-01  3.739636e+01  9.489715e+01  1.558944e+02  3.033560e+02 
 9.637579e-01  3.656221e+01  9.303095e+01  1.530693e+02  2.988341e+02 
 9.771921e-01  3.599966e+01  9.239675e+01  1.516074e+02  2.948881e+02 
 9.908137e-01  3.526212e+01  9.057945e+01  1.490104e+02  2.908777e+02 
 1.004625e+00  3.454017e+01  8.883799e+01  1.463890e+02  2.860115e+02 
 1.018629e+00  3.392774e+01  8.755004e+01  1.443020e+02  2.818042e+02 
 1.032828e+00  3.321877e+01  8.605244e+01  1.422924e+02  2.786535e+02 
 1.047225e+00  3.252109e+01  8.472949e+01  1.399779e+02  2.738244e+02 
 1.061823e+00  3.196464e+01  8.353507e+01  1.380317e+02  2.700306e+02 
 1.076624e+00  3.132425e+01  8.214013e+01  1.359247e+02  2.660132e+02 
 1.091632e+00  3.076930e+01  8.073576e+01  1.339570e+02  2.619471e+02 
 1.106848e+00  3.013016e+01  7.927578e+01  1.317825e+02  2.582794e+02 
 1.122277e+00  2.954850e+01  7.812721e+01  1.296040e+02  2.539903e+02 
 1.137921e+00  2.896853e+01  7.671025e+01  1.275412e+02  2.502050e+02 
 1.153783e+00  2.845348e+01  7.548965e+01  1.256167e+02  2.466458e+02 
 1.169866e+00  2.793604e+01  7.433746e+01  1.236924e+02  2.432613e+02 
 1.186174e+00  2.738329e+01  7.320523e+01  1.218034e+02  2.393625e+02 
 1.202708e+00  2.689460e+01  7.200672e+01  1.200018e+02  2.358465e+02 
 1.219473e+00  2.641389e+01  7.089724e+01  1.182875e+02  2.319313e+02 
 1.236472e+00  2.590859e+01  6.977748e+01  1.165519e+02  2.286642e+02 
 1.253708e+00  2.544420e+01  6.862766e+01  1.145239e+02  2.251175e+02 
 1.271184e+00  2.498569e+01  6.775999e+01  1.131511e+02  2.217278e+02 
 1.288904e+00  2.452055e+01  6.642495e+01  1.110979e+02  2.185074e+02 
 1.306870e+00  2.405107e+01  6.535260e+01  1.093383e+02  2.148148e+02 
 1.325087e+00  2.365018e+01  6.435715e+01  1.077242e+02  2.112356e+02 
 1.343558e+00  2.321775e+01  6.329688e+01  1.059980e+02  2.079056e+02 
 1.362287e+00  2.281596e+01  6.224793e+01  1.041948e+02  2.044369e+02 
 1.381276e+00  2.238631e+01  6.127770e+01  1.023518e+02  2.010250e+02 
 1.400531e+00  2.199502e+01  6.028857e+01  1.008046e+02  1.975564e+02 
 1.420053e+00  2.158295e+01  5.921579e+01  9.923459e+01  1.942073e+02 
 1.439848e+00  2.120264e+01  5.833863e+01  9.751769e+01  1.910574e+02 
 1.459919e+00  2.079906e+01  5.736241e+01  9.593369e+01  1.876441e+02 
 1.480269e+00  2.047696e+01  5.633464e+01  9.423320e+01  1.841398e+02 
 1.500903e+00  2.010584e+01  5.546277e+01  9.265130e+01  1.813272e+02 
 1.521825e+00  1.973622e+01  5.460422e+01  9.122062e+01  1.780922e+02 
 1.543038e+00  1.937492e+01  5.368330e+01  8.976524e+01  1.752186e+02 
 1.564548e+00  1.906197e+01  5.281019e+01  8.823799e+01  1.719982e+02 
 1.586357e+00  1.872786e+01  5.198556e+01  8.677075e+01  1.689116e+02 
 1.608469e+00  1.837679e+01  5.112409e+01  8.529239e+01  1.660644e+02 
 1.630891e+00  1.810862e+01  5.019418e+01  8.365942e+01  1.627462e+02 
 1.653624e+00  1.776297e+01  4.933586e+01  8.230804e+01  1.600576e+02 
 1.676675e+00  1.744527e+01  4.858340e+01  8.094156e+01  1.569863e+02 
 1.700047e+00  1.713483e+01  4.777117e+01  7.951099e+01  1.541529e+02 
 1.723745e+00  1.685776e+01  4.692754e+01  7.811198e+01  1.510913e+02 
 1.747773e+00  1.652192e+01  4.609741e+01  7.668083e+01  1.482103e+02 
 1.772136e+00  1.625143e+01  4.532382e+01  7.528243e+01  1.455201e+02 
 1.796838e+00  1.597662e+01  4.452532e+01  7.393377e+01  1.426861e+02 
 1.821885e+00  1.572703e+01  4.375220e+01  7.255499e+01  1.399933e+02 
 1.847281e+00  1.543867e+01  4.305286e+01  7.132664e+01  1.373025e+02 
 1.873032e+00  1.517690e+01  4.228574e+01  6.988855e+01  1.346644e+02 
 1.899141e+00  1.491374e+01  4.149919e+01  6.863815e+01  1.320289e+02 
 1.925614e+00  1.466902e+01  4.079192e+01  6.739891e+01  1.293301e+02 
 1.952456e+00  1.445546e+01  4.012061e+01  6.618898e+01  1.267586e+02 
 1.979672e+00  1.417513e+01  3.943977e+01  6.495552e+01  1.242463e+02 
 2.007267e+00  1.395033e+01  3.873131e+01  6.363640e+01  1.218099e+02 
 2.035248e+00  1.369757e+01  3.799810e+01  6.240752e+01  1.192338e+02 
 2.063618e+00  1.346044e+01  3.728514e+01  6.118978e+01  1.167277e+02 
 2.092383e+00  1.323803e+01  3.660426e+01  5.996450e+01  1.142823e+02 
 2.121550e+00  1.300063e+01  3.591249e+01  5.878458e+01  1.118801e+02 
 2.151123e+00  1.278175e+01  3.525904e+01  5.758837e+01  1.094358e+02 
 2.181109e+00  1.255762e+01  3.456850e+01  5.643737e+01  1.071518e+02 
 2.211512e+00  1.234570e+01  3.389827e+01  5.525118e+01  1.047386e+02 
 2.242340e+00  1.213241e+01  3.328732e+01  5.415603e+01  1.025041e+02 
 2.273597e+00  1.191117e+01  3.265056e+01  5.299932e+01  1.002543e+02 
 2.305289e+00  1.172058e+01  3.201462e+01  5.192385e+01  9.807641e+01 
 2.337424e+00  1.152090e+01  3.138409e+01  5.082447e+01  9.594680e+01 
 2.370006e+00  1.131994e+01  3.077740e+01  4.977708e+01  9.385928e+01 
 2.403043e+00  1.111412e+01  3.018516e+01  4.870640e+01  9.173912e+01 
 2.436540e+00  1.093186e+01  2.960693e+01  4.768888e+01  8.967241e+01 
 2.470504e+00  1.074243e+01  2.902332e+01  4.665036e+01  8.764028e+01 
 2.504942e+00  1.055715e+01  2.845738e+01  4.566296e+01  8.567247e+01 
 2.539859e+00  1.037944e+01  2.787152e+01  4.465134e+01  8.365721e+01 
 2.575263e+00  1.018687e+01  2.728611e+01  4.369874e+01  8.177195e+01 
 2.611161e+00  1.001321e+01  2.673614e+01  4.269729e+01  7.986553e+01 
 2.647559e+00  9.835765e+00  2.617924e+01  4.172652e+01  7.795303e+01 
 2.684465e+00  9.660935e+00  2.565118e+01  4.078786e+01  7.611213e+01 
 2.721885e+00  9.481794e+00  2.508627e+01  3.986461e+01  7.431212e+01 
 2.759826e+00  9.314830e+00  2.454755e+01  3.894334e+01  7.254179e+01 
 2.798297e+00  9.145345e+00  2.403541e+01  3.804974e+01  7.084382e+01 
 2.837304e+00  8.982704e+00  2.351855e+01  3.717346e+01  6.914821e+01 
 2.876854e+00  8.819924e+00  2.300767e+01  3.631252e+01  6.750066e+01 
 2.916956e+00  8.662734e+00  2.252050e+01  3.547329e+01  6.584411e+01 
 2.957617e+00  8.509399e+00  2.203801e+01  3.466206e+01  6.426474e+01 
 2.998844e+00  8.355841e+00  2.156482e+01  3.385122e+01  6.270726e+01 
 3.040646e+00  8.204473e+00  2.109042e+01  3.304705e+01  6.122417e+01 
 3.083031e+00  8.056258e+00  2.062062e+01  3.226916e+01  5.972982e+01 
 3.126007e+00  7.911063e+00  2.017453e+01  3.150579e+01  5.825557e+01 
 3.169582e+00  7.763783e+00  1.971146e+01  3.073098e+01  5.681829e+01 
 3.213764e+00  7.618530e+00  1.926653e+01  2.998927e+01  5.541129e+01 
 3.258562e+00  7.473102e+00  1.883430e+01  2.926106e+01  5.402645e+01 
 3.303985e+00  7.331780e+00  1.839269e+01  2.853839e+01  5.267225e+01 
 3.350041e+00  7.193587e+00  1.796130e+01  2.783129e+01  5.134379e+01 
 3.396739e+00  7.054049e+00  1.754301e+01  2.714908e+01  5.003449e+01 
 3.444087e+00  6.919612e+00  1.712973e+01  2.645810e+01  4.876676e+01 
 3.492096e+00  6.787788e+00  1.673125e+01  2.580830e+01  4.754536e+01 
 3.540774e+00  6.652708e+00  1.633860e+01  2.516876e+01  4.634165e+01 
 3.590130e+00  6.526032e+00  1.595081e+01  2.453450e+01  4.517585e+01 
 3.640175e+00  6.400795e+00  1.557482e+01  2.393135e+01  4.403453e+01 
 3.690917e+00  6.274688e+00  1.521406e+01  2.331961e+01  4.291379e+01 
 3.742366e+00  6.152279e+00  1.484379e+01  2.274063e+01  4.183843e+01 
 3.794533e+00  6.033516e+00  1.449387e+01  2.217171e+01  4.077382e+01 
 3.847427e+00  5.913645e+00  1.414400e+01  2.160960e+01  3.974567e+01 
 3.901058e+00  5.794162e+00  1.380269e+01  2.106456e+01  3.872277e+01 
 3.955436e+00  5.681082e+00  1.346693e+01  2.051849e+01  3.772048e+01 
 4.010573e+00  5.562912e+00  1.313483e+01  1.999708e+01  3.675791e+01 
 4.066478e+00  5.448206e+00  1.280588e+01  1.947719e+01  3.579747e+01 
 4.123163e+00  5.334627e+00  1.249066e+01  1.897092e+01  3.486244e+01 
 4.180637e+00  5.225089e+00  1.218139e+01  1.848079e+01  3.395033e+01 
 4.238913e+00  5.115580e+00  1.187347e+01  1.799666e+01  3.306942e+01 
 4.298001e+00  5.006090e+00  1.157521e+01  1.753055e+01  3.220341e+01 
 4.357913e+00  4.903426e+00  1.128335e+01  1.707596e+01  3.137091e+01 
 4.418660e+00  4.799488e+00  1.100338e+01  1.662946e+01  3.056098e+01 
 4.480254e+00  4.697134e+00  1.072630e+01  1.619778e+01  2.976600e+01 
 4.542706e+00  4.598771e+00  1.045572e+01  1.577634e+01  2.899478e+01 
 4.606029e+00  4.500673e+00  1.019583e+01  1.536824e+01  2.825020e+01 
 4.670234e+00  4.404324e+00  9.939607e+00  1.497588e+01  2.752478e+01 
 4.735335e+00  4.310586e+00  9.690934e+00  1.458811e+01  2.681338e+01 
 4.801343e+00  4.219316e+00  9.448832e+00  1.421128e+01  2.611585e+01 
 4.868271e+00  4.127208e+00  9.208365e+00  1.384009e+01  2.543628e+01 
 4.936132e+00  4.036953e+00  8.972623e+00  1.347683e+01  2.477116e+01 
 5.004939e+00  3.947127e+00  8.742635e+00  1.312263e+01  2.411929e+01 
 5.074705e+00  3.858425e+00  8.517464e+00  1.277475e+01  2.348558e+01 
 5.145444e+00  3.772646e+00  8.297326e+00  1.243615e+01  2.286523e+01 
 5.217169e+00  3.686683e+00  8.081389e+00  1.210697e+01  2.225697e+01 
 5.289893e+00  3.604420e+00  7.872500e+00  1.178949e+01  2.167300e+01 
 5.363631e+00  3.521745e+00  7.668598e+00  1.147570e+01  2.109992e+01 
 5.438397e+00  3.442207e+00  7.469508e+00  1.117367e+01  2.054157e+01 
 5.514206e+00  3.364024e+00  7.276804e+00  1.087945e+01  2.000224e+01 
 5.591071e+00  3.286664e+00  7.089825e+00  1.059382e+01  1.947684e+01 
 5.669007e+00  3.212759e+00  6.907745e+00  1.031721e+01  1.897054e+01 
 5.748030e+00  3.139536e+00  6.730418e+00  1.004706e+01  1.847276e+01 
 5.828155e+00  3.067947e+00  6.558227e+00  9.785900e+00  1.799103e+01 
 5.909396e+00  2.997817e+00  6.390153e+00  9.531182e+00  1.752353e+01 
 5.991770e+00  2.928745e+00  6.225794e+00  9.281358e+00  1.706663e+01 
 6.075292e+00  2.860962e+00  6.065587e+00  9.038819e+00  1.661561e+01 
 6.159978e+00  2.794057e+00  5.907765e+00  8.800755e+00  1.617803e+01 
 6.245845e+00  2.728497e+00  5.753958e+00  8.568576e+00  1.574927e+01 
 6.332908e+00  2.663727e+00  5.603120e+00  8.340744e+00  1.532861e+01 
 6.421186e+00  2.600561e+00  5.456603e+00  8.118621e+00  1.491930e+01 
 6.510694e+00  2.538405e+00  5.313491e+00  7.903030e+00  1.452140e+01 
 6.601449e+00  2.478120e+00  5.174531e+00  7.693170e+00  1.413317e+01 
 6.693470e+00  2.418571e+00  5.038926e+00  7.488415e+00  1.375535e+01 
 6.786773e+00  2.360933e+00  4.907177e+00  7.289611e+00  1.338961e+01 
 6.881377e+00  2.304824e+00  4.779615e+00  7.167232e+00  1.303263e+01 
 6.977300e+00  2.249915e+00  4.655871e+00  6.911288e+00  1.268655e+01 
 7.074559e+00  2.196801e+00  4.535411e+00  6.729339e+00  1.234990e+01 
 7.173175e+00  2.144608e+00  4.418720e+00  6.552925e+00  1.202389e+01 
 7.273165e+00  2.094057e+00  4.305133e+00  6.382179e+00  1.170683e+01 
 7.374549e+00  2.044297e+00  4.194238e+00  6.215298e+00  1.139853e+01 
 7.477346e+00  1.995610e+00  4.086425e+00  6.053364e+00  1.109627e+01 
 7.581576e+00  1.948101e+00  3.980442e+00  5.893941e+00  1.080112e+01 
 7.687260e+00  1.901218e+00  3.877229e+00  5.738472e+00  1.051285e+01 
 7.794416e+00  1.855317e+00  3.776396e+00  5.585778e+00  1.023006e+01 
 7.903066e+00  1.810434e+00  3.677136e+00  5.436712e+00  9.953455e+00 
 8.013230e+00  1.766437e+00  3.581131e+00  5.292363e+00  9.684661e+00 
 8.124930e+00  1.723408e+00  3.487277e+00  5.151280e+00  9.422111e+00 
 8.238187e+00  1.681657e+00  3.395931e+00  5.013699e+00  9.166539e+00 
 8.353023e+00  1.640785e+00  3.307169e+00  4.880063e+00  8.917878e+00 
 8.469460e+00  1.601138e+00  3.221101e+00  4.750640e+00  8.676898e+00 
 8.587519e+00  1.562635e+00  3.137364e+00  4.624634e+00  8.442610e+00 
 8.707225e+00  1.525139e+00  3.056075e+00  4.502685e+00  8.215401e+00 
 8.828599e+00  1.488735e+00  2.977518e+00  4.384451e+00  7.994554e+00 
 8.951665e+00  1.453179e+00  2.901299e+00  4.269317e+00  7.780897e+00 
 9.076446e+00  1.418792e+00  2.827042e+00  4.157837e+00  7.572959e+00 
 9.202967e+00  1.385154e+00  2.754812e+00  4.049478e+00  7.370500e+00 
 9.331251e+00  1.352274e+00  2.684330e+00  3.943397e+00  7.173157e+00 
 9.461324e+00  0.000000e+00  0.000000e+00  0.000000e+00  0.000000e+00 
 9.593209e+00  0.000000e+00  0.000000e+00  0.000000e+00  0.000000e+00 
 9.726934e+00  0.000000e+00  0.000000e+00  0.000000e+00  0.000000e+00 
 9.862522e+00  0.000000e+00  0.000000e+00  0.000000e+00  0.000000e+00 
 1.000000e+01  0.000000e+00  0.000000e+00  0.000000e+00  0.000000e+00 
