 1.000000e-02  5.670296e+03  1.031753e+04  1.393443e+04  2.071488e+04 
 1.013939e-02  5.699113e+03  1.036970e+04  1.400481e+04  2.081900e+04 
 1.028073e-02  5.727443e+03  1.042096e+04  1.407406e+04  2.092135e+04 
 1.042404e-02  5.755249e+03  1.047132e+04  1.414197e+04  2.102176e+04 
 1.056935e-02  5.782512e+03  1.052076e+04  1.420839e+04  2.112011e+04 
 1.071668e-02  5.809196e+03  1.056916e+04  1.427336e+04  2.121633e+04 
 1.086606e-02  5.835209e+03  1.061629e+04  1.433679e+04  2.131012e+04 
 1.101753e-02  5.860590e+03  1.066218e+04  1.439871e+04  2.140158e+04 
 1.117111e-02  5.885413e+03  1.070706e+04  1.445925e+04  2.149097e+04 
 1.132683e-02  5.909646e+03  1.075089e+04  1.451821e+04  2.157819e+04 
 1.148472e-02  5.933245e+03  1.079358e+04  1.457554e+04  2.166302e+04 
 1.164481e-02  5.956200e+03  1.083512e+04  1.463137e+04  2.174545e+04 
 1.180713e-02  5.978459e+03  1.087540e+04  1.468550e+04  2.182530e+04 
 1.197171e-02  5.999987e+03  1.091430e+04  1.473780e+04  2.190252e+04 
 1.213859e-02  6.020789e+03  1.095187e+04  1.478832e+04  2.197710e+04 
 1.230780e-02  6.040848e+03  1.098810e+04  1.483706e+04  2.204900e+04 
 1.247936e-02  6.060140e+03  1.102292e+04  1.488396e+04  2.211808e+04 
 1.265332e-02  6.078633e+03  1.105630e+04  1.492889e+04  2.218421e+04 
 1.282970e-02  6.096319e+03  1.108820e+04  1.497171e+04  2.224725e+04 
 1.300854e-02  6.113174e+03  1.111859e+04  1.501240e+04  2.230722e+04 
 1.318987e-02  6.129206e+03  1.114747e+04  1.505109e+04  2.236421e+04 
 1.337373e-02  6.144401e+03  1.117482e+04  1.508775e+04  2.241819e+04 
 1.356015e-02  6.158707e+03  1.120054e+04  1.512230e+04  2.246891e+04 
 1.374917e-02  6.172084e+03  1.122457e+04  1.515451e+04  2.251628e+04 
 1.394083e-02  6.184507e+03  1.124690e+04  1.518435e+04  2.256004e+04 
 1.413516e-02  6.195977e+03  1.126746e+04  1.521183e+04  2.260028e+04 
 1.433219e-02  6.206483e+03  1.128624e+04  1.523693e+04  2.263697e+04 
 1.453198e-02  6.215992e+03  1.130322e+04  1.525959e+04  2.266995e+04 
 1.473454e-02  6.224476e+03  1.131833e+04  1.527983e+04  2.269926e+04 
 1.493993e-02  6.231939e+03  1.133161e+04  1.529756e+04  2.272484e+04 
 1.514819e-02  6.238379e+03  1.134303e+04  1.531276e+04  2.274682e+04 
 1.535935e-02  6.243769e+03  1.135255e+04  1.532531e+04  2.276504e+04 
 1.557345e-02  6.248068e+03  1.136008e+04  1.533514e+04  2.277923e+04 
 1.579053e-02  6.251245e+03  1.136556e+04  1.534221e+04  2.278924e+04 
 1.601064e-02  6.253301e+03  1.136898e+04  1.534655e+04  2.279517e+04 
 1.623382e-02  6.254211e+03  1.137033e+04  1.534824e+04  2.279699e+04 
 1.646012e-02  6.253971e+03  1.136960e+04  1.534717e+04  2.279460e+04 
 1.668956e-02  6.252580e+03  1.136677e+04  1.534312e+04  2.278800e+04 
 1.692220e-02  6.250026e+03  1.136179e+04  1.533607e+04  2.277711e+04 
 1.715809e-02  6.246252e+03  1.135462e+04  1.532603e+04  2.276171e+04 
 1.739726e-02  6.241240e+03  1.134520e+04  1.531302e+04  2.274187e+04 
 1.763977e-02  6.234995e+03  1.133354e+04  1.529702e+04  2.271751e+04 
 1.788566e-02  6.227507e+03  1.131960e+04  1.527796e+04  2.268848e+04 
 1.813498e-02  6.218773e+03  1.130339e+04  1.525581e+04  2.265491e+04 
 1.838777e-02  6.208796e+03  1.128492e+04  1.523061e+04  2.261690e+04 
 1.864409e-02  6.197536e+03  1.126413e+04  1.520229e+04  2.257432e+04 
 1.890397e-02  6.184987e+03  1.124098e+04  1.517079e+04  2.252698e+04 
 1.916748e-02  6.171160e+03  1.121552e+04  1.513613e+04  2.247489e+04 
 1.943467e-02  6.156036e+03  1.118767e+04  1.509828e+04  2.241800e+04 
 1.970558e-02  6.139561e+03  1.115739e+04  1.505714e+04  2.235623e+04 
 1.998026e-02  6.121756e+03  1.112471e+04  1.501275e+04  2.228975e+04 
 2.025878e-02  6.102651e+03  1.108965e+04  1.496516e+04  2.221861e+04 
 2.054117e-02  6.082245e+03  1.105221e+04  1.491437e+04  2.214270e+04 
 2.082751e-02  6.060523e+03  1.101237e+04  1.486034e+04  2.206193e+04 
 2.111783e-02  6.037489e+03  1.097016e+04  1.480310e+04  2.197626e+04 
 2.141220e-02  6.013213e+03  1.092565e+04  1.474272e+04  2.188581e+04 
 2.171068e-02  5.988158e+03  1.087950e+04  1.467985e+04  2.179106e+04 
 2.201331e-02  5.961813e+03  1.083097e+04  1.461382e+04  2.169173e+04 
 2.232016e-02  5.934172e+03  1.078010e+04  1.454460e+04  2.158772e+04 
 2.263130e-02  5.905224e+03  1.072686e+04  1.447222e+04  2.147896e+04 
 2.294676e-02  5.874997e+03  1.067132e+04  1.439668e+04  2.136553e+04 
 2.326663e-02  5.843511e+03  1.061348e+04  1.431804e+04  2.124750e+04 
 2.359095e-02  5.810774e+03  1.055335e+04  1.423637e+04  2.112495e+04 
 2.391980e-02  5.776812e+03  1.049100e+04  1.415166e+04  2.099796e+04 
 2.425323e-02  5.741639e+03  1.042645e+04  1.406401e+04  2.086653e+04 
 2.459130e-02  5.705273e+03  1.035973e+04  1.397342e+04  2.073074e+04 
 2.493409e-02  5.667734e+03  1.029089e+04  1.387997e+04  2.059071e+04 
 2.528166e-02  5.629037e+03  1.021996e+04  1.378368e+04  2.044651e+04 
 2.563407e-02  5.589224e+03  1.014700e+04  1.368467e+04  2.029829e+04 
 2.599140e-02  5.548335e+03  1.007207e+04  1.358302e+04  2.014615e+04 
 2.635371e-02  5.506380e+03  9.995215e+03  1.347879e+04  1.999018e+04 
 2.672106e-02  5.463391e+03  9.916479e+03  1.337203e+04  1.983045e+04 
 2.709354e-02  5.419397e+03  9.835932e+03  1.326283e+04  1.966713e+04 
 2.747121e-02  5.374462e+03  9.753694e+03  1.315132e+04  1.950036e+04 
 2.785414e-02  5.328553e+03  9.669707e+03  1.303751e+04  1.933025e+04 
 2.824241e-02  5.281437e+03  9.583644e+03  1.292097e+04  1.915637e+04 
 2.863610e-02  5.233485e+03  9.496077e+03  1.280243e+04  1.897953e+04 
 2.903527e-02  5.184757e+03  9.407102e+03  1.268198e+04  1.879989e+04 
 2.944000e-02  5.135308e+03  9.316815e+03  1.255977e+04  1.861764e+04 
 2.985038e-02  5.085183e+03  9.225304e+03  1.243593e+04  1.843292e+04 
 3.026648e-02  5.034424e+03  9.132648e+03  1.231056e+04  1.824596e+04 
 3.068838e-02  4.983094e+03  9.038956e+03  1.218378e+04  1.805694e+04 
 3.111616e-02  4.931251e+03  8.944346e+03  1.205577e+04  1.786612e+04 
 3.154990e-02  4.878963e+03  8.848929e+03  1.192667e+04  1.767370e+04 
 3.198969e-02  4.826293e+03  8.752827e+03  1.179666e+04  1.747994e+04 
 3.243561e-02  4.773289e+03  8.656122e+03  1.166583e+04  1.728495e+04 
 3.288774e-02  4.719996e+03  8.558913e+03  1.153431e+04  1.708898e+04 
 3.334618e-02  4.666492e+03  8.461313e+03  1.140231e+04  1.689227e+04 
 3.381101e-02  4.612844e+03  8.363466e+03  1.126998e+04  1.669507e+04 
 3.428231e-02  4.559119e+03  8.265478e+03  1.113748e+04  1.649759e+04 
 3.476019e-02  4.505217e+03  8.167505e+03  1.100535e+04  1.630177e+04 
 3.524473e-02  4.451349e+03  8.069619e+03  1.087334e+04  1.610615e+04 
 3.573602e-02  4.397597e+03  7.971954e+03  1.074161e+04  1.591094e+04 
 3.623416e-02  4.344041e+03  7.874625e+03  1.061035e+04  1.571643e+04 
 3.673925e-02  4.290731e+03  7.777755e+03  1.047970e+04  1.552283e+04 
 3.725137e-02  4.237726e+03  7.681445e+03  1.034981e+04  1.533033e+04 
 3.777064e-02  4.185089e+03  7.585807e+03  1.022081e+04  1.513915e+04 
 3.829714e-02  4.132878e+03  7.490940e+03  1.009286e+04  1.494950e+04 
 3.883098e-02  4.081158e+03  7.396960e+03  9.966111e+03  1.476164e+04 
 3.937226e-02  4.029986e+03  7.303972e+03  9.840718e+03  1.457574e+04 
 3.992109e-02  3.979420e+03  7.212084e+03  9.716799e+03  1.439206e+04 
 4.047757e-02  3.929492e+03  7.121343e+03  9.594365e+03  1.421046e+04 
 4.104181e-02  3.880022e+03  7.030775e+03  9.471460e+03  1.402621e+04 
 4.161391e-02  3.831308e+03  6.941588e+03  9.350446e+03  1.384471e+04 
 4.219398e-02  3.783394e+03  6.853854e+03  9.231396e+03  1.366614e+04 
 4.278214e-02  3.736317e+03  6.767638e+03  9.114408e+03  1.349066e+04 
 4.337850e-02  3.690114e+03  6.683010e+03  8.999555e+03  1.331836e+04 
 4.398317e-02  3.644814e+03  6.600044e+03  8.886936e+03  1.314936e+04 
 4.459628e-02  3.600439e+03  6.518779e+03  8.776602e+03  1.298380e+04 
 4.521792e-02  3.557021e+03  6.439254e+03  8.668623e+03  1.282172e+04 
 4.584824e-02  3.514572e+03  6.361500e+03  8.563034e+03  1.266318e+04 
 4.648734e-02  3.473101e+03  6.285530e+03  8.459853e+03  1.250821e+04 
 4.713535e-02  3.432848e+03  6.212577e+03  8.361637e+03  1.236292e+04 
 4.779239e-02  3.393712e+03  6.142150e+03  8.267326e+03  1.222485e+04 
 4.845859e-02  3.355537e+03  6.073473e+03  8.175364e+03  1.209023e+04 
 4.913407e-02  3.318308e+03  6.006523e+03  8.085718e+03  1.195902e+04 
 4.981898e-02  3.282017e+03  5.941263e+03  7.998344e+03  1.183115e+04 
 5.051342e-02  3.246641e+03  5.877640e+03  7.913197e+03  1.170653e+04 
 5.121755e-02  3.212150e+03  5.815598e+03  7.830172e+03  1.158503e+04 
 5.193150e-02  3.178489e+03  5.755063e+03  7.749157e+03  1.146651e+04 
 5.265540e-02  3.145604e+03  5.695944e+03  7.670037e+03  1.135079e+04 
 5.338938e-02  3.113178e+03  5.637176e+03  7.590871e+03  1.123368e+04 
 5.413360e-02  3.081101e+03  5.578469e+03  7.511185e+03  1.111422e+04 
 5.488820e-02  3.049643e+03  5.520879e+03  7.433020e+03  1.099702e+04 
 5.565331e-02  3.018754e+03  5.464318e+03  7.356247e+03  1.088186e+04 
 5.642908e-02  2.988289e+03  5.408526e+03  7.280515e+03  1.076827e+04 
 5.721568e-02  2.958057e+03  5.353161e+03  7.205365e+03  1.065553e+04 
 5.801323e-02  2.928035e+03  5.298174e+03  7.130738e+03  1.054361e+04 
 5.882190e-02  2.898504e+03  5.244090e+03  7.057321e+03  1.043351e+04 
 5.964185e-02  2.869911e+03  5.192079e+03  6.987070e+03  1.032914e+04 
 6.047322e-02  2.842186e+03  5.142695e+03  6.921430e+03  1.023449e+04 
 6.131619e-02  2.813943e+03  5.092370e+03  6.854521e+03  1.013796e+04 
 6.217090e-02  2.784866e+03  5.040526e+03  6.785585e+03  1.003838e+04 
 6.303753e-02  2.755114e+03  4.987443e+03  6.714977e+03  9.936328e+03 
 6.391624e-02  2.724873e+03  4.933470e+03  6.643170e+03  9.832483e+03 
 6.480720e-02  2.694230e+03  4.878749e+03  6.570346e+03  9.727113e+03 
 6.571058e-02  2.663035e+03  4.823020e+03  6.496148e+03  9.619693e+03 
 6.662655e-02  2.629855e+03  4.761690e+03  6.412286e+03  9.492100e+03 
 6.755528e-02  2.595770e+03  4.698685e+03  6.326112e+03  9.360941e+03 
 6.849697e-02  2.560777e+03  4.634052e+03  6.237768e+03  9.226616e+03 
 6.945178e-02  2.524853e+03  4.567739e+03  6.147177e+03  9.089038e+03 
 7.041990e-02  2.487975e+03  4.499693e+03  6.054274e+03  8.948097e+03 
 7.140151e-02  2.450112e+03  4.429876e+03  5.959014e+03  8.803730e+03 
 7.239681e-02  2.411509e+03  4.359040e+03  5.862750e+03  8.659090e+03 
 7.340598e-02  2.372214e+03  4.287326e+03  5.765744e+03  8.514780e+03 
 7.442922e-02  2.331924e+03  4.213830e+03  5.666348e+03  8.366951e+03 
 7.546673e-02  2.290674e+03  4.138620e+03  5.564652e+03  8.215739e+03 
 7.651869e-02  2.248527e+03  4.061808e+03  5.460815e+03  8.061388e+03 
 7.758532e-02  2.205572e+03  3.983532e+03  5.355038e+03  7.904184e+03 
 7.866682e-02  2.162804e+03  3.906816e+03  5.252571e+03  7.754845e+03 
 7.976339e-02  2.120888e+03  3.833597e+03  5.156735e+03  7.620075e+03 
 8.087525e-02  2.078422e+03  3.759335e+03  5.059412e+03  7.482906e+03 
 8.200261e-02  2.035547e+03  3.684276e+03  4.960940e+03  7.343829e+03 
 8.314568e-02  1.992436e+03  3.608703e+03  4.861695e+03  7.203396e+03 
 8.430468e-02  1.949259e+03  3.532922e+03  4.762096e+03  7.062207e+03 
 8.547985e-02  1.905190e+03  3.454036e+03  4.656918e+03  6.909394e+03 
 8.667139e-02  1.860974e+03  3.374192e+03  4.549778e+03  6.752094e+03 
 8.787954e-02  1.817272e+03  3.295270e+03  4.443857e+03  6.596548e+03 
 8.910453e-02  1.774268e+03  3.217611e+03  4.339626e+03  6.443441e+03 
 9.034660e-02  1.732146e+03  3.141534e+03  4.237526e+03  6.293410e+03 
 9.160598e-02  1.691734e+03  3.069444e+03  4.141591e+03  6.154274e+03 
 9.288292e-02  1.653120e+03  3.001398e+03  4.051792e+03  6.025779e+03 
 9.417766e-02  1.615824e+03  2.935676e+03  3.965057e+03  5.901663e+03 
 9.549045e-02  1.579984e+03  2.872537e+03  3.881737e+03  5.782456e+03 
 9.682153e-02  1.545701e+03  2.812178e+03  3.802099e+03  5.668560e+03 
 9.817117e-02  1.513314e+03  2.755583e+03  3.727834e+03  5.563300e+03 
 9.953962e-02  1.482730e+03  2.702339e+03  3.658147e+03  5.465002e+03 
 1.009272e-01  1.453898e+03  2.652216e+03  3.592608e+03  5.372741e+03 
 1.023340e-01  1.426818e+03  2.605236e+03  3.531258e+03  5.286562e+03 
 1.037605e-01  1.400778e+03  2.559291e+03  3.470521e+03  5.199506e+03 
 1.052069e-01  1.373818e+03  2.508546e+03  3.400521e+03  5.092377e+03 
 1.066734e-01  1.348521e+03  2.460877e+03  3.334695e+03  4.991557e+03 
 1.081604e-01  1.324781e+03  2.416079e+03  3.272786e+03  4.896642e+03 
 1.096681e-01  1.302467e+03  2.373909e+03  3.214479e+03  4.807149e+03 
 1.111968e-01  1.281908e+03  2.335536e+03  3.161677e+03  4.726196e+03 
 1.127468e-01  1.262409e+03  2.299153e+03  3.111564e+03  4.649332e+03 
 1.143184e-01  1.243725e+03  2.264273e+03  3.063508e+03  4.575570e+03 
 1.159120e-01  1.225633e+03  2.230493e+03  3.016980e+03  4.504095e+03 
 1.175277e-01  1.209110e+03  2.200849e+03  2.977135e+03  4.444848e+03 
 1.191660e-01  1.192812e+03  2.171722e+03  2.938058e+03  4.386960e+03 
 1.208271e-01  1.176385e+03  2.142358e+03  2.898639e+03  4.328593e+03 
 1.225114e-01  1.159581e+03  2.112312e+03  2.858339e+03  4.269006e+03 
 1.242191e-01  1.141985e+03  2.080776e+03  2.816237e+03  4.207864e+03 
 1.259506e-01  1.123684e+03  2.047916e+03  2.772330e+03  4.144041e+03 
 1.277063e-01  1.104532e+03  2.013485e+03  2.726284e+03  4.077014e+03 
 1.294865e-01  1.084781e+03  1.978183e+03  2.679071e+03  4.007874e+03 
 1.312915e-01  1.064443e+03  1.942033e+03  2.630708e+03  3.936647e+03 
 1.331216e-01  1.043078e+03  1.903961e+03  2.579737e+03  3.861503e+03 
 1.349772e-01  1.020749e+03  1.864120e+03  2.526451e+03  3.782946e+03 
 1.368587e-01  9.986698e+02  1.826691e+03  2.478610e+03  3.718869e+03 
 1.387665e-01  9.757907e+02  1.787703e+03  2.428518e+03  3.651213e+03 
 1.407008e-01  9.523106e+02  1.747479e+03  2.376667e+03  3.580603e+03 
 1.426621e-01  9.291516e+02  1.707851e+03  2.325183e+03  3.508354e+03 
 1.446507e-01  9.060362e+02  1.668222e+03  2.273468e+03  3.434931e+03 
 1.466671e-01  8.830040e+02  1.628615e+03  2.221660e+03  3.361172e+03 
 1.487115e-01  8.580046e+02  1.583224e+03  2.160536e+03  3.271158e+03 
 1.507845e-01  8.321357e+02  1.534795e+03  2.094324e+03  3.171971e+03 
 1.528864e-01  8.072602e+02  1.488214e+03  2.030626e+03  3.076517e+03 
 1.550175e-01  7.854552e+02  1.449217e+03  1.978691e+03  3.001435e+03 
 1.571784e-01  7.662579e+02  1.416295e+03  1.936014e+03  2.942046e+03 
 1.593694e-01  7.483943e+02  1.385727e+03  1.896444e+03  2.887127e+03 
 1.615909e-01  7.324433e+02  1.358905e+03  1.862000e+03  2.839725e+03 
 1.638434e-01  7.181232e+02  1.335137e+03  1.831709e+03  2.798426e+03 
 1.661273e-01  7.051521e+02  1.313789e+03  1.804658e+03  2.761860e+03 
 1.684430e-01  6.901508e+02  1.286005e+03  1.767097e+03  2.707125e+03 
 1.707910e-01  6.759199e+02  1.259326e+03  1.730847e+03  2.654008e+03 
 1.731717e-01  6.632783e+02  1.236064e+03  1.699522e+03  2.608433e+03 
 1.755856e-01  6.538562e+02  1.220634e+03  1.679863e+03  2.581046e+03 
 1.780332e-01  6.448512e+02  1.205941e+03  1.661176e+03  2.555091e+03 
 1.805149e-01  6.343074e+02  1.186295e+03  1.633980e+03  2.512868e+03 
 1.830312e-01  6.226923e+02  1.163424e+03  1.601356e+03  2.460465e+03 
 1.855825e-01  6.109204e+02  1.140597e+03  1.569153e+03  2.409587e+03 
 1.881694e-01  5.994025e+02  1.120122e+03  1.542277e+03  2.371735e+03 
 1.907924e-01  5.872752e+02  1.098489e+03  1.513781e+03  2.331312e+03 
 1.934520e-01  5.739924e+02  1.074513e+03  1.482160e+03  2.287281e+03 
 1.961486e-01  5.598918e+02  1.048928e+03  1.448326e+03  2.240128e+03 
 1.988828e-01  5.463844e+02  1.025069e+03  1.416969e+03  2.196073e+03 
 2.016551e-01  5.341061e+02  1.004387e+03  1.390160e+03  2.158067e+03 
 2.044661e-01  5.212419e+02  9.822205e+02  1.360997e+03  2.115988e+03 
 2.073162e-01  5.069968e+02  9.555736e+02  1.324198e+03  2.059797e+03 
 2.102061e-01  4.928766e+02  9.291486e+02  1.287696e+03  2.004033e+03 
 2.131362e-01  4.828447e+02  9.145669e+02  1.270391e+03  1.981205e+03 
 2.161073e-01  4.734430e+02  9.012397e+02  1.254857e+03  1.961142e+03 
 2.191197e-01  4.613117e+02  8.802373e+02  1.227800e+03  1.924821e+03 
 2.221741e-01  4.492584e+02  8.587639e+02  1.199824e+03  1.887249e+03 
 2.252711e-01  4.386890e+02  8.406401e+02  1.176752e+03  1.856732e+03 
 2.284112e-01  4.291890e+02  8.246728e+02  1.156710e+03  1.830617e+03 
 2.315951e-01  4.210298e+02  8.103217e+02  1.137379e+03  1.801075e+03 
 2.348235e-01  4.137484e+02  7.973025e+02  1.119360e+03  1.772022e+03 
 2.380968e-01  4.050109e+02  7.804023e+02  1.095809e+03  1.736289e+03 
 2.414157e-01  3.961110e+02  7.629244e+02  1.071424e+03  1.699739e+03 
 2.447809e-01  3.871397e+02  7.460586e+02  1.048578e+03  1.665763e+03 
 2.481930e-01  3.782699e+02  7.295236e+02  1.026263e+03  1.632566e+03 
 2.516527e-01  3.728394e+02  7.209476e+02  1.015134e+03  1.616065e+03 
 2.551606e-01  3.660748e+02  7.093411e+02  9.997297e+02  1.593432e+03 
 2.587174e-01  3.558445e+02  6.896933e+02  9.730122e+02  1.554985e+03 
 2.623238e-01  3.471352e+02  6.740618e+02  9.522586e+02  1.525501e+03 
 2.659804e-01  3.401600e+02  6.629266e+02  9.381638e+02  1.506052e+03 
 2.696881e-01  3.310364e+02  6.464852e+02  9.161408e+02  1.473173e+03 
 2.734474e-01  3.214602e+02  6.288358e+02  8.922953e+02  1.437217e+03 
 2.772591e-01  3.143433e+02  6.172072e+02  8.778868e+02  1.418863e+03 
 2.811239e-01  3.070269e+02  6.045590e+02  8.619387e+02  1.399315e+03 
 2.850426e-01  2.994523e+02  5.905841e+02  8.440252e+02  1.378481e+03 
 2.890160e-01  2.927816e+02  5.793073e+02  8.295368e+02  1.357739e+03 
 2.930447e-01  2.866473e+02  5.687164e+02  8.152689e+02  1.335172e+03 
 2.971296e-01  2.808302e+02  5.570342e+02  7.974953e+02  1.304327e+03 
 3.012714e-01  2.756350e+02  5.482351e+02  7.859410e+02  1.287395e+03 
 3.054710e-01  2.704165e+02  5.398447e+02  7.757551e+02  1.274441e+03 
 3.097291e-01  2.639403e+02  5.282409e+02  7.608341e+02  1.254825e+03 
 3.140465e-01  2.579081e+02  5.163348e+02  7.437994e+02  1.226958e+03 
 3.184242e-01  2.524315e+02  5.056769e+02  7.285219e+02  1.201831e+03 
 3.228628e-01  2.480534e+02  4.986824e+02  7.199875e+02  1.191888e+03 
 3.273634e-01  2.417735e+02  4.862872e+02  7.023085e+02  1.163799e+03 
 3.319266e-01  2.352843e+02  4.739103e+02  6.853377e+02  1.138501e+03 
 3.365535e-01  2.291742e+02  4.631994e+02  6.717113e+02  1.120573e+03 
 3.412449e-01  2.250457e+02  4.577043e+02  6.650206e+02  1.109434e+03 
 3.460016e-01  2.205772e+02  4.504085e+02  6.556114e+02  1.096172e+03 
 3.508247e-01  2.162646e+02  4.427055e+02  6.453442e+02  1.081269e+03 
 3.557150e-01  2.121327e+02  4.350197e+02  6.349314e+02  1.065345e+03 
 3.606735e-01  2.073755e+02  4.266048e+02  6.239918e+02  1.050114e+03 
 3.657011e-01  2.016406e+02  4.158676e+02  6.095141e+02  1.030753e+03 
 3.707988e-01  1.970697e+02  4.072667e+02  5.979374e+02  1.013861e+03 
 3.759675e-01  1.928543e+02  3.993602e+02  5.872100e+02  9.980556e+02 
 3.812083e-01  1.884430e+02  3.915084e+02  5.766667e+02  9.829279e+02 
 3.865221e-01  1.846726e+02  3.860948e+02  5.702731e+02  9.716412e+02 
 3.919100e-01  1.807369e+02  3.769998e+02  5.566697e+02  9.537626e+02 
 3.973730e-01  1.763112e+02  3.697867e+02  5.476266e+02  9.390833e+02 
 4.029122e-01  1.728317e+02  3.643001e+02  5.398798e+02  9.245939e+02 
 4.085286e-01  1.692872e+02  3.566969e+02  5.291007e+02  9.094402e+02 
 4.142232e-01  1.650313e+02  3.481128e+02  5.179529e+02  8.959925e+02 
 4.199973e-01  1.609838e+02  3.412622e+02  5.093401e+02  8.832862e+02 
 4.258518e-01  1.578137e+02  3.353877e+02  5.009506e+02  8.686113e+02 
 4.317880e-01  1.544532e+02  3.287669e+02  4.911973e+02  8.540845e+02 
 4.378069e-01  1.514926e+02  3.229548e+02  4.829234e+02  8.403738e+02 
 4.439097e-01  1.490253e+02  3.192465e+02  4.786246e+02  8.369670e+02 
 4.500975e-01  1.450339e+02  3.119134e+02  4.686061e+02  8.221909e+02 
 4.563716e-01  1.416144e+02  3.049307e+02  4.584642e+02  8.039949e+02 
 4.627332e-01  1.394745e+02  3.020379e+02  4.554126e+02  8.011112e+02 
 4.691835e-01  1.359322e+02  2.950387e+02  4.453226e+02  7.840670e+02 
 4.757236e-01  1.333792e+02  2.900759e+02  4.386097e+02  7.739410e+02 
 4.823549e-01  1.299421e+02  2.830613e+02  4.288614e+02  7.612395e+02 
 4.890787e-01  1.272424e+02  2.778819e+02  4.218511e+02  7.501127e+02 
 4.958962e-01  1.252584e+02  2.739986e+02  4.157526e+02  7.388377e+02 
 5.028087e-01  1.225892e+02  2.694177e+02  4.096047e+02  7.300358e+02 
 5.098176e-01  1.203924e+02  2.654067e+02  4.036697e+02  7.180844e+02 
 5.169242e-01  1.183548e+02  2.615908e+02  3.986129e+02  7.113329e+02 
 5.241298e-01  1.145465e+02  2.552362e+02  3.909176e+02  7.020171e+02 
 5.314359e-01  1.125932e+02  2.521933e+02  3.866198e+02  6.950302e+02 
 5.388438e-01  1.102632e+02  2.469126e+02  3.788070e+02  6.834072e+02 
 5.463550e-01  1.083505e+02  2.431323e+02  3.731209e+02  6.740298e+02 
 5.539709e-01  1.055443e+02  2.383157e+02  3.670041e+02  6.643595e+02 
 5.616930e-01  1.037351e+02  2.347916e+02  3.620096e+02  6.567496e+02 
 5.695227e-01  1.017633e+02  2.316940e+02  3.581488e+02  6.480029e+02 
 5.774615e-01  9.948503e+01  2.264266e+02  3.504526e+02  6.373306e+02 
 5.855110e-01  9.774909e+01  2.231609e+02  3.453349e+02  6.287487e+02 
 5.936727e-01  9.554391e+01  2.180154e+02  3.383398e+02  6.184434e+02 
 6.019482e-01  9.398972e+01  2.156585e+02  3.343451e+02  6.110403e+02 
 6.103390e-01  9.182302e+01  2.120170e+02  3.295686e+02  6.021289e+02 
 6.188468e-01  8.982338e+01  2.088694e+02  3.269393e+02  6.002715e+02 
 6.274732e-01  8.838759e+01  2.050584e+02  3.204268e+02  5.901197e+02 
 6.362198e-01  8.668907e+01  2.020539e+02  3.159029e+02  5.812550e+02 
 6.450884e-01  8.471785e+01  1.985997e+02  3.110870e+02  5.727023e+02 
 6.540806e-01  8.299549e+01  1.944755e+02  3.049004e+02  5.640778e+02 
 6.631981e-01  8.123560e+01  1.918096e+02  3.020338e+02  5.584567e+02 
 6.724427e-01  7.973891e+01  1.885841e+02  2.976388e+02  5.532610e+02 
 6.818162e-01  7.808075e+01  1.852545e+02  2.916562e+02  5.424971e+02 
 6.913204e-01  7.646515e+01  1.820285e+02  2.875202e+02  5.352413e+02 
 7.009570e-01  7.541720e+01  1.793708e+02  2.836907e+02  5.284867e+02 
 7.107280e-01  7.355371e+01  1.765390e+02  2.795611e+02  5.203482e+02 
 7.206351e-01  7.246329e+01  1.739354e+02  2.761820e+02  5.162268e+02 
 7.306804e-01  7.105573e+01  1.713722e+02  2.718046e+02  5.071286e+02 
 7.408657e-01  6.952424e+01  1.681262e+02  2.671623e+02  5.009285e+02 
 7.511929e-01  6.810164e+01  1.652055e+02  2.634533e+02  4.940551e+02 
 7.616642e-01  6.680580e+01  1.623302e+02  2.594034e+02  4.881907e+02 
 7.722814e-01  6.598699e+01  1.606953e+02  2.564653e+02  4.810250e+02 
 7.830465e-01  6.463582e+01  1.577394e+02  2.523136e+02  4.748661e+02 
 7.939618e-01  6.348975e+01  1.557788e+02  2.491120e+02  4.702695e+02 
 8.050292e-01  6.213680e+01  1.530487e+02  2.459878e+02  4.642623e+02 
 8.162509e-01  6.111844e+01  1.508764e+02  2.419044e+02  4.562494e+02 
 8.276289e-01  5.968127e+01  1.480384e+02  2.382259e+02  4.506804e+02 
 8.391656e-01  5.900054e+01  1.463488e+02  2.349823e+02  4.458874e+02 
 8.508632e-01  5.794688e+01  1.439405e+02  2.318754e+02  4.399488e+02 
 8.627237e-01  5.673374e+01  1.417383e+02  2.285063e+02  4.330870e+02 
 8.747496e-01  5.572882e+01  1.394529e+02  2.252633e+02  4.274071e+02 
 8.869432e-01  5.481361e+01  1.375080e+02  2.222505e+02  4.220214e+02 
 8.993067e-01  5.375481e+01  1.353884e+02  2.189562e+02  4.160506e+02 
 9.118425e-01  5.294237e+01  1.331287e+02  2.153699e+02  4.087624e+02 
 9.245531e-01  5.183615e+01  1.309843e+02  2.120771e+02  4.043165e+02 
 9.374409e-01  5.088877e+01  1.290549e+02  2.094522e+02  3.988843e+02 
 9.505083e-01  5.009235e+01  1.270653e+02  2.064572e+02  3.932563e+02 
 9.637579e-01  4.905192e+01  1.246990e+02  2.029170e+02  3.876635e+02 
 9.771921e-01  4.846228e+01  1.239922e+02  2.008820e+02  3.823677e+02 
 9.908137e-01  4.757012e+01  1.217210e+02  1.977939e+02  3.774537e+02 
 1.004625e+00  4.667633e+01  1.195261e+02  1.944063e+02  3.711412e+02 
 1.018629e+00  4.593297e+01  1.179292e+02  1.917198e+02  3.657356e+02 
 1.032828e+00  4.509264e+01  1.161605e+02  1.893432e+02  3.619133e+02 
 1.047225e+00  4.426150e+01  1.145407e+02  1.863331e+02  3.557100e+02 
 1.061823e+00  4.361664e+01  1.130089e+02  1.838182e+02  3.505809e+02 
 1.076624e+00  4.283205e+01  1.112680e+02  1.811318e+02  3.453240e+02 
 1.091632e+00  4.212781e+01  1.095190e+02  1.785704e+02  3.399482e+02 
 1.106848e+00  4.135752e+01  1.076782e+02  1.758891e+02  3.353835e+02 
 1.122277e+00  4.065921e+01  1.062043e+02  1.730040e+02  3.298769e+02 
 1.137921e+00  3.995184e+01  1.044181e+02  1.704551e+02  3.249239e+02 
 1.153783e+00  3.933647e+01  1.028283e+02  1.678783e+02  3.201842e+02 
 1.169866e+00  3.865158e+01  1.013178e+02  1.653064e+02  3.156976e+02 
 1.186174e+00  3.797601e+01  9.987637e+01  1.628647e+02  3.106044e+02 
 1.202708e+00  3.739207e+01  9.833847e+01  1.604641e+02  3.057875e+02 
 1.219473e+00  3.678223e+01  9.689538e+01  1.581671e+02  3.005868e+02 
 1.236472e+00  3.614916e+01  9.548128e+01  1.558818e+02  2.960949e+02 
 1.253708e+00  3.558581e+01  9.393649e+01  1.532574e+02  2.917824e+02 
 1.271184e+00  3.501065e+01  9.288477e+01  1.513754e+02  2.870311e+02 
 1.288904e+00  3.443487e+01  9.110674e+01  1.487966e+02  2.829021e+02 
 1.306870e+00  3.382547e+01  8.974548e+01  1.464369e+02  2.780477e+02 
 1.325087e+00  3.333208e+01  8.843554e+01  1.442643e+02  2.733232e+02 
 1.343558e+00  3.279395e+01  8.704195e+01  1.419912e+02  2.688389e+02 
 1.362287e+00  3.230008e+01  8.562745e+01  1.395627e+02  2.644294e+02 
 1.381276e+00  3.176784e+01  8.431384e+01  1.371284e+02  2.600572e+02 
 1.400531e+00  3.126334e+01  8.301835e+01  1.350398e+02  2.552933e+02 
 1.420053e+00  3.072847e+01  8.162810e+01  1.329388e+02  2.507781e+02 
 1.439848e+00  3.024799e+01  8.040752e+01  1.306508e+02  2.465746e+02 
 1.459919e+00  2.971909e+01  7.910102e+01  1.284473e+02  2.420186e+02 
 1.480269e+00  2.930280e+01  7.770223e+01  1.262076e+02  2.373449e+02 
 1.500903e+00  2.881533e+01  7.650331e+01  1.240207e+02  2.336374e+02 
 1.521825e+00  2.834767e+01  7.536901e+01  1.220884e+02  2.292635e+02 
 1.543038e+00  2.787885e+01  7.413844e+01  1.201078e+02  2.253481e+02 
 1.564548e+00  2.747018e+01  7.293029e+01  1.180180e+02  2.210838e+02 
 1.586357e+00  2.703378e+01  7.182328e+01  1.160140e+02  2.170414e+02 
 1.608469e+00  2.657959e+01  7.068117e+01  1.140380e+02  2.132638e+02 
 1.630891e+00  2.623245e+01  6.940038e+01  1.118370e+02  2.090006e+02 
 1.653624e+00  2.578091e+01  6.824327e+01  1.100301e+02  2.054162e+02 
 1.676675e+00  2.536963e+01  6.722112e+01  1.081598e+02  2.012960e+02 
 1.700047e+00  2.495275e+01  6.610060e+01  1.061990e+02  1.975743e+02 
 1.723745e+00  2.456687e+01  6.494654e+01  1.042729e+02  1.934976e+02 
 1.747773e+00  2.414656e+01  6.381014e+01  1.023463e+02  1.896453e+02 
 1.772136e+00  2.376499e+01  6.270570e+01  1.004088e+02  1.860663e+02 
 1.796838e+00  2.339778e+01  6.162160e+01  9.856571e+01  1.822763e+02 
 1.821885e+00  2.303828e+01  6.053580e+01  9.667226e+01  1.787377e+02 
 1.847281e+00  2.266156e+01  5.956220e+01  9.496417e+01  1.751411e+02 
 1.873032e+00  2.230268e+01  5.844667e+01  9.301470e+01  1.716859e+02 
 1.899141e+00  2.193205e+01  5.737076e+01  9.130028e+01  1.681383e+02 
 1.925614e+00  2.159714e+01  5.638702e+01  8.957530e+01  1.646061e+02 
 1.952456e+00  2.131135e+01  5.542229e+01  8.787680e+01  1.612134e+02 
 1.979672e+00  2.092284e+01  5.446931e+01  8.618028e+01  1.578878e+02 
 2.007267e+00  2.061511e+01  5.345983e+01  8.441661e+01  1.547499e+02 
 2.035248e+00  2.026018e+01  5.246776e+01  8.273982e+01  1.513513e+02 
 2.063618e+00  1.993187e+01  5.147640e+01  8.110974e+01  1.481311e+02 
 2.092383e+00  1.961693e+01  5.052954e+01  7.945083e+01  1.449931e+02 
 2.121550e+00  1.928597e+01  4.955556e+01  7.782009e+01  1.418142e+02 
 2.151123e+00  1.897459e+01  4.862563e+01  7.617971e+01  1.386432e+02 
 2.181109e+00  1.865968e+01  4.767274e+01  7.462929e+01  1.356503e+02 
 2.211512e+00  1.835100e+01  4.673076e+01  7.301897e+01  1.325579e+02 
 2.242340e+00  1.805258e+01  4.584262e+01  7.150028e+01  1.296186e+02 
 2.273597e+00  1.773192e+01  4.494173e+01  6.992047e+01  1.266740e+02 
 2.305289e+00  1.745425e+01  4.404073e+01  6.845504e+01  1.238331e+02 
 2.337424e+00  1.716084e+01  4.314735e+01  6.697299e+01  1.210022e+02 
 2.370006e+00  1.687243e+01  4.229215e+01  6.553548e+01  1.183745e+02 
 2.403043e+00  1.657813e+01  4.144826e+01  6.407249e+01  1.156275e+02 
 2.436540e+00  1.630666e+01  4.062293e+01  6.268660e+01  1.129650e+02 
 2.470504e+00  1.603362e+01  3.981265e+01  6.130060e+01  1.103626e+02 
 2.504942e+00  1.576195e+01  3.902019e+01  5.996906e+01  1.078618e+02 
 2.539859e+00  1.550560e+01  3.820078e+01  5.861627e+01  1.053116e+02 
 2.575263e+00  1.522631e+01  3.739061e+01  5.735555e+01  1.028934e+02 
 2.611161e+00  1.497173e+01  3.661065e+01  5.600486e+01  1.004590e+02 
 2.647559e+00  1.471086e+01  3.582492e+01  5.470191e+01  9.804287e+01 
 2.684465e+00  1.445089e+01  3.508463e+01  5.342987e+01  9.568788e+01 
 2.721885e+00  1.418387e+01  3.429314e+01  5.220377e+01  9.339062e+01 
 2.759826e+00  1.392936e+01  3.353098e+01  5.096290e+01  9.111679e+01 
 2.798297e+00  1.367972e+01  3.281028e+01  4.977102e+01  8.896401e+01 
 2.837304e+00  1.343369e+01  3.207933e+01  4.858831e+01  8.680142e+01 
 2.876854e+00  1.318826e+01  3.135356e+01  4.743890e+01  8.470812e+01 
 2.916956e+00  1.295006e+01  3.066802e+01  4.630868e+01  8.259705e+01 
 2.957617e+00  1.271694e+01  2.998924e+01  4.522009e+01  8.061273e+01 
 2.998844e+00  1.248257e+01  2.932532e+01  4.413696e+01  7.863183e+01 
 3.040646e+00  1.225469e+01  2.866123e+01  4.307985e+01  7.675637e+01 
 3.083031e+00  1.202913e+01  2.801342e+01  4.204816e+01  7.488761e+01 
 3.126007e+00  1.181129e+01  2.738832e+01  4.103650e+01  7.304812e+01 
 3.169582e+00  1.159061e+01  2.674902e+01  4.002885e+01  7.125869e+01 
 3.213764e+00  1.137194e+01  2.613444e+01  3.905203e+01  6.949930e+01 
 3.258562e+00  1.115133e+01  2.553713e+01  3.808961e+01  6.777430e+01 
 3.303985e+00  1.093562e+01  2.492609e+01  3.714805e+01  6.608585e+01 
 3.350041e+00  1.072556e+01  2.433001e+01  3.621271e+01  6.441594e+01 
 3.396739e+00  1.050943e+01  2.375283e+01  3.531368e+01  6.279804e+01 
 3.444087e+00  1.030505e+01  2.317203e+01  3.441145e+01  6.119206e+01 
 3.492096e+00  1.010121e+01  2.261819e+01  3.355602e+01  5.966844e+01 
 3.540774e+00  9.894767e+00  2.207836e+01  3.271473e+01  5.815240e+01 
 3.590130e+00  9.699057e+00  2.153977e+01  3.187890e+01  5.669865e+01 
 3.640175e+00  9.506521e+00  2.101832e+01  3.108459e+01  5.526250e+01 
 3.690917e+00  9.310699e+00  2.051556e+01  3.028872e+01  5.386997e+01 
 3.742366e+00  9.122552e+00  2.000702e+01  2.952650e+01  5.252931e+01 
 3.794533e+00  8.938544e+00  1.952906e+01  2.878567e+01  5.119916e+01 
 3.847427e+00  8.756637e+00  1.904548e+01  2.806053e+01  4.992837e+01 
 3.901058e+00  8.572871e+00  1.858545e+01  2.735156e+01  4.866483e+01 
 3.955436e+00  8.400566e+00  1.812576e+01  2.665070e+01  4.743035e+01 
 4.010573e+00  8.220385e+00  1.767364e+01  2.597533e+01  4.623613e+01 
 4.066478e+00  8.045988e+00  1.723031e+01  2.530289e+01  4.504418e+01 
 4.123163e+00  7.872067e+00  1.679989e+01  2.464700e+01  4.388621e+01 
 4.180637e+00  7.703994e+00  1.637616e+01  2.400938e+01  4.275096e+01 
 4.238913e+00  7.535803e+00  1.595552e+01  2.338297e+01  4.165604e+01 
 4.298001e+00  7.367485e+00  1.554980e+01  2.277738e+01  4.057597e+01 
 4.357913e+00  7.209014e+00  1.515326e+01  2.218414e+01  3.953459e+01 
 4.418660e+00  7.049124e+00  1.476853e+01  2.160622e+01  3.852023e+01 
 4.480254e+00  6.891265e+00  1.439120e+01  2.104226e+01  3.752742e+01 
 4.542706e+00  6.739267e+00  1.402049e+01  2.049291e+01  3.655944e+01 
 4.606029e+00  6.588657e+00  1.366724e+01  1.996388e+01  3.562821e+01 
 4.670234e+00  6.441391e+00  1.331833e+01  1.945373e+01  3.472205e+01 
 4.735335e+00  6.297348e+00  1.298051e+01  1.895041e+01  3.383355e+01 
 4.801343e+00  6.158249e+00  1.265362e+01  1.846229e+01  3.296484e+01 
 4.868271e+00  6.019107e+00  1.232955e+01  1.798511e+01  3.212039e+01 
 4.936132e+00  5.883020e+00  1.201280e+01  1.751964e+01  3.129621e+01 
 5.004939e+00  5.747718e+00  1.170416e+01  1.706291e+01  3.048464e+01 
 5.074705e+00  5.613350e+00  1.140072e+01  1.661432e+01  2.969631e+01 
 5.145444e+00  5.483159e+00  1.110444e+01  1.617644e+01  2.892434e+01 
 5.217169e+00  5.353220e+00  1.081303e+01  1.575020e+01  2.816175e+01 
 5.289893e+00  5.228254e+00  1.053072e+01  1.533701e+01  2.742481e+01 
 5.363631e+00  5.103573e+00  1.025533e+01  1.492861e+01  2.670587e+01 
 5.438397e+00  4.982695e+00  9.986260e+00  1.453469e+01  2.600224e+01 
 5.514206e+00  4.864087e+00  9.724641e+00  1.415155e+01  2.532194e+01 
 5.591071e+00  4.746861e+00  9.472123e+00  1.377736e+01  2.466046e+01 
 5.669007e+00  4.635054e+00  9.224319e+00  1.341759e+01  2.401672e+01 
 5.748030e+00  4.524280e+00  8.984736e+00  1.306590e+01  2.338852e+01 
 5.828155e+00  4.416695e+00  8.752146e+00  1.272463e+01  2.277940e+01 
 5.909396e+00  4.311566e+00  8.525297e+00  1.239250e+01  2.219015e+01 
 5.991770e+00  4.208406e+00  8.303936e+00  1.206926e+01  2.161296e+01 
 6.075292e+00  4.107885e+00  8.089824e+00  1.175505e+01  2.104994e+01 
 6.159978e+00  4.008937e+00  7.879867e+00  1.144766e+01  2.050180e+01 
 6.245845e+00  3.911712e+00  7.674340e+00  1.114709e+01  1.996180e+01 
 6.332908e+00  3.815670e+00  7.471987e+00  1.085179e+01  1.943435e+01 
 6.421186e+00  3.722314e+00  7.275653e+00  1.056268e+01  1.891759e+01 
 6.510694e+00  3.630189e+00  7.082994e+00  1.028240e+01  1.841348e+01 
 6.601449e+00  3.540704e+00  6.896142e+00  1.000818e+01  1.792297e+01 
 6.693470e+00  3.452803e+00  6.713281e+00  9.740307e+00  1.744336e+01 
 6.786773e+00  3.366961e+00  6.536560e+00  9.480359e+00  1.697683e+01 
 6.881377e+00  3.283733e+00  6.363751e+00  9.228257e+00  1.652254e+01 
 6.977300e+00  3.202510e+00  6.196650e+00  8.984043e+00  1.608260e+01 
 7.074559e+00  3.123611e+00  6.033955e+00  8.745442e+00  1.565389e+01 
 7.173175e+00  3.046496e+00  5.876442e+00  8.514833e+00  1.523872e+01 
 7.273165e+00  2.971840e+00  5.723778e+00  8.290936e+00  1.483444e+01 
 7.374549e+00  2.898930e+00  5.574609e+00  8.072509e+00  1.444182e+01 
 7.477346e+00  2.827700e+00  5.430537e+00  7.861968e+00  1.406058e+01 
 7.581576e+00  2.758817e+00  5.289012e+00  7.655213e+00  1.368810e+01 
 7.687260e+00  2.691034e+00  5.151581e+00  7.453923e+00  1.332518e+01 
 7.794416e+00  2.624403e+00  5.017193e+00  7.255842e+00  1.296906e+01 
 7.903066e+00  2.559348e+00  4.885203e+00  7.062159e+00  1.261967e+01 
 8.013230e+00  2.495654e+00  4.756814e+00  6.874708e+00  1.227903e+01 
 8.124930e+00  2.433155e+00  4.631528e+00  6.690770e+00  1.194615e+01 
 8.238187e+00  2.372492e+00  4.508994e+00  6.511175e+00  1.162244e+01 
 8.353023e+00  2.313129e+00  4.390165e+00  6.336883e+00  1.130639e+01 
 8.469460e+00  2.255501e+00  4.274595e+00  6.167441e+00  1.099972e+01 
 8.587519e+00  2.199495e+00  4.162061e+00  6.002827e+00  1.070183e+01 
 8.707225e+00  2.145059e+00  4.052740e+00  5.843176e+00  1.041196e+01 
 8.828599e+00  2.092141e+00  3.947411e+00  5.687887e+00  1.013064e+01 
 8.951665e+00  2.040631e+00  3.844958e+00  5.537601e+00  9.858289e+00 
 9.076446e+00  1.990784e+00  3.745671e+00  5.392156e+00  9.594298e+00 
 9.202967e+00  1.942363e+00  3.649058e+00  5.250654e+00  9.337153e+00 
 9.331251e+00  1.895228e+00  3.555126e+00  5.112989e+00  9.087329e+00 
 9.461324e+00  0.000000e+00  0.000000e+00  0.000000e+00  0.000000e+00 
 9.593209e+00  0.000000e+00  0.000000e+00  0.000000e+00  0.000000e+00 
 9.726934e+00  0.000000e+00  0.000000e+00  0.000000e+00  0.000000e+00 
 9.862522e+00  0.000000e+00  0.000000e+00  0.000000e+00  0.000000e+00 
 1.000000e+01  0.000000e+00  0.000000e+00  0.000000e+00  0.000000e+00 
