 1.000000e-02  5.729229e+03  1.043647e+04  1.410845e+04  2.100987e+04 
 1.013939e-02  5.758681e+03  1.048987e+04  1.418044e+04  2.111662e+04 
 1.028073e-02  5.787639e+03  1.054236e+04  1.425123e+04  2.122157e+04 
 1.042404e-02  5.816084e+03  1.059394e+04  1.432075e+04  2.132460e+04 
 1.056935e-02  5.843982e+03  1.064457e+04  1.438893e+04  2.142556e+04 
 1.071668e-02  5.871295e+03  1.069414e+04  1.445570e+04  2.152438e+04 
 1.086606e-02  5.897954e+03  1.074246e+04  1.452082e+04  2.162086e+04 
 1.101753e-02  5.923982e+03  1.078958e+04  1.458433e+04  2.171502e+04 
 1.117111e-02  5.949439e+03  1.083571e+04  1.464645e+04  2.180701e+04 
 1.132683e-02  5.974321e+03  1.088078e+04  1.470716e+04  2.189680e+04 
 1.148472e-02  5.998585e+03  1.092472e+04  1.476637e+04  2.198426e+04 
 1.164481e-02  6.022188e+03  1.096746e+04  1.482393e+04  2.206929e+04 
 1.180713e-02  6.045079e+03  1.100891e+04  1.487970e+04  2.215176e+04 
 1.197171e-02  6.067240e+03  1.104900e+04  1.493367e+04  2.223162e+04 
 1.213859e-02  6.088669e+03  1.108774e+04  1.498579e+04  2.230880e+04 
 1.230780e-02  6.109350e+03  1.112514e+04  1.503604e+04  2.238317e+04 
 1.247936e-02  6.129280e+03  1.116117e+04  1.508444e+04  2.245465e+04 
 1.265332e-02  6.148419e+03  1.119574e+04  1.513093e+04  2.252320e+04 
 1.282970e-02  6.166734e+03  1.122881e+04  1.517544e+04  2.258879e+04 
 1.300854e-02  6.184215e+03  1.126036e+04  1.521791e+04  2.265141e+04 
 1.318987e-02  6.200871e+03  1.129039e+04  1.525827e+04  2.271091e+04 
 1.337373e-02  6.216683e+03  1.131889e+04  1.529643e+04  2.276722e+04 
 1.356015e-02  6.231607e+03  1.134574e+04  1.533238e+04  2.282018e+04 
 1.374917e-02  6.245588e+03  1.137090e+04  1.536603e+04  2.286973e+04 
 1.394083e-02  6.258598e+03  1.139429e+04  1.539738e+04  2.291580e+04 
 1.413516e-02  6.270653e+03  1.141594e+04  1.542644e+04  2.295838e+04 
 1.433219e-02  6.281742e+03  1.143581e+04  1.545316e+04  2.299742e+04 
 1.453198e-02  6.291836e+03  1.145386e+04  1.547738e+04  2.303278e+04 
 1.473454e-02  6.300898e+03  1.147005e+04  1.549900e+04  2.306429e+04 
 1.493993e-02  6.308929e+03  1.148435e+04  1.551798e+04  2.309200e+04 
 1.514819e-02  6.315953e+03  1.149681e+04  1.553447e+04  2.311607e+04 
 1.535935e-02  6.321918e+03  1.150735e+04  1.554839e+04  2.313634e+04 
 1.557345e-02  6.326777e+03  1.151590e+04  1.555965e+04  2.315252e+04 
 1.579053e-02  6.330486e+03  1.152236e+04  1.556821e+04  2.316451e+04 
 1.601064e-02  6.333058e+03  1.152676e+04  1.557398e+04  2.317234e+04 
 1.623382e-02  6.334519e+03  1.152911e+04  1.557689e+04  2.317615e+04 
 1.646012e-02  6.334841e+03  1.152936e+04  1.557695e+04  2.317576e+04 
 1.668956e-02  6.333963e+03  1.152742e+04  1.557405e+04  2.317090e+04 
 1.692220e-02  6.331861e+03  1.152328e+04  1.556818e+04  2.316141e+04 
 1.715809e-02  6.328548e+03  1.151695e+04  1.555936e+04  2.314753e+04 
 1.739726e-02  6.324027e+03  1.150840e+04  1.554752e+04  2.312932e+04 
 1.763977e-02  6.318257e+03  1.149757e+04  1.553263e+04  2.310662e+04 
 1.788566e-02  6.311235e+03  1.148445e+04  1.551464e+04  2.307926e+04 
 1.813498e-02  6.302926e+03  1.146900e+04  1.549350e+04  2.304717e+04 
 1.838777e-02  6.293338e+03  1.145123e+04  1.546920e+04  2.301039e+04 
 1.864409e-02  6.282481e+03  1.143113e+04  1.544177e+04  2.296899e+04 
 1.890397e-02  6.270326e+03  1.140866e+04  1.541115e+04  2.292287e+04 
 1.916748e-02  6.256852e+03  1.138380e+04  1.537729e+04  2.287188e+04 
 1.943467e-02  6.242060e+03  1.135654e+04  1.534019e+04  2.281603e+04 
 1.970558e-02  6.225931e+03  1.132686e+04  1.529980e+04  2.275540e+04 
 1.998026e-02  6.208475e+03  1.129476e+04  1.525614e+04  2.268998e+04 
 2.025878e-02  6.189676e+03  1.126021e+04  1.520921e+04  2.261965e+04 
 2.054117e-02  6.169549e+03  1.122323e+04  1.515898e+04  2.254429e+04 
 2.082751e-02  6.148079e+03  1.118381e+04  1.510546e+04  2.246396e+04 
 2.111783e-02  6.125259e+03  1.114194e+04  1.504862e+04  2.237876e+04 
 2.141220e-02  6.101188e+03  1.109776e+04  1.498862e+04  2.228882e+04 
 2.171068e-02  6.076318e+03  1.105188e+04  1.492607e+04  2.219451e+04 
 2.201331e-02  6.050146e+03  1.100363e+04  1.486033e+04  2.209540e+04 
 2.232016e-02  6.022659e+03  1.095297e+04  1.479134e+04  2.199150e+04 
 2.263130e-02  5.993840e+03  1.089990e+04  1.471910e+04  2.188281e+04 
 2.294676e-02  5.963715e+03  1.084447e+04  1.464362e+04  2.176934e+04 
 2.326663e-02  5.932308e+03  1.078669e+04  1.456499e+04  2.165109e+04 
 2.359095e-02  5.899639e+03  1.072659e+04  1.448327e+04  2.152813e+04 
 2.391980e-02  5.865712e+03  1.066421e+04  1.439846e+04  2.140057e+04 
 2.425323e-02  5.830532e+03  1.059957e+04  1.431058e+04  2.126854e+04 
 2.459130e-02  5.794119e+03  1.053272e+04  1.421970e+04  2.113209e+04 
 2.493409e-02  5.756508e+03  1.046367e+04  1.412588e+04  2.099130e+04 
 2.528166e-02  5.717727e+03  1.039248e+04  1.402919e+04  2.084620e+04 
 2.563407e-02  5.677807e+03  1.031922e+04  1.392970e+04  2.069692e+04 
 2.599140e-02  5.636754e+03  1.024393e+04  1.382744e+04  2.054362e+04 
 2.635371e-02  5.594609e+03  1.016666e+04  1.372251e+04  2.038634e+04 
 2.672106e-02  5.551418e+03  1.008748e+04  1.361504e+04  2.022526e+04 
 2.709354e-02  5.507206e+03  1.000644e+04  1.350509e+04  2.006044e+04 
 2.747121e-02  5.462011e+03  9.923623e+03  1.339271e+04  1.989210e+04 
 2.785414e-02  5.415802e+03  9.838996e+03  1.327790e+04  1.972020e+04 
 2.824241e-02  5.368342e+03  9.752204e+03  1.316027e+04  1.954442e+04 
 2.863610e-02  5.320033e+03  9.663891e+03  1.304058e+04  1.936555e+04 
 2.903527e-02  5.270920e+03  9.574116e+03  1.291894e+04  1.918380e+04 
 2.944000e-02  5.221056e+03  9.482963e+03  1.279547e+04  1.899929e+04 
 2.985038e-02  5.170488e+03  9.390534e+03  1.267026e+04  1.881224e+04 
 3.026648e-02  5.119271e+03  9.296911e+03  1.254346e+04  1.862282e+04 
 3.068838e-02  5.067437e+03  9.202223e+03  1.241520e+04  1.843126e+04 
 3.111616e-02  5.015059e+03  9.106540e+03  1.228563e+04  1.823777e+04 
 3.154990e-02  4.962204e+03  9.010006e+03  1.215490e+04  1.804257e+04 
 3.198969e-02  4.908920e+03  8.912703e+03  1.202315e+04  1.784587e+04 
 3.243561e-02  4.855278e+03  8.814748e+03  1.189053e+04  1.764786e+04 
 3.288774e-02  4.801336e+03  8.716258e+03  1.175721e+04  1.744876e+04 
 3.334618e-02  4.747163e+03  8.617338e+03  1.162331e+04  1.724885e+04 
 3.381101e-02  4.692826e+03  8.518135e+03  1.148900e+04  1.704838e+04 
 3.428231e-02  4.638382e+03  8.418742e+03  1.135446e+04  1.684755e+04 
 3.476019e-02  4.583764e+03  8.319368e+03  1.122031e+04  1.664842e+04 
 3.524473e-02  4.529167e+03  8.220039e+03  1.108624e+04  1.644943e+04 
 3.573602e-02  4.474663e+03  8.120873e+03  1.095241e+04  1.625078e+04 
 3.623416e-02  4.420312e+03  8.022020e+03  1.081897e+04  1.605271e+04 
 3.673925e-02  4.366191e+03  7.923590e+03  1.068610e+04  1.585548e+04 
 3.725137e-02  4.312359e+03  7.825690e+03  1.055397e+04  1.565934e+04 
 3.777064e-02  4.258879e+03  7.728435e+03  1.042269e+04  1.546447e+04 
 3.829714e-02  4.205817e+03  7.631937e+03  1.029244e+04  1.527110e+04 
 3.883098e-02  4.153239e+03  7.536302e+03  1.016335e+04  1.507944e+04 
 3.937226e-02  4.101199e+03  7.441649e+03  1.003558e+04  1.488975e+04 
 3.992109e-02  4.049759e+03  7.348074e+03  9.909287e+03  1.470220e+04 
 4.047757e-02  3.998945e+03  7.255625e+03  9.784468e+03  1.451672e+04 
 4.104181e-02  3.948568e+03  7.163300e+03  9.659079e+03  1.432838e+04 
 4.161391e-02  3.898937e+03  7.072357e+03  9.535566e+03  1.414282e+04 
 4.219398e-02  3.850103e+03  6.982871e+03  9.414009e+03  1.396020e+04 
 4.278214e-02  3.802124e+03  6.894927e+03  9.294539e+03  1.378068e+04 
 4.337850e-02  3.755025e+03  6.808586e+03  9.177246e+03  1.360443e+04 
 4.398317e-02  3.708833e+03  6.723906e+03  9.062207e+03  1.343150e+04 
 4.459628e-02  3.663583e+03  6.640945e+03  8.949472e+03  1.326204e+04 
 4.521792e-02  3.619292e+03  6.559727e+03  8.839118e+03  1.309609e+04 
 4.584824e-02  3.575983e+03  6.480306e+03  8.731181e+03  1.293374e+04 
 4.648734e-02  3.533669e+03  6.402691e+03  8.625693e+03  1.277500e+04 
 4.713535e-02  3.492586e+03  6.328184e+03  8.525299e+03  1.262626e+04 
 4.779239e-02  3.452645e+03  6.256272e+03  8.428944e+03  1.248496e+04 
 4.845859e-02  3.413698e+03  6.186156e+03  8.334997e+03  1.234723e+04 
 4.913407e-02  3.375737e+03  6.117821e+03  8.243434e+03  1.221301e+04 
 4.981898e-02  3.338741e+03  6.051232e+03  8.154213e+03  1.208222e+04 
 5.051342e-02  3.302681e+03  5.986323e+03  8.067250e+03  1.195477e+04 
 5.121755e-02  3.267522e+03  5.923029e+03  7.982471e+03  1.183055e+04 
 5.193150e-02  3.233216e+03  5.861309e+03  7.899804e+03  1.170944e+04 
 5.265540e-02  3.199719e+03  5.801058e+03  7.819116e+03  1.159128e+04 
 5.338938e-02  3.166715e+03  5.741185e+03  7.738409e+03  1.147170e+04 
 5.413360e-02  3.134093e+03  5.681391e+03  7.657189e+03  1.134972e+04 
 5.488820e-02  3.102132e+03  5.622792e+03  7.577584e+03  1.123012e+04 
 5.565331e-02  3.070761e+03  5.565287e+03  7.499452e+03  1.111271e+04 
 5.642908e-02  3.039845e+03  5.508626e+03  7.422469e+03  1.099701e+04 
 5.721568e-02  3.009206e+03  5.452459e+03  7.346156e+03  1.088232e+04 
 5.801323e-02  2.978808e+03  5.396714e+03  7.270421e+03  1.076852e+04 
 5.882190e-02  2.948929e+03  5.341906e+03  7.195948e+03  1.065662e+04 
 5.964185e-02  2.920022e+03  5.289262e+03  7.124780e+03  1.055070e+04 
 6.047322e-02  2.892061e+03  5.239413e+03  7.058476e+03  1.045496e+04 
 6.131619e-02  2.863636e+03  5.188719e+03  6.991044e+03  1.035754e+04 
 6.217090e-02  2.834402e+03  5.136550e+03  6.921620e+03  1.025717e+04 
 6.303753e-02  2.804507e+03  5.083167e+03  6.850572e+03  1.015435e+04 
 6.391624e-02  2.774131e+03  5.028920e+03  6.778356e+03  1.004979e+04 
 6.480720e-02  2.743363e+03  4.973958e+03  6.705180e+03  9.943783e+03 
 6.571058e-02  2.712064e+03  4.918029e+03  6.630679e+03  9.835809e+03 
 6.662655e-02  2.678758e+03  4.856364e+03  6.546227e+03  9.706978e+03 
 6.755528e-02  2.644561e+03  4.793027e+03  6.459457e+03  9.574564e+03 
 6.849697e-02  2.609461e+03  4.728069e+03  6.370509e+03  9.438991e+03 
 6.945178e-02  2.573419e+03  4.661421e+03  6.279312e+03  9.300110e+03 
 7.041990e-02  2.536398e+03  4.593027e+03  6.185805e+03  9.157819e+03 
 7.140151e-02  2.498373e+03  4.522834e+03  6.089899e+03  9.012034e+03 
 7.239681e-02  2.459599e+03  4.451583e+03  5.992957e+03  8.865964e+03 
 7.340598e-02  2.420115e+03  4.379398e+03  5.895202e+03  8.720219e+03 
 7.442922e-02  2.379602e+03  4.305366e+03  5.794970e+03  8.570830e+03 
 7.546673e-02  2.338085e+03  4.229534e+03  5.692333e+03  8.417918e+03 
 7.651869e-02  2.295619e+03  4.152015e+03  5.587438e+03  8.261671e+03 
 7.758532e-02  2.252290e+03  4.072954e+03  5.480489e+03  8.102402e+03 
 7.866682e-02  2.209121e+03  3.995463e+03  5.376887e+03  7.951133e+03 
 7.976339e-02  2.166788e+03  3.921523e+03  5.280052e+03  7.814795e+03 
 8.087525e-02  2.123857e+03  3.846409e+03  5.181581e+03  7.675832e+03 
 8.200261e-02  2.080459e+03  3.770365e+03  5.081786e+03  7.534710e+03 
 8.314568e-02  2.036752e+03  3.693677e+03  4.981041e+03  7.391990e+03 
 8.430468e-02  1.992903e+03  3.616663e+03  4.879758e+03  7.248273e+03 
 8.547985e-02  1.948074e+03  3.536377e+03  4.772627e+03  7.092447e+03 
 8.667139e-02  1.903026e+03  3.454991e+03  4.663338e+03  6.931778e+03 
 8.787954e-02  1.858433e+03  3.374423e+03  4.555131e+03  6.772636e+03 
 8.910453e-02  1.814491e+03  3.295003e+03  4.448463e+03  6.615726e+03 
 9.034660e-02  1.771389e+03  3.217074e+03  4.343796e+03  6.461730e+03 
 9.160598e-02  1.729994e+03  3.143178e+03  4.245399e+03  6.318884e+03 
 9.288292e-02  1.690389e+03  3.073382e+03  4.153257e+03  6.186926e+03 
 9.417766e-02  1.652067e+03  3.005857e+03  4.064107e+03  6.059235e+03 
 9.549045e-02  1.615177e+03  2.940860e+03  3.978281e+03  5.936345e+03 
 9.682153e-02  1.579844e+03  2.878621e+03  3.896106e+03  5.818726e+03 
 9.817117e-02  1.546451e+03  2.820242e+03  3.819497e+03  5.710084e+03 
 9.953962e-02  1.514882e+03  2.765264e+03  3.747573e+03  5.608560e+03 
 1.009272e-01  1.485057e+03  2.713438e+03  3.679820e+03  5.513130e+03 
 1.023340e-01  1.457013e+03  2.664816e+03  3.616308e+03  5.423906e+03 
 1.037605e-01  1.430064e+03  2.617252e+03  3.553414e+03  5.333770e+03 
 1.052069e-01  1.402192e+03  2.564785e+03  3.481018e+03  5.223001e+03 
 1.066734e-01  1.376033e+03  2.515525e+03  3.413013e+03  5.118823e+03 
 1.081604e-01  1.351502e+03  2.469279e+03  3.349115e+03  5.020856e+03 
 1.096681e-01  1.328502e+03  2.425813e+03  3.289001e+03  4.928624e+03 
 1.111968e-01  1.307335e+03  2.386276e+03  3.234568e+03  4.845111e+03 
 1.127468e-01  1.287292e+03  2.348888e+03  3.183090e+03  4.766024e+03 
 1.143184e-01  1.268160e+03  2.313186e+03  3.133883e+03  4.690396e+03 
 1.159120e-01  1.249740e+03  2.278766e+03  3.086392e+03  4.617412e+03 
 1.175277e-01  1.232961e+03  2.248621e+03  3.045813e+03  4.556920e+03 
 1.191660e-01  1.216481e+03  2.219136e+03  3.006239e+03  4.498117e+03 
 1.208271e-01  1.199962e+03  2.189563e+03  2.966511e+03  4.439135e+03 
 1.225114e-01  1.183136e+03  2.159429e+03  2.926024e+03  4.379136e+03 
 1.242191e-01  1.165526e+03  2.127801e+03  2.883714e+03  4.317524e+03 
 1.259506e-01  1.147252e+03  2.094929e+03  2.839716e+03  4.253407e+03 
 1.277063e-01  1.128153e+03  2.060537e+03  2.793638e+03  4.186196e+03 
 1.294865e-01  1.108465e+03  2.025254e+03  2.746360e+03  4.116737e+03 
 1.312915e-01  1.088166e+03  1.989052e+03  2.697850e+03  4.044927e+03 
 1.331216e-01  1.066801e+03  1.950870e+03  2.646653e+03  3.969090e+03 
 1.349772e-01  1.044429e+03  1.910870e+03  2.593011e+03  3.889763e+03 
 1.368587e-01  1.022292e+03  1.873344e+03  2.545032e+03  3.825522e+03 
 1.387665e-01  9.992745e+02  1.834095e+03  2.494616e+03  3.757350e+03 
 1.407008e-01  9.755674e+02  1.793448e+03  2.442176e+03  3.685959e+03 
 1.426621e-01  9.521397e+02  1.753348e+03  2.390017e+03  3.612678e+03 
 1.446507e-01  9.286707e+02  1.713098e+03  2.337454e+03  3.537867e+03 
 1.466671e-01  9.051658e+02  1.672626e+03  2.284507e+03  3.462308e+03 
 1.487115e-01  8.795741e+02  1.626132e+03  2.221845e+03  3.369978e+03 
 1.507845e-01  8.530206e+02  1.576429e+03  2.153861e+03  3.268146e+03 
 1.528864e-01  8.274002e+02  1.528458e+03  2.088284e+03  3.169840e+03 
 1.550175e-01  8.048912e+02  1.488248e+03  2.034770e+03  3.092506e+03 
 1.571784e-01  7.850289e+02  1.454255e+03  1.990739e+03  3.031365e+03 
 1.593694e-01  7.665003e+02  1.422599e+03  1.949811e+03  2.974700e+03 
 1.615909e-01  7.499210e+02  1.394782e+03  1.914166e+03  2.925784e+03 
 1.638434e-01  7.350037e+02  1.370090e+03  1.882759e+03  2.883082e+03 
 1.661273e-01  7.215051e+02  1.347934e+03  1.854732e+03  2.845362e+03 
 1.684430e-01  7.059307e+02  1.319157e+03  1.815907e+03  2.788853e+03 
 1.707910e-01  6.911963e+02  1.291603e+03  1.778540e+03  2.734202e+03 
 1.731717e-01  6.781566e+02  1.267660e+03  1.746341e+03  2.687435e+03 
 1.755856e-01  6.684654e+02  1.251796e+03  1.726125e+03  2.659232e+03 
 1.780332e-01  6.593009e+02  1.236873e+03  1.707171e+03  2.632961e+03 
 1.805149e-01  6.485986e+02  1.216872e+03  1.679421e+03  2.589749e+03 
 1.830312e-01  6.368457e+02  1.193605e+03  1.646117e+03  2.535998e+03 
 1.855825e-01  6.250007e+02  1.170513e+03  1.613427e+03  2.484087e+03 
 1.881694e-01  6.134531e+02  1.149925e+03  1.586347e+03  2.445795e+03 
 1.907924e-01  6.013261e+02  1.128228e+03  1.557720e+03  2.405040e+03 
 1.934520e-01  5.879919e+02  1.104073e+03  1.525795e+03  2.360463e+03 
 1.961486e-01  5.738047e+02  1.078227e+03  1.491550e+03  2.312611e+03 
 1.988828e-01  5.602284e+02  1.054178e+03  1.459900e+03  2.268053e+03 
 2.016551e-01  5.478693e+02  1.033345e+03  1.432858e+03  2.229621e+03 
 2.044661e-01  5.348573e+02  1.010893e+03  1.403286e+03  2.186819e+03 
 2.073162e-01  5.203601e+02  9.837432e+02  1.365751e+03  2.129504e+03 
 2.102061e-01  5.058970e+02  9.566389e+02  1.328277e+03  2.072208e+03 
 2.131362e-01  4.956615e+02  9.418638e+02  1.310810e+03  2.049181e+03 
 2.161073e-01  4.859989e+02  9.282333e+02  1.294969e+03  2.028699e+03 
 2.191197e-01  4.734873e+02  9.066678e+02  1.267275e+03  1.991743e+03 
 2.221741e-01  4.610195e+02  8.845498e+02  1.238545e+03  1.953398e+03 
 2.252711e-01  4.500523e+02  8.658270e+02  1.214781e+03  1.922103e+03 
 2.284112e-01  4.402178e+02  8.493876e+02  1.194222e+03  1.895460e+03 
 2.315951e-01  4.317645e+02  8.345639e+02  1.174273e+03  1.864952e+03 
 2.348235e-01  4.242423e+02  8.211425e+02  1.155699e+03  1.834922e+03 
 2.380968e-01  4.152404e+02  8.037203e+02  1.131412e+03  1.798047e+03 
 2.414157e-01  4.061402e+02  7.858273e+02  1.106437e+03  1.760621e+03 
 2.447809e-01  3.969711e+02  7.685377e+02  1.082975e+03  1.725615e+03 
 2.481930e-01  3.879413e+02  7.516531e+02  1.060148e+03  1.691538e+03 
 2.516527e-01  3.825081e+02  7.430517e+02  1.048938e+03  1.674789e+03 
 2.551606e-01  3.757230e+02  7.313700e+02  1.033385e+03  1.651837e+03 
 2.587174e-01  3.653444e+02  7.113554e+02  1.006120e+03  1.612563e+03 
 2.623238e-01  3.565483e+02  6.955334e+02  9.850899e+02  1.582671e+03 
 2.659804e-01  3.495126e+02  6.843213e+02  9.709042e+02  1.563085e+03 
 2.696881e-01  3.402276e+02  6.675925e+02  9.484870e+02  1.529536e+03 
 2.734474e-01  3.304284e+02  6.495354e+02  9.240764e+02  1.492634e+03 
 2.772591e-01  3.231804e+02  6.377766e+02  9.095867e+02  1.474340e+03 
 2.811239e-01  3.156648e+02  6.248508e+02  8.933737e+02  1.454695e+03 
 2.850426e-01  3.078257e+02  6.104527e+02  8.750184e+02  1.433668e+03 
 2.890160e-01  3.009634e+02  5.989167e+02  8.602353e+02  1.412480e+03 
 2.930447e-01  2.946552e+02  5.880666e+02  8.456186e+02  1.389278e+03 
 2.971296e-01  2.886520e+02  5.759862e+02  8.272037e+02  1.357363e+03 
 3.012714e-01  2.833073e+02  5.669405e+02  8.153147e+02  1.339877e+03 
 3.054710e-01  2.779722e+02  5.583923e+02  8.049584e+02  1.326678e+03 
 3.097291e-01  2.713440e+02  5.465246e+02  7.897241e+02  1.306716e+03 
 3.140465e-01  2.651799e+02  5.342851e+02  7.721529e+02  1.277835e+03 
 3.184242e-01  2.596280e+02  5.234138e+02  7.565073e+02  1.251952e+03 
 3.228628e-01  2.552190e+02  5.163996e+02  7.479889e+02  1.242125e+03 
 3.273634e-01  2.488057e+02  5.036938e+02  7.298302e+02  1.213203e+03 
 3.319266e-01  2.421863e+02  4.910549e+02  7.124966e+02  1.187351e+03 
 3.365535e-01  2.359645e+02  4.801888e+02  6.987207e+02  1.169322e+03 
 3.412449e-01  2.317820e+02  4.746904e+02  6.920326e+02  1.158073e+03 
 3.460016e-01  2.272051e+02  4.672537e+02  6.824481e+02  1.144561e+03 
 3.508247e-01  2.227842e+02  4.593975e+02  6.719989e+02  1.129439e+03 
 3.557150e-01  2.185426e+02  4.515455e+02  6.613884e+02  1.113253e+03 
 3.606735e-01  2.136539e+02  4.429116e+02  6.501688e+02  1.097582e+03 
 3.657011e-01  2.077546e+02  4.318541e+02  6.352718e+02  1.077702e+03 
 3.707988e-01  2.030680e+02  4.230367e+02  6.234052e+02  1.060338e+03 
 3.759675e-01  1.987580e+02  4.149511e+02  6.124296e+02  1.044162e+03 
 3.812083e-01  1.942429e+02  4.069080e+02  6.016170e+02  1.028686e+03 
 3.865221e-01  1.904033e+02  4.014343e+02  5.951339e+02  1.016963e+03 
 3.919100e-01  1.863990e+02  3.921129e+02  5.812102e+02  9.989657e+02 
 3.973730e-01  1.818814e+02  3.848074e+02  5.720578e+02  9.839628e+02 
 4.029122e-01  1.783453e+02  3.792464e+02  5.641637e+02  9.690148e+02 
 4.085286e-01  1.747146e+02  3.714539e+02  5.531374e+02  9.535892e+02 
 4.142232e-01  1.703423e+02  3.626637e+02  5.417840e+02  9.400585e+02 
 4.199973e-01  1.661859e+02  3.556616e+02  5.329947e+02  9.270147e+02 
 4.258518e-01  1.629345e+02  3.496291e+02  5.243461e+02  9.117503e+02 
 4.317880e-01  1.594929e+02  3.428090e+02  5.142968e+02  8.968396e+02 
 4.378069e-01  1.564629e+02  3.368739e+02  5.058513e+02  8.827321e+02 
 4.439097e-01  1.539482e+02  3.331206e+02  5.015470e+02  8.795594e+02 
 4.500975e-01  1.498557e+02  3.255878e+02  4.912289e+02  8.643407e+02 
 4.563716e-01  1.463610e+02  3.184446e+02  4.808044e+02  8.454882e+02 
 4.627332e-01  1.441922e+02  3.155682e+02  4.778432e+02  8.427981e+02 
 4.691835e-01  1.405581e+02  3.083590e+02  4.673949e+02  8.250642e+02 
 4.757236e-01  1.379419e+02  3.033101e+02  4.605885e+02  8.147777e+02 
 4.823549e-01  1.344145e+02  2.960902e+02  4.506025e+02  8.019131e+02 
 4.890787e-01  1.316463e+02  2.907958e+02  4.434216e+02  7.904596e+02 
 4.958962e-01  1.296173e+02  2.868127e+02  4.371246e+02  7.787735e+02 
 5.028087e-01  1.268885e+02  2.821193e+02  4.308267e+02  7.697624e+02 
 5.098176e-01  1.246459e+02  2.780359e+02  4.247180e+02  7.573192e+02 
 5.169242e-01  1.225718e+02  2.741610e+02  4.196242e+02  7.504988e+02 
 5.241298e-01  1.186628e+02  2.676429e+02  4.117604e+02  7.410296e+02 
 5.314359e-01  1.166695e+02  2.645548e+02  4.073864e+02  7.339471e+02 
 5.388438e-01  1.142858e+02  2.591321e+02  3.993507e+02  7.220602e+02 
 5.463550e-01  1.123319e+02  2.552595e+02  3.935013e+02  7.124334e+02 
 5.539709e-01  1.094513e+02  2.503403e+02  3.872313e+02  7.024244e+02 
 5.616930e-01  1.076007e+02  2.467306e+02  3.821153e+02  6.946015e+02 
 5.695227e-01  1.055821e+02  2.436053e+02  3.781948e+02  6.853986e+02 
 5.774615e-01  1.032400e+02  2.381656e+02  3.702616e+02  6.744811e+02 
 5.855110e-01  1.014658e+02  2.348031e+02  3.649503e+02  6.656908e+02 
 5.936727e-01  9.919747e+01  2.294972e+02  3.577874e+02  6.550365e+02 
 6.019482e-01  9.762260e+01  2.271122e+02  3.536744e+02  6.474305e+02 
 6.103390e-01  9.540264e+01  2.233953e+02  3.487637e+02  6.381420e+02 
 6.188468e-01  9.334430e+01  2.202302e+02  3.462424e+02  6.363406e+02 
 6.274732e-01  9.187698e+01  2.162912e+02  3.394804e+02  6.259046e+02 
 6.362198e-01  9.014352e+01  2.131960e+02  3.347582e+02  6.166283e+02 
 6.450884e-01  8.812037e+01  2.096631e+02  3.298280e+02  6.077546e+02 
 6.540806e-01  8.634495e+01  2.053930e+02  3.234154e+02  5.989474e+02 
 6.631981e-01  8.454403e+01  2.027273e+02  3.205531e+02  5.930873e+02 
 6.724427e-01  8.301215e+01  1.994022e+02  3.160664e+02  5.878678e+02 
 6.818162e-01  8.132081e+01  1.959549e+02  3.098072e+02  5.766750e+02 
 6.913204e-01  7.966113e+01  1.926586e+02  3.055827e+02  5.691644e+02 
 7.009570e-01  7.858959e+01  1.899357e+02  3.016515e+02  5.621385e+02 
 7.107280e-01  7.667494e+01  1.870228e+02  2.973624e+02  5.536243e+02 
 7.206351e-01  7.555702e+01  1.843516e+02  2.939114e+02  5.494635e+02 
 7.306804e-01  7.411345e+01  1.817051e+02  2.893434e+02  5.399029e+02 
 7.408657e-01  7.253147e+01  1.783338e+02  2.845137e+02  5.334868e+02 
 7.511929e-01  7.106555e+01  1.753225e+02  2.806900e+02  5.262807e+02 
 7.616642e-01  6.972478e+01  1.723546e+02  2.765076e+02  5.201941e+02 
 7.722814e-01  6.889343e+01  1.706663e+02  2.734247e+02  5.125588e+02 
 7.830465e-01  6.749589e+01  1.676072e+02  2.691368e+02  5.061030e+02 
 7.939618e-01  6.632049e+01  1.655838e+02  2.658177e+02  5.015078e+02 
 8.050292e-01  6.492258e+01  1.627841e+02  2.625993e+02  4.951597e+02 
 8.162509e-01  6.388697e+01  1.605181e+02  2.582799e+02  4.868446e+02 
 8.276289e-01  6.240502e+01  1.576001e+02  2.545184e+02  4.810623e+02 
 8.391656e-01  6.172447e+01  1.558619e+02  2.511825e+02  4.762154e+02 
 8.508632e-01  6.063642e+01  1.533928e+02  2.480010e+02  4.700057e+02 
 8.627237e-01  5.940006e+01  1.511377e+02  2.445019e+02  4.628618e+02 
 8.747496e-01  5.836802e+01  1.487821e+02  2.411511e+02  4.569667e+02 
 8.869432e-01  5.742967e+01  1.467755e+02  2.380223e+02  4.512841e+02 
 8.993067e-01  5.634398e+01  1.445816e+02  2.346005e+02  4.450548e+02 
 9.118425e-01  5.550328e+01  1.422264e+02  2.308304e+02  4.373505e+02 
 9.245531e-01  5.436229e+01  1.399895e+02  2.274016e+02  4.328150e+02 
 9.374409e-01  5.338674e+01  1.379989e+02  2.246776e+02  4.270334e+02 
 9.505083e-01  5.256634e+01  1.359337e+02  2.215264e+02  4.211305e+02 
 9.637579e-01  5.148596e+01  1.334444e+02  2.178330e+02  4.152661e+02 
 9.771921e-01  5.089431e+01  1.327136e+02  2.156652e+02  4.096522e+02 
 9.908137e-01  4.996957e+01  1.303495e+02  2.124518e+02  4.045081e+02 
 1.004625e+00  4.904292e+01  1.280428e+02  2.088820e+02  3.978141e+02 
 1.018629e+00  4.827257e+01  1.263844e+02  2.060523e+02  3.921401e+02 
 1.032828e+00  4.740870e+01  1.245489e+02  2.036021e+02  3.882129e+02 
 1.047225e+00  4.655853e+01  1.228600e+02  2.004284e+02  3.816697e+02 
 1.061823e+00  4.589994e+01  1.212729e+02  1.977904e+02  3.762312e+02 
 1.076624e+00  4.508978e+01  1.194549e+02  1.949774e+02  3.706967e+02 
 1.091632e+00  4.435801e+01  1.176539e+02  1.922779e+02  3.650639e+02 
 1.106848e+00  4.356375e+01  1.157172e+02  1.894905e+02  3.602666e+02 
 1.122277e+00  4.284714e+01  1.141620e+02  1.864470e+02  3.544317e+02 
 1.137921e+00  4.211507e+01  1.122940e+02  1.837556e+02  3.492072e+02 
 1.153783e+00  4.148039e+01  1.106143e+02  1.810334e+02  3.442155e+02 
 1.169866e+00  4.076285e+01  1.090179e+02  1.783140e+02  3.394267e+02 
 1.186174e+00  4.006169e+01  1.075057e+02  1.757362e+02  3.339914e+02 
 1.202708e+00  3.945923e+01  1.058852e+02  1.731629e+02  3.288699e+02 
 1.219473e+00  3.882296e+01  1.043653e+02  1.707168e+02  3.233649e+02 
 1.236472e+00  3.816433e+01  1.028722e+02  1.683022e+02  3.185909e+02 
 1.253708e+00  3.758133e+01  1.012374e+02  1.655516e+02  3.140288e+02 
 1.271184e+00  3.698448e+01  1.001480e+02  1.635242e+02  3.089660e+02 
 1.288904e+00  3.638928e+01  9.826351e+01  1.608140e+02  3.046438e+02 
 1.306870e+00  3.575622e+01  9.683936e+01  1.583382e+02  2.995202e+02 
 1.325087e+00  3.524726e+01  9.546291e+01  1.560263e+02  2.945522e+02 
 1.343558e+00  3.469121e+01  9.399563e+01  1.536291e+02  2.897966e+02 
 1.362287e+00  3.418230e+01  9.250085e+01  1.510525e+02  2.851781e+02 
 1.381276e+00  3.363463e+01  9.110496e+01  1.484751e+02  2.805440e+02 
 1.400531e+00  3.310739e+01  8.973833e+01  1.462466e+02  2.754814e+02 
 1.420053e+00  3.255084e+01  8.827199e+01  1.439995e+02  2.707075e+02 
 1.439848e+00  3.205008e+01  8.696188e+01  1.415535e+02  2.662486e+02 
 1.459919e+00  3.149493e+01  8.557078e+01  1.392047e+02  2.613744e+02 
 1.480269e+00  3.105748e+01  8.408192e+01  1.368081e+02  2.563871e+02 
 1.500903e+00  3.054737e+01  8.279396e+01  1.344753e+02  2.524385e+02 
 1.521825e+00  3.005948e+01  8.158833e+01  1.323846e+02  2.477709e+02 
 1.543038e+00  2.956848e+01  8.026843e+01  1.302775e+02  2.435828e+02 
 1.564548e+00  2.914006e+01  7.897653e+01  1.280314e+02  2.390404e+02 
 1.586357e+00  2.868288e+01  7.779087e+01  1.258917e+02  2.347180e+02 
 1.608469e+00  2.821007e+01  7.657821e+01  1.237793e+02  2.307317e+02 
 1.630891e+00  2.784783e+01  7.521084e+01  1.214489e+02  2.261809e+02 
 1.653624e+00  2.737801e+01  7.398400e+01  1.195274e+02  2.223977e+02 
 1.676675e+00  2.695254e+01  7.289868e+01  1.175177e+02  2.180152e+02 
 1.700047e+00  2.651503e+01  7.169749e+01  1.154273e+02  2.140438e+02 
 1.723745e+00  2.610728e+01  7.046911e+01  1.133515e+02  2.096821e+02 
 1.747773e+00  2.566792e+01  6.925048e+01  1.112898e+02  2.055839e+02 
 1.772136e+00  2.526929e+01  6.806035e+01  1.092097e+02  2.017796e+02 
 1.796838e+00  2.488171e+01  6.689531e+01  1.072299e+02  1.977170e+02 
 1.821885e+00  2.449789e+01  6.572282e+01  1.051938e+02  1.939165e+02 
 1.847281e+00  2.410643e+01  6.467541e+01  1.033378e+02  1.900591e+02 
 1.873032e+00  2.372579e+01  6.345961e+01  1.012499e+02  1.863511e+02 
 1.899141e+00  2.333262e+01  6.230898e+01  9.939354e+01  1.825679e+02 
 1.925614e+00  2.297849e+01  6.124597e+01  9.752782e+01  1.787832e+02 
 1.952456e+00  2.267766e+01  6.020393e+01  9.568638e+01  1.751375e+02 
 1.979672e+00  2.226842e+01  5.917327e+01  9.386480e+01  1.715877e+02 
 2.007267e+00  2.194480e+01  5.808017e+01  9.196707e+01  1.682356e+02 
 2.035248e+00  2.157093e+01  5.701879e+01  9.016260e+01  1.646262e+02 
 2.063618e+00  2.122723e+01  5.596064e+01  8.842111e+01  1.611774e+02 
 2.092383e+00  2.089418e+01  5.493969e+01  8.663547e+01  1.578360e+02 
 2.121550e+00  2.054640e+01  5.389206e+01  8.488008e+01  1.544315e+02 
 2.151123e+00  2.021785e+01  5.288723e+01  8.311258e+01  1.510452e+02 
 2.181109e+00  1.988437e+01  5.185850e+01  8.143858e+01  1.478329e+02 
 2.211512e+00  1.955691e+01  5.083680e+01  7.969882e+01  1.445010e+02 
 2.242340e+00  1.924147e+01  4.987192e+01  7.805141e+01  1.413435e+02 
 2.273597e+00  1.890002e+01  4.889135e+01  7.633494e+01  1.381745e+02 
 2.305289e+00  1.860453e+01  4.791528e+01  7.474820e+01  1.351133e+02 
 2.337424e+00  1.829144e+01  4.694399e+01  7.312741e+01  1.320764e+02 
 2.370006e+00  1.798443e+01  4.601283e+01  7.157624e+01  1.292282e+02 
 2.403043e+00  1.767171e+01  4.509282e+01  6.998697e+01  1.262617e+02 
 2.436540e+00  1.738309e+01  4.419521e+01  6.847845e+01  1.233944e+02 
 2.470504e+00  1.709163e+01  4.331312e+01  6.697216e+01  1.205819e+02 
 2.504942e+00  1.680251e+01  4.245243e+01  6.552876e+01  1.178877e+02 
 2.539859e+00  1.653061e+01  4.156683e+01  6.406302e+01  1.151488e+02 
 2.575263e+00  1.623527e+01  4.069447e+01  6.269954e+01  1.125465e+02 
 2.611161e+00  1.596507e+01  3.984489e+01  6.123698e+01  1.099346e+02 
 2.647559e+00  1.568840e+01  3.899155e+01  5.982360e+01  1.073274e+02 
 2.684465e+00  1.541215e+01  3.818425e+01  5.844004e+01  1.047902e+02 
 2.721885e+00  1.512819e+01  3.732591e+01  5.710631e+01  1.022996e+02 
 2.759826e+00  1.485697e+01  3.649612e+01  5.575696e+01  9.983951e+01 
 2.798297e+00  1.459025e+01  3.570793e+01  5.445600e+01  9.750465e+01 
 2.837304e+00  1.432715e+01  3.491006e+01  5.316776e+01  9.515230e+01 
 2.876854e+00  1.406490e+01  3.412001e+01  5.190839e+01  9.287185e+01 
 2.916956e+00  1.380952e+01  3.336865e+01  5.067040e+01  9.058482e+01 
 2.957617e+00  1.355999e+01  3.262832e+01  4.947852e+01  8.842154e+01 
 2.998844e+00  1.330898e+01  3.190087e+01  4.829285e+01  8.626267e+01 
 3.040646e+00  1.306503e+01  3.117581e+01  4.713706e+01  8.422233e+01 
 3.083031e+00  1.282383e+01  3.046819e+01  4.600979e+01  8.215169e+01 
 3.126007e+00  1.259188e+01  2.978711e+01  4.490465e+01  8.018713e+01 
 3.169582e+00  1.235656e+01  2.909078e+01  4.380997e+01  7.824735e+01 
 3.213764e+00  1.212451e+01  2.842317e+01  4.274544e+01  7.633797e+01 
 3.258562e+00  1.188974e+01  2.777336e+01  4.169456e+01  7.446307e+01 
 3.303985e+00  1.165968e+01  2.710809e+01  4.066928e+01  7.262508e+01 
 3.350041e+00  1.143512e+01  2.645783e+01  3.964509e+01  7.080259e+01 
 3.396739e+00  1.120435e+01  2.582844e+01  3.866091e+01  6.903271e+01 
 3.444087e+00  1.098643e+01  2.519372e+01  3.767383e+01  6.727822e+01 
 3.492096e+00  1.076756e+01  2.458831e+01  3.673439e+01  6.560713e+01 
 3.540774e+00  1.054740e+01  2.399777e+01  3.580941e+01  6.394543e+01 
 3.590130e+00  1.033705e+01  2.340790e+01  3.489155e+01  6.234875e+01 
 3.640175e+00  1.013071e+01  2.283619e+01  3.401735e+01  6.076887e+01 
 3.690917e+00  9.920911e+00  2.228451e+01  3.314220e+01  5.923742e+01 
 3.742366e+00  9.719216e+00  2.172848e+01  3.230477e+01  5.776322e+01 
 3.794533e+00  9.522230e+00  2.120500e+01  3.148984e+01  5.630019e+01 
 3.847427e+00  9.327862e+00  2.067653e+01  3.069347e+01  5.490314e+01 
 3.901058e+00  9.131384e+00  2.017436e+01  2.991665e+01  5.351610e+01 
 3.955436e+00  8.947862e+00  1.967433e+01  2.914823e+01  5.216424e+01 
 4.010573e+00  8.756338e+00  1.918238e+01  2.841025e+01  5.085641e+01 
 4.066478e+00  8.570911e+00  1.870054e+01  2.767393e+01  4.955055e+01 
 4.123163e+00  8.386093e+00  1.823118e+01  2.695592e+01  4.828026e+01 
 4.180637e+00  8.206336e+00  1.776943e+01  2.625568e+01  4.703135e+01 
 4.238913e+00  8.027045e+00  1.731080e+01  2.556877e+01  4.582628e+01 
 4.298001e+00  7.847439e+00  1.686790e+01  2.490235e+01  4.463552e+01 
 4.357913e+00  7.678323e+00  1.643508e+01  2.425075e+01  4.348710e+01 
 4.418660e+00  7.507056e+00  1.601426e+01  2.361491e+01  4.236731e+01 
 4.480254e+00  7.338238e+00  1.560185e+01  2.299466e+01  4.127033e+01 
 4.542706e+00  7.175705e+00  1.519681e+01  2.239009e+01  4.020062e+01 
 4.606029e+00  7.014669e+00  1.481058e+01  2.180802e+01  3.917111e+01 
 4.670234e+00  6.857255e+00  1.442999e+01  2.124583e+01  3.816992e+01 
 4.735335e+00  6.703416e+00  1.406133e+01  2.069281e+01  3.718822e+01 
 4.801343e+00  6.555038e+00  1.370454e+01  2.015721e+01  3.622928e+01 
 4.868271e+00  6.407128e+00  1.335248e+01  1.963367e+01  3.530029e+01 
 4.936132e+00  6.262414e+00  1.300903e+01  1.912546e+01  3.439440e+01 
 5.004939e+00  6.119221e+00  1.267502e+01  1.862679e+01  3.350530e+01 
 5.074705e+00  5.976971e+00  1.234605e+01  1.813742e+01  3.263911e+01 
 5.145444e+00  5.838670e+00  1.202529e+01  1.765907e+01  3.179129e+01 
 5.217169e+00  5.700770e+00  1.170919e+01  1.719264e+01  3.095224e+01 
 5.289893e+00  5.567926e+00  1.140304e+01  1.674093e+01  3.014151e+01 
 5.363631e+00  5.435306e+00  1.110394e+01  1.629399e+01  2.934980e+01 
 5.438397e+00  5.306734e+00  1.081178e+01  1.586250e+01  2.857485e+01 
 5.514206e+00  5.180439e+00  1.052771e+01  1.544288e+01  2.782487e+01 
 5.591071e+00  5.055632e+00  1.025327e+01  1.503312e+01  2.709555e+01 
 5.669007e+00  4.936523e+00  9.984030e+00  1.463887e+01  2.638510e+01 
 5.748030e+00  4.818714e+00  9.724092e+00  1.425350e+01  2.569272e+01 
 5.828155e+00  4.704189e+00  9.471687e+00  1.388026e+01  2.502154e+01 
 5.909396e+00  4.592435e+00  9.225718e+00  1.351728e+01  2.437269e+01 
 5.991770e+00  4.482909e+00  8.986196e+00  1.316436e+01  2.373799e+01 
 6.075292e+00  4.376485e+00  8.754945e+00  1.282210e+01  2.312085e+01 
 6.159978e+00  4.270188e+00  8.528913e+00  1.248811e+01  2.252060e+01 
 6.245845e+00  4.169368e+00  8.308107e+00  1.216209e+01  2.193104e+01 
 6.332908e+00  4.068030e+00  8.090341e+00  1.184170e+01  2.135439e+01 
 6.421186e+00  3.969447e+00  7.878967e+00  1.152783e+01  2.078899e+01 
 6.510694e+00  3.871979e+00  7.671527e+00  1.122332e+01  2.023707e+01 
 6.601449e+00  3.777276e+00  7.470116e+00  1.092518e+01  1.969973e+01 
 6.693470e+00  3.684202e+00  7.272764e+00  1.063370e+01  1.917395e+01 
 6.786773e+00  3.593184e+00  7.081945e+00  1.035065e+01  1.866215e+01 
 6.881377e+00  3.504975e+00  6.895410e+00  1.007606e+01  1.816312e+01 
 6.977300e+00  3.418836e+00  6.715005e+00  9.809802e+00  1.767993e+01 
 7.074559e+00  3.335130e+00  6.539121e+00  9.549778e+00  1.720889e+01 
 7.173175e+00  3.253300e+00  6.369011e+00  9.298358e+00  1.675278e+01 
 7.273165e+00  3.174100e+00  6.204130e+00  9.054551e+00  1.630867e+01 
 7.374549e+00  3.096832e+00  6.043166e+00  8.816624e+00  1.587799e+01 
 7.477346e+00  3.021466e+00  5.887951e+00  8.587643e+00  1.545984e+01 
 7.581576e+00  2.948672e+00  5.735702e+00  8.363204e+00  1.505220e+01 
 7.687260e+00  2.877229e+00  5.588194e+00  8.145117e+00  1.465593e+01 
 7.794416e+00  2.807170e+00  5.444086e+00  7.930265e+00  1.426785e+01 
 7.903066e+00  2.738616e+00  5.302566e+00  7.721361e+00  1.388655e+01 
 8.013230e+00  2.671462e+00  5.164698e+00  7.518209e+00  1.351459e+01 
 8.124930e+00  2.605486e+00  5.029975e+00  7.318513e+00  1.315043e+01 
 8.238187e+00  2.541352e+00  4.898006e+00  7.123431e+00  1.279597e+01 
 8.353023e+00  2.478542e+00  4.769918e+00  6.933948e+00  1.244952e+01 
 8.469460e+00  2.417518e+00  4.645251e+00  6.749414e+00  1.211294e+01 
 8.587519e+00  2.358128e+00  4.523757e+00  6.569981e+00  1.178566e+01 
 8.707225e+00  2.300363e+00  4.405584e+00  6.395793e+00  1.146712e+01 
 8.828599e+00  2.244201e+00  4.291663e+00  6.226340e+00  1.115758e+01 
 8.951665e+00  2.189518e+00  4.180794e+00  6.062230e+00  1.085774e+01 
 9.076446e+00  2.136585e+00  4.073364e+00  5.903434e+00  1.056721e+01 
 9.202967e+00  2.085201e+00  3.968916e+00  5.748958e+00  1.028434e+01 
 9.331251e+00  2.035244e+00  3.867396e+00  5.598774e+00  1.000973e+01 
 9.461324e+00  0.000000e+00  0.000000e+00  0.000000e+00  0.000000e+00 
 9.593209e+00  0.000000e+00  0.000000e+00  0.000000e+00  0.000000e+00 
 9.726934e+00  0.000000e+00  0.000000e+00  0.000000e+00  0.000000e+00 
 9.862522e+00  0.000000e+00  0.000000e+00  0.000000e+00  0.000000e+00 
 1.000000e+01  0.000000e+00  0.000000e+00  0.000000e+00  0.000000e+00 
