 1.000000e-02  5.379954e+03  9.812040e+03  1.327939e+04  1.982150e+04 
 1.013939e-02  5.409096e+03  9.865035e+03  1.335084e+04  1.992786e+04 
 1.028073e-02  5.437762e+03  9.917181e+03  1.342108e+04  2.003239e+04 
 1.042404e-02  5.465885e+03  9.968300e+03  1.349005e+04  2.013478e+04 
 1.056935e-02  5.493397e+03  1.001825e+04  1.355753e+04  2.023482e+04 
 1.071668e-02  5.520314e+03  1.006712e+04  1.362346e+04  2.033268e+04 
 1.086606e-02  5.546732e+03  1.011504e+04  1.368810e+04  2.042881e+04 
 1.101753e-02  5.572635e+03  1.016202e+04  1.375146e+04  2.052305e+04 
 1.117111e-02  5.597983e+03  1.020800e+04  1.381354e+04  2.061514e+04 
 1.132683e-02  5.622746e+03  1.025294e+04  1.387420e+04  2.070505e+04 
 1.148472e-02  5.646899e+03  1.029677e+04  1.393333e+04  2.079273e+04 
 1.164481e-02  5.670414e+03  1.033943e+04  1.399087e+04  2.087818e+04 
 1.180713e-02  5.693298e+03  1.038092e+04  1.404681e+04  2.096122e+04 
 1.197171e-02  5.715533e+03  1.042121e+04  1.410113e+04  2.104176e+04 
 1.213859e-02  5.737086e+03  1.046024e+04  1.415372e+04  2.111970e+04 
 1.230780e-02  5.757920e+03  1.049798e+04  1.420456e+04  2.119505e+04 
 1.247936e-02  5.778050e+03  1.053443e+04  1.425367e+04  2.126790e+04 
 1.265332e-02  5.797458e+03  1.056956e+04  1.430099e+04  2.133799e+04 
 1.282970e-02  5.816108e+03  1.060330e+04  1.434642e+04  2.140519e+04 
 1.300854e-02  5.833945e+03  1.063556e+04  1.438984e+04  2.146938e+04 
 1.318987e-02  5.850863e+03  1.066614e+04  1.443092e+04  2.153015e+04 
 1.337373e-02  5.866902e+03  1.069511e+04  1.446982e+04  2.158768e+04 
 1.356015e-02  5.882198e+03  1.072273e+04  1.450691e+04  2.164259e+04 
 1.374917e-02  5.896719e+03  1.074891e+04  1.454211e+04  2.169470e+04 
 1.394083e-02  5.910379e+03  1.077354e+04  1.457523e+04  2.174356e+04 
 1.413516e-02  5.923156e+03  1.079654e+04  1.460617e+04  2.178910e+04 
 1.433219e-02  5.935000e+03  1.081784e+04  1.463477e+04  2.183117e+04 
 1.453198e-02  5.945898e+03  1.083741e+04  1.466106e+04  2.186964e+04 
 1.473454e-02  5.955853e+03  1.085526e+04  1.468502e+04  2.190468e+04 
 1.493993e-02  5.964841e+03  1.087136e+04  1.470648e+04  2.193624e+04 
 1.514819e-02  5.972897e+03  1.088575e+04  1.472559e+04  2.196453e+04 
 1.535935e-02  5.979962e+03  1.089836e+04  1.474233e+04  2.198912e+04 
 1.557345e-02  5.985978e+03  1.090906e+04  1.475661e+04  2.200974e+04 
 1.579053e-02  5.990955e+03  1.091783e+04  1.476836e+04  2.202647e+04 
 1.601064e-02  5.994922e+03  1.092476e+04  1.477755e+04  2.203950e+04 
 1.623382e-02  5.997839e+03  1.092978e+04  1.478403e+04  2.204878e+04 
 1.646012e-02  5.999631e+03  1.093275e+04  1.478776e+04  2.205394e+04 
 1.668956e-02  6.000303e+03  1.093367e+04  1.478874e+04  2.205493e+04 
 1.692220e-02  5.999822e+03  1.093248e+04  1.478690e+04  2.205165e+04 
 1.715809e-02  5.998158e+03  1.092915e+04  1.478216e+04  2.204402e+04 
 1.739726e-02  5.995333e+03  1.092370e+04  1.477453e+04  2.203209e+04 
 1.763977e-02  5.991333e+03  1.091610e+04  1.476401e+04  2.201583e+04 
 1.788566e-02  5.986135e+03  1.090634e+04  1.475054e+04  2.199513e+04 
 1.813498e-02  5.979743e+03  1.089437e+04  1.473411e+04  2.196998e+04 
 1.838777e-02  5.972133e+03  1.088019e+04  1.471466e+04  2.194042e+04 
 1.864409e-02  5.963286e+03  1.086375e+04  1.469217e+04  2.190639e+04 
 1.890397e-02  5.953191e+03  1.084502e+04  1.466660e+04  2.186781e+04 
 1.916748e-02  5.941820e+03  1.082400e+04  1.463792e+04  2.182462e+04 
 1.943467e-02  5.929191e+03  1.080068e+04  1.460613e+04  2.177675e+04 
 1.970558e-02  5.915285e+03  1.077505e+04  1.457119e+04  2.172414e+04 
 1.998026e-02  5.900106e+03  1.074707e+04  1.453310e+04  2.166682e+04 
 2.025878e-02  5.883676e+03  1.071682e+04  1.449192e+04  2.160494e+04 
 2.054117e-02  5.865981e+03  1.068424e+04  1.444762e+04  2.153848e+04 
 2.082751e-02  5.846988e+03  1.064930e+04  1.440015e+04  2.146718e+04 
 2.111783e-02  5.826698e+03  1.061199e+04  1.434946e+04  2.139100e+04 
 2.141220e-02  5.805211e+03  1.057249e+04  1.429575e+04  2.131018e+04 
 2.171068e-02  5.782976e+03  1.053137e+04  1.423962e+04  2.122524e+04 
 2.201331e-02  5.759464e+03  1.048793e+04  1.418034e+04  2.113570e+04 
 2.232016e-02  5.734680e+03  1.044219e+04  1.411794e+04  2.104159e+04 
 2.263130e-02  5.708627e+03  1.039413e+04  1.405241e+04  2.094276e+04 
 2.294676e-02  5.681315e+03  1.034376e+04  1.398378e+04  2.083923e+04 
 2.326663e-02  5.652756e+03  1.029110e+04  1.391207e+04  2.073107e+04 
 2.359095e-02  5.622957e+03  1.023621e+04  1.383729e+04  2.061838e+04 
 2.391980e-02  5.591940e+03  1.017911e+04  1.375953e+04  2.050123e+04 
 2.425323e-02  5.559716e+03  1.011983e+04  1.367884e+04  2.037975e+04 
 2.459130e-02  5.526297e+03  1.005835e+04  1.359517e+04  2.025391e+04 
 2.493409e-02  5.491708e+03  9.994752e+03  1.350866e+04  2.012376e+04 
 2.528166e-02  5.455973e+03  9.929048e+03  1.341932e+04  1.998944e+04 
 2.563407e-02  5.419123e+03  9.861331e+03  1.332725e+04  1.985104e+04 
 2.599140e-02  5.381183e+03  9.791639e+03  1.323251e+04  1.970866e+04 
 2.635371e-02  5.342176e+03  9.720004e+03  1.313515e+04  1.956238e+04 
 2.672106e-02  5.302120e+03  9.646470e+03  1.303522e+04  1.941228e+04 
 2.709354e-02  5.261065e+03  9.571114e+03  1.293281e+04  1.925852e+04 
 2.747121e-02  5.219035e+03  9.493996e+03  1.282803e+04  1.910127e+04 
 2.785414e-02  5.176005e+03  9.415085e+03  1.272086e+04  1.894049e+04 
 2.824241e-02  5.131756e+03  9.334039e+03  1.261093e+04  1.877584e+04 
 2.863610e-02  5.086662e+03  9.251470e+03  1.249892e+04  1.860810e+04 
 2.903527e-02  5.040763e+03  9.167443e+03  1.238496e+04  1.843745e+04 
 2.944000e-02  4.994109e+03  9.082039e+03  1.226914e+04  1.826405e+04 
 2.985038e-02  4.946740e+03  8.995354e+03  1.215157e+04  1.808809e+04 
 3.026648e-02  4.898722e+03  8.907467e+03  1.203242e+04  1.790974e+04 
 3.068838e-02  4.850092e+03  8.818494e+03  1.191177e+04  1.772918e+04 
 3.111616e-02  4.800908e+03  8.728515e+03  1.178980e+04  1.754664e+04 
 3.154990e-02  4.751225e+03  8.637658e+03  1.166663e+04  1.736235e+04 
 3.198969e-02  4.701105e+03  8.546009e+03  1.154239e+04  1.717646e+04 
 3.243561e-02  4.650605e+03  8.453664e+03  1.141723e+04  1.698920e+04 
 3.288774e-02  4.599785e+03  8.360728e+03  1.129128e+04  1.680078e+04 
 3.334618e-02  4.548705e+03  8.267323e+03  1.116470e+04  1.661143e+04 
 3.381101e-02  4.497426e+03  8.173563e+03  1.103763e+04  1.642137e+04 
 3.428231e-02  4.446003e+03  8.079551e+03  1.091025e+04  1.623081e+04 
 3.476019e-02  4.394385e+03  7.985501e+03  1.078316e+04  1.604168e+04 
 3.524473e-02  4.342760e+03  7.891450e+03  1.065606e+04  1.585261e+04 
 3.573602e-02  4.291203e+03  7.797513e+03  1.052911e+04  1.566375e+04 
 3.623416e-02  4.239764e+03  7.703799e+03  1.040247e+04  1.547534e+04 
 3.673925e-02  4.188504e+03  7.610425e+03  1.027626e+04  1.528760e+04 
 3.725137e-02  4.137483e+03  7.517488e+03  1.015068e+04  1.510072e+04 
 3.777064e-02  4.086771e+03  7.425120e+03  1.002585e+04  1.491496e+04 
 3.829714e-02  4.036438e+03  7.333432e+03  9.901947e+03  1.473057e+04 
 3.883098e-02  3.986536e+03  7.242542e+03  9.779109e+03  1.454774e+04 
 3.937226e-02  3.937117e+03  7.152528e+03  9.657456e+03  1.436667e+04 
 3.992109e-02  3.888233e+03  7.063492e+03  9.537109e+03  1.418759e+04 
 4.047757e-02  3.839938e+03  6.975496e+03  9.418128e+03  1.401040e+04 
 4.104181e-02  3.792058e+03  6.887645e+03  9.298716e+03  1.383062e+04 
 4.161391e-02  3.744883e+03  6.801081e+03  9.181043e+03  1.365347e+04 
 4.219398e-02  3.698454e+03  6.715874e+03  9.065218e+03  1.347904e+04 
 4.278214e-02  3.652811e+03  6.632103e+03  8.951312e+03  1.330753e+04 
 4.337850e-02  3.607989e+03  6.549840e+03  8.839450e+03  1.313907e+04 
 4.398317e-02  3.564028e+03  6.469160e+03  8.729731e+03  1.297379e+04 
 4.459628e-02  3.520960e+03  6.390122e+03  8.622207e+03  1.281178e+04 
 4.521792e-02  3.478815e+03  6.312753e+03  8.516962e+03  1.265315e+04 
 4.584824e-02  3.437606e+03  6.237087e+03  8.414018e+03  1.249796e+04 
 4.648734e-02  3.397342e+03  6.163144e+03  8.313400e+03  1.234622e+04 
 4.713535e-02  3.358228e+03  6.092089e+03  8.217515e+03  1.220381e+04 
 4.779239e-02  3.320195e+03  6.023460e+03  8.125408e+03  1.206837e+04 
 4.845859e-02  3.283127e+03  5.956583e+03  8.035666e+03  1.193638e+04 
 4.913407e-02  3.247005e+03  5.891424e+03  7.948236e+03  1.180782e+04 
 4.981898e-02  3.211812e+03  5.827955e+03  7.863072e+03  1.168260e+04 
 5.051342e-02  3.177523e+03  5.766134e+03  7.780120e+03  1.156067e+04 
 5.121755e-02  3.144121e+03  5.705917e+03  7.699325e+03  1.144191e+04 
 5.193150e-02  3.111578e+03  5.647241e+03  7.620595e+03  1.132622e+04 
 5.265540e-02  3.079831e+03  5.590013e+03  7.543821e+03  1.121343e+04 
 5.338938e-02  3.048577e+03  5.533211e+03  7.467134e+03  1.109947e+04 
 5.413360e-02  3.017719e+03  5.476572e+03  7.390111e+03  1.098342e+04 
 5.488820e-02  2.987536e+03  5.421149e+03  7.314725e+03  1.086982e+04 
 5.565331e-02  2.957941e+03  5.366785e+03  7.240768e+03  1.075836e+04 
 5.642908e-02  2.928761e+03  5.313177e+03  7.167815e+03  1.064842e+04 
 5.721568e-02  2.899866e+03  5.260112e+03  7.095596e+03  1.053957e+04 
 5.801323e-02  2.871448e+03  5.207924e+03  7.024560e+03  1.043249e+04 
 5.882190e-02  2.843777e+03  5.157096e+03  6.955368e+03  1.032815e+04 
 5.964185e-02  2.816866e+03  5.107999e+03  6.888887e+03  1.022885e+04 
 6.047322e-02  2.790443e+03  5.060757e+03  6.825948e+03  1.013760e+04 
 6.131619e-02  2.763407e+03  5.012399e+03  6.761485e+03  1.004411e+04 
 6.217090e-02  2.735805e+03  4.963009e+03  6.695610e+03  9.948525e+03 
 6.303753e-02  2.707782e+03  4.912846e+03  6.628696e+03  9.851381e+03 
 6.391624e-02  2.679462e+03  4.862142e+03  6.561062e+03  9.753148e+03 
 6.480720e-02  2.650754e+03  4.810729e+03  6.492466e+03  9.653453e+03 
 6.571058e-02  2.621485e+03  4.758292e+03  6.422493e+03  9.551700e+03 
 6.662655e-02  2.590280e+03  4.700401e+03  6.343085e+03  9.430126e+03 
 6.755528e-02  2.558234e+03  4.640933e+03  6.261497e+03  9.305187e+03 
 6.849697e-02  2.525331e+03  4.579924e+03  6.177847e+03  9.177225e+03 
 6.945178e-02  2.491524e+03  4.517278e+03  6.092001e+03  9.046070e+03 
 7.041990e-02  2.456765e+03  4.452916e+03  6.003866e+03  8.911566e+03 
 7.140151e-02  2.421005e+03  4.386763e+03  5.913329e+03  8.773557e+03 
 7.239681e-02  2.384465e+03  4.319490e+03  5.821627e+03  8.634947e+03 
 7.340598e-02  2.347193e+03  4.251225e+03  5.729012e+03  8.496329e+03 
 7.442922e-02  2.308884e+03  4.181093e+03  5.633888e+03  8.354022e+03 
 7.546673e-02  2.269565e+03  4.109139e+03  5.536330e+03  8.208123e+03 
 7.651869e-02  2.229286e+03  4.035452e+03  5.436445e+03  8.058798e+03 
 7.758532e-02  2.188105e+03  3.960143e+03  5.334390e+03  7.906289e+03 
 7.866682e-02  2.146977e+03  3.886125e+03  5.235258e+03  7.761028e+03 
 7.976339e-02  2.106536e+03  3.815271e+03  5.142278e+03  7.629585e+03 
 8.087525e-02  2.065432e+03  3.743163e+03  5.047531e+03  7.495330e+03 
 8.200261e-02  2.023799e+03  3.670026e+03  4.951327e+03  7.358741e+03 
 8.314568e-02  1.981783e+03  3.596109e+03  4.854015e+03  7.220321e+03 
 8.430468e-02  1.939538e+03  3.521718e+03  4.755980e+03  7.080634e+03 
 8.547985e-02  1.896324e+03  3.444169e+03  4.652364e+03  6.929439e+03 
 8.667139e-02  1.852835e+03  3.365480e+03  4.546571e+03  6.773475e+03 
 8.787954e-02  1.809700e+03  3.287420e+03  4.441613e+03  6.618691e+03 
 8.910453e-02  1.767115e+03  3.210334e+03  4.337952e+03  6.465783e+03 
 9.034660e-02  1.725253e+03  3.134552e+03  4.236034e+03  6.315421e+03 
 9.160598e-02  1.684963e+03  3.062546e+03  4.140031e+03  6.175696e+03 
 9.288292e-02  1.646338e+03  2.994379e+03  4.049914e+03  6.046328e+03 
 9.417766e-02  1.608920e+03  2.928324e+03  3.962568e+03  5.920888e+03 
 9.549045e-02  1.572847e+03  2.864643e+03  3.878357e+03  5.799934e+03 
 9.682153e-02  1.538232e+03  2.803565e+03  3.797628e+03  5.683993e+03 
 9.817117e-02  1.505453e+03  2.746176e+03  3.722225e+03  5.576767e+03 
 9.953962e-02  1.474442e+03  2.692088e+03  3.651327e+03  5.476450e+03 
 1.009272e-01  1.445156e+03  2.641076e+03  3.584489e+03  5.382032e+03 
 1.023340e-01  1.417602e+03  2.593156e+03  3.521807e+03  5.293648e+03 
 1.037605e-01  1.391105e+03  2.546321e+03  3.459847e+03  5.204548e+03 
 1.052069e-01  1.363824e+03  2.495038e+03  3.389095e+03  5.096091e+03 
 1.066734e-01  1.338296e+03  2.447010e+03  3.322749e+03  4.994319e+03 
 1.081604e-01  1.314425e+03  2.402017e+03  3.260557e+03  4.898818e+03 
 1.096681e-01  1.292064e+03  2.359810e+03  3.202176e+03  4.809072e+03 
 1.111968e-01  1.271470e+03  2.321357e+03  3.149162e+03  4.727475e+03 
 1.127468e-01  1.252077e+03  2.285144e+03  3.099215e+03  4.650510e+03 
 1.143184e-01  1.233680e+03  2.250770e+03  3.051777e+03  4.577339e+03 
 1.159120e-01  1.216036e+03  2.217786e+03  3.006232e+03  4.507057e+03 
 1.175277e-01  1.199970e+03  2.188836e+03  2.967131e+03  4.448472e+03 
 1.191660e-01  1.184289e+03  2.160680e+03  2.929199e+03  4.391809e+03 
 1.208271e-01  1.168668e+03  2.132619e+03  2.891400e+03  4.335351e+03 
 1.225114e-01  1.152810e+03  2.104126e+03  2.853050e+03  4.278185e+03 
 1.242191e-01  1.136233e+03  2.074234e+03  2.812898e+03  4.219327e+03 
 1.259506e-01  1.119044e+03  2.043220e+03  2.771177e+03  4.158145e+03 
 1.277063e-01  1.101081e+03  2.010769e+03  2.727565e+03  4.094082e+03 
 1.294865e-01  1.082546e+03  1.977425e+03  2.682770e+03  4.027830e+03 
 1.312915e-01  1.063388e+03  1.943126e+03  2.636651e+03  3.959171e+03 
 1.331216e-01  1.043144e+03  1.906850e+03  2.587839e+03  3.886495e+03 
 1.349772e-01  1.021862e+03  1.868689e+03  2.536526e+03  3.810216e+03 
 1.368587e-01  1.000754e+03  1.832776e+03  2.490491e+03  3.748291e+03 
 1.387665e-01  9.787100e+02  1.795077e+03  2.441925e+03  3.682330e+03 
 1.407008e-01  9.558729e+02  1.755819e+03  2.391134e+03  3.612794e+03 
 1.426621e-01  9.332015e+02  1.716918e+03  2.340461e+03  3.541464e+03 
 1.446507e-01  9.104025e+02  1.677742e+03  2.289242e+03  3.468487e+03 
 1.466671e-01  8.874551e+02  1.638156e+03  2.237376e+03  3.394344e+03 
 1.487115e-01  8.624762e+02  1.592792e+03  2.176266e+03  3.304221e+03 
 1.507845e-01  8.365402e+02  1.544365e+03  2.110062e+03  3.204999e+03 
 1.528864e-01  8.114300e+02  1.497449e+03  2.045916e+03  3.108869e+03 
 1.550175e-01  7.892504e+02  1.457878e+03  1.993309e+03  3.032945e+03 
 1.571784e-01  7.695636e+02  1.424209e+03  1.949754e+03  2.972526e+03 
 1.593694e-01  7.511545e+02  1.392784e+03  1.909124e+03  2.916323e+03 
 1.615909e-01  7.346335e+02  1.365074e+03  1.873635e+03  2.867690e+03 
 1.638434e-01  7.197413e+02  1.340416e+03  1.842296e+03  2.825196e+03 
 1.661273e-01  7.062596e+02  1.318275e+03  1.814296e+03  2.787634e+03 
 1.684430e-01  6.908569e+02  1.289822e+03  1.775852e+03  2.731499e+03 
 1.707910e-01  6.763602e+02  1.262718e+03  1.739042e+03  2.677482e+03 
 1.731717e-01  6.635701e+02  1.239209e+03  1.707390e+03  2.631384e+03 
 1.755856e-01  6.540118e+02  1.223429e+03  1.687174e+03  2.603002e+03 
 1.780332e-01  6.450762e+02  1.208775e+03  1.668488e+03  2.576936e+03 
 1.805149e-01  6.347488e+02  1.189353e+03  1.641428e+03  2.534500e+03 
 1.830312e-01  6.234983e+02  1.166937e+03  1.609181e+03  2.482029e+03 
 1.855825e-01  6.122244e+02  1.144516e+03  1.577704e+03  2.431622e+03 
 1.881694e-01  6.012422e+02  1.124766e+03  1.551569e+03  2.394297e+03 
 1.907924e-01  5.897240e+02  1.104304e+03  1.524036e+03  2.354797e+03 
 1.934520e-01  5.770158e+02  1.081093e+03  1.493179e+03  2.311272e+03 
 1.961486e-01  5.634338e+02  1.056160e+03  1.459955e+03  2.264346e+03 
 1.988828e-01  5.504025e+02  1.032975e+03  1.429331e+03  2.220987e+03 
 2.016551e-01  5.385296e+02  1.012964e+03  1.403377e+03  2.184198e+03 
 2.044661e-01  5.259258e+02  9.912302e+02  1.374766e+03  2.142870e+03 
 2.073162e-01  5.118605e+02  9.649988e+02  1.338583e+03  2.087649e+03 
 2.102061e-01  4.977323e+02  9.386346e+02  1.302201e+03  2.032065e+03 
 2.131362e-01  4.876381e+02  9.241254e+02  1.285172e+03  2.010084e+03 
 2.161073e-01  4.780197e+02  9.105673e+02  1.269500e+03  1.990202e+03 
 2.191197e-01  4.656502e+02  8.893447e+02  1.242315e+03  1.954063e+03 
 2.221741e-01  4.533098e+02  8.675562e+02  1.214064e+03  1.916405e+03 
 2.252711e-01  4.423997e+02  8.489562e+02  1.190456e+03  1.885314e+03 
 2.284112e-01  4.325908e+02  8.325418e+02  1.169900e+03  1.858623e+03 
 2.315951e-01  4.241600e+02  8.177770e+02  1.150055e+03  1.828310e+03 
 2.348235e-01  4.167209e+02  8.045484e+02  1.131789e+03  1.798835e+03 
 2.380968e-01  4.078528e+02  7.873452e+02  1.107730e+03  1.762015e+03 
 2.414157e-01  3.989527e+02  7.697784e+02  1.083107e+03  1.724747e+03 
 2.447809e-01  3.899902e+02  7.527135e+02  1.059808e+03  1.689729e+03 
 2.481930e-01  3.812332e+02  7.361738e+02  1.037313e+03  1.655943e+03 
 2.516527e-01  3.759475e+02  7.277058e+02  1.026218e+03  1.639253e+03 
 2.551606e-01  3.693870e+02  7.163293e+02  1.011008e+03  1.616674e+03 
 2.587174e-01  3.594196e+02  6.970169e+02  9.845877e+02  1.578350e+03 
 2.623238e-01  3.509260e+02  6.816986e+02  9.641872e+02  1.549260e+03 
 2.659804e-01  3.440771e+02  6.707787e+02  9.504022e+02  1.530318e+03 
 2.696881e-01  3.350724e+02  6.546058e+02  9.287867e+02  1.498087e+03 
 2.734474e-01  3.255230e+02  6.370726e+02  9.051441e+02  1.462463e+03 
 2.772591e-01  3.184226e+02  6.256490e+02  8.911350e+02  1.444962e+03 
 2.811239e-01  3.110186e+02  6.129780e+02  8.752503e+02  1.425717e+03 
 2.850426e-01  3.032990e+02  5.988364e+02  8.571726e+02  1.404805e+03 
 2.890160e-01  2.964868e+02  5.874138e+02  8.425651e+02  1.383985e+03 
 2.930447e-01  2.902192e+02  5.766812e+02  8.281696e+02  1.361269e+03 
 2.971296e-01  2.842905e+02  5.648704e+02  8.102414e+02  1.330119e+03 
 3.012714e-01  2.789618e+02  5.557949e+02  7.982666e+02  1.312393e+03 
 3.054710e-01  2.736504e+02  5.471633e+02  7.876917e+02  1.298705e+03 
 3.097291e-01  2.671132e+02  5.353648e+02  7.724583e+02  1.278586e+03 
 3.140465e-01  2.611036e+02  5.233686e+02  7.551900e+02  1.250110e+03 
 3.184242e-01  2.557037e+02  5.127473e+02  7.398601e+02  1.224635e+03 
 3.228628e-01  2.514143e+02  5.059107e+02  7.315182e+02  1.214896e+03 
 3.273634e-01  2.451902e+02  4.936005e+02  7.139407e+02  1.186872e+03 
 3.319266e-01  2.387530e+02  4.813329e+02  6.971273e+02  1.161796e+03 
 3.365535e-01  2.326837e+02  4.707515e+02  6.837133e+02  1.144277e+03 
 3.412449e-01  2.285610e+02  4.653597e+02  6.772643e+02  1.133766e+03 
 3.460016e-01  2.240630e+02  4.581083e+02  6.679562e+02  1.120661e+03 
 3.508247e-01  2.197003e+02  4.503926e+02  6.577133e+02  1.105864e+03 
 3.557150e-01  2.155079e+02  4.426435e+02  6.472624e+02  1.090056e+03 
 3.606735e-01  2.106824e+02  4.341111e+02  6.361263e+02  1.074402e+03 
 3.657011e-01  2.048450e+02  4.231736e+02  6.213370e+02  1.054346e+03 
 3.707988e-01  2.002170e+02  4.144336e+02  6.095317e+02  1.036990e+03 
 3.759675e-01  1.959709e+02  4.064387e+02  5.986538e+02  1.020896e+03 
 3.812083e-01  1.915278e+02  3.984943e+02  5.879659e+02  1.005511e+03 
 3.865221e-01  1.877294e+02  3.929463e+02  5.813670e+02  9.939463e+02 
 3.919100e-01  1.838502e+02  3.840223e+02  5.679477e+02  9.760970e+02 
 3.973730e-01  1.794192e+02  3.768494e+02  5.590357e+02  9.618451e+02 
 4.029122e-01  1.759446e+02  3.714477e+02  5.514898e+02  9.477428e+02 
 4.085286e-01  1.724113e+02  3.638942e+02  5.407592e+02  9.325511e+02 
 4.142232e-01  1.681282e+02  3.552584e+02  5.295121e+02  9.189545e+02 
 4.199973e-01  1.640237e+02  3.483130e+02  5.207921e+02  9.061763e+02 
 4.258518e-01  1.608071e+02  3.423608e+02  5.122825e+02  8.912125e+02 
 4.317880e-01  1.573922e+02  3.356387e+02  5.023654e+02  8.763027e+02 
 4.378069e-01  1.544118e+02  3.298175e+02  4.941222e+02  8.626250e+02 
 4.439097e-01  1.519221e+02  3.260516e+02  4.897375e+02  8.591713e+02 
 4.500975e-01  1.478954e+02  3.186224e+02  4.795605e+02  8.440314e+02 
 4.563716e-01  1.444815e+02  3.116755e+02  4.694539e+02  8.257976e+02 
 4.627332e-01  1.423207e+02  3.087681e+02  4.664241e+02  8.230747e+02 
 4.691835e-01  1.387624e+02  3.017192e+02  4.562095e+02  8.056642e+02 
 4.757236e-01  1.361956e+02  2.967991e+02  4.496157e+02  7.958178e+02 
 4.823549e-01  1.327260e+02  2.897088e+02  4.397580e+02  7.829914e+02 
 4.890787e-01  1.300150e+02  2.845059e+02  4.326840e+02  7.717052e+02 
 4.958962e-01  1.280104e+02  2.806201e+02  4.265891e+02  7.603684e+02 
 5.028087e-01  1.252989e+02  2.759576e+02  4.203157e+02  7.513534e+02 
 5.098176e-01  1.230817e+02  2.719264e+02  4.143469e+02  7.392622e+02 
 5.169242e-01  1.210433e+02  2.681328e+02  4.093320e+02  7.325968e+02 
 5.241298e-01  1.171844e+02  2.616366e+02  4.014165e+02  7.230244e+02 
 5.314359e-01  1.152025e+02  2.585433e+02  3.970992e+02  7.160791e+02 
 5.388438e-01  1.128720e+02  2.533202e+02  3.893307e+02  7.044012e+02 
 5.463550e-01  1.109500e+02  2.495150e+02  3.835996e+02  6.948979e+02 
 5.539709e-01  1.081102e+02  2.446394e+02  3.773945e+02  6.850262e+02 
 5.616930e-01  1.062881e+02  2.410962e+02  3.723459e+02  6.772629e+02 
 5.695227e-01  1.042822e+02  2.379376e+02  3.684276e+02  6.684620e+02 
 5.774615e-01  1.019918e+02  2.326340e+02  3.606551e+02  6.575993e+02 
 5.855110e-01  1.002390e+02  2.293226e+02  3.554325e+02  6.488664e+02 
 5.936727e-01  9.801597e+01  2.241595e+02  3.484229e+02  6.384776e+02 
 6.019482e-01  9.645360e+01  2.218334e+02  3.444851e+02  6.311068e+02 
 6.103390e-01  9.425714e+01  2.181232e+02  3.395866e+02  6.220390e+02 
 6.188468e-01  9.222328e+01  2.148884e+02  3.368830e+02  6.201175e+02 
 6.274732e-01  9.079158e+01  2.111377e+02  3.304321e+02  6.098698e+02 
 6.362198e-01  8.907010e+01  2.080662e+02  3.257327e+02  6.006284e+02 
 6.450884e-01  8.707026e+01  2.045615e+02  3.209037e+02  5.921497e+02 
 6.540806e-01  8.533699e+01  2.004014e+02  3.146241e+02  5.833027e+02 
 6.631981e-01  8.354784e+01  1.977268e+02  3.117605e+02  5.776428e+02 
 6.724427e-01  8.204146e+01  1.944424e+02  3.072562e+02  5.723400e+02 
 6.818162e-01  8.036752e+01  1.911030e+02  3.012328e+02  5.613122e+02 
 6.913204e-01  7.872863e+01  1.878316e+02  2.970391e+02  5.540107e+02 
 7.009570e-01  7.767772e+01  1.851934e+02  2.931977e+02  5.471396e+02 
 7.107280e-01  7.578218e+01  1.822598e+02  2.889501e+02  5.388526e+02 
 7.206351e-01  7.468894e+01  1.796668e+02  2.855255e+02  5.346539e+02 
 7.306804e-01  7.325244e+01  1.770569e+02  2.811334e+02  5.254770e+02 
 7.408657e-01  7.170449e+01  1.737574e+02  2.763709e+02  5.189244e+02 
 7.511929e-01  7.025749e+01  1.707882e+02  2.725606e+02  5.120153e+02 
 7.616642e-01  6.895452e+01  1.678919e+02  2.684819e+02  5.059267e+02 
 7.722814e-01  6.812131e+01  1.662424e+02  2.654958e+02  4.985854e+02 
 7.830465e-01  6.675507e+01  1.632462e+02  2.613016e+02  4.922210e+02 
 7.939618e-01  6.558392e+01  1.612358e+02  2.580568e+02  4.876950e+02 
 8.050292e-01  6.421331e+01  1.584503e+02  2.547946e+02  4.814551e+02 
 8.162509e-01  6.318165e+01  1.562458e+02  2.506128e+02  4.732569e+02 
 8.276289e-01  6.171616e+01  1.537682e+02  2.468661e+02  4.675093e+02 
 8.391656e-01  6.103323e+01  1.516800e+02  2.436595e+02  4.627314e+02 
 8.508632e-01  5.997469e+01  1.491939e+02  2.404300e+02  4.565823e+02 
 8.627237e-01  5.873498e+01  1.469743e+02  2.370140e+02  4.495790e+02 
 8.747496e-01  5.772011e+01  1.446590e+02  2.336961e+02  4.438100e+02 
 8.869432e-01  5.678570e+01  1.426649e+02  2.306042e+02  4.381086e+02 
 8.993067e-01  5.571698e+01  1.405054e+02  2.272523e+02  4.320376e+02 
 9.118425e-01  5.488764e+01  1.382203e+02  2.235850e+02  4.245511e+02 
 9.245531e-01  5.375717e+01  1.359903e+02  2.201869e+02  4.199333e+02 
 9.374409e-01  5.280142e+01  1.340322e+02  2.174917e+02  4.143509e+02 
 9.505083e-01  5.198436e+01  1.320260e+02  2.144359e+02  4.085158e+02 
 9.637579e-01  5.092716e+01  1.295726e+02  2.107798e+02  4.027979e+02 
 9.771921e-01  5.033336e+01  1.288654e+02  2.087417e+02  3.973385e+02 
 9.908137e-01  4.941793e+01  1.265609e+02  2.055827e+02  3.923421e+02 
 1.004625e+00  4.851925e+01  1.243059e+02  2.020686e+02  3.856856e+02 
 1.018629e+00  4.775208e+01  1.226600e+02  1.993257e+02  3.801454e+02 
 1.032828e+00  4.690299e+01  1.208455e+02  1.968557e+02  3.762966e+02 
 1.047225e+00  4.605758e+01  1.191969e+02  1.937868e+02  3.698832e+02 
 1.061823e+00  4.539608e+01  1.176314e+02  1.911889e+02  3.644686e+02 
 1.076624e+00  4.460098e+01  1.158275e+02  1.883944e+02  3.590387e+02 
 1.091632e+00  4.387799e+01  1.140502e+02  1.857630e+02  3.535362e+02 
 1.106848e+00  4.309330e+01  1.121604e+02  1.829949e+02  3.487710e+02 
 1.122277e+00  4.238215e+01  1.106451e+02  1.800776e+02  3.431130e+02 
 1.137921e+00  4.165952e+01  1.088194e+02  1.774247e+02  3.379747e+02 
 1.153783e+00  4.103939e+01  1.071791e+02  1.747493e+02  3.330900e+02 
 1.169866e+00  4.033056e+01  1.056133e+02  1.720922e+02  3.283220e+02 
 1.186174e+00  3.963935e+01  1.041259e+02  1.696080e+02  3.231016e+02 
 1.202708e+00  3.904320e+01  1.025449e+02  1.670830e+02  3.180240e+02 
 1.219473e+00  3.841655e+01  1.010584e+02  1.646929e+02  3.127120e+02 
 1.236472e+00  3.777115e+01  9.958490e+01  1.623276e+02  3.080179e+02 
 1.253708e+00  3.719040e+01  9.800832e+01  1.596841e+02  3.035641e+02 
 1.271184e+00  3.659855e+01  9.691647e+01  1.577051e+02  2.985969e+02 
 1.288904e+00  3.600981e+01  9.509068e+01  1.550034e+02  2.943057e+02 
 1.306870e+00  3.538588e+01  9.367327e+01  1.526013e+02  2.893270e+02 
 1.325087e+00  3.488071e+01  9.231978e+01  1.503099e+02  2.843997e+02 
 1.343558e+00  3.432710e+01  9.088328e+01  1.479487e+02  2.797343e+02 
 1.362287e+00  3.382178e+01  8.942925e+01  1.454393e+02  2.751636e+02 
 1.381276e+00  3.327340e+01  8.806877e+01  1.429471e+02  2.706221e+02 
 1.400531e+00  3.275726e+01  8.671699e+01  1.407575e+02  2.656731e+02 
 1.420053e+00  3.220573e+01  8.528892e+01  1.385593e+02  2.610293e+02 
 1.439848e+00  3.171133e+01  8.401960e+01  1.361777e+02  2.566273e+02 
 1.459919e+00  3.116334e+01  8.265091e+01  1.338955e+02  2.518776e+02 
 1.480269e+00  3.073480e+01  8.121352e+01  1.315757e+02  2.470535e+02 
 1.500903e+00  3.023037e+01  7.994988e+01  1.293039e+02  2.431600e+02 
 1.521825e+00  2.974565e+01  7.877889e+01  1.272788e+02  2.386035e+02 
 1.543038e+00  2.925871e+01  7.748827e+01  1.252071e+02  2.345092e+02 
 1.564548e+00  2.883840e+01  7.622428e+01  1.230216e+02  2.300918e+02 
 1.586357e+00  2.838878e+01  7.507666e+01  1.209491e+02  2.258506e+02 
 1.608469e+00  2.791975e+01  7.388779e+01  1.188940e+02  2.219245e+02 
 1.630891e+00  2.756411e+01  7.255514e+01  1.166336e+02  2.175073e+02 
 1.653624e+00  2.709310e+01  7.135308e+01  1.147316e+02  2.137629e+02 
 1.676675e+00  2.666911e+01  7.029714e+01  1.127826e+02  2.094906e+02 
 1.700047e+00  2.623684e+01  6.911521e+01  1.107357e+02  2.055714e+02 
 1.723745e+00  2.583164e+01  6.791541e+01  1.087179e+02  2.013189e+02 
 1.747773e+00  2.539886e+01  6.672660e+01  1.067091e+02  1.973543e+02 
 1.772136e+00  2.500173e+01  6.557186e+01  1.046914e+02  1.936162e+02 
 1.796838e+00  2.461840e+01  6.443909e+01  1.027773e+02  1.896748e+02 
 1.821885e+00  2.424189e+01  6.330019e+01  1.008042e+02  1.859471e+02 
 1.847281e+00  2.385646e+01  6.228805e+01  9.900672e+01  1.821972e+02 
 1.873032e+00  2.348009e+01  6.111502e+01  9.697605e+01  1.785840e+02 
 1.899141e+00  2.309123e+01  5.999272e+01  9.518119e+01  1.749095e+02 
 1.925614e+00  2.274091e+01  5.896118e+01  9.338007e+01  1.712399e+02 
 1.952456e+00  2.244184e+01  5.795268e+01  9.159813e+01  1.676830e+02 
 1.979672e+00  2.203699e+01  5.695218e+01  8.983623e+01  1.642320e+02 
 2.007267e+00  2.171871e+01  5.589497e+01  8.798144e+01  1.609346e+02 
 2.035248e+00  2.134347e+01  5.485320e+01  8.623270e+01  1.574331e+02 
 2.063618e+00  2.100352e+01  5.382185e+01  8.454470e+01  1.540683e+02 
 2.092383e+00  2.067281e+01  5.283197e+01  8.281319e+01  1.508090e+02 
 2.121550e+00  2.032713e+01  5.181101e+01  8.111091e+01  1.474746e+02 
 2.151123e+00  2.000225e+01  5.083170e+01  7.940302e+01  1.441892e+02 
 2.181109e+00  1.967178e+01  4.983964e+01  7.778213e+01  1.410793e+02 
 2.211512e+00  1.934787e+01  4.884774e+01  7.610125e+01  1.378390e+02 
 2.242340e+00  1.903428e+01  4.791868e+01  7.450981e+01  1.347841e+02 
 2.273597e+00  1.869778e+01  4.696639e+01  7.285577e+01  1.317233e+02 
 2.305289e+00  1.840752e+01  4.602653e+01  7.132683e+01  1.287673e+02 
 2.337424e+00  1.809652e+01  4.509102e+01  6.976668e+01  1.258296e+02 
 2.370006e+00  1.779275e+01  4.419079e+01  6.827531e+01  1.230742e+02 
 2.403043e+00  1.748312e+01  4.330206e+01  6.674734e+01  1.202116e+02 
 2.436540e+00  1.719817e+01  4.243512e+01  6.529590e+01  1.174416e+02 
 2.470504e+00  1.690923e+01  4.158537e+01  6.384639e+01  1.147305e+02 
 2.504942e+00  1.662331e+01  4.075083e+01  6.245359e+01  1.121148e+02 
 2.539859e+00  1.635260e+01  3.989615e+01  6.104451e+01  1.094784e+02 
 2.575263e+00  1.605994e+01  3.905199e+01  5.972328e+01  1.069602e+02 
 2.611161e+00  1.579153e+01  3.822902e+01  5.831889e+01  1.044347e+02 
 2.647559e+00  1.551584e+01  3.740620e+01  5.696017e+01  1.019237e+02 
 2.684465e+00  1.524393e+01  3.662759e+01  5.563229e+01  9.947485e+01 
 2.721885e+00  1.496145e+01  3.580039e+01  5.434887e+01  9.708053e+01 
 2.759826e+00  1.469383e+01  3.499912e+01  5.305550e+01  9.472463e+01 
 2.798297e+00  1.442876e+01  3.424565e+01  5.181095e+01  9.247841e+01 
 2.837304e+00  1.416853e+01  3.347778e+01  5.057718e+01  9.021892e+01 
 2.876854e+00  1.390884e+01  3.271861e+01  4.937253e+01  8.803365e+01 
 2.916956e+00  1.365661e+01  3.199674e+01  4.819197e+01  8.585295e+01 
 2.957617e+00  1.341059e+01  3.128565e+01  4.705405e+01  8.377949e+01 
 2.998844e+00  1.316207e+01  3.058728e+01  4.592184e+01  8.171987e+01 
 3.040646e+00  1.292083e+01  2.989210e+01  4.482152e+01  7.976936e+01 
 3.083031e+00  1.268229e+01  2.921358e+01  4.374493e+01  7.782317e+01 
 3.126007e+00  1.245220e+01  2.855634e+01  4.268969e+01  7.591374e+01 
 3.169582e+00  1.221798e+01  2.788872e+01  4.164300e+01  7.405560e+01 
 3.213764e+00  1.198747e+01  2.724646e+01  4.062515e+01  7.222964e+01 
 3.258562e+00  1.175423e+01  2.662043e+01  3.962366e+01  7.043644e+01 
 3.303985e+00  1.152630e+01  2.598132e+01  3.864371e+01  6.868259e+01 
 3.350041e+00  1.130412e+01  2.535721e+01  3.766598e+01  6.694621e+01 
 3.396739e+00  1.107532e+01  2.475311e+01  3.672975e+01  6.526020e+01 
 3.444087e+00  1.085866e+01  2.414637e+01  3.579203e+01  6.359663e+01 
 3.492096e+00  1.064263e+01  2.356675e+01  3.489753e+01  6.200703e+01 
 3.540774e+00  1.042486e+01  2.300171e+01  3.402146e+01  6.043536e+01 
 3.590130e+00  1.021649e+01  2.243693e+01  3.315044e+01  5.891851e+01 
 3.640175e+00  1.001296e+01  2.189138e+01  3.232111e+01  5.742360e+01 
 3.690917e+00  9.805497e+00  2.136515e+01  3.149549e+01  5.597634e+01 
 3.742366e+00  9.605533e+00  2.083335e+01  3.070030e+01  5.458258e+01 
 3.794533e+00  9.411271e+00  2.033295e+01  2.992775e+01  5.320120e+01 
 3.847427e+00  9.218307e+00  1.982832e+01  2.917267e+01  5.187806e+01 
 3.901058e+00  9.024137e+00  1.934704e+01  2.843694e+01  5.056732e+01 
 3.955436e+00  8.841103e+00  1.886820e+01  2.770804e+01  4.928692e+01 
 4.010573e+00  8.651872e+00  1.839705e+01  2.700581e+01  4.804475e+01 
 4.066478e+00  8.467439e+00  1.793507e+01  2.630766e+01  4.681038e+01 
 4.123163e+00  8.283809e+00  1.748591e+01  2.562656e+01  4.560839e+01 
 4.180637e+00  8.105698e+00  1.704368e+01  2.496318e+01  4.442865e+01 
 4.238913e+00  7.927687e+00  1.660551e+01  2.431199e+01  4.329083e+01 
 4.298001e+00  7.749850e+00  1.618245e+01  2.368132e+01  4.216792e+01 
 4.357913e+00  7.582397e+00  1.576878e+01  2.306678e+01  4.108656e+01 
 4.418660e+00  7.412857e+00  1.536777e+01  2.246448e+01  4.003126e+01 
 4.480254e+00  7.246254e+00  1.497350e+01  2.187918e+01  3.899905e+01 
 4.542706e+00  7.085347e+00  1.458743e+01  2.130795e+01  3.799222e+01 
 4.606029e+00  6.926395e+00  1.421884e+01  2.075846e+01  3.702455e+01 
 4.670234e+00  6.770591e+00  1.385550e+01  2.022661e+01  3.608178e+01 
 4.735335e+00  6.618618e+00  1.350325e+01  1.970380e+01  3.515794e+01 
 4.801343e+00  6.471416e+00  1.316253e+01  1.919745e+01  3.425586e+01 
 4.868271e+00  6.324763e+00  1.282611e+01  1.870173e+01  3.337927e+01 
 4.936132e+00  6.180952e+00  1.249691e+01  1.821905e+01  3.252442e+01 
 5.004939e+00  6.038569e+00  1.217648e+01  1.774542e+01  3.168407e+01 
 5.074705e+00  5.897292e+00  1.186067e+01  1.728021e+01  3.086448e+01 
 5.145444e+00  5.759816e+00  1.155306e+01  1.682684e+01  3.006360e+01 
 5.217169e+00  5.623229e+00  1.125013e+01  1.638348e+01  2.927257e+01 
 5.289893e+00  5.491408e+00  1.095681e+01  1.595451e+01  2.850774e+01 
 5.363631e+00  5.359834e+00  1.067028e+01  1.553051e+01  2.776106e+01 
 5.438397e+00  5.232566e+00  1.039054e+01  1.512289e+01  2.703060e+01 
 5.514206e+00  5.107469e+00  1.011861e+01  1.472345e+01  2.632326e+01 
 5.591071e+00  4.984085e+00  9.855750e+00  1.433500e+01  2.563581e+01 
 5.669007e+00  4.866172e+00  9.598005e+00  1.396062e+01  2.496657e+01 
 5.748030e+00  4.749578e+00  9.349249e+00  1.359481e+01  2.431394e+01 
 5.828155e+00  4.636260e+00  9.107235e+00  1.324047e+01  2.368126e+01 
 5.909396e+00  4.525508e+00  8.871468e+00  1.289550e+01  2.306845e+01 
 5.991770e+00  4.417035e+00  8.641509e+00  1.255950e+01  2.246946e+01 
 6.075292e+00  4.311445e+00  8.419200e+00  1.223329e+01  2.188541e+01 
 6.159978e+00  4.207483e+00  8.201493e+00  1.191476e+01  2.131651e+01 
 6.245845e+00  4.105454e+00  7.988269e+00  1.160300e+01  2.075665e+01 
 6.332908e+00  4.004727e+00  7.778319e+00  1.129624e+01  2.020892e+01 
 6.421186e+00  3.906796e+00  7.574369e+00  1.099648e+01  1.967273e+01 
 6.510694e+00  3.810030e+00  7.374461e+00  1.070542e+01  1.914964e+01 
 6.601449e+00  3.716027e+00  7.180386e+00  1.042077e+01  1.864029e+01 
 6.693470e+00  3.623707e+00  6.990298e+00  1.014241e+01  1.814210e+01 
 6.786773e+00  3.533580e+00  6.806437e+00  9.872224e+00  1.765765e+01 
 6.881377e+00  3.446220e+00  6.627105e+00  9.610090e+00  1.718526e+01 
 6.977300e+00  3.360971e+00  6.453390e+00  9.356174e+00  1.672802e+01 
 7.074559e+00  3.278120e+00  6.284109e+00  9.107880e+00  1.628230e+01 
 7.173175e+00  3.197160e+00  6.120306e+00  8.868067e+00  1.585057e+01 
 7.273165e+00  3.118778e+00  5.961494e+00  8.635328e+00  1.543010e+01 
 7.374549e+00  3.042305e+00  5.806503e+00  8.408112e+00  1.502212e+01 
 7.477346e+00  2.967616e+00  5.656716e+00  8.189178e+00  1.462569e+01 
 7.581576e+00  2.895352e+00  5.509806e+00  7.974380e+00  1.423879e+01 
 7.687260e+00  2.824372e+00  5.367177e+00  7.765251e+00  1.386197e+01 
 7.794416e+00  2.754686e+00  5.227515e+00  7.559617e+00  1.349231e+01 
 7.903066e+00  2.686563e+00  5.090434e+00  7.358636e+00  1.312947e+01 
 8.013230e+00  2.619817e+00  4.957140e+00  7.163883e+00  1.277594e+01 
 8.124930e+00  2.554374e+00  4.826844e+00  6.972624e+00  1.243003e+01 
 8.238187e+00  2.490786e+00  4.699434e+00  6.785823e+00  1.209357e+01 
 8.353023e+00  2.428580e+00  4.575803e+00  6.604590e+00  1.176526e+01 
 8.469460e+00  2.368194e+00  4.455552e+00  6.428264e+00  1.144624e+01 
 8.587519e+00  2.309419e+00  4.338518e+00  6.256919e+00  1.113628e+01 
 8.707225e+00  2.252298e+00  4.224699e+00  6.090608e+00  1.083501e+01 
 8.828599e+00  2.196827e+00  4.114984e+00  5.929009e+00  1.054217e+01 
 8.951665e+00  2.142826e+00  4.008258e+00  5.772402e+00  1.025874e+01 
 9.076446e+00  2.090536e+00  3.904800e+00  5.620891e+00  9.983961e+00 
 9.202967e+00  2.039758e+00  3.804224e+00  5.473552e+00  9.716447e+00 
 9.331251e+00  1.990327e+00  3.706471e+00  5.330194e+00  9.456727e+00 
 9.461324e+00  0.000000e+00  0.000000e+00  0.000000e+00  0.000000e+00 
 9.593209e+00  0.000000e+00  0.000000e+00  0.000000e+00  0.000000e+00 
 9.726934e+00  0.000000e+00  0.000000e+00  0.000000e+00  0.000000e+00 
 9.862522e+00  0.000000e+00  0.000000e+00  0.000000e+00  0.000000e+00 
 1.000000e+01  0.000000e+00  0.000000e+00  0.000000e+00  0.000000e+00 
