 1.000000e-02  5.977955e+03  1.083669e+04  1.458818e+04  2.154650e+04 
 1.013939e-02  6.007678e+03  1.089041e+04  1.466021e+04  2.165245e+04 
 1.028073e-02  6.036841e+03  1.094310e+04  1.473088e+04  2.175630e+04 
 1.042404e-02  6.065405e+03  1.099467e+04  1.480012e+04  2.185805e+04 
 1.056935e-02  6.093375e+03  1.104513e+04  1.486791e+04  2.195768e+04 
 1.071668e-02  6.120733e+03  1.109448e+04  1.493419e+04  2.205510e+04 
 1.086606e-02  6.147471e+03  1.114275e+04  1.499888e+04  2.215023e+04 
 1.101753e-02  6.173565e+03  1.118987e+04  1.506194e+04  2.224294e+04 
 1.117111e-02  6.198975e+03  1.123569e+04  1.512336e+04  2.233321e+04 
 1.132683e-02  6.223684e+03  1.128018e+04  1.518312e+04  2.242097e+04 
 1.148472e-02  6.247692e+03  1.132343e+04  1.524117e+04  2.250616e+04 
 1.164481e-02  6.270978e+03  1.136540e+04  1.529750e+04  2.258868e+04 
 1.180713e-02  6.293504e+03  1.140603e+04  1.535197e+04  2.266844e+04 
 1.197171e-02  6.315256e+03  1.144521e+04  1.540445e+04  2.274531e+04 
 1.213859e-02  6.336190e+03  1.148286e+04  1.545487e+04  2.281930e+04 
 1.230780e-02  6.356293e+03  1.151898e+04  1.550332e+04  2.289030e+04 
 1.247936e-02  6.375566e+03  1.155362e+04  1.554979e+04  2.295838e+04 
 1.265332e-02  6.393971e+03  1.158671e+04  1.559413e+04  2.302334e+04 
 1.282970e-02  6.411482e+03  1.161817e+04  1.563617e+04  2.308493e+04 
 1.300854e-02  6.428072e+03  1.164795e+04  1.567590e+04  2.314308e+04 
 1.318987e-02  6.443742e+03  1.167605e+04  1.571340e+04  2.319789e+04 
 1.337373e-02  6.458463e+03  1.170245e+04  1.574865e+04  2.324928e+04 
 1.356015e-02  6.472198e+03  1.172707e+04  1.578153e+04  2.329720e+04 
 1.374917e-02  6.484947e+03  1.174987e+04  1.581202e+04  2.334169e+04 
 1.394083e-02  6.496683e+03  1.177082e+04  1.584003e+04  2.338254e+04 
 1.413516e-02  6.507366e+03  1.178987e+04  1.586544e+04  2.341939e+04 
 1.433219e-02  6.517006e+03  1.180703e+04  1.588823e+04  2.345229e+04 
 1.453198e-02  6.525572e+03  1.182223e+04  1.590843e+04  2.348136e+04 
 1.473454e-02  6.533037e+03  1.183545e+04  1.592596e+04  2.350666e+04 
 1.493993e-02  6.539387e+03  1.184662e+04  1.594074e+04  2.352799e+04 
 1.514819e-02  6.544574e+03  1.185570e+04  1.595271e+04  2.354517e+04 
 1.535935e-02  6.548605e+03  1.186269e+04  1.596183e+04  2.355811e+04 
 1.557345e-02  6.551455e+03  1.186756e+04  1.596812e+04  2.356676e+04 
 1.579053e-02  6.553106e+03  1.187025e+04  1.597152e+04  2.357114e+04 
 1.601064e-02  6.553545e+03  1.187074e+04  1.597195e+04  2.357124e+04 
 1.623382e-02  6.552753e+03  1.186900e+04  1.596936e+04  2.356684e+04 
 1.646012e-02  6.550702e+03  1.186499e+04  1.596366e+04  2.355782e+04 
 1.668956e-02  6.547391e+03  1.185869e+04  1.595484e+04  2.354424e+04 
 1.692220e-02  6.542804e+03  1.185004e+04  1.594286e+04  2.352600e+04 
 1.715809e-02  6.536900e+03  1.183902e+04  1.592775e+04  2.350302e+04 
 1.739726e-02  6.529674e+03  1.182558e+04  1.590944e+04  2.347532e+04 
 1.763977e-02  6.521113e+03  1.180974e+04  1.588794e+04  2.344289e+04 
 1.788566e-02  6.511202e+03  1.179148e+04  1.586313e+04  2.340564e+04 
 1.813498e-02  6.499953e+03  1.177079e+04  1.583500e+04  2.336354e+04 
 1.838777e-02  6.487352e+03  1.174763e+04  1.580357e+04  2.331658e+04 
 1.864409e-02  6.473363e+03  1.172196e+04  1.576874e+04  2.326461e+04 
 1.890397e-02  6.457991e+03  1.169376e+04  1.573054e+04  2.320757e+04 
 1.916748e-02  6.441217e+03  1.166305e+04  1.568894e+04  2.314556e+04 
 1.943467e-02  6.423038e+03  1.162979e+04  1.564392e+04  2.307855e+04 
 1.970558e-02  6.403467e+03  1.159401e+04  1.559549e+04  2.300654e+04 
 1.998026e-02  6.382507e+03  1.155571e+04  1.554366e+04  2.292955e+04 
 2.025878e-02  6.360130e+03  1.151485e+04  1.548841e+04  2.284749e+04 
 2.054117e-02  6.336340e+03  1.147142e+04  1.542973e+04  2.276018e+04 
 2.082751e-02  6.311135e+03  1.142544e+04  1.536761e+04  2.266774e+04 
 2.111783e-02  6.284520e+03  1.137689e+04  1.530203e+04  2.257034e+04 
 2.141220e-02  6.256600e+03  1.132593e+04  1.523317e+04  2.246807e+04 
 2.171068e-02  6.227874e+03  1.127326e+04  1.516176e+04  2.236140e+04 
 2.201331e-02  6.197756e+03  1.121812e+04  1.508698e+04  2.224971e+04 
 2.232016e-02  6.166270e+03  1.116048e+04  1.500888e+04  2.213314e+04 
 2.263130e-02  6.133418e+03  1.110036e+04  1.492744e+04  2.201180e+04 
 2.294676e-02  6.099203e+03  1.103776e+04  1.484268e+04  2.188562e+04 
 2.326663e-02  6.063663e+03  1.097278e+04  1.475470e+04  2.175457e+04 
 2.359095e-02  6.026818e+03  1.090543e+04  1.466353e+04  2.161862e+04 
 2.391980e-02  5.988669e+03  1.083574e+04  1.456921e+04  2.147800e+04 
 2.425323e-02  5.949243e+03  1.076374e+04  1.447179e+04  2.133301e+04 
 2.459130e-02  5.908569e+03  1.068949e+04  1.437135e+04  2.118366e+04 
 2.493409e-02  5.866682e+03  1.061303e+04  1.426796e+04  2.102993e+04 
 2.528166e-02  5.823621e+03  1.053442e+04  1.416169e+04  2.087188e+04 
 2.563407e-02  5.779390e+03  1.045371e+04  1.405258e+04  2.070965e+04 
 2.599140e-02  5.734023e+03  1.037098e+04  1.394077e+04  2.054343e+04 
 2.635371e-02  5.687557e+03  1.028627e+04  1.382628e+04  2.037334e+04 
 2.672106e-02  5.640045e+03  1.019965e+04  1.370926e+04  2.019947e+04 
 2.709354e-02  5.591527e+03  1.011120e+04  1.358978e+04  2.002197e+04 
 2.747121e-02  5.542049e+03  1.002102e+04  1.346796e+04  1.984107e+04 
 2.785414e-02  5.491570e+03  9.929098e+03  1.334381e+04  1.965679e+04 
 2.824241e-02  5.439876e+03  9.835077e+03  1.321696e+04  1.946886e+04 
 2.863610e-02  5.387370e+03  9.739598e+03  1.308815e+04  1.927801e+04 
 2.903527e-02  5.334106e+03  9.642749e+03  1.295750e+04  1.908447e+04 
 2.944000e-02  5.280138e+03  9.544611e+03  1.282514e+04  1.888843e+04 
 2.985038e-02  5.225511e+03  9.445312e+03  1.269123e+04  1.869008e+04 
 3.026648e-02  5.170288e+03  9.344930e+03  1.255587e+04  1.848962e+04 
 3.068838e-02  5.114522e+03  9.243599e+03  1.241924e+04  1.828728e+04 
 3.111616e-02  5.058300e+03  9.141423e+03  1.228148e+04  1.808331e+04 
 3.154990e-02  5.001684e+03  9.038543e+03  1.214277e+04  1.787796e+04 
 3.198969e-02  4.944745e+03  8.935087e+03  1.200330e+04  1.767149e+04 
 3.243561e-02  4.887535e+03  8.831140e+03  1.186320e+04  1.746411e+04 
 3.288774e-02  4.830122e+03  8.726838e+03  1.172262e+04  1.725602e+04 
 3.334618e-02  4.772571e+03  8.622303e+03  1.158172e+04  1.704748e+04 
 3.381101e-02  4.714974e+03  8.517676e+03  1.144071e+04  1.683876e+04 
 3.428231e-02  4.657388e+03  8.413078e+03  1.129971e+04  1.663013e+04 
 3.476019e-02  4.599654e+03  8.308570e+03  1.115925e+04  1.642331e+04 
 3.524473e-02  4.542062e+03  8.204347e+03  1.101918e+04  1.621710e+04 
 3.573602e-02  4.484703e+03  8.100552e+03  1.087966e+04  1.601172e+04 
 3.623416e-02  4.427647e+03  7.997301e+03  1.074089e+04  1.580743e+04 
 3.673925e-02  4.370963e+03  7.894705e+03  1.060299e+04  1.560445e+04 
 3.725137e-02  4.314703e+03  7.792882e+03  1.046614e+04  1.540301e+04 
 3.777064e-02  4.258943e+03  7.691960e+03  1.033050e+04  1.520332e+04 
 3.829714e-02  4.203746e+03  7.592072e+03  1.019627e+04  1.500568e+04 
 3.883098e-02  4.149187e+03  7.493345e+03  1.006359e+04  1.481033e+04 
 3.937226e-02  4.095315e+03  7.395872e+03  9.932588e+03  1.461743e+04 
 3.992109e-02  4.042188e+03  7.299738e+03  9.803362e+03  1.442718e+04 
 4.047757e-02  3.989846e+03  7.204990e+03  9.675953e+03  1.423948e+04 
 4.104181e-02  3.938097e+03  7.110611e+03  9.548327e+03  1.404942e+04 
 4.161391e-02  3.887262e+03  7.017875e+03  9.422942e+03  1.386264e+04 
 4.219398e-02  3.837369e+03  6.926858e+03  9.299889e+03  1.367931e+04 
 4.278214e-02  3.788463e+03  6.837652e+03  9.179224e+03  1.349955e+04 
 4.337850e-02  3.740570e+03  6.750301e+03  9.061028e+03  1.332347e+04 
 4.398317e-02  3.693721e+03  6.664846e+03  8.945418e+03  1.315117e+04 
 4.459628e-02  3.647946e+03  6.581337e+03  8.832443e+03  1.298278e+04 
 4.521792e-02  3.603265e+03  6.499814e+03  8.722129e+03  1.281830e+04 
 4.584824e-02  3.559698e+03  6.420299e+03  8.614510e+03  1.265781e+04 
 4.648734e-02  3.517250e+03  6.342793e+03  8.509611e+03  1.250131e+04 
 4.713535e-02  3.476111e+03  6.268527e+03  8.409945e+03  1.235484e+04 
 4.779239e-02  3.436190e+03  6.196991e+03  8.314463e+03  1.221594e+04 
 4.845859e-02  3.397359e+03  6.127398e+03  8.221592e+03  1.208083e+04 
 4.913407e-02  3.359591e+03  6.059725e+03  8.131263e+03  1.194947e+04 
 4.981898e-02  3.322853e+03  5.993909e+03  8.043422e+03  1.182176e+04 
 5.051342e-02  3.287112e+03  5.929880e+03  7.958015e+03  1.169757e+04 
 5.121755e-02  3.252324e+03  5.867569e+03  7.874929e+03  1.157676e+04 
 5.193150e-02  3.218434e+03  5.806890e+03  7.793995e+03  1.145913e+04 
 5.265540e-02  3.185388e+03  5.747730e+03  7.715082e+03  1.134446e+04 
 5.338938e-02  3.152850e+03  5.688983e+03  7.636200e+03  1.122851e+04 
 5.413360e-02  3.120691e+03  5.630318e+03  7.556831e+03  1.111027e+04 
 5.488820e-02  3.089172e+03  5.572802e+03  7.479026e+03  1.099434e+04 
 5.565331e-02  3.058210e+03  5.516301e+03  7.402587e+03  1.088039e+04 
 5.642908e-02  3.027679e+03  5.460573e+03  7.327195e+03  1.076801e+04 
 5.721568e-02  2.997408e+03  5.405318e+03  7.252428e+03  1.065658e+04 
 5.801323e-02  2.967335e+03  5.350430e+03  7.178130e+03  1.054587e+04 
 5.882190e-02  2.937602e+03  5.296163e+03  7.104678e+03  1.043641e+04 
 5.964185e-02  2.908569e+03  5.243563e+03  7.033854e+03  1.033186e+04 
 6.047322e-02  2.880418e+03  5.193637e+03  6.967730e+03  1.023712e+04 
 6.131619e-02  2.852013e+03  5.143251e+03  6.900992e+03  1.014145e+04 
 6.217090e-02  2.822907e+03  5.091586e+03  6.832541e+03  1.004324e+04 
 6.303753e-02  2.792923e+03  5.038322e+03  6.761939e+03  9.941862e+03 
 6.391624e-02  2.762149e+03  4.983621e+03  6.689407e+03  9.837626e+03 
 6.480720e-02  2.730686e+03  4.927671e+03  6.615182e+03  9.730884e+03 
 6.571058e-02  2.698543e+03  4.870485e+03  6.539296e+03  9.621685e+03 
 6.662655e-02  2.664339e+03  4.807528e+03  6.453517e+03  9.492142e+03 
 6.755528e-02  2.629157e+03  4.742747e+03  6.365238e+03  9.358782e+03 
 6.849697e-02  2.592927e+03  4.676087e+03  6.274454e+03  9.221773e+03 
 6.945178e-02  2.555615e+03  4.607488e+03  6.181076e+03  9.081035e+03 
 7.041990e-02  2.517195e+03  4.536911e+03  6.085067e+03  8.936469e+03 
 7.140151e-02  2.477651e+03  4.464331e+03  5.986396e+03  8.788058e+03 
 7.239681e-02  2.437301e+03  4.390655e+03  5.886671e+03  8.639391e+03 
 7.340598e-02  2.396207e+03  4.316059e+03  5.786200e+03  8.491143e+03 
 7.442922e-02  2.354023e+03  4.239500e+03  5.683117e+03  8.339073e+03 
 7.546673e-02  2.310809e+03  4.161096e+03  5.577575e+03  8.183412e+03 
 7.651869e-02  2.266636e+03  4.080977e+03  5.469741e+03  8.024414e+03 
 7.758532e-02  2.221611e+03  3.999326e+03  5.359869e+03  7.862441e+03 
 7.866682e-02  2.176793e+03  3.919312e+03  5.253402e+03  7.708466e+03 
 7.976339e-02  2.132888e+03  3.842951e+03  5.153780e+03  7.569308e+03 
 8.087525e-02  2.088457e+03  3.765563e+03  5.052704e+03  7.427798e+03 
 8.200261e-02  2.043663e+03  3.687441e+03  4.950564e+03  7.284503e+03 
 8.314568e-02  1.998681e+03  3.608899e+03  4.847791e+03  7.140040e+03 
 8.430468e-02  1.953721e+03  3.530296e+03  4.744829e+03  6.995091e+03 
 8.547985e-02  1.907945e+03  3.448709e+03  4.636430e+03  6.838767e+03 
 8.667139e-02  1.862128e+03  3.366355e+03  4.526326e+03  6.678317e+03 
 8.787954e-02  1.816987e+03  3.285214e+03  4.417841e+03  6.520140e+03 
 8.910453e-02  1.772717e+03  3.205628e+03  4.311434e+03  6.364924e+03 
 9.034660e-02  1.729508e+03  3.127940e+03  4.207536e+03  6.213386e+03 
 9.160598e-02  1.688187e+03  3.054514e+03  4.110117e+03  6.073081e+03 
 9.288292e-02  1.648849e+03  2.985429e+03  4.019200e+03  5.943805e+03 
 9.417766e-02  1.611028e+03  2.919027e+03  3.931835e+03  5.819574e+03 
 9.549045e-02  1.574865e+03  2.855552e+03  3.848351e+03  5.700885e+03 
 9.682153e-02  1.540467e+03  2.795210e+03  3.769017e+03  5.588163e+03 
 9.817117e-02  1.508087e+03  2.738761e+03  3.695125e+03  5.483952e+03 
 9.953962e-02  1.477656e+03  2.685908e+03  3.626101e+03  5.387042e+03 
 1.009272e-01  1.449132e+03  2.636463e+03  3.561611e+03  5.296672e+03 
 1.023340e-01  1.422519e+03  2.590439e+03  3.501677e+03  5.212890e+03 
 1.037605e-01  1.397046e+03  2.545580e+03  3.442517e+03  5.128465e+03 
 1.052069e-01  1.370639e+03  2.495793e+03  3.373854e+03  5.023607e+03 
 1.066734e-01  1.345975e+03  2.449222e+03  3.309570e+03  4.925328e+03 
 1.081604e-01  1.322910e+03  2.405600e+03  3.249293e+03  4.833065e+03 
 1.096681e-01  1.301283e+03  2.364629e+03  3.192606e+03  4.746161e+03 
 1.111968e-01  1.281389e+03  2.327395e+03  3.141310e+03  4.667531e+03 
 1.127468e-01  1.262497e+03  2.292044e+03  3.092592e+03  4.592808e+03 
 1.143184e-01  1.244346e+03  2.258064e+03  3.045747e+03  4.520912e+03 
 1.159120e-01  1.226703e+03  2.225007e+03  3.000157e+03  4.450906e+03 
 1.175277e-01  1.210581e+03  2.196079e+03  2.961278e+03  4.393208e+03 
 1.191660e-01  1.194528e+03  2.167395e+03  2.922804e+03  4.336364e+03 
 1.208271e-01  1.178188e+03  2.138172e+03  2.883616e+03  4.278444e+03 
 1.225114e-01  1.161305e+03  2.107966e+03  2.843153e+03  4.218744e+03 
 1.242191e-01  1.143518e+03  2.076194e+03  2.800841e+03  4.157716e+03 
 1.259506e-01  1.124842e+03  2.042771e+03  2.756311e+03  4.093387e+03 
 1.277063e-01  1.105149e+03  2.007439e+03  2.709231e+03  4.025250e+03 
 1.294865e-01  1.084770e+03  1.971181e+03  2.660977e+03  3.955207e+03 
 1.312915e-01  1.063744e+03  1.934095e+03  2.611692e+03  3.883464e+03 
 1.331216e-01  1.041578e+03  1.894873e+03  2.559513e+03  3.807394e+03 
 1.349772e-01  1.018372e+03  1.853759e+03  2.504814e+03  3.727659e+03 
 1.368587e-01  9.954678e+02  1.815218e+03  2.455833e+03  3.662738e+03 
 1.387665e-01  9.717651e+02  1.775089e+03  2.404571e+03  3.594158e+03 
 1.407008e-01  9.474838e+02  1.733758e+03  2.351592e+03  3.522676e+03 
 1.426621e-01  9.236618e+02  1.693314e+03  2.299399e+03  3.450298e+03 
 1.446507e-01  9.000194e+02  1.653118e+03  2.247292e+03  3.377261e+03 
 1.466671e-01  8.765748e+02  1.613142e+03  2.195366e+03  3.304232e+03 
 1.487115e-01  8.512244e+02  1.567385e+03  2.134060e+03  3.214792e+03 
 1.507845e-01  8.251284e+02  1.518765e+03  2.067865e+03  3.116472e+03 
 1.528864e-01  8.002166e+02  1.472364e+03  2.004699e+03  3.022595e+03 
 1.550175e-01  7.784907e+02  1.433607e+03  1.953219e+03  2.948538e+03 
 1.571784e-01  7.594907e+02  1.401056e+03  1.911053e+03  2.889993e+03 
 1.593694e-01  7.419921e+02  1.371170e+03  1.872442e+03  2.836602e+03 
 1.615909e-01  7.264443e+02  1.344964e+03  1.838717e+03  2.790000e+03 
 1.638434e-01  7.125758e+02  1.321846e+03  1.809118e+03  2.749327e+03 
 1.661273e-01  7.001314e+02  1.301289e+03  1.782970e+03  2.713726e+03 
 1.684430e-01  6.855504e+02  1.274033e+03  1.745980e+03  2.659415e+03 
 1.707910e-01  6.716965e+02  1.247796e+03  1.710161e+03  2.606601e+03 
 1.731717e-01  6.593827e+02  1.224883e+03  1.679103e+03  2.561110e+03 
 1.755856e-01  6.502589e+02  1.209761e+03  1.659642e+03  2.533477e+03 
 1.780332e-01  6.414216e+02  1.195143e+03  1.640878e+03  2.506890e+03 
 1.805149e-01  6.309770e+02  1.175583e+03  1.613735e+03  2.464777e+03 
 1.830312e-01  6.193243e+02  1.152625e+03  1.581015e+03  2.412524e+03 
 1.855825e-01  6.073839e+02  1.129481e+03  1.548432e+03  2.361319e+03 
 1.881694e-01  5.956760e+02  1.108770e+03  1.521342e+03  2.323355e+03 
 1.907924e-01  5.832316e+02  1.086664e+03  1.492312e+03  2.282403e+03 
 1.934520e-01  5.696873e+02  1.062504e+03  1.460708e+03  2.239005e+03 
 1.961486e-01  5.553035e+02  1.036745e+03  1.426961e+03  2.192669e+03 
 1.988828e-01  5.415182e+02  1.012703e+03  1.395655e+03  2.149331e+03 
 2.016551e-01  5.290072e+02  9.919038e+02  1.368935e+03  2.112085e+03 
 2.044661e-01  5.159750e+02  9.697137e+02  1.340002e+03  2.070925e+03 
 2.073162e-01  5.016437e+02  9.431915e+02  1.303647e+03  2.016072e+03 
 2.102061e-01  4.875629e+02  9.171132e+02  1.267890e+03  1.962104e+03 
 2.131362e-01  4.775925e+02  9.027648e+02  1.250988e+03  1.940113e+03 
 2.161073e-01  4.683972e+02  8.899201e+02  1.236189e+03  1.921365e+03 
 2.191197e-01  4.564463e+02  8.692401e+02  1.209561e+03  1.885636e+03 
 2.221741e-01  4.446711e+02  8.482463e+02  1.182212e+03  1.848907e+03 
 2.252711e-01  4.343223e+02  8.303885e+02  1.159397e+03  1.818523e+03 
 2.284112e-01  4.250426e+02  8.146628e+02  1.139555e+03  1.792420e+03 
 2.315951e-01  4.170269e+02  8.003381e+02  1.120108e+03  1.762543e+03 
 2.348235e-01  4.098125e+02  7.871806e+02  1.101742e+03  1.732827e+03 
 2.380968e-01  4.010950e+02  7.701093e+02  1.077842e+03  1.696447e+03 
 2.414157e-01  3.921232e+02  7.523025e+02  1.052902e+03  1.658935e+03 
 2.447809e-01  3.831545e+02  7.353967e+02  1.029976e+03  1.624792e+03 
 2.481930e-01  3.741820e+02  7.186395e+02  1.007339e+03  1.591066e+03 
 2.516527e-01  3.686518e+02  7.098765e+02  9.959677e+02  1.574285e+03 
 2.551606e-01  3.617614e+02  6.980819e+02  9.803583e+02  1.551495e+03 
 2.587174e-01  3.514516e+02  6.784920e+02  9.539054e+02  1.513810e+03 
 2.623238e-01  3.427076e+02  6.629950e+02  9.334943e+02  1.485165e+03 
 2.659804e-01  3.357941e+02  6.521668e+02  9.199515e+02  1.466829e+03 
 2.696881e-01  3.267734e+02  6.361252e+02  8.986404e+02  1.435432e+03 
 2.734474e-01  3.173550e+02  6.189735e+02  8.756430e+02  1.401188e+03 
 2.772591e-01  3.103689e+02  6.076635e+02  8.617315e+02  1.383646e+03 
 2.811239e-01  3.032539e+02  5.954589e+02  8.464390e+02  1.365076e+03 
 2.850426e-01  2.958841e+02  5.819199e+02  8.291459e+02  1.345041e+03 
 2.890160e-01  2.893004e+02  5.707214e+02  8.147112e+02  1.324355e+03 
 2.930447e-01  2.832328e+02  5.601349e+02  8.003878e+02  1.301738e+03 
 2.971296e-01  2.774033e+02  5.482751e+02  7.823278e+02  1.270546e+03 
 3.012714e-01  2.721770e+02  5.392735e+02  7.704262e+02  1.253055e+03 
 3.054710e-01  2.668974e+02  5.306325e+02  7.598102e+02  1.239318e+03 
 3.097291e-01  2.603693e+02  5.188127e+02  7.444733e+02  1.218763e+03 
 3.140465e-01  2.542538e+02  5.067692e+02  7.273112e+02  1.190903e+03 
 3.184242e-01  2.486833e+02  4.959850e+02  7.119529e+02  1.165932e+03 
 3.228628e-01  2.442719e+02  4.889258e+02  7.033348e+02  1.155876e+03 
 3.273634e-01  2.380731e+02  4.768057e+02  6.861447e+02  1.128845e+03 
 3.319266e-01  2.316884e+02  4.647465e+02  6.697052e+02  1.104583e+03 
 3.365535e-01  2.257076e+02  4.543728e+02  6.565929e+02  1.087522e+03 
 3.412449e-01  2.217250e+02  4.492057e+02  6.503827e+02  1.077230e+03 
 3.460016e-01  2.173861e+02  4.421752e+02  6.413805e+02  1.064736e+03 
 3.508247e-01  2.131679e+02  4.346472e+02  6.313582e+02  1.050224e+03 
 3.557150e-01  2.090950e+02  4.270502e+02  6.210334e+02  1.034321e+03 
 3.606735e-01  2.043385e+02  4.185889e+02  6.100372e+02  1.019070e+03 
 3.657011e-01  1.986003e+02  4.077798e+02  5.954548e+02  9.995702e+02 
 3.707988e-01  1.939712e+02  3.990160e+02  5.836315e+02  9.823053e+02 
 3.759675e-01  1.896927e+02  3.909458e+02  5.726541e+02  9.661032e+02 
 3.812083e-01  1.852506e+02  3.830066e+02  5.619716e+02  9.507498e+02 
 3.865221e-01  1.815020e+02  3.776636e+02  5.556561e+02  9.396511e+02 
 3.919100e-01  1.775717e+02  3.686210e+02  5.422733e+02  9.223009e+02 
 3.973730e-01  1.732539e+02  3.616090e+02  5.334654e+02  9.079736e+02 
 4.029122e-01  1.698586e+02  3.562741e+02  5.259378e+02  8.940429e+02 
 4.085286e-01  1.663808e+02  3.488689e+02  5.155059e+02  8.795731e+02 
 4.142232e-01  1.622210e+02  3.405333e+02  5.047289e+02  8.666129e+02 
 4.199973e-01  1.582599e+02  3.342016e+02  4.963163e+02  8.541875e+02 
 4.258518e-01  1.551111e+02  3.280094e+02  4.880093e+02  8.398185e+02 
 4.317880e-01  1.517441e+02  3.213667e+02  4.782678e+02  8.253531e+02 
 4.378069e-01  1.487339e+02  3.154007e+02  4.697394e+02  8.113019e+02 
 4.439097e-01  1.462298e+02  3.116007e+02  4.652981e+02  8.074837e+02 
 4.500975e-01  1.422583e+02  3.043164e+02  4.553806e+02  7.930305e+02 
 4.563716e-01  1.388601e+02  2.973807e+02  4.453385e+02  7.752252e+02 
 4.627332e-01  1.367733e+02  2.945760e+02  4.423847e+02  7.723620e+02 
 4.691835e-01  1.332905e+02  2.877497e+02  4.326152e+02  7.561253e+02 
 4.757236e-01  1.307874e+02  2.828590e+02  4.259572e+02  7.460666e+02 
 4.823549e-01  1.274084e+02  2.760122e+02  4.164799e+02  7.336568e+02 
 4.890787e-01  1.247354e+02  2.709094e+02  4.096189e+02  7.228682e+02 
 4.958962e-01  1.227622e+02  2.670238e+02  4.035393e+02  7.118158e+02 
 5.028087e-01  1.200985e+02  2.624454e+02  3.974024e+02  7.030192e+02 
 5.098176e-01  1.178902e+02  2.583908e+02  3.914251e+02  6.912405e+02 
 5.169242e-01  1.158381e+02  2.545329e+02  3.863050e+02  6.843103e+02 
 5.241298e-01  1.120834e+02  2.483044e+02  3.787798e+02  6.751587e+02 
 5.314359e-01  1.101749e+02  2.453539e+02  3.746148e+02  6.684387e+02 
 5.388438e-01  1.078655e+02  2.401112e+02  3.669098e+02  6.570822e+02 
 5.463550e-01  1.059752e+02  2.364048e+02  3.613758e+02  6.480539e+02 
 5.539709e-01  1.032043e+02  2.316465e+02  3.553405e+02  6.386497e+02 
 5.616930e-01  1.014047e+02  2.281551e+02  3.504312e+02  6.312674e+02 
 5.695227e-01  9.945450e+01  2.250743e+02  3.465437e+02  6.225995e+02 
 5.774615e-01  9.719187e+01  2.198764e+02  3.389735e+02  6.121608e+02 
 5.855110e-01  9.547321e+01  2.166650e+02  3.340031e+02  6.038648e+02 
 5.936727e-01  9.328156e+01  2.115717e+02  3.270594e+02  5.936248e+02 
 6.019482e-01  9.173492e+01  2.091770e+02  3.230669e+02  5.863867e+02 
 6.103390e-01  8.959947e+01  2.056083e+02  3.184082e+02  5.777816e+02 
 6.188468e-01  8.764535e+01  2.025534e+02  3.158247e+02  5.758893e+02 
 6.274732e-01  8.620214e+01  1.987322e+02  3.093717e+02  5.659735e+02 
 6.362198e-01  8.452702e+01  1.958136e+02  3.050497e+02  5.575834e+02 
 6.450884e-01  8.257747e+01  1.923784e+02  3.002349e+02  5.491104e+02 
 6.540806e-01  8.086648e+01  1.883090e+02  2.941740e+02  5.406849e+02 
 6.631981e-01  7.912565e+01  1.856457e+02  2.912632e+02  5.352073e+02 
 6.724427e-01  7.763762e+01  1.824884e+02  2.869917e+02  5.300282e+02 
 6.818162e-01  7.599502e+01  1.791874e+02  2.811459e+02  5.197507e+02 
 6.913204e-01  7.439974e+01  1.760077e+02  2.770644e+02  5.126022e+02 
 7.009570e-01  7.335263e+01  1.733723e+02  2.732814e+02  5.060852e+02 
 7.107280e-01  7.152528e+01  1.706161e+02  2.692621e+02  4.981850e+02 
 7.206351e-01  7.043377e+01  1.680394e+02  2.659555e+02  4.941224e+02 
 7.306804e-01  6.905285e+01  1.655110e+02  2.616360e+02  4.853268e+02 
 7.408657e-01  6.754058e+01  1.623326e+02  2.571488e+02  4.794458e+02 
 7.511929e-01  6.613945e+01  1.594723e+02  2.535134e+02  4.727356e+02 
 7.616642e-01  6.485865e+01  1.566525e+02  2.495502e+02  4.670719e+02 
 7.722814e-01  6.404990e+01  1.550435e+02  2.467043e+02  4.602343e+02 
 7.830465e-01  6.271674e+01  1.521352e+02  2.426382e+02  4.542977e+02 
 7.939618e-01  6.159246e+01  1.502098e+02  2.394937e+02  4.497875e+02 
 8.050292e-01  6.025566e+01  1.475555e+02  2.364613e+02  4.439944e+02 
 8.162509e-01  5.924592e+01  1.454150e+02  2.325157e+02  4.363504e+02 
 8.276289e-01  5.783399e+01  1.426318e+02  2.288941e+02  4.309396e+02 
 8.391656e-01  5.714671e+01  1.409166e+02  2.256816e+02  4.262475e+02 
 8.508632e-01  5.610236e+01  1.385991e+02  2.226641e+02  4.205167e+02 
 8.627237e-01  5.491137e+01  1.364101e+02  2.193632e+02  4.139057e+02 
 8.747496e-01  5.391541e+01  1.341613e+02  2.162058e+02  4.083569e+02 
 8.869432e-01  5.301484e+01  1.322716e+02  2.132989e+02  4.033059e+02 
 8.993067e-01  5.196729e+01  1.302018e+02  2.100746e+02  3.975053e+02 
 9.118425e-01  5.116846e+01  1.279857e+02  2.065983e+02  3.904998e+02 
 9.245531e-01  5.008657e+01  1.259108e+02  2.034290e+02  3.862956e+02 
 9.374409e-01  4.914693e+01  1.240181e+02  2.008666e+02  3.810169e+02 
 9.505083e-01  4.836253e+01  1.220720e+02  1.979615e+02  3.757481e+02 
 9.637579e-01  4.734326e+01  1.197866e+02  1.945610e+02  3.702499e+02 
 9.771921e-01  4.675674e+01  1.190589e+02  1.925678e+02  3.652852e+02 
 9.908137e-01  4.588222e+01  1.168450e+02  1.895619e+02  3.604945e+02 
 1.004625e+00  4.499643e+01  1.147299e+02  1.863243e+02  3.545361e+02 
 1.018629e+00  4.427342e+01  1.131687e+02  1.837053e+02  3.493878e+02 
 1.032828e+00  4.344049e+01  1.114399e+02  1.813959e+02  3.456299e+02 
 1.047225e+00  4.261811e+01  1.098455e+02  1.784828e+02  3.396703e+02 
 1.061823e+00  4.198600e+01  1.083565e+02  1.760602e+02  3.348547e+02 
 1.076624e+00  4.121320e+01  1.066707e+02  1.734750e+02  3.297927e+02 
 1.091632e+00  4.052172e+01  1.049688e+02  1.709717e+02  3.247056e+02 
 1.106848e+00  3.976628e+01  1.031811e+02  1.684023e+02  3.203317e+02 
 1.122277e+00  3.907974e+01  1.017385e+02  1.656022e+02  3.150135e+02 
 1.137921e+00  3.838886e+01  1.000127e+02  1.631503e+02  3.103253e+02 
 1.153783e+00  3.777650e+01  9.848014e+01  1.606810e+02  3.058163e+02 
 1.169866e+00  3.711703e+01  9.701971e+01  1.582467e+02  3.015666e+02 
 1.186174e+00  3.645523e+01  9.561632e+01  1.558622e+02  2.966744e+02 
 1.202708e+00  3.588136e+01  9.413828e+01  1.535868e+02  2.921492e+02 
 1.219473e+00  3.528936e+01  9.274980e+01  1.513757e+02  2.872152e+02 
 1.236472e+00  3.466936e+01  9.138596e+01  1.491863e+02  2.829888e+02 
 1.253708e+00  3.411873e+01  8.988006e+01  1.466436e+02  2.788606e+02 
 1.271184e+00  3.355908e+01  8.885676e+01  1.448391e+02  2.743536e+02 
 1.288904e+00  3.299311e+01  8.714908e+01  1.423661e+02  2.703981e+02 
 1.306870e+00  3.239628e+01  8.583083e+01  1.400928e+02  2.657431e+02 
 1.325087e+00  3.191324e+01  8.456845e+01  1.380145e+02  2.612540e+02 
 1.343558e+00  3.138556e+01  8.322887e+01  1.358379e+02  2.569570e+02 
 1.362287e+00  3.090243e+01  8.186170e+01  1.335108e+02  2.527819e+02 
 1.381276e+00  3.038656e+01  8.058037e+01  1.311527e+02  2.486027e+02 
 1.400531e+00  2.989321e+01  7.934283e+01  1.291608e+02  2.440977e+02 
 1.420053e+00  2.937332e+01  7.800887e+01  1.271576e+02  2.398307e+02 
 1.439848e+00  2.890643e+01  7.682883e+01  1.249837e+02  2.358297e+02 
 1.459919e+00  2.839434e+01  7.558454e+01  1.228721e+02  2.315112e+02 
 1.480269e+00  2.798901e+01  7.423576e+01  1.207335e+02  2.270806e+02 
 1.500903e+00  2.751826e+01  7.308909e+01  1.186475e+02  2.235192e+02 
 1.521825e+00  2.706573e+01  7.199954e+01  1.167919e+02  2.194684e+02 
 1.543038e+00  2.661207e+01  7.082614e+01  1.149237e+02  2.157223e+02 
 1.564548e+00  2.621499e+01  6.967692e+01  1.129279e+02  2.116470e+02 
 1.586357e+00  2.579023e+01  6.860587e+01  1.110163e+02  2.077965e+02 
 1.608469e+00  2.534875e+01  6.750301e+01  1.091257e+02  2.041968e+02 
 1.630891e+00  2.500861e+01  6.627036e+01  1.069995e+02  2.001175e+02 
 1.653624e+00  2.457344e+01  6.516780e+01  1.052821e+02  1.967059e+02 
 1.676675e+00  2.417426e+01  6.417730e+01  1.034983e+02  1.927880e+02 
 1.700047e+00  2.377229e+01  6.311385e+01  1.016187e+02  1.892412e+02 
 1.723745e+00  2.340056e+01  6.201088e+01  9.978153e+01  1.853705e+02 
 1.747773e+00  2.299441e+01  6.092515e+01  9.793566e+01  1.816926e+02 
 1.772136e+00  2.262721e+01  5.986955e+01  9.610626e+01  1.783000e+02 
 1.796838e+00  2.227350e+01  5.883419e+01  9.434570e+01  1.747080e+02 
 1.821885e+00  2.192852e+01  5.779959e+01  9.254457e+01  1.713570e+02 
 1.847281e+00  2.156495e+01  5.687440e+01  9.092214e+01  1.679327e+02 
 1.873032e+00  2.122227e+01  5.581100e+01  8.907582e+01  1.646227e+02 
 1.899141e+00  2.086756e+01  5.478862e+01  8.744020e+01  1.612839e+02 
 1.925614e+00  2.054606e+01  5.385440e+01  8.579361e+01  1.579280e+02 
 1.952456e+00  2.027030e+01  5.293729e+01  8.418015e+01  1.547132e+02 
 1.979672e+00  1.989982e+01  5.202310e+01  8.257251e+01  1.515337e+02 
 2.007267e+00  1.960236e+01  5.106547e+01  8.089259e+01  1.485119e+02 
 2.035248e+00  1.926398e+01  5.011328e+01  7.928403e+01  1.452803e+02 
 2.063618e+00  1.894670e+01  4.916490e+01  7.771505e+01  1.421986e+02 
 2.092383e+00  1.864334e+01  4.825594e+01  7.613670e+01  1.392064e+02 
 2.121550e+00  1.832789e+01  4.733078e+01  7.458110e+01  1.361696e+02 
 2.151123e+00  1.802972e+01  4.644366e+01  7.301488e+01  1.331491e+02 
 2.181109e+00  1.772946e+01  4.553782e+01  7.153494e+01  1.303029e+02 
 2.211512e+00  1.743385e+01  4.463987e+01  6.999835e+01  1.273363e+02 
 2.242340e+00  1.714955e+01  4.380059e+01  6.855584e+01  1.245457e+02 
 2.273597e+00  1.684502e+01  4.294303e+01  6.704955e+01  1.217416e+02 
 2.305289e+00  1.658070e+01  4.208938e+01  6.565304e+01  1.190321e+02 
 2.337424e+00  1.630256e+01  4.123639e+01  6.425088e+01  1.163445e+02 
 2.370006e+00  1.602804e+01  4.042486e+01  6.287849e+01  1.138208e+02 
 2.403043e+00  1.574791e+01  3.962500e+01  6.148275e+01  1.112036e+02 
 2.436540e+00  1.549103e+01  3.883948e+01  6.016277e+01  1.086608e+02 
 2.470504e+00  1.523057e+01  3.806719e+01  5.883402e+01  1.061716e+02 
 2.504942e+00  1.497159e+01  3.731374e+01  5.756438e+01  1.037737e+02 
 2.539859e+00  1.472657e+01  3.653102e+01  5.626263e+01  1.013259e+02 
 2.575263e+00  1.445883e+01  3.575728e+01  5.505844e+01  9.900687e+01 
 2.611161e+00  1.421794e+01  3.501133e+01  5.377111e+01  9.667428e+01 
 2.647559e+00  1.397036e+01  3.426354e+01  5.251975e+01  9.435142e+01 
 2.684465e+00  1.372276e+01  3.355915e+01  5.130712e+01  9.209617e+01 
 2.721885e+00  1.347030e+01  3.280637e+01  5.013563e+01  8.990003e+01 
 2.759826e+00  1.322871e+01  3.208137e+01  4.894934e+01  8.772256e+01 
 2.798297e+00  1.299319e+01  3.139522e+01  4.781726e+01  8.565843e+01 
 2.837304e+00  1.276103e+01  3.070277e+01  4.668705e+01  8.358979e+01 
 2.876854e+00  1.252863e+01  3.001377e+01  4.558830e+01  8.158286e+01 
 2.916956e+00  1.230334e+01  2.936347e+01  4.450930e+01  7.955881e+01 
 2.957617e+00  1.208333e+01  2.871729e+01  4.347019e+01  7.766063e+01 
 2.998844e+00  1.186177e+01  2.808684e+01  4.243555e+01  7.576229e+01 
 3.040646e+00  1.164605e+01  2.745282e+01  4.142556e+01  7.396349e+01 
 3.083031e+00  1.143255e+01  2.683527e+01  4.043838e+01  7.217201e+01 
 3.126007e+00  1.122616e+01  2.623947e+01  3.946833e+01  7.039307e+01 
 3.169582e+00  1.101662e+01  2.562741e+01  3.850027e+01  6.867251e+01 
 3.213764e+00  1.080903e+01  2.504028e+01  3.756237e+01  6.697814e+01 
 3.258562e+00  1.059982e+01  2.446921e+01  3.664002e+01  6.531777e+01 
 3.303985e+00  1.039550e+01  2.388673e+01  3.573502e+01  6.369374e+01 
 3.350041e+00  1.019637e+01  2.331797e+01  3.484156e+01  6.208659e+01 
 3.396739e+00  9.992673e+00  2.276912e+01  3.397926e+01  6.052548e+01 
 3.444087e+00  9.800067e+00  2.221524e+01  3.311366e+01  5.898816e+01 
 3.492096e+00  9.607488e+00  2.168813e+01  3.229582e+01  5.752552e+01 
 3.540774e+00  9.411966e+00  2.117354e+01  3.148965e+01  5.606874e+01 
 3.590130e+00  9.227782e+00  2.065988e+01  3.069070e+01  5.467196e+01 
 3.640175e+00  9.046479e+00  2.016402e+01  2.993039e+01  5.329320e+01 
 3.690917e+00  8.862117e+00  1.968492e+01  2.916821e+01  5.195515e+01 
 3.742366e+00  8.684535e+00  1.920076e+01  2.843738e+01  5.066761e+01 
 3.794533e+00  8.510849e+00  1.874426e+01  2.772711e+01  4.938905e+01 
 3.847427e+00  8.338964e+00  1.828274e+01  2.703052e+01  4.816582e+01 
 3.901058e+00  8.164688e+00  1.784264e+01  2.634911e+01  4.694737e+01 
 3.955436e+00  8.000980e+00  1.740093e+01  2.567313e+01  4.575439e+01 
 4.010573e+00  7.830335e+00  1.696853e+01  2.502386e+01  4.460121e+01 
 4.066478e+00  7.665272e+00  1.654322e+01  2.437669e+01  4.345190e+01 
 4.123163e+00  7.500264e+00  1.613197e+01  2.374579e+01  4.233485e+01 
 4.180637e+00  7.341126e+00  1.572637e+01  2.313365e+01  4.124260e+01 
 4.238913e+00  7.182320e+00  1.532478e+01  2.253134e+01  4.018641e+01 
 4.298001e+00  7.023234e+00  1.493685e+01  2.195002e+01  3.914774e+01 
 4.357913e+00  6.873464e+00  1.455747e+01  2.138010e+01  3.814588e+01 
 4.418660e+00  6.722450e+00  1.419076e+01  2.082599e+01  3.717003e+01 
 4.480254e+00  6.573444e+00  1.383022e+01  2.028531e+01  3.621647e+01 
 4.542706e+00  6.430239e+00  1.347624e+01  1.975876e+01  3.528598e+01 
 4.606029e+00  6.287831e+00  1.313870e+01  1.925148e+01  3.439103e+01 
 4.670234e+00  6.148776e+00  1.280535e+01  1.876122e+01  3.351905e+01 
 4.735335e+00  6.012273e+00  1.248247e+01  1.827793e+01  3.266359e+01 
 4.801343e+00  5.880463e+00  1.216913e+01  1.780837e+01  3.182849e+01 
 4.868271e+00  5.748567e+00  1.185837e+01  1.734872e+01  3.101277e+01 
 4.936132e+00  5.619008e+00  1.155401e+01  1.689929e+01  3.021612e+01 
 5.004939e+00  5.490510e+00  1.125744e+01  1.645877e+01  2.943166e+01 
 5.074705e+00  5.362723e+00  1.096591e+01  1.602616e+01  2.867051e+01 
 5.145444e+00  5.239228e+00  1.068123e+01  1.560474e+01  2.792596e+01 
 5.217169e+00  5.115874e+00  1.040227e+01  1.519342e+01  2.719054e+01 
 5.289893e+00  4.997400e+00  1.013175e+01  1.479679e+01  2.648105e+01 
 5.363631e+00  4.879066e+00  9.867885e+00  1.440382e+01  2.578846e+01 
 5.438397e+00  4.764561e+00  9.610206e+00  1.402522e+01  2.511149e+01 
 5.514206e+00  4.652249e+00  9.359851e+00  1.365722e+01  2.445694e+01 
 5.591071e+00  4.541186e+00  9.117820e+00  1.329769e+01  2.382050e+01 
 5.669007e+00  4.435316e+00  8.880726e+00  1.295222e+01  2.320222e+01 
 5.748030e+00  4.330336e+00  8.651391e+00  1.261414e+01  2.259737e+01 
 5.828155e+00  4.228144e+00  8.428480e+00  1.228627e+01  2.201101e+01 
 5.909396e+00  4.128410e+00  8.211176e+00  1.196668e+01  2.144321e+01 
 5.991770e+00  4.030319e+00  7.998611e+00  1.165514e+01  2.088680e+01 
 6.075292e+00  3.934571e+00  7.792722e+00  1.135196e+01  2.034284e+01 
 6.159978e+00  3.840207e+00  7.590457e+00  1.105496e+01  1.981243e+01 
 6.245845e+00  3.747319e+00  7.392479e+00  1.076455e+01  1.929057e+01 
 6.332908e+00  3.655750e+00  7.197861e+00  1.047965e+01  1.878048e+01 
 6.421186e+00  3.566764e+00  7.008998e+00  1.020086e+01  1.828172e+01 
 6.510694e+00  3.479030e+00  6.823845e+00  9.930592e+00  1.779555e+01 
 6.601449e+00  3.393819e+00  6.644454e+00  9.666511e+00  1.732253e+01 
 6.693470e+00  3.310145e+00  6.432051e+00  9.408725e+00  1.686014e+01 
 6.786773e+00  3.228504e+00  6.299177e+00  9.158549e+00  1.641080e+01 
 6.881377e+00  3.149382e+00  6.133524e+00  8.915943e+00  1.597335e+01 
 6.977300e+00  3.072096e+00  5.973251e+00  8.681126e+00  1.554985e+01 
 7.074559e+00  2.997103e+00  5.817295e+00  8.451619e+00  1.513709e+01 
 7.173175e+00  2.923716e+00  5.666128e+00  8.229747e+00  1.473727e+01 
 7.273165e+00  2.852641e+00  5.519567e+00  8.014358e+00  1.434778e+01 
 7.374549e+00  2.783180e+00  5.376392e+00  7.804013e+00  1.396923e+01 
 7.477346e+00  2.715163e+00  5.237823e+00  7.600842e+00  1.360128e+01 
 7.581576e+00  2.649298e+00  5.101489e+00  7.401178e+00  1.324109e+01 
 7.687260e+00  2.584330e+00  4.968892e+00  7.206397e+00  1.288972e+01 
 7.794416e+00  2.520535e+00  4.839192e+00  7.014911e+00  1.254476e+01 
 7.903066e+00  2.458222e+00  4.711915e+00  6.827621e+00  1.220678e+01 
 8.013230e+00  2.397311e+00  4.588257e+00  6.646543e+00  1.187743e+01 
 8.124930e+00  2.337558e+00  4.467646e+00  6.468998e+00  1.155604e+01 
 8.238187e+00  2.279571e+00  4.349792e+00  6.295734e+00  1.124346e+01 
 8.353023e+00  2.222891e+00  4.235525e+00  6.127795e+00  1.093864e+01 
 8.469460e+00  2.167871e+00  4.124511e+00  5.964513e+00  1.064272e+01 
 8.587519e+00  2.114416e+00  4.016402e+00  5.805868e+00  1.035558e+01 
 8.707225e+00  2.062473e+00  3.911414e+00  5.652148e+00  1.007615e+01 
 8.828599e+00  2.011974e+00  3.810247e+00  5.502578e+00  9.804987e+00 
 8.951665e+00  1.962853e+00  3.711812e+00  5.357849e+00  9.542429e+00 
 9.076446e+00  1.915220e+00  3.616454e+00  5.217690e+00  9.287841e+00 
 9.202967e+00  1.868930e+00  3.523511e+00  5.081249e+00  9.039567e+00 
 9.331251e+00  1.823806e+00  3.433035e+00  4.948270e+00  8.798123e+00 
 9.461324e+00  0.000000e+00  0.000000e+00  0.000000e+00  0.000000e+00 
 9.593209e+00  0.000000e+00  0.000000e+00  0.000000e+00  0.000000e+00 
 9.726934e+00  0.000000e+00  0.000000e+00  0.000000e+00  0.000000e+00 
 9.862522e+00  0.000000e+00  0.000000e+00  0.000000e+00  0.000000e+00 
 1.000000e+01  0.000000e+00  0.000000e+00  0.000000e+00  0.000000e+00 
