 1.000000e-02  5.470379e+03  9.958007e+03  1.345498e+04  2.002066e+04 
 1.013939e-02  5.500036e+03  1.001181e+04  1.352755e+04  2.012826e+04 
 1.028073e-02  5.529209e+03  1.006477e+04  1.359895e+04  2.023409e+04 
 1.042404e-02  5.557893e+03  1.011682e+04  1.366915e+04  2.033808e+04 
 1.056935e-02  5.586057e+03  1.016793e+04  1.373809e+04  2.044013e+04 
 1.071668e-02  5.613679e+03  1.021803e+04  1.380566e+04  2.054020e+04 
 1.086606e-02  5.640746e+03  1.026712e+04  1.387180e+04  2.063824e+04 
 1.101753e-02  5.667213e+03  1.031512e+04  1.393645e+04  2.073414e+04 
 1.117111e-02  5.693064e+03  1.036197e+04  1.399958e+04  2.082771e+04 
 1.132683e-02  5.718284e+03  1.040769e+04  1.406116e+04  2.091892e+04 
 1.148472e-02  5.742866e+03  1.045224e+04  1.412116e+04  2.100776e+04 
 1.164481e-02  5.766778e+03  1.049559e+04  1.417950e+04  2.109415e+04 
 1.180713e-02  5.790014e+03  1.053770e+04  1.423617e+04  2.117811e+04 
 1.197171e-02  5.812538e+03  1.057852e+04  1.429111e+04  2.125944e+04 
 1.213859e-02  5.834320e+03  1.061795e+04  1.434430e+04  2.133802e+04 
 1.230780e-02  5.855340e+03  1.065600e+04  1.439556e+04  2.141373e+04 
 1.247936e-02  5.875592e+03  1.069264e+04  1.444481e+04  2.148650e+04 
 1.265332e-02  5.895041e+03  1.072781e+04  1.449206e+04  2.155628e+04 
 1.282970e-02  5.913671e+03  1.076149e+04  1.453736e+04  2.162316e+04 
 1.300854e-02  5.931449e+03  1.079362e+04  1.458069e+04  2.168700e+04 
 1.318987e-02  5.948337e+03  1.082415e+04  1.462183e+04  2.174759e+04 
 1.337373e-02  5.964361e+03  1.085308e+04  1.466064e+04  2.180494e+04 
 1.356015e-02  5.979474e+03  1.088033e+04  1.469715e+04  2.185891e+04 
 1.374917e-02  5.993632e+03  1.090587e+04  1.473139e+04  2.190943e+04 
 1.394083e-02  6.006823e+03  1.092964e+04  1.476330e+04  2.195642e+04 
 1.413516e-02  6.019053e+03  1.095164e+04  1.479287e+04  2.199978e+04 
 1.433219e-02  6.030282e+03  1.097183e+04  1.481999e+04  2.203938e+04 
 1.453198e-02  6.040470e+03  1.099011e+04  1.484449e+04  2.207516e+04 
 1.473454e-02  6.049600e+03  1.100646e+04  1.486633e+04  2.210713e+04 
 1.493993e-02  6.057636e+03  1.102081e+04  1.488545e+04  2.213517e+04 
 1.514819e-02  6.064605e+03  1.103324e+04  1.490198e+04  2.215934e+04 
 1.535935e-02  6.070474e+03  1.104371e+04  1.491588e+04  2.217944e+04 
 1.557345e-02  6.075208e+03  1.105209e+04  1.492700e+04  2.219536e+04 
 1.579053e-02  6.078768e+03  1.105832e+04  1.493525e+04  2.220712e+04 
 1.601064e-02  6.081139e+03  1.106237e+04  1.494058e+04  2.221458e+04 
 1.623382e-02  6.082307e+03  1.106424e+04  1.494292e+04  2.221757e+04 
 1.646012e-02  6.082240e+03  1.106389e+04  1.494219e+04  2.221603e+04 
 1.668956e-02  6.080928e+03  1.106126e+04  1.493839e+04  2.220991e+04 
 1.692220e-02  6.078355e+03  1.105632e+04  1.493147e+04  2.219915e+04 
 1.715809e-02  6.074484e+03  1.104904e+04  1.492140e+04  2.218362e+04 
 1.739726e-02  6.069315e+03  1.103937e+04  1.490812e+04  2.216323e+04 
 1.763977e-02  6.062814e+03  1.102730e+04  1.489158e+04  2.213797e+04 
 1.788566e-02  6.054972e+03  1.101279e+04  1.487176e+04  2.210784e+04 
 1.813498e-02  6.045784e+03  1.099582e+04  1.484860e+04  2.207284e+04 
 1.838777e-02  6.035238e+03  1.097637e+04  1.482211e+04  2.203289e+04 
 1.864409e-02  6.023298e+03  1.095439e+04  1.479218e+04  2.198794e+04 
 1.890397e-02  6.009954e+03  1.092984e+04  1.475880e+04  2.193785e+04 
 1.916748e-02  5.995218e+03  1.090276e+04  1.472200e+04  2.188256e+04 
 1.943467e-02  5.979054e+03  1.087312e+04  1.468171e+04  2.182199e+04 
 1.970558e-02  5.961449e+03  1.084082e+04  1.463787e+04  2.175617e+04 
 1.998026e-02  5.942401e+03  1.080589e+04  1.459046e+04  2.168509e+04 
 2.025878e-02  5.921912e+03  1.076834e+04  1.453952e+04  2.160885e+04 
 2.054117e-02  5.899981e+03  1.072817e+04  1.448504e+04  2.152744e+04 
 2.082751e-02  5.876604e+03  1.068538e+04  1.442702e+04  2.144077e+04 
 2.111783e-02  5.851759e+03  1.063993e+04  1.436538e+04  2.134866e+04 
 2.141220e-02  5.825552e+03  1.059195e+04  1.430033e+04  2.125121e+04 
 2.171068e-02  5.798527e+03  1.054229e+04  1.423280e+04  2.114946e+04 
 2.201331e-02  5.770050e+03  1.049000e+04  1.416169e+04  2.104251e+04 
 2.232016e-02  5.740128e+03  1.043509e+04  1.408703e+04  2.093037e+04 
 2.263130e-02  5.708776e+03  1.037754e+04  1.400885e+04  2.081294e+04 
 2.294676e-02  5.675982e+03  1.031737e+04  1.392711e+04  2.069026e+04 
 2.326663e-02  5.641771e+03  1.025463e+04  1.384189e+04  2.056245e+04 
 2.359095e-02  5.606149e+03  1.018935e+04  1.375327e+04  2.042959e+04 
 2.391980e-02  5.569142e+03  1.012153e+04  1.366124e+04  2.029168e+04 
 2.425323e-02  5.530760e+03  1.005121e+04  1.356585e+04  2.014873e+04 
 2.459130e-02  5.491028e+03  9.978445e+03  1.346711e+04  2.000078e+04 
 2.493409e-02  5.449951e+03  9.903248e+03  1.336511e+04  1.984797e+04 
 2.528166e-02  5.407591e+03  9.825715e+03  1.325993e+04  1.969054e+04 
 2.563407e-02  5.363952e+03  9.745884e+03  1.315167e+04  1.952848e+04 
 2.599140e-02  5.319057e+03  9.663750e+03  1.304030e+04  1.936187e+04 
 2.635371e-02  5.272952e+03  9.579405e+03  1.292599e+04  1.919084e+04 
 2.672106e-02  5.225678e+03  9.492937e+03  1.280880e+04  1.901554e+04 
 2.709354e-02  5.177262e+03  9.404420e+03  1.268882e+04  1.883613e+04 
 2.747121e-02  5.127750e+03  9.313930e+03  1.256619e+04  1.865279e+04 
 2.785414e-02  5.077138e+03  9.221462e+03  1.244093e+04  1.846562e+04 
 2.824241e-02  5.025220e+03  9.126750e+03  1.231276e+04  1.827446e+04 
 2.863610e-02  4.972340e+03  9.030296e+03  1.218224e+04  1.807982e+04 
 2.903527e-02  4.918559e+03  8.932195e+03  1.204951e+04  1.788188e+04 
 2.944000e-02  4.863943e+03  8.832568e+03  1.191474e+04  1.768093e+04 
 2.985038e-02  4.808554e+03  8.731558e+03  1.177809e+04  1.747721e+04 
 3.026648e-02  4.752448e+03  8.629246e+03  1.163967e+04  1.727093e+04 
 3.068838e-02  4.695682e+03  8.525735e+03  1.149967e+04  1.706226e+04 
 3.111616e-02  4.638319e+03  8.421145e+03  1.135823e+04  1.685144e+04 
 3.154990e-02  4.580434e+03  8.315620e+03  1.121550e+04  1.663875e+04 
 3.198969e-02  4.522094e+03  8.209278e+03  1.107169e+04  1.642448e+04 
 3.243561e-02  4.463379e+03  8.102251e+03  1.092695e+04  1.620883e+04 
 3.288774e-02  4.404344e+03  7.994669e+03  1.078148e+04  1.599209e+04 
 3.334618e-02  4.345069e+03  7.886654e+03  1.063543e+04  1.577450e+04 
 3.381101e-02  4.285634e+03  7.778344e+03  1.048898e+04  1.555636e+04 
 3.428231e-02  4.226113e+03  7.669892e+03  1.034234e+04  1.533795e+04 
 3.476019e-02  4.166454e+03  7.561493e+03  1.019613e+04  1.512120e+04 
 3.524473e-02  4.106872e+03  7.453249e+03  1.005015e+04  1.490480e+04 
 3.573602e-02  4.047450e+03  7.345295e+03  9.904558e+03  1.468900e+04 
 3.623416e-02  3.988257e+03  7.237774e+03  9.759533e+03  1.447401e+04 
 3.673925e-02  3.929376e+03  7.130826e+03  9.615270e+03  1.426016e+04 
 3.725137e-02  3.870885e+03  7.024595e+03  9.472009e+03  1.404775e+04 
 3.777064e-02  3.812879e+03  6.919232e+03  9.329933e+03  1.383711e+04 
 3.829714e-02  3.755429e+03  6.814873e+03  9.189194e+03  1.362847e+04 
 3.883098e-02  3.698612e+03  6.711657e+03  9.049989e+03  1.342212e+04 
 3.937226e-02  3.642503e+03  6.609719e+03  8.912504e+03  1.321831e+04 
 3.992109e-02  3.587166e+03  6.509190e+03  8.776917e+03  1.301732e+04 
 4.047757e-02  3.532660e+03  6.410154e+03  8.643328e+03  1.281917e+04 
 4.104181e-02  3.478926e+03  6.312021e+03  8.510387e+03  1.262038e+04 
 4.161391e-02  3.426171e+03  6.215688e+03  8.379862e+03  1.242521e+04 
 4.219398e-02  3.374458e+03  6.121248e+03  8.251907e+03  1.223386e+04 
 4.278214e-02  3.323848e+03  6.028821e+03  8.126688e+03  1.204661e+04 
 4.337850e-02  3.274404e+03  5.938498e+03  8.004333e+03  1.186360e+04 
 4.398317e-02  3.226164e+03  5.850366e+03  7.884937e+03  1.168501e+04 
 4.459628e-02  3.179175e+03  5.764509e+03  7.768614e+03  1.151098e+04 
 4.521792e-02  3.133467e+03  5.681010e+03  7.655458e+03  1.134169e+04 
 4.584824e-02  3.089071e+03  5.599920e+03  7.545543e+03  1.117723e+04 
 4.648734e-02  3.046027e+03  5.521293e+03  7.438953e+03  1.101770e+04 
 4.713535e-02  3.004417e+03  5.445912e+03  7.337457e+03  1.086762e+04 
 4.779239e-02  2.964235e+03  5.373490e+03  7.240387e+03  1.072520e+04 
 4.845859e-02  2.925445e+03  5.303591e+03  7.146723e+03  1.058780e+04 
 4.913407e-02  2.888047e+03  5.236234e+03  7.056446e+03  1.045543e+04 
 4.981898e-02  2.852041e+03  5.171416e+03  6.969569e+03  1.032809e+04 
 5.051342e-02  2.817426e+03  5.109101e+03  6.886070e+03  1.020573e+04 
 5.121755e-02  2.784180e+03  5.049256e+03  6.805883e+03  1.008827e+04 
 5.193150e-02  2.752269e+03  4.991812e+03  6.728951e+03  9.975612e+03 
 5.265540e-02  2.721644e+03  4.936700e+03  6.655174e+03  9.867600e+03 
 5.338938e-02  2.692051e+03  4.883046e+03  6.582931e+03  9.760698e+03 
 5.413360e-02  2.663399e+03  4.830628e+03  6.511807e+03  9.654070e+03 
 5.488820e-02  2.635897e+03  4.780305e+03  6.443501e+03  9.551622e+03 
 5.565331e-02  2.609478e+03  4.731955e+03  6.377859e+03  9.453142e+03 
 5.642908e-02  2.584051e+03  4.685390e+03  6.314648e+03  9.358258e+03 
 5.721568e-02  2.559468e+03  4.640349e+03  6.253487e+03  9.266438e+03 
 5.801323e-02  2.535620e+03  4.596658e+03  6.194148e+03  9.177316e+03 
 5.882190e-02  2.512588e+03  4.554448e+03  6.136819e+03  9.091170e+03 
 5.964185e-02  2.490605e+03  4.514391e+03  6.082657e+03  9.010454e+03 
 6.047322e-02  2.469720e+03  4.477052e+03  6.032895e+03  8.938318e+03 
 6.131619e-02  2.449207e+03  4.440395e+03  5.984050e+03  8.867528e+03 
 6.217090e-02  2.428660e+03  4.403678e+03  5.935116e+03  8.796609e+03 
 6.303753e-02  2.407822e+03  4.366428e+03  5.885469e+03  8.724624e+03 
 6.391624e-02  2.386688e+03  4.328638e+03  5.835096e+03  8.651559e+03 
 6.480720e-02  2.365286e+03  4.290341e+03  5.784049e+03  8.577502e+03 
 6.571058e-02  2.343585e+03  4.251498e+03  5.732260e+03  8.502336e+03 
 6.662655e-02  2.320351e+03  4.208133e+03  5.672548e+03  8.410315e+03 
 6.755528e-02  2.296430e+03  4.163490e+03  5.611045e+03  8.315503e+03 
 6.849697e-02  2.271677e+03  4.117362e+03  5.547539e+03  8.217735e+03 
 6.945178e-02  2.245979e+03  4.069536e+03  5.481752e+03  8.116623e+03 
 7.041990e-02  2.219234e+03  4.019822e+03  5.413443e+03  8.011811e+03 
 7.140151e-02  2.191347e+03  3.968027e+03  5.342365e+03  7.902954e+03 
 7.239681e-02  2.162505e+03  3.914768e+03  5.269645e+03  7.792701e+03 
 7.340598e-02  2.132669e+03  3.860045e+03  5.195330e+03  7.681304e+03 
 7.442922e-02  2.101441e+03  3.802811e+03  5.117630e+03  7.564916e+03 
 7.546673e-02  2.068789e+03  3.743014e+03  5.036478e+03  7.443463e+03 
 7.651869e-02  2.034694e+03  3.680614e+03  4.951847e+03  7.316887e+03 
 7.758532e-02  1.999168e+03  3.615625e+03  4.863756e+03  7.185223e+03 
 7.866682e-02  1.963003e+03  3.550517e+03  4.776533e+03  7.057508e+03 
 7.976339e-02  1.926723e+03  3.486852e+03  4.692911e+03  6.939345e+03 
 8.087525e-02  1.889124e+03  3.420743e+03  4.605941e+03  6.816094e+03 
 8.200261e-02  1.850300e+03  3.352365e+03  4.515860e+03  6.688074e+03 
 8.314568e-02  1.810383e+03  3.281944e+03  4.422973e+03  6.555712e+03 
 8.430468e-02  1.769535e+03  3.209765e+03  4.327649e+03  6.419555e+03 
 8.547985e-02  1.727386e+03  3.134242e+03  4.226848e+03  6.272961e+03 
 8.667139e-02  1.684438e+03  3.056800e+03  4.123007e+03  6.120747e+03 
 8.787954e-02  1.641166e+03  2.978741e+03  4.018321e+03  5.967187e+03 
 8.910453e-02  1.597791e+03  2.900470e+03  3.913333e+03  5.813094e+03 
 9.034660e-02  1.554556e+03  2.822436e+03  3.808613e+03  5.659350e+03 
 9.160598e-02  1.512398e+03  2.747312e+03  3.708706e+03  5.514916e+03 
 9.288292e-02  1.471467e+03  2.675240e+03  3.613700e+03  5.379624e+03 
 9.417766e-02  1.431343e+03  2.604524e+03  3.520447e+03  5.246642e+03 
 9.549045e-02  1.392253e+03  2.535588e+03  3.429497e+03  5.116838e+03 
 9.682153e-02  1.354426e+03  2.468847e+03  3.341401e+03  4.991073e+03 
 9.817117e-02  1.318370e+03  2.405707e+03  3.258512e+03  4.873854e+03 
 9.953962e-02  1.284078e+03  2.345844e+03  3.180112e+03  4.763428e+03 
 1.009272e-01  1.251577e+03  2.289141e+03  3.105886e+03  4.658945e+03 
 1.023340e-01  1.221008e+03  2.235852e+03  3.036205e+03  4.560983e+03 
 1.037605e-01  1.191908e+03  2.184483e+03  2.968402e+03  4.464133e+03 
 1.052069e-01  1.162823e+03  2.130521e+03  2.894649e+03  4.352780e+03 
 1.066734e-01  1.135984e+03  2.080699e+03  2.826524e+03  4.249905e+03 
 1.081604e-01  1.111379e+03  2.034983e+03  2.763988e+03  4.155440e+03 
 1.096681e-01  1.088977e+03  1.993327e+03  2.706981e+03  4.069259e+03 
 1.111968e-01  1.068703e+03  1.955659e+03  2.655360e+03  3.990473e+03 
 1.127468e-01  1.050422e+03  1.921665e+03  2.608721e+03  3.919193e+03 
 1.143184e-01  1.033975e+03  1.891058e+03  2.566659e+03  3.854846e+03 
 1.159120e-01  1.019197e+03  1.863507e+03  2.528745e+03  3.796735e+03 
 1.175277e-01  1.006300e+03  1.839787e+03  2.496321e+03  3.747256e+03 
 1.191660e-01  9.945971e+02  1.818317e+03  2.467006e+03  3.702464e+03 
 1.208271e-01  9.837946e+02  1.798497e+03  2.439939e+03  3.661063e+03 
 1.225114e-01  9.735557e+02  1.779645e+03  2.414133e+03  3.621555e+03 
 1.242191e-01  9.630479e+02  1.759824e+03  2.386704e+03  3.579354e+03 
 1.259506e-01  9.525164e+02  1.739976e+03  2.359248e+03  3.537109e+03 
 1.277063e-01  9.416531e+02  1.719497e+03  2.330966e+03  3.493672e+03 
 1.294865e-01  9.304408e+02  1.698549e+03  2.302084e+03  3.449155e+03 
 1.312915e-01  9.186492e+02  1.676751e+03  2.272078e+03  3.402752e+03 
 1.331216e-01  9.057088e+02  1.652843e+03  2.239257e+03  3.352164e+03 
 1.349772e-01  8.914653e+02  1.626602e+03  2.203310e+03  3.297061e+03 
 1.368587e-01  8.768630e+02  1.601439e+03  2.170753e+03  3.252564e+03 
 1.387665e-01  8.606871e+02  1.573342e+03  2.134226e+03  3.202012e+03 
 1.407008e-01  8.429502e+02  1.542357e+03  2.093726e+03  3.145389e+03 
 1.426621e-01  8.247658e+02  1.511252e+03  2.053288e+03  3.088753e+03 
 1.446507e-01  8.054962e+02  1.478276e+03  2.010395e+03  3.028282e+03 
 1.466671e-01  7.850164e+02  1.442972e+03  1.964263e+03  2.962755e+03 
 1.487115e-01  7.620928e+02  1.401724e+03  1.909063e+03  2.882251e+03 
 1.507845e-01  7.375575e+02  1.356546e+03  1.847876e+03  2.791855e+03 
 1.528864e-01  7.128467e+02  1.311039e+03  1.786234e+03  2.700647e+03 
 1.550175e-01  6.901152e+02  1.271129e+03  1.733795e+03  2.626447e+03 
 1.571784e-01  6.690719e+02  1.235592e+03  1.688309e+03  2.564749e+03 
 1.593694e-01  6.487316e+02  1.201161e+03  1.644154e+03  2.504689e+03 
 1.615909e-01  6.299762e+02  1.169899e+03  1.604380e+03  2.450985e+03 
 1.638434e-01  6.127346e+02  1.141433e+03  1.568382e+03  2.402615e+03 
 1.661273e-01  5.969884e+02  1.115562e+03  1.535768e+03  2.359103e+03 
 1.684430e-01  5.800638e+02  1.084862e+03  1.494689e+03  2.299825e+03 
 1.707910e-01  5.646430e+02  1.056626e+03  1.456761e+03  2.244857e+03 
 1.731717e-01  5.514214e+02  1.032712e+03  1.424822e+03  2.198845e+03 
 1.755856e-01  5.413159e+02  1.015535e+03  1.402475e+03  2.166906e+03 
 1.780332e-01  5.328018e+02  1.001302e+03  1.384147e+03  2.141081e+03 
 1.805149e-01  5.239431e+02  9.842919e+02  1.360170e+03  2.102899e+03 
 1.830312e-01  5.151764e+02  9.661992e+02  1.333626e+03  2.058564e+03 
 1.855825e-01  5.072423e+02  9.498484e+02  1.309705e+03  2.018816e+03 
 1.881694e-01  4.998769e+02  9.354924e+02  1.289757e+03  1.988277e+03 
 1.907924e-01  4.925926e+02  9.213025e+02  1.270044e+03  1.958081e+03 
 1.934520e-01  4.845722e+02  9.055490e+02  1.248245e+03  1.925667e+03 
 1.961486e-01  4.758152e+02  8.883755e+02  1.224515e+03  1.890584e+03 
 1.988828e-01  4.673269e+02  8.724585e+02  1.202829e+03  1.858569e+03 
 2.016551e-01  4.594244e+02  8.587336e+02  1.184611e+03  1.831829e+03 
 2.044661e-01  4.503055e+02  8.425709e+02  1.162915e+03  1.799517e+03 
 2.073162e-01  4.396798e+02  8.227123e+02  1.135429e+03  1.757141e+03 
 2.102061e-01  4.280288e+02  8.009325e+02  1.105300e+03  1.710704e+03 
 2.131362e-01  4.191480e+02  7.885303e+02  1.091278e+03  1.694232e+03 
 2.161073e-01  4.097647e+02  7.752265e+02  1.076057e+03  1.675975e+03 
 2.191197e-01  3.977887e+02  7.551343e+02  1.050623e+03  1.642569e+03 
 2.221741e-01  3.853565e+02  7.336442e+02  1.022966e+03  1.605582e+03 
 2.252711e-01  3.738401e+02  7.143911e+02  9.987510e+02  1.574029e+03 
 2.284112e-01  3.632178e+02  6.968922e+02  9.769797e+02  1.546074e+03 
 2.315951e-01  3.537035e+02  6.805788e+02  9.555073e+02  1.514610e+03 
 2.348235e-01  3.453262e+02  6.660722e+02  9.360642e+02  1.484925e+03 
 2.380968e-01  3.361834e+02  6.485941e+02  9.117729e+02  1.447770e+03 
 2.414157e-01  3.277687e+02  6.321430e+02  8.887458e+02  1.412620e+03 
 2.447809e-01  3.197183e+02  6.164485e+02  8.669979e+02  1.379289e+03 
 2.481930e-01  3.125993e+02  6.025902e+02  8.478423e+02  1.349972e+03 
 2.516527e-01  3.085032e+02  5.953855e+02  8.379052e+02  1.334078e+03 
 2.551606e-01  3.039159e+02  5.868383e+02  8.260117e+02  1.315495e+03 
 2.587174e-01  2.967639e+02  5.720793e+02  8.051705e+02  1.284053e+03 
 2.623238e-01  2.909247e+02  5.609305e+02  7.898765e+02  1.261491e+03 
 2.659804e-01  2.863054e+02  5.533105e+02  7.800561e+02  1.247697e+03 
 2.696881e-01  2.798227e+02  5.414567e+02  7.641446e+02  1.224060e+03 
 2.734474e-01  2.724521e+02  5.277514e+02  7.456293e+02  1.196335e+03 
 2.772591e-01  2.667363e+02  5.186570e+02  7.345856e+02  1.182910e+03 
 2.811239e-01  2.603237e+02  5.077905e+02  7.208872e+02  1.165925e+03 
 2.850426e-01  2.533970e+02  4.953754e+02  7.048090e+02  1.146124e+03 
 2.890160e-01  2.467436e+02  4.844278e+02  6.910027e+02  1.127168e+03 
 2.930447e-01  2.403275e+02  4.736703e+02  6.769002e+02  1.105896e+03 
 2.971296e-01  2.341981e+02  4.621372e+02  6.599662e+02  1.076712e+03 
 3.012714e-01  2.286006e+02  4.525398e+02  6.473532e+02  1.058226e+03 
 3.054710e-01  2.233124e+02  4.436317e+02  6.361772e+02  1.043440e+03 
 3.097291e-01  2.173456e+02  4.324383e+02  6.212036e+02  1.022339e+03 
 3.140465e-01  2.121745e+02  4.220224e+02  6.062242e+02  9.977092e+02 
 3.184242e-01  2.078082e+02  4.132770e+02  5.935943e+02  9.768357e+02 
 3.228628e-01  2.044090e+02  4.073921e+02  5.860051e+02  9.673141e+02 
 3.273634e-01  1.998290e+02  3.980669e+02  5.725177e+02  9.456026e+02 
 3.319266e-01  1.951153e+02  3.888346e+02  5.597226e+02  9.264059e+02 
 3.365535e-01  1.905276e+02  3.806161e+02  5.491919e+02  9.126173e+02 
 3.412449e-01  1.872301e+02  3.764306e+02  5.444913e+02  9.054148e+02 
 3.460016e-01  1.834911e+02  3.704942e+02  5.369870e+02  8.951481e+02 
 3.508247e-01  1.796572e+02  3.638033e+02  5.281412e+02  8.823365e+02 
 3.557150e-01  1.757716e+02  3.567316e+02  5.186264e+02  8.677965e+02 
 3.606735e-01  1.711936e+02  3.486723e+02  5.080817e+02  8.531253e+02 
 3.657011e-01  1.658261e+02  3.385669e+02  4.941850e+02  8.334535e+02 
 3.707988e-01  1.614594e+02  3.301918e+02  4.827015e+02  8.163458e+02 
 3.759675e-01  1.575438e+02  3.226722e+02  4.723316e+02  8.006295e+02 
 3.812083e-01  1.537204e+02  3.157003e+02  4.628687e+02  7.865037e+02 
 3.865221e-01  1.506241e+02  3.110720e+02  4.575799e+02  7.782290e+02 
 3.919100e-01  1.475377e+02  3.039263e+02  4.465755e+02  7.626029e+02 
 3.973730e-01  1.441065e+02  2.981211e+02  4.393800e+02  7.514084e+02 
 4.029122e-01  1.413163e+02  2.938242e+02  4.335578e+02  7.408208e+02 
 4.085286e-01  1.385652e+02  2.879970e+02  4.251708e+02  7.288398e+02 
 4.142232e-01  1.351412e+02  2.810176e+02  4.158513e+02  7.172279e+02 
 4.199973e-01  1.316294e+02  2.749385e+02  4.081575e+02  7.061316e+02 
 4.258518e-01  1.286955e+02  2.695787e+02  4.006462e+02  6.933253e+02 
 4.317880e-01  1.255571e+02  2.635844e+02  3.917945e+02  6.795313e+02 
 4.378069e-01  1.227751e+02  2.580473e+02  3.838977e+02  6.665621e+02 
 4.439097e-01  1.204529e+02  2.543738e+02  3.793569e+02  6.617263e+02 
 4.500975e-01  1.170798e+02  2.480825e+02  3.707934e+02  6.490481e+02 
 4.563716e-01  1.143181e+02  2.423991e+02  3.626024e+02  6.345384e+02 
 4.627332e-01  1.125360e+02  2.399598e+02  3.600209e+02  6.323540e+02 
 4.691835e-01  1.096798e+02  2.343382e+02  3.520280e+02  6.190637e+02 
 4.757236e-01  1.076514e+02  2.303667e+02  3.465739e+02  6.107505e+02 
 4.823549e-01  1.048181e+02  2.246533e+02  3.384311e+02  5.995657e+02 
 4.890787e-01  1.024881e+02  2.201077e+02  3.323175e+02  5.900602e+02 
 4.958962e-01  1.006530e+02  2.166060e+02  3.269561e+02  5.802390e+02 
 5.028087e-01  9.821044e+01  2.123963e+02  3.212601e+02  5.718603e+02 
 5.098176e-01  9.624566e+01  2.087983e+02  3.161778e+02  5.620373e+02 
 5.169242e-01  9.445065e+01  2.054227e+02  3.115751e+02  5.559247e+02 
 5.241298e-01  9.129235e+01  1.999439e+02  3.047450e+02  5.475183e+02 
 5.314359e-01  8.964116e+01  1.975059e+02  3.015368e+02  5.422438e+02 
 5.388438e-01  8.774410e+01  1.932365e+02  2.951094e+02  5.323974e+02 
 5.463550e-01  8.611906e+01  1.901101e+02  2.904870e+02  5.246146e+02 
 5.539709e-01  8.372283e+01  1.858160e+02  2.850620e+02  5.162708e+02 
 5.616930e-01  8.215052e+01  1.827885e+02  2.807701e+02  5.098869e+02 
 5.695227e-01  8.041546e+01  1.798682e+02  2.772345e+02  5.029545e+02 
 5.774615e-01  7.852529e+01  1.755357e+02  2.706895e+02  4.934045e+02 
 5.855110e-01  7.702916e+01  1.728478e+02  2.666275e+02  4.863683e+02 
 5.936727e-01  7.520389e+01  1.686742e+02  2.607449e+02  4.774349e+02 
 6.019482e-01  7.384054e+01  1.665916e+02  2.574620e+02  4.714570e+02 
 6.103390e-01  7.202497e+01  1.634757e+02  2.535025e+02  4.647836e+02 
 6.188468e-01  7.038123e+01  1.605902e+02  2.507604e+02  4.628649e+02 
 6.274732e-01  6.913476e+01  1.575229e+02  2.454371e+02  4.540174e+02 
 6.362198e-01  6.764292e+01  1.550214e+02  2.418900e+02  4.471068e+02 
 6.450884e-01  6.598253e+01  1.520035e+02  2.377342e+02  4.400739e+02 
 6.540806e-01  6.457125e+01  1.486569e+02  2.326226e+02  4.324308e+02 
 6.631981e-01  6.304695e+01  1.461478e+02  2.299138e+02  4.280298e+02 
 6.724427e-01  6.178590e+01  1.434566e+02  2.260782e+02  4.232424e+02 
 6.818162e-01  6.036708e+01  1.408184e+02  2.215025e+02  4.147102e+02 
 6.913204e-01  5.900789e+01  1.380377e+02  2.179513e+02  4.087297e+02 
 7.009570e-01  5.812805e+01  1.358958e+02  2.147791e+02  4.033200e+02 
 7.107280e-01  5.654781e+01  1.334208e+02  2.114246e+02  3.968406e+02 
 7.206351e-01  5.562409e+01  1.312463e+02  2.084291e+02  3.931992e+02 
 7.306804e-01  5.442371e+01  1.291669e+02  2.050980e+02  3.862498e+02 
 7.408657e-01  5.317194e+01  1.265172e+02  2.012854e+02  3.809798e+02 
 7.511929e-01  5.199527e+01  1.240678e+02  1.981201e+02  3.758634e+02 
 7.616642e-01  5.096544e+01  1.217297e+02  1.947816e+02  3.706138e+02 
 7.722814e-01  5.021026e+01  1.204450e+02  1.926270e+02  3.655904e+02 
 7.830465e-01  4.912816e+01  1.180287e+02  1.892086e+02  3.607270e+02 
 7.939618e-01  4.815345e+01  1.164044e+02  1.866399e+02  3.567664e+02 
 8.050292e-01  4.704989e+01  1.140913e+02  1.839181e+02  3.520613e+02 
 8.162509e-01  4.616061e+01  1.123760e+02  1.808792e+02  3.458092e+02 
 8.276289e-01  4.499935e+01  1.100078e+02  1.777613e+02  3.412569e+02 
 8.391656e-01  4.436239e+01  1.086623e+02  1.751605e+02  3.372921e+02 
 8.508632e-01  4.353438e+01  1.067099e+02  1.726714e+02  3.327588e+02 
 8.627237e-01  4.251197e+01  1.048904e+02  1.699862e+02  3.273065e+02 
 8.747496e-01  4.169551e+01  1.030001e+02  1.673260e+02  3.229645e+02 
 8.869432e-01  4.091733e+01  1.014563e+02  1.649843e+02  3.188853e+02 
 8.993067e-01  4.003706e+01  9.975239e+01  1.623887e+02  3.141589e+02 
 9.118425e-01  3.938492e+01  9.799221e+01  1.596030e+02  3.085967e+02 
 9.245531e-01  3.847415e+01  9.627189e+01  1.569873e+02  3.049458e+02 
 9.374409e-01  3.768637e+01  9.466607e+01  1.548212e+02  3.009408e+02 
 9.505083e-01  3.700814e+01  9.308960e+01  1.525052e+02  2.965493e+02 
 9.637579e-01  3.618796e+01  9.124121e+01  1.497094e+02  2.921152e+02 
 9.771921e-01  3.562876e+01  9.061941e+01  1.482880e+02  2.882621e+02 
 9.908137e-01  3.490144e+01  8.883928e+01  1.457430e+02  2.844045e+02 
 1.004625e+00  3.419610e+01  8.713683e+01  1.431752e+02  2.795232e+02 
 1.018629e+00  3.358905e+01  8.586468e+01  1.411433e+02  2.754648e+02 
 1.032828e+00  3.289359e+01  8.439494e+01  1.391388e+02  2.724063e+02 
 1.047225e+00  3.220221e+01  8.310821e+01  1.368792e+02  2.676837e+02 
 1.061823e+00  3.165262e+01  8.193486e+01  1.349754e+02  2.639098e+02 
 1.076624e+00  3.102399e+01  8.055925e+01  1.328877e+02  2.599584e+02 
 1.091632e+00  3.047626e+01  7.919511e+01  1.309663e+02  2.560202e+02 
 1.106848e+00  2.984505e+01  7.774912e+01  1.288505e+02  2.523434e+02 
 1.122277e+00  2.926971e+01  7.661511e+01  1.267231e+02  2.481737e+02 
 1.137921e+00  2.870003e+01  7.522806e+01  1.246981e+02  2.444406e+02 
 1.153783e+00  2.819380e+01  7.402696e+01  1.227995e+02  2.410119e+02 
 1.169866e+00  2.767880e+01  7.289724e+01  1.209059e+02  2.376220e+02 
 1.186174e+00  2.713327e+01  7.177674e+01  1.190519e+02  2.338225e+02 
 1.202708e+00  2.665201e+01  7.059747e+01  1.172967e+02  2.303235e+02 
 1.219473e+00  2.617664e+01  6.951351e+01  1.155998e+02  2.265418e+02 
 1.236472e+00  2.567885e+01  6.840746e+01  1.139030e+02  2.233260e+02 
 1.253708e+00  2.521849e+01  6.727221e+01  1.119510e+02  2.198826e+02 
 1.271184e+00  2.476613e+01  6.643212e+01  1.105842e+02  2.165036e+02 
 1.288904e+00  2.430946e+01  6.512866e+01  1.085536e+02  2.133922e+02 
 1.306870e+00  2.384546e+01  6.407239e+01  1.068490e+02  2.098217e+02 
 1.325087e+00  2.345146e+01  6.309825e+01  1.052589e+02  2.062541e+02 
 1.343558e+00  2.302310e+01  6.206922e+01  1.035533e+02  2.029877e+02 
 1.362287e+00  2.262984e+01  6.104595e+01  1.017916e+02  1.996241e+02 
 1.381276e+00  2.220449e+01  6.007545e+01  9.999427e+01  1.963210e+02 
 1.400531e+00  2.182018e+01  5.910611e+01  9.847694e+01  1.928662e+02 
 1.420053e+00  2.141154e+01  5.805948e+01  9.694966e+01  1.896418e+02 
 1.439848e+00  2.103468e+01  5.719431e+01  9.525990e+01  1.865388e+02 
 1.459919e+00  2.063497e+01  5.623327e+01  9.370847e+01  1.831857e+02 
 1.480269e+00  2.031851e+01  5.522254e+01  9.206872e+01  1.797522e+02 
 1.500903e+00  1.995075e+01  5.436242e+01  9.049298e+01  1.769976e+02 
 1.521825e+00  1.958409e+01  5.352281e+01  8.908961e+01  1.738629e+02 
 1.543038e+00  1.922669e+01  5.261249e+01  8.767184e+01  1.710135e+02 
 1.564548e+00  1.892001e+01  5.175941e+01  8.616455e+01  1.678538e+02 
 1.586357e+00  1.858878e+01  5.095327e+01  8.473833e+01  1.647896e+02 
 1.608469e+00  1.824243e+01  5.010688e+01  8.330249e+01  1.619943e+02 
 1.630891e+00  1.798191e+01  4.919379e+01  8.171005e+01  1.587813e+02 
 1.653624e+00  1.763869e+01  4.835317e+01  8.038506e+01  1.561130e+02 
 1.676675e+00  1.732476e+01  4.762022e+01  7.905186e+01  1.531295e+02 
 1.700047e+00  1.701710e+01  4.682069e+01  7.763505e+01  1.503064e+02 
 1.723745e+00  1.674207e+01  4.600138e+01  7.625727e+01  1.473256e+02 
 1.747773e+00  1.642812e+01  4.518497e+01  7.484669e+01  1.445300e+02 
 1.772136e+00  1.614286e+01  4.441435e+01  7.349415e+01  1.418887e+02 
 1.796838e+00  1.587039e+01  4.362796e+01  7.218552e+01  1.391155e+02 
 1.821885e+00  1.562114e+01  4.287072e+01  7.082976e+01  1.364482e+02 
 1.847281e+00  1.534061e+01  4.219152e+01  6.961489e+01  1.338162e+02 
 1.873032e+00  1.507964e+01  4.142972e+01  6.820769e+01  1.312052e+02 
 1.899141e+00  1.481871e+01  4.066033e+01  6.698936e+01  1.286485e+02 
 1.925614e+00  1.457506e+01  3.996731e+01  6.577388e+01  1.260097e+02 
 1.952456e+00  1.436401e+01  3.931123e+01  6.458424e+01  1.235019e+02 
 1.979672e+00  1.408712e+01  3.864068e+01  6.339283e+01  1.210363e+02 
 2.007267e+00  1.386617e+01  3.795136e+01  6.208435e+01  1.186235e+02 
 2.035248e+00  1.361455e+01  3.722838e+01  6.088824e+01  1.161340e+02 
 2.063618e+00  1.337988e+01  3.652549e+01  5.970608e+01  1.136721e+02 
 2.092383e+00  1.315888e+01  3.586086e+01  5.850450e+01  1.112934e+02 
 2.121550e+00  1.292582e+01  3.518213e+01  5.736006e+01  1.089057e+02 
 2.151123e+00  1.270998e+01  3.453839e+01  5.618869e+01  1.065379e+02 
 2.181109e+00  1.248816e+01  3.386678e+01  5.506325e+01  1.043230e+02 
 2.211512e+00  1.227746e+01  3.320568e+01  5.390390e+01  1.019080e+02 
 2.242340e+00  1.206516e+01  3.261051e+01  5.282533e+01  9.974874e+01 
 2.273597e+00  1.184589e+01  3.198034e+01  5.169073e+01  9.757089e+01 
 2.305289e+00  1.165919e+01  3.136470e+01  5.063732e+01  9.543925e+01 
 2.337424e+00  1.145857e+01  3.074047e+01  4.957095e+01  9.336758e+01 
 2.370006e+00  1.125960e+01  3.014520e+01  4.854727e+01  9.129415e+01 
 2.403043e+00  1.105521e+01  2.956330e+01  4.749928e+01  8.922894e+01 
 2.436540e+00  1.087584e+01  2.899602e+01  4.650647e+01  8.721903e+01 
 2.470504e+00  1.068708e+01  2.842684e+01  4.548620e+01  8.524349e+01 
 2.504942e+00  1.050341e+01  2.787426e+01  4.452334e+01  8.331247e+01 
 2.539859e+00  1.032684e+01  2.730254e+01  4.353599e+01  8.136411e+01 
 2.575263e+00  1.013543e+01  2.673142e+01  4.260511e+01  7.952054e+01 
 2.611161e+00  9.964872e+00  2.618766e+01  4.163599e+01  7.766276e+01 
 2.647559e+00  9.788631e+00  2.564414e+01  4.068635e+01  7.579912e+01 
 2.684465e+00  9.616848e+00  2.512701e+01  3.977088e+01  7.400249e+01 
 2.721885e+00  9.438703e+00  2.457601e+01  3.887140e+01  7.224453e+01 
 2.759826e+00  9.272789e+00  2.404398e+01  3.797327e+01  7.052876e+01 
 2.798297e+00  9.104209e+00  2.354713e+01  3.710270e+01  6.886743e+01 
 2.837304e+00  8.942558e+00  2.304095e+01  3.624797e+01  6.720073e+01 
 2.876854e+00  8.780833e+00  2.254275e+01  3.540190e+01  6.559637e+01 
 2.916956e+00  8.624190e+00  2.206507e+01  3.458422e+01  6.399082e+01 
 2.957617e+00  8.472223e+00  2.159211e+01  3.379228e+01  6.244610e+01 
 2.998844e+00  8.319462e+00  2.112939e+01  3.299950e+01  6.093262e+01 
 3.040646e+00  8.168821e+00  2.066223e+01  3.222225e+01  5.948943e+01 
 3.083031e+00  8.021469e+00  2.020569e+01  3.146439e+01  5.803860e+01 
 3.126007e+00  7.878411e+00  1.976663e+01  3.072159e+01  5.660231e+01 
 3.169582e+00  7.731544e+00  1.931554e+01  2.997145e+01  5.520494e+01 
 3.213764e+00  7.587461e+00  1.888175e+01  2.924909e+01  5.384156e+01 
 3.258562e+00  7.443142e+00  1.845871e+01  2.854138e+01  5.249590e+01 
 3.303985e+00  7.302886e+00  1.802813e+01  2.783886e+01  5.118011e+01 
 3.350041e+00  7.165582e+00  1.760634e+01  2.714853e+01  4.989063e+01 
 3.396739e+00  7.026878e+00  1.719809e+01  2.648486e+01  4.860861e+01 
 3.444087e+00  6.893308e+00  1.679405e+01  2.581411e+01  4.738462e+01 
 3.492096e+00  6.762287e+00  1.640586e+01  2.517827e+01  4.619677e+01 
 3.540774e+00  6.627834e+00  1.602080e+01  2.455732e+01  4.503014e+01 
 3.590130e+00  6.501379e+00  1.564014e+01  2.394085e+01  4.389400e+01 
 3.640175e+00  6.377548e+00  1.527281e+01  2.335439e+01  4.278223e+01 
 3.690917e+00  6.251868e+00  1.492094e+01  2.275975e+01  4.169837e+01 
 3.742366e+00  6.129561e+00  1.455965e+01  2.219608e+01  4.065514e+01 
 3.794533e+00  6.012209e+00  1.421732e+01  2.164221e+01  3.962526e+01 
 3.847427e+00  5.893219e+00  1.387586e+01  2.109736e+01  3.862805e+01 
 3.901058e+00  5.774356e+00  1.354320e+01  2.056918e+01  3.763944e+01 
 3.955436e+00  5.661443e+00  1.321479e+01  2.003830e+01  3.667030e+01 
 4.010573e+00  5.544998e+00  1.289181e+01  1.953280e+01  3.573703e+01 
 4.066478e+00  5.430916e+00  1.257005e+01  1.902824e+01  3.480935e+01 
 4.123163e+00  5.317647e+00  1.226231e+01  1.853676e+01  3.390160e+01 
 4.180637e+00  5.208548e+00  1.196019e+01  1.806083e+01  3.301716e+01 
 4.238913e+00  5.099490e+00  1.166020e+01  1.758909e+01  3.216247e+01 
 4.298001e+00  4.990380e+00  1.136837e+01  1.713547e+01  3.132380e+01 
 4.357913e+00  4.888362e+00  1.108263e+01  1.669574e+01  3.051737e+01 
 4.418660e+00  4.784091e+00  1.080910e+01  1.626002e+01  2.973312e+01 
 4.480254e+00  4.682610e+00  1.053736e+01  1.584141e+01  2.896239e+01 
 4.542706e+00  4.584533e+00  1.027323e+01  1.543184e+01  2.821373e+01 
 4.606029e+00  4.486930e+00  1.001898e+01  1.503529e+01  2.749278e+01 
 4.670234e+00  4.391042e+00  9.768754e+00  1.465237e+01  2.678894e+01 
 4.735335e+00  4.297570e+00  9.525752e+00  1.427497e+01  2.610036e+01 
 4.801343e+00  4.206621e+00  9.288757e+00  1.390929e+01  2.542641e+01 
 4.868271e+00  4.115044e+00  9.054385e+00  1.354934e+01  2.476876e+01 
 4.936132e+00  4.025083e+00  8.824364e+00  1.319599e+01  2.412447e+01 
 5.004939e+00  3.935773e+00  8.599524e+00  1.285213e+01  2.349477e+01 
 5.074705e+00  3.847685e+00  8.379012e+00  1.251368e+01  2.287910e+01 
 5.145444e+00  3.761989e+00  8.163374e+00  1.218659e+01  2.227794e+01 
 5.217169e+00  3.676472e+00  7.952660e+00  1.186309e+01  2.168914e+01 
 5.289893e+00  3.594469e+00  7.748215e+00  1.155482e+01  2.112270e+01 
 5.363631e+00  3.511785e+00  7.548483e+00  1.124859e+01  2.056705e+01 
 5.438397e+00  3.432582e+00  7.353296e+00  1.095450e+01  2.002500e+01 
 5.514206e+00  3.354581e+00  7.164613e+00  1.066759e+01  1.950107e+01 
 5.591071e+00  3.277490e+00  6.980838e+00  1.038918e+01  1.899129e+01 
 5.669007e+00  3.203705e+00  6.802628e+00  1.011905e+01  1.849978e+01 
 5.748030e+00  3.130769e+00  6.628914e+00  9.855011e+00  1.801600e+01 
 5.828155e+00  3.059269e+00  6.459851e+00  9.600345e+00  1.754720e+01 
 5.909396e+00  2.989344e+00  6.295362e+00  9.351717e+00  1.709324e+01 
 5.991770e+00  2.920604e+00  6.134364e+00  9.107501e+00  1.665048e+01 
 6.075292e+00  2.853148e+00  5.977589e+00  8.870804e+00  1.621268e+01 
 6.159978e+00  2.786525e+00  5.822746e+00  8.638989e+00  1.578733e+01 
 6.245845e+00  2.721149e+00  5.671747e+00  8.412365e+00  1.537099e+01 
 6.332908e+00  2.656647e+00  5.523865e+00  8.189603e+00  1.496143e+01 
 6.421186e+00  2.593693e+00  5.380003e+00  7.972547e+00  1.456354e+01 
 6.510694e+00  2.531688e+00  5.239382e+00  7.761534e+00  1.417681e+01 
 6.601449e+00  2.471514e+00  5.102813e+00  7.556173e+00  1.379860e+01 
 6.693470e+00  2.412079e+00  4.969272e+00  7.355795e+00  1.343076e+01 
 6.786773e+00  2.354521e+00  4.839621e+00  7.161216e+00  1.307462e+01 
 6.881377e+00  2.298606e+00  4.714315e+00  6.972141e+00  1.272633e+01 
 6.977300e+00  2.243803e+00  4.592405e+00  6.790023e+00  1.238887e+01 
 7.074559e+00  2.190758e+00  4.473832e+00  6.611418e+00  1.206070e+01 
 7.173175e+00  2.138623e+00  4.358766e+00  6.438545e+00  1.174228e+01 
 7.273165e+00  2.088144e+00  4.246835e+00  6.271257e+00  1.143316e+01 
 7.374549e+00  2.038567e+00  4.137900e+00  6.107478e+00  1.113272e+01 
 7.477346e+00  1.989998e+00  4.031784e+00  5.948627e+00  1.083801e+01 
 7.581576e+00  1.942638e+00  3.927612e+00  5.792546e+00  1.055069e+01 
 7.687260e+00  1.895873e+00  3.826091e+00  5.640106e+00  1.026979e+01 
 7.794416e+00  1.850187e+00  3.726709e+00  5.490528e+00  9.994070e+00 
 7.903066e+00  1.805386e+00  3.628948e+00  5.344302e+00  9.724425e+00 
 8.013230e+00  1.761483e+00  3.534440e+00  5.202649e+00  9.462182e+00 
 8.124930e+00  1.718571e+00  3.441861e+00  5.064261e+00  9.205967e+00 
 8.238187e+00  1.676855e+00  3.351775e+00  4.929073e+00  8.956555e+00 
 8.353023e+00  1.636074e+00  3.264232e+00  4.797961e+00  8.713885e+00 
 8.469460e+00  1.596492e+00  3.179388e+00  4.670740e+00  8.478432e+00 
 8.587519e+00  1.558005e+00  3.096803e+00  4.546890e+00  8.249645e+00 
 8.707225e+00  1.520544e+00  3.016629e+00  4.427005e+00  8.027926e+00 
 8.828599e+00  1.484175e+00  2.939026e+00  4.310851e+00  7.812109e+00 
 8.951665e+00  1.448983e+00  2.863759e+00  4.197653e+00  7.603424e+00 
 9.076446e+00  1.414384e+00  2.790509e+00  4.088080e+00  7.400457e+00 
 9.202967e+00  1.380807e+00  2.719297e+00  3.981757e+00  7.202876e+00 
 9.331251e+00  1.348008e+00  2.649814e+00  3.877617e+00  7.010394e+00 
 9.461324e+00  0.000000e+00  0.000000e+00  0.000000e+00  0.000000e+00 
 9.593209e+00  0.000000e+00  0.000000e+00  0.000000e+00  0.000000e+00 
 9.726934e+00  0.000000e+00  0.000000e+00  0.000000e+00  0.000000e+00 
 9.862522e+00  0.000000e+00  0.000000e+00  0.000000e+00  0.000000e+00 
 1.000000e+01  0.000000e+00  0.000000e+00  0.000000e+00  0.000000e+00 
