 1.000000e-02  5.964498e+03  1.081158e+04  1.455334e+04  2.149354e+04 
 1.013939e-02  5.993864e+03  1.086466e+04  1.462460e+04  2.159846e+04 
 1.028073e-02  6.022652e+03  1.091668e+04  1.469442e+04  2.170122e+04 
 1.042404e-02  6.050826e+03  1.096760e+04  1.476273e+04  2.180180e+04 
 1.056935e-02  6.078387e+03  1.101738e+04  1.482959e+04  2.190020e+04 
 1.071668e-02  6.105312e+03  1.106599e+04  1.489491e+04  2.199626e+04 
 1.086606e-02  6.131569e+03  1.111340e+04  1.495854e+04  2.208984e+04 
 1.101753e-02  6.157134e+03  1.115954e+04  1.502044e+04  2.218083e+04 
 1.117111e-02  6.181978e+03  1.120433e+04  1.508064e+04  2.226932e+04 
 1.132683e-02  6.206079e+03  1.124778e+04  1.513910e+04  2.235516e+04 
 1.148472e-02  6.229416e+03  1.128986e+04  1.519563e+04  2.243817e+04 
 1.164481e-02  6.251968e+03  1.133059e+04  1.525024e+04  2.251832e+04 
 1.180713e-02  6.273725e+03  1.136988e+04  1.530290e+04  2.259558e+04 
 1.197171e-02  6.294648e+03  1.140757e+04  1.535341e+04  2.266981e+04 
 1.213859e-02  6.314718e+03  1.144365e+04  1.540179e+04  2.274096e+04 
 1.230780e-02  6.333935e+03  1.147824e+04  1.544813e+04  2.280900e+04 
 1.247936e-02  6.352261e+03  1.151126e+04  1.549233e+04  2.287378e+04 
 1.265332e-02  6.369639e+03  1.154257e+04  1.553421e+04  2.293511e+04 
 1.282970e-02  6.386043e+03  1.157210e+04  1.557370e+04  2.299295e+04 
 1.300854e-02  6.401477e+03  1.159984e+04  1.561083e+04  2.304730e+04 
 1.318987e-02  6.415920e+03  1.162578e+04  1.564560e+04  2.309806e+04 
 1.337373e-02  6.429372e+03  1.164990e+04  1.567797e+04  2.314519e+04 
 1.356015e-02  6.441790e+03  1.167216e+04  1.570779e+04  2.318856e+04 
 1.374917e-02  6.453112e+03  1.169242e+04  1.573480e+04  2.322804e+04 
 1.394083e-02  6.463310e+03  1.171067e+04  1.575904e+04  2.326347e+04 
 1.413516e-02  6.472416e+03  1.172691e+04  1.578065e+04  2.329486e+04 
 1.433219e-02  6.480388e+03  1.174112e+04  1.579952e+04  2.332210e+04 
 1.453198e-02  6.487170e+03  1.175314e+04  1.581547e+04  2.334509e+04 
 1.473454e-02  6.492762e+03  1.176299e+04  1.582847e+04  2.336384e+04 
 1.493993e-02  6.497152e+03  1.177067e+04  1.583861e+04  2.337827e+04 
 1.514819e-02  6.500239e+03  1.177604e+04  1.584567e+04  2.338813e+04 
 1.535935e-02  6.502034e+03  1.177907e+04  1.584963e+04  2.339339e+04 
 1.557345e-02  6.502543e+03  1.177977e+04  1.585045e+04  2.339401e+04 
 1.579053e-02  6.501731e+03  1.177806e+04  1.584792e+04  2.338982e+04 
 1.601064e-02  6.499594e+03  1.177393e+04  1.584209e+04  2.338080e+04 
 1.623382e-02  6.496113e+03  1.176740e+04  1.583300e+04  2.336695e+04 
 1.646012e-02  6.491259e+03  1.175837e+04  1.582059e+04  2.334816e+04 
 1.668956e-02  6.485024e+03  1.174685e+04  1.580488e+04  2.332448e+04 
 1.692220e-02  6.477381e+03  1.173276e+04  1.578583e+04  2.329577e+04 
 1.715809e-02  6.468316e+03  1.171608e+04  1.576324e+04  2.326185e+04 
 1.739726e-02  6.457801e+03  1.169679e+04  1.573702e+04  2.322261e+04 
 1.763977e-02  6.445832e+03  1.167486e+04  1.570722e+04  2.317814e+04 
 1.788566e-02  6.432378e+03  1.165025e+04  1.567385e+04  2.312844e+04 
 1.813498e-02  6.417427e+03  1.162292e+04  1.563688e+04  2.307340e+04 
 1.838777e-02  6.400997e+03  1.159291e+04  1.559629e+04  2.301288e+04 
 1.864409e-02  6.383050e+03  1.156014e+04  1.555197e+04  2.294682e+04 
 1.890397e-02  6.363570e+03  1.152458e+04  1.550388e+04  2.287525e+04 
 1.916748e-02  6.342552e+03  1.148625e+04  1.545208e+04  2.279826e+04 
 1.943467e-02  6.320000e+03  1.144514e+04  1.539652e+04  2.271584e+04 
 1.970558e-02  6.295877e+03  1.140119e+04  1.533715e+04  2.262779e+04 
 1.998026e-02  6.270197e+03  1.135439e+04  1.527399e+04  2.253408e+04 
 2.025878e-02  6.242963e+03  1.130480e+04  1.520704e+04  2.243474e+04 
 2.054117e-02  6.214163e+03  1.125236e+04  1.513624e+04  2.232971e+04 
 2.082751e-02  6.183776e+03  1.119707e+04  1.506163e+04  2.221902e+04 
 2.111783e-02  6.151838e+03  1.113898e+04  1.498323e+04  2.210287e+04 
 2.141220e-02  6.118449e+03  1.107822e+04  1.490125e+04  2.198137e+04 
 2.171068e-02  6.084182e+03  1.101567e+04  1.481662e+04  2.185535e+04 
 2.201331e-02  6.048391e+03  1.095033e+04  1.472824e+04  2.172367e+04 
 2.232016e-02  6.011068e+03  1.088222e+04  1.463614e+04  2.158648e+04 
 2.263130e-02  5.972211e+03  1.081135e+04  1.454034e+04  2.144399e+04 
 2.294676e-02  5.931850e+03  1.073777e+04  1.444088e+04  2.129623e+04 
 2.326663e-02  5.889991e+03  1.066147e+04  1.433778e+04  2.114305e+04 
 2.359095e-02  5.846653e+03  1.058250e+04  1.423110e+04  2.098453e+04 
 2.391980e-02  5.801877e+03  1.050092e+04  1.412090e+04  2.082084e+04 
 2.425323e-02  5.755687e+03  1.041679e+04  1.400728e+04  2.065207e+04 
 2.459130e-02  5.708110e+03  1.033014e+04  1.389025e+04  2.047833e+04 
 2.493409e-02  5.659173e+03  1.024103e+04  1.376994e+04  2.029975e+04 
 2.528166e-02  5.608910e+03  1.014954e+04  1.364641e+04  2.011641e+04 
 2.563407e-02  5.557354e+03  1.005570e+04  1.351975e+04  1.992844e+04 
 2.599140e-02  5.504547e+03  9.959604e+03  1.339004e+04  1.973604e+04 
 2.635371e-02  5.450529e+03  9.861308e+03  1.325739e+04  1.953930e+04 
 2.672106e-02  5.395335e+03  9.760923e+03  1.312191e+04  1.933842e+04 
 2.709354e-02  5.339026e+03  9.658523e+03  1.298373e+04  1.913354e+04 
 2.747121e-02  5.281661e+03  9.554194e+03  1.284297e+04  1.892490e+04 
 2.785414e-02  5.223220e+03  9.447959e+03  1.269970e+04  1.871259e+04 
 2.824241e-02  5.163530e+03  9.339585e+03  1.255369e+04  1.849657e+04 
 2.863610e-02  5.102944e+03  9.229612e+03  1.240551e+04  1.827737e+04 
 2.903527e-02  5.041534e+03  9.118145e+03  1.225532e+04  1.805525e+04 
 2.944000e-02  4.979363e+03  9.005301e+03  1.210329e+04  1.783044e+04 
 2.985038e-02  4.916496e+03  8.891208e+03  1.194959e+04  1.760319e+04 
 3.026648e-02  4.853001e+03  8.775988e+03  1.179438e+04  1.737370e+04 
 3.068838e-02  4.788951e+03  8.659774e+03  1.163782e+04  1.714224e+04 
 3.111616e-02  4.724431e+03  8.542694e+03  1.148013e+04  1.690913e+04 
 3.154990e-02  4.659521e+03  8.424914e+03  1.132148e+04  1.667462e+04 
 3.198969e-02  4.594291e+03  8.306564e+03  1.116210e+04  1.643902e+04 
 3.243561e-02  4.528824e+03  8.187806e+03  1.100215e+04  1.620262e+04 
 3.288774e-02  4.463194e+03  8.068784e+03  1.084185e+04  1.596569e+04 
 3.334618e-02  4.397496e+03  7.949625e+03  1.068137e+04  1.572855e+04 
 3.381101e-02  4.331812e+03  7.830488e+03  1.052095e+04  1.549149e+04 
 3.428231e-02  4.266232e+03  7.711522e+03  1.036077e+04  1.525479e+04 
 3.476019e-02  4.200598e+03  7.592837e+03  1.020132e+04  1.502022e+04 
 3.524473e-02  4.135228e+03  7.474650e+03  1.004253e+04  1.478668e+04 
 3.573602e-02  4.070218e+03  7.357126e+03  9.884658e+03  1.455440e+04 
 3.623416e-02  4.005672e+03  7.240407e+03  9.727852e+03  1.432374e+04 
 3.673925e-02  3.941664e+03  7.124652e+03  9.572362e+03  1.409497e+04 
 3.725137e-02  3.878267e+03  7.010022e+03  9.418361e+03  1.386844e+04 
 3.777064e-02  3.815561e+03  6.896650e+03  9.266065e+03  1.364440e+04 
 3.829714e-02  3.753648e+03  6.784699e+03  9.115661e+03  1.342314e+04 
 3.883098e-02  3.692609e+03  6.674306e+03  8.967362e+03  1.320497e+04 
 3.937226e-02  3.632503e+03  6.565605e+03  8.821343e+03  1.299017e+04 
 3.992109e-02  3.573400e+03  6.458746e+03  8.677790e+03  1.277897e+04 
 4.047757e-02  3.515370e+03  6.353803e+03  8.536772e+03  1.257144e+04 
 4.104181e-02  3.458364e+03  6.250164e+03  8.396917e+03  1.236398e+04 
 4.161391e-02  3.402582e+03  6.148740e+03  8.260058e+03  1.216094e+04 
 4.219398e-02  3.348085e+03  6.049640e+03  8.126341e+03  1.196258e+04 
 4.278214e-02  3.294929e+03  5.952987e+03  7.995936e+03  1.176907e+04 
 4.337850e-02  3.243160e+03  5.858857e+03  7.868921e+03  1.158058e+04 
 4.398317e-02  3.192821e+03  5.767313e+03  7.745372e+03  1.139725e+04 
 4.459628e-02  3.143949e+03  5.678431e+03  7.625403e+03  1.121922e+04 
 4.521792e-02  3.096578e+03  5.592292e+03  7.509119e+03  1.104665e+04 
 4.584824e-02  3.050747e+03  5.508937e+03  7.396596e+03  1.087960e+04 
 4.648734e-02  3.006469e+03  5.428404e+03  7.287882e+03  1.071817e+04 
 4.713535e-02  2.963814e+03  5.351479e+03  7.184712e+03  1.056675e+04 
 4.779239e-02  2.922766e+03  5.277853e+03  7.086389e+03  1.042357e+04 
 4.845859e-02  2.883296e+03  5.207067e+03  6.991876e+03  1.028598e+04 
 4.913407e-02  2.845401e+03  5.139114e+03  6.901146e+03  1.015397e+04 
 4.981898e-02  2.809066e+03  5.073967e+03  6.814179e+03  1.002748e+04 
 5.051342e-02  2.774269e+03  5.011587e+03  6.730939e+03  9.906411e+03 
 5.121755e-02  2.740966e+03  4.951915e+03  6.651338e+03  9.790667e+03 
 5.193150e-02  2.709115e+03  4.894856e+03  6.575234e+03  9.680075e+03 
 5.265540e-02  2.678661e+03  4.840332e+03  6.502529e+03  9.574474e+03 
 5.338938e-02  2.649338e+03  4.787435e+03  6.431564e+03  9.470306e+03 
 5.413360e-02  2.621038e+03  4.735898e+03  6.361899e+03  9.366724e+03 
 5.488820e-02  2.593958e+03  4.686568e+03  6.295214e+03  9.267516e+03 
 5.565331e-02  2.568016e+03  4.639293e+03  6.231293e+03  9.172390e+03 
 5.642908e-02  2.543065e+03  4.593809e+03  6.169797e+03  9.080818e+03 
 5.721568e-02  2.518940e+03  4.549822e+03  6.110307e+03  8.992217e+03 
 5.801323e-02  2.495575e+03  4.507218e+03  6.052672e+03  8.906365e+03 
 5.882190e-02  2.472998e+03  4.466038e+03  5.996957e+03  8.823347e+03 
 5.964185e-02  2.451382e+03  4.426855e+03  5.944197e+03  8.745406e+03 
 6.047322e-02  2.430906e+03  4.390470e+03  5.895954e+03  8.676076e+03 
 6.131619e-02  2.410837e+03  4.354813e+03  5.848699e+03  8.608189e+03 
 6.217090e-02  2.390764e+03  4.319139e+03  5.801411e+03  8.540261e+03 
 6.303753e-02  2.370280e+03  4.282726e+03  5.753122e+03  8.470867e+03 
 6.391624e-02  2.349288e+03  4.245387e+03  5.703579e+03  8.399637e+03 
 6.480720e-02  2.327805e+03  4.207164e+03  5.652847e+03  8.326660e+03 
 6.571058e-02  2.305840e+03  4.168086e+03  5.600952e+03  8.251961e+03 
 6.662655e-02  2.282220e+03  4.124283e+03  5.540906e+03  8.160316e+03 
 6.755528e-02  2.257791e+03  4.078965e+03  5.478781e+03  8.065469e+03 
 6.849697e-02  2.232380e+03  4.031874e+03  5.414278e+03  7.967153e+03 
 6.945178e-02  2.205854e+03  3.982766e+03  5.347082e+03  7.864888e+03 
 7.041990e-02  2.178112e+03  3.931464e+03  5.276959e+03  7.758354e+03 
 7.140151e-02  2.149053e+03  3.877808e+03  5.203673e+03  7.647222e+03 
 7.239681e-02  2.118900e+03  3.822492e+03  5.128510e+03  7.534391e+03 
 7.340598e-02  2.087643e+03  3.765541e+03  5.051567e+03  7.420233e+03 
 7.442922e-02  2.054853e+03  3.705828e+03  4.970920e+03  7.300634e+03 
 7.546673e-02  2.020516e+03  3.643322e+03  4.886543e+03  7.175585e+03 
 7.651869e-02  1.984631e+03  3.578031e+03  4.798450e+03  7.045101e+03 
 7.758532e-02  1.947225e+03  3.509996e+03  4.706705e+03  6.909297e+03 
 7.866682e-02  1.909134e+03  3.441760e+03  4.615694e+03  6.777122e+03 
 7.976339e-02  1.870907e+03  3.374914e+03  4.528161e+03  6.654120e+03 
 8.087525e-02  1.831356e+03  3.305615e+03  4.437259e+03  6.526000e+03 
 8.200261e-02  1.790614e+03  3.234094e+03  4.343303e+03  6.393204e+03 
 8.314568e-02  1.748833e+03  3.160623e+03  4.246654e+03  6.256285e+03 
 8.430468e-02  1.706199e+03  3.085538e+03  4.147768e+03  6.115864e+03 
 8.547985e-02  1.662371e+03  3.007310e+03  4.043696e+03  5.965471e+03 
 8.667139e-02  1.617892e+03  2.927429e+03  3.936952e+03  5.810000e+03 
 8.787954e-02  1.573276e+03  2.847263e+03  3.829787e+03  5.653841e+03 
 8.910453e-02  1.528773e+03  2.767267e+03  3.722814e+03  5.497885e+03 
 9.034660e-02  1.484635e+03  2.687901e+03  3.616672e+03  5.343061e+03 
 9.160598e-02  1.441776e+03  2.611748e+03  3.515694e+03  5.197830e+03 
 9.288292e-02  1.400370e+03  2.538977e+03  3.419971e+03  5.062070e+03 
 9.417766e-02  1.360052e+03  2.468057e+03  3.326621e+03  4.929552e+03 
 9.549045e-02  1.321043e+03  2.399409e+03  3.236225e+03  4.801139e+03 
 9.682153e-02  1.283564e+03  2.333452e+03  3.149364e+03  4.677688e+03 
 9.817117e-02  1.248071e+03  2.271416e+03  3.068068e+03  4.563083e+03 
 9.953962e-02  1.214584e+03  2.213061e+03  2.991778e+03  4.455935e+03 
 1.009272e-01  1.183141e+03  2.158307e+03  2.920245e+03  4.355595e+03 
 1.023340e-01  1.153851e+03  2.107378e+03  2.853779e+03  4.262565e+03 
 1.037605e-01  1.126227e+03  2.058734e+03  2.789701e+03  4.171464e+03 
 1.052069e-01  1.098794e+03  2.007866e+03  2.720281e+03  4.067010e+03 
 1.066734e-01  1.073747e+03  1.961391e+03  2.656827e+03  3.971489e+03 
 1.081604e-01  1.051054e+03  1.919228e+03  2.599217e+03  3.884745e+03 
 1.096681e-01  1.030635e+03  1.881231e+03  2.547259e+03  3.806458e+03 
 1.111968e-01  1.012366e+03  1.847268e+03  2.500736e+03  3.735733e+03 
 1.127468e-01  9.960756e+02  1.816953e+03  2.459163e+03  3.672395e+03 
 1.143184e-01  9.815738e+02  1.789923e+03  2.422044e+03  3.615735e+03 
 1.159120e-01  9.686378e+02  1.765753e+03  2.388813e+03  3.564886e+03 
 1.175277e-01  9.574966e+02  1.745305e+03  2.360920e+03  3.522433e+03 
 1.191660e-01  9.474170e+02  1.726854e+03  2.335737e+03  3.484061e+03 
 1.208271e-01  9.380377e+02  1.709688e+03  2.312297e+03  3.448273e+03 
 1.225114e-01  9.289703e+02  1.693045e+03  2.289556e+03  3.413526e+03 
 1.242191e-01  9.194381e+02  1.675090e+03  2.264823e+03  3.375726e+03 
 1.259506e-01  9.096179e+02  1.656620e+03  2.239389e+03  3.336924e+03 
 1.277063e-01  8.991819e+02  1.637064e+03  2.212437e+03  3.295882e+03 
 1.294865e-01  8.881601e+02  1.616642e+03  2.184430e+03  3.253211e+03 
 1.312915e-01  8.763452e+02  1.595004e+03  2.154934e+03  3.208264e+03 
 1.331216e-01  8.631394e+02  1.570845e+03  2.122031e+03  3.158298e+03 
 1.349772e-01  8.484115e+02  1.543957e+03  2.085477e+03  3.103032e+03 
 1.368587e-01  8.331393e+02  1.517742e+03  2.051696e+03  3.057090e+03 
 1.387665e-01  8.161939e+02  1.488423e+03  2.013661e+03  3.004758e+03 
 1.407008e-01  7.976178e+02  1.456081e+03  1.971504e+03  2.946098e+03 
 1.426621e-01  7.785722e+02  1.423566e+03  1.929406e+03  2.887413e+03 
 1.446507e-01  7.585148e+02  1.389336e+03  1.884951e+03  2.825126e+03 
 1.466671e-01  7.373596e+02  1.352949e+03  1.837509e+03  2.758172e+03 
 1.487115e-01  7.139127e+02  1.310850e+03  1.781340e+03  2.676645e+03 
 1.507845e-01  6.891024e+02  1.265275e+03  1.719773e+03  2.586025e+03 
 1.528864e-01  6.643854e+02  1.219859e+03  1.658384e+03  2.495623e+03 
 1.550175e-01  6.417908e+02  1.180122e+03  1.606136e+03  2.421664e+03 
 1.571784e-01  6.211077e+02  1.145038e+03  1.561104e+03  2.360301e+03 
 1.593694e-01  6.014488e+02  1.111661e+03  1.518223e+03  2.301839e+03 
 1.615909e-01  5.835632e+02  1.081729e+03  1.480053e+03  2.249939e+03 
 1.638434e-01  5.674320e+02  1.055015e+03  1.446157e+03  2.204176e+03 
 1.661273e-01  5.530060e+02  1.031306e+03  1.416235e+03  2.164186e+03 
 1.684430e-01  5.376850e+02  1.003433e+03  1.378926e+03  2.110325e+03 
 1.707910e-01  5.239880e+02  9.782681e+02  1.345091e+03  2.061347e+03 
 1.731717e-01  5.125057e+02  9.574463e+02  1.317276e+03  2.021363e+03 
 1.755856e-01  5.040560e+02  9.431946e+02  1.298815e+03  1.995068e+03 
 1.780332e-01  4.971105e+02  9.317299e+02  1.284160e+03  1.974528e+03 
 1.805149e-01  4.897716e+02  9.175958e+02  1.264205e+03  1.942735e+03 
 1.830312e-01  4.823788e+02  9.022228e+02  1.241581e+03  1.904964e+03 
 1.855825e-01  4.755509e+02  8.880681e+02  1.220837e+03  1.870572e+03 
 1.881694e-01  4.690267e+02  8.753602e+02  1.203205e+03  1.843695e+03 
 1.907924e-01  4.622890e+02  8.622648e+02  1.185047e+03  1.816022e+03 
 1.934520e-01  4.546342e+02  8.473999e+02  1.164632e+03  1.786043e+03 
 1.961486e-01  4.460185e+02  8.307323e+02  1.141795e+03  1.752744e+03 
 1.988828e-01  4.373792e+02  8.147059e+02  1.120108e+03  1.721040e+03 
 2.016551e-01  4.290562e+02  8.002508e+02  1.100954e+03  1.692974e+03 
 2.044661e-01  4.194480e+02  7.832285e+02  1.078148e+03  1.659127e+03 
 2.073162e-01  4.083704e+02  7.626105e+02  1.049742e+03  1.615687e+03 
 2.102061e-01  3.963607e+02  7.402455e+02  1.018934e+03  1.568564e+03 
 2.131362e-01  3.869614e+02  7.266188e+02  1.003048e+03  1.548989e+03 
 2.161073e-01  3.772765e+02  7.124678e+02  9.864585e+02  1.528352e+03 
 2.191197e-01  3.653638e+02  6.922744e+02  9.606989e+02  1.493948e+03 
 2.221741e-01  3.532948e+02  6.712711e+02  9.335373e+02  1.457202e+03 
 2.252711e-01  3.424100e+02  6.529757e+02  9.104279e+02  1.426850e+03 
 2.284112e-01  3.326183e+02  6.368112e+02  8.902802e+02  1.400924e+03 
 2.315951e-01  3.240224e+02  6.220361e+02  8.708273e+02  1.372527e+03 
 2.348235e-01  3.167164e+02  6.093807e+02  8.538801e+02  1.346798e+03 
 2.380968e-01  3.088496e+02  5.943047e+02  8.329441e+02  1.314961e+03 
 2.414157e-01  3.016871e+02  5.802474e+02  8.132786e+02  1.285131e+03 
 2.447809e-01  2.949232e+02  5.670837e+02  7.951054e+02  1.257462e+03 
 2.481930e-01  2.888989e+02  5.553884e+02  7.790083e+02  1.232985e+03 
 2.516527e-01  2.854763e+02  5.494190e+02  7.707827e+02  1.219849e+03 
 2.551606e-01  2.813580e+02  5.417514e+02  7.601274e+02  1.203273e+03 
 2.587174e-01  2.746106e+02  5.278705e+02  7.406035e+02  1.173947e+03 
 2.623238e-01  2.688657e+02  5.169287e+02  7.256154e+02  1.151829e+03 
 2.659804e-01  2.640898e+02  5.089464e+02  7.152260e+02  1.137013e+03 
 2.696881e-01  2.574851e+02  4.968362e+02  6.989278e+02  1.112789e+03 
 2.734474e-01  2.499734e+02  4.828412e+02  6.799833e+02  1.084444e+03 
 2.772591e-01  2.439692e+02  4.729984e+02  6.677300e+02  1.068764e+03 
 2.811239e-01  2.374832e+02  4.618678e+02  6.535216e+02  1.050482e+03 
 2.850426e-01  2.307404e+02  4.497859e+02  6.378049e+02  1.030553e+03 
 2.890160e-01  2.243496e+02  4.391676e+02  6.243185e+02  1.011903e+03 
 2.930447e-01  2.183593e+02  4.290657e+02  6.110538e+02  9.919884e+02 
 2.971296e-01  2.128746e+02  4.187417e+02  5.959324e+02  9.660167e+02 
 3.012714e-01  2.080306e+02  4.105074e+02  5.851877e+02  9.505829e+02 
 3.054710e-01  2.035465e+02  4.030534e+02  5.759501e+02  9.387847e+02 
 3.097291e-01  1.984894e+02  3.935621e+02  5.632783e+02  9.209404e+02 
 3.140465e-01  1.940280e+02  3.846176e+02  5.504787e+02  9.001208e+02 
 3.184242e-01  1.901340e+02  3.768538e+02  5.393336e+02  8.819682e+02 
 3.228628e-01  1.869587e+02  3.712530e+02  5.320564e+02  8.726666e+02 
 3.273634e-01  1.826426e+02  3.624813e+02  5.193855e+02  8.523174e+02 
 3.319266e-01  1.780332e+02  3.534436e+02  5.068319e+02  8.333992e+02 
 3.365535e-01  1.734064e+02  3.450393e+02  4.959092e+02  8.186590e+02 
 3.412449e-01  1.699761e+02  3.403838e+02  4.904409e+02  8.102392e+02 
 3.460016e-01  1.662000e+02  3.342155e+02  4.825259e+02  7.992380e+02 
 3.508247e-01  1.624144e+02  3.275235e+02  4.736108e+02  7.861780e+02 
 3.557150e-01  1.587101e+02  3.207660e+02  4.644884e+02  7.721232e+02 
 3.606735e-01  1.545351e+02  3.134316e+02  4.549359e+02  7.589998e+02 
 3.657011e-01  1.497760e+02  3.044825e+02  4.426628e+02  7.417198e+02 
 3.707988e-01  1.459333e+02  2.971213e+02  4.325959e+02  7.268315e+02 
 3.759675e-01  1.425405e+02  2.906140e+02  4.236500e+02  7.133802e+02 
 3.812083e-01  1.392144e+02  2.845770e+02  4.154985e+02  7.013315e+02 
 3.865221e-01  1.364687e+02  2.805578e+02  4.110053e+02  6.945763e+02 
 3.919100e-01  1.335308e+02  2.737352e+02  4.005569e+02  6.796615e+02 
 3.973730e-01  1.302937e+02  2.681321e+02  3.934689e+02  6.685664e+02 
 4.029122e-01  1.275300e+02  2.637356e+02  3.874375e+02  6.577516e+02 
 4.085286e-01  1.247648e+02  2.579200e+02  3.790709e+02  6.455955e+02 
 4.142232e-01  1.214793e+02  2.512365e+02  3.700963e+02  6.340560e+02 
 4.199973e-01  1.182012e+02  2.455219e+02  3.628018e+02  6.235058e+02 
 4.258518e-01  1.154943e+02  2.405863e+02  3.559168e+02  6.120338e+02 
 4.317880e-01  1.126487e+02  2.351932e+02  3.480145e+02  5.996838e+02 
 4.378069e-01  1.101736e+02  2.302362e+02  3.408914e+02  5.879597e+02 
 4.439097e-01  1.081415e+02  2.270796e+02  3.370804e+02  5.839569e+02 
 4.500975e-01  1.051309e+02  2.214796e+02  3.294969e+02  5.728816e+02 
 4.563716e-01  1.025934e+02  2.162077e+02  3.218887e+02  5.597111e+02 
 4.627332e-01  1.009246e+02  2.138779e+02  3.193392e+02  5.572527e+02 
 4.691835e-01  9.823241e+01  2.085781e+02  3.118771e+02  5.451289e+02 
 4.757236e-01  9.627779e+01  2.046820e+02  3.064166e+02  5.365439e+02 
 4.823549e-01  9.360903e+01  1.993467e+02  2.988280e+02  5.257816e+02 
 4.890787e-01  9.142601e+01  1.950605e+02  2.930584e+02  5.170014e+02 
 4.958962e-01  8.974683e+01  1.918343e+02  2.881417e+02  5.081081e+02 
 5.028087e-01  8.753546e+01  1.880366e+02  2.830482e+02  5.006374e+02 
 5.098176e-01  8.577017e+01  1.847744e+02  2.784516e+02  4.920868e+02 
 5.169242e-01  8.414497e+01  1.817107e+02  2.742684e+02  4.863754e+02 
 5.241298e-01  8.129958e+01  1.767892e+02  2.681942e+02  4.788354e+02 
 5.314359e-01  7.977076e+01  1.745419e+02  2.652437e+02  4.739497e+02 
 5.388438e-01  7.797387e+01  1.704373e+02  2.590808e+02  4.644856e+02 
 5.463550e-01  7.643382e+01  1.674823e+02  2.547595e+02  4.572450e+02 
 5.539709e-01  7.422768e+01  1.634734e+02  2.496463e+02  4.496517e+02 
 5.616930e-01  7.277500e+01  1.606573e+02  2.456793e+02  4.437526e+02 
 5.695227e-01  7.120832e+01  1.579996e+02  2.424091e+02  4.376583e+02 
 5.774615e-01  6.949840e+01  1.541171e+02  2.365629e+02  4.289329e+02 
 5.855110e-01  6.815070e+01  1.516997e+02  2.330431e+02  4.228723e+02 
 5.936727e-01  6.647658e+01  1.479257e+02  2.275997e+02  4.146379e+02 
 6.019482e-01  6.520699e+01  1.458625e+02  2.244665e+02  4.089293e+02 
 6.103390e-01  6.354351e+01  1.429788e+02  2.208307e+02  4.029439e+02 
 6.188468e-01  6.206187e+01  1.403829e+02  2.182045e+02  4.009996e+02 
 6.274732e-01  6.089358e+01  1.374964e+02  2.132750e+02  3.927181e+02 
 6.362198e-01  5.952078e+01  1.352007e+02  2.101467e+02  3.869863e+02 
 6.450884e-01  5.801258e+01  1.324318e+02  2.063016e+02  3.803604e+02 
 6.540806e-01  5.671750e+01  1.293759e+02  2.016701e+02  3.733520e+02 
 6.631981e-01  5.533199e+01  1.270048e+02  1.989857e+02  3.692358e+02 
 6.724427e-01  5.416951e+01  1.245906e+02  1.955738e+02  3.648127e+02 
 6.818162e-01  5.287461e+01  1.221331e+02  1.914826e+02  3.571475e+02 
 6.913204e-01  5.163977e+01  1.196180e+02  1.881858e+02  3.518453e+02 
 7.009570e-01  5.082754e+01  1.176478e+02  1.852429e+02  3.469777e+02 
 7.107280e-01  4.940585e+01  1.154253e+02  1.822898e+02  3.413578e+02 
 7.206351e-01  4.855693e+01  1.134142e+02  1.795321e+02  3.379430e+02 
 7.306804e-01  4.747700e+01  1.115554e+02  1.765594e+02  3.316986e+02 
 7.408657e-01  4.634985e+01  1.091642e+02  1.731630e+02  3.271258e+02 
 7.511929e-01  4.529479e+01  1.069640e+02  1.703126e+02  3.224854e+02 
 7.616642e-01  4.436455e+01  1.048464e+02  1.672484e+02  3.179168e+02 
 7.722814e-01  4.366528e+01  1.036752e+02  1.653490e+02  3.136274e+02 
 7.830465e-01  4.269424e+01  1.015052e+02  1.622222e+02  3.092397e+02 
 7.939618e-01  4.182269e+01  1.000379e+02  1.599833e+02  3.053101e+02 
 8.050292e-01  4.082130e+01  9.793665e+01  1.574982e+02  3.013792e+02 
 8.162509e-01  4.000470e+01  9.636680e+01  1.548400e+02  2.959631e+02 
 8.276289e-01  3.897100e+01  9.425317e+01  1.519899e+02  2.918800e+02 
 8.391656e-01  3.837498e+01  9.299192e+01  1.496154e+02  2.879301e+02 
 8.508632e-01  3.761830e+01  9.126622e+01  1.474239e+02  2.840847e+02 
 8.627237e-01  3.670344e+01  8.959458e+01  1.449569e+02  2.793942e+02 
 8.747496e-01  3.596730e+01  8.787802e+01  1.425589e+02  2.755017e+02 
 8.869432e-01  3.526216e+01  8.650763e+01  1.404808e+02  2.720859e+02 
 8.993067e-01  3.446127e+01  8.496922e+01  1.381928e+02  2.678058e+02 
 9.118425e-01  3.388345e+01  8.339822e+01  1.356983e+02  2.630306e+02 
 9.245531e-01  3.306360e+01  8.189771e+01  1.334354e+02  2.597087e+02 
 9.374409e-01  3.234701e+01  8.043665e+01  1.314688e+02  2.562438e+02 
 9.505083e-01  3.173289e+01  7.901129e+01  1.293517e+02  2.524390e+02 
 9.637579e-01  3.100401e+01  7.741632e+01  1.269468e+02  2.484836e+02 
 9.771921e-01  3.048565e+01  7.678916e+01  1.256752e+02  2.451992e+02 
 9.908137e-01  2.983401e+01  7.521282e+01  1.233844e+02  2.416030e+02 
 1.004625e+00  2.919307e+01  7.369193e+01  1.211312e+02  2.375859e+02 
 1.018629e+00  2.865619e+01  7.257204e+01  1.193229e+02  2.339630e+02 
 1.032828e+00  2.802104e+01  7.124345e+01  1.175667e+02  2.311540e+02 
 1.047225e+00  2.740754e+01  7.006369e+01  1.155839e+02  2.270683e+02 
 1.061823e+00  2.690994e+01  6.902770e+01  1.139173e+02  2.239796e+02 
 1.076624e+00  2.634566e+01  6.782419e+01  1.121333e+02  2.206085e+02 
 1.091632e+00  2.586324e+01  6.659526e+01  1.104172e+02  2.171595e+02 
 1.106848e+00  2.530064e+01  6.534404e+01  1.085325e+02  2.140821e+02 
 1.122277e+00  2.478969e+01  6.435398e+01  1.066986e+02  2.104165e+02 
 1.137921e+00  2.427854e+01  6.313125e+01  1.049137e+02  2.072575e+02 
 1.153783e+00  2.381749e+01  6.208980e+01  1.033050e+02  2.042264e+02 
 1.169866e+00  2.338210e+01  6.110040e+01  1.016961e+02  2.014357e+02 
 1.186174e+00  2.289550e+01  6.012562e+01  1.000819e+02  1.981386e+02 
 1.202708e+00  2.246317e+01  5.910533e+01  9.855918e+01  1.952957e+02 
 1.219473e+00  2.204517e+01  5.814772e+01  9.711263e+01  1.920032e+02 
 1.236472e+00  2.160388e+01  5.718838e+01  9.564142e+01  1.893024e+02 
 1.253708e+00  2.119649e+01  5.621510e+01  9.388635e+01  1.861957e+02 
 1.271184e+00  2.079380e+01  5.543568e+01  9.273732e+01  1.834729e+02 
 1.288904e+00  2.038637e+01  5.431282e+01  9.100630e+01  1.806983e+02 
 1.306870e+00  1.998269e+01  5.339599e+01  8.951403e+01  1.775567e+02 
 1.325087e+00  1.963043e+01  5.254984e+01  8.817341e+01  1.746665e+02 
 1.343558e+00  1.925315e+01  5.164355e+01  8.673154e+01  1.718894e+02 
 1.362287e+00  1.889760e+01  5.075958e+01  8.522943e+01  1.689480e+02 
 1.381276e+00  1.852557e+01  4.995291e+01  8.368419e+01  1.660275e+02 
 1.400531e+00  1.818460e+01  4.911431e+01  8.239363e+01  1.632464e+02 
 1.420053e+00  1.783368e+01  4.820707e+01  8.106904e+01  1.604472e+02 
 1.439848e+00  1.750346e+01  4.747177e+01  7.966017e+01  1.578405e+02 
 1.459919e+00  1.715783e+01  4.665540e+01  7.834573e+01  1.550183e+02 
 1.480269e+00  1.687673e+01  4.580555e+01  7.691300e+01  1.521303e+02 
 1.500903e+00  1.656033e+01  4.508128e+01  7.563212e+01  1.497476e+02 
 1.521825e+00  1.624138e+01  4.435288e+01  7.443610e+01  1.470981e+02 
 1.543038e+00  1.592948e+01  4.358462e+01  7.322353e+01  1.447364e+02 
 1.564548e+00  1.565783e+01  4.286280e+01  7.197512e+01  1.420620e+02 
 1.586357e+00  1.537069e+01  4.216217e+01  7.075177e+01  1.395243e+02 
 1.608469e+00  1.506820e+01  4.143622e+01  6.951298e+01  1.371477e+02 
 1.630891e+00  1.483174e+01  4.067808e+01  6.816189e+01  1.343435e+02 
 1.653624e+00  1.453881e+01  3.996485e+01  6.704252e+01  1.321478e+02 
 1.676675e+00  1.426575e+01  3.932797e+01  6.591600e+01  1.296175e+02 
 1.700047e+00  1.400269e+01  3.866254e+01  6.475544e+01  1.272980e+02 
 1.723745e+00  1.377097e+01  3.796563e+01  6.361676e+01  1.247841e+02 
 1.747773e+00  1.349780e+01  3.728244e+01  6.244807e+01  1.223751e+02 
 1.772136e+00  1.325464e+01  3.666124e+01  6.130017e+01  1.201574e+02 
 1.796838e+00  1.302065e+01  3.600808e+01  6.018998e+01  1.178255e+02 
 1.821885e+00  1.281482e+01  3.537526e+01  5.907297e+01  1.156254e+02 
 1.847281e+00  1.256520e+01  3.479599e+01  5.807908e+01  1.134169e+02 
 1.873032e+00  1.234626e+01  3.418423e+01  5.691228e+01  1.112334e+02 
 1.899141e+00  1.212674e+01  3.353926e+01  5.588330e+01  1.090615e+02 
 1.925614e+00  1.192087e+01  3.296249e+01  5.487675e+01  1.068334e+02 
 1.952456e+00  1.173722e+01  3.241770e+01  5.390018e+01  1.047133e+02 
 1.979672e+00  1.150305e+01  3.185918e+01  5.288466e+01  1.026302e+02 
 2.007267e+00  1.131096e+01  3.128291e+01  5.182461e+01  1.006115e+02 
 2.035248e+00  1.110309e+01  3.068842e+01  5.082122e+01  9.847016e+01 
 2.063618e+00  1.090367e+01  3.011159e+01  4.981268e+01  9.639849e+01 
 2.092383e+00  1.071832e+01  2.955358e+01  4.881977e+01  9.436234e+01 
 2.121550e+00  1.051945e+01  2.899815e+01  4.785731e+01  9.241230e+01 
 2.151123e+00  1.033719e+01  2.847429e+01  4.689315e+01  9.037947e+01 
 2.181109e+00  1.015085e+01  2.791240e+01  4.595318e+01  8.848436e+01 
 2.211512e+00  9.976977e+00  2.737567e+01  4.499541e+01  8.653062e+01 
 2.242340e+00  9.799722e+00  2.688511e+01  4.411750e+01  8.467583e+01 
 2.273597e+00  9.618620e+00  2.637735e+01  4.318929e+01  8.280358e+01 
 2.305289e+00  9.460046e+00  2.586366e+01  4.231801e+01  8.101112e+01 
 2.337424e+00  9.298486e+00  2.536106e+01  4.142552e+01  7.926232e+01 
 2.370006e+00  9.132955e+00  2.487488e+01  4.057697e+01  7.753887e+01 
 2.403043e+00  8.962850e+00  2.440215e+01  3.971457e+01  7.578594e+01 
 2.436540e+00  8.813718e+00  2.393886e+01  3.888938e+01  7.407031e+01 
 2.470504e+00  8.657238e+00  2.346473e+01  3.804826e+01  7.237913e+01 
 2.504942e+00  8.505734e+00  2.300863e+01  3.724768e+01  7.075679e+01 
 2.539859e+00  8.359624e+00  2.253822e+01  3.642574e+01  6.906891e+01 
 2.575263e+00  8.202298e+00  2.206502e+01  3.564906e+01  6.751280e+01 
 2.611161e+00  8.059794e+00  2.163067e+01  3.484012e+01  6.593285e+01 
 2.647559e+00  7.915152e+00  2.118535e+01  3.405600e+01  6.435031e+01 
 2.684465e+00  7.771969e+00  2.076161e+01  3.330016e+01  6.283100e+01 
 2.721885e+00  7.627947e+00  2.031078e+01  3.255111e+01  6.135292e+01 
 2.759826e+00  7.493970e+00  1.988544e+01  3.180799e+01  5.988270e+01 
 2.798297e+00  7.356913e+00  1.947365e+01  3.108701e+01  5.848461e+01 
 2.837304e+00  7.226205e+00  1.906371e+01  3.038009e+01  5.709879e+01 
 2.876854e+00  7.095511e+00  1.865646e+01  2.968957e+01  5.573911e+01 
 2.916956e+00  6.969256e+00  1.826926e+01  2.901469e+01  5.436891e+01 
 2.957617e+00  6.845736e+00  1.788407e+01  2.835902e+01  5.306843e+01 
 2.998844e+00  6.722757e+00  1.750636e+01  2.770734e+01  5.178231e+01 
 3.040646e+00  6.600948e+00  1.712880e+01  2.704972e+01  5.055089e+01 
 3.083031e+00  6.481519e+00  1.675001e+01  2.641874e+01  4.931173e+01 
 3.126007e+00  6.363610e+00  1.639583e+01  2.580051e+01  4.808919e+01 
 3.169582e+00  6.245687e+00  1.602368e+01  2.516688e+01  4.689758e+01 
 3.213764e+00  6.128819e+00  1.566675e+01  2.456641e+01  4.573134e+01 
 3.258562e+00  6.012379e+00  1.532105e+01  2.397784e+01  4.458605e+01 
 3.303985e+00  5.899452e+00  1.496779e+01  2.338895e+01  4.346741e+01 
 3.350041e+00  5.788888e+00  1.462246e+01  2.282098e+01  4.237218e+01 
 3.396739e+00  5.678131e+00  1.428862e+01  2.226822e+01  4.129814e+01 
 3.444087e+00  5.570940e+00  1.396044e+01  2.170761e+01  4.025210e+01 
 3.492096e+00  5.466209e+00  1.364148e+01  2.118506e+01  3.924726e+01 
 3.540774e+00  5.358739e+00  1.332745e+01  2.066642e+01  3.825510e+01 
 3.590130e+00  5.258712e+00  1.301942e+01  2.015359e+01  3.729699e+01 
 3.640175e+00  5.158437e+00  1.271966e+01  1.966562e+01  3.636449e+01 
 3.690917e+00  5.058730e+00  1.243062e+01  1.916981e+01  3.543540e+01 
 3.742366e+00  4.961948e+00  1.213339e+01  1.869998e+01  3.454792e+01 
 3.794533e+00  4.866777e+00  1.185149e+01  1.823748e+01  3.366828e+01 
 3.847427e+00  4.770715e+00  1.157070e+01  1.777701e+01  3.281734e+01 
 3.901058e+00  4.675723e+00  1.129417e+01  1.733201e+01  3.196989e+01 
 3.955436e+00  4.585618e+00  1.102437e+01  1.688736e+01  3.114072e+01 
 4.010573e+00  4.490894e+00  1.075606e+01  1.646148e+01  3.034685e+01 
 4.066478e+00  4.399508e+00  1.049091e+01  1.603753e+01  2.955404e+01 
 4.123163e+00  4.309460e+00  1.023687e+01  1.562527e+01  2.878486e+01 
 4.180637e+00  4.222509e+00  9.988060e+00  1.522682e+01  2.803561e+01 
 4.238913e+00  4.135650e+00  9.740060e+00  1.483315e+01  2.731159e+01 
 4.298001e+00  4.049176e+00  9.499884e+00  1.445407e+01  2.660030e+01 
 4.357913e+00  3.967418e+00  9.264876e+00  1.408295e+01  2.591561e+01 
 4.418660e+00  3.885600e+00  9.039397e+00  1.372053e+01  2.525059e+01 
 4.480254e+00  3.804191e+00  8.816202e+00  1.336848e+01  2.459816e+01 
 4.542706e+00  3.726289e+00  8.597841e+00  1.302507e+01  2.396593e+01 
 4.606029e+00  3.648178e+00  8.387412e+00  1.269159e+01  2.335337e+01 
 4.670234e+00  3.571444e+00  8.179663e+00  1.237164e+01  2.275724e+01 
 4.735335e+00  3.496742e+00  7.977523e+00  1.205452e+01  2.217045e+01 
 4.801343e+00  3.423735e+00  7.780528e+00  1.174472e+01  2.159428e+01 
 4.868271e+00  3.349721e+00  7.584197e+00  1.143865e+01  2.103170e+01 
 4.936132e+00  3.277554e+00  7.391600e+00  1.113983e+01  2.048282e+01 
 5.004939e+00  3.205618e+00  7.203879e+00  1.084858e+01  1.994373e+01 
 5.074705e+00  3.134511e+00  7.020462e+00  1.056277e+01  1.942234e+01 
 5.145444e+00  3.066122e+00  6.840980e+00  1.028496e+01  1.891078e+01 
 5.217169e+00  2.997321e+00  6.664527e+00  1.001487e+01  1.840989e+01 
 5.289893e+00  2.931499e+00  6.494097e+00  9.753549e+00  1.793016e+01 
 5.363631e+00  2.865621e+00  6.327666e+00  9.496417e+00  1.745784e+01 
 5.438397e+00  2.802014e+00  6.165333e+00  9.248495e+00  1.699956e+01 
 5.514206e+00  2.739530e+00  6.007940e+00  9.006741e+00  1.655598e+01 
 5.591071e+00  2.677631e+00  5.855084e+00  8.771965e+00  1.612274e+01 
 5.669007e+00  2.618470e+00  5.706347e+00  8.544586e+00  1.570676e+01 
 5.748030e+00  2.559664e+00  5.560787e+00  8.322105e+00  1.529655e+01 
 5.828155e+00  2.502088e+00  5.419343e+00  8.106813e+00  1.489978e+01 
 5.909396e+00  2.445477e+00  5.280770e+00  7.895921e+00  1.451219e+01 
 5.991770e+00  2.389517e+00  5.144986e+00  7.688930e+00  1.413292e+01 
 6.075292e+00  2.334415e+00  5.012306e+00  7.487672e+00  1.375837e+01 
 6.159978e+00  2.280227e+00  4.881785e+00  7.289548e+00  1.339547e+01 
 6.245845e+00  2.227137e+00  4.754705e+00  7.096964e+00  1.304027e+01 
 6.332908e+00  2.174723e+00  4.629993e+00  6.908257e+00  1.269214e+01 
 6.421186e+00  2.123470e+00  4.508973e+00  6.724273e+00  1.235336e+01 
 6.510694e+00  2.073208e+00  4.390839e+00  6.545805e+00  1.202402e+01 
 6.601449e+00  2.024428e+00  4.276170e+00  6.372092e+00  1.170306e+01 
 6.693470e+00  1.976215e+00  4.164475e+00  6.202803e+00  1.139080e+01 
 6.786773e+00  1.929619e+00  4.055596e+00  6.038180e+00  1.108858e+01 
 6.881377e+00  1.884088e+00  3.950224e+00  5.879057e+00  1.079405e+01 
 6.977300e+00  1.839494e+00  3.848110e+00  5.725468e+00  1.050807e+01 
 7.074559e+00  1.796445e+00  3.748642e+00  5.575013e+00  1.022958e+01 
 7.173175e+00  1.754049e+00  3.652127e+00  5.428690e+00  9.960080e+00 
 7.273165e+00  1.712890e+00  3.558013e+00  5.286722e+00  9.697208e+00 
 7.374549e+00  1.672175e+00  3.465765e+00  5.148107e+00  9.441135e+00 
 7.477346e+00  1.632273e+00  3.375845e+00  5.013002e+00  9.189399e+00 
 7.581576e+00  1.593251e+00  3.287536e+00  4.879895e+00  8.943294e+00 
 7.687260e+00  1.554791e+00  3.201585e+00  4.750356e+00  8.703346e+00 
 7.794416e+00  1.517114e+00  3.117801e+00  4.623327e+00  8.468280e+00 
 7.903066e+00  1.480374e+00  3.035245e+00  4.499320e+00  8.238510e+00 
 8.013230e+00  1.444388e+00  2.955515e+00  4.379310e+00  8.015586e+00 
 8.124930e+00  1.409151e+00  2.877712e+00  4.262188e+00  7.798106e+00 
 8.238187e+00  1.375060e+00  2.802086e+00  4.148252e+00  7.586395e+00 
 8.353023e+00  1.341639e+00  2.728557e+00  4.037405e+00  7.380720e+00 
 8.469460e+00  1.309216e+00  2.657309e+00  3.930337e+00  7.181514e+00 
 8.587519e+00  1.277770e+00  2.588011e+00  3.825980e+00  6.987754e+00 
 8.707225e+00  1.247123e+00  2.520803e+00  3.725132e+00  6.799897e+00 
 8.828599e+00  1.217348e+00  2.455795e+00  3.627284e+00  6.617491e+00 
 8.951665e+00  1.188195e+00  2.392721e+00  3.531945e+00  6.440832e+00 
 9.076446e+00  1.159996e+00  2.331115e+00  3.439472e+00  6.268605e+00 
 9.202967e+00  1.132329e+00  2.271094e+00  3.349415e+00  6.100610e+00 
 9.331251e+00  1.105193e+00  2.212432e+00  3.261085e+00  5.936567e+00 
 9.461324e+00  0.000000e+00  0.000000e+00  0.000000e+00  0.000000e+00 
 9.593209e+00  0.000000e+00  0.000000e+00  0.000000e+00  0.000000e+00 
 9.726934e+00  0.000000e+00  0.000000e+00  0.000000e+00  0.000000e+00 
 9.862522e+00  0.000000e+00  0.000000e+00  0.000000e+00  0.000000e+00 
 1.000000e+01  0.000000e+00  0.000000e+00  0.000000e+00  0.000000e+00 
