 1.000000e-02  5.785646e+03  1.049601e+04  1.413868e+04  2.091049e+04 
 1.013939e-02  5.817123e+03  1.055298e+04  1.421531e+04  2.102343e+04 
 1.028073e-02  5.848082e+03  1.060898e+04  1.429061e+04  2.113450e+04 
 1.042404e-02  5.878505e+03  1.066405e+04  1.436464e+04  2.124360e+04 
 1.056935e-02  5.908381e+03  1.071813e+04  1.443736e+04  2.135071e+04 
 1.071668e-02  5.937677e+03  1.077111e+04  1.450863e+04  2.145575e+04 
 1.086606e-02  5.966374e+03  1.082299e+04  1.457844e+04  2.155865e+04 
 1.101753e-02  5.994457e+03  1.087382e+04  1.464673e+04  2.165923e+04 
 1.117111e-02  6.021895e+03  1.092348e+04  1.471342e+04  2.175743e+04 
 1.132683e-02  6.048680e+03  1.097193e+04  1.477846e+04  2.185330e+04 
 1.148472e-02  6.074794e+03  1.101914e+04  1.484197e+04  2.194678e+04 
 1.164481e-02  6.100215e+03  1.106508e+04  1.490379e+04  2.203779e+04 
 1.180713e-02  6.124893e+03  1.110968e+04  1.496381e+04  2.212606e+04 
 1.197171e-02  6.148799e+03  1.115295e+04  1.502187e+04  2.221144e+04 
 1.213859e-02  6.171915e+03  1.119480e+04  1.507796e+04  2.229400e+04 
 1.230780e-02  6.194296e+03  1.123524e+04  1.513219e+04  2.237380e+04 
 1.247936e-02  6.215876e+03  1.127418e+04  1.518445e+04  2.245067e+04 
 1.265332e-02  6.236581e+03  1.131156e+04  1.523465e+04  2.252444e+04 
 1.282970e-02  6.256386e+03  1.134732e+04  1.528271e+04  2.259499e+04 
 1.300854e-02  6.275317e+03  1.138149e+04  1.532859e+04  2.266227e+04 
 1.318987e-02  6.293368e+03  1.141405e+04  1.537222e+04  2.272636e+04 
 1.337373e-02  6.310481e+03  1.144491e+04  1.541353e+04  2.278703e+04 
 1.356015e-02  6.326627e+03  1.147402e+04  1.545250e+04  2.284411e+04 
 1.374917e-02  6.341772e+03  1.150129e+04  1.548904e+04  2.289755e+04 
 1.394083e-02  6.355905e+03  1.152672e+04  1.552314e+04  2.294735e+04 
 1.413516e-02  6.369031e+03  1.155031e+04  1.555464e+04  2.299351e+04 
 1.433219e-02  6.381098e+03  1.157200e+04  1.558352e+04  2.303584e+04 
 1.453198e-02  6.392086e+03  1.159173e+04  1.560989e+04  2.307423e+04 
 1.473454e-02  6.401987e+03  1.160946e+04  1.563367e+04  2.310868e+04 
 1.493993e-02  6.410752e+03  1.162515e+04  1.565457e+04  2.313903e+04 
 1.514819e-02  6.418379e+03  1.163879e+04  1.567268e+04  2.316541e+04 
 1.535935e-02  6.424845e+03  1.165033e+04  1.568801e+04  2.318765e+04 
 1.557345e-02  6.430119e+03  1.165970e+04  1.570050e+04  2.320540e+04 
 1.579053e-02  6.434173e+03  1.166685e+04  1.571003e+04  2.321869e+04 
 1.601064e-02  6.437000e+03  1.167177e+04  1.571652e+04  2.322757e+04 
 1.623382e-02  6.438578e+03  1.167441e+04  1.571991e+04  2.323196e+04 
 1.646012e-02  6.438869e+03  1.167473e+04  1.572007e+04  2.323175e+04 
 1.668956e-02  6.437860e+03  1.167270e+04  1.571708e+04  2.322688e+04 
 1.692220e-02  6.435541e+03  1.166830e+04  1.571089e+04  2.321721e+04 
 1.715809e-02  6.431875e+03  1.166145e+04  1.570141e+04  2.320277e+04 
 1.739726e-02  6.426860e+03  1.165214e+04  1.568864e+04  2.318345e+04 
 1.763977e-02  6.420491e+03  1.164037e+04  1.567259e+04  2.315910e+04 
 1.788566e-02  6.412732e+03  1.162608e+04  1.565312e+04  2.312966e+04 
 1.813498e-02  6.403568e+03  1.160924e+04  1.563020e+04  2.309515e+04 
 1.838777e-02  6.392976e+03  1.158980e+04  1.560380e+04  2.305545e+04 
 1.864409e-02  6.380952e+03  1.156777e+04  1.557388e+04  2.301058e+04 
 1.890397e-02  6.367497e+03  1.154314e+04  1.554048e+04  2.296065e+04 
 1.916748e-02  6.352594e+03  1.151588e+04  1.550354e+04  2.290551e+04 
 1.943467e-02  6.336239e+03  1.148598e+04  1.546301e+04  2.284499e+04 
 1.970558e-02  6.318394e+03  1.145337e+04  1.541887e+04  2.277901e+04 
 1.998026e-02  6.299064e+03  1.141808e+04  1.537112e+04  2.270767e+04 
 2.025878e-02  6.278257e+03  1.138010e+04  1.531972e+04  2.263106e+04 
 2.054117e-02  6.255957e+03  1.133943e+04  1.526472e+04  2.254919e+04 
 2.082751e-02  6.232185e+03  1.129608e+04  1.520610e+04  2.246202e+04 
 2.111783e-02  6.206938e+03  1.125006e+04  1.514384e+04  2.236948e+04 
 2.141220e-02  6.180291e+03  1.120144e+04  1.507809e+04  2.227157e+04 
 2.171068e-02  6.152772e+03  1.115102e+04  1.500969e+04  2.216907e+04 
 2.201331e-02  6.123776e+03  1.109790e+04  1.493767e+04  2.206124e+04 
 2.232016e-02  6.093309e+03  1.104214e+04  1.486206e+04  2.194815e+04 
 2.263130e-02  6.061403e+03  1.098377e+04  1.478292e+04  2.182988e+04 
 2.294676e-02  6.028063e+03  1.092279e+04  1.470028e+04  2.170643e+04 
 2.326663e-02  5.993268e+03  1.085916e+04  1.461409e+04  2.157762e+04 
 2.359095e-02  5.957041e+03  1.079293e+04  1.452440e+04  2.144363e+04 
 2.391980e-02  5.919424e+03  1.072418e+04  1.443132e+04  2.130469e+04 
 2.425323e-02  5.880421e+03  1.065294e+04  1.433488e+04  2.116083e+04 
 2.459130e-02  5.840052e+03  1.057924e+04  1.423512e+04  2.101205e+04 
 2.493409e-02  5.798369e+03  1.050314e+04  1.413210e+04  2.085851e+04 
 2.528166e-02  5.755386e+03  1.042469e+04  1.402594e+04  2.070027e+04 
 2.563407e-02  5.711129e+03  1.034392e+04  1.391666e+04  2.053746e+04 
 2.599140e-02  5.665632e+03  1.026089e+04  1.380436e+04  2.037020e+04 
 2.635371e-02  5.618950e+03  1.017571e+04  1.368918e+04  2.019870e+04 
 2.672106e-02  5.571108e+03  1.008846e+04  1.357118e+04  2.002307e+04 
 2.709354e-02  5.522143e+03  9.999175e+03  1.345044e+04  1.984335e+04 
 2.747121e-02  5.472086e+03  9.907903e+03  1.332704e+04  1.965974e+04 
 2.785414e-02  5.420923e+03  9.814677e+03  1.320104e+04  1.947234e+04 
 2.824241e-02  5.368464e+03  9.719206e+03  1.307215e+04  1.928096e+04 
 2.863610e-02  5.315091e+03  9.622084e+03  1.294104e+04  1.908631e+04 
 2.903527e-02  5.260853e+03  9.523403e+03  1.280784e+04  1.888858e+04 
 2.944000e-02  5.205810e+03  9.423253e+03  1.267266e+04  1.868794e+04 
 2.985038e-02  5.150014e+03  9.321738e+03  1.253566e+04  1.848463e+04 
 3.026648e-02  5.093533e+03  9.219010e+03  1.239701e+04  1.827893e+04 
 3.068838e-02  5.036433e+03  9.115169e+03  1.225686e+04  1.807103e+04 
 3.111616e-02  4.978782e+03  9.010326e+03  1.211539e+04  1.786117e+04 
 3.154990e-02  4.920650e+03  8.904615e+03  1.197276e+04  1.764958e+04 
 3.198969e-02  4.862114e+03  8.798160e+03  1.182913e+04  1.743654e+04 
 3.243561e-02  4.803246e+03  8.691112e+03  1.168471e+04  1.722235e+04 
 3.288774e-02  4.744106e+03  8.583593e+03  1.153963e+04  1.700728e+04 
 3.334618e-02  4.684787e+03  8.475743e+03  1.139412e+04  1.679155e+04 
 3.381101e-02  4.625354e+03  8.367695e+03  1.124837e+04  1.657544e+04 
 3.428231e-02  4.565886e+03  8.259591e+03  1.110254e+04  1.635925e+04 
 3.476019e-02  4.506252e+03  8.151518e+03  1.095714e+04  1.614476e+04 
 3.524473e-02  4.446738e+03  8.043686e+03  1.081206e+04  1.593078e+04 
 3.573602e-02  4.387424e+03  7.936218e+03  1.066746e+04  1.571753e+04 
 3.623416e-02  4.328395e+03  7.829248e+03  1.052355e+04  1.550525e+04 
 3.673925e-02  4.269726e+03  7.722931e+03  1.038053e+04  1.529430e+04 
 3.725137e-02  4.211496e+03  7.617412e+03  1.023857e+04  1.508490e+04 
 3.777064e-02  4.153774e+03  7.512838e+03  1.009787e+04  1.487741e+04 
 3.829714e-02  4.096643e+03  7.409346e+03  9.958639e+03  1.467207e+04 
 3.883098e-02  4.040181e+03  7.307058e+03  9.821038e+03  1.446912e+04 
 3.937226e-02  3.984452e+03  7.206090e+03  9.685185e+03  1.426877e+04 
 3.992109e-02  3.929516e+03  7.106560e+03  9.551264e+03  1.407125e+04 
 4.047757e-02  3.875438e+03  7.008531e+03  9.419327e+03  1.387656e+04 
 4.104181e-02  3.822075e+03  6.911188e+03  9.287678e+03  1.368042e+04 
 4.161391e-02  3.769699e+03  6.815646e+03  9.158443e+03  1.348790e+04 
 4.219398e-02  3.718367e+03  6.722003e+03  9.031782e+03  1.329919e+04 
 4.278214e-02  3.668126e+03  6.630351e+03  8.907794e+03  1.311447e+04 
 4.337850e-02  3.619031e+03  6.540775e+03  8.786609e+03  1.293387e+04 
 4.398317e-02  3.571115e+03  6.453333e+03  8.668304e+03  1.275753e+04 
 4.459628e-02  3.524404e+03  6.368092e+03  8.552962e+03  1.258560e+04 
 4.521792e-02  3.478928e+03  6.285100e+03  8.440654e+03  1.241816e+04 
 4.584824e-02  3.434706e+03  6.204396e+03  8.331446e+03  1.225532e+04 
 4.648734e-02  3.391781e+03  6.126019e+03  8.225359e+03  1.209709e+04 
 4.713535e-02  3.350280e+03  6.050982e+03  8.124562e+03  1.194876e+04 
 4.779239e-02  3.310139e+03  5.978879e+03  8.028181e+03  1.180822e+04 
 4.845859e-02  3.271275e+03  5.909093e+03  7.934923e+03  1.167226e+04 
 4.913407e-02  3.233681e+03  5.841610e+03  7.844745e+03  1.154081e+04 
 4.981898e-02  3.197343e+03  5.776386e+03  7.757589e+03  1.141382e+04 
 5.051342e-02  3.162232e+03  5.713367e+03  7.673395e+03  1.129118e+04 
 5.121755e-02  3.128313e+03  5.652493e+03  7.592073e+03  1.117275e+04 
 5.193150e-02  3.095536e+03  5.593680e+03  7.513527e+03  1.105836e+04 
 5.265540e-02  3.063841e+03  5.536832e+03  7.437617e+03  1.094785e+04 
 5.338938e-02  3.032929e+03  5.480922e+03  7.362482e+03  1.083723e+04 
 5.413360e-02  3.002684e+03  5.425666e+03  7.287634e+03  1.072555e+04 
 5.488820e-02  2.973347e+03  5.372041e+03  7.215003e+03  1.061711e+04 
 5.565331e-02  2.944798e+03  5.319847e+03  7.144299e+03  1.051152e+04 
 5.642908e-02  2.916876e+03  5.268791e+03  7.075130e+03  1.040820e+04 
 5.721568e-02  2.889475e+03  5.218692e+03  7.007229e+03  1.030674e+04 
 5.801323e-02  2.862702e+03  5.169730e+03  6.940851e+03  1.020754e+04 
 5.882190e-02  2.836676e+03  5.122117e+03  6.876297e+03  1.011103e+04 
 5.964185e-02  2.811409e+03  5.076205e+03  6.814384e+03  1.001930e+04 
 6.047322e-02  2.786848e+03  5.032492e+03  6.756387e+03  9.935883e+03 
 6.131619e-02  2.761981e+03  4.988222e+03  6.697635e+03  9.851354e+03 
 6.217090e-02  2.736544e+03  4.942912e+03  6.637484e+03  9.764768e+03 
 6.303753e-02  2.710561e+03  4.896619e+03  6.576006e+03  9.676221e+03 
 6.391624e-02  2.684085e+03  4.849440e+03  6.513333e+03  9.585897e+03 
 6.480720e-02  2.657118e+03  4.801379e+03  6.449466e+03  9.493774e+03 
 6.571058e-02  2.629505e+03  4.752146e+03  6.384010e+03  9.399321e+03 
 6.662655e-02  2.599876e+03  4.697330e+03  6.309018e+03  9.285304e+03 
 6.755528e-02  2.569224e+03  4.640603e+03  6.231406e+03  9.167316e+03 
 6.849697e-02  2.537498e+03  4.581938e+03  6.151210e+03  9.045566e+03 
 6.945178e-02  2.504613e+03  4.521194e+03  6.068245e+03  8.919781e+03 
 7.041990e-02  2.470492e+03  4.458243e+03  5.982351e+03  8.789717e+03 
 7.140151e-02  2.435085e+03  4.392985e+03  5.893395e+03  8.655175e+03 
 7.239681e-02  2.398663e+03  4.326232e+03  5.802801e+03  8.519484e+03 
 7.340598e-02  2.361256e+03  4.258091e+03  5.710802e+03  8.383195e+03 
 7.442922e-02  2.322474e+03  4.187476e+03  5.615490e+03  8.242068e+03 
 7.546673e-02  2.282331e+03  4.114411e+03  5.516926e+03  8.096160e+03 
 7.651869e-02  2.240868e+03  4.038986e+03  5.415215e+03  7.945647e+03 
 7.758532e-02  2.198159e+03  3.961335e+03  5.310521e+03  7.790804e+03 
 7.866682e-02  2.155187e+03  3.884411e+03  5.207962e+03  7.642027e+03 
 7.976339e-02  2.112613e+03  3.810132e+03  5.110806e+03  7.505829e+03 
 8.087525e-02  2.069076e+03  3.734029e+03  5.011133e+03  7.365744e+03 
 8.200261e-02  2.024734e+03  3.656386e+03  4.909315e+03  7.222309e+03 
 8.314568e-02  1.979763e+03  3.577520e+03  4.805791e+03  7.076131e+03 
 8.430468e-02  1.934357e+03  3.497779e+03  4.701018e+03  6.927903e+03 
 8.547985e-02  1.887911e+03  3.414870e+03  4.590756e+03  6.768656e+03 
 8.667139e-02  1.841115e+03  3.330717e+03  4.478244e+03  6.604714e+03 
 8.787954e-02  1.794594e+03  3.247047e+03  4.366340e+03  6.441604e+03 
 8.910453e-02  1.748583e+03  3.164280e+03  4.255627e+03  6.280180e+03 
 9.034660e-02  1.703316e+03  3.082850e+03  4.146678e+03  6.121295e+03 
 9.160598e-02  1.659707e+03  3.005330e+03  4.043836e+03  5.973275e+03 
 9.288292e-02  1.617894e+03  2.931857e+03  3.947170e+03  5.835983e+03 
 9.417766e-02  1.577442e+03  2.860755e+03  3.853601e+03  5.703059e+03 
 9.549045e-02  1.538545e+03  2.792394e+03  3.763610e+03  5.575270e+03 
 9.682153e-02  1.501374e+03  2.727071e+03  3.677627e+03  5.453225e+03 
 9.817117e-02  1.466281e+03  2.665784e+03  3.597352e+03  5.340114e+03 
 9.953962e-02  1.433249e+03  2.608285e+03  3.522236e+03  5.234689e+03 
 1.009272e-01  1.402303e+03  2.554503e+03  3.452032e+03  5.136364e+03 
 1.023340e-01  1.373483e+03  2.504518e+03  3.386889e+03  5.045358e+03 
 1.037605e-01  1.346123e+03  2.456316e+03  3.323376e+03  4.954957e+03 
 1.052069e-01  1.318341e+03  2.404255e+03  3.251868e+03  4.846466e+03 
 1.066734e-01  1.292735e+03  2.356197e+03  3.185771e+03  4.746129e+03 
 1.081604e-01  1.269191e+03  2.311928e+03  3.124837e+03  4.653509e+03 
 1.096681e-01  1.247571e+03  2.271194e+03  3.068736e+03  4.568074e+03 
 1.111968e-01  1.227925e+03  2.234383e+03  3.018058e+03  4.490484e+03 
 1.127468e-01  1.209833e+03  2.200439e+03  2.971256e+03  4.418716e+03 
 1.143184e-01  1.193045e+03  2.168889e+03  2.927689e+03  4.351777e+03 
 1.159120e-01  1.177298e+03  2.139244e+03  2.886718e+03  4.288694e+03 
 1.175277e-01  1.163245e+03  2.113627e+03  2.851994e+03  4.236421e+03 
 1.191660e-01  1.149721e+03  2.089067e+03  2.818753e+03  4.186507e+03 
 1.208271e-01  1.136342e+03  2.064781e+03  2.785845e+03  4.137120e+03 
 1.225114e-01  1.122787e+03  2.040136e+03  2.752483e+03  4.087119e+03 
 1.242191e-01  1.108478e+03  2.013952e+03  2.717137e+03  4.034947e+03 
 1.259506e-01  1.093432e+03  1.986448e+03  2.679989e+03  3.980120e+03 
 1.277063e-01  1.077424e+03  1.957194e+03  2.640476e+03  3.921790e+03 
 1.294865e-01  1.060679e+03  1.926876e+03  2.599668e+03  3.861489e+03 
 1.312915e-01  1.043099e+03  1.895377e+03  2.557415e+03  3.798969e+03 
 1.331216e-01  1.024094e+03  1.861261e+03  2.511634e+03  3.731191e+03 
 1.349772e-01  1.003666e+03  1.824571e+03  2.462421e+03  3.658465e+03 
 1.368587e-01  9.831255e+02  1.789735e+03  2.417954e+03  3.599039e+03 
 1.387665e-01  9.612195e+02  1.752339e+03  2.369917e+03  3.534113e+03 
 1.407008e-01  9.381091e+02  1.712637e+03  2.318673e+03  3.464191e+03 
 1.426621e-01  9.150008e+02  1.673319e+03  2.267901e+03  3.393830e+03 
 1.446507e-01  8.914694e+02  1.633264e+03  2.216048e+03  3.321281e+03 
 1.466671e-01  8.674983e+02  1.592267e+03  2.162775e+03  3.246412e+03 
 1.487115e-01  8.413807e+02  1.545367e+03  2.100155e+03  3.155621e+03 
 1.507845e-01  8.142246e+02  1.495268e+03  2.032394e+03  3.055683e+03 
 1.528864e-01  7.878327e+02  1.446591e+03  1.966519e+03  2.958533e+03 
 1.550175e-01  7.643119e+02  1.405039e+03  1.911696e+03  2.880575e+03 
 1.571784e-01  7.433189e+02  1.369336e+03  1.865775e+03  2.817557e+03 
 1.593694e-01  7.237651e+02  1.336151e+03  1.823147e+03  2.759210e+03 
 1.615909e-01  7.062194e+02  1.306729e+03  1.785484e+03  2.707760e+03 
 1.638434e-01  6.905633e+02  1.280759e+03  1.752443e+03  2.662833e+03 
 1.661273e-01  6.766622e+02  1.257932e+03  1.723620e+03  2.624096e+03 
 1.684430e-01  6.610821e+02  1.229079e+03  1.684604e+03  2.567117e+03 
 1.707910e-01  6.467871e+02  1.202255e+03  1.648132e+03  2.513525e+03 
 1.731717e-01  6.345170e+02  1.179557e+03  1.617489e+03  2.468742e+03 
 1.755856e-01  6.255055e+02  1.164347e+03  1.597722e+03  2.440383e+03 
 1.780332e-01  6.174175e+02  1.150828e+03  1.580248e+03  2.415462e+03 
 1.805149e-01  6.082138e+02  1.133170e+03  1.555394e+03  2.376063e+03 
 1.830312e-01  5.982476e+02  1.112867e+03  1.525906e+03  2.327725e+03 
 1.855825e-01  5.883210e+02  1.092936e+03  1.497260e+03  2.281441e+03 
 1.881694e-01  5.786474e+02  1.075147e+03  1.473421e+03  2.246861e+03 
 1.907924e-01  5.683124e+02  1.056113e+03  1.447872e+03  2.209638e+03 
 1.934520e-01  5.568122e+02  1.034951e+03  1.419668e+03  2.169801e+03 
 1.961486e-01  5.442330e+02  1.011784e+03  1.388794e+03  2.126345e+03 
 1.988828e-01  5.319129e+02  9.898670e+02  1.359882e+03  2.085580e+03 
 2.016551e-01  5.204703e+02  9.706721e+02  1.335076e+03  2.050659e+03 
 2.044661e-01  5.079986e+02  9.492567e+02  1.306982e+03  2.010343e+03 
 2.073162e-01  4.940747e+02  9.237042e+02  1.272108e+03  1.957874e+03 
 2.102061e-01  4.798230e+02  8.975118e+02  1.236338e+03  1.903973e+03 
 2.131362e-01  4.692640e+02  8.823957e+02  1.218753e+03  1.881974e+03 
 2.161073e-01  4.590588e+02  8.679661e+02  1.202125e+03  1.861449e+03 
 2.191197e-01  4.462244e+02  8.461041e+02  1.174197e+03  1.824251e+03 
 2.221741e-01  4.335282e+02  8.238714e+02  1.145447e+03  1.785727e+03 
 2.252711e-01  4.221888e+02  8.045396e+02  1.120859e+03  1.753118e+03 
 2.284112e-01  4.121391e+02  7.877037e+02  1.099722e+03  1.725552e+03 
 2.315951e-01  4.034686e+02  7.724024e+02  1.079166e+03  1.694523e+03 
 2.348235e-01  3.959425e+02  7.588869e+02  1.060550e+03  1.665016e+03 
 2.380968e-01  3.872539e+02  7.418091e+02  1.036562e+03  1.628176e+03 
 2.414157e-01  3.787830e+02  7.248191e+02  1.012597e+03  1.591635e+03 
 2.447809e-01  3.704564e+02  7.086754e+02  9.903792e+02  1.557991e+03 
 2.481930e-01  3.624040e+02  6.931742e+02  9.691211e+02  1.525825e+03 
 2.516527e-01  3.576467e+02  6.852869e+02  9.585985e+02  1.509746e+03 
 2.551606e-01  3.516635e+02  6.746606e+02  9.442364e+02  1.488213e+03 
 2.587174e-01  3.423711e+02  6.565096e+02  9.193473e+02  1.452034e+03 
 2.623238e-01  3.344262e+02  6.421307e+02  9.001849e+02  1.424732e+03 
 2.659804e-01  3.279718e+02  6.318790e+02  8.872746e+02  1.407120e+03 
 2.696881e-01  3.193487e+02  6.165394e+02  8.669264e+02  1.377279e+03 
 2.734474e-01  3.100506e+02  5.996457e+02  8.443225e+02  1.343790e+03 
 2.772591e-01  3.029717e+02  5.883166e+02  8.304511e+02  1.326419e+03 
 2.811239e-01  2.955702e+02  5.757543e+02  8.146649e+02  1.306870e+03 
 2.850426e-01  2.879008e+02  5.618875e+02  7.968438e+02  1.285378e+03 
 2.890160e-01  2.809307e+02  5.501611e+02  7.818280e+02  1.264198e+03 
 2.930447e-01  2.745436e+02  5.391821e+02  7.671762e+02  1.241592e+03 
 2.971296e-01  2.685187e+02  5.272595e+02  7.492980e+02  1.210816e+03 
 3.012714e-01  2.631673e+02  5.179535e+02  7.369702e+02  1.192687e+03 
 3.054710e-01  2.579789e+02  5.092553e+02  7.261324e+02  1.178497e+03 
 3.097291e-01  2.517309e+02  4.976452e+02  7.108096e+02  1.157428e+03 
 3.140465e-01  2.460191e+02  4.861989e+02  6.944187e+02  1.130757e+03 
 3.184242e-01  2.409045e+02  4.761133e+02  6.799773e+02  1.107213e+03 
 3.228628e-01  2.368040e+02  4.693347e+02  6.714991e+02  1.096906e+03 
 3.273634e-01  2.310079e+02  4.579093e+02  6.552548e+02  1.071288e+03 
 3.319266e-01  2.249555e+02  4.464103e+02  6.395345e+02  1.048022e+03 
 3.365535e-01  2.191673e+02  4.362974e+02  6.266713e+02  1.031150e+03 
 3.412449e-01  2.151078e+02  4.309830e+02  6.204106e+02  1.021308e+03 
 3.460016e-01  2.106507e+02  4.237900e+02  6.112150e+02  1.008520e+03 
 3.508247e-01  2.063107e+02  4.161170e+02  6.010175e+02  9.937229e+02 
 3.557150e-01  2.021340e+02  4.084014e+02  5.905721e+02  9.777638e+02 
 3.606735e-01  1.973047e+02  3.998083e+02  5.793429e+02  9.621296e+02 
 3.657011e-01  1.916071e+02  3.890479e+02  5.647133e+02  9.419776e+02 
 3.707988e-01  1.870593e+02  3.803389e+02  5.528772e+02  9.245842e+02 
 3.759675e-01  1.829092e+02  3.724027e+02  5.420197e+02  9.084500e+02 
 3.812083e-01  1.786367e+02  3.646678e+02  5.315819e+02  8.932617e+02 
 3.865221e-01  1.750588e+02  3.594096e+02  5.254117e+02  8.830991e+02 
 3.919100e-01  1.713538e+02  3.509534e+02  5.127588e+02  8.659528e+02 
 3.973730e-01  1.671891e+02  3.440566e+02  5.041170e+02  8.523577e+02 
 4.029122e-01  1.637909e+02  3.387195e+02  4.967494e+02  8.391154e+02 
 4.085286e-01  1.603774e+02  3.315376e+02  4.865582e+02  8.246561e+02 
 4.142232e-01  1.563104e+02  3.233693e+02  4.758160e+02  8.112825e+02 
 4.199973e-01  1.523495e+02  3.165872e+02  4.672294e+02  7.987878e+02 
 4.258518e-01  1.491653e+02  3.107113e+02  4.589384e+02  7.846986e+02 
 4.317880e-01  1.458026e+02  3.041769e+02  4.493779e+02  7.701685e+02 
 4.378069e-01  1.428335e+02  2.982660e+02  4.409636e+02  7.564398e+02 
 4.439097e-01  1.403416e+02  2.943872e+02  4.363167e+02  7.519148e+02 
 4.500975e-01  1.365069e+02  2.873063e+02  4.267045e+02  7.379071e+02 
 4.563716e-01  1.332720e+02  2.807065e+02  4.171883e+02  7.212677e+02 
 4.627332e-01  1.311851e+02  2.778255e+02  4.140839e+02  7.182178e+02 
 4.691835e-01  1.277709e+02  2.711369e+02  4.045581e+02  7.025381e+02 
 4.757236e-01  1.253056e+02  2.663246e+02  3.979658e+02  6.925345e+02 
 4.823549e-01  1.219968e+02  2.596673e+02  3.886739e+02  6.799587e+02 
 4.890787e-01  1.193654e+02  2.545955e+02  3.818541e+02  6.693865e+02 
 4.958962e-01  1.173705e+02  2.507275e+02  3.759083e+02  6.586817e+02 
 5.028087e-01  1.147008e+02  2.461367e+02  3.697488e+02  6.497610e+02 
 5.098176e-01  1.125270e+02  2.421478e+02  3.640074e+02  6.388146e+02 
 5.169242e-01  1.105088e+02  2.383574e+02  3.589268e+02  6.319270e+02 
 5.241298e-01  1.068543e+02  2.321647e+02  3.513255e+02  6.225514e+02 
 5.314359e-01  1.049445e+02  2.292223e+02  3.473254e+02  6.161693e+02 
 5.388438e-01  1.026942e+02  2.241922e+02  3.398835e+02  6.049635e+02 
 5.463550e-01  1.008095e+02  2.205307e+02  3.344886e+02  5.961063e+02 
 5.539709e-01  9.806664e+01  2.157122e+02  3.283584e+02  5.867585e+02 
 5.616930e-01  9.627943e+01  2.122636e+02  3.235146e+02  5.795315e+02 
 5.695227e-01  9.434565e+01  2.090934e+02  3.195561e+02  5.715157e+02 
 5.774615e-01  9.217463e+01  2.041660e+02  3.123071e+02  5.612220e+02 
 5.855110e-01  9.047843e+01  2.010476e+02  3.075932e+02  5.533217e+02 
 5.936727e-01  8.833389e+01  1.961840e+02  3.008402e+02  5.432582e+02 
 6.019482e-01  8.677679e+01  1.937447e+02  2.969879e+02  5.363247e+02 
 6.103390e-01  8.467341e+01  1.901662e+02  2.923574e+02  5.283070e+02 
 6.188468e-01  8.276590e+01  1.870021e+02  2.894103e+02  5.260246e+02 
 6.274732e-01  8.133153e+01  1.833948e+02  2.833387e+02  5.162640e+02 
 6.362198e-01  7.965600e+01  1.805286e+02  2.791967e+02  5.084096e+02 
 6.450884e-01  7.775063e+01  1.771125e+02  2.744949e+02  5.004560e+02 
 6.540806e-01  7.610506e+01  1.732454e+02  2.687149e+02  4.921172e+02 
 6.631981e-01  7.438043e+01  1.705166e+02  2.656936e+02  4.870395e+02 
 6.724427e-01  7.292517e+01  1.674511e+02  2.614637e+02  4.817234e+02 
 6.818162e-01  7.130935e+01  1.643279e+02  2.561231e+02  4.721217e+02 
 6.913204e-01  6.974779e+01  1.612074e+02  2.521021e+02  4.654028e+02 
 7.009570e-01  6.871623e+01  1.587105e+02  2.484520e+02  4.592557e+02 
 7.107280e-01  6.692076e+01  1.559220e+02  2.445770e+02  4.518943e+02 
 7.206351e-01  6.584158e+01  1.534318e+02  2.412622e+02  4.477776e+02 
 7.306804e-01  6.446772e+01  1.509809e+02  2.372790e+02  4.397424e+02 
 7.408657e-01  6.300292e+01  1.479134e+02  2.329486e+02  4.338469e+02 
 7.511929e-01  6.162805e+01  1.451169e+02  2.293241e+02  4.277177e+02 
 7.616642e-01  6.040040e+01  1.424157e+02  2.255204e+02  4.220317e+02 
 7.722814e-01  5.955099e+01  1.408563e+02  2.228794e+02  4.159277e+02 
 7.830465e-01  5.826540e+01  1.380498e+02  2.189613e+02  4.102409e+02 
 7.939618e-01  5.714218e+01  1.361335e+02  2.159654e+02  4.057801e+02 
 8.050292e-01  5.583775e+01  1.335185e+02  2.128640e+02  4.003250e+02 
 8.162509e-01  5.481535e+01  1.314612e+02  2.092243e+02  3.932255e+02 
 8.276289e-01  5.344654e+01  1.287422e+02  2.056554e+02  3.879686e+02 
 8.391656e-01  5.272354e+01  1.271058e+02  2.026598e+02  3.834166e+02 
 8.508632e-01  5.172599e+01  1.248599e+02  1.997262e+02  3.780832e+02 
 8.627237e-01  5.054564e+01  1.227383e+02  1.965950e+02  3.719821e+02 
 8.747496e-01  4.958133e+01  1.205666e+02  1.935470e+02  3.668448e+02 
 8.869432e-01  4.868249e+01  1.187584e+02  1.908196e+02  3.621267e+02 
 8.993067e-01  4.766058e+01  1.167818e+02  1.878101e+02  3.567282e+02 
 9.118425e-01  4.688590e+01  1.147178e+02  1.845689e+02  3.503525e+02 
 9.245531e-01  4.583323e+01  1.127282e+02  1.815977e+02  3.463077e+02 
 9.374409e-01  4.491938e+01  1.109050e+02  1.791295e+02  3.415409e+02 
 9.505083e-01  4.413609e+01  1.090901e+02  1.764341e+02  3.367154e+02 
 9.637579e-01  4.317151e+01  1.069435e+02  1.732607e+02  3.316006e+02 
 9.771921e-01  4.256225e+01  1.062011e+02  1.715295e+02  3.272095e+02 
 9.908137e-01  4.171251e+01  1.041540e+02  1.686743e+02  3.227820e+02 
 1.004625e+00  4.087578e+01  1.021894e+02  1.657048e+02  3.173057e+02 
 1.018629e+00  4.017047e+01  1.007051e+02  1.633119e+02  3.126644e+02 
 1.032828e+00  3.936264e+01  9.903511e+01  1.610657e+02  3.091874e+02 
 1.047225e+00  3.856236e+01  9.752895e+01  1.584488e+02  3.037632e+02 
 1.061823e+00  3.793197e+01  9.615276e+01  1.562209e+02  2.994103e+02 
 1.076624e+00  3.719333e+01  9.455751e+01  1.538167e+02  2.948294e+02 
 1.091632e+00  3.653340e+01  9.297061e+01  1.515212e+02  2.903313e+02 
 1.106848e+00  3.580330e+01  9.131414e+01  1.491114e+02  2.862504e+02 
 1.122277e+00  3.513625e+01  8.996797e+01  1.466323e+02  2.814211e+02 
 1.137921e+00  3.447005e+01  8.837841e+01  1.443242e+02  2.771973e+02 
 1.153783e+00  3.387645e+01  8.696528e+01  1.420846e+02  2.731688e+02 
 1.169866e+00  3.326069e+01  8.561622e+01  1.399103e+02  2.692508e+02 
 1.186174e+00  3.262176e+01  8.430377e+01  1.377519e+02  2.648665e+02 
 1.202708e+00  3.206057e+01  8.294441e+01  1.356655e+02  2.608051e+02 
 1.219473e+00  3.149813e+01  8.167100e+01  1.336580e+02  2.564723e+02 
 1.236472e+00  3.090989e+01  8.038561e+01  1.316690e+02  2.527263e+02 
 1.253708e+00  3.037159e+01  7.903735e+01  1.294013e+02  2.488840e+02 
 1.271184e+00  2.983636e+01  7.804615e+01  1.277694e+02  2.449106e+02 
 1.288904e+00  2.929352e+01  7.651858e+01  1.254523e+02  2.412664e+02 
 1.306870e+00  2.873662e+01  7.528154e+01  1.234514e+02  2.371379e+02 
 1.325087e+00  2.827189e+01  7.413339e+01  1.215555e+02  2.331082e+02 
 1.343558e+00  2.776587e+01  7.291885e+01  1.195932e+02  2.292682e+02 
 1.362287e+00  2.730239e+01  7.169810e+01  1.175247e+02  2.254759e+02 
 1.381276e+00  2.680939e+01  7.054931e+01  1.154318e+02  2.216801e+02 
 1.400531e+00  2.634985e+01  6.941735e+01  1.136449e+02  2.177508e+02 
 1.420053e+00  2.586457e+01  6.821476e+01  1.118396e+02  2.140377e+02 
 1.439848e+00  2.542524e+01  6.716998e+01  1.099065e+02  2.104537e+02 
 1.459919e+00  2.494972e+01  6.604580e+01  1.080674e+02  2.066302e+02 
 1.480269e+00  2.457124e+01  6.486216e+01  1.061556e+02  2.027537e+02 
 1.500903e+00  2.413598e+01  6.383214e+01  1.043387e+02  1.995254e+02 
 1.521825e+00  2.370943e+01  6.285880e+01  1.026836e+02  1.960013e+02 
 1.543038e+00  2.328645e+01  6.180341e+01  1.010335e+02  1.927021e+02 
 1.564548e+00  2.291968e+01  6.078937e+01  9.927605e+01  1.890998e+02 
 1.586357e+00  2.252833e+01  5.983394e+01  9.760813e+01  1.856472e+02 
 1.608469e+00  2.211845e+01  5.884017e+01  9.593735e+01  1.824566e+02 
 1.630891e+00  2.180265e+01  5.775585e+01  9.407665e+01  1.788064e+02 
 1.653624e+00  2.139875e+01  5.678160e+01  9.253616e+01  1.757842e+02 
 1.676675e+00  2.102961e+01  5.590676e+01  9.097562e+01  1.723503e+02 
 1.700047e+00  2.066421e+01  5.496238e+01  8.932719e+01  1.691576e+02 
 1.723745e+00  2.032652e+01  5.399068e+01  8.771282e+01  1.657314e+02 
 1.747773e+00  1.995614e+01  5.303141e+01  8.608196e+01  1.625297e+02 
 1.772136e+00  1.961974e+01  5.212039e+01  8.449771e+01  1.595231e+02 
 1.796838e+00  1.929457e+01  5.120421e+01  8.296017e+01  1.563717e+02 
 1.821885e+00  1.898919e+01  5.029842e+01  8.139142e+01  1.533664e+02 
 1.847281e+00  1.865823e+01  4.949499e+01  7.997413e+01  1.503415e+02 
 1.873032e+00  1.834831e+01  4.857942e+01  7.836035e+01  1.473843e+02 
 1.899141e+00  1.803045e+01  4.768144e+01  7.692535e+01  1.444824e+02 
 1.925614e+00  1.773988e+01  4.686472e+01  7.549491e+01  1.415154e+02 
 1.952456e+00  1.748589e+01  4.607752e+01  7.409527e+01  1.386475e+02 
 1.979672e+00  1.715595e+01  4.527607e+01  7.270400e+01  1.358510e+02 
 2.007267e+00  1.688944e+01  4.444961e+01  7.121688e+01  1.331071e+02 
 2.035248e+00  1.658554e+01  4.360412e+01  6.980658e+01  1.302797e+02 
 2.063618e+00  1.630365e+01  4.278245e+01  6.842985e+01  1.275166e+02 
 2.092383e+00  1.603330e+01  4.198891e+01  6.705013e+01  1.248459e+02 
 2.121550e+00  1.575289e+01  4.118834e+01  6.570188e+01  1.221456e+02 
 2.151123e+00  1.549100e+01  4.041981e+01  6.434488e+01  1.194760e+02 
 2.181109e+00  1.522436e+01  3.963515e+01  6.304740e+01  1.169670e+02 
 2.211512e+00  1.496645e+01  3.885475e+01  6.170851e+01  1.143032e+02 
 2.242340e+00  1.471415e+01  3.814441e+01  6.046092e+01  1.118485e+02 
 2.273597e+00  1.444927e+01  3.740017e+01  5.915038e+01  1.093735e+02 
 2.305289e+00  1.422053e+01  3.667018e+01  5.793900e+01  1.069814e+02 
 2.337424e+00  1.397855e+01  3.593904e+01  5.670742e+01  1.046370e+02 
 2.370006e+00  1.373779e+01  3.523757e+01  5.552895e+01  1.023550e+02 
 2.403043e+00  1.349255e+01  3.455107e+01  5.431900e+01  1.000350e+02 
 2.436540e+00  1.327281e+01  3.387841e+01  5.317151e+01  9.777847e+01 
 2.470504e+00  1.304403e+01  3.320818e+01  5.200571e+01  9.555463e+01 
 2.504942e+00  1.281992e+01  3.255509e+01  5.089900e+01  9.339785e+01 
 2.539859e+00  1.260550e+01  3.188266e+01  4.976015e+01  9.122023e+01 
 2.575263e+00  1.237369e+01  3.121553e+01  4.869695e+01  8.915489e+01 
 2.611161e+00  1.216521e+01  3.057122e+01  4.758192e+01  8.708129e+01 
 2.647559e+00  1.195087e+01  2.992972e+01  4.648919e+01  8.499995e+01 
 2.684465e+00  1.173993e+01  2.932112e+01  4.543881e+01  8.299205e+01 
 2.721885e+00  1.152324e+01  2.867545e+01  4.440839e+01  8.103418e+01 
 2.759826e+00  1.131932e+01  2.805343e+01  4.337588e+01  7.910798e+01 
 2.798297e+00  1.111541e+01  2.746483e+01  4.239068e+01  7.726030e+01 
 2.837304e+00  1.091797e+01  2.687187e+01  4.140895e+01  7.541115e+01 
 2.876854e+00  1.071974e+01  2.628505e+01  4.044514e+01  7.361257e+01 
 2.916956e+00  1.052786e+01  2.572403e+01  3.950664e+01  7.181960e+01 
 2.957617e+00  1.034179e+01  2.517040e+01  3.860089e+01  7.011156e+01 
 2.998844e+00  1.015370e+01  2.462682e+01  3.769671e+01  6.842001e+01 
 3.040646e+00  9.969564e+00  2.408213e+01  3.681063e+01  6.681155e+01 
 3.083031e+00  9.788489e+00  2.354684e+01  3.594570e+01  6.520024e+01 
 3.126007e+00  9.612345e+00  2.303272e+01  3.509602e+01  6.359771e+01 
 3.169582e+00  9.432617e+00  2.250379e+01  3.424224e+01  6.205021e+01 
 3.213764e+00  9.256333e+00  2.199664e+01  3.341916e+01  6.052912e+01 
 3.258562e+00  9.078721e+00  2.150174e+01  3.261204e+01  5.903416e+01 
 3.303985e+00  8.906160e+00  2.099875e+01  3.181478e+01  5.757443e+01 
 3.350041e+00  8.737260e+00  2.050721e+01  3.103022e+01  5.613540e+01 
 3.396739e+00  8.566482e+00  2.003306e+01  3.027529e+01  5.472219e+01 
 3.444087e+00  8.403428e+00  1.955912e+01  2.951423e+01  5.335441e+01 
 3.492096e+00  8.241593e+00  1.910524e+01  2.879553e+01  5.203783e+01 
 3.540774e+00  8.077039e+00  1.866036e+01  2.808897e+01  5.073830e+01 
 3.590130e+00  7.921830e+00  1.821662e+01  2.738874e+01  4.947860e+01 
 3.640175e+00  7.769664e+00  1.778996e+01  2.672063e+01  4.824411e+01 
 3.690917e+00  7.615402e+00  1.737717e+01  2.605282e+01  4.703959e+01 
 3.742366e+00  7.465521e+00  1.695816e+01  2.540993e+01  4.588340e+01 
 3.794533e+00  7.320282e+00  1.656123e+01  2.478314e+01  4.473719e+01 
 3.847427e+00  7.174454e+00  1.616315e+01  2.416539e+01  4.363035e+01 
 3.901058e+00  7.027861e+00  1.577778e+01  2.356563e+01  4.253079e+01 
 3.955436e+00  6.888684e+00  1.539463e+01  2.296405e+01  4.145132e+01 
 4.010573e+00  6.745454e+00  1.501885e+01  2.238941e+01  4.040876e+01 
 4.066478e+00  6.605884e+00  1.464701e+01  2.181670e+01  3.937530e+01 
 4.123163e+00  6.466907e+00  1.428963e+01  2.125907e+01  3.836788e+01 
 4.180637e+00  6.332476e+00  1.393702e+01  2.071802e+01  3.738106e+01 
 4.238913e+00  6.198759e+00  1.358851e+01  2.018436e+01  3.642941e+01 
 4.298001e+00  6.065130e+00  1.325074e+01  1.966905e+01  3.549347e+01 
 4.357913e+00  5.939319e+00  1.291962e+01  1.916720e+01  3.459275e+01 
 4.418660e+00  5.812057e+00  1.260211e+01  1.867545e+01  3.371409e+01 
 4.480254e+00  5.687056e+00  1.228701e+01  1.819892e+01  3.285590e+01 
 4.542706e+00  5.566819e+00  1.197958e+01  1.773316e+01  3.201860e+01 
 4.606029e+00  5.447037e+00  1.168447e+01  1.728418e+01  3.121320e+01 
 4.670234e+00  5.329541e+00  1.139403e+01  1.684818e+01  3.042597e+01 
 4.735335e+00  5.214623e+00  1.111158e+01  1.641913e+01  2.965307e+01 
 4.801343e+00  5.102917e+00  1.083642e+01  1.600213e+01  2.889881e+01 
 4.868271e+00  4.990935e+00  1.056396e+01  1.559130e+01  2.815932e+01 
 4.936132e+00  4.880435e+00  1.029627e+01  1.518950e+01  2.743717e+01 
 5.004939e+00  4.771323e+00  1.003552e+01  1.479651e+01  2.672821e+01 
 5.074705e+00  4.663066e+00  9.778827e+00  1.441039e+01  2.603746e+01 
 5.145444e+00  4.558259e+00  9.528565e+00  1.403609e+01  2.536379e+01 
 5.217169e+00  4.453816e+00  9.283477e+00  1.366648e+01  2.469889e+01 
 5.289893e+00  4.353349e+00  9.046066e+00  1.331518e+01  2.406086e+01 
 5.363631e+00  4.252620e+00  8.814013e+00  1.296543e+01  2.343457e+01 
 5.438397e+00  4.155755e+00  8.587514e+00  1.262852e+01  2.282447e+01 
 5.514206e+00  4.060448e+00  8.367861e+00  1.230101e+01  2.223400e+01 
 5.591071e+00  3.966387e+00  8.154545e+00  1.198160e+01  2.165909e+01 
 5.669007e+00  3.876458e+00  7.946275e+00  1.167305e+01  2.110277e+01 
 5.748030e+00  3.787383e+00  7.744735e+00  1.137101e+01  2.055662e+01 
 5.828155e+00  3.700255e+00  7.548153e+00  1.107904e+01  2.002758e+01 
 5.909396e+00  3.615073e+00  7.356326e+00  1.079371e+01  1.951303e+01 
 5.991770e+00  3.531191e+00  7.168361e+00  1.051412e+01  1.900979e+01 
 6.075292e+00  3.449036e+00  6.985544e+00  1.024193e+01  1.851536e+01 
 6.159978e+00  3.367944e+00  6.805711e+00  9.975349e+00  1.803286e+01 
 6.245845e+00  3.288191e+00  6.629849e+00  9.714526e+00  1.755958e+01 
 6.332908e+00  3.209699e+00  6.457223e+00  9.458652e+00  1.709559e+01 
 6.421186e+00  3.133256e+00  6.289411e+00  9.209079e+00  1.664375e+01 
 6.510694e+00  3.057881e+00  6.125418e+00  8.966498e+00  1.620369e+01 
 6.601449e+00  2.984735e+00  5.966276e+00  8.730305e+00  1.577489e+01 
 6.693470e+00  2.912739e+00  5.810493e+00  8.499501e+00  1.535642e+01 
 6.786773e+00  2.842751e+00  5.659619e+00  8.275541e+00  1.495061e+01 
 6.881377e+00  2.774862e+00  5.513220e+00  8.058253e+00  1.455481e+01 
 6.977300e+00  2.708409e+00  5.371142e+00  7.848357e+00  1.417154e+01 
 7.074559e+00  2.644049e+00  5.232751e+00  7.642729e+00  1.379823e+01 
 7.173175e+00  2.580879e+00  5.098536e+00  7.443820e+00  1.343627e+01 
 7.273165e+00  2.519620e+00  4.968084e+00  7.251037e+00  1.308348e+01 
 7.374549e+00  2.459594e+00  4.840765e+00  7.062182e+00  1.274067e+01 
 7.477346e+00  2.400703e+00  4.716976e+00  6.879176e+00  1.240553e+01 
 7.581576e+00  2.343345e+00  4.595155e+00  6.699134e+00  1.207753e+01 
 7.687260e+00  2.286751e+00  4.476539e+00  6.523237e+00  1.175732e+01 
 7.794416e+00  2.231373e+00  4.360401e+00  6.350765e+00  1.144304e+01 
 7.903066e+00  2.177177e+00  4.246435e+00  6.182152e+00  1.113546e+01 
 8.013230e+00  2.124149e+00  4.136061e+00  6.019100e+00  1.083647e+01 
 8.124930e+00  2.072252e+00  4.028227e+00  5.859390e+00  1.054472e+01 
 8.238187e+00  2.021867e+00  3.923081e+00  5.703607e+00  1.026077e+01 
 8.353023e+00  1.972633e+00  3.821055e+00  5.552731e+00  9.984657e+00 
 8.469460e+00  1.924859e+00  3.722077e+00  5.406209e+00  9.716350e+00 
 8.587519e+00  1.878393e+00  3.625812e+00  5.263660e+00  9.455928e+00 
 8.707225e+00  1.833222e+00  3.532230e+00  5.125566e+00  9.203182e+00 
 8.828599e+00  1.789380e+00  3.441934e+00  4.991530e+00  8.957397e+00 
 8.951665e+00  1.746645e+00  3.354119e+00  4.861345e+00  8.719517e+00 
 9.076446e+00  1.705163e+00  3.268830e+00  4.735239e+00  8.488435e+00 
 9.202967e+00  1.664725e+00  3.185759e+00  4.612529e+00  8.263014e+00 
 9.331251e+00  1.625195e+00  3.104684e+00  4.492440e+00  8.043464e+00 
 9.461324e+00  0.000000e+00  0.000000e+00  0.000000e+00  0.000000e+00 
 9.593209e+00  0.000000e+00  0.000000e+00  0.000000e+00  0.000000e+00 
 9.726934e+00  0.000000e+00  0.000000e+00  0.000000e+00  0.000000e+00 
 9.862522e+00  0.000000e+00  0.000000e+00  0.000000e+00  0.000000e+00 
 1.000000e+01  0.000000e+00  0.000000e+00  0.000000e+00  0.000000e+00 
