 1.000000e-02  5.853428e+03  1.062603e+04  1.432074e+04  2.119665e+04 
 1.013939e-02  5.883148e+03  1.067972e+04  1.439295e+04  2.130300e+04 
 1.028073e-02  5.912259e+03  1.073227e+04  1.446371e+04  2.140716e+04 
 1.042404e-02  5.940765e+03  1.078379e+04  1.453303e+04  2.150918e+04 
 1.056935e-02  5.968701e+03  1.083432e+04  1.460093e+04  2.160913e+04 
 1.071668e-02  5.996096e+03  1.088380e+04  1.466743e+04  2.170701e+04 
 1.086606e-02  6.022943e+03  1.093230e+04  1.473256e+04  2.180293e+04 
 1.101753e-02  6.049195e+03  1.097975e+04  1.479619e+04  2.189666e+04 
 1.117111e-02  6.074777e+03  1.102600e+04  1.485817e+04  2.198791e+04 
 1.132683e-02  6.099686e+03  1.107099e+04  1.491852e+04  2.207674e+04 
 1.148472e-02  6.123915e+03  1.111470e+04  1.497720e+04  2.216306e+04 
 1.164481e-02  6.147445e+03  1.115712e+04  1.503417e+04  2.224677e+04 
 1.180713e-02  6.170263e+03  1.119825e+04  1.508942e+04  2.232797e+04 
 1.197171e-02  6.192335e+03  1.123806e+04  1.514284e+04  2.240644e+04 
 1.213859e-02  6.213610e+03  1.127641e+04  1.519432e+04  2.248204e+04 
 1.230780e-02  6.234086e+03  1.131329e+04  1.524379e+04  2.255474e+04 
 1.247936e-02  6.253775e+03  1.134874e+04  1.529128e+04  2.262457e+04 
 1.265332e-02  6.272671e+03  1.138274e+04  1.533680e+04  2.269148e+04 
 1.282970e-02  6.290743e+03  1.141523e+04  1.538032e+04  2.275534e+04 
 1.300854e-02  6.307935e+03  1.144614e+04  1.542169e+04  2.281602e+04 
 1.318987e-02  6.324183e+03  1.147535e+04  1.546079e+04  2.287320e+04 
 1.337373e-02  6.339501e+03  1.150285e+04  1.549765e+04  2.292698e+04 
 1.356015e-02  6.353883e+03  1.152866e+04  1.553220e+04  2.297744e+04 
 1.374917e-02  6.367322e+03  1.155274e+04  1.556443e+04  2.302447e+04 
 1.394083e-02  6.379790e+03  1.157506e+04  1.559429e+04  2.306801e+04 
 1.413516e-02  6.391250e+03  1.159552e+04  1.562166e+04  2.310792e+04 
 1.433219e-02  6.401676e+03  1.161412e+04  1.564646e+04  2.314404e+04 
 1.453198e-02  6.411083e+03  1.163089e+04  1.566867e+04  2.317644e+04 
 1.473454e-02  6.419428e+03  1.164573e+04  1.568830e+04  2.320498e+04 
 1.493993e-02  6.426664e+03  1.165854e+04  1.570531e+04  2.322946e+04 
 1.514819e-02  6.432815e+03  1.166937e+04  1.571975e+04  2.325005e+04 
 1.535935e-02  6.437853e+03  1.167820e+04  1.573145e+04  2.326672e+04 
 1.557345e-02  6.441759e+03  1.168500e+04  1.574027e+04  2.327927e+04 
 1.579053e-02  6.444496e+03  1.168969e+04  1.574620e+04  2.328759e+04 
 1.601064e-02  6.446058e+03  1.169220e+04  1.574928e+04  2.329159e+04 
 1.623382e-02  6.446420e+03  1.169253e+04  1.574948e+04  2.329128e+04 
 1.646012e-02  6.445578e+03  1.169067e+04  1.574677e+04  2.328664e+04 
 1.668956e-02  6.443513e+03  1.168662e+04  1.574111e+04  2.327772e+04 
 1.692220e-02  6.440213e+03  1.168033e+04  1.573239e+04  2.326423e+04 
 1.715809e-02  6.435631e+03  1.167170e+04  1.572052e+04  2.324601e+04 
 1.739726e-02  6.429771e+03  1.166075e+04  1.570547e+04  2.322307e+04 
 1.763977e-02  6.422638e+03  1.164749e+04  1.568732e+04  2.319561e+04 
 1.788566e-02  6.414218e+03  1.163188e+04  1.566603e+04  2.316357e+04 
 1.813498e-02  6.404455e+03  1.161385e+04  1.564150e+04  2.312668e+04 
 1.838777e-02  6.393360e+03  1.159340e+04  1.561369e+04  2.308493e+04 
 1.864409e-02  6.380942e+03  1.157054e+04  1.558263e+04  2.303835e+04 
 1.890397e-02  6.367192e+03  1.154525e+04  1.554830e+04  2.298700e+04 
 1.916748e-02  6.352094e+03  1.151752e+04  1.551065e+04  2.293085e+04 
 1.943467e-02  6.335614e+03  1.148730e+04  1.546967e+04  2.286970e+04 
 1.970558e-02  6.317745e+03  1.145456e+04  1.542533e+04  2.280351e+04 
 1.998026e-02  6.298503e+03  1.141934e+04  1.537762e+04  2.273240e+04 
 2.025878e-02  6.277921e+03  1.138167e+04  1.532661e+04  2.265633e+04 
 2.054117e-02  6.255976e+03  1.134152e+04  1.527229e+04  2.257532e+04 
 2.082751e-02  6.232635e+03  1.129885e+04  1.521457e+04  2.248944e+04 
 2.111783e-02  6.207904e+03  1.125367e+04  1.515344e+04  2.239861e+04 
 2.141220e-02  6.181890e+03  1.120614e+04  1.508909e+04  2.230283e+04 
 2.171068e-02  6.155072e+03  1.115690e+04  1.502222e+04  2.220254e+04 
 2.201331e-02  6.126911e+03  1.110521e+04  1.495205e+04  2.209739e+04 
 2.232016e-02  6.097409e+03  1.105110e+04  1.487863e+04  2.198756e+04 
 2.263130e-02  6.066580e+03  1.099457e+04  1.480193e+04  2.187302e+04 
 2.294676e-02  6.034426e+03  1.093564e+04  1.472204e+04  2.175371e+04 
 2.326663e-02  6.000968e+03  1.087435e+04  1.463893e+04  2.162952e+04 
 2.359095e-02  5.966211e+03  1.081071e+04  1.455268e+04  2.150064e+04 
 2.391980e-02  5.930181e+03  1.074475e+04  1.446330e+04  2.136724e+04 
 2.425323e-02  5.892892e+03  1.067651e+04  1.437087e+04  2.122937e+04 
 2.459130e-02  5.854389e+03  1.060608e+04  1.427548e+04  2.108711e+04 
 2.493409e-02  5.814703e+03  1.053353e+04  1.417722e+04  2.094057e+04 
 2.528166e-02  5.773812e+03  1.045879e+04  1.407605e+04  2.078974e+04 
 2.563407e-02  5.731760e+03  1.038194e+04  1.397203e+04  2.063474e+04 
 2.599140e-02  5.688597e+03  1.030307e+04  1.386531e+04  2.047577e+04 
 2.635371e-02  5.644372e+03  1.022229e+04  1.375598e+04  2.031293e+04 
 2.672106e-02  5.599121e+03  1.013964e+04  1.364417e+04  2.014644e+04 
 2.709354e-02  5.552865e+03  1.005519e+04  1.352995e+04  1.997638e+04 
 2.747121e-02  5.505642e+03  9.968991e+03  1.341337e+04  1.980288e+04 
 2.785414e-02  5.457419e+03  9.881025e+03  1.329445e+04  1.962598e+04 
 2.824241e-02  5.407984e+03  9.790977e+03  1.317282e+04  1.944534e+04 
 2.863610e-02  5.357732e+03  9.699461e+03  1.304922e+04  1.926178e+04 
 2.903527e-02  5.306712e+03  9.606547e+03  1.292374e+04  1.907546e+04 
 2.944000e-02  5.254974e+03  9.512331e+03  1.279652e+04  1.888661e+04 
 2.985038e-02  5.202574e+03  9.416926e+03  1.266768e+04  1.869540e+04 
 3.026648e-02  5.149562e+03  9.320418e+03  1.253740e+04  1.850199e+04 
 3.068838e-02  5.096001e+03  9.222939e+03  1.240580e+04  1.830668e+04 
 3.111616e-02  5.041968e+03  9.124587e+03  1.227304e+04  1.810965e+04 
 3.154990e-02  4.987513e+03  9.025476e+03  1.213928e+04  1.791119e+04 
 3.198969e-02  4.932696e+03  8.925724e+03  1.200465e+04  1.771145e+04 
 3.243561e-02  4.877577e+03  8.825448e+03  1.186932e+04  1.751069e+04 
 3.288774e-02  4.822229e+03  8.724771e+03  1.173346e+04  1.730911e+04 
 3.334618e-02  4.766725e+03  8.623795e+03  1.159719e+04  1.710698e+04 
 3.381101e-02  4.711127e+03  8.522667e+03  1.146072e+04  1.690453e+04 
 3.428231e-02  4.655504e+03  8.421484e+03  1.132420e+04  1.670202e+04 
 3.476019e-02  4.599708e+03  8.320337e+03  1.118811e+04  1.650122e+04 
 3.524473e-02  4.544024e+03  8.219411e+03  1.105232e+04  1.630092e+04 
 3.573602e-02  4.488521e+03  8.118833e+03  1.091698e+04  1.610130e+04 
 3.623416e-02  4.433266e+03  8.018716e+03  1.078225e+04  1.590256e+04 
 3.673925e-02  4.378333e+03  7.919158e+03  1.064829e+04  1.570493e+04 
 3.725137e-02  4.323776e+03  7.820289e+03  1.051525e+04  1.550863e+04 
 3.777064e-02  4.269661e+03  7.722215e+03  1.038329e+04  1.531395e+04 
 3.829714e-02  4.216044e+03  7.625058e+03  1.025260e+04  1.512110e+04 
 3.883098e-02  4.162997e+03  7.528935e+03  1.012328e+04  1.493031e+04 
 3.937226e-02  4.110598e+03  7.433969e+03  9.995513e+03  1.474175e+04 
 3.992109e-02  4.058889e+03  7.340242e+03  9.869406e+03  1.455566e+04 
 4.047757e-02  4.007893e+03  7.247785e+03  9.744958e+03  1.437190e+04 
 4.104181e-02  3.957398e+03  7.155565e+03  9.620073e+03  1.418545e+04 
 4.161391e-02  3.907742e+03  7.064879e+03  9.497265e+03  1.400205e+04 
 4.219398e-02  3.858990e+03  6.975805e+03  9.376638e+03  1.382188e+04 
 4.278214e-02  3.811157e+03  6.888405e+03  9.258257e+03  1.364504e+04 
 4.337850e-02  3.764264e+03  6.802723e+03  9.142194e+03  1.347164e+04 
 4.398317e-02  3.718338e+03  6.718810e+03  9.028520e+03  1.330176e+04 
 4.459628e-02  3.673415e+03  6.636710e+03  8.917305e+03  1.313554e+04 
 4.521792e-02  3.629518e+03  6.556472e+03  8.808601e+03  1.297303e+04 
 4.584824e-02  3.586659e+03  6.478111e+03  8.702429e+03  1.281425e+04 
 4.648734e-02  3.544836e+03  6.401645e+03  8.598801e+03  1.265923e+04 
 4.713535e-02  3.504283e+03  6.328343e+03  8.500321e+03  1.251413e+04 
 4.779239e-02  3.464899e+03  6.257675e+03  8.405893e+03  1.237647e+04 
 4.845859e-02  3.426530e+03  6.188839e+03  8.313905e+03  1.224239e+04 
 4.913407e-02  3.389158e+03  6.121787e+03  8.224319e+03  1.211183e+04 
 4.981898e-02  3.352748e+03  6.056465e+03  8.137067e+03  1.198470e+04 
 5.051342e-02  3.317263e+03  5.992817e+03  8.052074e+03  1.186084e+04 
 5.121755e-02  3.282669e+03  5.930780e+03  7.969236e+03  1.174016e+04 
 5.193150e-02  3.248910e+03  5.870267e+03  7.888430e+03  1.162245e+04 
 5.265540e-02  3.215932e+03  5.811151e+03  7.809498e+03  1.150751e+04 
 5.338938e-02  3.183406e+03  5.752318e+03  7.730431e+03  1.139102e+04 
 5.413360e-02  3.151213e+03  5.693479e+03  7.650735e+03  1.127199e+04 
 5.488820e-02  3.119618e+03  5.635734e+03  7.572517e+03  1.115516e+04 
 5.565331e-02  3.088515e+03  5.578892e+03  7.495505e+03  1.104009e+04 
 5.642908e-02  3.057686e+03  5.522555e+03  7.419179e+03  1.092606e+04 
 5.721568e-02  3.027072e+03  5.466613e+03  7.343390e+03  1.081285e+04 
 5.801323e-02  2.996932e+03  5.411536e+03  7.268775e+03  1.070138e+04 
 5.882190e-02  2.967362e+03  5.357495e+03  7.195560e+03  1.059203e+04 
 5.964185e-02  2.938266e+03  5.304710e+03  7.124453e+03  1.048687e+04 
 6.047322e-02  2.909708e+03  5.253981e+03  7.057211e+03  1.039036e+04 
 6.131619e-02  2.880519e+03  5.202090e+03  6.988403e+03  1.029145e+04 
 6.217090e-02  2.850561e+03  5.148822e+03  6.917738e+03  1.018981e+04 
 6.303753e-02  2.819994e+03  5.094449e+03  6.845595e+03  1.008598e+04 
 6.391624e-02  2.788888e+03  5.039102e+03  6.772139e+03  9.980266e+03 
 6.480720e-02  2.757147e+03  4.982600e+03  6.697124e+03  9.872276e+03 
 6.571058e-02  2.724698e+03  4.924802e+03  6.620356e+03  9.761660e+03 
 6.662655e-02  2.690117e+03  4.861091e+03  6.533466e+03  9.630214e+03 
 6.755528e-02  2.654538e+03  4.795538e+03  6.444049e+03  9.494880e+03 
 6.849697e-02  2.617962e+03  4.728196e+03  6.352249e+03  9.356060e+03 
 6.945178e-02  2.580352e+03  4.658992e+03  6.257969e+03  9.213650e+03 
 7.041990e-02  2.541681e+03  4.587882e+03  6.161163e+03  9.067569e+03 
 7.140151e-02  2.501925e+03  4.514830e+03  6.061772e+03  8.917758e+03 
 7.239681e-02  2.461381e+03  4.440712e+03  5.961359e+03  8.767771e+03 
 7.340598e-02  2.420128e+03  4.365731e+03  5.860274e+03  8.618332e+03 
 7.442922e-02  2.377832e+03  4.288881e+03  5.756677e+03  8.465225e+03 
 7.546673e-02  2.334557e+03  4.210272e+03  5.650741e+03  8.308647e+03 
 7.651869e-02  2.290390e+03  4.130062e+03  5.542656e+03  8.148929e+03 
 7.758532e-02  2.245418e+03  4.048403e+03  5.432649e+03  7.986410e+03 
 7.866682e-02  2.200704e+03  3.968495e+03  5.326229e+03  7.832228e+03 
 7.976339e-02  2.156959e+03  3.892384e+03  5.226894e+03  7.693315e+03 
 8.087525e-02  2.112733e+03  3.815319e+03  5.126227e+03  7.552193e+03 
 8.200261e-02  2.068197e+03  3.737600e+03  5.024600e+03  7.409436e+03 
 8.314568e-02  2.023525e+03  3.659549e+03  4.922430e+03  7.265659e+03 
 8.430468e-02  1.978898e+03  3.581497e+03  4.820147e+03  7.121516e+03 
 8.547985e-02  1.933434e+03  3.500375e+03  4.712257e+03  6.965612e+03 
 8.667139e-02  1.887931e+03  3.418471e+03  4.602623e+03  6.805455e+03 
 8.787954e-02  1.843112e+03  3.337791e+03  4.494620e+03  6.647612e+03 
 8.910453e-02  1.799175e+03  3.258686e+03  4.388726e+03  6.492788e+03 
 9.034660e-02  1.756301e+03  3.181484e+03  4.285373e+03  6.341655e+03 
 9.160598e-02  1.715307e+03  3.108550e+03  4.188507e+03  6.201766e+03 
 9.288292e-02  1.676272e+03  3.039923e+03  4.098091e+03  6.072877e+03 
 9.417766e-02  1.638740e+03  2.973958e+03  4.011180e+03  5.949004e+03 
 9.549045e-02  1.602832e+03  2.910859e+03  3.928080e+03  5.830560e+03 
 9.682153e-02  1.568658e+03  2.850837e+03  3.849067e+03  5.718008e+03 
 9.817117e-02  1.536465e+03  2.794646e+03  3.775440e+03  5.613902e+03 
 9.953962e-02  1.506171e+03  2.741963e+03  3.706582e+03  5.516955e+03 
 1.009272e-01  1.477719e+03  2.692598e+03  3.642122e+03  5.426400e+03 
 1.023340e-01  1.451128e+03  2.646570e+03  3.582099e+03  5.342310e+03 
 1.037605e-01  1.425610e+03  2.601584e+03  3.522668e+03  5.257278e+03 
 1.052069e-01  1.399052e+03  2.551422e+03  3.453350e+03  5.151117e+03 
 1.066734e-01  1.374167e+03  2.504331e+03  3.388236e+03  5.051276e+03 
 1.081604e-01  1.350810e+03  2.460065e+03  3.326972e+03  4.957194e+03 
 1.096681e-01  1.328810e+03  2.418319e+03  3.269118e+03  4.868246e+03 
 1.111968e-01  1.308532e+03  2.380362e+03  3.216795e+03  4.787945e+03 
 1.127468e-01  1.289210e+03  2.344189e+03  3.166912e+03  4.711343e+03 
 1.143184e-01  1.270579e+03  2.309281e+03  3.118733e+03  4.637296e+03 
 1.159120e-01  1.252374e+03  2.275167e+03  3.071652e+03  4.564907e+03 
 1.175277e-01  1.235700e+03  2.245295e+03  3.031581e+03  4.505491e+03 
 1.191660e-01  1.219068e+03  2.215652e+03  2.991876e+03  4.446898e+03 
 1.208271e-01  1.202120e+03  2.185436e+03  2.951364e+03  4.387144e+03 
 1.225114e-01  1.184615e+03  2.154174e+03  2.909529e+03  4.325507e+03 
 1.242191e-01  1.166227e+03  2.121374e+03  2.865974e+03  4.262819e+03 
 1.259506e-01  1.146950e+03  2.086960e+03  2.820187e+03  4.196872e+03 
 1.277063e-01  1.126672e+03  2.050722e+03  2.771916e+03  4.127194e+03 
 1.294865e-01  1.105739e+03  2.013552e+03  2.722488e+03  4.055556e+03 
 1.312915e-01  1.084196e+03  1.975562e+03  2.672059e+03  3.982198e+03 
 1.331216e-01  1.061572e+03  1.935574e+03  2.618889e+03  3.904712e+03 
 1.349772e-01  1.037982e+03  1.893819e+03  2.563338e+03  3.823766e+03 
 1.368587e-01  1.014743e+03  1.854745e+03  2.513694e+03  3.758106e+03 
 1.387665e-01  9.907635e+02  1.814196e+03  2.461925e+03  3.688985e+03 
 1.407008e-01  9.662912e+02  1.772602e+03  2.408636e+03  3.617230e+03 
 1.426621e-01  9.423122e+02  1.731854e+03  2.356006e+03  3.544066e+03 
 1.446507e-01  9.185527e+02  1.691396e+03  2.303492e+03  3.470228e+03 
 1.466671e-01  8.950551e+02  1.651277e+03  2.251321e+03  3.396690e+03 
 1.487115e-01  8.696201e+02  1.605255e+03  2.189539e+03  3.306238e+03 
 1.507845e-01  8.434236e+02  1.556295e+03  2.122701e+03  3.206553e+03 
 1.528864e-01  8.184430e+02  1.509589e+03  2.058929e+03  3.111420e+03 
 1.550175e-01  7.966917e+02  1.470651e+03  2.007098e+03  3.036548e+03 
 1.571784e-01  7.776931e+02  1.438013e+03  1.964745e+03  2.977481e+03 
 1.593694e-01  7.601844e+02  1.408036e+03  1.925900e+03  2.923527e+03 
 1.615909e-01  7.446153e+02  1.381733e+03  1.891991e+03  2.876511e+03 
 1.638434e-01  7.306980e+02  1.358495e+03  1.862206e+03  2.835450e+03 
 1.661273e-01  7.181515e+02  1.337728e+03  1.835750e+03  2.799295e+03 
 1.684430e-01  7.033748e+02  1.310062e+03  1.798134e+03  2.744036e+03 
 1.707910e-01  6.892604e+02  1.283297e+03  1.761541e+03  2.690043e+03 
 1.731717e-01  6.766525e+02  1.259840e+03  1.729781e+03  2.643411e+03 
 1.755856e-01  6.672985e+02  1.244413e+03  1.709996e+03  2.615496e+03 
 1.780332e-01  6.581696e+02  1.229376e+03  1.690742e+03  2.588302e+03 
 1.805149e-01  6.473656e+02  1.209231e+03  1.662850e+03  2.545160e+03 
 1.830312e-01  6.353227e+02  1.185610e+03  1.629249e+03  2.491640e+03 
 1.855825e-01  6.229546e+02  1.161754e+03  1.595738e+03  2.439118e+03 
 1.881694e-01  6.108554e+02  1.140493e+03  1.568062e+03  2.400626e+03 
 1.907924e-01  5.980369e+02  1.117864e+03  1.538469e+03  2.359165e+03 
 1.934520e-01  5.840837e+02  1.093064e+03  1.506104e+03  2.314883e+03 
 1.961486e-01  5.693360e+02  1.066727e+03  1.471660e+03  2.267745e+03 
 1.988828e-01  5.552538e+02  1.042225e+03  1.439805e+03  2.223817e+03 
 2.016551e-01  5.425109e+02  1.021081e+03  1.412686e+03  2.186067e+03 
 2.044661e-01  5.292833e+02  9.985957e+02  1.383391e+03  2.144432e+03 
 2.073162e-01  5.147158e+02  9.715516e+02  1.346238e+03  2.088259e+03 
 2.102061e-01  5.004661e+02  9.450771e+02  1.309859e+03  2.033210e+03 
 2.131362e-01  4.904248e+02  9.306194e+02  1.292782e+03  2.010786e+03 
 2.161073e-01  4.812130e+02  9.177745e+02  1.277979e+03  1.991871e+03 
 2.191197e-01  4.691343e+02  8.967988e+02  1.250918e+03  1.955485e+03 
 2.221741e-01  4.572073e+02  8.754472e+02  1.223048e+03  1.918015e+03 
 2.252711e-01  4.467285e+02  8.573119e+02  1.199835e+03  1.887024e+03 
 2.284112e-01  4.373139e+02  8.413162e+02  1.179615e+03  1.860334e+03 
 2.315951e-01  4.292101e+02  8.268311e+02  1.159914e+03  1.829907e+03 
 2.348235e-01  4.218841e+02  8.134749e+02  1.141234e+03  1.799495e+03 
 2.380968e-01  4.129856e+02  7.960826e+02  1.116896e+03  1.762475e+03 
 2.414157e-01  4.037895e+02  7.778770e+02  1.091424e+03  1.724238e+03 
 2.447809e-01  3.945759e+02  7.605945e+02  1.068047e+03  1.689538e+03 
 2.481930e-01  3.853251e+02  7.434026e+02  1.044882e+03  1.655132e+03 
 2.516527e-01  3.796590e+02  7.345640e+02  1.033516e+03  1.638519e+03 
 2.551606e-01  3.725995e+02  7.225949e+02  1.017760e+03  1.615670e+03 
 2.587174e-01  3.620083e+02  7.025235e+02  9.906991e+02  1.577251e+03 
 2.623238e-01  3.530431e+02  6.866852e+02  9.698763e+02  1.548126e+03 
 2.659804e-01  3.459742e+02  6.756678e+02  9.561384e+02  1.529596e+03 
 2.696881e-01  3.367275e+02  6.592035e+02  9.342409e+02  1.497247e+03 
 2.734474e-01  3.270877e+02  6.416062e+02  9.106046e+02  1.461933e+03 
 2.772591e-01  3.199692e+02  6.300682e+02  8.964067e+02  1.444032e+03 
 2.811239e-01  3.127155e+02  6.175935e+02  8.807792e+02  1.425148e+03 
 2.850426e-01  3.051606e+02  6.036488e+02  8.629714e+02  1.404689e+03 
 2.890160e-01  2.984707e+02  5.922562e+02  8.482664e+02  1.383501e+03 
 2.930447e-01  2.923099e+02  5.814986e+02  8.336735e+02  1.360284e+03 
 2.971296e-01  2.863819e+02  5.693995e+02  8.151785e+02  1.328261e+03 
 3.012714e-01  2.810702e+02  5.603026e+02  8.031674e+02  1.310580e+03 
 3.054710e-01  2.756959e+02  5.515970e+02  7.925432e+02  1.296919e+03 
 3.097291e-01  2.690232e+02  5.396149e+02  7.771027e+02  1.276508e+03 
 3.140465e-01  2.627562e+02  5.272945e+02  7.595274e+02  1.247899e+03 
 3.184242e-01  2.570654e+02  5.163021e+02  7.438476e+02  1.222304e+03 
 3.228628e-01  2.525873e+02  5.092528e+02  7.353487e+02  1.212638e+03 
 3.273634e-01  2.462004e+02  4.967612e+02  7.176140e+02  1.184709e+03 
 3.319266e-01  2.396252e+02  4.843342e+02  7.006645e+02  1.159683e+03 
 3.365535e-01  2.334816e+02  4.736892e+02  6.872320e+02  1.142265e+03 
 3.412449e-01  2.294111e+02  4.684273e+02  6.808970e+02  1.131656e+03 
 3.460016e-01  2.249606e+02  4.612110e+02  6.716446e+02  1.118755e+03 
 3.508247e-01  2.206443e+02  4.535042e+02  6.613812e+02  1.103889e+03 
 3.557150e-01  2.164891e+02  4.457542e+02  6.508516e+02  1.087691e+03 
 3.606735e-01  2.116328e+02  4.371287e+02  6.396426e+02  1.072095e+03 
 3.657011e-01  2.057508e+02  4.260671e+02  6.247412e+02  1.052293e+03 
 3.707988e-01  2.010392e+02  4.171865e+02  6.127896e+02  1.034870e+03 
 3.759675e-01  1.966928e+02  4.090316e+02  6.017269e+02  1.018598e+03 
 3.812083e-01  1.921481e+02  4.009462e+02  5.908688e+02  1.003078e+03 
 3.865221e-01  1.882998e+02  3.955053e+02  5.844470e+02  9.915932e+02 
 3.919100e-01  1.842814e+02  3.862403e+02  5.707147e+02  9.739549e+02 
 3.973730e-01  1.798295e+02  3.790655e+02  5.617337e+02  9.592738e+02 
 4.029122e-01  1.763506e+02  3.736271e+02  5.540328e+02  9.448663e+02 
 4.085286e-01  1.727720e+02  3.659733e+02  5.432425e+02  9.299215e+02 
 4.142232e-01  1.684779e+02  3.573488e+02  5.321183e+02  9.166632e+02 
 4.199973e-01  1.643968e+02  3.504769e+02  5.234933e+02  9.038937e+02 
 4.258518e-01  1.611753e+02  3.445091e+02  5.149717e+02  8.890240e+02 
 4.317880e-01  1.577420e+02  3.377184e+02  5.049896e+02  8.742662e+02 
 4.378069e-01  1.546923e+02  3.317103e+02  4.964094e+02  8.600694e+02 
 4.439097e-01  1.521582e+02  3.279245e+02  4.920530e+02  8.566392e+02 
 4.500975e-01  1.480737e+02  3.204391e+02  4.818415e+02  8.416972e+02 
 4.563716e-01  1.445815e+02  3.133160e+02  4.715035e+02  8.232372e+02 
 4.627332e-01  1.424494e+02  3.105022e+02  4.685927e+02  8.205186e+02 
 4.691835e-01  1.388628e+02  3.034522e+02  4.584601e+02  8.035448e+02 
 4.757236e-01  1.362821e+02  2.984331e+02  4.516662e+02  7.933306e+02 
 4.823549e-01  1.327977e+02  2.913419e+02  4.418573e+02  7.806369e+02 
 4.890787e-01  1.300536e+02  2.861139e+02  4.348121e+02  7.694734e+02 
 4.958962e-01  1.280427e+02  2.821670e+02  4.286012e+02  7.580856e+02 
 5.028087e-01  1.253228e+02  2.775042e+02  4.223553e+02  7.491747e+02 
 5.098176e-01  1.230747e+02  2.733974e+02  4.162542e+02  7.369448e+02 
 5.169242e-01  1.209923e+02  2.695075e+02  4.111202e+02  7.300471e+02 
 5.241298e-01  1.171153e+02  2.630864e+02  4.033931e+02  7.207379e+02 
 5.314359e-01  1.151557e+02  2.600680e+02  3.990999e+02  7.137885e+02 
 5.388438e-01  1.127822e+02  2.546721e+02  3.911593e+02  7.021158e+02 
 5.463550e-01  1.108484e+02  2.508732e+02  3.854509e+02  6.927867e+02 
 5.539709e-01  1.079995e+02  2.460105e+02  3.792929e+02  6.831022e+02 
 5.616930e-01  1.061580e+02  2.424373e+02  3.742475e+02  6.754515e+02 
 5.695227e-01  1.041569e+02  2.393281e+02  3.703449e+02  6.664762e+02 
 5.774615e-01  1.018248e+02  2.339383e+02  3.624992e+02  6.557335e+02 
 5.855110e-01  1.000628e+02  2.306387e+02  3.573344e+02  6.471179e+02 
 5.936727e-01  9.781373e+01  2.253670e+02  3.501814e+02  6.366260e+02 
 6.019482e-01  9.623751e+01  2.229794e+02  3.461197e+02  6.291733e+02 
 6.103390e-01  9.403938e+01  2.193204e+02  3.413312e+02  6.201445e+02 
 6.188468e-01  9.201759e+01  2.162046e+02  3.388046e+02  6.183829e+02 
 6.274732e-01  9.054881e+01  2.122669e+02  3.321137e+02  6.081732e+02 
 6.362198e-01  8.883134e+01  2.092495e+02  3.275803e+02  5.992937e+02 
 6.450884e-01  8.682170e+01  2.057410e+02  3.226586e+02  5.905425e+02 
 6.540806e-01  8.505752e+01  2.015161e+02  3.163438e+02  5.818383e+02 
 6.631981e-01  8.326689e+01  1.988234e+02  3.134389e+02  5.761211e+02 
 6.724427e-01  8.173740e+01  1.955604e+02  3.090384e+02  5.709060e+02 
 6.818162e-01  8.004800e+01  1.921381e+02  3.028773e+02  5.600333e+02 
 6.913204e-01  7.840294e+01  1.888602e+02  2.986803e+02  5.526177e+02 
 7.009570e-01  7.733425e+01  1.861443e+02  2.947929e+02  5.458319e+02 
 7.107280e-01  7.544858e+01  1.833180e+02  2.906174e+02  5.375681e+02 
 7.206351e-01  7.433785e+01  1.806771e+02  2.872535e+02  5.334570e+02 
 7.306804e-01  7.291787e+01  1.780731e+02  2.827493e+02  5.242108e+02 
 7.408657e-01  7.135838e+01  1.747805e+02  2.780751e+02  5.181196e+02 
 7.511929e-01  6.991599e+01  1.718288e+02  2.743512e+02  5.110819e+02 
 7.616642e-01  6.859371e+01  1.689063e+02  2.702418e+02  5.052877e+02 
 7.722814e-01  6.777786e+01  1.672607e+02  2.672746e+02  4.980145e+02 
 7.830465e-01  6.639931e+01  1.642474e+02  2.630561e+02  4.918079e+02 
 7.939618e-01  6.524142e+01  1.622729e+02  2.597983e+02  4.872143e+02 
 8.050292e-01  6.386191e+01  1.595130e+02  2.566752e+02  4.811212e+02 
 8.162509e-01  6.282643e+01  1.572899e+02  2.524968e+02  4.730091e+02 
 8.276289e-01  6.135643e+01  1.543876e+02  2.487352e+02  4.673531e+02 
 8.391656e-01  6.066277e+01  1.526272e+02  2.453814e+02  4.624740e+02 
 8.508632e-01  5.957810e+01  1.501870e+02  2.422112e+02  4.564064e+02 
 8.627237e-01  5.834576e+01  1.479204e+02  2.387561e+02  4.494058e+02 
 8.747496e-01  5.731532e+01  1.455856e+02  2.354673e+02  4.435706e+02 
 8.869432e-01  5.638867e+01  1.436103e+02  2.324009e+02  4.381917e+02 
 8.993067e-01  5.530865e+01  1.414514e+02  2.290171e+02  4.321050e+02 
 9.118425e-01  5.448258e+01  1.391320e+02  2.253614e+02  4.246760e+02 
 9.245531e-01  5.335983e+01  1.369564e+02  2.220161e+02  4.202578e+02 
 9.374409e-01  5.239384e+01  1.349959e+02  2.193571e+02  4.146938e+02 
 9.505083e-01  5.158921e+01  1.329612e+02  2.163065e+02  4.090776e+02 
 9.637579e-01  5.052776e+01  1.305536e+02  2.127111e+02  4.033339e+02 
 9.771921e-01  4.993607e+01  1.298464e+02  2.106108e+02  3.980247e+02 
 9.908137e-01  4.902938e+01  1.275123e+02  2.074681e+02  3.929975e+02 
 1.004625e+00  4.810991e+01  1.252685e+02  2.039995e+02  3.866191e+02 
 1.018629e+00  4.735648e+01  1.236342e+02  2.012288e+02  3.811211e+02 
 1.032828e+00  4.649315e+01  1.218264e+02  1.988142e+02  3.771734e+02 
 1.047225e+00  4.564041e+01  1.201559e+02  1.956946e+02  3.708081e+02 
 1.061823e+00  4.498610e+01  1.185774e+02  1.931166e+02  3.656239e+02 
 1.076624e+00  4.418245e+01  1.167991e+02  1.903675e+02  3.602306e+02 
 1.091632e+00  4.346107e+01  1.149992e+02  1.877146e+02  3.547497e+02 
 1.106848e+00  4.267683e+01  1.131083e+02  1.849893e+02  3.501259e+02 
 1.122277e+00  4.196582e+01  1.115988e+02  1.820023e+02  3.444906e+02 
 1.137921e+00  4.124740e+01  1.097643e+02  1.794084e+02  3.394752e+02 
 1.153783e+00  4.061765e+01  1.081420e+02  1.767721e+02  3.346460e+02 
 1.169866e+00  3.992243e+01  1.065940e+02  1.741505e+02  3.301144e+02 
 1.186174e+00  3.923620e+01  1.051167e+02  1.716270e+02  3.249275e+02 
 1.202708e+00  3.864386e+01  1.035482e+02  1.691920e+02  3.200543e+02 
 1.219473e+00  3.802425e+01  1.020679e+02  1.668316e+02  3.147445e+02 
 1.236472e+00  3.737738e+01  1.006269e+02  1.644889e+02  3.101775e+02 
 1.253708e+00  3.680523e+01  9.901869e+01  1.617635e+02  3.058038e+02 
 1.271184e+00  3.621734e+01  9.794051e+01  1.598252e+02  3.009334e+02 
 1.288904e+00  3.562526e+01  9.609296e+01  1.571738e+02  2.966945e+02 
 1.306870e+00  3.499550e+01  9.468819e+01  1.547058e+02  2.916647e+02 
 1.325087e+00  3.449041e+01  9.333019e+01  1.524644e+02  2.868194e+02 
 1.343558e+00  3.393883e+01  9.188813e+01  1.501121e+02  2.821959e+02 
 1.362287e+00  3.343346e+01  9.041638e+01  1.475965e+02  2.777082e+02 
 1.381276e+00  3.289198e+01  8.904296e+01  1.450585e+02  2.732350e+02 
 1.400531e+00  3.237354e+01  8.771199e+01  1.429034e+02  2.683516e+02 
 1.420053e+00  3.182675e+01  8.627999e+01  1.407458e+02  2.637178e+02 
 1.439848e+00  3.133674e+01  8.500929e+01  1.383948e+02  2.594118e+02 
 1.459919e+00  3.079675e+01  8.366747e+01  1.360974e+02  2.547533e+02 
 1.480269e+00  3.037205e+01  8.221196e+01  1.337950e+02  2.499648e+02 
 1.500903e+00  2.987486e+01  8.097540e+01  1.315261e+02  2.461590e+02 
 1.521825e+00  2.939912e+01  7.980201e+01  1.295277e+02  2.417401e+02 
 1.543038e+00  2.892024e+01  7.853405e+01  1.274868e+02  2.376885e+02 
 1.564548e+00  2.850097e+01  7.728152e+01  1.253145e+02  2.332907e+02 
 1.586357e+00  2.805123e+01  7.612500e+01  1.232263e+02  2.291287e+02 
 1.608469e+00  2.758281e+01  7.492872e+01  1.211586e+02  2.252153e+02 
 1.630891e+00  2.722322e+01  7.358358e+01  1.188396e+02  2.208015e+02 
 1.653624e+00  2.675978e+01  7.237781e+01  1.169647e+02  2.170955e+02 
 1.676675e+00  2.633608e+01  7.130224e+01  1.150139e+02  2.128273e+02 
 1.700047e+00  2.590725e+01  7.013892e+01  1.129568e+02  2.089961e+02 
 1.723745e+00  2.551052e+01  6.893468e+01  1.109514e+02  2.047924e+02 
 1.747773e+00  2.507927e+01  6.775085e+01  1.089412e+02  2.007916e+02 
 1.772136e+00  2.468822e+01  6.659348e+01  1.069272e+02  1.971076e+02 
 1.796838e+00  2.431371e+01  6.546793e+01  1.050051e+02  1.932010e+02 
 1.821885e+00  2.394429e+01  6.433652e+01  1.030328e+02  1.895752e+02 
 1.847281e+00  2.355835e+01  6.332391e+01  1.012569e+02  1.858625e+02 
 1.873032e+00  2.319245e+01  6.215614e+01  9.922810e+01  1.822857e+02 
 1.899141e+00  2.281247e+01  6.103528e+01  9.743871e+01  1.786298e+02 
 1.925614e+00  2.246888e+01  6.001071e+01  9.563170e+01  1.749819e+02 
 1.952456e+00  2.217590e+01  5.899689e+01  9.385345e+01  1.714804e+02 
 1.979672e+00  2.177592e+01  5.799272e+01  9.207302e+01  1.680031e+02 
 2.007267e+00  2.145592e+01  5.692953e+01  9.021875e+01  1.647245e+02 
 2.035248e+00  2.108965e+01  5.588278e+01  8.844686e+01  1.611752e+02 
 2.063618e+00  2.074798e+01  5.483392e+01  8.672049e+01  1.578173e+02 
 2.092383e+00  2.042134e+01  5.383376e+01  8.497774e+01  1.545525e+02 
 2.121550e+00  2.008069e+01  5.280773e+01  8.325293e+01  1.512321e+02 
 2.151123e+00  1.975849e+01  5.182667e+01  8.152198e+01  1.479244e+02 
 2.181109e+00  1.943502e+01  5.082674e+01  7.989132e+01  1.448103e+02 
 2.211512e+00  1.911563e+01  4.983529e+01  7.819499e+01  1.415870e+02 
 2.242340e+00  1.880925e+01  4.890088e+01  7.659713e+01  1.385281e+02 
 2.273597e+00  1.847964e+01  4.795263e+01  7.493342e+01  1.354572e+02 
 2.305289e+00  1.819339e+01  4.700571e+01  7.338912e+01  1.324925e+02 
 2.337424e+00  1.789163e+01  4.606140e+01  7.183988e+01  1.295333e+02 
 2.370006e+00  1.759510e+01  4.516262e+01  7.031591e+01  1.267914e+02 
 2.403043e+00  1.729164e+01  4.427265e+01  6.876827e+01  1.239197e+02 
 2.436540e+00  1.701092e+01  4.339712e+01  6.730116e+01  1.211261e+02 
 2.470504e+00  1.672822e+01  4.253959e+01  6.582940e+01  1.183948e+02 
 2.504942e+00  1.644542e+01  4.169794e+01  6.441130e+01  1.157571e+02 
 2.539859e+00  1.617823e+01  4.082381e+01  6.296499e+01  1.130594e+02 
 2.575263e+00  1.588676e+01  3.996013e+01  6.162502e+01  1.105017e+02 
 2.611161e+00  1.562340e+01  3.912888e+01  6.018763e+01  1.079257e+02 
 2.647559e+00  1.535283e+01  3.829328e+01  5.879581e+01  1.053738e+02 
 2.684465e+00  1.508244e+01  3.750802e+01  5.744077e+01  1.028850e+02 
 2.721885e+00  1.480623e+01  3.666733e+01  5.613798e+01  1.004641e+02 
 2.759826e+00  1.454164e+01  3.585702e+01  5.481684e+01  9.805700e+01 
 2.798297e+00  1.428475e+01  3.509311e+01  5.355252e+01  9.578158e+01 
 2.837304e+00  1.403062e+01  3.431788e+01  5.229075e+01  9.349921e+01 
 2.876854e+00  1.377672e+01  3.354594e+01  5.106858e+01  9.128584e+01 
 2.916956e+00  1.353046e+01  3.282037e+01  4.986422e+01  8.904954e+01 
 2.957617e+00  1.328938e+01  3.209666e+01  4.870336e+01  8.695273e+01 
 2.998844e+00  1.304636e+01  3.139161e+01  4.754733e+01  8.484944e+01 
 3.040646e+00  1.280999e+01  3.068222e+01  4.641880e+01  8.285335e+01 
 3.083031e+00  1.257508e+01  2.999087e+01  4.531245e+01  8.086378e+01 
 3.126007e+00  1.234764e+01  2.931995e+01  4.422255e+01  7.889001e+01 
 3.169582e+00  1.211719e+01  2.863309e+01  4.313701e+01  7.697301e+01 
 3.213764e+00  1.188855e+01  2.797361e+01  4.208408e+01  7.508560e+01 
 3.258562e+00  1.165830e+01  2.733309e+01  4.104862e+01  7.323783e+01 
 3.303985e+00  1.143332e+01  2.667907e+01  4.003372e+01  7.142956e+01 
 3.350041e+00  1.121485e+01  2.604092e+01  3.903093e+01  6.963691e+01 
 3.396739e+00  1.098987e+01  2.542506e+01  3.806285e+01  6.790431e+01 
 3.444087e+00  1.077786e+01  2.480308e+01  3.709366e+01  6.618685e+01 
 3.492096e+00  1.056615e+01  2.421122e+01  3.617571e+01  6.455615e+01 
 3.540774e+00  1.035150e+01  2.363456e+01  3.527180e+01  6.293023e+01 
 3.590130e+00  1.014884e+01  2.305904e+01  3.437457e+01  6.137308e+01 
 3.640175e+00  9.949245e+00  2.250242e+01  3.352102e+01  5.983360e+01 
 3.690917e+00  9.745940e+00  2.196495e+01  3.266587e+01  5.834004e+01 
 3.742366e+00  9.550538e+00  2.142124e+01  3.184433e+01  5.689937e+01 
 3.794533e+00  9.358824e+00  2.090893e+01  3.104583e+01  5.546591e+01 
 3.847427e+00  9.169213e+00  2.038946e+01  3.026253e+01  5.409542e+01 
 3.901058e+00  8.976706e+00  1.989455e+01  2.949333e+01  5.272688e+01 
 3.955436e+00  8.795859e+00  1.939752e+01  2.873358e+01  5.138778e+01 
 4.010573e+00  8.607367e+00  1.891087e+01  2.800094e+01  5.009149e+01 
 4.066478e+00  8.425108e+00  1.843397e+01  2.727275e+01  4.879954e+01 
 4.123163e+00  8.243032e+00  1.797157e+01  2.656229e+01  4.754535e+01 
 4.180637e+00  8.067857e+00  1.751612e+01  2.587327e+01  4.631698e+01 
 4.238913e+00  7.892593e+00  1.706525e+01  2.519632e+01  4.513290e+01 
 4.298001e+00  7.717335e+00  1.663050e+01  2.454316e+01  4.396618e+01 
 4.357913e+00  7.552334e+00  1.620593e+01  2.390272e+01  4.284110e+01 
 4.418660e+00  7.386235e+00  1.579445e+01  2.328013e+01  4.174481e+01 
 4.480254e+00  7.222214e+00  1.539105e+01  2.267229e+01  4.067318e+01 
 4.542706e+00  7.064340e+00  1.499444e+01  2.208058e+01  3.962756e+01 
 4.606029e+00  6.907688e+00  1.461682e+01  2.151052e+01  3.862124e+01 
 4.670234e+00  6.754640e+00  1.424318e+01  2.096023e+01  3.764119e+01 
 4.735335e+00  6.604376e+00  1.388130e+01  2.041703e+01  3.667892e+01 
 4.801343e+00  6.459015e+00  1.353072e+01  1.988895e+01  3.573791e+01 
 4.868271e+00  6.313438e+00  1.318222e+01  1.937167e+01  3.481820e+01 
 4.936132e+00  6.170724e+00  1.284097e+01  1.886624e+01  3.392036e+01 
 5.004939e+00  6.029045e+00  1.250888e+01  1.837107e+01  3.303594e+01 
 5.074705e+00  5.888287e+00  1.218292e+01  1.788533e+01  3.217936e+01 
 5.145444e+00  5.752297e+00  1.186495e+01  1.741201e+01  3.134125e+01 
 5.217169e+00  5.616639e+00  1.155320e+01  1.695178e+01  3.051529e+01 
 5.289893e+00  5.486369e+00  1.125136e+01  1.650659e+01  2.971628e+01 
 5.363631e+00  5.356614e+00  1.095722e+01  1.606677e+01  2.893881e+01 
 5.438397e+00  5.230842e+00  1.067035e+01  1.564335e+01  2.817871e+01 
 5.514206e+00  5.107630e+00  1.039152e+01  1.523176e+01  2.744364e+01 
 5.591071e+00  4.985801e+00  1.012257e+01  1.482985e+01  2.672962e+01 
 5.669007e+00  4.869756e+00  9.858931e+00  1.444409e+01  2.603551e+01 
 5.748030e+00  4.754600e+00  9.603900e+00  1.406695e+01  2.535740e+01 
 5.828155e+00  4.642720e+00  9.356159e+00  1.370073e+01  2.469974e+01 
 5.909396e+00  4.533342e+00  9.114604e+00  1.334370e+01  2.406278e+01 
 5.991770e+00  4.425745e+00  8.878279e+00  1.299603e+01  2.343800e+01 
 6.075292e+00  4.320594e+00  8.649252e+00  1.265712e+01  2.282697e+01 
 6.159978e+00  4.216923e+00  8.424428e+00  1.232525e+01  2.223126e+01 
 6.245845e+00  4.115076e+00  8.204431e+00  1.200115e+01  2.164541e+01 
 6.332908e+00  4.014650e+00  7.988351e+00  1.168324e+01  2.107337e+01 
 6.421186e+00  3.917182e+00  7.778937e+00  1.137249e+01  2.051422e+01 
 6.510694e+00  3.821169e+00  7.573689e+00  1.107170e+01  1.996947e+01 
 6.601449e+00  3.727931e+00  7.375055e+00  1.077771e+01  1.944011e+01 
 6.693470e+00  3.636525e+00  7.180817e+00  1.049099e+01  1.892269e+01 
 6.786773e+00  3.547288e+00  6.993338e+00  1.021293e+01  1.842009e+01 
 6.881377e+00  3.460821e+00  6.810107e+00  9.943520e+00  1.793121e+01 
 6.977300e+00  3.376480e+00  6.633014e+00  9.682726e+00  1.745798e+01 
 7.074559e+00  3.294545e+00  6.460775e+00  9.427903e+00  1.699680e+01 
 7.173175e+00  3.214456e+00  6.293818e+00  9.181695e+00  1.655012e+01 
 7.273165e+00  3.136868e+00  6.132022e+00  8.942286e+00  1.611466e+01 
 7.374549e+00  3.061010e+00  5.973738e+00  8.708649e+00  1.569121e+01 
 7.477346e+00  2.986680e+00  5.820521e+00  8.482893e+00  1.527968e+01 
 7.581576e+00  2.914638e+00  5.669589e+00  8.260640e+00  1.487611e+01 
 7.687260e+00  2.843574e+00  5.522726e+00  8.043811e+00  1.448208e+01 
 7.794416e+00  2.773727e+00  5.379228e+00  7.830637e+00  1.409581e+01 
 7.903066e+00  2.705651e+00  5.238482e+00  7.622369e+00  1.371732e+01 
 8.013230e+00  2.639123e+00  5.101728e+00  7.421041e+00  1.334856e+01 
 8.124930e+00  2.573857e+00  4.968438e+00  7.223702e+00  1.298877e+01 
 8.238187e+00  2.510580e+00  4.838223e+00  7.031214e+00  1.263909e+01 
 8.353023e+00  2.448734e+00  4.712025e+00  6.844575e+00  1.229807e+01 
 8.469460e+00  2.388723e+00  4.589375e+00  6.663181e+00  1.196710e+01 
 8.587519e+00  2.330428e+00  4.469958e+00  6.487046e+00  1.164593e+01 
 8.707225e+00  2.273794e+00  4.354015e+00  6.316329e+00  1.133325e+01 
 8.828599e+00  2.218719e+00  4.242308e+00  6.150094e+00  1.102988e+01 
 8.951665e+00  2.165132e+00  4.133526e+00  5.989276e+00  1.073599e+01 
 9.076446e+00  2.113154e+00  4.028101e+00  5.833423e+00  1.045084e+01 
 9.202967e+00  2.062619e+00  3.925255e+00  5.681519e+00  1.017248e+01 
 9.331251e+00  2.013297e+00  3.825065e+00  5.533423e+00  9.901564e+00 
 9.461324e+00  0.000000e+00  0.000000e+00  0.000000e+00  0.000000e+00 
 9.593209e+00  0.000000e+00  0.000000e+00  0.000000e+00  0.000000e+00 
 9.726934e+00  0.000000e+00  0.000000e+00  0.000000e+00  0.000000e+00 
 9.862522e+00  0.000000e+00  0.000000e+00  0.000000e+00  0.000000e+00 
 1.000000e+01  0.000000e+00  0.000000e+00  0.000000e+00  0.000000e+00 
