 1.000000e-02  5.905373e+03  1.073717e+04  1.449026e+04  2.150553e+04 
 1.013939e-02  5.934739e+03  1.079029e+04  1.456187e+04  2.161126e+04 
 1.028073e-02  5.963570e+03  1.084242e+04  1.463212e+04  2.171500e+04 
 1.042404e-02  5.991830e+03  1.089353e+04  1.470092e+04  2.181658e+04 
 1.056935e-02  6.019499e+03  1.094358e+04  1.476819e+04  2.191595e+04 
 1.071668e-02  6.046574e+03  1.099259e+04  1.483407e+04  2.201321e+04 
 1.086606e-02  6.073045e+03  1.104052e+04  1.489850e+04  2.210832e+04 
 1.101753e-02  6.098858e+03  1.108724e+04  1.496133e+04  2.220105e+04 
 1.117111e-02  6.123993e+03  1.113269e+04  1.502247e+04  2.229131e+04 
 1.132683e-02  6.148443e+03  1.117685e+04  1.508187e+04  2.237902e+04 
 1.148472e-02  6.172131e+03  1.121964e+04  1.513935e+04  2.246389e+04 
 1.164481e-02  6.195138e+03  1.126120e+04  1.519510e+04  2.254623e+04 
 1.180713e-02  6.217677e+03  1.130190e+04  1.524973e+04  2.262676e+04 
 1.197171e-02  6.239606e+03  1.134150e+04  1.530292e+04  2.270507e+04 
 1.213859e-02  6.260638e+03  1.137946e+04  1.535391e+04  2.278016e+04 
 1.230780e-02  6.280718e+03  1.141568e+04  1.540261e+04  2.285173e+04 
 1.247936e-02  6.299794e+03  1.145007e+04  1.544885e+04  2.291963e+04 
 1.265332e-02  6.317925e+03  1.148274e+04  1.549271e+04  2.298419e+04 
 1.282970e-02  6.335234e+03  1.151394e+04  1.553454e+04  2.304581e+04 
 1.300854e-02  6.351704e+03  1.154358e+04  1.557429e+04  2.310426e+04 
 1.318987e-02  6.367247e+03  1.157151e+04  1.561172e+04  2.315934e+04 
 1.337373e-02  6.381847e+03  1.159772e+04  1.564684e+04  2.321098e+04 
 1.356015e-02  6.395475e+03  1.162220e+04  1.567962e+04  2.325910e+04 
 1.374917e-02  6.408127e+03  1.164489e+04  1.570997e+04  2.330362e+04 
 1.394083e-02  6.419760e+03  1.166575e+04  1.573784e+04  2.334441e+04 
 1.413516e-02  6.430370e+03  1.168472e+04  1.576318e+04  2.338136e+04 
 1.433219e-02  6.439992e+03  1.170186e+04  1.578599e+04  2.341471e+04 
 1.453198e-02  6.448558e+03  1.171711e+04  1.580628e+04  2.344428e+04 
 1.473454e-02  6.455959e+03  1.173023e+04  1.582377e+04  2.346957e+04 
 1.493993e-02  6.462149e+03  1.174117e+04  1.583829e+04  2.349053e+04 
 1.514819e-02  6.467132e+03  1.174994e+04  1.584989e+04  2.350724e+04 
 1.535935e-02  6.470983e+03  1.175664e+04  1.585873e+04  2.351985e+04 
 1.557345e-02  6.473844e+03  1.176153e+04  1.586506e+04  2.352889e+04 
 1.579053e-02  6.475638e+03  1.176448e+04  1.586877e+04  2.353407e+04 
 1.601064e-02  6.476208e+03  1.176521e+04  1.586951e+04  2.353466e+04 
 1.623382e-02  6.475529e+03  1.176367e+04  1.586724e+04  2.353066e+04 
 1.646012e-02  6.473598e+03  1.175987e+04  1.586191e+04  2.352212e+04 
 1.668956e-02  6.470447e+03  1.175381e+04  1.585351e+04  2.350908e+04 
 1.692220e-02  6.466057e+03  1.174550e+04  1.584205e+04  2.349156e+04 
 1.715809e-02  6.460372e+03  1.173486e+04  1.582743e+04  2.346948e+04 
 1.739726e-02  6.453370e+03  1.172184e+04  1.580962e+04  2.344266e+04 
 1.763977e-02  6.445082e+03  1.170648e+04  1.578865e+04  2.341120e+04 
 1.788566e-02  6.435501e+03  1.168876e+04  1.576449e+04  2.337505e+04 
 1.813498e-02  6.424594e+03  1.166862e+04  1.573711e+04  2.333403e+04 
 1.838777e-02  6.412393e+03  1.164616e+04  1.570656e+04  2.328824e+04 
 1.864409e-02  6.398871e+03  1.162127e+04  1.567277e+04  2.323760e+04 
 1.890397e-02  6.383955e+03  1.159384e+04  1.563555e+04  2.318186e+04 
 1.916748e-02  6.367650e+03  1.156387e+04  1.559490e+04  2.312110e+04 
 1.943467e-02  6.349954e+03  1.153141e+04  1.555087e+04  2.305544e+04 
 1.970558e-02  6.330852e+03  1.149638e+04  1.550340e+04  2.298477e+04 
 1.998026e-02  6.310365e+03  1.145884e+04  1.545255e+04  2.290902e+04 
 2.025878e-02  6.288521e+03  1.141886e+04  1.539839e+04  2.282828e+04 
 2.054117e-02  6.265310e+03  1.137640e+04  1.534088e+04  2.274254e+04 
 2.082751e-02  6.240695e+03  1.133137e+04  1.527995e+04  2.265164e+04 
 2.111783e-02  6.214686e+03  1.128380e+04  1.521557e+04  2.255579e+04 
 2.141220e-02  6.187382e+03  1.123383e+04  1.514794e+04  2.245514e+04 
 2.171068e-02  6.159237e+03  1.118212e+04  1.507768e+04  2.235000e+04 
 2.201331e-02  6.129720e+03  1.112792e+04  1.500405e+04  2.223991e+04 
 2.232016e-02  6.098866e+03  1.107127e+04  1.492716e+04  2.212490e+04 
 2.263130e-02  6.066685e+03  1.101220e+04  1.484702e+04  2.200496e+04 
 2.294676e-02  6.033185e+03  1.095075e+04  1.476363e+04  2.188020e+04 
 2.326663e-02  5.998371e+03  1.088692e+04  1.467704e+04  2.175074e+04 
 2.359095e-02  5.962262e+03  1.082074e+04  1.458728e+04  2.161660e+04 
 2.391980e-02  5.924875e+03  1.075223e+04  1.449441e+04  2.147785e+04 
 2.425323e-02  5.886230e+03  1.068146e+04  1.439846e+04  2.133461e+04 
 2.459130e-02  5.846343e+03  1.060844e+04  1.429950e+04  2.118690e+04 
 2.493409e-02  5.805251e+03  1.053323e+04  1.419761e+04  2.103481e+04 
 2.528166e-02  5.762976e+03  1.045589e+04  1.409283e+04  2.087849e+04 
 2.563407e-02  5.719553e+03  1.037645e+04  1.398524e+04  2.071800e+04 
 2.599140e-02  5.675013e+03  1.029498e+04  1.387492e+04  2.055350e+04 
 2.635371e-02  5.629408e+03  1.021159e+04  1.376200e+04  2.038519e+04 
 2.672106e-02  5.582758e+03  1.012633e+04  1.364655e+04  2.021314e+04 
 2.709354e-02  5.535101e+03  1.003924e+04  1.352866e+04  2.003747e+04 
 2.747121e-02  5.486471e+03  9.950361e+03  1.340842e+04  1.985832e+04 
 2.785414e-02  5.436851e+03  9.859738e+03  1.328582e+04  1.967573e+04 
 2.824241e-02  5.386021e+03  9.767020e+03  1.316052e+04  1.948939e+04 
 2.863610e-02  5.334377e+03  9.672855e+03  1.303321e+04  1.930015e+04 
 2.903527e-02  5.281965e+03  9.577310e+03  1.290408e+04  1.910816e+04 
 2.944000e-02  5.228837e+03  9.480453e+03  1.277323e+04  1.891364e+04 
 2.985038e-02  5.175058e+03  9.382424e+03  1.264077e+04  1.871677e+04 
 3.026648e-02  5.120689e+03  9.283333e+03  1.250690e+04  1.851782e+04 
 3.068838e-02  5.065792e+03  9.183280e+03  1.237172e+04  1.831695e+04 
 3.111616e-02  5.010413e+03  9.082375e+03  1.223540e+04  1.811440e+04 
 3.154990e-02  4.954619e+03  8.980720e+03  1.209809e+04  1.791035e+04 
 3.198969e-02  4.898469e+03  8.878439e+03  1.195993e+04  1.770507e+04 
 3.243561e-02  4.842036e+03  8.775648e+03  1.182108e+04  1.749875e+04 
 3.288774e-02  4.785382e+03  8.672469e+03  1.168171e+04  1.729168e+04 
 3.334618e-02  4.728586e+03  8.569019e+03  1.154199e+04  1.708412e+04 
 3.381101e-02  4.671712e+03  8.465433e+03  1.140210e+04  1.687630e+04 
 3.428231e-02  4.614828e+03  8.361842e+03  1.126221e+04  1.666846e+04 
 3.476019e-02  4.557820e+03  8.258387e+03  1.112286e+04  1.646253e+04 
 3.524473e-02  4.500937e+03  8.155160e+03  1.098384e+04  1.625710e+04 
 3.573602e-02  4.444255e+03  8.052283e+03  1.084529e+04  1.605236e+04 
 3.623416e-02  4.387839e+03  7.949880e+03  1.070738e+04  1.584857e+04 
 3.673925e-02  4.331749e+03  7.848104e+03  1.057032e+04  1.564598e+04 
 3.725137e-02  4.276068e+03  7.747069e+03  1.043425e+04  1.544484e+04 
 3.777064e-02  4.220852e+03  7.646885e+03  1.029931e+04  1.524537e+04 
 3.829714e-02  4.166178e+03  7.547655e+03  1.016567e+04  1.504780e+04 
 3.883098e-02  4.112092e+03  7.449495e+03  1.003346e+04  1.485235e+04 
 3.937226e-02  4.058657e+03  7.352533e+03  9.902860e+03  1.465924e+04 
 3.992109e-02  4.005929e+03  7.256856e+03  9.773987e+03  1.446867e+04 
 4.047757e-02  3.953945e+03  7.162508e+03  9.646871e+03  1.428057e+04 
 4.104181e-02  3.902509e+03  7.068470e+03  9.519401e+03  1.408990e+04 
 4.161391e-02  3.851947e+03  6.976008e+03  9.394090e+03  1.390242e+04 
 4.219398e-02  3.802303e+03  6.885196e+03  9.271009e+03  1.371823e+04 
 4.278214e-02  3.753608e+03  6.796116e+03  9.150273e+03  1.353751e+04 
 4.337850e-02  3.705907e+03  6.708854e+03  9.031969e+03  1.336038e+04 
 4.398317e-02  3.659226e+03  6.623467e+03  8.916163e+03  1.318695e+04 
 4.459628e-02  3.613583e+03  6.539972e+03  8.802916e+03  1.301733e+04 
 4.521792e-02  3.569002e+03  6.458390e+03  8.692277e+03  1.285158e+04 
 4.584824e-02  3.525499e+03  6.378761e+03  8.584267e+03  1.268974e+04 
 4.648734e-02  3.483076e+03  6.301101e+03  8.478915e+03  1.253180e+04 
 4.713535e-02  3.441964e+03  6.226700e+03  8.378828e+03  1.238401e+04 
 4.779239e-02  3.402073e+03  6.155015e+03  8.282925e+03  1.224385e+04 
 4.845859e-02  3.363254e+03  6.085258e+03  8.189620e+03  1.210752e+04 
 4.913407e-02  3.325488e+03  6.017402e+03  8.098863e+03  1.197492e+04 
 4.981898e-02  3.288756e+03  5.951402e+03  8.010578e+03  1.184594e+04 
 5.051342e-02  3.253012e+03  5.887186e+03  7.924702e+03  1.172049e+04 
 5.121755e-02  3.218211e+03  5.824687e+03  7.841134e+03  1.159841e+04 
 5.193150e-02  3.184311e+03  5.763807e+03  7.759752e+03  1.147957e+04 
 5.265540e-02  3.151260e+03  5.704463e+03  7.680426e+03  1.136377e+04 
 5.338938e-02  3.118740e+03  5.645558e+03  7.601140e+03  1.124665e+04 
 5.413360e-02  3.086620e+03  5.586762e+03  7.521392e+03  1.112723e+04 
 5.488820e-02  3.055171e+03  5.529198e+03  7.443311e+03  1.101030e+04 
 5.565331e-02  3.024295e+03  5.472682e+03  7.366648e+03  1.089546e+04 
 5.642908e-02  2.993788e+03  5.416836e+03  7.290894e+03  1.078198e+04 
 5.721568e-02  2.963562e+03  5.361524e+03  7.215843e+03  1.066954e+04 
 5.801323e-02  2.933829e+03  5.307105e+03  7.141995e+03  1.055891e+04 
 5.882190e-02  2.904699e+03  5.253783e+03  7.069652e+03  1.045054e+04 
 5.964185e-02  2.876181e+03  5.201957e+03  6.999736e+03  1.034687e+04 
 6.047322e-02  2.848323e+03  5.152386e+03  6.933936e+03  1.025221e+04 
 6.131619e-02  2.819916e+03  5.101790e+03  6.866746e+03  1.015542e+04 
 6.217090e-02  2.790817e+03  5.049934e+03  6.797858e+03  1.005614e+04 
 6.303753e-02  2.761157e+03  4.997067e+03  6.727599e+03  9.954829e+03 
 6.391624e-02  2.730999e+03  4.943307e+03  6.656142e+03  9.851755e+03 
 6.480720e-02  2.700265e+03  4.888514e+03  6.583268e+03  9.746582e+03 
 6.571058e-02  2.668884e+03  4.832546e+03  6.508802e+03  9.639015e+03 
 6.662655e-02  2.635416e+03  4.770706e+03  6.424277e+03  9.510549e+03 
 6.755528e-02  2.600990e+03  4.707077e+03  6.337306e+03  9.378332e+03 
 6.849697e-02  2.565601e+03  4.641704e+03  6.248009e+03  9.242727e+03 
 6.945178e-02  2.529189e+03  4.574495e+03  6.156265e+03  9.103546e+03 
 7.041990e-02  2.491722e+03  4.505406e+03  6.061998e+03  8.960688e+03 
 7.140151e-02  2.453174e+03  4.434391e+03  5.965137e+03  8.814066e+03 
 7.239681e-02  2.413825e+03  4.362253e+03  5.867183e+03  8.667121e+03 
 7.340598e-02  2.373736e+03  4.289171e+03  5.768449e+03  8.520550e+03 
 7.442922e-02  2.332571e+03  4.214162e+03  5.667119e+03  8.370162e+03 
 7.546673e-02  2.290384e+03  4.137303e+03  5.563329e+03  8.216149e+03 
 7.651869e-02  2.247245e+03  4.058730e+03  5.457243e+03  8.058782e+03 
 7.758532e-02  2.203231e+03  3.978598e+03  5.349075e+03  7.898331e+03 
 7.866682e-02  2.159392e+03  3.900049e+03  5.244275e+03  7.745856e+03 
 7.976339e-02  2.116422e+03  3.825097e+03  5.146283e+03  7.608286e+03 
 8.087525e-02  2.072880e+03  3.749046e+03  5.046726e+03  7.468175e+03 
 8.200261e-02  2.028924e+03  3.672164e+03  4.945963e+03  7.326065e+03 
 8.314568e-02  1.984729e+03  3.594755e+03  4.844410e+03  7.182572e+03 
 8.430468e-02  1.940475e+03  3.517136e+03  4.742492e+03  7.038319e+03 
 8.547985e-02  1.895328e+03  3.436404e+03  4.634968e+03  6.882342e+03 
 8.667139e-02  1.850064e+03  3.354777e+03  4.525554e+03  6.721924e+03 
 8.787954e-02  1.805380e+03  3.274188e+03  4.417512e+03  6.563451e+03 
 8.910453e-02  1.761470e+03  3.194981e+03  4.311317e+03  6.407641e+03 
 9.034660e-02  1.718520e+03  3.117493e+03  4.207423e+03  6.255186e+03 
 9.160598e-02  1.677384e+03  3.044197e+03  4.109949e+03  6.113946e+03 
 9.288292e-02  1.638157e+03  2.975153e+03  4.018875e+03  5.983675e+03 
 9.417766e-02  1.600365e+03  2.908642e+03  3.931133e+03  5.858160e+03 
 9.549045e-02  1.564137e+03  2.844891e+03  3.847051e+03  5.737895e+03 
 9.682153e-02  1.529594e+03  2.784129e+03  3.766938e+03  5.623354e+03 
 9.817117e-02  1.497035e+03  2.727255e+03  3.692332e+03  5.517551e+03 
 9.953962e-02  1.466400e+03  2.673938e+03  3.622576e+03  5.419044e+03 
 1.009272e-01  1.437628e+03  2.623977e+03  3.557261e+03  5.326989e+03 
 1.023340e-01  1.410722e+03  2.577356e+03  3.496408e+03  5.241424e+03 
 1.037605e-01  1.384936e+03  2.531851e+03  3.436302e+03  5.155141e+03 
 1.052069e-01  1.358248e+03  2.481496e+03  3.366751e+03  5.048420e+03 
 1.066734e-01  1.333324e+03  2.434451e+03  3.301657e+03  4.948438e+03 
 1.081604e-01  1.310042e+03  2.390448e+03  3.240708e+03  4.854686e+03 
 1.096681e-01  1.288234e+03  2.349150e+03  3.183482e+03  4.766525e+03 
 1.111968e-01  1.268201e+03  2.311640e+03  3.131702e+03  4.686717e+03 
 1.127468e-01  1.249261e+03  2.276180e+03  3.082708e+03  4.611126e+03 
 1.143184e-01  1.231156e+03  2.242275e+03  3.035851e+03  4.538728e+03 
 1.159120e-01  1.213631e+03  2.209450e+03  2.990472e+03  4.468568e+03 
 1.175277e-01  1.197671e+03  2.180802e+03  2.951853e+03  4.410823e+03 
 1.191660e-01  1.181899e+03  2.152619e+03  2.913926e+03  4.354335e+03 
 1.208271e-01  1.165951e+03  2.124113e+03  2.875558e+03  4.297203e+03 
 1.225114e-01  1.149560e+03  2.094773e+03  2.836144e+03  4.238653e+03 
 1.242191e-01  1.132333e+03  2.063918e+03  2.794971e+03  4.178869e+03 
 1.259506e-01  1.114285e+03  2.031589e+03  2.751755e+03  4.116073e+03 
 1.277063e-01  1.095275e+03  1.997490e+03  2.706121e+03  4.049660e+03 
 1.294865e-01  1.075619e+03  1.962434e+03  2.659266e+03  3.981127e+03 
 1.312915e-01  1.055311e+03  1.926462e+03  2.611252e+03  3.910535e+03 
 1.331216e-01  1.033864e+03  1.888371e+03  2.560357e+03  3.835675e+03 
 1.349772e-01  1.011361e+03  1.848346e+03  2.506882e+03  3.757126e+03 
 1.368587e-01  9.891170e+02  1.810864e+03  2.459165e+03  3.693723e+03 
 1.387665e-01  9.660227e+02  1.771699e+03  2.409037e+03  3.626441e+03 
 1.407008e-01  9.422693e+02  1.731188e+03  2.356947e+03  3.555943e+03 
 1.426621e-01  9.188521e+02  1.691319e+03  2.305288e+03  3.483858e+03 
 1.446507e-01  8.955106e+02  1.651474e+03  2.253452e+03  3.410662e+03 
 1.466671e-01  8.722601e+02  1.611647e+03  2.201512e+03  3.337065e+03 
 1.487115e-01  8.470365e+02  1.565994e+03  2.140156e+03  3.247031e+03 
 1.507845e-01  8.209788e+02  1.517322e+03  2.073751e+03  3.147942e+03 
 1.528864e-01  7.960019e+02  1.470691e+03  2.010071e+03  3.052878e+03 
 1.550175e-01  7.741755e+02  1.431715e+03  1.958186e+03  2.977987e+03 
 1.571784e-01  7.550267e+02  1.398872e+03  1.915623e+03  2.918745e+03 
 1.593694e-01  7.373126e+02  1.368581e+03  1.876415e+03  2.864366e+03 
 1.615909e-01  7.215574e+02  1.342017e+03  1.842208e+03  2.817067e+03 
 1.638434e-01  7.075020e+02  1.318596e+03  1.812247e+03  2.775862e+03 
 1.661273e-01  6.948705e+02  1.297737e+03  1.785716e+03  2.739766e+03 
 1.684430e-01  6.801561e+02  1.270258e+03  1.748380e+03  2.684926e+03 
 1.707910e-01  6.662493e+02  1.243953e+03  1.712470e+03  2.631849e+03 
 1.731717e-01  6.539568e+02  1.221110e+03  1.681510e+03  2.586426e+03 
 1.755856e-01  6.449012e+02  1.206104e+03  1.662175e+03  2.558922e+03 
 1.780332e-01  6.362419e+02  1.191809e+03  1.643813e+03  2.532868e+03 
 1.805149e-01  6.260322e+02  1.172583e+03  1.617014e+03  2.490903e+03 
 1.830312e-01  6.146939e+02  1.150063e+03  1.584718e+03  2.438775e+03 
 1.855825e-01  6.031333e+02  1.127496e+03  1.552760e+03  2.388078e+03 
 1.881694e-01  5.918372e+02  1.107449e+03  1.526469e+03  2.351051e+03 
 1.907924e-01  5.798512e+02  1.086103e+03  1.498369e+03  2.311203e+03 
 1.934520e-01  5.667050e+02  1.062528e+03  1.467429e+03  2.268500e+03 
 1.961486e-01  5.526853e+02  1.037277e+03  1.434232e+03  2.222685e+03 
 1.988828e-01  5.392320e+02  1.013716e+03  1.403466e+03  2.179924e+03 
 2.016551e-01  5.270142e+02  9.933654e+02  1.377279e+03  2.143294e+03 
 2.044661e-01  5.141897e+02  9.714717e+02  1.348668e+03  2.102411e+03 
 2.073162e-01  4.999674e+02  9.450659e+02  1.312383e+03  2.047508e+03 
 2.102061e-01  4.858958e+02  9.189177e+02  1.276437e+03  1.993062e+03 
 2.131362e-01  4.759577e+02  9.046650e+02  1.259680e+03  1.971207e+03 
 2.161073e-01  4.667066e+02  8.917382e+02  1.244784e+03  1.952215e+03 
 2.191197e-01  4.546813e+02  8.709940e+02  1.218136e+03  1.916657e+03 
 2.221741e-01  4.428040e+02  8.498859e+02  1.190708e+03  1.880044e+03 
 2.252711e-01  4.323571e+02  8.319228e+02  1.167803e+03  1.849628e+03 
 2.284112e-01  4.230128e+02  8.161529e+02  1.147948e+03  1.823565e+03 
 2.315951e-01  4.149950e+02  8.018515e+02  1.128505e+03  1.793478e+03 
 2.348235e-01  4.078474e+02  7.888310e+02  1.110279e+03  1.763677e+03 
 2.380968e-01  3.992090e+02  7.718789e+02  1.086479e+03  1.727264e+03 
 2.414157e-01  3.903952e+02  7.543373e+02  1.061845e+03  1.690076e+03 
 2.447809e-01  3.815745e+02  7.376332e+02  1.039107e+03  1.655958e+03 
 2.481930e-01  3.727956e+02  7.211664e+02  1.016785e+03  1.622456e+03 
 2.516527e-01  3.674873e+02  7.127496e+02  1.005814e+03  1.606114e+03 
 2.551606e-01  3.608371e+02  7.013380e+02  9.906604e+02  1.583865e+03 
 2.587174e-01  3.507230e+02  6.820269e+02  9.645096e+02  1.546509e+03 
 2.623238e-01  3.421381e+02  6.667708e+02  9.443795e+02  1.518203e+03 
 2.659804e-01  3.353340e+02  6.561233e+02  9.310691e+02  1.500173e+03 
 2.696881e-01  3.263752e+02  6.401887e+02  9.098693e+02  1.468756e+03 
 2.734474e-01  3.169543e+02  6.230251e+02  8.868143e+02  1.434194e+03 
 2.772591e-01  3.099939e+02  6.118436e+02  8.731442e+02  1.417149e+03 
 2.811239e-01  3.028450e+02  5.996429e+02  8.579457e+02  1.398982e+03 
 2.850426e-01  2.953963e+02  5.860072e+02  8.406452e+02  1.379388e+03 
 2.890160e-01  2.888160e+02  5.748771e+02  8.263201e+02  1.358732e+03 
 2.930447e-01  2.827915e+02  5.644062e+02  8.121238e+02  1.336076e+03 
 2.971296e-01  2.770169e+02  5.526023e+02  7.940400e+02  1.304733e+03 
 3.012714e-01  2.718605e+02  5.437311e+02  7.822747e+02  1.287289e+03 
 3.054710e-01  2.666896e+02  5.353219e+02  7.719714e+02  1.273916e+03 
 3.097291e-01  2.602700e+02  5.237393e+02  7.570023e+02  1.254021e+03 
 3.140465e-01  2.542664e+02  5.118136e+02  7.398863e+02  1.225901e+03 
 3.184242e-01  2.488247e+02  5.011811e+02  7.246221e+02  1.200735e+03 
 3.228628e-01  2.445537e+02  4.944131e+02  7.164336e+02  1.191379e+03 
 3.273634e-01  2.383984e+02  4.823150e+02  6.992078e+02  1.164094e+03 
 3.319266e-01  2.320427e+02  4.702924e+02  6.827924e+02  1.139765e+03 
 3.365535e-01  2.260980e+02  4.600298e+02  6.698690e+02  1.123034e+03 
 3.412449e-01  2.221626e+02  4.549797e+02  6.637902e+02  1.112813e+03 
 3.460016e-01  2.178363e+02  4.480030e+02  6.548491e+02  1.100350e+03 
 3.508247e-01  2.136223e+02  4.405188e+02  6.448988e+02  1.085961e+03 
 3.557150e-01  2.095725e+02  4.330027e+02  6.347119e+02  1.070318e+03 
 3.606735e-01  2.048756e+02  4.246671e+02  6.238691e+02  1.055151e+03 
 3.657011e-01  1.991829e+02  4.139351e+02  6.093884e+02  1.035824e+03 
 3.707988e-01  1.946276e+02  4.053142e+02  5.977514e+02  1.018718e+03 
 3.759675e-01  1.904354e+02  3.974079e+02  5.869882e+02  1.002799e+03 
 3.812083e-01  1.860645e+02  3.895930e+02  5.764561e+02  9.877054e+02 
 3.865221e-01  1.823658e+02  3.843525e+02  5.702153e+02  9.762961e+02 
 3.919100e-01  1.784982e+02  3.753661e+02  5.568982e+02  9.593697e+02 
 3.973730e-01  1.742093e+02  3.684915e+02  5.482711e+02  9.451088e+02 
 4.029122e-01  1.708623e+02  3.632547e+02  5.408141e+02  9.309843e+02 
 4.085286e-01  1.673923e+02  3.558385e+02  5.303716e+02  9.165143e+02 
 4.142232e-01  1.632261e+02  3.475062e+02  5.196628e+02  9.038192e+02 
 4.199973e-01  1.592839e+02  3.408933e+02  5.113612e+02  8.914233e+02 
 4.258518e-01  1.561712e+02  3.351051e+02  5.030528e+02  8.767695e+02 
 4.317880e-01  1.528535e+02  3.284920e+02  4.933187e+02  8.623508e+02 
 4.378069e-01  1.499082e+02  3.226778e+02  4.850034e+02  8.484322e+02 
 4.439097e-01  1.474786e+02  3.190346e+02  4.808236e+02  8.452996e+02 
 4.500975e-01  1.435418e+02  3.117896e+02  4.708955e+02  8.307127e+02 
 4.563716e-01  1.401762e+02  3.049081e+02  4.608420e+02  8.125463e+02 
 4.627332e-01  1.381306e+02  3.022216e+02  4.580993e+02  8.100402e+02 
 4.691835e-01  1.346646e+02  2.953736e+02  4.481866e+02  7.932928e+02 
 4.757236e-01  1.321755e+02  2.905582e+02  4.416664e+02  7.834130e+02 
 4.823549e-01  1.288092e+02  2.836863e+02  4.321895e+02  7.711849e+02 
 4.890787e-01  1.261653e+02  2.786502e+02  4.253701e+02  7.602939e+02 
 4.958962e-01  1.242332e+02  2.748264e+02  4.193079e+02  7.491137e+02 
 5.028087e-01  1.216172e+02  2.703123e+02  4.132437e+02  7.404071e+02 
 5.098176e-01  1.194527e+02  2.663462e+02  4.072783e+02  7.283142e+02 
 5.169242e-01  1.174556e+02  2.625967e+02  4.023496e+02  7.216124e+02 
 5.241298e-01  1.137200e+02  2.564011e+02  3.948905e+02  7.125917e+02 
 5.314359e-01  1.118369e+02  2.534912e+02  3.907394e+02  7.058888e+02 
 5.388438e-01  1.095534e+02  2.482719e+02  3.830237e+02  6.945302e+02 
 5.463550e-01  1.076942e+02  2.445868e+02  3.774574e+02  6.854055e+02 
 5.539709e-01  1.049487e+02  2.399062e+02  3.714789e+02  6.758655e+02 
 5.616930e-01  1.031811e+02  2.364493e+02  3.665897e+02  6.683951e+02 
 5.695227e-01  1.012564e+02  2.334696e+02  3.627958e+02  6.593919e+02 
 5.774615e-01  9.900730e+01  2.282458e+02  3.551878e+02  6.489520e+02 
 5.855110e-01  9.731753e+01  2.250366e+02  3.501206e+02  6.405891e+02 
 5.936727e-01  9.514334e+01  2.199391e+02  3.432269e+02  6.302583e+02 
 6.019482e-01  9.364253e+01  2.176283e+02  3.392357e+02  6.229465e+02 
 6.103390e-01  9.152747e+01  2.140984e+02  3.345550e+02  6.140037e+02 
 6.188468e-01  8.957579e+01  2.111377e+02  3.322207e+02  6.122533e+02 
 6.274732e-01  8.816892e+01  2.073130e+02  3.256885e+02  6.022835e+02 
 6.362198e-01  8.652627e+01  2.043772e+02  3.212101e+02  5.934712e+02 
 6.450884e-01  8.459360e+01  2.009890e+02  3.164416e+02  5.848393e+02 
 6.540806e-01  8.288966e+01  1.968823e+02  3.102817e+02  5.763952e+02 
 6.631981e-01  8.117070e+01  1.943345e+02  3.074918e+02  5.706933e+02 
 6.724427e-01  7.970185e+01  1.911558e+02  3.032239e+02  5.656204e+02 
 6.818162e-01  7.808656e+01  1.878202e+02  2.971704e+02  5.549297e+02 
 6.913204e-01  7.650252e+01  1.846683e+02  2.931068e+02  5.476179e+02 
 7.009570e-01  7.548015e+01  1.820500e+02  2.893224e+02  5.408835e+02 
 7.107280e-01  7.366503e+01  1.793004e+02  2.852196e+02  5.326650e+02 
 7.206351e-01  7.260032e+01  1.767493e+02  2.819516e+02  5.286619e+02 
 7.306804e-01  7.123870e+01  1.742192e+02  2.775342e+02  5.194776e+02 
 7.408657e-01  6.973279e+01  1.710105e+02  2.729572e+02  5.134527e+02 
 7.511929e-01  6.834385e+01  1.681539e+02  2.693217e+02  5.064659e+02 
 7.616642e-01  6.706792e+01  1.653306e+02  2.653323e+02  5.006971e+02 
 7.722814e-01  6.629473e+01  1.637204e+02  2.623824e+02  4.933499e+02 
 7.830465e-01  6.496332e+01  1.607975e+02  2.582855e+02  4.871477e+02 
 7.939618e-01  6.385376e+01  1.588669e+02  2.550892e+02  4.827517e+02 
 8.050292e-01  6.251857e+01  1.562109e+02  2.520224e+02  4.765880e+02 
 8.162509e-01  6.153254e+01  1.540155e+02  2.478509e+02  4.686178e+02 
 8.276289e-01  6.011084e+01  1.512077e+02  2.442054e+02  4.629610e+02 
 8.391656e-01  5.945603e+01  1.494712e+02  2.409198e+02  4.581840e+02 
 8.508632e-01  5.840296e+01  1.471096e+02  2.378246e+02  4.520672e+02 
 8.627237e-01  5.722381e+01  1.449122e+02  2.344100e+02  4.451083e+02 
 8.747496e-01  5.623207e+01  1.426379e+02  2.311764e+02  4.393047e+02 
 8.869432e-01  5.534052e+01  1.407127e+02  2.281564e+02  4.338458e+02 
 8.993067e-01  5.430400e+01  1.386089e+02  2.248394e+02  4.277776e+02 
 9.118425e-01  5.350522e+01  1.363396e+02  2.212125e+02  4.203209e+02 
 9.245531e-01  5.242302e+01  1.342073e+02  2.179350e+02  4.160119e+02 
 9.374409e-01  5.149422e+01  1.323068e+02  2.153172e+02  4.103567e+02 
 9.505083e-01  5.071976e+01  1.303299e+02  2.122896e+02  4.047641e+02 
 9.637579e-01  4.969205e+01  1.279616e+02  2.087781e+02  3.990301e+02 
 9.771921e-01  4.914106e+01  1.272426e+02  2.066525e+02  3.936778e+02 
 9.908137e-01  4.826336e+01  1.249805e+02  2.035753e+02  3.886626e+02 
 1.004625e+00  4.737427e+01  1.227785e+02  2.001568e+02  3.822443e+02 
 1.018629e+00  4.664476e+01  1.211797e+02  1.974001e+02  3.767609e+02 
 1.032828e+00  4.581412e+01  1.194096e+02  1.950307e+02  3.728520e+02 
 1.047225e+00  4.499587e+01  1.177593e+02  1.919296e+02  3.664517e+02 
 1.061823e+00  4.436807e+01  1.162152e+02  1.893568e+02  3.611744e+02 
 1.076624e+00  4.358963e+01  1.144629e+02  1.866296e+02  3.557434e+02 
 1.091632e+00  4.288694e+01  1.127273e+02  1.839832e+02  3.502919e+02 
 1.106848e+00  4.212950e+01  1.108612e+02  1.813126e+02  3.456163e+02 
 1.122277e+00  4.144738e+01  1.093562e+02  1.783601e+02  3.399278e+02 
 1.137921e+00  4.075195e+01  1.075670e+02  1.757703e+02  3.348961e+02 
 1.153783e+00  4.014476e+01  1.059593e+02  1.731559e+02  3.300633e+02 
 1.169866e+00  3.946531e+01  1.044266e+02  1.705635e+02  3.254296e+02 
 1.186174e+00  3.879893e+01  1.029738e+02  1.680606e+02  3.201624e+02 
 1.202708e+00  3.822767e+01  1.014295e+02  1.655993e+02  3.152394e+02 
 1.219473e+00  3.762379e+01  9.997314e+01  1.632342e+02  3.099324e+02 
 1.236472e+00  3.699413e+01  9.854364e+01  1.609088e+02  3.053225e+02 
 1.253708e+00  3.643871e+01  9.695695e+01  1.582458e+02  3.008871e+02 
 1.271184e+00  3.586707e+01  9.589747e+01  1.562577e+02  2.959509e+02 
 1.288904e+00  3.529125e+01  9.407357e+01  1.536361e+02  2.916977e+02 
 1.306870e+00  3.467492e+01  9.268584e+01  1.512050e+02  2.866415e+02 
 1.325087e+00  3.418190e+01  9.133914e+01  1.489373e+02  2.817721e+02 
 1.343558e+00  3.364363e+01  8.991326e+01  1.465991e+02  2.770818e+02 
 1.362287e+00  3.315297e+01  8.845771e+01  1.440952e+02  2.725956e+02 
 1.381276e+00  3.262943e+01  8.708964e+01  1.415799e+02  2.680646e+02 
 1.400531e+00  3.212000e+01  8.577627e+01  1.394167e+02  2.631569e+02 
 1.420053e+00  3.158599e+01  8.437020e+01  1.372467e+02  2.585325e+02 
 1.439848e+00  3.110683e+01  8.309635e+01  1.348972e+02  2.541997e+02 
 1.459919e+00  3.057493e+01  8.176702e+01  1.326229e+02  2.494885e+02 
 1.480269e+00  3.015609e+01  8.033381e+01  1.303238e+02  2.446799e+02 
 1.500903e+00  2.966892e+01  7.909591e+01  1.280793e+02  2.408198e+02 
 1.521825e+00  2.920325e+01  7.793644e+01  1.260529e+02  2.363843e+02 
 1.543038e+00  2.873271e+01  7.667184e+01  1.240362e+02  2.322875e+02 
 1.564548e+00  2.831999e+01  7.543047e+01  1.218631e+02  2.278735e+02 
 1.586357e+00  2.787698e+01  7.427581e+01  1.197912e+02  2.236606e+02 
 1.608469e+00  2.741770e+01  7.309257e+01  1.177313e+02  2.197563e+02 
 1.630891e+00  2.706158e+01  7.175698e+01  1.154522e+02  2.152947e+02 
 1.653624e+00  2.660498e+01  7.056629e+01  1.135789e+02  2.115723e+02 
 1.676675e+00  2.619094e+01  6.949959e+01  1.116173e+02  2.072922e+02 
 1.700047e+00  2.576581e+01  6.833848e+01  1.095802e+02  2.034111e+02 
 1.723745e+00  2.536942e+01  6.715146e+01  1.075684e+02  1.991761e+02 
 1.747773e+00  2.494449e+01  6.597594e+01  1.055732e+02  1.951861e+02 
 1.772136e+00  2.455997e+01  6.482495e+01  1.035775e+02  1.915048e+02 
 1.796838e+00  2.418659e+01  6.370610e+01  1.016693e+02  1.875804e+02 
 1.821885e+00  2.381515e+01  6.257934e+01  9.971531e+01  1.839147e+02 
 1.847281e+00  2.343874e+01  6.157515e+01  9.792910e+01  1.801844e+02 
 1.873032e+00  2.307312e+01  6.040494e+01  9.593724e+01  1.765883e+02 
 1.899141e+00  2.269358e+01  5.930612e+01  9.415086e+01  1.729628e+02 
 1.925614e+00  2.235114e+01  5.828705e+01  9.235267e+01  1.693164e+02 
 1.952456e+00  2.205952e+01  5.728161e+01  9.057848e+01  1.657977e+02 
 1.979672e+00  2.166265e+01  5.628056e+01  8.882503e+01  1.623413e+02 
 2.007267e+00  2.134405e+01  5.522195e+01  8.699066e+01  1.590542e+02 
 2.035248e+00  2.097773e+01  5.418759e+01  8.523109e+01  1.555458e+02 
 2.063618e+00  2.063785e+01  5.315787e+01  8.353072e+01  1.521741e+02 
 2.092383e+00  2.030898e+01  5.216285e+01  8.180467e+01  1.489257e+02 
 2.121550e+00  1.996979e+01  5.115056e+01  8.010432e+01  1.456169e+02 
 2.151123e+00  1.964807e+01  5.017841e+01  7.839966e+01  1.423437e+02 
 2.181109e+00  1.932355e+01  4.919048e+01  7.678940e+01  1.392447e+02 
 2.211512e+00  1.900363e+01  4.820804e+01  7.512055e+01  1.360285e+02 
 2.242340e+00  1.869794e+01  4.728426e+01  7.354348e+01  1.329996e+02 
 2.273597e+00  1.836709e+01  4.634403e+01  7.190256e+01  1.299610e+02 
 2.305289e+00  1.808011e+01  4.541368e+01  7.038765e+01  1.270253e+02 
 2.337424e+00  1.777705e+01  4.448345e+01  6.884840e+01  1.241261e+02 
 2.370006e+00  1.747872e+01  4.359418e+01  6.736615e+01  1.213848e+02 
 2.403043e+00  1.717458e+01  4.271449e+01  6.584858e+01  1.185478e+02 
 2.436540e+00  1.689381e+01  4.185296e+01  6.440653e+01  1.158006e+02 
 2.470504e+00  1.660834e+01  4.100593e+01  6.296229e+01  1.131008e+02 
 2.504942e+00  1.632396e+01  4.017738e+01  6.157618e+01  1.105007e+02 
 2.539859e+00  1.605499e+01  3.932142e+01  6.016083e+01  1.078583e+02 
 2.575263e+00  1.576287e+01  3.847983e+01  5.884890e+01  1.053414e+02 
 2.611161e+00  1.549766e+01  3.765838e+01  5.744939e+01  1.028285e+02 
 2.647559e+00  1.522609e+01  3.683838e+01  5.609287e+01  1.003254e+02 
 2.684465e+00  1.495471e+01  3.606408e+01  5.477241e+01  9.789827e+01 
 2.721885e+00  1.467755e+01  3.524469e+01  5.350212e+01  9.552360e+01 
 2.759826e+00  1.441208e+01  3.445255e+01  5.222013e+01  9.318043e+01 
 2.798297e+00  1.415276e+01  3.370142e+01  5.098989e+01  9.095805e+01 
 2.837304e+00  1.389690e+01  3.294367e+01  4.976915e+01  8.872863e+01 
 2.876854e+00  1.364156e+01  3.219398e+01  4.857755e+01  8.656623e+01 
 2.916956e+00  1.339290e+01  3.148184e+01  4.740753e+01  8.440730e+01 
 2.957617e+00  1.315036e+01  3.077820e+01  4.628203e+01  8.236459e+01 
 2.998844e+00  1.290560e+01  3.008831e+01  4.516262e+01  8.032454e+01 
 3.040646e+00  1.266737e+01  2.939834e+01  4.407176e+01  7.839428e+01 
 3.083031e+00  1.243107e+01  2.872454e+01  4.300453e+01  7.647070e+01 
 3.126007e+00  1.220294e+01  2.807327e+01  4.195397e+01  7.456306e+01 
 3.169582e+00  1.197047e+01  2.740509e+01  4.091215e+01  7.271899e+01 
 3.213764e+00  1.174113e+01  2.676534e+01  3.989832e+01  7.090145e+01 
 3.258562e+00  1.150981e+01  2.614377e+01  3.890115e+01  6.912334e+01 
 3.303985e+00  1.128352e+01  2.551003e+01  3.792937e+01  6.738543e+01 
 3.350041e+00  1.106313e+01  2.489153e+01  3.696468e+01  6.566442e+01 
 3.396739e+00  1.083750e+01  2.429560e+01  3.603660e+01  6.399658e+01 
 3.444087e+00  1.062506e+01  2.369420e+01  3.510919e+01  6.235590e+01 
 3.492096e+00  1.041145e+01  2.312227e+01  3.422877e+01  6.079174e+01 
 3.540774e+00  1.019702e+01  2.256506e+01  3.336237e+01  5.923944e+01 
 3.590130e+00  9.992602e+00  2.200887e+01  3.250559e+01  5.775029e+01 
 3.640175e+00  9.792218e+00  2.147109e+01  3.168910e+01  5.627926e+01 
 3.690917e+00  9.588545e+00  2.095164e+01  3.087307e+01  5.485471e+01 
 3.742366e+00  9.392310e+00  2.042870e+01  3.009098e+01  5.348326e+01 
 3.794533e+00  9.200325e+00  1.993472e+01  2.932969e+01  5.212059e+01 
 3.847427e+00  9.010474e+00  1.943569e+01  2.858405e+01  5.081733e+01 
 3.901058e+00  8.817591e+00  1.895972e+01  2.785460e+01  4.951907e+01 
 3.955436e+00  8.636383e+00  1.848330e+01  2.713051e+01  4.825023e+01 
 4.010573e+00  8.448033e+00  1.801588e+01  2.643552e+01  4.702160e+01 
 4.066478e+00  8.265936e+00  1.755857e+01  2.574387e+01  4.580000e+01 
 4.123163e+00  8.084518e+00  1.711439e+01  2.507074e+01  4.461379e+01 
 4.180637e+00  7.908548e+00  1.667790e+01  2.441612e+01  4.345063e+01 
 4.238913e+00  7.733676e+00  1.624597e+01  2.377499e+01  4.233084e+01 
 4.298001e+00  7.558835e+00  1.582923e+01  2.315438e+01  4.122719e+01 
 4.357913e+00  7.394323e+00  1.542254e+01  2.254851e+01  4.016488e+01 
 4.418660e+00  7.228048e+00  1.502821e+01  2.195854e+01  3.912982e+01 
 4.480254e+00  7.064395e+00  1.464174e+01  2.138382e+01  3.811814e+01 
 4.542706e+00  6.907024e+00  1.426239e+01  2.082397e+01  3.713189e+01 
 4.606029e+00  6.750863e+00  1.390067e+01  2.028499e+01  3.618300e+01 
 4.670234e+00  6.598286e+00  1.354410e+01  1.976327e+01  3.525947e+01 
 4.735335e+00  6.448670e+00  1.319813e+01  1.925006e+01  3.435244e+01 
 4.801343e+00  6.303951e+00  1.286231e+01  1.875153e+01  3.346593e+01 
 4.868271e+00  6.159477e+00  1.253005e+01  1.826216e+01  3.260200e+01 
 4.936132e+00  6.017249e+00  1.220443e+01  1.778553e+01  3.175692e+01 
 5.004939e+00  5.876743e+00  1.188761e+01  1.731751e+01  3.092689e+01 
 5.074705e+00  5.737327e+00  1.157598e+01  1.685908e+01  3.011997e+01 
 5.145444e+00  5.602159e+00  1.127281e+01  1.641216e+01  2.933217e+01 
 5.217169e+00  5.467705e+00  1.097503e+01  1.597646e+01  2.855428e+01 
 5.289893e+00  5.338423e+00  1.068702e+01  1.555620e+01  2.780372e+01 
 5.363631e+00  5.209641e+00  1.040590e+01  1.514048e+01  2.707215e+01 
 5.438397e+00  5.085058e+00  1.013188e+01  1.473992e+01  2.635757e+01 
 5.514206e+00  4.962879e+00  9.865697e+00  1.435075e+01  2.566621e+01 
 5.591071e+00  4.842265e+00  9.608513e+00  1.397086e+01  2.499451e+01 
 5.669007e+00  4.727248e+00  9.356540e+00  1.360555e+01  2.434104e+01 
 5.748030e+00  4.613465e+00  9.113188e+00  1.324830e+01  2.370344e+01 
 5.828155e+00  4.502692e+00  8.876543e+00  1.290214e+01  2.308498e+01 
 5.909396e+00  4.394566e+00  8.645717e+00  1.256453e+01  2.248574e+01 
 5.991770e+00  4.288267e+00  8.420178e+00  1.223544e+01  2.189828e+01 
 6.075292e+00  4.184602e+00  8.201549e+00  1.191488e+01  2.132477e+01 
 6.159978e+00  4.082344e+00  7.987041e+00  1.160094e+01  2.076429e+01 
 6.245845e+00  3.981937e+00  7.777184e+00  1.129402e+01  2.021359e+01 
 6.332908e+00  3.883032e+00  7.570732e+00  1.099306e+01  1.967577e+01 
 6.421186e+00  3.787023e+00  7.370588e+00  1.069882e+01  1.914974e+01 
 6.510694e+00  3.692355e+00  7.174625e+00  1.041377e+01  1.863728e+01 
 6.601449e+00  3.600518e+00  6.984759e+00  1.013523e+01  1.813922e+01 
 6.693470e+00  3.510510e+00  6.798925e+00  9.863434e+00  1.765247e+01 
 6.786773e+00  3.422630e+00  6.619481e+00  9.599792e+00  1.717968e+01 
 6.881377e+00  3.337606e+00  6.444397e+00  9.344238e+00  1.671916e+01 
 6.977300e+00  3.254653e+00  6.275178e+00  9.096723e+00  1.627363e+01 
 7.074559e+00  3.174117e+00  6.110293e+00  8.855016e+00  1.583950e+01 
 7.173175e+00  3.095383e+00  5.950691e+00  8.621339e+00  1.541905e+01 
 7.273165e+00  3.019130e+00  5.795926e+00  8.394548e+00  1.500917e+01 
 7.374549e+00  2.944658e+00  5.644656e+00  8.172878e+00  1.461121e+01 
 7.477346e+00  2.871791e+00  5.498337e+00  7.958862e+00  1.422383e+01 
 7.581576e+00  2.801154e+00  5.354263e+00  7.748409e+00  1.384459e+01 
 7.687260e+00  2.731540e+00  5.214088e+00  7.543001e+00  1.347445e+01 
 7.794416e+00  2.663249e+00  5.076976e+00  7.341208e+00  1.311153e+01 
 7.903066e+00  2.596554e+00  4.942671e+00  7.144090e+00  1.275586e+01 
 8.013230e+00  2.531439e+00  4.812139e+00  6.953444e+00  1.240967e+01 
 8.124930e+00  2.467609e+00  4.684880e+00  6.766502e+00  1.207169e+01 
 8.238187e+00  2.405693e+00  4.560521e+00  6.584325e+00  1.174328e+01 
 8.353023e+00  2.345232e+00  4.440031e+00  6.407787e+00  1.142318e+01 
 8.469460e+00  2.286586e+00  4.323028e+00  6.236124e+00  1.111249e+01 
 8.587519e+00  2.229600e+00  4.209164e+00  6.069453e+00  1.081102e+01 
 8.707225e+00  2.174254e+00  4.098559e+00  5.907906e+00  1.051798e+01 
 8.828599e+00  2.120505e+00  3.992014e+00  5.750856e+00  1.023345e+01 
 8.951665e+00  2.068222e+00  3.888300e+00  5.598836e+00  9.957913e+00 
 9.076446e+00  2.017523e+00  3.787823e+00  5.451648e+00  9.690847e+00 
 9.202967e+00  1.968265e+00  3.689956e+00  5.308268e+00  9.430400e+00 
 9.331251e+00  1.920256e+00  3.594637e+00  5.168518e+00  9.177103e+00 
 9.461324e+00  0.000000e+00  0.000000e+00  0.000000e+00  0.000000e+00 
 9.593209e+00  0.000000e+00  0.000000e+00  0.000000e+00  0.000000e+00 
 9.726934e+00  0.000000e+00  0.000000e+00  0.000000e+00  0.000000e+00 
 9.862522e+00  0.000000e+00  0.000000e+00  0.000000e+00  0.000000e+00 
 1.000000e+01  0.000000e+00  0.000000e+00  0.000000e+00  0.000000e+00 
