 1.000000e-02  5.844325e+03  1.063458e+04  1.436429e+04  2.136007e+04 
 1.013939e-02  5.875871e+03  1.069179e+04  1.444145e+04  2.147435e+04 
 1.028073e-02  5.906919e+03  1.074811e+04  1.451737e+04  2.158680e+04 
 1.042404e-02  5.937450e+03  1.080347e+04  1.459202e+04  2.169731e+04 
 1.056935e-02  5.967446e+03  1.085786e+04  1.466535e+04  2.180588e+04 
 1.071668e-02  5.996887e+03  1.091122e+04  1.473725e+04  2.191235e+04 
 1.086606e-02  6.025733e+03  1.096353e+04  1.480765e+04  2.201668e+04 
 1.101753e-02  6.053995e+03  1.101475e+04  1.487666e+04  2.211885e+04 
 1.117111e-02  6.081640e+03  1.106486e+04  1.494419e+04  2.221877e+04 
 1.132683e-02  6.108625e+03  1.111377e+04  1.501005e+04  2.231625e+04 
 1.148472e-02  6.134937e+03  1.116146e+04  1.507425e+04  2.241126e+04 
 1.164481e-02  6.160589e+03  1.120789e+04  1.513679e+04  2.250372e+04 
 1.180713e-02  6.185524e+03  1.125305e+04  1.519758e+04  2.259348e+04 
 1.197171e-02  6.209737e+03  1.129688e+04  1.525657e+04  2.268057e+04 
 1.213859e-02  6.233201e+03  1.133934e+04  1.531371e+04  2.276494e+04 
 1.230780e-02  6.255877e+03  1.138039e+04  1.536890e+04  2.284648e+04 
 1.247936e-02  6.277753e+03  1.141996e+04  1.542215e+04  2.292510e+04 
 1.265332e-02  6.298803e+03  1.145802e+04  1.547336e+04  2.300064e+04 
 1.282970e-02  6.319001e+03  1.149454e+04  1.552249e+04  2.307305e+04 
 1.300854e-02  6.338357e+03  1.152951e+04  1.556952e+04  2.314240e+04 
 1.318987e-02  6.356832e+03  1.156287e+04  1.561435e+04  2.320851e+04 
 1.337373e-02  6.374382e+03  1.159453e+04  1.565687e+04  2.327119e+04 
 1.356015e-02  6.390974e+03  1.162448e+04  1.569702e+04  2.333035e+04 
 1.374917e-02  6.406617e+03  1.165267e+04  1.573484e+04  2.338598e+04 
 1.394083e-02  6.421286e+03  1.167910e+04  1.577026e+04  2.343803e+04 
 1.413516e-02  6.434957e+03  1.170372e+04  1.580323e+04  2.348642e+04 
 1.433219e-02  6.447578e+03  1.172641e+04  1.583369e+04  2.353098e+04 
 1.453198e-02  6.459127e+03  1.174715e+04  1.586148e+04  2.357164e+04 
 1.473454e-02  6.469610e+03  1.176595e+04  1.588661e+04  2.360836e+04 
 1.493993e-02  6.479026e+03  1.178279e+04  1.590903e+04  2.364117e+04 
 1.514819e-02  6.487326e+03  1.179761e+04  1.592877e+04  2.367001e+04 
 1.535935e-02  6.494473e+03  1.181037e+04  1.594571e+04  2.369462e+04 
 1.557345e-02  6.500450e+03  1.182101e+04  1.595983e+04  2.371486e+04 
 1.579053e-02  6.505236e+03  1.182946e+04  1.597102e+04  2.373077e+04 
 1.601064e-02  6.508827e+03  1.183574e+04  1.597927e+04  2.374231e+04 
 1.623382e-02  6.511197e+03  1.183977e+04  1.598450e+04  2.374942e+04 
 1.646012e-02  6.512304e+03  1.184152e+04  1.598662e+04  2.375192e+04 
 1.668956e-02  6.512140e+03  1.184094e+04  1.598559e+04  2.374972e+04 
 1.692220e-02  6.510677e+03  1.183801e+04  1.598136e+04  2.374276e+04 
 1.715809e-02  6.507903e+03  1.183269e+04  1.597393e+04  2.373104e+04 
 1.739726e-02  6.503819e+03  1.182499e+04  1.596324e+04  2.371460e+04 
 1.763977e-02  6.498388e+03  1.181483e+04  1.594926e+04  2.369320e+04 
 1.788566e-02  6.491598e+03  1.180218e+04  1.593193e+04  2.366682e+04 
 1.813498e-02  6.483421e+03  1.178703e+04  1.591122e+04  2.363534e+04 
 1.838777e-02  6.473841e+03  1.176931e+04  1.588704e+04  2.359863e+04 
 1.864409e-02  6.462854e+03  1.174903e+04  1.585940e+04  2.355681e+04 
 1.890397e-02  6.450460e+03  1.172620e+04  1.582826e+04  2.350983e+04 
 1.916748e-02  6.436631e+03  1.170075e+04  1.579363e+04  2.345768e+04 
 1.943467e-02  6.421346e+03  1.167268e+04  1.575542e+04  2.340029e+04 
 1.970558e-02  6.404601e+03  1.164194e+04  1.571366e+04  2.333758e+04 
 1.998026e-02  6.386404e+03  1.160857e+04  1.566833e+04  2.326951e+04 
 2.025878e-02  6.366762e+03  1.157256e+04  1.561945e+04  2.319604e+04 
 2.054117e-02  6.345644e+03  1.153386e+04  1.556691e+04  2.311721e+04 
 2.082751e-02  6.323049e+03  1.149245e+04  1.551074e+04  2.303305e+04 
 2.111783e-02  6.298971e+03  1.144834e+04  1.545090e+04  2.294353e+04 
 2.141220e-02  6.273512e+03  1.140171e+04  1.538761e+04  2.284884e+04 
 2.171068e-02  6.247187e+03  1.135327e+04  1.532164e+04  2.274949e+04 
 2.201331e-02  6.219401e+03  1.130217e+04  1.525207e+04  2.264468e+04 
 2.232016e-02  6.190150e+03  1.124839e+04  1.517891e+04  2.253446e+04 
 2.263130e-02  6.159443e+03  1.119197e+04  1.510217e+04  2.241888e+04 
 2.294676e-02  6.127295e+03  1.113292e+04  1.502189e+04  2.229809e+04 
 2.326663e-02  6.093712e+03  1.107126e+04  1.493808e+04  2.217211e+04 
 2.359095e-02  6.058709e+03  1.100703e+04  1.485079e+04  2.204100e+04 
 2.391980e-02  6.022316e+03  1.094025e+04  1.476006e+04  2.190476e+04 
 2.425323e-02  5.984530e+03  1.087096e+04  1.466594e+04  2.176346e+04 
 2.459130e-02  5.945394e+03  1.079921e+04  1.456851e+04  2.161729e+04 
 2.493409e-02  5.904915e+03  1.072503e+04  1.446781e+04  2.146623e+04 
 2.528166e-02  5.863111e+03  1.064843e+04  1.436384e+04  2.131037e+04 
 2.563407e-02  5.820015e+03  1.056950e+04  1.425671e+04  2.114981e+04 
 2.599140e-02  5.775673e+03  1.048829e+04  1.414652e+04  2.098472e+04 
 2.635371e-02  5.730106e+03  1.040489e+04  1.403340e+04  2.081527e+04 
 2.672106e-02  5.683367e+03  1.031936e+04  1.391738e+04  2.064155e+04 
 2.709354e-02  5.635486e+03  1.023174e+04  1.379856e+04  2.046366e+04 
 2.747121e-02  5.586503e+03  1.014212e+04  1.367704e+04  2.028180e+04 
 2.785414e-02  5.536402e+03  1.005049e+04  1.355285e+04  2.009601e+04 
 2.824241e-02  5.484944e+03  9.956527e+03  1.342561e+04  1.990603e+04 
 2.863610e-02  5.432529e+03  9.860846e+03  1.329605e+04  1.971259e+04 
 2.903527e-02  5.379206e+03  9.763502e+03  1.316427e+04  1.951588e+04 
 2.944000e-02  5.325033e+03  9.664609e+03  1.303042e+04  1.931607e+04 
 2.985038e-02  5.270063e+03  9.564282e+03  1.289464e+04  1.911343e+04 
 3.026648e-02  5.214352e+03  9.462635e+03  1.275706e+04  1.890816e+04 
 3.068838e-02  5.157974e+03  9.359787e+03  1.261784e+04  1.870048e+04 
 3.111616e-02  5.101005e+03  9.255849e+03  1.247717e+04  1.849065e+04 
 3.154990e-02  5.043501e+03  9.150943e+03  1.233522e+04  1.827891e+04 
 3.198969e-02  4.985521e+03  9.045176e+03  1.219212e+04  1.806546e+04 
 3.243561e-02  4.927134e+03  8.938687e+03  1.204806e+04  1.785063e+04 
 3.288774e-02  4.868434e+03  8.831623e+03  1.190321e+04  1.763469e+04 
 3.334618e-02  4.809493e+03  8.724138e+03  1.175781e+04  1.741789e+04 
 3.381101e-02  4.750364e+03  8.616323e+03  1.161198e+04  1.720047e+04 
 3.428231e-02  4.691128e+03  8.508303e+03  1.146587e+04  1.698264e+04 
 3.476019e-02  4.631712e+03  8.400298e+03  1.132016e+04  1.676657e+04 
 3.524473e-02  4.572342e+03  8.292413e+03  1.117462e+04  1.655077e+04 
 3.573602e-02  4.513109e+03  8.184782e+03  1.102943e+04  1.633550e+04 
 3.623416e-02  4.454083e+03  8.077521e+03  1.088474e+04  1.612100e+04 
 3.673925e-02  4.395339e+03  7.970782e+03  1.074076e+04  1.590751e+04 
 3.725137e-02  4.336948e+03  7.864674e+03  1.059764e+04  1.569529e+04 
 3.777064e-02  4.278989e+03  7.759347e+03  1.045557e+04  1.548464e+04 
 3.829714e-02  4.221531e+03  7.654943e+03  1.031474e+04  1.527585e+04 
 3.883098e-02  4.164655e+03  7.551598e+03  1.017536e+04  1.506916e+04 
 3.937226e-02  4.108440e+03  7.449460e+03  1.003757e+04  1.486485e+04 
 3.992109e-02  4.052940e+03  7.348626e+03  9.901546e+03  1.466316e+04 
 4.047757e-02  3.998203e+03  7.249136e+03  9.767304e+03  1.446403e+04 
 4.104181e-02  3.944071e+03  7.150092e+03  9.632976e+03  1.426282e+04 
 4.161391e-02  3.890848e+03  7.052726e+03  9.500907e+03  1.406497e+04 
 4.219398e-02  3.838598e+03  6.957144e+03  9.371246e+03  1.387069e+04 
 4.278214e-02  3.787372e+03  6.863421e+03  9.244105e+03  1.368014e+04 
 4.337850e-02  3.737212e+03  6.771633e+03  9.119586e+03  1.349351e+04 
 4.398317e-02  3.688160e+03  6.681864e+03  8.997803e+03  1.331094e+04 
 4.459628e-02  3.640256e+03  6.594175e+03  8.878822e+03  1.313259e+04 
 4.521792e-02  3.593527e+03  6.508633e+03  8.762742e+03  1.295855e+04 
 4.584824e-02  3.547998e+03  6.425270e+03  8.649612e+03  1.278891e+04 
 4.648734e-02  3.503689e+03  6.344136e+03  8.539500e+03  1.262372e+04 
 4.713535e-02  3.460797e+03  6.266402e+03  8.434850e+03  1.246896e+04 
 4.779239e-02  3.419256e+03  6.191639e+03  8.334711e+03  1.232228e+04 
 4.845859e-02  3.378957e+03  6.119114e+03  8.237578e+03  1.218005e+04 
 4.913407e-02  3.339889e+03  6.048826e+03  8.143440e+03  1.204223e+04 
 4.981898e-02  3.302039e+03  5.980750e+03  8.052267e+03  1.190879e+04 
 5.051342e-02  3.265393e+03  5.914832e+03  7.964002e+03  1.177964e+04 
 5.121755e-02  3.229921e+03  5.851020e+03  7.878585e+03  1.165468e+04 
 5.193150e-02  3.195576e+03  5.789250e+03  7.795910e+03  1.153374e+04 
 5.265540e-02  3.162303e+03  5.729425e+03  7.715843e+03  1.141665e+04 
 5.338938e-02  3.129783e+03  5.670490e+03  7.636452e+03  1.129921e+04 
 5.413360e-02  3.097927e+03  5.612161e+03  7.557262e+03  1.118044e+04 
 5.488820e-02  3.066974e+03  5.555461e+03  7.480292e+03  1.106498e+04 
 5.565331e-02  3.036792e+03  5.500163e+03  7.405224e+03  1.095233e+04 
 5.642908e-02  3.007258e+03  5.446031e+03  7.331709e+03  1.084202e+04 
 5.721568e-02  2.978399e+03  5.393130e+03  7.259860e+03  1.073417e+04 
 5.801323e-02  2.950352e+03  5.341705e+03  7.190007e+03  1.062928e+04 
 5.882190e-02  2.923075e+03  5.291682e+03  7.122047e+03  1.052716e+04 
 5.964185e-02  2.896432e+03  5.243165e+03  7.056500e+03  1.042960e+04 
 6.047322e-02  2.870391e+03  5.196743e+03  6.994791e+03  1.034050e+04 
 6.131619e-02  2.844016e+03  5.149710e+03  6.932239e+03  1.025015e+04 
 6.217090e-02  2.817259e+03  5.101986e+03  6.868748e+03  1.015844e+04 
 6.303753e-02  2.790170e+03  5.053657e+03  6.804441e+03  1.006550e+04 
 6.391624e-02  2.762775e+03  5.004767e+03  6.739373e+03  9.971433e+03 
 6.480720e-02  2.734964e+03  4.955114e+03  6.673288e+03  9.875819e+03 
 6.571058e-02  2.706559e+03  4.904378e+03  6.605740e+03  9.778026e+03 
 6.662655e-02  2.676078e+03  4.847807e+03  6.528139e+03  9.659332e+03 
 6.755528e-02  2.644669e+03  4.789495e+03  6.448146e+03  9.536956e+03 
 6.849697e-02  2.612287e+03  4.729433e+03  6.365811e+03  9.411133e+03 
 6.945178e-02  2.578842e+03  4.667463e+03  6.280914e+03  9.281575e+03 
 7.041990e-02  2.544260e+03  4.603450e+03  6.193280e+03  9.148017e+03 
 7.140151e-02  2.508469e+03  4.537255e+03  6.102741e+03  9.010212e+03 
 7.239681e-02  2.471703e+03  4.469617e+03  6.010644e+03  8.871373e+03 
 7.340598e-02  2.433990e+03  4.400652e+03  5.917228e+03  8.732070e+03 
 7.442922e-02  2.394953e+03  4.329302e+03  5.820628e+03  8.588104e+03 
 7.546673e-02  2.354595e+03  4.255594e+03  5.720853e+03  8.439491e+03 
 7.651869e-02  2.312964e+03  4.179591e+03  5.618003e+03  8.286386e+03 
 7.758532e-02  2.270112e+03  4.101385e+03  5.512207e+03  8.128947e+03 
 7.866682e-02  2.227052e+03  4.024047e+03  5.408807e+03  7.978095e+03 
 7.976339e-02  2.184437e+03  3.949540e+03  5.311183e+03  7.840689e+03 
 8.087525e-02  2.140820e+03  3.873163e+03  5.210983e+03  7.699280e+03 
 8.200261e-02  2.096358e+03  3.795177e+03  5.108539e+03  7.554384e+03 
 8.314568e-02  2.051219e+03  3.715875e+03  5.004252e+03  7.406549e+03 
 8.430468e-02  2.005587e+03  3.635583e+03  4.898546e+03  7.256409e+03 
 8.547985e-02  1.958760e+03  3.551753e+03  4.786754e+03  7.094104e+03 
 8.667139e-02  1.911451e+03  3.466408e+03  4.672301e+03  6.926350e+03 
 8.787954e-02  1.864322e+03  3.381367e+03  4.558241e+03  6.759099e+03 
 8.910453e-02  1.817608e+03  3.297039e+03  4.445130e+03  6.593203e+03 
 9.034660e-02  1.771523e+03  3.213844e+03  4.333528e+03  6.429450e+03 
 9.160598e-02  1.727035e+03  3.134554e+03  4.228061e+03  6.276842e+03 
 9.288292e-02  1.684276e+03  3.059262e+03  4.128752e+03  6.135141e+03 
 9.417766e-02  1.642761e+03  2.986124e+03  4.032253e+03  5.997406e+03 
 9.549045e-02  1.602680e+03  2.915488e+03  3.939055e+03  5.864369e+03 
 9.682153e-02  1.564202e+03  2.847687e+03  3.849642e+03  5.736741e+03 
 9.817117e-02  1.527779e+03  2.783999e+03  3.766118e+03  5.618600e+03 
 9.953962e-02  1.493359e+03  2.724048e+03  3.687667e+03  5.508159e+03 
 1.009272e-01  1.460933e+03  2.667641e+03  3.613889e+03  5.404473e+03 
 1.023340e-01  1.430567e+03  2.614896e+03  3.545019e+03  5.307897e+03 
 1.037605e-01  1.401591e+03  2.563770e+03  3.477544e+03  5.211546e+03 
 1.052069e-01  1.372097e+03  2.508522e+03  3.401629e+03  5.096195e+03 
 1.066734e-01  1.344768e+03  2.457262e+03  3.331141e+03  4.989003e+03 
 1.081604e-01  1.319515e+03  2.409849e+03  3.265876e+03  4.889664e+03 
 1.096681e-01  1.296207e+03  2.366030e+03  3.205515e+03  4.797678e+03 
 1.111968e-01  1.274988e+03  2.326430e+03  3.151054e+03  4.714322e+03 
 1.127468e-01  1.255409e+03  2.289839e+03  3.100698e+03  4.637152e+03 
 1.143184e-01  1.237242e+03  2.255823e+03  3.053830e+03  4.565261e+03 
 1.159120e-01  1.220209e+03  2.223900e+03  3.009804e+03  4.497606e+03 
 1.175277e-01  1.205008e+03  2.196328e+03  2.972477e+03  4.441491e+03 
 1.191660e-01  1.190495e+03  2.170095e+03  2.937037e+03  4.388376e+03 
 1.208271e-01  1.176289e+03  2.144416e+03  2.902342e+03  4.336382e+03 
 1.225114e-01  1.162039e+03  2.118622e+03  2.867498e+03  4.284211e+03 
 1.242191e-01  1.147097e+03  2.091343e+03  2.830668e+03  4.229829e+03 
 1.259506e-01  1.131592e+03  2.063038e+03  2.792453e+03  4.173385e+03 
 1.277063e-01  1.115268e+03  2.033240e+03  2.752218e+03  4.113906e+03 
 1.294865e-01  1.098289e+03  2.002449e+03  2.710670e+03  4.052176e+03 
 1.312915e-01  1.080540e+03  1.970486e+03  2.667585e+03  3.987812e+03 
 1.331216e-01  1.061454e+03  1.936070e+03  2.621179e+03  3.918499e+03 
 1.349772e-01  1.041006e+03  1.899222e+03  2.571507e+03  3.844427e+03 
 1.368587e-01  1.020461e+03  1.864284e+03  2.526772e+03  3.784398e+03 
 1.387665e-01  9.985485e+02  1.826735e+03  2.478438e+03  3.718822e+03 
 1.407008e-01  9.754146e+02  1.786877e+03  2.426858e+03  3.648124e+03 
 1.426621e-01  9.522058e+02  1.747194e+03  2.375341e+03  3.575977e+03 
 1.446507e-01  9.284666e+02  1.706529e+03  2.322389e+03  3.501050e+03 
 1.466671e-01  9.041601e+02  1.664699e+03  2.267696e+03  3.423325e+03 
 1.487115e-01  8.774875e+02  1.616484e+03  2.203031e+03  3.328631e+03 
 1.507845e-01  8.495787e+02  1.564675e+03  2.132614e+03  3.223968e+03 
 1.528864e-01  8.222825e+02  1.514037e+03  2.063714e+03  3.121560e+03 
 1.550175e-01  7.979227e+02  1.470832e+03  2.006570e+03  3.039729e+03 
 1.571784e-01  7.760870e+02  1.433634e+03  1.958619e+03  2.973663e+03 
 1.593694e-01  7.555588e+02  1.398712e+03  1.913637e+03  2.911780e+03 
 1.615909e-01  7.370774e+02  1.367753e+03  1.874059e+03  2.857682e+03 
 1.638434e-01  7.204636e+02  1.340257e+03  1.839102e+03  2.810354e+03 
 1.661273e-01  7.055550e+02  1.315805e+03  1.808243e+03  2.769001e+03 
 1.684430e-01  6.889133e+02  1.285222e+03  1.767088e+03  2.709210e+03 
 1.707910e-01  6.735819e+02  1.256715e+03  1.728539e+03  2.653007e+03 
 1.731717e-01  6.603652e+02  1.232524e+03  1.696069e+03  2.606005e+03 
 1.755856e-01  6.506611e+02  1.216396e+03  1.675324e+03  2.576680e+03 
 1.780332e-01  6.420070e+02  1.202185e+03  1.657189e+03  2.551294e+03 
 1.805149e-01  6.322123e+02  1.183573e+03  1.631114e+03  2.510152e+03 
 1.830312e-01  6.217238e+02  1.162314e+03  1.600281e+03  2.459645e+03 
 1.855825e-01  6.114311e+02  1.141735e+03  1.570724e+03  2.411845e+03 
 1.881694e-01  6.014749e+02  1.123492e+03  1.546327e+03  2.376471e+03 
 1.907924e-01  5.909993e+02  1.104264e+03  1.520561e+03  2.339013e+03 
 1.934520e-01  5.793137e+02  1.082650e+03  1.491675e+03  2.298101e+03 
 1.961486e-01  5.665615e+02  1.058999e+03  1.460022e+03  2.253257e+03 
 1.988828e-01  5.541386e+02  1.036713e+03  1.430465e+03  2.211188e+03 
 2.016551e-01  5.426325e+02  1.017215e+03  1.405055e+03  2.174866e+03 
 2.044661e-01  5.300348e+02  9.953495e+02  1.376135e+03  2.132747e+03 
 2.073162e-01  5.157757e+02  9.688099e+02  1.339578e+03  2.077091e+03 
 2.102061e-01  5.010849e+02  9.414452e+02  1.301879e+03  2.019609e+03 
 2.131362e-01  4.902879e+02  9.258818e+02  1.283601e+03  1.996116e+03 
 2.161073e-01  4.797291e+02  9.108064e+02  1.266027e+03  1.973723e+03 
 2.191197e-01  4.663223e+02  8.879128e+02  1.236739e+03  1.934687e+03 
 2.221741e-01  4.528962e+02  8.643480e+02  1.206236e+03  1.893848e+03 
 2.252711e-01  4.409453e+02  8.440586e+02  1.180506e+03  1.859897e+03 
 2.284112e-01  4.302871e+02  8.263097e+02  1.158313e+03  1.831119e+03 
 2.315951e-01  4.210824e+02  8.102122e+02  1.136763e+03  1.798595e+03 
 2.348235e-01  4.131102e+02  7.960560e+02  1.117340e+03  1.767766e+03 
 2.380968e-01  4.039602e+02  7.782931e+02  1.092534e+03  1.729949e+03 
 2.414157e-01  3.950925e+02  7.607392e+02  1.067939e+03  1.692819e+03 
 2.447809e-01  3.863713e+02  7.439936e+02  1.044996e+03  1.658200e+03 
 2.481930e-01  3.780715e+02  7.281655e+02  1.023392e+03  1.625614e+03 
 2.516527e-01  3.732809e+02  7.203098e+02  1.012921e+03  1.609545e+03 
 2.551606e-01  3.672513e+02  7.096393e+02  9.984895e+02  1.587850e+03 
 2.587174e-01  3.577270e+02  6.909254e+02  9.727640e+02  1.550382e+03 
 2.623238e-01  3.496300e+02  6.761496e+02  9.529788e+02  1.522029e+03 
 2.659804e-01  3.430390e+02  6.655472e+02  9.394934e+02  1.503323e+03 
 2.696881e-01  3.341245e+02  6.494934e+02  9.180160e+02  1.471344e+03 
 2.734474e-01  3.244420e+02  6.316964e+02  8.940118e+02  1.435255e+03 
 2.772591e-01  3.170681e+02  6.197837e+02  8.793422e+02  1.416717e+03 
 2.811239e-01  3.092638e+02  6.064300e+02  8.625238e+02  1.395896e+03 
 2.850426e-01  3.011255e+02  5.916489e+02  8.435740e+02  1.373355e+03 
 2.890160e-01  2.938074e+02  5.793708e+02  8.278538e+02  1.351012e+03 
 2.930447e-01  2.870642e+02  5.678126e+02  8.123940e+02  1.326913e+03 
 2.971296e-01  2.807518e+02  5.553265e+02  7.936060e+02  1.294560e+03 
 3.012714e-01  2.751940e+02  5.457964e+02  7.810349e+02  1.276088e+03 
 3.054710e-01  2.698291e+02  5.369936e+02  7.702055e+02  1.262089e+03 
 3.097291e-01  2.633760e+02  5.251911e+02  7.548134e+02  1.241336e+03 
 3.140465e-01  2.575259e+02  5.134570e+02  7.379508e+02  1.213679e+03 
 3.184242e-01  2.523289e+02  5.031561e+02  7.231096e+02  1.189212e+03 
 3.228628e-01  2.481815e+02  4.963510e+02  7.146739e+02  1.179180e+03 
 3.273634e-01  2.421787e+02  4.843880e+02  6.975504e+02  1.151933e+03 
 3.319266e-01  2.358914e+02  4.723392e+02  6.810063e+02  1.127276e+03 
 3.365535e-01  2.298331e+02  4.616966e+02  6.674450e+02  1.109410e+03 
 3.412449e-01  2.256104e+02  4.560906e+02  6.606881e+02  1.098376e+03 
 3.460016e-01  2.209401e+02  4.484875e+02  6.508951e+02  1.084598e+03 
 3.508247e-01  2.163578e+02  4.403524e+02  6.400599e+02  1.068830e+03 
 3.557150e-01  2.119254e+02  4.321690e+02  6.289874e+02  1.051883e+03 
 3.606735e-01  2.068876e+02  4.232445e+02  6.173371e+02  1.035583e+03 
 3.657011e-01  2.009582e+02  4.120916e+02  6.022163e+02  1.014959e+03 
 3.707988e-01  1.962462e+02  4.028033e+02  5.900695e+02  9.970839e+02 
 3.759675e-01  1.919789e+02  3.950195e+02  5.790039e+02  9.806680e+02 
 3.812083e-01  1.876175e+02  3.871759e+02  5.684370e+02  9.654082e+02 
 3.865221e-01  1.839669e+02  3.819113e+02  5.622726e+02  9.547568e+02 
 3.919100e-01  1.801239e+02  3.729781e+02  5.488850e+02  9.370468e+02 
 3.973730e-01  1.757771e+02  3.658310e+02  5.399071e+02  9.225935e+02 
 4.029122e-01  1.722771e+02  3.602973e+02  5.321387e+02  9.082228e+02 
 4.085286e-01  1.686827e+02  3.526517e+02  5.212906e+02  8.928755e+02 
 4.142232e-01  1.643509e+02  3.439495e+02  5.099198e+02  8.789009e+02 
 4.199973e-01  1.601732e+02  3.368251e+02  5.009005e+02  8.655790e+02 
 4.258518e-01  1.568566e+02  3.306723e+02  4.921440e+02  8.504135e+02 
 4.317880e-01  1.533613e+02  3.238118e+02  4.820700e+02  8.352090e+02 
 4.378069e-01  1.502975e+02  3.177445e+02  4.734256e+02  8.209050e+02 
 4.439097e-01  1.477805e+02  3.138910e+02  4.688938e+02  8.169692e+02 
 4.500975e-01  1.438159e+02  3.065743e+02  4.589205e+02  8.023896e+02 
 4.563716e-01  1.404438e+02  2.996689e+02  4.488910e+02  7.845206e+02 
 4.627332e-01  1.382965e+02  2.967455e+02  4.458073e+02  7.816156e+02 
 4.691835e-01  1.347363e+02  2.897074e+02  4.356908e+02  7.647100e+02 
 4.757236e-01  1.321555e+02  2.846862e+02  4.288426e+02  7.542570e+02 
 4.823549e-01  1.286644e+02  2.775984e+02  4.189764e+02  7.411092e+02 
 4.890787e-01  1.258888e+02  2.722503e+02  4.117389e+02  7.297363e+02 
 4.958962e-01  1.238187e+02  2.681944e+02  4.054210e+02  7.182008e+02 
 5.028087e-01  1.210733e+02  2.634580e+02  3.990593e+02  7.089912e+02 
 5.098176e-01  1.188339e+02  2.593517e+02  3.930410e+02  6.971801e+02 
 5.169242e-01  1.167645e+02  2.554584e+02  3.878689e+02  6.901910e+02 
 5.241298e-01  1.129648e+02  2.490687e+02  3.800847e+02  6.806674e+02 
 5.314359e-01  1.109919e+02  2.460232e+02  3.758763e+02  6.739127e+02 
 5.388438e-01  1.086377e+02  2.410585e+02  3.679899e+02  6.621223e+02 
 5.463550e-01  1.066705e+02  2.368326e+02  3.622207e+02  6.526185e+02 
 5.539709e-01  1.038070e+02  2.318465e+02  3.558450e+02  6.426678e+02 
 5.616930e-01  1.019504e+02  2.282341e+02  3.507587e+02  6.350067e+02 
 5.695227e-01  9.993870e+01  2.249985e+02  3.466888e+02  6.261958e+02 
 5.774615e-01  9.765459e+01  2.197633e+02  3.390077e+02  6.154010e+02 
 5.855110e-01  9.589798e+01  2.164839e+02  3.339633e+02  6.070248e+02 
 5.936727e-01  9.366775e+01  2.113680e+02  3.269447e+02  5.964886e+02 
 6.019482e-01  9.207565e+01  2.088778e+02  3.228673e+02  5.890964e+02 
 6.103390e-01  8.988102e+01  2.051557e+02  3.179983e+02  5.803320e+02 
 6.188468e-01  8.786389e+01  2.019152e+02  3.151406e+02  5.781055e+02 
 6.274732e-01  8.638402e+01  1.980775e+02  3.086211e+02  5.677971e+02 
 6.362198e-01  8.465073e+01  1.950509e+02  3.041546e+02  5.592052e+02 
 6.450884e-01  8.266174e+01  1.915145e+02  2.992441e+02  5.505992e+02 
 6.540806e-01  8.092071e+01  1.873899e+02  2.930656e+02  5.418872e+02 
 6.631981e-01  7.912483e+01  1.846146e+02  2.900067e+02  5.362914e+02 
 6.724427e-01  7.760125e+01  1.813562e+02  2.855465e+02  5.308213e+02 
 6.818162e-01  7.592091e+01  1.780235e+02  2.797085e+02  5.203481e+02 
 6.913204e-01  7.428722e+01  1.747729e+02  2.755172e+02  5.131436e+02 
 7.009570e-01  7.321700e+01  1.721310e+02  2.716648e+02  5.064573e+02 
 7.107280e-01  7.133960e+01  1.692361e+02  2.675514e+02  4.984624e+02 
 7.206351e-01  7.022393e+01  1.666185e+02  2.641051e+02  4.942697e+02 
 7.306804e-01  6.880224e+01  1.640595e+02  2.598312e+02  4.854449e+02 
 7.408657e-01  6.726635e+01  1.608175e+02  2.552289e+02  4.792655e+02 
 7.511929e-01  6.583522e+01  1.578945e+02  2.514755e+02  4.726000e+02 
 7.616642e-01  6.454167e+01  1.550492e+02  2.474664e+02  4.666450e+02 
 7.722814e-01  6.368599e+01  1.534111e+02  2.446036e+02  4.598001e+02 
 7.830465e-01  6.233300e+01  1.504594e+02  2.404698e+02  4.537152e+02 
 7.939618e-01  6.116895e+01  1.484609e+02  2.372909e+02  4.490946e+02 
 8.050292e-01  5.979600e+01  1.457173e+02  2.340700e+02  4.431220e+02 
 8.162509e-01  5.874287e+01  1.435079e+02  2.300421e+02  4.353467e+02 
 8.276289e-01  5.729535e+01  1.406421e+02  2.262976e+02  4.296770e+02 
 8.391656e-01  5.656270e+01  1.388939e+02  2.230522e+02  4.248193e+02 
 8.508632e-01  5.549748e+01  1.365094e+02  2.199605e+02  4.189576e+02 
 8.627237e-01  5.427028e+01  1.342818e+02  2.165865e+02  4.122738e+02 
 8.747496e-01  5.325749e+01  1.319809e+02  2.133354e+02  4.066959e+02 
 8.869432e-01  5.232200e+01  1.300574e+02  2.103889e+02  4.014761e+02 
 8.993067e-01  5.125461e+01  1.279603e+02  2.071726e+02  3.956117e+02 
 9.118425e-01  5.043843e+01  1.257403e+02  2.036464e+02  3.885557e+02 
 9.245531e-01  4.933487e+01  1.236325e+02  2.004622e+02  3.842855e+02 
 9.374409e-01  4.838137e+01  1.217201e+02  1.978598e+02  3.790193e+02 
 9.505083e-01  4.757111e+01  1.197800e+02  1.949350e+02  3.736993e+02 
 9.637579e-01  4.654513e+01  1.174717e+02  1.915239e+02  3.681950e+02 
 9.771921e-01  4.593302e+01  1.167121e+02  1.895869e+02  3.632313e+02 
 9.908137e-01  4.503896e+01  1.145137e+02  1.865384e+02  3.584197e+02 
 1.004625e+00  4.414792e+01  1.123799e+02  1.832937e+02  3.523636e+02 
 1.018629e+00  4.339914e+01  1.107933e+02  1.806583e+02  3.471774e+02 
 1.032828e+00  4.254876e+01  1.090124e+02  1.782753e+02  3.433950e+02 
 1.047225e+00  4.171039e+01  1.073868e+02  1.753679e+02  3.373701e+02 
 1.061823e+00  4.105308e+01  1.058987e+02  1.729158e+02  3.324588e+02 
 1.076624e+00  4.026879e+01  1.041836e+02  1.703043e+02  3.273812e+02 
 1.091632e+00  3.956828e+01  1.024935e+02  1.678080e+02  3.223571e+02 
 1.106848e+00  3.880031e+01  1.006995e+02  1.652165e+02  3.179012e+02 
 1.122277e+00  3.810492e+01  9.924956e+01  1.624761e+02  3.125644e+02 
 1.137921e+00  3.740285e+01  9.753627e+01  1.599846e+02  3.078910e+02 
 1.153783e+00  3.678604e+01  9.600610e+01  1.575452e+02  3.034396e+02 
 1.169866e+00  3.612456e+01  9.455193e+01  1.551462e+02  2.991374e+02 
 1.186174e+00  3.545413e+01  9.315682e+01  1.528048e+02  2.942414e+02 
 1.202708e+00  3.486970e+01  9.168353e+01  1.504964e+02  2.897405e+02 
 1.219473e+00  3.427226e+01  9.030519e+01  1.483065e+02  2.848722e+02 
 1.236472e+00  3.364778e+01  8.892238e+01  1.461297e+02  2.806778e+02 
 1.253708e+00  3.308260e+01  8.744496e+01  1.436357e+02  2.764318e+02 
 1.271184e+00  3.251309e+01  8.639458e+01  1.418026e+02  2.719462e+02 
 1.288904e+00  3.193597e+01  8.469512e+01  1.392875e+02  2.679245e+02 
 1.306870e+00  3.133704e+01  8.335587e+01  1.370528e+02  2.632810e+02 
 1.325087e+00  3.084217e+01  8.209327e+01  1.349496e+02  2.587811e+02 
 1.343558e+00  3.030728e+01  8.075529e+01  1.327844e+02  2.544874e+02 
 1.362287e+00  2.981741e+01  7.941142e+01  1.304811e+02  2.502775e+02 
 1.381276e+00  2.929689e+01  7.815872e+01  1.281701e+02  2.460650e+02 
 1.400531e+00  2.880492e+01  7.692743e+01  1.261908e+02  2.416396e+02 
 1.420053e+00  2.828789e+01  7.561022e+01  1.241892e+02  2.374654e+02 
 1.439848e+00  2.782130e+01  7.445955e+01  1.220380e+02  2.335051e+02 
 1.459919e+00  2.731235e+01  7.322993e+01  1.200043e+02  2.292247e+02 
 1.480269e+00  2.690781e+01  7.192631e+01  1.178774e+02  2.248570e+02 
 1.500903e+00  2.644178e+01  7.079602e+01  1.158631e+02  2.213204e+02 
 1.521825e+00  2.598876e+01  6.972797e+01  1.140206e+02  2.172881e+02 
 1.543038e+00  2.553701e+01  6.856351e+01  1.121878e+02  2.136144e+02 
 1.564548e+00  2.514084e+01  6.743421e+01  1.102201e+02  2.095807e+02 
 1.586357e+00  2.471771e+01  6.637242e+01  1.083429e+02  2.057067e+02 
 1.608469e+00  2.427668e+01  6.527950e+01  1.064659e+02  2.021497e+02 
 1.630891e+00  2.393417e+01  6.406867e+01  1.043939e+02  1.980231e+02 
 1.653624e+00  2.349877e+01  6.298149e+01  1.026767e+02  1.946460e+02 
 1.676675e+00  2.310414e+01  6.201515e+01  1.009117e+02  1.907707e+02 
 1.700047e+00  2.270695e+01  6.096426e+01  9.908481e+01  1.872162e+02 
 1.723745e+00  2.234012e+01  5.988753e+01  9.727248e+01  1.833590e+02 
 1.747773e+00  2.194083e+01  5.882647e+01  9.546673e+01  1.797695e+02 
 1.772136e+00  2.158092e+01  5.781227e+01  9.368446e+01  1.764323e+02 
 1.796838e+00  2.123099e+01  5.679770e+01  9.196879e+01  1.728928e+02 
 1.821885e+00  2.089628e+01  5.579119e+01  9.022032e+01  1.695484e+02 
 1.847281e+00  2.054224e+01  5.489607e+01  8.863030e+01  1.661715e+02 
 1.873032e+00  2.020572e+01  5.386914e+01  8.683830e+01  1.628999e+02 
 1.899141e+00  1.985992e+01  5.287755e+01  8.523336e+01  1.596377e+02 
 1.925614e+00  1.954507e+01  5.196481e+01  8.362956e+01  1.563123e+02 
 1.952456e+00  1.927188e+01  5.107862e+01  8.205053e+01  1.530910e+02 
 1.979672e+00  1.890858e+01  5.018280e+01  8.047835e+01  1.499647e+02 
 2.007267e+00  1.861628e+01  4.924267e+01  7.881437e+01  1.469306e+02 
 2.035248e+00  1.828230e+01  4.830454e+01  7.722647e+01  1.437385e+02 
 2.063618e+00  1.797369e+01  4.738713e+01  7.568870e+01  1.406427e+02 
 2.092383e+00  1.767749e+01  4.649852e+01  7.413488e+01  1.376556e+02 
 2.121550e+00  1.736964e+01  4.560116e+01  7.262352e+01  1.346574e+02 
 2.151123e+00  1.708212e+01  4.474427e+01  7.110228e+01  1.316754e+02 
 2.181109e+00  1.678961e+01  4.386257e+01  6.965580e+01  1.288616e+02 
 2.211512e+00  1.650713e+01  4.299328e+01  6.816220e+01  1.259134e+02 
 2.242340e+00  1.623274e+01  4.218994e+01  6.676527e+01  1.231696e+02 
 2.273597e+00  1.594043e+01  4.136216e+01  6.530130e+01  1.204092e+02 
 2.305289e+00  1.568826e+01  4.054298e+01  6.395108e+01  1.177478e+02 
 2.337424e+00  1.542250e+01  3.972679e+01  6.256375e+01  1.151385e+02 
 2.370006e+00  1.515791e+01  3.894164e+01  6.125112e+01  1.126117e+02 
 2.403043e+00  1.488843e+01  3.816893e+01  5.989703e+01  1.100218e+02 
 2.436540e+00  1.464328e+01  3.741360e+01  5.860783e+01  1.075090e+02 
 2.470504e+00  1.439016e+01  3.665793e+01  5.730362e+01  1.050171e+02 
 2.504942e+00  1.414008e+01  3.592178e+01  5.605909e+01  1.026185e+02 
 2.539859e+00  1.390260e+01  3.516431e+01  5.478339e+01  1.001845e+02 
 2.575263e+00  1.364602e+01  3.441705e+01  5.359461e+01  9.787927e+01 
 2.611161e+00  1.341326e+01  3.369415e+01  5.233954e+01  9.557644e+01 
 2.647559e+00  1.317645e+01  3.297306e+01  5.112326e+01  9.326593e+01 
 2.684465e+00  1.294169e+01  3.228963e+01  4.994653e+01  9.104363e+01 
 2.721885e+00  1.270176e+01  3.156761e+01  4.880150e+01  8.886608e+01 
 2.759826e+00  1.247510e+01  3.087419e+01  4.765294e+01  8.672896e+01 
 2.798297e+00  1.224977e+01  3.021259e+01  4.655054e+01  8.469036e+01 
 2.837304e+00  1.203045e+01  2.954913e+01  4.546222e+01  8.264583e+01 
 2.876854e+00  1.181125e+01  2.889458e+01  4.439078e+01  8.065888e+01 
 2.916956e+00  1.159853e+01  2.826671e+01  4.334505e+01  7.867826e+01 
 2.957617e+00  1.139105e+01  2.765034e+01  4.233697e+01  7.679011e+01 
 2.998844e+00  1.118187e+01  2.704150e+01  4.133033e+01  7.491376e+01 
 3.040646e+00  1.097662e+01  2.643309e+01  4.034050e+01  7.313382e+01 
 3.083031e+00  1.077387e+01  2.583206e+01  3.937547e+01  7.134609e+01 
 3.126007e+00  1.057673e+01  2.525683e+01  3.842558e+01  6.957178e+01 
 3.169582e+00  1.037603e+01  2.466329e+01  3.747711e+01  6.785677e+01 
 3.213764e+00  1.017909e+01  2.409575e+01  3.656016e+01  6.617142e+01 
 3.258562e+00  9.980899e+00  2.354420e+01  3.565867e+01  6.451920e+01 
 3.303985e+00  9.788008e+00  2.298284e+01  3.477813e+01  6.290683e+01 
 3.350041e+00  9.599607e+00  2.243541e+01  3.390589e+01  6.131798e+01 
 3.396739e+00  9.408980e+00  2.190716e+01  3.306974e+01  5.976580e+01 
 3.444087e+00  9.228038e+00  2.137936e+01  3.222873e+01  5.825174e+01 
 3.492096e+00  9.047429e+00  2.087490e+01  3.143449e+01  5.680352e+01 
 3.540774e+00  8.865319e+00  2.038203e+01  3.065249e+01  5.537129e+01 
 3.590130e+00  8.692425e+00  1.989097e+01  2.987838e+01  5.399027e+01 
 3.640175e+00  8.522742e+00  1.941599e+01  2.914076e+01  5.263077e+01 
 3.690917e+00  8.350776e+00  1.895719e+01  2.840055e+01  5.130440e+01 
 3.742366e+00  8.184105e+00  1.849272e+01  2.769243e+01  5.003078e+01 
 3.794533e+00  8.021403e+00  1.805263e+01  2.699943e+01  4.876449e+01 
 3.847427e+00  7.858749e+00  1.760886e+01  2.631618e+01  4.754409e+01 
 3.901058e+00  7.694174e+00  1.718099e+01  2.565098e+01  4.632806e+01 
 3.955436e+00  7.539436e+00  1.675646e+01  2.498529e+01  4.513774e+01 
 4.010573e+00  7.378514e+00  1.633860e+01  2.435119e+01  4.399152e+01 
 4.066478e+00  7.223096e+00  1.592834e+01  2.371856e+01  4.285233e+01 
 4.123163e+00  7.068947e+00  1.553245e+01  2.310503e+01  4.174513e+01 
 4.180637e+00  6.919307e+00  1.514401e+01  2.250873e+01  4.066168e+01 
 4.238913e+00  6.771033e+00  1.475913e+01  2.192368e+01  3.961989e+01 
 4.298001e+00  6.622713e+00  1.438738e+01  2.135762e+01  3.859132e+01 
 4.357913e+00  6.483533e+00  1.402443e+01  2.080680e+01  3.760493e+01 
 4.418660e+00  6.342621e+00  1.367418e+01  2.026877e+01  3.664404e+01 
 4.480254e+00  6.203938e+00  1.332905e+01  1.974616e+01  3.570402e+01 
 4.542706e+00  6.070763e+00  1.299129e+01  1.923597e+01  3.478815e+01 
 4.606029e+00  5.938124e+00  1.266765e+01  1.874403e+01  3.390588e+01 
 4.670234e+00  5.807957e+00  1.234909e+01  1.826703e+01  3.304487e+01 
 4.735335e+00  5.680493e+00  1.203872e+01  1.779666e+01  3.219727e+01 
 4.801343e+00  5.556625e+00  1.173580e+01  1.733864e+01  3.136629e+01 
 4.868271e+00  5.432235e+00  1.143569e+01  1.688705e+01  3.055564e+01 
 4.936132e+00  5.309752e+00  1.114166e+01  1.644743e+01  2.976257e+01 
 5.004939e+00  5.188844e+00  1.085572e+01  1.601675e+01  2.898610e+01 
 5.074705e+00  5.069281e+00  1.057481e+01  1.559509e+01  2.823035e+01 
 5.145444e+00  4.953513e+00  1.030158e+01  1.518517e+01  2.749399e+01 
 5.217169e+00  4.838264e+00  1.003339e+01  1.478467e+01  2.676671e+01 
 5.289893e+00  4.727668e+00  9.774406e+00  1.440003e+01  2.607015e+01 
 5.363631e+00  4.617088e+00  9.521571e+00  1.401957e+01  2.538770e+01 
 5.438397e+00  4.510556e+00  9.274963e+00  1.365293e+01  2.472289e+01 
 5.514206e+00  4.405910e+00  9.035917e+00  1.329687e+01  2.408048e+01 
 5.591071e+00  4.302603e+00  8.804409e+00  1.294978e+01  2.345517e+01 
 5.669007e+00  4.203930e+00  8.577821e+00  1.261478e+01  2.284846e+01 
 5.748030e+00  4.106258e+00  8.358582e+00  1.228690e+01  2.225442e+01 
 5.828155e+00  4.010721e+00  8.145013e+00  1.196938e+01  2.167812e+01 
 5.909396e+00  3.917198e+00  7.935948e+00  1.165911e+01  2.111779e+01 
 5.991770e+00  3.824864e+00  7.731138e+00  1.135482e+01  2.056742e+01 
 6.075292e+00  3.734513e+00  7.531867e+00  1.105827e+01  2.002787e+01 
 6.159978e+00  3.645405e+00  7.336099e+00  1.076776e+01  1.950131e+01 
 6.245845e+00  3.557995e+00  7.145175e+00  1.048414e+01  1.898533e+01 
 6.332908e+00  3.471967e+00  6.957470e+00  1.020641e+01  1.848078e+01 
 6.421186e+00  3.388361e+00  6.775578e+00  9.935420e+00  1.798885e+01 
 6.510694e+00  3.306002e+00  6.597910e+00  9.672693e+00  1.751022e+01 
 6.601449e+00  3.226240e+00  6.425644e+00  9.416758e+00  1.704491e+01 
 6.693470e+00  3.147843e+00  6.257210e+00  9.166980e+00  1.659118e+01 
 6.786773e+00  3.071587e+00  6.094341e+00  8.924816e+00  1.615118e+01 
 6.881377e+00  2.997728e+00  5.936011e+00  8.690201e+00  1.572218e+01 
 6.977300e+00  2.925511e+00  5.782758e+00  8.463177e+00  1.530693e+01 
 7.074559e+00  2.855536e+00  5.633246e+00  8.241194e+00  1.490242e+01 
 7.173175e+00  2.786851e+00  5.488488e+00  8.026115e+00  1.451029e+01 
 7.273165e+00  2.720221e+00  5.347635e+00  7.817586e+00  1.412781e+01 
 7.374549e+00  2.654840e+00  5.209730e+00  7.612980e+00  1.375569e+01 
 7.477346e+00  2.590674e+00  5.075812e+00  7.414644e+00  1.339116e+01 
 7.581576e+00  2.528151e+00  4.943662e+00  7.219135e+00  1.303417e+01 
 7.687260e+00  2.466539e+00  4.815175e+00  7.028418e+00  1.268605e+01 
 7.794416e+00  2.406269e+00  4.689566e+00  6.841413e+00  1.234488e+01 
 7.903066e+00  2.347361e+00  4.566520e+00  6.658871e+00  1.201100e+01 
 8.013230e+00  2.289831e+00  4.447281e+00  6.482501e+00  1.168679e+01 
 8.124930e+00  2.233557e+00  4.330992e+00  6.309813e+00  1.137049e+01 
 8.238187e+00  2.179003e+00  4.217579e+00  6.141665e+00  1.106313e+01 
 8.353023e+00  2.125717e+00  4.107687e+00  5.978824e+00  1.076412e+01 
 8.469460e+00  2.074071e+00  4.001138e+00  5.820724e+00  1.047416e+01 
 8.587519e+00  2.023895e+00  3.897500e+00  5.667073e+00  1.019267e+01 
 8.707225e+00  1.975122e+00  3.796806e+00  5.518208e+00  9.919395e+00 
 8.828599e+00  1.927753e+00  3.699675e+00  5.373684e+00  9.653757e+00 
 8.951665e+00  1.881541e+00  3.605177e+00  5.233323e+00  9.396422e+00 
 9.076446e+00  1.836716e+00  3.513292e+00  5.097274e+00  9.146392e+00 
 9.202967e+00  1.792953e+00  3.423733e+00  4.964612e+00  8.902229e+00 
 9.331251e+00  1.750132e+00  3.336132e+00  4.834644e+00  8.663915e+00 
 9.461324e+00  0.000000e+00  0.000000e+00  0.000000e+00  0.000000e+00 
 9.593209e+00  0.000000e+00  0.000000e+00  0.000000e+00  0.000000e+00 
 9.726934e+00  0.000000e+00  0.000000e+00  0.000000e+00  0.000000e+00 
 9.862522e+00  0.000000e+00  0.000000e+00  0.000000e+00  0.000000e+00 
 1.000000e+01  0.000000e+00  0.000000e+00  0.000000e+00  0.000000e+00 
