 1.000000e-02  5.821032e+03  1.058506e+04  1.428776e+04  2.121514e+04 
 1.013939e-02  5.849993e+03  1.063760e+04  1.435845e+04  2.131954e+04 
 1.028073e-02  5.878433e+03  1.068918e+04  1.442790e+04  2.142208e+04 
 1.042404e-02  5.906303e+03  1.073965e+04  1.449589e+04  2.152259e+04 
 1.056935e-02  5.933561e+03  1.078896e+04  1.456235e+04  2.162088e+04 
 1.071668e-02  5.960211e+03  1.083717e+04  1.462731e+04  2.171696e+04 
 1.086606e-02  5.986254e+03  1.088431e+04  1.469081e+04  2.181075e+04 
 1.101753e-02  6.011642e+03  1.093031e+04  1.475264e+04  2.190209e+04 
 1.117111e-02  6.036367e+03  1.097508e+04  1.481274e+04  2.199099e+04 
 1.132683e-02  6.060402e+03  1.101858e+04  1.487116e+04  2.207735e+04 
 1.148472e-02  6.083706e+03  1.106074e+04  1.492788e+04  2.216109e+04 
 1.164481e-02  6.106285e+03  1.110155e+04  1.498289e+04  2.224214e+04 
 1.180713e-02  6.128135e+03  1.114103e+04  1.503615e+04  2.232050e+04 
 1.197171e-02  6.149212e+03  1.117911e+04  1.508738e+04  2.239601e+04 
 1.213859e-02  6.169487e+03  1.121575e+04  1.513655e+04  2.246859e+04 
 1.230780e-02  6.188942e+03  1.125088e+04  1.518366e+04  2.253814e+04 
 1.247936e-02  6.207545e+03  1.128446e+04  1.522867e+04  2.260454e+04 
 1.265332e-02  6.225267e+03  1.131642e+04  1.527156e+04  2.266778e+04 
 1.282970e-02  6.242094e+03  1.134677e+04  1.531239e+04  2.272777e+04 
 1.300854e-02  6.258017e+03  1.137546e+04  1.535098e+04  2.278448e+04 
 1.318987e-02  6.272990e+03  1.140242e+04  1.538716e+04  2.283773e+04 
 1.337373e-02  6.286995e+03  1.142764e+04  1.542089e+04  2.288741e+04 
 1.356015e-02  6.300033e+03  1.145107e+04  1.545223e+04  2.293345e+04 
 1.374917e-02  6.312063e+03  1.147267e+04  1.548113e+04  2.297573e+04 
 1.394083e-02  6.323048e+03  1.149238e+04  1.550755e+04  2.301427e+04 
 1.413516e-02  6.332988e+03  1.151018e+04  1.553138e+04  2.304906e+04 
 1.433219e-02  6.341856e+03  1.152600e+04  1.555258e+04  2.307996e+04 
 1.453198e-02  6.349623e+03  1.153986e+04  1.557106e+04  2.310681e+04 
 1.473454e-02  6.356294e+03  1.155169e+04  1.558679e+04  2.312955e+04 
 1.493993e-02  6.361816e+03  1.156144e+04  1.559966e+04  2.314805e+04 
 1.514819e-02  6.366119e+03  1.156899e+04  1.560956e+04  2.316220e+04 
 1.535935e-02  6.369218e+03  1.157436e+04  1.561655e+04  2.317207e+04 
 1.557345e-02  6.371110e+03  1.157754e+04  1.562064e+04  2.317763e+04 
 1.579053e-02  6.371769e+03  1.157849e+04  1.562176e+04  2.317877e+04 
 1.601064e-02  6.371192e+03  1.157719e+04  1.561981e+04  2.317535e+04 
 1.623382e-02  6.369340e+03  1.157356e+04  1.561468e+04  2.316726e+04 
 1.646012e-02  6.366187e+03  1.156756e+04  1.560635e+04  2.315440e+04 
 1.668956e-02  6.361749e+03  1.155925e+04  1.559487e+04  2.313681e+04 
 1.692220e-02  6.356009e+03  1.154854e+04  1.558020e+04  2.311443e+04 
 1.715809e-02  6.348908e+03  1.153535e+04  1.556215e+04  2.308713e+04 
 1.739726e-02  6.340431e+03  1.151966e+04  1.554074e+04  2.305490e+04 
 1.763977e-02  6.330586e+03  1.150148e+04  1.551598e+04  2.301766e+04 
 1.788566e-02  6.319347e+03  1.148079e+04  1.548784e+04  2.297530e+04 
 1.813498e-02  6.306691e+03  1.145751e+04  1.545622e+04  2.292783e+04 
 1.838777e-02  6.292623e+03  1.143167e+04  1.542111e+04  2.287523e+04 
 1.864409e-02  6.277125e+03  1.140323e+04  1.538246e+04  2.281745e+04 
 1.890397e-02  6.260187e+03  1.137216e+04  1.534030e+04  2.275437e+04 
 1.916748e-02  6.241798e+03  1.133843e+04  1.529459e+04  2.268595e+04 
 1.943467e-02  6.221938e+03  1.130204e+04  1.524528e+04  2.261219e+04 
 1.970558e-02  6.200614e+03  1.126302e+04  1.519238e+04  2.253317e+04 
 1.998026e-02  6.177815e+03  1.122132e+04  1.513587e+04  2.244886e+04 
 2.025878e-02  6.153536e+03  1.117691e+04  1.507572e+04  2.235917e+04 
 2.054117e-02  6.127771e+03  1.112982e+04  1.501195e+04  2.226411e+04 
 2.082751e-02  6.100521e+03  1.108002e+04  1.494456e+04  2.216360e+04 
 2.111783e-02  6.071792e+03  1.102755e+04  1.487352e+04  2.205767e+04 
 2.141220e-02  6.041686e+03  1.097254e+04  1.479903e+04  2.194656e+04 
 2.171068e-02  6.010724e+03  1.091576e+04  1.472195e+04  2.183110e+04 
 2.201331e-02  5.978298e+03  1.085631e+04  1.464128e+04  2.171041e+04 
 2.232016e-02  5.944423e+03  1.079424e+04  1.455705e+04  2.158433e+04 
 2.263130e-02  5.909105e+03  1.072952e+04  1.446929e+04  2.145297e+04 
 2.294676e-02  5.872343e+03  1.066220e+04  1.437800e+04  2.131637e+04 
 2.326663e-02  5.834144e+03  1.059228e+04  1.428319e+04  2.117456e+04 
 2.359095e-02  5.794529e+03  1.051980e+04  1.418492e+04  2.102765e+04 
 2.391980e-02  5.753555e+03  1.044482e+04  1.408333e+04  2.087585e+04 
 2.425323e-02  5.711229e+03  1.036741e+04  1.397842e+04  2.071915e+04 
 2.459130e-02  5.667563e+03  1.028755e+04  1.387025e+04  2.055757e+04 
 2.493409e-02  5.622565e+03  1.020529e+04  1.375882e+04  2.039121e+04 
 2.528166e-02  5.576285e+03  1.012071e+04  1.364427e+04  2.022020e+04 
 2.563407e-02  5.528750e+03  1.003386e+04  1.352665e+04  2.004467e+04 
 2.599140e-02  5.479996e+03  9.944817e+03  1.340608e+04  1.986478e+04 
 2.635371e-02  5.430066e+03  9.853627e+03  1.328261e+04  1.968063e+04 
 2.672106e-02  5.378986e+03  9.760346e+03  1.315637e+04  1.949234e+04 
 2.709354e-02  5.326815e+03  9.665095e+03  1.302746e+04  1.930012e+04 
 2.747121e-02  5.273597e+03  9.567940e+03  1.289600e+04  1.910413e+04 
 2.785414e-02  5.219320e+03  9.468900e+03  1.276200e+04  1.890447e+04 
 2.824241e-02  5.163787e+03  9.367704e+03  1.262522e+04  1.870098e+04 
 2.863610e-02  5.107368e+03  9.264894e+03  1.248628e+04  1.849430e+04 
 2.903527e-02  5.050093e+03  9.160556e+03  1.234529e+04  1.828457e+04 
 2.944000e-02  4.992019e+03  9.054798e+03  1.220237e+04  1.807206e+04 
 2.985038e-02  4.933229e+03  8.947734e+03  1.205771e+04  1.785693e+04 
 3.026648e-02  4.873792e+03  8.839498e+03  1.191150e+04  1.763950e+04 
 3.068838e-02  4.813788e+03  8.730205e+03  1.176387e+04  1.742001e+04 
 3.111616e-02  4.753268e+03  8.619985e+03  1.161498e+04  1.719867e+04 
 3.154990e-02  4.692284e+03  8.508964e+03  1.146500e+04  1.697573e+04 
 3.198969e-02  4.630912e+03  8.397261e+03  1.131410e+04  1.675147e+04 
 3.243561e-02  4.569254e+03  8.285015e+03  1.116250e+04  1.652616e+04 
 3.288774e-02  4.507367e+03  8.172367e+03  1.101038e+04  1.630004e+04 
 3.334618e-02  4.445334e+03  8.059461e+03  1.085790e+04  1.607346e+04 
 3.381101e-02  4.383226e+03  7.946434e+03  1.070526e+04  1.584666e+04 
 3.428231e-02  4.321131e+03  7.833443e+03  1.055267e+04  1.561993e+04 
 3.476019e-02  4.258958e+03  7.720654e+03  1.040072e+04  1.539517e+04 
 3.524473e-02  4.196950e+03  7.608167e+03  1.024917e+04  1.517104e+04 
 3.573602e-02  4.135199e+03  7.496128e+03  1.009824e+04  1.494784e+04 
 3.623416e-02  4.073774e+03  7.384676e+03  9.948100e+03  1.472583e+04 
 3.673925e-02  4.012755e+03  7.273961e+03  9.798964e+03  1.450531e+04 
 3.725137e-02  3.952224e+03  7.164162e+03  9.651064e+03  1.428652e+04 
 3.777064e-02  3.892268e+03  7.055397e+03  9.504570e+03  1.406982e+04 
 3.829714e-02  3.832963e+03  6.947806e+03  9.359642e+03  1.385544e+04 
 3.883098e-02  3.774378e+03  6.841517e+03  9.216471e+03  1.364368e+04 
 3.937226e-02  3.716580e+03  6.736672e+03  9.075215e+03  1.343477e+04 
 3.992109e-02  3.659639e+03  6.633401e+03  8.936062e+03  1.322898e+04 
 4.047757e-02  3.603619e+03  6.531768e+03  8.799109e+03  1.302634e+04 
 4.104181e-02  3.548454e+03  6.431111e+03  8.662900e+03  1.282305e+04 
 4.161391e-02  3.494357e+03  6.332393e+03  8.529317e+03  1.262367e+04 
 4.219398e-02  3.441377e+03  6.235716e+03  8.398480e+03  1.242838e+04 
 4.278214e-02  3.389563e+03  6.141178e+03  8.270505e+03  1.223737e+04 
 4.337850e-02  3.338973e+03  6.048865e+03  8.145531e+03  1.205082e+04 
 4.398317e-02  3.289649e+03  5.958869e+03  8.023680e+03  1.186893e+04 
 4.459628e-02  3.241637e+03  5.871238e+03  7.905060e+03  1.169181e+04 
 4.521792e-02  3.194972e+03  5.786058e+03  7.789738e+03  1.151960e+04 
 4.584824e-02  3.149674e+03  5.703365e+03  7.677783e+03  1.135238e+04 
 4.648734e-02  3.105770e+03  5.623210e+03  7.569245e+03  1.119022e+04 
 4.713535e-02  3.063372e+03  5.546501e+03  7.466093e+03  1.103803e+04 
 4.779239e-02  3.022446e+03  5.472898e+03  7.367563e+03  1.089387e+04 
 4.845859e-02  2.982942e+03  5.401865e+03  7.272490e+03  1.075478e+04 
 4.913407e-02  2.944859e+03  5.333391e+03  7.180844e+03  1.062076e+04 
 4.981898e-02  2.908182e+03  5.267461e+03  7.092613e+03  1.049177e+04 
 5.051342e-02  2.872896e+03  5.204029e+03  7.007739e+03  1.036773e+04 
 5.121755e-02  2.838954e+03  5.143032e+03  6.926150e+03  1.024851e+04 
 5.193150e-02  2.806319e+03  5.084405e+03  6.847752e+03  1.013400e+04 
 5.265540e-02  2.774954e+03  5.028077e+03  6.772458e+03  1.002403e+04 
 5.338938e-02  2.744594e+03  4.973140e+03  6.698571e+03  9.915002e+03 
 5.413360e-02  2.715137e+03  4.919327e+03  6.625665e+03  9.806005e+03 
 5.488820e-02  2.686796e+03  4.867532e+03  6.555471e+03  9.701035e+03 
 5.565331e-02  2.659465e+03  4.817571e+03  6.487746e+03  9.599734e+03 
 5.642908e-02  2.633003e+03  4.769204e+03  6.422162e+03  9.501618e+03 
 5.721568e-02  2.607296e+03  4.722217e+03  6.358438e+03  9.406259e+03 
 5.801323e-02  2.582404e+03  4.676715e+03  6.296724e+03  9.313870e+03 
 5.882190e-02  2.558449e+03  4.632898e+03  6.237291e+03  9.224871e+03 
 5.964185e-02  2.535455e+03  4.591089e+03  6.180877e+03  9.141107e+03 
 6.047322e-02  2.513329e+03  4.551633e+03  6.128462e+03  9.065453e+03 
 6.131619e-02  2.491229e+03  4.512237e+03  6.076111e+03  8.989902e+03 
 6.217090e-02  2.468860e+03  4.472362e+03  6.023104e+03  8.913396e+03 
 6.303753e-02  2.446209e+03  4.431978e+03  5.969397e+03  8.835864e+03 
 6.391624e-02  2.423300e+03  4.391136e+03  5.915065e+03  8.757404e+03 
 6.480720e-02  2.400127e+03  4.349805e+03  5.860089e+03  8.677964e+03 
 6.571058e-02  2.376547e+03  4.307728e+03  5.804109e+03  8.597027e+03 
 6.662655e-02  2.351240e+03  4.260714e+03  5.739584e+03  8.498205e+03 
 6.755528e-02  2.325116e+03  4.212173e+03  5.672947e+03  8.396125e+03 
 6.849697e-02  2.298092e+03  4.162017e+03  5.604134e+03  8.290875e+03 
 6.945178e-02  2.270069e+03  4.110058e+03  5.532910e+03  8.182084e+03 
 7.041990e-02  2.240952e+03  4.056129e+03  5.459039e+03  8.069433e+03 
 7.140151e-02  2.210654e+03  4.000068e+03  5.382315e+03  7.952614e+03 
 7.239681e-02  2.179361e+03  3.942498e+03  5.303904e+03  7.834365e+03 
 7.340598e-02  2.147063e+03  3.883444e+03  5.223907e+03  7.715028e+03 
 7.442922e-02  2.113386e+03  3.821906e+03  5.140587e+03  7.590790e+03 
 7.546673e-02  2.078313e+03  3.757846e+03  5.053884e+03  7.461585e+03 
 7.651869e-02  2.041847e+03  3.691286e+03  4.963822e+03  7.327452e+03 
 7.758532e-02  2.004023e+03  3.622280e+03  4.870480e+03  7.188500e+03 
 7.866682e-02  1.965673e+03  3.553378e+03  4.778336e+03  7.053967e+03 
 7.976339e-02  1.927358e+03  3.486241e+03  4.690238e+03  6.929692e+03 
 8.087525e-02  1.887854e+03  3.416898e+03  4.599104e+03  6.800770e+03 
 8.200261e-02  1.847277e+03  3.345550e+03  4.505205e+03  6.667603e+03 
 8.314568e-02  1.805786e+03  3.272467e+03  4.408905e+03  6.530698e+03 
 8.430468e-02  1.763551e+03  3.197945e+03  4.310609e+03  6.390633e+03 
 8.547985e-02  1.720120e+03  3.120167e+03  4.206881e+03  6.239930e+03 
 8.667139e-02  1.676061e+03  3.040751e+03  4.100422e+03  6.083954e+03 
 8.787954e-02  1.631904e+03  2.961146e+03  3.993681e+03  5.927476e+03 
 8.910453e-02  1.587883e+03  2.881761e+03  3.887223e+03  5.771339e+03 
 9.034660e-02  1.544244e+03  2.803025e+03  3.781635e+03  5.616414e+03 
 9.160598e-02  1.501900e+03  2.727528e+03  3.681261e+03  5.471246e+03 
 9.288292e-02  1.460987e+03  2.655436e+03  3.586188e+03  5.335693e+03 
 9.417766e-02  1.421089e+03  2.585097e+03  3.493376e+03  5.203257e+03 
 9.549045e-02  1.382444e+03  2.516924e+03  3.403419e+03  5.074795e+03 
 9.682153e-02  1.345241e+03  2.451278e+03  3.316798e+03  4.951052e+03 
 9.817117e-02  1.309962e+03  2.389505e+03  3.235714e+03  4.836291e+03 
 9.953962e-02  1.276568e+03  2.331242e+03  3.159409e+03  4.728757e+03 
 1.009272e-01  1.245094e+03  2.276374e+03  3.087614e+03  4.627677e+03 
 1.023340e-01  1.215638e+03  2.225101e+03  3.020595e+03  4.533492e+03 
 1.037605e-01  1.187717e+03  2.175839e+03  2.955560e+03  4.440621e+03 
 1.052069e-01  1.159781e+03  2.123889e+03  2.884480e+03  4.333148e+03 
 1.066734e-01  1.134070e+03  2.076065e+03  2.819033e+03  4.234149e+03 
 1.081604e-01  1.110545e+03  2.032271e+03  2.759077e+03  4.143396e+03 
 1.096681e-01  1.089147e+03  1.992373e+03  2.704407e+03  4.060577e+03 
 1.111968e-01  1.069864e+03  1.956562e+03  2.655321e+03  3.985783e+03 
 1.127468e-01  1.052446e+03  1.924191e+03  2.610921e+03  3.918037e+03 
 1.143184e-01  1.036707e+03  1.894893e+03  2.570707e+03  3.856565e+03 
 1.159120e-01  1.022427e+03  1.868273e+03  2.534126e+03  3.800526e+03 
 1.175277e-01  1.009931e+03  1.845518e+03  2.503184e+03  3.753672e+03 
 1.191660e-01  9.984149e+02  1.824621e+03  2.474800e+03  3.710727e+03 
 1.208271e-01  9.875522e+02  1.804901e+03  2.448047e+03  3.670211e+03 
 1.225114e-01  9.769767e+02  1.785668e+03  2.421923e+03  3.630650e+03 
 1.242191e-01  9.659262e+02  1.765151e+03  2.393843e+03  3.588163e+03 
 1.259506e-01  9.546130e+02  1.744160e+03  2.365133e+03  3.544769e+03 
 1.277063e-01  9.427428e+02  1.722158e+03  2.335055e+03  3.499338e+03 
 1.294865e-01  9.303313e+02  1.699332e+03  2.303896e+03  3.452091e+03 
 1.312915e-01  9.171933e+02  1.675380e+03  2.271261e+03  3.402416e+03 
 1.331216e-01  9.027845e+02  1.649103e+03  2.235501e+03  3.348073e+03 
 1.349772e-01  8.869815e+02  1.620313e+03  2.196391e+03  3.288847e+03 
 1.368587e-01  8.707783e+02  1.592503e+03  2.160488e+03  3.239940e+03 
 1.387665e-01  8.530641e+02  1.561868e+03  2.120713e+03  3.185114e+03 
 1.407008e-01  8.338772e+02  1.528458e+03  2.077167e+03  3.124443e+03 
 1.426621e-01  8.143085e+02  1.494896e+03  2.033487e+03  3.063096e+03 
 1.446507e-01  7.938611e+02  1.459837e+03  1.987737e+03  2.998326e+03 
 1.466671e-01  7.724496e+02  1.422883e+03  1.939350e+03  2.929370e+03 
 1.487115e-01  7.487229e+02  1.380021e+03  1.881872e+03  2.845217e+03 
 1.507845e-01  7.236393e+02  1.333625e+03  1.818861e+03  2.751671e+03 
 1.528864e-01  6.987175e+02  1.287532e+03  1.756243e+03  2.658625e+03 
 1.550175e-01  6.760527e+02  1.247468e+03  1.703335e+03  2.583181e+03 
 1.571784e-01  6.553607e+02  1.212267e+03  1.658001e+03  2.521039e+03 
 1.593694e-01  6.356617e+02  1.178726e+03  1.614808e+03  2.461764e+03 
 1.615909e-01  6.177500e+02  1.148736e+03  1.576522e+03  2.409624e+03 
 1.638434e-01  6.015344e+02  1.121900e+03  1.542469e+03  2.363684e+03 
 1.661273e-01  5.869442e+02  1.097924e+03  1.512196e+03  2.323242e+03 
 1.684430e-01  5.712812e+02  1.069436e+03  1.474064e+03  2.268179e+03 
 1.707910e-01  5.571098e+02  1.043412e+03  1.439075e+03  2.217589e+03 
 1.731717e-01  5.450670e+02  1.021622e+03  1.409995e+03  2.175809e+03 
 1.755856e-01  5.361689e+02  1.006781e+03  1.390917e+03  2.148955e+03 
 1.780332e-01  5.286532e+02  9.944993e+02  1.375331e+03  2.127399e+03 
 1.805149e-01  5.205810e+02  9.791320e+02  1.353760e+03  2.093210e+03 
 1.830312e-01  5.123375e+02  9.622389e+02  1.329064e+03  2.052252e+03 
 1.855825e-01  5.046206e+02  9.465299e+02  1.306233e+03  2.014680e+03 
 1.881694e-01  4.972291e+02  9.324442e+02  1.286925e+03  1.985680e+03 
 1.907924e-01  4.896375e+02  9.179992e+02  1.267123e+03  1.955964e+03 
 1.934520e-01  4.810724e+02  9.015742e+02  1.244682e+03  1.923168e+03 
 1.961486e-01  4.715892e+02  8.833803e+02  1.219835e+03  1.887018e+03 
 1.988828e-01  4.622020e+02  8.660449e+02  1.196418e+03  1.852789e+03 
 2.016551e-01  4.532776e+02  8.505447e+02  1.175859e+03  1.822588e+03 
 2.044661e-01  4.431694e+02  8.326317e+02  1.151827e+03  1.786801e+03 
 2.073162e-01  4.315278e+02  8.107826e+02  1.121553e+03  1.740128e+03 
 2.102061e-01  4.190754e+02  7.874137e+02  1.089189e+03  1.690229e+03 
 2.131362e-01  4.095015e+02  7.734833e+02  1.072850e+03  1.669701e+03 
 2.161073e-01  3.997196e+02  7.591864e+02  1.056036e+03  1.648485e+03 
 2.191197e-01  3.875892e+02  7.385231e+02  1.029608e+03  1.613131e+03 
 2.221741e-01  3.752838e+02  7.169967e+02  1.001710e+03  1.575395e+03 
 2.252711e-01  3.642191e+02  6.983653e+02  9.781746e+02  1.544540e+03 
 2.284112e-01  3.542494e+02  6.818969e+02  9.576706e+02  1.518223e+03 
 2.315951e-01  3.455322e+02  6.669369e+02  9.379603e+02  1.489306e+03 
 2.348235e-01  3.380537e+02  6.540040e+02  9.206078e+02  1.462736e+03 
 2.380968e-01  3.298921e+02  6.384277e+02  8.990117e+02  1.429962e+03 
 2.414157e-01  3.223342e+02  6.236808e+02  8.784372e+02  1.398894e+03 
 2.447809e-01  3.150819e+02  6.096908e+02  8.591997e+02  1.369717e+03 
 2.481930e-01  3.085244e+02  5.970965e+02  8.419444e+02  1.343588e+03 
 2.516527e-01  3.047756e+02  5.907375e+02  8.333059e+02  1.329951e+03 
 2.551606e-01  3.002433e+02  5.824685e+02  8.219254e+02  1.312391e+03 
 2.587174e-01  2.928867e+02  5.674784e+02  8.009064e+02  1.280895e+03 
 2.623238e-01  2.866487e+02  5.556827e+02  7.847902e+02  1.257155e+03 
 2.659804e-01  2.814857e+02  5.470827e+02  7.736108e+02  1.241211e+03 
 2.696881e-01  2.743838e+02  5.340162e+02  7.559534e+02  1.214719e+03 
 2.734474e-01  2.664219e+02  5.191142e+02  7.356896e+02  1.184101e+03 
 2.772591e-01  2.601419e+02  5.087966e+02  7.228373e+02  1.167637e+03 
 2.811239e-01  2.533795e+02  4.971368e+02  7.079596e+02  1.148630e+03 
 2.850426e-01  2.463285e+02  4.843954e+02  6.914022e+02  1.127954e+03 
 2.890160e-01  2.397772e+02  4.735026e+02  6.775638e+02  1.108723e+03 
 2.930447e-01  2.336479e+02  4.631611e+02  6.639475e+02  1.088070e+03 
 2.971296e-01  2.280032e+02  4.524592e+02  6.481605e+02  1.060805e+03 
 3.012714e-01  2.230281e+02  4.440701e+02  6.372414e+02  1.045100e+03 
 3.054710e-01  2.183639e+02  4.364310e+02  6.278706e+02  1.033263e+03 
 3.097291e-01  2.130086e+02  4.265159e+02  6.147718e+02  1.015166e+03 
 3.140465e-01  2.082588e+02  4.170088e+02  6.011290e+02  9.928125e+02 
 3.184242e-01  2.041041e+02  4.087463e+02  5.892287e+02  9.732390e+02 
 3.228628e-01  2.007280e+02  4.029365e+02  5.818011e+02  9.639881e+02 
 3.273634e-01  1.960245e+02  3.933775e+02  5.679677e+02  9.416579e+02 
 3.319266e-01  1.910438e+02  3.836139e+02  5.543896e+02  9.211231e+02 
 3.365535e-01  1.860946e+02  3.746550e+02  5.427657e+02  9.054712e+02 
 3.412449e-01  1.824850e+02  3.697667e+02  5.369756e+02  8.963299e+02 
 3.460016e-01  1.785138e+02  3.632793e+02  5.286400e+02  8.846768e+02 
 3.508247e-01  1.745617e+02  3.562862e+02  5.193288e+02  8.710512e+02 
 3.557150e-01  1.707114e+02  3.492509e+02  5.098361e+02  8.564404e+02 
 3.606735e-01  1.663678e+02  3.416284e+02  4.999161e+02  8.427626e+02 
 3.657011e-01  1.613748e+02  3.322579e+02  4.870953e+02  8.248730e+02 
 3.707988e-01  1.573701e+02  3.246269e+02  4.766916e+02  8.095105e+02 
 3.759675e-01  1.538075e+02  3.178386e+02  4.673858e+02  7.955599e+02 
 3.812083e-01  1.502721e+02  3.114629e+02  4.587911e+02  7.829277e+02 
 3.865221e-01  1.473334e+02  3.072031e+02  4.540136e+02  7.754197e+02 
 3.919100e-01  1.442041e+02  2.999046e+02  4.428255e+02  7.596679e+02 
 3.973730e-01  1.407034e+02  2.939171e+02  4.352761e+02  7.477257e+02 
 4.029122e-01  1.377820e+02  2.892846e+02  4.288771e+02  7.360327e+02 
 4.085286e-01  1.348439e+02  2.830577e+02  4.199152e+02  7.230542e+02 
 4.142232e-01  1.313225e+02  2.758898e+02  4.103411e+02  7.109178e+02 
 4.199973e-01  1.278418e+02  2.698566e+02  4.026654e+02  6.997513e+02 
 4.258518e-01  1.250170e+02  2.646913e+02  3.954065e+02  6.874217e+02 
 4.317880e-01  1.220498e+02  2.590243e+02  3.870608e+02  6.744370e+02 
 4.378069e-01  1.194699e+02  2.538930e+02  3.796994e+02  6.622554e+02 
 4.439097e-01  1.173556e+02  2.506639e+02  3.758644e+02  6.585559e+02 
 4.500975e-01  1.141411e+02  2.446887e+02  3.677408e+02  6.466279e+02 
 4.563716e-01  1.114223e+02  2.390482e+02  3.595612e+02  6.322021e+02 
 4.627332e-01  1.096473e+02  2.366196e+02  3.569750e+02  6.298720e+02 
 4.691835e-01  1.067695e+02  2.309208e+02  3.488671e+02  6.164395e+02 
 4.757236e-01  1.046843e+02  2.267990e+02  3.431402e+02  6.074863e+02 
 4.823549e-01  1.018351e+02  2.210470e+02  3.349580e+02  5.960669e+02 
 4.890787e-01  9.952903e+01  2.165359e+02  3.288672e+02  5.866607e+02 
 4.958962e-01  9.777400e+01  2.131648e+02  3.236779e+02  5.771122e+02 
 5.028087e-01  9.546127e+01  2.092021e+02  3.183557e+02  5.693141e+02 
 5.098176e-01  9.360750e+01  2.057990e+02  3.135111e+02  5.600050e+02 
 5.169242e-01  9.189894e+01  2.025953e+02  3.091660e+02  5.541484e+02 
 5.241298e-01  8.884234e+01  1.973336e+02  3.026847e+02  5.461458e+02 
 5.314359e-01  8.722143e+01  1.949353e+02  2.994937e+02  5.408507e+02 
 5.388438e-01  8.530878e+01  1.905669e+02  2.929230e+02  5.307620e+02 
 5.463550e-01  8.368464e+01  1.874296e+02  2.882849e+02  5.229358e+02 
 5.539709e-01  8.133967e+01  1.832104e+02  2.829049e+02  5.147841e+02 
 5.616930e-01  7.980963e+01  1.802525e+02  2.787248e+02  5.085280e+02 
 5.695227e-01  7.815308e+01  1.774947e+02  2.753407e+02  5.018362e+02 
 5.774615e-01  7.632139e+01  1.732922e+02  2.690128e+02  4.924993e+02 
 5.855110e-01  7.489099e+01  1.707081e+02  2.651617e+02  4.858047e+02 
 5.936727e-01  7.310367e+01  1.666208e+02  2.593216e+02  4.770085e+02 
 6.019482e-01  7.177461e+01  1.645258e+02  2.560491e+02  4.709161e+02 
 6.103390e-01  6.999736e+01  1.614594e+02  2.521442e+02  4.642240e+02 
 6.188468e-01  6.839499e+01  1.587126e+02  2.495027e+02  4.624540e+02 
 6.274732e-01  6.717512e+01  1.556340e+02  2.441844e+02  4.535514e+02 
 6.362198e-01  6.573066e+01  1.531989e+02  2.407748e+02  4.470565e+02 
 6.450884e-01  6.412374e+01  1.502702e+02  2.366930e+02  4.399121e+02 
 6.540806e-01  6.273925e+01  1.469684e+02  2.316690e+02  4.324157e+02 
 6.631981e-01  6.127001e+01  1.445247e+02  2.289747e+02  4.280353e+02 
 6.724427e-01  6.003638e+01  1.419216e+02  2.252907e+02  4.233657e+02 
 6.818162e-01  5.866114e+01  1.392815e+02  2.207670e+02  4.148219e+02 
 6.913204e-01  5.734520e+01  1.365969e+02  2.172627e+02  4.090352e+02 
 7.009570e-01  5.648787e+01  1.344892e+02  2.141172e+02  4.036884e+02 
 7.107280e-01  5.496365e+01  1.321162e+02  2.108949e+02  3.974026e+02 
 7.206351e-01  5.406703e+01  1.299771e+02  2.079848e+02  3.938677e+02 
 7.306804e-01  5.291548e+01  1.279745e+02  2.047020e+02  3.868459e+02 
 7.408657e-01  5.170174e+01  1.253783e+02  2.009830e+02  3.818188e+02 
 7.511929e-01  5.056592e+01  1.230023e+02  1.979088e+02  3.766428e+02 
 7.616642e-01  4.956030e+01  1.207089e+02  1.945976e+02  3.716978e+02 
 7.722814e-01  4.883784e+01  1.194670e+02  1.924986e+02  3.667229e+02 
 7.830465e-01  4.778567e+01  1.171039e+02  1.890915e+02  3.619118e+02 
 7.939618e-01  4.685379e+01  1.155358e+02  1.866409e+02  3.577363e+02 
 8.050292e-01  4.577319e+01  1.132658e+02  1.839840e+02  3.532897e+02 
 8.162509e-01  4.491150e+01  1.115662e+02  1.809775e+02  3.470865e+02 
 8.276289e-01  4.378495e+01  1.092544e+02  1.778741e+02  3.425806e+02 
 8.391656e-01  4.317111e+01  1.079142e+02  1.752816e+02  3.383566e+02 
 8.508632e-01  4.235396e+01  1.060199e+02  1.728660e+02  3.339637e+02 
 8.627237e-01  4.136805e+01  1.042194e+02  1.701670e+02  3.286724e+02 
 8.747496e-01  4.057654e+01  1.023571e+02  1.675366e+02  3.242966e+02 
 8.869432e-01  3.982625e+01  1.008576e+02  1.652343e+02  3.203891e+02 
 8.993067e-01  3.896847e+01  9.918526e+01  1.627027e+02  3.156189e+02 
 9.118425e-01  3.834438e+01  9.744765e+01  1.599113e+02  3.101260e+02 
 9.245531e-01  3.746304e+01  9.579804e+01  1.573844e+02  3.064923e+02 
 9.374409e-01  3.669751e+01  9.422455e+01  1.552572e+02  3.025420e+02 
 9.505083e-01  3.604594e+01  9.266397e+01  1.529173e+02  2.982378e+02 
 9.637579e-01  3.525018e+01  9.087610e+01  1.501961e+02  2.938108e+02 
 9.771921e-01  3.471807e+01  9.026992e+01  1.487966e+02  2.900037e+02 
 9.908137e-01  3.401464e+01  8.851357e+01  1.462670e+02  2.860289e+02 
 1.004625e+00  3.332050e+01  8.682663e+01  1.437207e+02  2.813746e+02 
 1.018629e+00  3.274023e+01  8.558894e+01  1.416848e+02  2.772315e+02 
 1.032828e+00  3.205941e+01  8.413845e+01  1.397481e+02  2.741264e+02 
 1.047225e+00  3.139504e+01  8.284956e+01  1.375028e+02  2.694084e+02 
 1.061823e+00  3.086621e+01  8.170171e+01  1.356158e+02  2.657700e+02 
 1.076624e+00  3.025374e+01  8.035907e+01  1.335881e+02  2.618627e+02 
 1.091632e+00  2.972614e+01  7.899064e+01  1.316621e+02  2.578812e+02 
 1.106848e+00  2.911720e+01  7.759103e+01  1.295381e+02  2.543713e+02 
 1.122277e+00  2.856410e+01  7.648590e+01  1.274225e+02  2.501523e+02 
 1.137921e+00  2.800984e+01  7.511701e+01  1.254205e+02  2.464913e+02 
 1.153783e+00  2.751720e+01  7.394165e+01  1.235600e+02  2.429827e+02 
 1.169866e+00  2.703058e+01  7.282702e+01  1.217058e+02  2.397374e+02 
 1.186174e+00  2.650257e+01  7.173653e+01  1.198684e+02  2.359119e+02 
 1.202708e+00  2.603568e+01  7.058222e+01  1.181099e+02  2.325324e+02 
 1.219473e+00  2.557857e+01  6.950525e+01  1.164501e+02  2.286808e+02 
 1.236472e+00  2.509527e+01  6.842328e+01  1.147556e+02  2.255042e+02 
 1.253708e+00  2.465218e+01  6.730948e+01  1.127425e+02  2.219978e+02 
 1.271184e+00  2.421269e+01  6.645427e+01  1.114189e+02  2.187192e+02 
 1.288904e+00  2.376516e+01  6.515369e+01  1.094181e+02  2.155095e+02 
 1.306870e+00  2.331637e+01  6.410944e+01  1.076837e+02  2.118542e+02 
 1.325087e+00  2.293224e+01  6.314229e+01  1.061133e+02  2.084046e+02 
 1.343558e+00  2.251862e+01  6.210360e+01  1.044383e+02  2.051331e+02 
 1.362287e+00  2.213165e+01  6.108022e+01  1.026714e+02  2.017080e+02 
 1.381276e+00  2.172148e+01  6.015055e+01  1.008651e+02  1.983288e+02 
 1.400531e+00  2.134620e+01  5.918789e+01  9.935594e+01  1.949830e+02 
 1.420053e+00  2.095318e+01  5.814156e+01  9.780983e+01  1.916742e+02 
 1.439848e+00  2.059068e+01  5.729137e+01  9.614581e+01  1.885944e+02 
 1.459919e+00  2.020493e+01  5.634351e+01  9.459579e+01  1.852600e+02 
 1.480269e+00  1.989584e+01  5.534622e+01  9.291146e+01  1.818312e+02 
 1.500903e+00  1.954126e+01  5.449984e+01  9.138528e+01  1.790537e+02 
 1.521825e+00  1.918760e+01  5.366153e+01  8.998390e+01  1.758736e+02 
 1.543038e+00  1.884031e+01  5.276812e+01  8.855165e+01  1.730749e+02 
 1.564548e+00  1.853790e+01  5.191418e+01  8.706250e+01  1.699047e+02 
 1.586357e+00  1.821704e+01  5.110216e+01  8.561180e+01  1.668959e+02 
 1.608469e+00  1.787788e+01  5.025757e+01  8.415174e+01  1.640902e+02 
 1.630891e+00  1.761646e+01  4.935079e+01  8.253806e+01  1.607924e+02 
 1.653624e+00  1.728496e+01  4.851174e+01  8.121000e+01  1.581739e+02 
 1.676675e+00  1.697888e+01  4.776996e+01  7.986728e+01  1.551403e+02 
 1.700047e+00  1.668110e+01  4.697902e+01  7.847514e+01  1.523826e+02 
 1.723745e+00  1.641552e+01  4.614854e+01  7.710596e+01  1.493621e+02 
 1.747773e+00  1.610695e+01  4.533869e+01  7.570717e+01  1.465068e+02 
 1.772136e+00  1.583161e+01  4.459299e+01  7.432565e+01  1.438636e+02 
 1.796838e+00  1.556690e+01  4.381504e+01  7.299233e+01  1.410784e+02 
 1.821885e+00  1.532901e+01  4.305735e+01  7.164435e+01  1.384520e+02 
 1.847281e+00  1.504706e+01  4.236910e+01  7.044797e+01  1.358012e+02 
 1.873032e+00  1.479637e+01  4.162539e+01  6.903773e+01  1.332160e+02 
 1.899141e+00  1.454242e+01  4.085303e+01  6.780090e+01  1.306071e+02 
 1.925614e+00  1.430699e+01  4.015999e+01  6.658124e+01  1.279462e+02 
 1.952456e+00  1.409926e+01  3.950019e+01  6.539254e+01  1.253995e+02 
 1.979672e+00  1.382726e+01  3.883028e+01  6.416493e+01  1.229188e+02 
 2.007267e+00  1.360782e+01  3.813040e+01  6.287969e+01  1.205185e+02 
 2.035248e+00  1.336397e+01  3.741256e+01  6.165999e+01  1.179490e+02 
 2.063618e+00  1.313372e+01  3.671472e+01  6.044833e+01  1.154811e+02 
 2.092383e+00  1.291836e+01  3.604190e+01  5.924339e+01  1.130546e+02 
 2.121550e+00  1.268674e+01  3.536413e+01  5.807349e+01  1.107069e+02 
 2.151123e+00  1.247412e+01  3.472470e+01  5.689661e+01  1.082789e+02 
 2.181109e+00  1.225663e+01  3.404375e+01  5.576137e+01  1.060105e+02 
 2.211512e+00  1.205173e+01  3.338897e+01  5.459351e+01  1.036681e+02 
 2.242340e+00  1.184552e+01  3.278752e+01  5.352049e+01  1.014440e+02 
 2.273597e+00  1.163128e+01  3.216688e+01  5.238509e+01  9.920321e+01 
 2.305289e+00  1.144497e+01  3.153764e+01  5.132579e+01  9.705555e+01 
 2.337424e+00  1.125321e+01  3.092267e+01  5.023743e+01  9.494605e+01 
 2.370006e+00  1.105767e+01  3.032688e+01  4.920331e+01  9.290234e+01 
 2.403043e+00  1.085750e+01  2.974574e+01  4.814748e+01  9.079955e+01 
 2.436540e+00  1.067930e+01  2.917679e+01  4.714065e+01  8.874608e+01 
 2.470504e+00  1.049466e+01  2.859824e+01  4.611662e+01  8.672023e+01 
 2.504942e+00  1.031380e+01  2.803853e+01  4.513906e+01  8.477518e+01 
 2.539859e+00  1.014048e+01  2.745981e+01  4.413631e+01  8.276277e+01 
 2.575263e+00  9.952841e+00  2.688093e+01  4.319262e+01  8.089580e+01 
 2.611161e+00  9.782285e+00  2.634272e+01  4.219853e+01  7.900389e+01 
 2.647559e+00  9.609337e+00  2.579332e+01  4.123967e+01  7.710669e+01 
 2.684465e+00  9.437719e+00  2.527279e+01  4.031306e+01  7.528305e+01 
 2.721885e+00  9.263621e+00  2.471592e+01  3.939908e+01  7.350467e+01 
 2.759826e+00  9.101202e+00  2.418965e+01  3.848732e+01  7.174309e+01 
 2.798297e+00  8.936373e+00  2.368171e+01  3.760594e+01  7.006677e+01 
 2.837304e+00  8.778099e+00  2.317413e+01  3.673988e+01  6.839822e+01 
 2.876854e+00  8.619519e+00  2.267018e+01  3.589298e+01  6.676525e+01 
 2.916956e+00  8.466553e+00  2.219062e+01  3.506366e+01  6.511731e+01 
 2.957617e+00  8.316634e+00  2.171576e+01  3.426128e+01  6.355713e+01 
 2.998844e+00  8.166783e+00  2.124863e+01  3.346061e+01  6.201006e+01 
 3.040646e+00  8.018782e+00  2.078208e+01  3.265848e+01  6.053516e+01 
 3.083031e+00  7.873473e+00  2.031513e+01  3.188601e+01  5.904804e+01 
 3.126007e+00  7.730193e+00  1.987593e+01  3.112785e+01  5.758194e+01 
 3.169582e+00  7.586298e+00  1.941688e+01  3.035565e+01  5.615314e+01 
 3.213764e+00  7.443854e+00  1.897634e+01  2.962031e+01  5.475226e+01 
 3.258562e+00  7.301349e+00  1.854927e+01  2.889771e+01  5.337693e+01 
 3.303985e+00  7.162989e+00  1.811273e+01  2.818065e+01  5.203321e+01 
 3.350041e+00  7.027634e+00  1.768701e+01  2.748196e+01  5.071520e+01 
 3.396739e+00  6.891393e+00  1.727413e+01  2.680634e+01  4.942493e+01 
 3.444087e+00  6.760029e+00  1.686683e+01  2.612101e+01  4.816247e+01 
 3.492096e+00  6.631185e+00  1.647285e+01  2.548084e+01  4.695460e+01 
 3.540774e+00  6.499214e+00  1.608657e+01  2.484687e+01  4.576003e+01 
 3.590130e+00  6.375863e+00  1.570528e+01  2.421866e+01  4.460803e+01 
 3.640175e+00  6.252903e+00  1.533464e+01  2.362124e+01  4.348105e+01 
 3.690917e+00  6.129790e+00  1.497752e+01  2.301604e+01  4.236635e+01 
 3.742366e+00  6.010378e+00  1.461163e+01  2.244172e+01  4.129978e+01 
 3.794533e+00  5.893258e+00  1.426571e+01  2.187769e+01  4.024129e+01 
 3.847427e+00  5.775378e+00  1.391903e+01  2.131779e+01  3.921925e+01 
 3.901058e+00  5.658011e+00  1.358039e+01  2.077514e+01  3.820053e+01 
 3.955436e+00  5.547163e+00  1.324816e+01  2.023286e+01  3.720284e+01 
 4.010573e+00  5.430471e+00  1.291861e+01  1.971439e+01  3.624740e+01 
 4.066478e+00  5.318018e+00  1.259357e+01  1.919789e+01  3.529306e+01 
 4.123163e+00  5.206912e+00  1.228187e+01  1.869580e+01  3.436671e+01 
 4.180637e+00  5.099624e+00  1.197615e+01  1.820997e+01  3.346353e+01 
 4.238913e+00  4.992509e+00  1.167149e+01  1.773114e+01  3.259160e+01 
 4.298001e+00  4.885545e+00  1.137748e+01  1.726975e+01  3.173412e+01 
 4.357913e+00  4.784820e+00  1.108995e+01  1.681806e+01  3.090973e+01 
 4.418660e+00  4.683752e+00  1.081350e+01  1.637772e+01  3.010794e+01 
 4.480254e+00  4.583286e+00  1.054052e+01  1.594973e+01  2.932230e+01 
 4.542706e+00  4.487127e+00  1.027325e+01  1.553244e+01  2.856003e+01 
 4.606029e+00  4.390969e+00  1.001657e+01  1.512840e+01  2.782290e+01 
 4.670234e+00  4.296488e+00  9.763295e+00  1.474038e+01  2.710514e+01 
 4.735335e+00  4.204496e+00  9.517153e+00  1.435599e+01  2.639923e+01 
 4.801343e+00  4.114810e+00  9.277444e+00  1.398120e+01  2.570609e+01 
 4.868271e+00  4.024119e+00  9.038715e+00  1.361185e+01  2.503074e+01 
 4.936132e+00  3.935483e+00  8.804988e+00  1.325146e+01  2.437116e+01 
 5.004939e+00  3.847207e+00  8.577435e+00  1.289983e+01  2.372378e+01 
 5.074705e+00  3.759979e+00  8.355012e+00  1.255514e+01  2.309731e+01 
 5.145444e+00  3.676048e+00  8.137649e+00  1.222133e+01  2.248373e+01 
 5.217169e+00  3.591797e+00  7.924121e+00  1.189462e+01  2.188116e+01 
 5.289893e+00  3.511214e+00  7.718032e+00  1.158016e+01  2.130460e+01 
 5.363631e+00  3.430530e+00  7.517064e+00  1.127061e+01  2.073815e+01 
 5.438397e+00  3.352661e+00  7.321005e+00  1.097218e+01  2.018747e+01 
 5.514206e+00  3.276228e+00  7.131033e+00  1.068192e+01  1.965581e+01 
 5.591071e+00  3.200578e+00  6.947144e+00  1.039988e+01  1.913724e+01 
 5.669007e+00  3.128344e+00  6.767573e+00  1.012724e+01  1.863769e+01 
 5.748030e+00  3.056626e+00  6.592758e+00  9.860892e+00  1.814669e+01 
 5.828155e+00  2.986560e+00  6.423104e+00  9.602880e+00  1.767173e+01 
 5.909396e+00  2.917780e+00  6.256939e+00  9.351044e+00  1.720928e+01 
 5.991770e+00  2.849842e+00  6.094319e+00  9.104088e+00  1.675611e+01 
 6.075292e+00  2.783150e+00  5.935741e+00  8.863951e+00  1.630979e+01 
 6.159978e+00  2.717464e+00  5.779889e+00  8.628033e+00  1.587764e+01 
 6.245845e+00  2.653134e+00  5.628182e+00  8.398476e+00  1.545307e+01 
 6.332908e+00  2.589627e+00  5.479300e+00  8.173728e+00  1.503822e+01 
 6.421186e+00  2.527720e+00  5.334955e+00  7.954610e+00  1.463434e+01 
 6.510694e+00  2.466916e+00  5.194094e+00  7.742216e+00  1.424172e+01 
 6.601449e+00  2.407978e+00  5.057423e+00  7.535551e+00  1.385956e+01 
 6.693470e+00  2.349801e+00  4.924274e+00  7.334034e+00  1.348763e+01 
 6.786773e+00  2.293508e+00  4.794916e+00  7.138456e+00  1.312756e+01 
 6.881377e+00  2.238650e+00  4.669485e+00  6.949453e+00  1.277687e+01 
 6.977300e+00  2.184995e+00  4.547307e+00  6.766853e+00  1.243674e+01 
 7.074559e+00  2.133148e+00  4.429822e+00  6.588198e+00  1.210571e+01 
 7.173175e+00  2.082167e+00  4.315311e+00  6.414718e+00  1.178539e+01 
 7.273165e+00  2.032725e+00  4.203745e+00  6.246626e+00  1.147324e+01 
 7.374549e+00  1.983957e+00  4.094463e+00  6.082345e+00  1.116930e+01 
 7.477346e+00  1.936197e+00  3.988228e+00  5.922653e+00  1.087115e+01 
 7.581576e+00  1.889566e+00  3.883688e+00  5.765242e+00  1.057959e+01 
 7.687260e+00  1.843609e+00  3.782028e+00  5.612005e+00  1.029530e+01 
 7.794416e+00  1.798594e+00  3.682898e+00  5.461607e+00  1.001674e+01 
 7.903066e+00  1.754697e+00  3.585366e+00  5.314884e+00  9.744374e+00 
 8.013230e+00  1.711704e+00  3.491053e+00  5.173002e+00  9.480001e+00 
 8.124930e+00  1.669654e+00  3.399061e+00  5.034373e+00  9.222096e+00 
 8.238187e+00  1.628942e+00  3.309551e+00  4.899393e+00  8.971162e+00 
 8.353023e+00  1.589070e+00  3.222631e+00  4.768274e+00  8.727161e+00 
 8.469460e+00  1.550418e+00  3.138352e+00  4.641461e+00  8.490894e+00 
 8.587519e+00  1.512926e+00  3.056397e+00  4.517998e+00  8.261191e+00 
 8.707225e+00  1.476415e+00  2.976859e+00  4.398544e+00  8.038286e+00 
 8.828599e+00  1.440954e+00  2.900047e+00  4.282628e+00  7.821869e+00 
 8.951665e+00  1.406254e+00  2.825482e+00  4.169829e+00  7.612297e+00 
 9.076446e+00  1.372716e+00  2.752738e+00  4.060482e+00  7.408170e+00 
 9.202967e+00  1.339863e+00  2.681890e+00  3.953967e+00  7.209106e+00 
 9.331251e+00  1.307686e+00  2.612641e+00  3.849580e+00  7.014750e+00 
 9.461324e+00  0.000000e+00  0.000000e+00  0.000000e+00  0.000000e+00 
 9.593209e+00  0.000000e+00  0.000000e+00  0.000000e+00  0.000000e+00 
 9.726934e+00  0.000000e+00  0.000000e+00  0.000000e+00  0.000000e+00 
 9.862522e+00  0.000000e+00  0.000000e+00  0.000000e+00  0.000000e+00 
 1.000000e+01  0.000000e+00  0.000000e+00  0.000000e+00  0.000000e+00 
