 1.000000e-02  5.632137e+03  1.024299e+04  1.382842e+04  2.054252e+04 
 1.013939e-02  5.663453e+03  1.029978e+04  1.390504e+04  2.065603e+04 
 1.028073e-02  5.694275e+03  1.035566e+04  1.398042e+04  2.076761e+04 
 1.042404e-02  5.724588e+03  1.041062e+04  1.405449e+04  2.087726e+04 
 1.056935e-02  5.754374e+03  1.046465e+04  1.412727e+04  2.098494e+04 
 1.071668e-02  5.783612e+03  1.051771e+04  1.419873e+04  2.109073e+04 
 1.086606e-02  5.812277e+03  1.056976e+04  1.426878e+04  2.119450e+04 
 1.101753e-02  5.840362e+03  1.062071e+04  1.433739e+04  2.129612e+04 
 1.117111e-02  5.867838e+03  1.067053e+04  1.440451e+04  2.139544e+04 
 1.132683e-02  5.894677e+03  1.071918e+04  1.447006e+04  2.149239e+04 
 1.148472e-02  5.920851e+03  1.076662e+04  1.453398e+04  2.158686e+04 
 1.164481e-02  5.946354e+03  1.081283e+04  1.459625e+04  2.167884e+04 
 1.180713e-02  5.971151e+03  1.085779e+04  1.465678e+04  2.176828e+04 
 1.197171e-02  5.995225e+03  1.090141e+04  1.471550e+04  2.185510e+04 
 1.213859e-02  6.018555e+03  1.094368e+04  1.477241e+04  2.193915e+04 
 1.230780e-02  6.041114e+03  1.098453e+04  1.482741e+04  2.202035e+04 
 1.247936e-02  6.062889e+03  1.102395e+04  1.488046e+04  2.209867e+04 
 1.265332e-02  6.083855e+03  1.106192e+04  1.493146e+04  2.217409e+04 
 1.282970e-02  6.103982e+03  1.109834e+04  1.498040e+04  2.224642e+04 
 1.300854e-02  6.123227e+03  1.113316e+04  1.502726e+04  2.231555e+04 
 1.318987e-02  6.141585e+03  1.116634e+04  1.507198e+04  2.238138e+04 
 1.337373e-02  6.159028e+03  1.119786e+04  1.511437e+04  2.244377e+04 
 1.356015e-02  6.175539e+03  1.122768e+04  1.515438e+04  2.250269e+04 
 1.374917e-02  6.191089e+03  1.125575e+04  1.519204e+04  2.255808e+04 
 1.394083e-02  6.205647e+03  1.128203e+04  1.522734e+04  2.260994e+04 
 1.413516e-02  6.219197e+03  1.130647e+04  1.526016e+04  2.265813e+04 
 1.433219e-02  6.231712e+03  1.132903e+04  1.529044e+04  2.270252e+04 
 1.453198e-02  6.243172e+03  1.134966e+04  1.531807e+04  2.274303e+04 
 1.473454e-02  6.253535e+03  1.136829e+04  1.534296e+04  2.277957e+04 
 1.493993e-02  6.262794e+03  1.138491e+04  1.536518e+04  2.281199e+04 
 1.514819e-02  6.270947e+03  1.139954e+04  1.538477e+04  2.284051e+04 
 1.535935e-02  6.277972e+03  1.141212e+04  1.540154e+04  2.286500e+04 
 1.557345e-02  6.283819e+03  1.142258e+04  1.541545e+04  2.288525e+04 
 1.579053e-02  6.288459e+03  1.143082e+04  1.542635e+04  2.290099e+04 
 1.601064e-02  6.291854e+03  1.143678e+04  1.543421e+04  2.291213e+04 
 1.623382e-02  6.294011e+03  1.144049e+04  1.543903e+04  2.291869e+04 
 1.646012e-02  6.294914e+03  1.144194e+04  1.544078e+04  2.292060e+04 
 1.668956e-02  6.294539e+03  1.144108e+04  1.543939e+04  2.291784e+04 
 1.692220e-02  6.292840e+03  1.143779e+04  1.543474e+04  2.291034e+04 
 1.715809e-02  6.289790e+03  1.143204e+04  1.542676e+04  2.289800e+04 
 1.739726e-02  6.285397e+03  1.142384e+04  1.541546e+04  2.288076e+04 
 1.763977e-02  6.279644e+03  1.141315e+04  1.540085e+04  2.285856e+04 
 1.788566e-02  6.272504e+03  1.139997e+04  1.538281e+04  2.283125e+04 
 1.813498e-02  6.263973e+03  1.138424e+04  1.536137e+04  2.279882e+04 
 1.838777e-02  6.254029e+03  1.136594e+04  1.533647e+04  2.276122e+04 
 1.864409e-02  6.242635e+03  1.134500e+04  1.530798e+04  2.271837e+04 
 1.890397e-02  6.229780e+03  1.132140e+04  1.527590e+04  2.267023e+04 
 1.916748e-02  6.215464e+03  1.129516e+04  1.524025e+04  2.261676e+04 
 1.943467e-02  6.199679e+03  1.126624e+04  1.520100e+04  2.255782e+04 
 1.970558e-02  6.182404e+03  1.123462e+04  1.515812e+04  2.249345e+04 
 1.998026e-02  6.163653e+03  1.120030e+04  1.511158e+04  2.242372e+04 
 2.025878e-02  6.143403e+03  1.116326e+04  1.506135e+04  2.234861e+04 
 2.054117e-02  6.121636e+03  1.112344e+04  1.500738e+04  2.226796e+04 
 2.082751e-02  6.098362e+03  1.108090e+04  1.494971e+04  2.218178e+04 
 2.111783e-02  6.073574e+03  1.103560e+04  1.488835e+04  2.209003e+04 
 2.141220e-02  6.047364e+03  1.098769e+04  1.482341e+04  2.199286e+04 
 2.171068e-02  6.020288e+03  1.093797e+04  1.475580e+04  2.189119e+04 
 2.201331e-02  5.991720e+03  1.088554e+04  1.468456e+04  2.178412e+04 
 2.232016e-02  5.961639e+03  1.083037e+04  1.460964e+04  2.167164e+04 
 2.263130e-02  5.930062e+03  1.077249e+04  1.453103e+04  2.155370e+04 
 2.294676e-02  5.896995e+03  1.071189e+04  1.444876e+04  2.143032e+04 
 2.326663e-02  5.862447e+03  1.064861e+04  1.436286e+04  2.130152e+04 
 2.359095e-02  5.826442e+03  1.058266e+04  1.427337e+04  2.116739e+04 
 2.391980e-02  5.788990e+03  1.051410e+04  1.418035e+04  2.102803e+04 
 2.425323e-02  5.750113e+03  1.044293e+04  1.408383e+04  2.088352e+04 
 2.459130e-02  5.709840e+03  1.036924e+04  1.398391e+04  2.073391e+04 
 2.493409e-02  5.668187e+03  1.029305e+04  1.388059e+04  2.057928e+04 
 2.528166e-02  5.625175e+03  1.021438e+04  1.377395e+04  2.041975e+04 
 2.563407e-02  5.580829e+03  1.013330e+04  1.366405e+04  2.025538e+04 
 2.599140e-02  5.535182e+03  1.004985e+04  1.355096e+04  2.008629e+04 
 2.635371e-02  5.488270e+03  9.964101e+03  1.343477e+04  1.991261e+04 
 2.672106e-02  5.440143e+03  9.876131e+03  1.331560e+04  1.973450e+04 
 2.709354e-02  5.390842e+03  9.786050e+03  1.319359e+04  1.955218e+04 
 2.747121e-02  5.340414e+03  9.693919e+03  1.306881e+04  1.936578e+04 
 2.785414e-02  5.288822e+03  9.599704e+03  1.294126e+04  1.917535e+04 
 2.824241e-02  5.235855e+03  9.503129e+03  1.281065e+04  1.898069e+04 
 2.863610e-02  5.181902e+03  9.404755e+03  1.267759e+04  1.878248e+04 
 2.903527e-02  5.127022e+03  9.304709e+03  1.254228e+04  1.858086e+04 
 2.944000e-02  5.071275e+03  9.203077e+03  1.240483e+04  1.837609e+04 
 2.985038e-02  5.014712e+03  9.099973e+03  1.226540e+04  1.816841e+04 
 3.026648e-02  4.957392e+03  8.995506e+03  1.212416e+04  1.795805e+04 
 3.068838e-02  4.899390e+03  8.889791e+03  1.198123e+04  1.774520e+04 
 3.111616e-02  4.840760e+03  8.782960e+03  1.183680e+04  1.753016e+04 
 3.154990e-02  4.781589e+03  8.675133e+03  1.169104e+04  1.731314e+04 
 3.198969e-02  4.721942e+03  8.566471e+03  1.154414e+04  1.709445e+04 
 3.243561e-02  4.661900e+03  8.457088e+03  1.139628e+04  1.687433e+04 
 3.288774e-02  4.601522e+03  8.347111e+03  1.124763e+04  1.665309e+04 
 3.334618e-02  4.540899e+03  8.236671e+03  1.109839e+04  1.643097e+04 
 3.381101e-02  4.480104e+03  8.125920e+03  1.094875e+04  1.620827e+04 
 3.428231e-02  4.419227e+03  8.015030e+03  1.079890e+04  1.598528e+04 
 3.476019e-02  4.358192e+03  7.904193e+03  1.064946e+04  1.576397e+04 
 3.524473e-02  4.297226e+03  7.793503e+03  1.050024e+04  1.554302e+04 
 3.573602e-02  4.236408e+03  7.683110e+03  1.035141e+04  1.532265e+04 
 3.623416e-02  4.175833e+03  7.573149e+03  1.020317e+04  1.510314e+04 
 3.673925e-02  4.115589e+03  7.463744e+03  1.005572e+04  1.488478e+04 
 3.725137e-02  4.055751e+03  7.355082e+03  9.909264e+03  1.466790e+04 
 3.777064e-02  3.996404e+03  7.247318e+03  9.764005e+03  1.445281e+04 
 3.829714e-02  3.937626e+03  7.140599e+03  9.620137e+03  1.423979e+04 
 3.883098e-02  3.879491e+03  7.035041e+03  9.477844e+03  1.402911e+04 
 3.937226e-02  3.822077e+03  6.930794e+03  9.337319e+03  1.382102e+04 
 3.992109e-02  3.765459e+03  6.827991e+03  9.198739e+03  1.361580e+04 
 4.047757e-02  3.709700e+03  6.726724e+03  9.062203e+03  1.341351e+04 
 4.104181e-02  3.654712e+03  6.626308e+03  8.926201e+03  1.321033e+04 
 4.161391e-02  3.600744e+03  6.527734e+03  8.792708e+03  1.301088e+04 
 4.219398e-02  3.547847e+03  6.431122e+03  8.661856e+03  1.281538e+04 
 4.278214e-02  3.496080e+03  6.336567e+03  8.533771e+03  1.262401e+04 
 4.337850e-02  3.445488e+03  6.244165e+03  8.408582e+03  1.243697e+04 
 4.398317e-02  3.396119e+03  6.153996e+03  8.286426e+03  1.225441e+04 
 4.459628e-02  3.348024e+03  6.066141e+03  8.167410e+03  1.207653e+04 
 4.521792e-02  3.301244e+03  5.980682e+03  8.051646e+03  1.190344e+04 
 4.584824e-02  3.255818e+03  5.897678e+03  7.939199e+03  1.173530e+04 
 4.648734e-02  3.211772e+03  5.817196e+03  7.830123e+03  1.157218e+04 
 4.713535e-02  3.169197e+03  5.740100e+03  7.726367e+03  1.141895e+04 
 4.779239e-02  3.128078e+03  5.666072e+03  7.627181e+03  1.127371e+04 
 4.845859e-02  3.088369e+03  5.594595e+03  7.531447e+03  1.113352e+04 
 4.913407e-02  3.050080e+03  5.525673e+03  7.439140e+03  1.099840e+04 
 4.981898e-02  3.013201e+03  5.459296e+03  7.350245e+03  1.086831e+04 
 5.051342e-02  2.977714e+03  5.395434e+03  7.264748e+03  1.074322e+04 
 5.121755e-02  2.943594e+03  5.334056e+03  7.182595e+03  1.062308e+04 
 5.193150e-02  2.910809e+03  5.275094e+03  7.103694e+03  1.050772e+04 
 5.265540e-02  2.879307e+03  5.218451e+03  7.027912e+03  1.039696e+04 
 5.338938e-02  2.848820e+03  5.163190e+03  6.953537e+03  1.028701e+04 
 5.413360e-02  2.819255e+03  5.109082e+03  6.880144e+03  1.017710e+04 
 5.488820e-02  2.790818e+03  5.057033e+03  6.809516e+03  1.007129e+04 
 5.565331e-02  2.763378e+03  5.006800e+03  6.741335e+03  9.969117e+03 
 5.642908e-02  2.736814e+03  4.958167e+03  6.675321e+03  9.870135e+03 
 5.721568e-02  2.711179e+03  4.911216e+03  6.611582e+03  9.774508e+03 
 5.801323e-02  2.686586e+03  4.866144e+03  6.550385e+03  9.682659e+03 
 5.882190e-02  2.662952e+03  4.822795e+03  6.491513e+03  9.594259e+03 
 5.964185e-02  2.640084e+03  4.781123e+03  6.435193e+03  9.510446e+03 
 6.047322e-02  2.617862e+03  4.741427e+03  6.382344e+03  9.434001e+03 
 6.131619e-02  2.595554e+03  4.701584e+03  6.329287e+03  9.357231e+03 
 6.217090e-02  2.573121e+03  4.661521e+03  6.275920e+03  9.279992e+03 
 6.303753e-02  2.550571e+03  4.621244e+03  6.222280e+03  9.202335e+03 
 6.391624e-02  2.527893e+03  4.580729e+03  6.168340e+03  9.124245e+03 
 6.480720e-02  2.504948e+03  4.539720e+03  6.113745e+03  9.045182e+03 
 6.571058e-02  2.481541e+03  4.497868e+03  6.058010e+03  8.964414e+03 
 6.662655e-02  2.456337e+03  4.450919e+03  5.993431e+03  8.865179e+03 
 6.755528e-02  2.430312e+03  4.402432e+03  5.926724e+03  8.762643e+03 
 6.849697e-02  2.403384e+03  4.352315e+03  5.857817e+03  8.656889e+03 
 6.945178e-02  2.375431e+03  4.300338e+03  5.786428e+03  8.547512e+03 
 7.041990e-02  2.346342e+03  4.246316e+03  5.712309e+03  8.434138e+03 
 7.140151e-02  2.316006e+03  4.190047e+03  5.635185e+03  8.316381e+03 
 7.239681e-02  2.284616e+03  4.132182e+03  5.556274e+03  8.197098e+03 
 7.340598e-02  2.252178e+03  4.072781e+03  5.475721e+03  8.076716e+03 
 7.442922e-02  2.218283e+03  4.010756e+03  5.391642e+03  7.951162e+03 
 7.546673e-02  2.182908e+03  3.946061e+03  5.303982e+03  7.820335e+03 
 7.651869e-02  2.146053e+03  3.878700e+03  5.212753e+03  7.684269e+03 
 7.758532e-02  2.107730e+03  3.808695e+03  5.117991e+03  7.543005e+03 
 7.866682e-02  2.068819e+03  3.738731e+03  5.024388e+03  7.406260e+03 
 7.976339e-02  2.029895e+03  3.670522e+03  4.934911e+03  7.280100e+03 
 8.087525e-02  1.989661e+03  3.599884e+03  4.842091e+03  7.148891e+03 
 8.200261e-02  1.948248e+03  3.527046e+03  4.746244e+03  7.013040e+03 
 8.314568e-02  1.905794e+03  3.452253e+03  4.647714e+03  6.873021e+03 
 8.430468e-02  1.862471e+03  3.375818e+03  4.546901e+03  6.729422e+03 
 8.547985e-02  1.817844e+03  3.295930e+03  4.440388e+03  6.574828e+03 
 8.667139e-02  1.772485e+03  3.214196e+03  4.330879e+03  6.414587e+03 
 8.787954e-02  1.726932e+03  3.132077e+03  4.220819e+03  6.253457e+03 
 8.910453e-02  1.681429e+03  3.050017e+03  4.110800e+03  6.092302e+03 
 9.034660e-02  1.636213e+03  2.968454e+03  4.001443e+03  5.932040e+03 
 9.160598e-02  1.592249e+03  2.890145e+03  3.897389e+03  5.781810e+03 
 9.288292e-02  1.549693e+03  2.815242e+03  3.798709e+03  5.641422e+03 
 9.417766e-02  1.508118e+03  2.742028e+03  3.702186e+03  5.503977e+03 
 9.549045e-02  1.467756e+03  2.670909e+03  3.608393e+03  5.370337e+03 
 9.682153e-02  1.428835e+03  2.602294e+03  3.517905e+03  5.241354e+03 
 9.817117e-02  1.391840e+03  2.537535e+03  3.432962e+03  5.121360e+03 
 9.953962e-02  1.356755e+03  2.476330e+03  3.352841e+03  5.008661e+03 
 1.009272e-01  1.323619e+03  2.418588e+03  3.277294e+03  4.902512e+03 
 1.023340e-01  1.292580e+03  2.364561e+03  3.206711e+03  4.803492e+03 
 1.037605e-01  1.263092e+03  2.312533e+03  3.138082e+03  4.705639e+03 
 1.052069e-01  1.233523e+03  2.257526e+03  3.062806e+03  4.591972e+03 
 1.066734e-01  1.206292e+03  2.206834e+03  2.993401e+03  4.487135e+03 
 1.081604e-01  1.181390e+03  2.160426e+03  2.929858e+03  4.391054e+03 
 1.096681e-01  1.158724e+03  2.118123e+03  2.871903e+03  4.303362e+03 
 1.111968e-01  1.138226e+03  2.079928e+03  2.819477e+03  4.223398e+03 
 1.127468e-01  1.119722e+03  2.045418e+03  2.772066e+03  4.150931e+03 
 1.143184e-01  1.103026e+03  2.014258e+03  2.729212e+03  4.085282e+03 
 1.159120e-01  1.087909e+03  1.985975e+03  2.690250e+03  4.025486e+03 
 1.175277e-01  1.074700e+03  1.961709e+03  2.657125e+03  3.975126e+03 
 1.191660e-01  1.062599e+03  1.939538e+03  2.626864e+03  3.929147e+03 
 1.208271e-01  1.051242e+03  1.918734e+03  2.598473e+03  3.885945e+03 
 1.225114e-01  1.040255e+03  1.898548e+03  2.570924e+03  3.843962e+03 
 1.242191e-01  1.028859e+03  1.877167e+03  2.541545e+03  3.799283e+03 
 1.259506e-01  1.017249e+03  1.855401e+03  2.511642e+03  3.753847e+03 
 1.277063e-01  1.005099e+03  1.832664e+03  2.480439e+03  3.706461e+03 
 1.294865e-01  9.924383e+02  1.809193e+03  2.448272e+03  3.657514e+03 
 1.312915e-01  9.790607e+02  1.784652e+03  2.414718e+03  3.606304e+03 
 1.331216e-01  9.643658e+02  1.757713e+03  2.377955e+03  3.550289e+03 
 1.349772e-01  9.482254e+02  1.728163e+03  2.337724e+03  3.489247e+03 
 1.368587e-01  9.317105e+02  1.699803e+03  2.301197e+03  3.439705e+03 
 1.387665e-01  9.135550e+02  1.668400e+03  2.260492e+03  3.383799e+03 
 1.407008e-01  8.938023e+02  1.634020e+03  2.215720e+03  3.321607e+03 
 1.426621e-01  8.736307e+02  1.599516e+03  2.170970e+03  3.259029e+03 
 1.446507e-01  8.524575e+02  1.563306e+03  2.123881e+03  3.192733e+03 
 1.466671e-01  8.301869e+02  1.524933e+03  2.073762e+03  3.121731e+03 
 1.487115e-01  8.054193e+02  1.480359e+03  2.014158e+03  3.034904e+03 
 1.507845e-01  7.791238e+02  1.431914e+03  1.948601e+03  2.938055e+03 
 1.528864e-01  7.528847e+02  1.383562e+03  1.883142e+03  2.841289e+03 
 1.550175e-01  7.289326e+02  1.341419e+03  1.827656e+03  2.762720e+03 
 1.571784e-01  7.069745e+02  1.304236e+03  1.779975e+03  2.697775e+03 
 1.593694e-01  6.859852e+02  1.268659e+03  1.734338e+03  2.635521e+03 
 1.615909e-01  6.667905e+02  1.236605e+03  1.693488e+03  2.580153e+03 
 1.638434e-01  6.493195e+02  1.207732e+03  1.656904e+03  2.530865e+03 
 1.661273e-01  6.335505e+02  1.181847e+03  1.624293e+03  2.487295e+03 
 1.684430e-01  6.164966e+02  1.150792e+03  1.582690e+03  2.427159e+03 
 1.707910e-01  6.010402e+02  1.122361e+03  1.544435e+03  2.371689e+03 
 1.731717e-01  5.878775e+02  1.098467e+03  1.512485e+03  2.325603e+03 
 1.755856e-01  5.780231e+02  1.081808e+03  1.490871e+03  2.294773e+03 
 1.780332e-01  5.697080e+02  1.067991e+03  1.473143e+03  2.269866e+03 
 1.805149e-01  5.608600e+02  1.050992e+03  1.449170e+03  2.231697e+03 
 1.830312e-01  5.519132e+02  1.032510e+03  1.422064e+03  2.186591e+03 
 1.855825e-01  5.436104e+02  1.015437e+03  1.397150e+03  2.145394e+03 
 1.881694e-01  5.357852e+02  1.000397e+03  1.376452e+03  2.114218e+03 
 1.907924e-01  5.278012e+02  9.850652e+02  1.355362e+03  2.082393e+03 
 1.934520e-01  5.188828e+02  9.678546e+02  1.331799e+03  2.047910e+03 
 1.961486e-01  5.090138e+02  9.488287e+02  1.305785e+03  2.010033e+03 
 1.988828e-01  4.993271e+02  9.309338e+02  1.281632e+03  1.974850e+03 
 2.016551e-01  4.902310e+02  9.152651e+02  1.260978e+03  1.944833e+03 
 2.044661e-01  4.798350e+02  8.969671e+02  1.236545e+03  1.908764e+03 
 2.073162e-01  4.677981e+02  8.745597e+02  1.205645e+03  1.861454e+03 
 2.102061e-01  4.548207e+02  8.503804e+02  1.172304e+03  1.810379e+03 
 2.131362e-01  4.449142e+02  8.362969e+02  1.156086e+03  1.790588e+03 
 2.161073e-01  4.346977e+02  8.216641e+02  1.139142e+03  1.769710e+03 
 2.191197e-01  4.217990e+02  7.998786e+02  1.111437e+03  1.732981e+03 
 2.221741e-01  4.086408e+02  7.770307e+02  1.081962e+03  1.693412e+03 
 2.252711e-01  3.966496e+02  7.568713e+02  1.056506e+03  1.659988e+03 
 2.284112e-01  3.857230e+02  7.387937e+02  1.033942e+03  1.630819e+03 
 2.315951e-01  3.761131e+02  7.222218e+02  1.012026e+03  1.598459e+03 
 2.348235e-01  3.678232e+02  7.077872e+02  9.925759e+02  1.568502e+03 
 2.380968e-01  3.586853e+02  6.902213e+02  9.681238e+02  1.531147e+03 
 2.414157e-01  3.502557e+02  6.736425e+02  9.448952e+02  1.495814e+03 
 2.447809e-01  3.422052e+02  6.579715e+02  9.232410e+02  1.462805e+03 
 2.481930e-01  3.349528e+02  6.438956e+02  9.038498e+02  1.433285e+03 
 2.516527e-01  3.308425e+02  6.368073e+02  8.941565e+02  1.417951e+03 
 2.551606e-01  3.260130e+02  6.279289e+02  8.819016e+02  1.399044e+03 
 2.587174e-01  3.182785e+02  6.121733e+02  8.598448e+02  1.366182e+03 
 2.623238e-01  3.117669e+02  5.999075e+02  8.431525e+02  1.341807e+03 
 2.659804e-01  3.065102e+02  5.912906e+02  8.320855e+02  1.326325e+03 
 2.696881e-01  2.991939e+02  5.779875e+02  8.142648e+02  1.299904e+03 
 2.734474e-01  2.908789e+02  5.625905e+02  7.934832e+02  1.268808e+03 
 2.772591e-01  2.843849e+02  5.521391e+02  7.806516e+02  1.252786e+03 
 2.811239e-01  2.772771e+02  5.400196e+02  7.653076e+02  1.233515e+03 
 2.850426e-01  2.697159e+02  5.264038e+02  7.476644e+02  1.211683e+03 
 2.890160e-01  2.625708e+02  5.145242e+02  7.325572e+02  1.190612e+03 
 2.930447e-01  2.558570e+02  5.031740e+02  7.175835e+02  1.167827e+03 
 2.971296e-01  2.495798e+02  4.912154e+02  6.999277e+02  1.137424e+03 
 3.012714e-01  2.439246e+02  4.815086e+02  6.871561e+02  1.118720e+03 
 3.054710e-01  2.386445e+02  4.726814e+02  6.761547e+02  1.104339e+03 
 3.097291e-01  2.326440e+02  4.614881e+02  6.612939e+02  1.083696e+03 
 3.140465e-01  2.273860e+02  4.509035e+02  6.460875e+02  1.058784e+03 
 3.184242e-01  2.228683e+02  4.418775e+02  6.330756e+02  1.037368e+03 
 3.228628e-01  2.193309e+02  4.358445e+02  6.253994e+02  1.027965e+03 
 3.273634e-01  2.143886e+02  4.258496e+02  6.110093e+02  1.004953e+03 
 3.319266e-01  2.091457e+02  4.156542e+02  5.969271e+02  9.838952e+02 
 3.365535e-01  2.040068e+02  4.064828e+02  5.851632e+02  9.683793e+02 
 3.412449e-01  2.003027e+02  4.016399e+02  5.795476e+02  9.596130e+02 
 3.460016e-01  1.960992e+02  3.948456e+02  5.708536e+02  9.475012e+02 
 3.508247e-01  1.918391e+02  3.873220e+02  5.608415e+02  9.328715e+02 
 3.557150e-01  1.876400e+02  3.796226e+02  5.504424e+02  9.169248e+02 
 3.606735e-01  1.828262e+02  3.711208e+02  5.393146e+02  9.013942e+02 
 3.657011e-01  1.772061e+02  3.605428e+02  5.248202e+02  8.810498e+02 
 3.707988e-01  1.727143e+02  3.519453e+02  5.130739e+02  8.636475e+02 
 3.759675e-01  1.687497e+02  3.443574e+02  5.026586e+02  8.480201e+02 
 3.812083e-01  1.648259e+02  3.372454e+02  4.930527e+02  8.338786e+02 
 3.865221e-01  1.616022e+02  3.324971e+02  4.876361e+02  8.252677e+02 
 3.919100e-01  1.583137e+02  3.248776e+02  4.760028e+02  8.090812e+02 
 3.973730e-01  1.546192e+02  3.186705e+02  4.682930e+02  7.970359e+02 
 4.029122e-01  1.515395e+02  3.138605e+02  4.617046e+02  7.850822e+02 
 4.085286e-01  1.484323e+02  3.072791e+02  4.522665e+02  7.715552e+02 
 4.142232e-01  1.446471e+02  2.995890e+02  4.420284e+02  7.586969e+02 
 4.199973e-01  1.408395e+02  2.929934e+02  4.336458e+02  7.465132e+02 
 4.258518e-01  1.376896e+02  2.872025e+02  4.255002e+02  7.326548e+02 
 4.317880e-01  1.343718e+02  2.808316e+02  4.161172e+02  7.181215e+02 
 4.378069e-01  1.315036e+02  2.751256e+02  4.079853e+02  7.048004e+02 
 4.439097e-01  1.291368e+02  2.714291e+02  4.034935e+02  7.002479e+02 
 4.500975e-01  1.255912e+02  2.648510e+02  3.945623e+02  6.871280e+02 
 4.563716e-01  1.226594e+02  2.588285e+02  3.858871e+02  6.718574e+02 
 4.627332e-01  1.207769e+02  2.562566e+02  3.831610e+02  6.694745e+02 
 4.691835e-01  1.176772e+02  2.501572e+02  3.744946e+02  6.551306e+02 
 4.757236e-01  1.154182e+02  2.457171e+02  3.683898e+02  6.457904e+02 
 4.823549e-01  1.123207e+02  2.394740e+02  3.595446e+02  6.336292e+02 
 4.890787e-01  1.098046e+02  2.345722e+02  3.529418e+02  6.233768e+02 
 4.958962e-01  1.078502e+02  2.308111e+02  3.471772e+02  6.128975e+02 
 5.028087e-01  1.052638e+02  2.263510e+02  3.411561e+02  6.040673e+02 
 5.098176e-01  1.032066e+02  2.225789e+02  3.357974e+02  5.937783e+02 
 5.169242e-01  1.013391e+02  2.190758e+02  3.310573e+02  5.874740e+02 
 5.241298e-01  9.798093e+01  2.133190e+02  3.239448e+02  5.787446e+02 
 5.314359e-01  9.620807e+01  2.106632e+02  3.204043e+02  5.729600e+02 
 5.388438e-01  9.414467e+01  2.060175e+02  3.134622e+02  5.624070e+02 
 5.463550e-01  9.238612e+01  2.026158e+02  3.084399e+02  5.540187e+02 
 5.539709e-01  8.980356e+01  1.980079e+02  3.025992e+02  5.450749e+02 
 5.616930e-01  8.810070e+01  1.947134e+02  2.979369e+02  5.381023e+02 
 5.695227e-01  8.625218e+01  1.916190e+02  2.941482e+02  5.306369e+02 
 5.774615e-01  8.424090e+01  1.870268e+02  2.872771e+02  5.206926e+02 
 5.855110e-01  8.265832e+01  1.841683e+02  2.829739e+02  5.133199e+02 
 5.936727e-01  8.069969e+01  1.797002e+02  2.766975e+02  5.038962e+02 
 6.019482e-01  7.923703e+01  1.774367e+02  2.731395e+02  4.974350e+02 
 6.103390e-01  7.728813e+01  1.740994e+02  2.688854e+02  4.901900e+02 
 6.188468e-01  7.551426e+01  1.710413e+02  2.659680e+02  4.880414e+02 
 6.274732e-01  7.416555e+01  1.676923e+02  2.602338e+02  4.786272e+02 
 6.362198e-01  7.256387e+01  1.649797e+02  2.563757e+02  4.712277e+02 
 6.450884e-01  7.078724e+01  1.617738e+02  2.519593e+02  4.637256e+02 
 6.540806e-01  6.928033e+01  1.582147e+02  2.465739e+02  4.557873e+02 
 6.631981e-01  6.767515e+01  1.556064e+02  2.437531e+02  4.511768e+02 
 6.724427e-01  6.633727e+01  1.527763e+02  2.397701e+02  4.462279e+02 
 6.818162e-01  6.483287e+01  1.499497e+02  2.349037e+02  4.372422e+02 
 6.913204e-01  6.338420e+01  1.470126e+02  2.311448e+02  4.309956e+02 
 7.009570e-01  6.243878e+01  1.447091e+02  2.277561e+02  4.252634e+02 
 7.107280e-01  6.075112e+01  1.420868e+02  2.241778e+02  4.184005e+02 
 7.206351e-01  5.975369e+01  1.397450e+02  2.209963e+02  4.144889e+02 
 7.306804e-01  5.846367e+01  1.374961e+02  2.173771e+02  4.070172e+02 
 7.408657e-01  5.710641e+01  1.346387e+02  2.132928e+02  4.014205e+02 
 7.511929e-01  5.583061e+01  1.320010e+02  2.098908e+02  3.957954e+02 
 7.616642e-01  5.470153e+01  1.294665e+02  2.062799e+02  3.902781e+02 
 7.722814e-01  5.388345e+01  1.280302e+02  2.038780e+02  3.847358e+02 
 7.830465e-01  5.269959e+01  1.254149e+02  2.001786e+02  3.794509e+02 
 7.939618e-01  5.164242e+01  1.236397e+02  1.973944e+02  3.750890e+02 
 8.050292e-01  5.044176e+01  1.211500e+02  1.944645e+02  3.700433e+02 
 8.162509e-01  4.948072e+01  1.192757e+02  1.911638e+02  3.633704e+02 
 8.276289e-01  4.822559e+01  1.167465e+02  1.878317e+02  3.585109e+02 
 8.391656e-01  4.753998e+01  1.152698e+02  1.850295e+02  3.541911e+02 
 8.508632e-01  4.663419e+01  1.131749e+02  1.823508e+02  3.493363e+02 
 8.627237e-01  4.553531e+01  1.112138e+02  1.794543e+02  3.435896e+02 
 8.747496e-01  4.464993e+01  1.091860e+02  1.766144e+02  3.389030e+02 
 8.869432e-01  4.381159e+01  1.075179e+02  1.740846e+02  3.345601e+02 
 8.993067e-01  4.286195e+01  1.056889e+02  1.713120e+02  3.295097e+02 
 9.118425e-01  4.215369e+01  1.037883e+02  1.683205e+02  3.236089e+02 
 9.245531e-01  4.117418e+01  1.019524e+02  1.655414e+02  3.197191e+02 
 9.374409e-01  4.032716e+01  1.002423e+02  1.632358e+02  3.154325e+02 
 9.505083e-01  3.959873e+01  9.854869e+01  1.607482e+02  3.108172e+02 
 9.637579e-01  3.871416e+01  9.658500e+01  1.577952e+02  3.061116e+02 
 9.771921e-01  3.812257e+01  9.591137e+01  1.562503e+02  3.020352e+02 
 9.908137e-01  3.734274e+01  9.401854e+01  1.535749e+02  2.979331e+02 
 1.004625e+00  3.658255e+01  9.221041e+01  1.508552e+02  2.928755e+02 
 1.018629e+00  3.593576e+01  9.086353e+01  1.486954e+02  2.885960e+02 
 1.032828e+00  3.519439e+01  8.932112e+01  1.466237e+02  2.853823e+02 
 1.047225e+00  3.445913e+01  8.795551e+01  1.442392e+02  2.804361e+02 
 1.061823e+00  3.387379e+01  8.670485e+01  1.422207e+02  2.764938e+02 
 1.076624e+00  3.319866e+01  8.524815e+01  1.400217e+02  2.723284e+02 
 1.091632e+00  3.260611e+01  8.378525e+01  1.379667e+02  2.681541e+02 
 1.106848e+00  3.192999e+01  8.225494e+01  1.357187e+02  2.643230e+02 
 1.122277e+00  3.131140e+01  8.104387e+01  1.334467e+02  2.598934e+02 
 1.137921e+00  3.069531e+01  7.955843e+01  1.312939e+02  2.559523e+02 
 1.153783e+00  3.014762e+01  7.827005e+01  1.292608e+02  2.522403e+02 
 1.169866e+00  2.958761e+01  7.704615e+01  1.272370e+02  2.486436e+02 
 1.186174e+00  2.899804e+01  7.584304e+01  1.252501e+02  2.446001e+02 
 1.202708e+00  2.847623e+01  7.458030e+01  1.233490e+02  2.408731e+02 
 1.219473e+00  2.796037e+01  7.340630e+01  1.215308e+02  2.368173e+02 
 1.236472e+00  2.742102e+01  7.222522e+01  1.197073e+02  2.333786e+02 
 1.253708e+00  2.692532e+01  7.100944e+01  1.176086e+02  2.297380e+02 
 1.271184e+00  2.643740e+01  7.010078e+01  1.161536e+02  2.261758e+02 
 1.288904e+00  2.594540e+01  6.871275e+01  1.140269e+02  2.228556e+02 
 1.306870e+00  2.544583e+01  6.759446e+01  1.122051e+02  2.190694e+02 
 1.325087e+00  2.502173e+01  6.655279e+01  1.105155e+02  2.153440e+02 
 1.343558e+00  2.456268e+01  6.544872e+01  1.087159e+02  2.118844e+02 
 1.362287e+00  2.413771e+01  6.435163e+01  1.068422e+02  2.083253e+02 
 1.381276e+00  2.368166e+01  6.332333e+01  1.049299e+02  2.048198e+02 
 1.400531e+00  2.326550e+01  6.228760e+01  1.033090e+02  2.012028e+02 
 1.420053e+00  2.282537e+01  6.117380e+01  1.016749e+02  1.977534e+02 
 1.439848e+00  2.242069e+01  6.024479e+01  9.988917e+01  1.944646e+02 
 1.459919e+00  2.199047e+01  5.922114e+01  9.822794e+01  1.909347e+02 
 1.480269e+00  2.164786e+01  5.814540e+01  9.647619e+01  1.873243e+02 
 1.500903e+00  2.125224e+01  5.722643e+01  9.481607e+01  1.843927e+02 
 1.521825e+00  2.086015e+01  5.633152e+01  9.332631e+01  1.810838e+02 
 1.543038e+00  2.047739e+01  5.537184e+01  9.181777e+01  1.780856e+02 
 1.564548e+00  2.014713e+01  5.446225e+01  9.022949e+01  1.747783e+02 
 1.586357e+00  1.979467e+01  5.361013e+01  8.872403e+01  1.716030e+02 
 1.608469e+00  1.942657e+01  5.272019e+01  8.721087e+01  1.686921e+02 
 1.630891e+00  1.914656e+01  5.175702e+01  8.553706e+01  1.653322e+02 
 1.653624e+00  1.878203e+01  5.087216e+01  8.414496e+01  1.625618e+02 
 1.676675e+00  1.844763e+01  5.009298e+01  8.273837e+01  1.594202e+02 
 1.700047e+00  1.811903e+01  4.924678e+01  8.124969e+01  1.564908e+02 
 1.723745e+00  1.782264e+01  4.837108e+01  7.979783e+01  1.533481e+02 
 1.747773e+00  1.748636e+01  4.750652e+01  7.831338e+01  1.503910e+02 
 1.772136e+00  1.718044e+01  4.669107e+01  7.686768e+01  1.476131e+02 
 1.796838e+00  1.688859e+01  4.585794e+01  7.547165e+01  1.446930e+02 
 1.821885e+00  1.661964e+01  4.504751e+01  7.403910e+01  1.419041e+02 
 1.847281e+00  1.631595e+01  4.431903e+01  7.275361e+01  1.391192e+02 
 1.873032e+00  1.603662e+01  4.350937e+01  7.126429e+01  1.363852e+02 
 1.899141e+00  1.575516e+01  4.269007e+01  6.996720e+01  1.336807e+02 
 1.925614e+00  1.549429e+01  4.195344e+01  6.867881e+01  1.309146e+02 
 1.952456e+00  1.526809e+01  4.125226e+01  6.742245e+01  1.282753e+02 
 1.979672e+00  1.497234e+01  4.054385e+01  6.615868e+01  1.256997e+02 
 2.007267e+00  1.473657e+01  3.981353e+01  6.480141e+01  1.231995e+02 
 2.035248e+00  1.446932e+01  3.905621e+01  6.354260e+01  1.205925e+02 
 2.063618e+00  1.421956e+01  3.831907e+01  6.229732e+01  1.180401e+02 
 2.092383e+00  1.398392e+01  3.761649e+01  6.104158e+01  1.155559e+02 
 2.121550e+00  1.373437e+01  3.689856e+01  5.982778e+01  1.130834e+02 
 2.151123e+00  1.350282e+01  3.621809e+01  5.859591e+01  1.105972e+02 
 2.181109e+00  1.326579e+01  3.550638e+01  5.741367e+01  1.082715e+02 
 2.211512e+00  1.303978e+01  3.480860e+01  5.619320e+01  1.057887e+02 
 2.242340e+00  1.281363e+01  3.417393e+01  5.505962e+01  1.035121e+02 
 2.273597e+00  1.257875e+01  3.350877e+01  5.386643e+01  1.012176e+02 
 2.305289e+00  1.237673e+01  3.285195e+01  5.275858e+01  9.899091e+01 
 2.337424e+00  1.216326e+01  3.219505e+01  5.163283e+01  9.681611e+01 
 2.370006e+00  1.195041e+01  3.156664e+01  5.055588e+01  9.467785e+01 
 2.403043e+00  1.173280e+01  3.095257e+01  4.945676e+01  9.252387e+01 
 2.436540e+00  1.154033e+01  3.035391e+01  4.841516e+01  9.042874e+01 
 2.470504e+00  1.134084e+01  2.975615e+01  4.735677e+01  8.837727e+01 
 2.504942e+00  1.114659e+01  2.917682e+01  4.635369e+01  8.638671e+01 
 2.539859e+00  1.096027e+01  2.857802e+01  4.532730e+01  8.436706e+01 
 2.575263e+00  1.075811e+01  2.797989e+01  4.435953e+01  8.246033e+01 
 2.611161e+00  1.057623e+01  2.741160e+01  4.334468e+01  8.053403e+01 
 2.647559e+00  1.038902e+01  2.683943e+01  4.235450e+01  7.860323e+01 
 2.684465e+00  1.020506e+01  2.629592e+01  4.139708e+01  7.673777e+01 
 2.721885e+00  1.001528e+01  2.571501e+01  4.045604e+01  7.491505e+01 
 2.759826e+00  9.837655e+00  2.515693e+01  3.951511e+01  7.312309e+01 
 2.798297e+00  9.658065e+00  2.463068e+01  3.860455e+01  7.139670e+01 
 2.837304e+00  9.485250e+00  2.409623e+01  3.770793e+01  6.967093e+01 
 2.876854e+00  9.312117e+00  2.356921e+01  3.682591e+01  6.799742e+01 
 2.916956e+00  9.144876e+00  2.306609e+01  3.596886e+01  6.632468e+01 
 2.957617e+00  8.982235e+00  2.256751e+01  3.514058e+01  6.472325e+01 
 2.998844e+00  8.819006e+00  2.208091e+01  3.431397e+01  6.314875e+01 
 3.040646e+00  8.658872e+00  2.159294e+01  3.350118e+01  6.165246e+01 
 3.083031e+00  8.502616e+00  2.111393e+01  3.271375e+01  6.015237e+01 
 3.126007e+00  8.350724e+00  2.065720e+01  3.194290e+01  5.867381e+01 
 3.169582e+00  8.196155e+00  2.018627e+01  3.116475e+01  5.723616e+01 
 3.213764e+00  8.043703e+00  1.973335e+01  3.041621e+01  5.582764e+01 
 3.258562e+00  7.890647e+00  1.929198e+01  2.968142e+01  5.443910e+01 
 3.303985e+00  7.741707e+00  1.884097e+01  2.895123e+01  5.308057e+01 
 3.350041e+00  7.595979e+00  1.839975e+01  2.823529e+01  5.174382e+01 
 3.396739e+00  7.448048e+00  1.797210e+01  2.754430e+01  5.042458e+01 
 3.444087e+00  7.305786e+00  1.754800e+01  2.684564e+01  4.915193e+01 
 3.492096e+00  7.166034e+00  1.713961e+01  2.618558e+01  4.792109e+01 
 3.540774e+00  7.022820e+00  1.673699e+01  2.553800e+01  4.670957e+01 
 3.590130e+00  6.888159e+00  1.633845e+01  2.489505e+01  4.553359e+01 
 3.640175e+00  6.755679e+00  1.595311e+01  2.428351e+01  4.438343e+01 
 3.690917e+00  6.621842e+00  1.558371e+01  2.366620e+01  4.325834e+01 
 3.742366e+00  6.492070e+00  1.520552e+01  2.307995e+01  4.217915e+01 
 3.794533e+00  6.366932e+00  1.484844e+01  2.250615e+01  4.111306e+01 
 3.847427e+00  6.240963e+00  1.449256e+01  2.194168e+01  4.008637e+01 
 3.901058e+00  6.115710e+00  1.414720e+01  2.139605e+01  3.906899e+01 
 3.955436e+00  5.996963e+00  1.380657e+01  2.084923e+01  3.807252e+01 
 4.010573e+00  5.873653e+00  1.347025e+01  2.032638e+01  3.711159e+01 
 4.066478e+00  5.753148e+00  1.313637e+01  1.980447e+01  3.615437e+01 
 4.123163e+00  5.633302e+00  1.281566e+01  1.929532e+01  3.521926e+01 
 4.180637e+00  5.517772e+00  1.250022e+01  1.880166e+01  3.430554e+01 
 4.238913e+00  5.401957e+00  1.218643e+01  1.831286e+01  3.342227e+01 
 4.298001e+00  5.286093e+00  1.188181e+01  1.784180e+01  3.255278e+01 
 4.357913e+00  5.177350e+00  1.158330e+01  1.738320e+01  3.171696e+01 
 4.418660e+00  5.066889e+00  1.129709e+01  1.693093e+01  3.090206e+01 
 4.480254e+00  4.958547e+00  1.101313e+01  1.649451e+01  3.010259e+01 
 4.542706e+00  4.854136e+00  1.073620e+01  1.606800e+01  2.932594e+01 
 4.606029e+00  4.750246e+00  1.047037e+01  1.565555e+01  2.857774e+01 
 4.670234e+00  4.648333e+00  1.020872e+01  1.525827e+01  2.784849e+01 
 4.735335e+00  4.549314e+00  9.955056e+00  1.486686e+01  2.713503e+01 
 4.801343e+00  4.453101e+00  9.708935e+00  1.448791e+01  2.643856e+01 
 4.868271e+00  4.356665e+00  9.465466e+00  1.411553e+01  2.576029e+01 
 4.936132e+00  4.262081e+00  9.226594e+00  1.375119e+01  2.509761e+01 
 5.004939e+00  4.167906e+00  8.993237e+00  1.339534e+01  2.444681e+01 
 5.074705e+00  4.074734e+00  8.764022e+00  1.304490e+01  2.381203e+01 
 5.145444e+00  3.984291e+00  8.539707e+00  1.270499e+01  2.319053e+01 
 5.217169e+00  3.893738e+00  8.319549e+00  1.237038e+01  2.257999e+01 
 5.289893e+00  3.806803e+00  8.106191e+00  1.204911e+01  2.199224e+01 
 5.363631e+00  3.719301e+00  7.897404e+00  1.173068e+01  2.141494e+01 
 5.438397e+00  3.635123e+00  7.693431e+00  1.142414e+01  2.085184e+01 
 5.514206e+00  3.552260e+00  7.495754e+00  1.112504e+01  2.030677e+01 
 5.591071e+00  3.470301e+00  7.303666e+00  1.083432e+01  1.977573e+01 
 5.669007e+00  3.391980e+00  7.116741e+00  1.055265e+01  1.926376e+01 
 5.748030e+00  3.314433e+00  6.934853e+00  1.027763e+01  1.876031e+01 
 5.828155e+00  3.238689e+00  6.758152e+00  1.001216e+01  1.827347e+01 
 5.909396e+00  3.164677e+00  6.586144e+00  9.753316e+00  1.780161e+01 
 5.991770e+00  3.092051e+00  6.418263e+00  9.500092e+00  1.734204e+01 
 6.075292e+00  3.021045e+00  6.255236e+00  9.254861e+00  1.688973e+01 
 6.159978e+00  2.950986e+00  6.094612e+00  9.014676e+00  1.645043e+01 
 6.245845e+00  2.882195e+00  5.937661e+00  8.779690e+00  1.601924e+01 
 6.332908e+00  2.814156e+00  5.783521e+00  8.548445e+00  1.559521e+01 
 6.421186e+00  2.747687e+00  5.633431e+00  8.322741e+00  1.518221e+01 
 6.510694e+00  2.682157e+00  5.486545e+00  8.103128e+00  1.477979e+01 
 6.601449e+00  2.618439e+00  5.343737e+00  7.889001e+00  1.438642e+01 
 6.693470e+00  2.555500e+00  5.204024e+00  7.679757e+00  1.400279e+01 
 6.786773e+00  2.494437e+00  5.068198e+00  7.476330e+00  1.363113e+01 
 6.881377e+00  2.435011e+00  4.936605e+00  7.278927e+00  1.326782e+01 
 6.977300e+00  2.376809e+00  4.808767e+00  7.088406e+00  1.291544e+01 
 7.074559e+00  2.320470e+00  4.684337e+00  6.901635e+00  1.257261e+01 
 7.173175e+00  2.265156e+00  4.563699e+00  6.720861e+00  1.224045e+01 
 7.273165e+00  2.211645e+00  4.446489e+00  6.545928e+00  1.191773e+01 
 7.374549e+00  2.159149e+00  4.332348e+00  6.375186e+00  1.160458e+01 
 7.477346e+00  2.107871e+00  4.221595e+00  6.209966e+00  1.129846e+01 
 7.581576e+00  2.058042e+00  4.113080e+00  6.047906e+00  1.100043e+01 
 7.687260e+00  2.008917e+00  4.007509e+00  5.889885e+00  1.070956e+01 
 7.794416e+00  1.960760e+00  3.904106e+00  5.734567e+00  1.042376e+01 
 7.903066e+00  1.913578e+00  3.802203e+00  5.582613e+00  1.014371e+01 
 8.013230e+00  1.867261e+00  3.703508e+00  5.435246e+00  9.871110e+00 
 8.124930e+00  1.821887e+00  3.606819e+00  5.290948e+00  9.604516e+00 
 8.238187e+00  1.777776e+00  3.512583e+00  5.149997e+00  9.344606e+00 
 8.353023e+00  1.734563e+00  3.420893e+00  5.013036e+00  9.091602e+00 
 8.469460e+00  1.692595e+00  3.331910e+00  4.880146e+00  8.845861e+00 
 8.587519e+00  1.651765e+00  3.245270e+00  4.750690e+00  8.606901e+00 
 8.707225e+00  1.612012e+00  3.161126e+00  4.625330e+00  8.375128e+00 
 8.828599e+00  1.573425e+00  3.079794e+00  4.503788e+00  8.149738e+00 
 8.951665e+00  1.535791e+00  3.000875e+00  4.385514e+00  7.931867e+00 
 9.076446e+00  1.499387e+00  2.924148e+00  4.271124e+00  7.720126e+00 
 9.202967e+00  1.463878e+00  2.849661e+00  4.160185e+00  7.514262e+00 
 9.331251e+00  1.429267e+00  2.777179e+00  4.051852e+00  7.314289e+00 
 9.461324e+00  0.000000e+00  0.000000e+00  0.000000e+00  0.000000e+00 
 9.593209e+00  0.000000e+00  0.000000e+00  0.000000e+00  0.000000e+00 
 9.726934e+00  0.000000e+00  0.000000e+00  0.000000e+00  0.000000e+00 
 9.862522e+00  0.000000e+00  0.000000e+00  0.000000e+00  0.000000e+00 
 1.000000e+01  0.000000e+00  0.000000e+00  0.000000e+00  0.000000e+00 
