 1.000000e-02  6.161481e+03  1.115271e+04  1.499337e+04  2.208951e+04 
 1.013939e-02  6.190539e+03  1.120509e+04  1.506373e+04  2.219270e+04 
 1.028073e-02  6.218978e+03  1.125635e+04  1.513263e+04  2.229363e+04 
 1.042404e-02  6.246771e+03  1.130650e+04  1.519997e+04  2.239232e+04 
 1.056935e-02  6.273906e+03  1.135550e+04  1.526562e+04  2.248867e+04 
 1.071668e-02  6.300351e+03  1.140322e+04  1.532955e+04  2.258249e+04 
 1.086606e-02  6.326082e+03  1.144961e+04  1.539167e+04  2.267370e+04 
 1.101753e-02  6.351077e+03  1.149465e+04  1.545199e+04  2.276225e+04 
 1.117111e-02  6.375315e+03  1.153832e+04  1.551055e+04  2.284808e+04 
 1.132683e-02  6.398779e+03  1.158056e+04  1.556728e+04  2.293112e+04 
 1.148472e-02  6.421443e+03  1.162136e+04  1.562201e+04  2.301129e+04 
 1.164481e-02  6.443291e+03  1.166065e+04  1.567469e+04  2.308849e+04 
 1.180713e-02  6.464286e+03  1.169843e+04  1.572531e+04  2.316262e+04 
 1.197171e-02  6.484389e+03  1.173462e+04  1.577373e+04  2.323360e+04 
 1.213859e-02  6.503592e+03  1.176917e+04  1.581998e+04  2.330133e+04 
 1.230780e-02  6.521880e+03  1.180208e+04  1.586399e+04  2.336572e+04 
 1.247936e-02  6.539226e+03  1.183328e+04  1.590571e+04  2.342665e+04 
 1.265332e-02  6.555600e+03  1.186269e+04  1.594508e+04  2.348403e+04 
 1.282970e-02  6.570979e+03  1.189027e+04  1.598197e+04  2.353781e+04 
 1.300854e-02  6.585343e+03  1.191600e+04  1.601635e+04  2.358791e+04 
 1.318987e-02  6.598664e+03  1.193988e+04  1.604816e+04  2.363440e+04 
 1.337373e-02  6.610925e+03  1.196184e+04  1.607739e+04  2.367712e+04 
 1.356015e-02  6.622079e+03  1.198180e+04  1.610400e+04  2.371588e+04 
 1.374917e-02  6.632106e+03  1.199968e+04  1.612798e+04  2.375049e+04 
 1.394083e-02  6.640988e+03  1.201549e+04  1.614916e+04  2.378091e+04 
 1.413516e-02  6.648696e+03  1.202919e+04  1.616726e+04  2.380714e+04 
 1.433219e-02  6.655211e+03  1.204074e+04  1.618236e+04  2.382908e+04 
 1.453198e-02  6.660527e+03  1.205008e+04  1.619469e+04  2.384665e+04 
 1.473454e-02  6.664616e+03  1.205719e+04  1.620417e+04  2.385979e+04 
 1.493993e-02  6.667445e+03  1.206201e+04  1.621053e+04  2.386839e+04 
 1.514819e-02  6.668867e+03  1.206435e+04  1.621337e+04  2.387211e+04 
 1.535935e-02  6.668915e+03  1.206422e+04  1.621288e+04  2.387104e+04 
 1.557345e-02  6.667616e+03  1.206165e+04  1.620917e+04  2.386522e+04 
 1.579053e-02  6.664950e+03  1.205659e+04  1.620221e+04  2.385457e+04 
 1.601064e-02  6.660921e+03  1.204909e+04  1.619192e+04  2.383900e+04 
 1.623382e-02  6.655518e+03  1.203906e+04  1.617821e+04  2.381838e+04 
 1.646012e-02  6.648697e+03  1.202647e+04  1.616103e+04  2.379261e+04 
 1.668956e-02  6.640423e+03  1.201127e+04  1.614038e+04  2.376157e+04 
 1.692220e-02  6.630686e+03  1.199341e+04  1.611619e+04  2.372531e+04 
 1.715809e-02  6.619476e+03  1.197289e+04  1.608844e+04  2.368391e+04 
 1.739726e-02  6.606794e+03  1.194969e+04  1.605708e+04  2.363735e+04 
 1.763977e-02  6.592605e+03  1.192377e+04  1.602205e+04  2.358537e+04 
 1.788566e-02  6.576881e+03  1.189509e+04  1.598329e+04  2.352778e+04 
 1.813498e-02  6.559621e+03  1.186361e+04  1.594076e+04  2.346454e+04 
 1.838777e-02  6.540819e+03  1.182935e+04  1.589448e+04  2.339580e+04 
 1.864409e-02  6.520463e+03  1.179225e+04  1.584440e+04  2.332153e+04 
 1.890397e-02  6.498540e+03  1.175233e+04  1.579053e+04  2.324167e+04 
 1.916748e-02  6.475053e+03  1.170960e+04  1.573287e+04  2.315624e+04 
 1.943467e-02  6.449974e+03  1.166399e+04  1.567134e+04  2.306514e+04 
 1.970558e-02  6.423283e+03  1.161546e+04  1.560589e+04  2.296822e+04 
 1.998026e-02  6.394996e+03  1.156402e+04  1.553655e+04  2.286560e+04 
 2.025878e-02  6.365120e+03  1.150973e+04  1.546336e+04  2.275731e+04 
 2.054117e-02  6.333672e+03  1.145256e+04  1.538633e+04  2.264343e+04 
 2.082751e-02  6.300627e+03  1.139252e+04  1.530543e+04  2.252386e+04 
 2.111783e-02  6.265973e+03  1.132959e+04  1.522062e+04  2.239853e+04 
 2.141220e-02  6.229836e+03  1.126393e+04  1.513213e+04  2.226769e+04 
 2.171068e-02  6.192795e+03  1.119644e+04  1.504099e+04  2.213230e+04 
 2.201331e-02  6.154194e+03  1.112615e+04  1.494606e+04  2.199133e+04 
 2.232016e-02  6.114046e+03  1.105303e+04  1.484735e+04  2.184490e+04 
 2.263130e-02  6.072327e+03  1.097707e+04  1.474485e+04  2.169298e+04 
 2.294676e-02  6.029083e+03  1.089837e+04  1.463863e+04  2.153569e+04 
 2.326663e-02  5.984369e+03  1.081702e+04  1.452887e+04  2.137304e+04 
 2.359095e-02  5.938180e+03  1.073301e+04  1.441553e+04  2.120511e+04 
 2.391980e-02  5.890528e+03  1.064634e+04  1.429863e+04  2.103189e+04 
 2.425323e-02  5.841447e+03  1.055708e+04  1.417826e+04  2.085355e+04 
 2.459130e-02  5.790953e+03  1.046528e+04  1.405447e+04  2.067030e+04 
 2.493409e-02  5.739108e+03  1.037104e+04  1.392742e+04  2.048225e+04 
 2.528166e-02  5.685929e+03  1.027441e+04  1.379715e+04  2.028949e+04 
 2.563407e-02  5.631467e+03  1.017546e+04  1.366376e+04  2.009212e+04 
 2.599140e-02  5.575759e+03  1.007426e+04  1.352734e+04  1.989030e+04 
 2.635371e-02  5.518865e+03  9.970895e+03  1.338805e+04  1.968426e+04 
 2.672106e-02  5.460818e+03  9.865475e+03  1.324599e+04  1.947417e+04 
 2.709354e-02  5.401674e+03  9.758086e+03  1.310128e+04  1.926020e+04 
 2.747121e-02  5.341471e+03  9.648801e+03  1.295402e+04  1.904251e+04 
 2.785414e-02  5.280226e+03  9.537642e+03  1.280430e+04  1.882124e+04 
 2.824241e-02  5.217757e+03  9.424408e+03  1.265190e+04  1.859639e+04 
 2.863610e-02  5.154436e+03  9.309634e+03  1.249747e+04  1.836851e+04 
 2.903527e-02  5.090332e+03  9.193426e+03  1.234112e+04  1.813787e+04 
 2.944000e-02  5.025500e+03  9.075933e+03  1.218304e+04  1.790471e+04 
 2.985038e-02  4.960004e+03  8.957257e+03  1.202336e+04  1.766922e+04 
 3.026648e-02  4.893926e+03  8.837534e+03  1.186229e+04  1.743168e+04 
 3.068838e-02  4.827341e+03  8.716898e+03  1.170000e+04  1.719235e+04 
 3.111616e-02  4.760336e+03  8.595499e+03  1.153670e+04  1.695155e+04 
 3.154990e-02  4.692989e+03  8.473510e+03  1.137261e+04  1.670959e+04 
 3.198969e-02  4.625382e+03  8.351048e+03  1.120791e+04  1.646673e+04 
 3.243561e-02  4.557602e+03  8.228287e+03  1.104280e+04  1.622330e+04 
 3.288774e-02  4.489734e+03  8.105359e+03  1.087747e+04  1.597956e+04 
 3.334618e-02  4.421848e+03  7.982411e+03  1.071211e+04  1.573581e+04 
 3.381101e-02  4.354041e+03  7.859609e+03  1.054694e+04  1.549236e+04 
 3.428231e-02  4.286399e+03  7.737124e+03  1.038220e+04  1.524956e+04 
 3.476019e-02  4.218778e+03  7.615023e+03  1.021836e+04  1.500909e+04 
 3.524473e-02  4.151504e+03  7.493544e+03  1.005540e+04  1.476991e+04 
 3.573602e-02  4.084662e+03  7.372857e+03  9.893481e+03  1.453228e+04 
 3.623416e-02  4.018346e+03  7.253099e+03  9.732814e+03  1.429652e+04 
 3.673925e-02  3.952641e+03  7.134457e+03  9.573614e+03  1.406292e+04 
 3.725137e-02  3.887637e+03  7.017084e+03  9.416124e+03  1.383183e+04 
 3.777064e-02  3.823415e+03  6.901134e+03  9.260550e+03  1.360352e+04 
 3.829714e-02  3.760056e+03  6.786743e+03  9.107075e+03  1.337827e+04 
 3.883098e-02  3.697644e+03  6.674060e+03  8.955892e+03  1.315637e+04 
 3.937226e-02  3.636259e+03  6.563223e+03  8.807178e+03  1.293811e+04 
 3.992109e-02  3.575974e+03  6.454358e+03  8.661098e+03  1.272372e+04 
 4.047757e-02  3.516842e+03  6.347560e+03  8.517749e+03  1.251327e+04 
 4.104181e-02  3.458808e+03  6.242212e+03  8.375765e+03  1.230319e+04 
 4.161391e-02  3.402069e+03  6.139218e+03  8.236981e+03  1.209781e+04 
 4.219398e-02  3.346692e+03  6.038689e+03  8.101502e+03  1.189731e+04 
 4.278214e-02  3.292745e+03  5.940724e+03  7.969485e+03  1.170191e+04 
 4.337850e-02  3.240265e+03  5.845417e+03  7.841031e+03  1.151178e+04 
 4.398317e-02  3.189289e+03  5.752835e+03  7.716262e+03  1.132710e+04 
 4.459628e-02  3.139853e+03  5.663058e+03  7.595250e+03  1.114795e+04 
 4.521792e-02  3.091977e+03  5.576126e+03  7.478056e+03  1.097443e+04 
 4.584824e-02  3.045698e+03  5.492089e+03  7.364745e+03  1.080664e+04 
 4.648734e-02  3.001048e+03  5.410980e+03  7.255383e+03  1.064467e+04 
 4.713535e-02  2.958097e+03  5.333608e+03  7.151755e+03  1.049296e+04 
 4.779239e-02  2.916813e+03  5.259645e+03  7.053128e+03  1.034971e+04 
 4.845859e-02  2.877153e+03  5.188633e+03  6.958417e+03  1.021218e+04 
 4.913407e-02  2.839107e+03  5.120531e+03  6.867597e+03  1.008034e+04 
 4.981898e-02  2.802660e+03  5.055297e+03  6.780628e+03  9.954127e+03 
 5.051342e-02  2.767788e+03  4.992885e+03  6.697457e+03  9.833486e+03 
 5.121755e-02  2.734441e+03  4.933224e+03  6.617971e+03  9.718257e+03 
 5.193150e-02  2.702566e+03  4.876241e+03  6.542068e+03  9.608227e+03 
 5.265540e-02  2.672114e+03  4.821826e+03  6.469601e+03  9.503231e+03 
 5.338938e-02  2.642824e+03  4.769079e+03  6.398936e+03  9.399783e+03 
 5.413360e-02  2.614582e+03  4.717708e+03  6.329604e+03  9.296985e+03 
 5.488820e-02  2.587560e+03  4.668548e+03  6.263257e+03  9.198549e+03 
 5.565331e-02  2.561651e+03  4.621423e+03  6.199645e+03  9.104121e+03 
 5.642908e-02  2.536715e+03  4.576055e+03  6.138391e+03  9.013168e+03 
 5.721568e-02  2.512597e+03  4.532152e+03  6.079113e+03  8.925126e+03 
 5.801323e-02  2.489258e+03  4.489656e+03  6.021717e+03  8.839867e+03 
 5.882190e-02  2.466730e+03  4.448613e+03  5.966272e+03  8.757495e+03 
 5.964185e-02  2.445172e+03  4.409601e+03  5.913822e+03  8.680235e+03 
 6.047322e-02  2.424715e+03  4.373328e+03  5.865808e+03  8.611488e+03 
 6.131619e-02  2.404567e+03  4.337618e+03  5.818547e+03  8.543848e+03 
 6.217090e-02  2.384302e+03  4.301688e+03  5.770993e+03  8.475769e+03 
 6.303753e-02  2.363555e+03  4.264886e+03  5.722271e+03  8.405956e+03 
 6.391624e-02  2.342278e+03  4.227121e+03  5.672261e+03  8.334249e+03 
 6.480720e-02  2.320493e+03  4.188442e+03  5.621013e+03  8.260719e+03 
 6.571058e-02  2.298196e+03  4.148847e+03  5.568516e+03  8.185353e+03 
 6.662655e-02  2.274177e+03  4.104409e+03  5.507696e+03  8.092884e+03 
 6.755528e-02  2.249272e+03  4.058316e+03  5.444619e+03  7.996958e+03 
 6.849697e-02  2.223320e+03  4.010323e+03  5.379011e+03  7.897350e+03 
 6.945178e-02  2.196195e+03  3.960215e+03  5.310583e+03  7.793623e+03 
 7.041990e-02  2.167799e+03  3.907827e+03  5.239117e+03  7.685452e+03 
 7.140151e-02  2.138033e+03  3.852994e+03  5.164380e+03  7.572508e+03 
 7.239681e-02  2.107138e+03  3.796444e+03  5.087685e+03  7.457771e+03 
 7.340598e-02  2.075101e+03  3.738200e+03  5.009143e+03  7.341608e+03 
 7.442922e-02  2.041500e+03  3.677133e+03  4.926814e+03  7.219938e+03 
 7.546673e-02  2.006332e+03  3.613234e+03  4.840704e+03  7.092745e+03 
 7.651869e-02  1.969603e+03  3.546533e+03  4.750848e+03  6.960069e+03 
 7.758532e-02  1.931350e+03  3.477098e+03  4.657349e+03  6.822067e+03 
 7.866682e-02  1.892418e+03  3.407466e+03  4.564593e+03  6.687664e+03 
 7.976339e-02  1.853361e+03  3.339253e+03  4.475330e+03  6.562413e+03 
 8.087525e-02  1.813005e+03  3.268630e+03  4.382760e+03  6.432143e+03 
 8.200261e-02  1.771498e+03  3.195841e+03  4.287226e+03  6.297327e+03 
 8.314568e-02  1.729011e+03  3.121201e+03  4.189120e+03  6.158545e+03 
 8.430468e-02  1.685745e+03  3.045063e+03  4.088923e+03  6.016481e+03 
 8.547985e-02  1.641339e+03  2.965868e+03  3.983644e+03  5.864596e+03 
 8.667139e-02  1.596355e+03  2.885150e+03  3.875869e+03  5.707904e+03 
 8.787954e-02  1.551322e+03  2.804309e+03  3.767915e+03  5.550862e+03 
 8.910453e-02  1.506497e+03  2.723810e+03  3.660399e+03  5.394373e+03 
 9.034660e-02  1.462150e+03  2.644144e+03  3.553962e+03  5.239380e+03 
 9.160598e-02  1.419183e+03  2.567836e+03  3.452820e+03  5.094099e+03 
 9.288292e-02  1.377760e+03  2.495066e+03  3.357111e+03  4.958463e+03 
 9.417766e-02  1.337522e+03  2.424336e+03  3.264049e+03  4.826458e+03 
 9.549045e-02  1.298697e+03  2.356061e+03  3.174203e+03  4.698926e+03 
 9.682153e-02  1.261508e+03  2.290652e+03  3.088122e+03  4.576702e+03 
 9.817117e-02  1.226394e+03  2.229292e+03  3.007754e+03  4.463484e+03 
 9.953962e-02  1.193367e+03  2.171757e+03  2.932564e+03  4.357958e+03 
 1.009272e-01  1.162454e+03  2.117964e+03  2.862313e+03  4.259523e+03 
 1.023340e-01  1.133759e+03  2.068128e+03  2.797303e+03  4.168648e+03 
 1.037605e-01  1.106799e+03  2.020694e+03  2.734856e+03  4.079997e+03 
 1.052069e-01  1.080095e+03  1.971151e+03  2.667262e+03  3.978425e+03 
 1.066734e-01  1.055800e+03  1.926043e+03  2.605697e+03  3.885855e+03 
 1.081604e-01  1.033852e+03  1.885263e+03  2.550010e+03  3.802051e+03 
 1.096681e-01  1.014162e+03  1.848617e+03  2.499937e+03  3.726632e+03 
 1.111968e-01  9.966244e+02  1.816015e+03  2.455316e+03  3.658910e+03 
 1.127468e-01  9.810395e+02  1.787020e+03  2.415556e+03  3.598447e+03 
 1.143184e-01  9.671952e+02  1.761233e+03  2.380133e+03  3.544454e+03 
 1.159120e-01  9.548443e+02  1.738167e+03  2.348414e+03  3.495978e+03 
 1.175277e-01  9.442375e+02  1.718748e+03  2.321981e+03  3.455839e+03 
 1.191660e-01  9.345984e+02  1.701142e+03  2.298028e+03  3.419450e+03 
 1.208271e-01  9.255591e+02  1.684639e+03  2.275557e+03  3.385304e+03 
 1.225114e-01  9.167344e+02  1.668491e+03  2.253537e+03  3.351843e+03 
 1.242191e-01  9.073443e+02  1.650890e+03  2.229348e+03  3.315072e+03 
 1.259506e-01  8.975536e+02  1.632569e+03  2.204186e+03  3.276853e+03 
 1.277063e-01  8.870418e+02  1.612944e+03  2.177266e+03  3.236051e+03 
 1.294865e-01  8.758373e+02  1.592270e+03  2.149049e+03  3.193321e+03 
 1.312915e-01  8.637544e+02  1.570256e+03  2.119142e+03  3.148076e+03 
 1.331216e-01  8.502139e+02  1.545615e+03  2.085649e+03  3.097541e+03 
 1.349772e-01  8.350970e+02  1.518128e+03  2.048384e+03  3.041516e+03 
 1.368587e-01  8.193778e+02  1.491167e+03  2.013682e+03  2.994336e+03 
 1.387665e-01  8.019645e+02  1.461063e+03  1.974681e+03  2.940652e+03 
 1.407008e-01  7.829413e+02  1.427972e+03  1.931537e+03  2.880691e+03 
 1.426621e-01  7.634755e+02  1.394719e+03  1.888447e+03  2.820673e+03 
 1.446507e-01  7.430563e+02  1.359824e+03  1.843204e+03  2.757214e+03 
 1.466671e-01  7.216255e+02  1.322980e+03  1.795154e+03  2.689387e+03 
 1.487115e-01  6.979914e+02  1.280543e+03  1.738491e+03  2.607207e+03 
 1.507845e-01  6.731050e+02  1.234786e+03  1.676670e+03  2.516286e+03 
 1.528864e-01  6.484441e+02  1.189451e+03  1.615394e+03  2.426041e+03 
 1.550175e-01  6.259995e+02  1.149909e+03  1.563342e+03  2.352253e+03 
 1.571784e-01  6.055475e+02  1.115127e+03  1.518624e+03  2.291103e+03 
 1.593694e-01  5.862322e+02  1.082262e+03  1.476354e+03  2.233262e+03 
 1.615909e-01  5.687972e+02  1.053025e+03  1.438986e+03  2.182355e+03 
 1.638434e-01  5.531851e+02  1.027135e+03  1.406094e+03  2.137870e+03 
 1.661273e-01  5.393431e+02  1.004377e+03  1.377362e+03  2.099367e+03 
 1.684430e-01  5.247033e+02  9.777170e+02  1.341660e+03  2.047851e+03 
 1.707910e-01  5.116916e+02  9.537802e+02  1.309473e+03  2.001309e+03 
 1.731717e-01  5.008735e+02  9.341540e+02  1.283270e+03  1.963680e+03 
 1.755856e-01  4.930610e+02  9.210764e+02  1.266397e+03  1.939769e+03 
 1.780332e-01  4.866627e+02  9.106142e+02  1.253094e+03  1.921239e+03 
 1.805149e-01  4.798345e+02  8.974894e+02  1.234581e+03  1.891792e+03 
 1.830312e-01  4.728506e+02  8.829766e+02  1.213250e+03  1.856293e+03 
 1.855825e-01  4.663211e+02  8.694768e+02  1.193499e+03  1.823645e+03 
 1.881694e-01  4.599815e+02  8.572051e+02  1.176535e+03  1.797938e+03 
 1.907924e-01  4.532989e+02  8.443017e+02  1.158710e+03  1.770936e+03 
 1.934520e-01  4.456231e+02  8.295193e+02  1.138495e+03  1.741449e+03 
 1.961486e-01  4.368966e+02  8.127749e+02  1.115660e+03  1.708343e+03 
 1.988828e-01  4.280539e+02  7.964577e+02  1.093645e+03  1.676273e+03 
 2.016551e-01  4.194533e+02  7.815131e+02  1.073846e+03  1.647273e+03 
 2.044661e-01  4.095715e+02  7.640015e+02  1.050393e+03  1.612494e+03 
 2.073162e-01  3.982364e+02  7.429052e+02  1.021340e+03  1.568134e+03 
 2.102061e-01  3.860518e+02  7.202117e+02  9.900971e+02  1.520420e+03 
 2.131362e-01  3.764443e+02  7.060480e+02  9.733563e+02  1.499332e+03 
 2.161073e-01  3.666596e+02  6.915566e+02  9.561761e+02  1.477580e+03 
 2.191197e-01  3.547926e+02  6.713142e+02  9.302385e+02  1.442648e+03 
 2.221741e-01  3.429048e+02  6.505285e+02  9.032738e+02  1.405951e+03 
 2.252711e-01  3.323027e+02  6.326413e+02  8.806165e+02  1.376056e+03 
 2.284112e-01  3.228616e+02  6.170187e+02  8.611095e+02  1.350884e+03 
 2.315951e-01  3.146759e+02  6.029266e+02  8.425454e+02  1.323803e+03 
 2.348235e-01  3.077985e+02  5.910017e+02  8.265702e+02  1.299569e+03 
 2.380968e-01  3.004211e+02  5.768604e+02  8.069511e+02  1.269828e+03 
 2.414157e-01  2.937210e+02  5.637056e+02  7.885677e+02  1.242052e+03 
 2.447809e-01  2.874022e+02  5.514561e+02  7.717076e+02  1.216511e+03 
 2.481930e-01  2.817236e+02  5.404875e+02  7.566609e+02  1.193750e+03 
 2.516527e-01  2.785092e+02  5.349488e+02  7.490595e+02  1.181662e+03 
 2.551606e-01  2.745092e+02  5.275486e+02  7.388107e+02  1.165787e+03 
 2.587174e-01  2.678200e+02  5.138611e+02  7.196175e+02  1.137053e+03 
 2.623238e-01  2.620243e+02  5.028666e+02  7.045814e+02  1.114882e+03 
 2.659804e-01  2.571383e+02  4.946764e+02  6.938877e+02  1.099553e+03 
 2.696881e-01  2.504083e+02  4.823201e+02  6.772293e+02  1.074755e+03 
 2.734474e-01  2.427869e+02  4.681013e+02  6.579534e+02  1.045885e+03 
 2.772591e-01  2.366517e+02  4.579116e+02  6.451391e+02  1.029162e+03 
 2.811239e-01  2.301227e+02  4.466240e+02  6.306453e+02  1.010234e+03 
 2.850426e-01  2.234322e+02  4.345973e+02  6.149524e+02  9.900890e+02 
 2.890160e-01  2.171477e+02  4.240864e+02  6.015416e+02  9.714429e+02 
 2.930447e-01  2.113426e+02  4.142510e+02  5.885992e+02  9.520094e+02 
 2.971296e-01  2.061009e+02  4.043560e+02  5.741049e+02  9.271541e+02 
 3.012714e-01  2.015448e+02  3.966372e+02  5.640584e+02  9.128281e+02 
 3.054710e-01  1.973691e+02  3.897490e+02  5.555756e+02  9.021671e+02 
 3.097291e-01  1.926297e+02  3.808749e+02  5.437528e+02  8.855636e+02 
 3.140465e-01  1.884048e+02  3.724378e+02  5.317107e+02  8.660731e+02 
 3.184242e-01  1.846590e+02  3.650016e+02  5.210693e+02  8.488486e+02 
 3.228628e-01  1.815501e+02  3.595069e+02  5.139260e+02  8.396817e+02 
 3.273634e-01  1.772804e+02  3.508559e+02  5.014466e+02  8.196701e+02 
 3.319266e-01  1.726586e+02  3.418039e+02  4.888696e+02  8.006842e+02 
 3.365535e-01  1.679959e+02  3.333004e+02  4.777664e+02  7.855423e+02 
 3.412449e-01  1.644956e+02  3.284231e+02  4.719259e+02  7.765031e+02 
 3.460016e-01  1.606835e+02  3.221144e+02  4.637704e+02  7.650685e+02 
 3.508247e-01  1.569095e+02  3.153953e+02  4.547828e+02  7.518400e+02 
 3.557150e-01  1.532735e+02  3.087383e+02  4.457741e+02  7.379182e+02 
 3.606735e-01  1.492383e+02  3.016398e+02  4.365340e+02  7.252581e+02 
 3.657011e-01  1.446901e+02  2.930881e+02  4.248214e+02  7.088063e+02 
 3.707988e-01  1.410459e+02  2.861140e+02  4.152971e+02  6.947704e+02 
 3.759675e-01  1.378355e+02  2.799644e+02  4.068570e+02  6.821256e+02 
 3.812083e-01  1.346693e+02  2.742345e+02  3.991360e+02  6.707604e+02 
 3.865221e-01  1.320308e+02  2.704046e+02  3.948780e+02  6.644298e+02 
 3.919100e-01  1.291366e+02  2.636814e+02  3.846129e+02  6.497729e+02 
 3.973730e-01  1.259443e+02  2.581168e+02  3.775128e+02  6.386296e+02 
 4.029122e-01  1.231683e+02  2.536405e+02  3.713355e+02  6.276145e+02 
 4.085286e-01  1.203908e+02  2.478112e+02  3.629531e+02  6.153708e+02 
 4.142232e-01  1.171414e+02  2.412086e+02  3.540742e+02  6.038276e+02 
 4.199973e-01  1.139348e+02  2.356013e+02  3.468895e+02  5.933982e+02 
 4.258518e-01  1.113035e+02  2.307939e+02  3.401884e+02  5.823033e+02 
 4.317880e-01  1.085649e+02  2.256068e+02  3.326147e+02  5.704856e+02 
 4.378069e-01  1.061992e+02  2.208557e+02  3.257719e+02  5.592128e+02 
 4.439097e-01  1.042599e+02  2.178558e+02  3.221697e+02  5.554413e+02 
 4.500975e-01  1.013655e+02  2.124812e+02  3.149008e+02  5.448870e+02 
 4.563716e-01  9.889769e+01  2.073415e+02  3.074808e+02  5.321407e+02 
 4.627332e-01  9.726109e+01  2.050343e+02  3.049165e+02  5.295416e+02 
 4.691835e-01  9.460918e+01  1.998141e+02  2.975855e+02  5.177176e+02 
 4.757236e-01  9.267143e+01  1.959304e+02  2.921054e+02  5.090247e+02 
 4.823549e-01  9.005430e+01  1.907092e+02  2.846943e+02  4.984217e+02 
 4.890787e-01  8.792052e+01  1.865090e+02  2.790347e+02  4.898653e+02 
 4.958962e-01  8.629309e+01  1.833662e+02  2.742502e+02  4.812499e+02 
 5.028087e-01  8.416373e+01  1.797087e+02  2.693600e+02  4.740917e+02 
 5.098176e-01  8.246815e+01  1.765634e+02  2.649237e+02  4.659512e+02 
 5.169242e-01  8.089356e+01  1.735870e+02  2.608560e+02  4.603399e+02 
 5.241298e-01  7.814280e+01  1.688381e+02  2.550113e+02  4.530540e+02 
 5.314359e-01  7.664892e+01  1.666292e+02  2.520989e+02  4.482305e+02 
 5.388438e-01  7.488479e+01  1.625826e+02  2.460336e+02  4.389245e+02 
 5.463550e-01  7.337141e+01  1.596741e+02  2.417940e+02  4.318512e+02 
 5.539709e-01  7.122530e+01  1.557601e+02  2.367781e+02  4.244633e+02 
 5.616930e-01  6.981228e+01  1.530092e+02  2.329135e+02  4.187147e+02 
 5.695227e-01  6.830296e+01  1.504443e+02  2.297291e+02  4.128557e+02 
 5.774615e-01  6.664919e+01  1.467054e+02  2.241165e+02  4.044435e+02 
 5.855110e-01  6.534710e+01  1.443597e+02  2.207380e+02  3.986781e+02 
 5.936727e-01  6.371590e+01  1.407066e+02  2.154467e+02  3.906592e+02 
 6.019482e-01  6.247907e+01  1.386469e+02  2.123442e+02  3.850384e+02 
 6.103390e-01  6.086334e+01  1.358359e+02  2.087981e+02  3.792484e+02 
 6.188468e-01  5.943025e+01  1.333304e+02  2.062093e+02  3.772358e+02 
 6.274732e-01  5.828564e+01  1.304981e+02  2.014052e+02  3.691709e+02 
 6.362198e-01  5.695326e+01  1.282646e+02  1.983957e+02  3.637950e+02 
 6.450884e-01  5.549683e+01  1.255819e+02  1.946622e+02  3.573244e+02 
 6.540806e-01  5.423992e+01  1.226256e+02  1.902000e+02  3.505853e+02 
 6.631981e-01  5.290224e+01  1.203130e+02  1.875348e+02  3.465492e+02 
 6.724427e-01  5.177276e+01  1.179858e+02  1.842646e+02  3.422627e+02 
 6.818162e-01  5.050989e+01  1.155835e+02  1.803231e+02  3.349204e+02 
 6.913204e-01  4.932493e+01  1.131622e+02  1.771220e+02  3.298297e+02 
 7.009570e-01  4.853304e+01  1.112444e+02  1.742547e+02  3.251186e+02 
 7.107280e-01  4.716275e+01  1.090993e+02  1.714225e+02  3.197787e+02 
 7.206351e-01  4.633517e+01  1.071383e+02  1.687349e+02  3.164351e+02 
 7.306804e-01  4.529306e+01  1.053429e+02  1.658659e+02  3.104234e+02 
 7.408657e-01  4.420353e+01  1.030301e+02  1.626004e+02  3.060627e+02 
 7.511929e-01  4.318468e+01  1.009087e+02  1.598470e+02  3.015709e+02 
 7.616642e-01  4.228241e+01  9.885751e+01  1.568748e+02  2.971912e+02 
 7.722814e-01  4.160006e+01  9.771185e+01  1.550341e+02  2.931061e+02 
 7.830465e-01  4.066133e+01  9.561750e+01  1.520065e+02  2.888494e+02 
 7.939618e-01  3.982192e+01  9.419080e+01  1.498542e+02  2.849814e+02 
 8.050292e-01  3.885010e+01  9.216317e+01  1.474447e+02  2.812637e+02 
 8.162509e-01  3.805783e+01  9.063435e+01  1.448964e+02  2.761352e+02 
 8.276289e-01  3.706378e+01  8.860404e+01  1.421451e+02  2.721922e+02 
 8.391656e-01  3.648160e+01  8.736402e+01  1.398468e+02  2.682985e+02 
 8.508632e-01  3.574566e+01  8.571224e+01  1.377515e+02  2.646629e+02 
 8.627237e-01  3.486554e+01  8.409111e+01  1.353614e+02  2.602175e+02 
 8.747496e-01  3.415423e+01  8.243363e+01  1.330480e+02  2.564822e+02 
 8.869432e-01  3.347198e+01  8.111704e+01  1.310584e+02  2.532554e+02 
 8.993067e-01  3.269681e+01  7.962977e+01  1.288684e+02  2.491506e+02 
 9.118425e-01  3.214130e+01  7.812225e+01  1.264751e+02  2.446390e+02 
 9.245531e-01  3.135074e+01  7.669222e+01  1.243337e+02  2.414589e+02 
 9.374409e-01  3.065671e+01  7.528089e+01  1.224368e+02  2.381615e+02 
 9.505083e-01  3.006348e+01  7.391094e+01  1.203927e+02  2.345668e+02 
 9.637579e-01  2.936330e+01  7.239507e+01  1.181209e+02  2.307915e+02 
 9.771921e-01  2.886020e+01  7.176016e+01  1.168942e+02  2.276907e+02 
 9.908137e-01  2.823337e+01  7.025784e+01  1.146982e+02  2.242224e+02 
 1.004625e+00  2.761303e+01  6.879922e+01  1.125618e+02  2.204845e+02 
 1.018629e+00  2.709859e+01  6.773218e+01  1.108338e+02  2.170412e+02 
 1.032828e+00  2.648392e+01  6.645557e+01  1.091619e+02  2.143429e+02 
 1.047225e+00  2.589645e+01  6.531197e+01  1.072768e+02  2.104976e+02 
 1.061823e+00  2.541638e+01  6.432283e+01  1.056917e+02  2.076174e+02 
 1.076624e+00  2.487227e+01  6.317636e+01  1.040115e+02  2.044476e+02 
 1.091632e+00  2.440957e+01  6.200247e+01  1.023639e+02  2.011857e+02 
 1.106848e+00  2.386842e+01  6.081234e+01  1.005746e+02  1.983075e+02 
 1.122277e+00  2.337870e+01  5.986390e+01  9.884134e+01  1.948259e+02 
 1.137921e+00  2.288611e+01  5.870162e+01  9.714563e+01  1.918648e+02 
 1.153783e+00  2.243943e+01  5.771120e+01  9.563361e+01  1.890002e+02 
 1.169866e+00  2.202720e+01  5.676764e+01  9.411887e+01  1.864018e+02 
 1.186174e+00  2.155865e+01  5.584094e+01  9.258992e+01  1.832682e+02 
 1.202708e+00  2.114223e+01  5.487392e+01  9.114651e+01  1.806493e+02 
 1.219473e+00  2.074112e+01  5.396135e+01  8.978131e+01  1.775472e+02 
 1.236472e+00  2.031748e+01  5.305090e+01  8.839427e+01  1.750227e+02 
 1.253708e+00  1.992694e+01  5.212789e+01  8.672190e+01  1.720563e+02 
 1.271184e+00  1.953977e+01  5.137949e+01  8.563764e+01  1.695410e+02 
 1.288904e+00  1.914865e+01  5.031973e+01  8.401997e+01  1.669190e+02 
 1.306870e+00  1.876344e+01  4.945019e+01  8.260814e+01  1.639517e+02 
 1.325087e+00  1.842432e+01  4.864988e+01  8.135530e+01  1.613001e+02 
 1.343558e+00  1.806278e+01  4.778877e+01  8.000758e+01  1.586952e+02 
 1.362287e+00  1.771991e+01  4.695471e+01  7.859739e+01  1.559333e+02 
 1.381276e+00  1.736535e+01  4.620034e+01  7.715077e+01  1.531758e+02 
 1.400531e+00  1.703790e+01  4.540965e+01  7.594443e+01  1.506135e+02 
 1.420053e+00  1.670497e+01  4.455411e+01  7.469317e+01  1.480017e+02 
 1.439848e+00  1.638940e+01  4.386077e+01  7.338775e+01  1.455837e+02 
 1.459919e+00  1.606012e+01  4.309416e+01  7.216224e+01  1.429558e+02 
 1.480269e+00  1.578963e+01  4.230053e+01  7.081235e+01  1.402655e+02 
 1.500903e+00  1.548913e+01  4.162284e+01  6.963240e+01  1.380351e+02 
 1.521825e+00  1.518565e+01  4.093634e+01  6.851214e+01  1.355676e+02 
 1.543038e+00  1.488804e+01  4.021680e+01  6.738257e+01  1.333920e+02 
 1.564548e+00  1.462780e+01  3.954364e+01  6.622837e+01  1.309014e+02 
 1.586357e+00  1.435462e+01  3.888063e+01  6.508522e+01  1.285593e+02 
 1.608469e+00  1.406658e+01  3.820072e+01  6.392996e+01  1.263531e+02 
 1.630891e+00  1.383786e+01  3.749899e+01  6.267383e+01  1.237185e+02 
 1.653624e+00  1.356121e+01  3.683228e+01  6.163377e+01  1.217001e+02 
 1.676675e+00  1.330193e+01  3.623226e+01  6.058546e+01  1.193595e+02 
 1.700047e+00  1.305249e+01  3.561435e+01  5.952232e+01  1.172186e+02 
 1.723745e+00  1.283368e+01  3.496538e+01  5.846675e+01  1.148936e+02 
 1.747773e+00  1.257366e+01  3.433061e+01  5.739005e+01  1.126454e+02 
 1.772136e+00  1.234447e+01  3.375936e+01  5.632567e+01  1.105985e+02 
 1.796838e+00  1.212170e+01  3.315333e+01  5.529580e+01  1.084401e+02 
 1.821885e+00  1.192796e+01  3.256488e+01  5.426890e+01  1.064137e+02 
 1.847281e+00  1.168975e+01  3.202388e+01  5.335364e+01  1.043773e+02 
 1.873032e+00  1.148330e+01  3.146084e+01  5.228488e+01  1.023581e+02 
 1.899141e+00  1.127632e+01  3.086402e+01  5.132994e+01  1.003494e+02 
 1.925614e+00  1.108225e+01  3.033026e+01  5.040228e+01  9.828944e+01 
 1.952456e+00  1.090716e+01  2.982743e+01  4.950459e+01  9.633350e+01 
 1.979672e+00  1.068707e+01  2.930958e+01  4.856676e+01  9.441370e+01 
 2.007267e+00  1.050438e+01  2.877496e+01  4.760314e+01  9.255551e+01 
 2.035248e+00  1.031034e+01  2.822977e+01  4.667651e+01  9.056748e+01 
 2.063618e+00  1.012214e+01  2.769938e+01  4.574181e+01  8.865757e+01 
 2.092383e+00  9.947533e+00  2.718062e+01  4.482940e+01  8.677235e+01 
 2.121550e+00  9.759852e+00  2.667143e+01  4.394499e+01  8.499224e+01 
 2.151123e+00  9.588377e+00  2.619163e+01  4.306308e+01  8.311508e+01 
 2.181109e+00  9.412975e+00  2.567158e+01  4.219850e+01  8.136052e+01 
 2.211512e+00  9.250462e+00  2.518026e+01  4.132324e+01  7.957877e+01 
 2.242340e+00  9.084197e+00  2.472795e+01  4.052153e+01  7.786465e+01 
 2.273597e+00  8.914844e+00  2.426463e+01  3.967567e+01  7.613130e+01 
 2.305289e+00  8.765390e+00  2.379136e+01  3.887744e+01  7.448413e+01 
 2.337424e+00  8.615532e+00  2.333202e+01  3.805673e+01  7.288021e+01 
 2.370006e+00  8.460452e+00  2.288602e+01  3.728015e+01  7.129607e+01 
 2.403043e+00  8.301241e+00  2.245331e+01  3.649309e+01  6.968072e+01 
 2.436540e+00  8.161916e+00  2.202971e+01  3.573751e+01  6.810325e+01 
 2.470504e+00  8.015384e+00  2.159203e+01  3.497003e+01  6.654064e+01 
 2.504942e+00  7.874018e+00  2.117363e+01  3.423943e+01  6.505761e+01 
 2.539859e+00  7.737617e+00  2.074289e+01  3.348614e+01  6.349618e+01 
 2.575263e+00  7.591084e+00  2.030842e+01  3.277310e+01  6.206757e+01 
 2.611161e+00  7.457520e+00  1.991339e+01  3.203393e+01  6.061682e+01 
 2.647559e+00  7.322857e+00  1.950584e+01  3.131890e+01  5.916198e+01 
 2.684465e+00  7.188770e+00  1.911650e+01  3.062982e+01  5.776886e+01 
 2.721885e+00  7.055543e+00  1.870476e+01  2.994484e+01  5.641522e+01 
 2.759826e+00  6.931353e+00  1.831896e+01  2.926573e+01  5.506132e+01 
 2.798297e+00  6.804109e+00  1.793916e+01  2.860760e+01  5.378289e+01 
 2.837304e+00  6.682803e+00  1.756587e+01  2.796335e+01  5.251630e+01 
 2.876854e+00  6.561805e+00  1.719419e+01  2.733352e+01  5.127027e+01 
 2.916956e+00  6.444785e+00  1.683982e+01  2.671883e+01  5.001174e+01 
 2.957617e+00  6.329838e+00  1.648879e+01  2.611926e+01  4.882159e+01 
 2.998844e+00  6.216184e+00  1.614299e+01  2.552604e+01  4.764154e+01 
 3.040646e+00  6.103287e+00  1.579855e+01  2.492153e+01  4.651110e+01 
 3.083031e+00  5.992587e+00  1.545096e+01  2.434509e+01  4.537599e+01 
 3.126007e+00  5.882948e+00  1.512918e+01  2.378059e+01  4.425460e+01 
 3.169582e+00  5.774056e+00  1.478782e+01  2.320028e+01  4.316188e+01 
 3.213764e+00  5.665806e+00  1.446114e+01  2.265183e+01  4.209238e+01 
 3.258562e+00  5.558153e+00  1.414500e+01  2.211353e+01  4.104299e+01 
 3.303985e+00  5.453733e+00  1.382198e+01  2.157530e+01  4.001846e+01 
 3.350041e+00  5.351182e+00  1.350596e+01  2.105708e+01  3.901638e+01 
 3.396739e+00  5.249226e+00  1.320058e+01  2.055205e+01  3.803686e+01 
 3.444087e+00  5.150421e+00  1.290138e+01  2.003900e+01  3.707600e+01 
 3.492096e+00  5.053664e+00  1.260922e+01  1.956309e+01  3.615796e+01 
 3.540774e+00  4.954601e+00  1.232193e+01  1.908800e+01  3.524810e+01 
 3.590130e+00  4.862627e+00  1.204106e+01  1.861891e+01  3.437328e+01 
 3.640175e+00  4.769709e+00  1.176685e+01  1.817283e+01  3.352290e+01 
 3.690917e+00  4.677978e+00  1.150134e+01  1.771884e+01  3.266858e+01 
 3.742366e+00  4.589148e+00  1.122922e+01  1.728890e+01  3.185525e+01 
 3.794533e+00  4.500902e+00  1.097062e+01  1.686528e+01  3.104861e+01 
 3.847427e+00  4.412342e+00  1.071322e+01  1.644233e+01  3.026898e+01 
 3.901058e+00  4.324709e+00  1.045898e+01  1.603395e+01  2.949089e+01 
 3.955436e+00  4.241840e+00  1.021181e+01  1.562564e+01  2.872982e+01 
 4.010573e+00  4.153908e+00  9.964732e+00  1.523476e+01  2.800334e+01 
 4.066478e+00  4.069721e+00  9.721301e+00  1.484470e+01  2.727506e+01 
 4.123163e+00  3.986998e+00  9.487610e+00  1.446665e+01  2.657064e+01 
 4.180637e+00  3.906755e+00  9.259109e+00  1.410064e+01  2.588397e+01 
 4.238913e+00  3.826864e+00  9.030968e+00  1.373920e+01  2.521978e+01 
 4.298001e+00  3.747398e+00  8.809994e+00  1.339043e+01  2.456730e+01 
 4.357913e+00  3.671893e+00  8.594114e+00  1.304831e+01  2.393831e+01 
 4.418660e+00  3.596814e+00  8.386208e+00  1.271582e+01  2.332847e+01 
 4.480254e+00  3.521608e+00  8.180802e+00  1.239133e+01  2.272968e+01 
 4.542706e+00  3.449900e+00  7.979578e+00  1.207497e+01  2.214944e+01 
 4.606029e+00  3.377780e+00  7.785347e+00  1.176755e+01  2.158625e+01 
 4.670234e+00  3.306981e+00  7.593746e+00  1.147268e+01  2.103889e+01 
 4.735335e+00  3.238001e+00  7.406934e+00  1.118015e+01  2.049846e+01 
 4.801343e+00  3.170711e+00  7.224631e+00  1.089375e+01  1.996741e+01 
 4.868271e+00  3.102289e+00  7.042801e+00  1.061029e+01  1.944914e+01 
 4.936132e+00  3.035673e+00  6.864435e+00  1.033415e+01  1.894312e+01 
 5.004939e+00  2.969212e+00  6.690669e+00  1.006455e+01  1.844616e+01 
 5.074705e+00  2.903504e+00  6.520962e+00  9.800239e+00  1.796587e+01 
 5.145444e+00  2.840455e+00  6.354781e+00  9.542397e+00  1.749437e+01 
 5.217169e+00  2.776885e+00  6.191079e+00  9.293115e+00  1.703157e+01 
 5.289893e+00  2.716056e+00  6.033080e+00  9.050852e+00  1.658976e+01 
 5.363631e+00  2.655369e+00  5.878818e+00  8.812955e+00  1.615347e+01 
 5.438397e+00  2.596575e+00  5.728304e+00  8.583164e+00  1.573105e+01 
 5.514206e+00  2.538860e+00  5.582244e+00  8.359081e+00  1.532194e+01 
 5.591071e+00  2.481667e+00  5.440394e+00  8.141272e+00  1.492170e+01 
 5.669007e+00  2.426989e+00  5.302296e+00  7.930586e+00  1.453738e+01 
 5.748030e+00  2.372601e+00  5.166935e+00  7.724107e+00  1.415841e+01 
 5.828155e+00  2.319322e+00  5.035461e+00  7.524143e+00  1.379170e+01 
 5.909396e+00  2.266889e+00  4.906320e+00  7.328053e+00  1.343276e+01 
 5.991770e+00  2.214966e+00  4.779847e+00  7.135708e+00  1.308086e+01 
 6.075292e+00  2.163825e+00  4.656219e+00  6.948570e+00  1.273417e+01 
 6.159978e+00  2.113621e+00  4.534573e+00  6.763868e+00  1.239785e+01 
 6.245845e+00  2.064388e+00  4.416309e+00  6.584671e+00  1.206888e+01 
 6.332908e+00  2.015808e+00  4.299987e+00  6.409315e+00  1.174670e+01 
 6.421186e+00  1.968231e+00  4.187286e+00  6.238158e+00  1.143273e+01 
 6.510694e+00  1.921633e+00  4.077235e+00  6.072190e+00  1.112739e+01 
 6.601449e+00  1.876420e+00  3.970402e+00  5.910569e+00  1.083020e+01 
 6.693470e+00  1.831722e+00  3.866424e+00  5.753197e+00  1.054115e+01 
 6.786773e+00  1.788509e+00  3.765015e+00  5.600100e+00  1.026107e+01 
 6.881377e+00  1.746244e+00  3.666741e+00  5.452237e+00  9.988395e+00 
 6.977300e+00  1.704820e+00  3.571646e+00  5.309342e+00  9.723570e+00 
 7.074559e+00  1.664890e+00  3.478950e+00  5.169633e+00  9.465503e+00 
 7.173175e+00  1.625519e+00  3.389035e+00  5.033449e+00  9.215941e+00 
 7.273165e+00  1.587267e+00  3.301302e+00  4.901314e+00  8.972336e+00 
 7.374549e+00  1.549377e+00  3.215131e+00  4.772320e+00  8.734859e+00 
 7.477346e+00  1.512258e+00  3.131233e+00  4.646522e+00  8.501334e+00 
 7.581576e+00  1.475948e+00  3.048810e+00  4.522562e+00  8.273005e+00 
 7.687260e+00  1.440162e+00  2.968635e+00  4.402077e+00  8.050638e+00 
 7.794416e+00  1.405103e+00  2.890550e+00  4.283994e+00  7.832910e+00 
 7.903066e+00  1.370929e+00  2.813628e+00  4.168638e+00  7.620004e+00 
 8.013230e+00  1.337489e+00  2.739304e+00  4.057078e+00  7.413562e+00 
 8.124930e+00  1.304567e+00  2.666890e+00  3.948251e+00  7.212298e+00 
 8.238187e+00  1.273036e+00  2.596481e+00  3.842504e+00  7.016436e+00 
 8.353023e+00  1.241961e+00  2.528046e+00  3.739613e+00  6.826161e+00 
 8.469460e+00  1.211814e+00  2.461761e+00  3.640268e+00  6.642027e+00 
 8.587519e+00  1.182607e+00  2.397269e+00  3.543412e+00  6.462877e+00 
 8.707225e+00  1.154133e+00  2.334765e+00  3.449894e+00  6.289119e+00 
 8.828599e+00  1.126445e+00  2.274292e+00  3.359105e+00  6.120593e+00 
 8.951665e+00  1.099313e+00  2.215645e+00  3.270683e+00  5.957232e+00 
 9.076446e+00  1.073084e+00  2.158302e+00  3.184871e+00  5.798003e+00 
 9.202967e+00  1.047334e+00  2.102433e+00  3.101228e+00  5.642543e+00 
 9.331251e+00  1.022070e+00  2.047802e+00  3.019187e+00  5.490676e+00 
 9.461324e+00  0.000000e+00  0.000000e+00  0.000000e+00  0.000000e+00 
 9.593209e+00  0.000000e+00  0.000000e+00  0.000000e+00  0.000000e+00 
 9.726934e+00  0.000000e+00  0.000000e+00  0.000000e+00  0.000000e+00 
 9.862522e+00  0.000000e+00  0.000000e+00  0.000000e+00  0.000000e+00 
 1.000000e+01  0.000000e+00  0.000000e+00  0.000000e+00  0.000000e+00 
