 1.000000e-02  5.767271e+03  1.048591e+04  1.415228e+04  2.100787e+04 
 1.013939e-02  5.798565e+03  1.054260e+04  1.422867e+04  2.112075e+04 
 1.028073e-02  5.829374e+03  1.059847e+04  1.430388e+04  2.123182e+04 
 1.042404e-02  5.859657e+03  1.065338e+04  1.437777e+04  2.134098e+04 
 1.056935e-02  5.889405e+03  1.070726e+04  1.445029e+04  2.144815e+04 
 1.071668e-02  5.918602e+03  1.076011e+04  1.452145e+04  2.155325e+04 
 1.086606e-02  5.947226e+03  1.081191e+04  1.459119e+04  2.165624e+04 
 1.101753e-02  5.975262e+03  1.086263e+04  1.465948e+04  2.175713e+04 
 1.117111e-02  6.002691e+03  1.091229e+04  1.472631e+04  2.185585e+04 
 1.132683e-02  6.029486e+03  1.096085e+04  1.479155e+04  2.195224e+04 
 1.148472e-02  6.055624e+03  1.100814e+04  1.485511e+04  2.204620e+04 
 1.164481e-02  6.081074e+03  1.105417e+04  1.491698e+04  2.213761e+04 
 1.180713e-02  6.105840e+03  1.109894e+04  1.497721e+04  2.222643e+04 
 1.197171e-02  6.129890e+03  1.114241e+04  1.503573e+04  2.231261e+04 
 1.213859e-02  6.153195e+03  1.118455e+04  1.509236e+04  2.239604e+04 
 1.230780e-02  6.175731e+03  1.122527e+04  1.514707e+04  2.247673e+04 
 1.247936e-02  6.197472e+03  1.126455e+04  1.519982e+04  2.255456e+04 
 1.265332e-02  6.218424e+03  1.130238e+04  1.525056e+04  2.262945e+04 
 1.282970e-02  6.238565e+03  1.133872e+04  1.529931e+04  2.270133e+04 
 1.300854e-02  6.257832e+03  1.137348e+04  1.534602e+04  2.277001e+04 
 1.318987e-02  6.276223e+03  1.140666e+04  1.539060e+04  2.283538e+04 
 1.337373e-02  6.293713e+03  1.143820e+04  1.543295e+04  2.289747e+04 
 1.356015e-02  6.310277e+03  1.146803e+04  1.547303e+04  2.295618e+04 
 1.374917e-02  6.325903e+03  1.149615e+04  1.551074e+04  2.301150e+04 
 1.394083e-02  6.340576e+03  1.152252e+04  1.554601e+04  2.306339e+04 
 1.413516e-02  6.354261e+03  1.154711e+04  1.557882e+04  2.311172e+04 
 1.433219e-02  6.366937e+03  1.156985e+04  1.560911e+04  2.315625e+04 
 1.453198e-02  6.378569e+03  1.159069e+04  1.563697e+04  2.319687e+04 
 1.473454e-02  6.389137e+03  1.160961e+04  1.566233e+04  2.323362e+04 
 1.493993e-02  6.398625e+03  1.162657e+04  1.568496e+04  2.326646e+04 
 1.514819e-02  6.407046e+03  1.164160e+04  1.570495e+04  2.329556e+04 
 1.535935e-02  6.414377e+03  1.165465e+04  1.572232e+04  2.332072e+04 
 1.557345e-02  6.420565e+03  1.166563e+04  1.573693e+04  2.334166e+04 
 1.579053e-02  6.425584e+03  1.167448e+04  1.574864e+04  2.335835e+04 
 1.601064e-02  6.429425e+03  1.168117e+04  1.575747e+04  2.337085e+04 
 1.623382e-02  6.432064e+03  1.168568e+04  1.576332e+04  2.337898e+04 
 1.646012e-02  6.433479e+03  1.168796e+04  1.576614e+04  2.338251e+04 
 1.668956e-02  6.433650e+03  1.168800e+04  1.576587e+04  2.338137e+04 
 1.692220e-02  6.432554e+03  1.168575e+04  1.576248e+04  2.337557e+04 
 1.715809e-02  6.430199e+03  1.168116e+04  1.575604e+04  2.336532e+04 
 1.739726e-02  6.426555e+03  1.167423e+04  1.574643e+04  2.335054e+04 
 1.763977e-02  6.421575e+03  1.166489e+04  1.573357e+04  2.333089e+04 
 1.788566e-02  6.415258e+03  1.165313e+04  1.571742e+04  2.330635e+04 
 1.813498e-02  6.407604e+03  1.163894e+04  1.569799e+04  2.327691e+04 
 1.838777e-02  6.398602e+03  1.162228e+04  1.567524e+04  2.324250e+04 
 1.864409e-02  6.388236e+03  1.160313e+04  1.564914e+04  2.320302e+04 
 1.890397e-02  6.376489e+03  1.158147e+04  1.561965e+04  2.315852e+04 
 1.916748e-02  6.363345e+03  1.155728e+04  1.558672e+04  2.310896e+04 
 1.943467e-02  6.348784e+03  1.153053e+04  1.555033e+04  2.305424e+04 
 1.970558e-02  6.332806e+03  1.150119e+04  1.551048e+04  2.299438e+04 
 1.998026e-02  6.315405e+03  1.146927e+04  1.546714e+04  2.292946e+04 
 2.025878e-02  6.296595e+03  1.143479e+04  1.542035e+04  2.285942e+04 
 2.054117e-02  6.276359e+03  1.139771e+04  1.537003e+04  2.278415e+04 
 2.082751e-02  6.254681e+03  1.135802e+04  1.531622e+04  2.270367e+04 
 2.111783e-02  6.231565e+03  1.131570e+04  1.525889e+04  2.261795e+04 
 2.141220e-02  6.207111e+03  1.127093e+04  1.519818e+04  2.252708e+04 
 2.171068e-02  6.181825e+03  1.122438e+04  1.513482e+04  2.243169e+04 
 2.201331e-02  6.155120e+03  1.117527e+04  1.506799e+04  2.233118e+04 
 2.232016e-02  6.126990e+03  1.112358e+04  1.499768e+04  2.222540e+04 
 2.263130e-02  6.097439e+03  1.106932e+04  1.492392e+04  2.211445e+04 
 2.294676e-02  6.066499e+03  1.101254e+04  1.484674e+04  2.199854e+04 
 2.326663e-02  6.034173e+03  1.095321e+04  1.476617e+04  2.187769e+04 
 2.359095e-02  6.000464e+03  1.089138e+04  1.468220e+04  2.175183e+04 
 2.391980e-02  5.965411e+03  1.082711e+04  1.459495e+04  2.162108e+04 
 2.425323e-02  5.929028e+03  1.076044e+04  1.450443e+04  2.148544e+04 
 2.459130e-02  5.891314e+03  1.069132e+04  1.441066e+04  2.134496e+04 
 2.493409e-02  5.852301e+03  1.061986e+04  1.431370e+04  2.119978e+04 
 2.528166e-02  5.812034e+03  1.054612e+04  1.421370e+04  2.105007e+04 
 2.563407e-02  5.770525e+03  1.047014e+04  1.411068e+04  2.089589e+04 
 2.599140e-02  5.727813e+03  1.039199e+04  1.400472e+04  2.073737e+04 
 2.635371e-02  5.683929e+03  1.031172e+04  1.389587e+04  2.057462e+04 
 2.672106e-02  5.638911e+03  1.022936e+04  1.378423e+04  2.040776e+04 
 2.709354e-02  5.592781e+03  1.014500e+04  1.366990e+04  2.023692e+04 
 2.747121e-02  5.545593e+03  1.005871e+04  1.355302e+04  2.006223e+04 
 2.785414e-02  5.497303e+03  9.970482e+03  1.343353e+04  1.988375e+04 
 2.824241e-02  5.447698e+03  9.879969e+03  1.331108e+04  1.970120e+04 
 2.863610e-02  5.397177e+03  9.787814e+03  1.318639e+04  1.951537e+04 
 2.903527e-02  5.345792e+03  9.694111e+03  1.305961e+04  1.932644e+04 
 2.944000e-02  5.293603e+03  9.598936e+03  1.293087e+04  1.913463e+04 
 2.985038e-02  5.240656e+03  9.502404e+03  1.280030e+04  1.894009e+04 
 3.026648e-02  5.187016e+03  9.404586e+03  1.266803e+04  1.874303e+04 
 3.068838e-02  5.132734e+03  9.305619e+03  1.253421e+04  1.854370e+04 
 3.111616e-02  5.077885e+03  9.205608e+03  1.239900e+04  1.834232e+04 
 3.154990e-02  5.022525e+03  9.104685e+03  1.226253e+04  1.813915e+04 
 3.198969e-02  4.966719e+03  9.002962e+03  1.212501e+04  1.793440e+04 
 3.243561e-02  4.910528e+03  8.900570e+03  1.198659e+04  1.772830e+04 
 3.288774e-02  4.854034e+03  8.797628e+03  1.184743e+04  1.752113e+04 
 3.334618e-02  4.797292e+03  8.694265e+03  1.170769e+04  1.731315e+04 
 3.381101e-02  4.740385e+03  8.590602e+03  1.156757e+04  1.710458e+04 
 3.428231e-02  4.683390e+03  8.486756e+03  1.142724e+04  1.689571e+04 
 3.476019e-02  4.626211e+03  8.382913e+03  1.128728e+04  1.668852e+04 
 3.524473e-02  4.569077e+03  8.279176e+03  1.114748e+04  1.648158e+04 
 3.573602e-02  4.512074e+03  8.175700e+03  1.100799e+04  1.627515e+04 
 3.623416e-02  4.455267e+03  8.072587e+03  1.086898e+04  1.606943e+04 
 3.673925e-02  4.398731e+03  7.969955e+03  1.073067e+04  1.586470e+04 
 3.725137e-02  4.342544e+03  7.867944e+03  1.059319e+04  1.566124e+04 
 3.777064e-02  4.286773e+03  7.766696e+03  1.045675e+04  1.545927e+04 
 3.829714e-02  4.231504e+03  7.666355e+03  1.032152e+04  1.525911e+04 
 3.883098e-02  4.176796e+03  7.567038e+03  1.018768e+04  1.506097e+04 
 3.937226e-02  4.122708e+03  7.468841e+03  1.005534e+04  1.486506e+04 
 3.992109e-02  4.069294e+03  7.371884e+03  9.924659e+03  1.467163e+04 
 4.047757e-02  4.016618e+03  7.276228e+03  9.795697e+03  1.448060e+04 
 4.104181e-02  3.964497e+03  7.180932e+03  9.666498e+03  1.428725e+04 
 4.161391e-02  3.913244e+03  7.087215e+03  9.539419e+03  1.409706e+04 
 4.219398e-02  3.862915e+03  6.995164e+03  9.414613e+03  1.391026e+04 
 4.278214e-02  3.813547e+03  6.904874e+03  9.292176e+03  1.372700e+04 
 4.337850e-02  3.765179e+03  6.816407e+03  9.172229e+03  1.354741e+04 
 4.398317e-02  3.717852e+03  6.729834e+03  9.054850e+03  1.337161e+04 
 4.459628e-02  3.671599e+03  6.645225e+03  8.940095e+03  1.319976e+04 
 4.521792e-02  3.626454e+03  6.562624e+03  8.828047e+03  1.303192e+04 
 4.584824e-02  3.582434e+03  6.482064e+03  8.718758e+03  1.286815e+04 
 4.648734e-02  3.539563e+03  6.403577e+03  8.612263e+03  1.270856e+04 
 4.713535e-02  3.498020e+03  6.328348e+03  8.511038e+03  1.255907e+04 
 4.779239e-02  3.457733e+03  6.255905e+03  8.414103e+03  1.241729e+04 
 4.845859e-02  3.418583e+03  6.185531e+03  8.319938e+03  1.227959e+04 
 4.913407e-02  3.380566e+03  6.117203e+03  8.228514e+03  1.214591e+04 
 4.981898e-02  3.343671e+03  6.050878e+03  8.139775e+03  1.201625e+04 
 5.051342e-02  3.307862e+03  5.986508e+03  8.053662e+03  1.189042e+04 
 5.121755e-02  3.273099e+03  5.924042e+03  7.970099e+03  1.176835e+04 
 5.193150e-02  3.239335e+03  5.863402e+03  7.888978e+03  1.164987e+04 
 5.265540e-02  3.206519e+03  5.804470e+03  7.810164e+03  1.153478e+04 
 5.338938e-02  3.174328e+03  5.746160e+03  7.731685e+03  1.141883e+04 
 5.413360e-02  3.142661e+03  5.688189e+03  7.653045e+03  1.130104e+04 
 5.488820e-02  3.111769e+03  5.631644e+03  7.576307e+03  1.118604e+04 
 5.565331e-02  3.081540e+03  5.576291e+03  7.501183e+03  1.107342e+04 
 5.642908e-02  3.051825e+03  5.521869e+03  7.427302e+03  1.096268e+04 
 5.721568e-02  3.022574e+03  5.468272e+03  7.354558e+03  1.085361e+04 
 5.801323e-02  2.993904e+03  5.415737e+03  7.283245e+03  1.074667e+04 
 5.882190e-02  2.965903e+03  5.364420e+03  7.213571e+03  1.064216e+04 
 5.964185e-02  2.938531e+03  5.314633e+03  7.146337e+03  1.054227e+04 
 6.047322e-02  2.911797e+03  5.267035e+03  7.083115e+03  1.045117e+04 
 6.131619e-02  2.884643e+03  5.218669e+03  7.018856e+03  1.035854e+04 
 6.217090e-02  2.856911e+03  5.169239e+03  6.953163e+03  1.026376e+04 
 6.303753e-02  2.828649e+03  5.118852e+03  6.886168e+03  1.016707e+04 
 6.391624e-02  2.799914e+03  5.067603e+03  6.818024e+03  1.006866e+04 
 6.480720e-02  2.770676e+03  5.015450e+03  6.748653e+03  9.968435e+03 
 6.571058e-02  2.740788e+03  4.962115e+03  6.677683e+03  9.865839e+03 
 6.662655e-02  2.708796e+03  4.902894e+03  6.596622e+03  9.742329e+03 
 6.755528e-02  2.675823e+03  4.841841e+03  6.513033e+03  9.614939e+03 
 6.849697e-02  2.641832e+03  4.778954e+03  6.427001e+03  9.483979e+03 
 6.945178e-02  2.606754e+03  4.714124e+03  6.338356e+03  9.349232e+03 
 7.041990e-02  2.570532e+03  4.647238e+03  6.246967e+03  9.210503e+03 
 7.140151e-02  2.533115e+03  4.578215e+03  6.152733e+03  9.067636e+03 
 7.239681e-02  2.494770e+03  4.507861e+03  6.057119e+03  8.923986e+03 
 7.340598e-02  2.455540e+03  4.436311e+03  5.960383e+03  8.780205e+03 
 7.442922e-02  2.415080e+03  4.362525e+03  5.860655e+03  8.632061e+03 
 7.546673e-02  2.373406e+03  4.286548e+03  5.757993e+03  8.479649e+03 
 7.651869e-02  2.330573e+03  4.208486e+03  5.652540e+03  8.323170e+03 
 7.758532e-02  2.286650e+03  4.128478e+03  5.544490e+03  8.162847e+03 
 7.866682e-02  2.242668e+03  4.049669e+03  5.439285e+03  8.009769e+03 
 7.976339e-02  2.199328e+03  3.974076e+03  5.340397e+03  7.870935e+03 
 8.087525e-02  2.155180e+03  3.896936e+03  5.239359e+03  7.728783e+03 
 8.200261e-02  2.110379e+03  3.818518e+03  5.136535e+03  7.583819e+03 
 8.314568e-02  2.065095e+03  3.739141e+03  5.032336e+03  7.436613e+03 
 8.430468e-02  2.019517e+03  3.659130e+03  4.927213e+03  7.287805e+03 
 8.547985e-02  1.972881e+03  3.575773e+03  4.816220e+03  7.127022e+03 
 8.667139e-02  1.925932e+03  3.491195e+03  4.702928e+03  6.961283e+03 
 8.787954e-02  1.879359e+03  3.407278e+03  4.590497e+03  6.796760e+03 
 8.910453e-02  1.833394e+03  3.324419e+03  4.479457e+03  6.634245e+03 
 9.034660e-02  1.788245e+03  3.243006e+03  4.370339e+03  6.474508e+03 
 9.160598e-02  1.744824e+03  3.165684e+03  4.267579e+03  6.326068e+03 
 9.288292e-02  1.703234e+03  3.092540e+03  4.171200e+03  6.188716e+03 
 9.417766e-02  1.663002e+03  3.021781e+03  4.077955e+03  6.055796e+03 
 9.549045e-02  1.624310e+03  2.953719e+03  3.988267e+03  5.927978e+03 
 9.682153e-02  1.587299e+03  2.888630e+03  3.902507e+03  5.805818e+03 
 9.817117e-02  1.552335e+03  2.827574e+03  3.822462e+03  5.692750e+03 
 9.953962e-02  1.519355e+03  2.770195e+03  3.747441e+03  5.587249e+03 
 1.009272e-01  1.488346e+03  2.716332e+03  3.677100e+03  5.488528e+03 
 1.023340e-01  1.459355e+03  2.666064e+03  3.611553e+03  5.396757e+03 
 1.037605e-01  1.431658e+03  2.617214e+03  3.547100e+03  5.304742e+03 
 1.052069e-01  1.403225e+03  2.563746e+03  3.473483e+03  5.192517e+03 
 1.066734e-01  1.376797e+03  2.513990e+03  3.404908e+03  5.087891e+03 
 1.081604e-01  1.352254e+03  2.467732e+03  3.341060e+03  4.990390e+03 
 1.096681e-01  1.329456e+03  2.424692e+03  3.281585e+03  4.899457e+03 
 1.111968e-01  1.308619e+03  2.385645e+03  3.227787e+03  4.816925e+03 
 1.127468e-01  1.289164e+03  2.349149e+03  3.177481e+03  4.739617e+03 
 1.143184e-01  1.270819e+03  2.314734e+03  3.129970e+03  4.666520e+03 
 1.159120e-01  1.253342e+03  2.281938e+03  3.084641e+03  4.596719e+03 
 1.175277e-01  1.237594e+03  2.253448e+03  3.046135e+03  4.539054e+03 
 1.191660e-01  1.222264e+03  2.225795e+03  3.008845e+03  4.483372e+03 
 1.208271e-01  1.206962e+03  2.198195e+03  2.971621e+03  4.427794e+03 
 1.225114e-01  1.191375e+03  2.170078e+03  2.933752e+03  4.371355e+03 
 1.242191e-01  1.174995e+03  2.140447e+03  2.893985e+03  4.313200e+03 
 1.259506e-01  1.157875e+03  2.109463e+03  2.852342e+03  4.252284e+03 
 1.277063e-01  1.139813e+03  2.076722e+03  2.808377e+03  4.187843e+03 
 1.294865e-01  1.121061e+03  2.042966e+03  2.763131e+03  4.121271e+03 
 1.312915e-01  1.101566e+03  2.008178e+03  2.716500e+03  4.052440e+03 
 1.331216e-01  1.080763e+03  1.970982e+03  2.666631e+03  3.978736e+03 
 1.349772e-01  1.058690e+03  1.931482e+03  2.613718e+03  3.900592e+03 
 1.368587e-01  1.036710e+03  1.894314e+03  2.566333e+03  3.837514e+03 
 1.387665e-01  1.013573e+03  1.854929e+03  2.515837e+03  3.769535e+03 
 1.407008e-01  9.894533e+02  1.813630e+03  2.462669e+03  3.697268e+03 
 1.426621e-01  9.654880e+02  1.772796e+03  2.409882e+03  3.623752e+03 
 1.446507e-01  9.412904e+02  1.731512e+03  2.356277e+03  3.548306e+03 
 1.466671e-01  9.168600e+02  1.689672e+03  2.301752e+03  3.471259e+03 
 1.487115e-01  8.902376e+02  1.641656e+03  2.237408e+03  3.377309e+03 
 1.507845e-01  8.625827e+02  1.590315e+03  2.167650e+03  3.273795e+03 
 1.528864e-01  8.358216e+02  1.540640e+03  2.100114e+03  3.173549e+03 
 1.550175e-01  8.121677e+02  1.498651e+03  2.044548e+03  3.093956e+03 
 1.571784e-01  7.911986e+02  1.462915e+03  1.998478e+03  3.030398e+03 
 1.593694e-01  7.716752e+02  1.429735e+03  1.955714e+03  2.971609e+03 
 1.615909e-01  7.541882e+02  1.400414e+03  1.918161e+03  2.920189e+03 
 1.638434e-01  7.385329e+02  1.374477e+03  1.885166e+03  2.875272e+03 
 1.661273e-01  7.245245e+02  1.351492e+03  1.856139e+03  2.836231e+03 
 1.684430e-01  7.085165e+02  1.321812e+03  1.816016e+03  2.777604e+03 
 1.707910e-01  6.935915e+02  1.293787e+03  1.777907e+03  2.721637e+03 
 1.731717e-01  6.805875e+02  1.269756e+03  1.745477e+03  2.674310e+03 
 1.755856e-01  6.709982e+02  1.253772e+03  1.724829e+03  2.644928e+03 
 1.780332e-01  6.621396e+02  1.239117e+03  1.706012e+03  2.618312e+03 
 1.805149e-01  6.518916e+02  1.219669e+03  1.678799e+03  2.575499e+03 
 1.830312e-01  6.406739e+02  1.197109e+03  1.646233e+03  2.522494e+03 
 1.855825e-01  6.294140e+02  1.174816e+03  1.614421e+03  2.471491e+03 
 1.881694e-01  6.184620e+02  1.155048e+03  1.588236e+03  2.434079e+03 
 1.907924e-01  6.068339e+02  1.134007e+03  1.560279e+03  2.393931e+03 
 1.934520e-01  5.939887e+02  1.110636e+03  1.529345e+03  2.350687e+03 
 1.961486e-01  5.801253e+02  1.085326e+03  1.495797e+03  2.303825e+03 
 1.988828e-01  5.667225e+02  1.061629e+03  1.464663e+03  2.260146e+03 
 2.016551e-01  5.544447e+02  1.041108e+03  1.438189e+03  2.222944e+03 
 2.044661e-01  5.412841e+02  1.018561e+03  1.408650e+03  2.180581e+03 
 2.073162e-01  5.265952e+02  9.914147e+02  1.371437e+03  2.124351e+03 
 2.102061e-01  5.117777e+02  9.639985e+02  1.333834e+03  2.067448e+03 
 2.131362e-01  5.010972e+02  9.487725e+02  1.316071e+03  2.044768e+03 
 2.161073e-01  4.909331e+02  9.345604e+02  1.299746e+03  2.024291e+03 
 2.191197e-01  4.778670e+02  9.122305e+02  1.271202e+03  1.986384e+03 
 2.221741e-01  4.649191e+02  8.894589e+02  1.241746e+03  1.947168e+03 
 2.252711e-01  4.534318e+02  8.698617e+02  1.216853e+03  1.914274e+03 
 2.284112e-01  4.431694e+02  8.526689e+02  1.195296e+03  1.886185e+03 
 2.315951e-01  4.343533e+02  8.370933e+02  1.174288e+03  1.854112e+03 
 2.348235e-01  4.266165e+02  8.231653e+02  1.154982e+03  1.823029e+03 
 2.380968e-01  4.174470e+02  8.051910e+02  1.129765e+03  1.784423e+03 
 2.414157e-01  4.083149e+02  7.869723e+02  1.104148e+03  1.745617e+03 
 2.447809e-01  3.992454e+02  7.695854e+02  1.080354e+03  1.709770e+03 
 2.481930e-01  3.903667e+02  7.527032e+02  1.057336e+03  1.675097e+03 
 2.516527e-01  3.850798e+02  7.441474e+02  1.046053e+03  1.658034e+03 
 2.551606e-01  3.784648e+02  7.326060e+02  1.030586e+03  1.635059e+03 
 2.587174e-01  3.682796e+02  7.129011e+02  1.003718e+03  1.596342e+03 
 2.623238e-01  3.595981e+02  6.973112e+02  9.830319e+02  1.567043e+03 
 2.659804e-01  3.526506e+02  6.863629e+02  9.692984e+02  1.548348e+03 
 2.696881e-01  3.434145e+02  6.699250e+02  9.474536e+02  1.516094e+03 
 2.734474e-01  3.335500e+02  6.519674e+02  9.233669e+02  1.480147e+03 
 2.772591e-01  3.261741e+02  6.401895e+02  9.089999e+02  1.462277e+03 
 2.811239e-01  3.185069e+02  6.271700e+02  8.927538e+02  1.442630e+03 
 2.850426e-01  3.105101e+02  6.126356e+02  8.742405e+02  1.421165e+03 
 2.890160e-01  3.033483e+02  6.005961e+02  8.588181e+02  1.399184e+03 
 2.930447e-01  2.968029e+02  5.893306e+02  8.436890e+02  1.375427e+03 
 2.971296e-01  2.905823e+02  5.768371e+02  8.247413e+02  1.342721e+03 
 3.012714e-01  2.850188e+02  5.672363e+02  8.120210e+02  1.323909e+03 
 3.054710e-01  2.795345e+02  5.582044e+02  8.008791e+02  1.309373e+03 
 3.097291e-01  2.728256e+02  5.459471e+02  7.849165e+02  1.287916e+03 
 3.140465e-01  2.666403e+02  5.335723e+02  7.671501e+02  1.258816e+03 
 3.184242e-01  2.610714e+02  5.226064e+02  7.513889e+02  1.232889e+03 
 3.228628e-01  2.566854e+02  5.155486e+02  7.427387e+02  1.222738e+03 
 3.273634e-01  2.503693e+02  5.030923e+02  7.250030e+02  1.194696e+03 
 3.319266e-01  2.437954e+02  4.906192e+02  7.079650e+02  1.169470e+03 
 3.365535e-01  2.375918e+02  4.798629e+02  6.943782e+02  1.151815e+03 
 3.412449e-01  2.333933e+02  4.744657e+02  6.879697e+02  1.141351e+03 
 3.460016e-01  2.287618e+02  4.670254e+02  6.784568e+02  1.128096e+03 
 3.508247e-01  2.242316e+02  4.590205e+02  6.678320e+02  1.112736e+03 
 3.557150e-01  2.198812e+02  4.509869e+02  6.569742e+02  1.096181e+03 
 3.606735e-01  2.148522e+02  4.420680e+02  6.453532e+02  1.079950e+03 
 3.657011e-01  2.087988e+02  4.306555e+02  6.299124e+02  1.059041e+03 
 3.707988e-01  2.039722e+02  4.214756e+02  6.174911e+02  1.040790e+03 
 3.759675e-01  1.995595e+02  4.131034e+02  6.060781e+02  1.023893e+03 
 3.812083e-01  1.949809e+02  4.048729e+02  5.949888e+02  1.007916e+03 
 3.865221e-01  1.911092e+02  3.992784e+02  5.883591e+02  9.962992e+02 
 3.919100e-01  1.871076e+02  3.900473e+02  5.746047e+02  9.783246e+02 
 3.973730e-01  1.826235e+02  3.827843e+02  5.655337e+02  9.637192e+02 
 4.029122e-01  1.790622e+02  3.772282e+02  5.577454e+02  9.492835e+02 
 4.085286e-01  1.754128e+02  3.694777e+02  5.467940e+02  9.339486e+02 
 4.142232e-01  1.710317e+02  3.607000e+02  5.354092e+02  9.201998e+02 
 4.199973e-01  1.668357e+02  3.536126e+02  5.265021e+02  9.070979e+02 
 4.258518e-01  1.634966e+02  3.474302e+02  5.176936e+02  8.917857e+02 
 4.317880e-01  1.599478e+02  3.404339e+02  5.074200e+02  8.764022e+02 
 4.378069e-01  1.568210e+02  3.342570e+02  4.986299e+02  8.618798e+02 
 4.439097e-01  1.542245e+02  3.303073e+02  4.940155e+02  8.579977e+02 
 4.500975e-01  1.500842e+02  3.226701e+02  4.835943e+02  8.427407e+02 
 4.563716e-01  1.465704e+02  3.155032e+02  4.731878e+02  8.241862e+02 
 4.627332e-01  1.443785e+02  3.125797e+02  4.701572e+02  8.213843e+02 
 4.691835e-01  1.407223e+02  3.053742e+02  4.597863e+02  8.040318e+02 
 4.757236e-01  1.380856e+02  3.002832e+02  4.528909e+02  7.936342e+02 
 4.823549e-01  1.345267e+02  2.930516e+02  4.428761e+02  7.805105e+02 
 4.890787e-01  1.317303e+02  2.877050e+02  4.356590e+02  7.691407e+02 
 4.958962e-01  1.296519e+02  2.836468e+02  4.293131e+02  7.575466e+02 
 5.028087e-01  1.268415e+02  2.788078e+02  4.228183e+02  7.481987e+02 
 5.098176e-01  1.245336e+02  2.745917e+02  4.166017e+02  7.358978e+02 
 5.169242e-01  1.224070e+02  2.706150e+02  4.113461e+02  7.288108e+02 
 5.241298e-01  1.184624e+02  2.640031e+02  4.033217e+02  7.190674e+02 
 5.314359e-01  1.164377e+02  2.608817e+02  3.989796e+02  7.121261e+02 
 5.388438e-01  1.140253e+02  2.554447e+02  3.909411e+02  7.001899e+02 
 5.463550e-01  1.120382e+02  2.515454e+02  3.851141e+02  6.906447e+02 
 5.539709e-01  1.091160e+02  2.465089e+02  3.787033e+02  6.806184e+02 
 5.616930e-01  1.072247e+02  2.428437e+02  3.735376e+02  6.728211e+02 
 5.695227e-01  1.051631e+02  2.395807e+02  3.694380e+02  6.637357e+02 
 5.774615e-01  1.028042e+02  2.341554e+02  3.615126e+02  6.527476e+02 
 5.855110e-01  1.010008e+02  2.307840e+02  3.562779e+02  6.440900e+02 
 5.936727e-01  9.869660e+01  2.254636e+02  3.490302e+02  6.332921e+02 
 6.019482e-01  9.707139e+01  2.229732e+02  3.448920e+02  6.257676e+02 
 6.103390e-01  9.481745e+01  2.191837e+02  3.399219e+02  6.166976e+02 
 6.188468e-01  9.274823e+01  2.159245e+02  3.371738e+02  6.146512e+02 
 6.274732e-01  9.124264e+01  2.119884e+02  3.304842e+02  6.042164e+02 
 6.362198e-01  8.947263e+01  2.088879e+02  3.258431e+02  5.952208e+02 
 6.450884e-01  8.741890e+01  2.052630e+02  3.208207e+02  5.864544e+02 
 6.540806e-01  8.562734e+01  2.009974e+02  3.144355e+02  5.775522e+02 
 6.631981e-01  8.378727e+01  1.982191e+02  3.114122e+02  5.718580e+02 
 6.724427e-01  8.222674e+01  1.948746e+02  3.068717e+02  5.663897e+02 
 6.818162e-01  8.050220e+01  1.914306e+02  3.007668e+02  5.555321e+02 
 6.913204e-01  7.881874e+01  1.880857e+02  2.964785e+02  5.480992e+02 
 7.009570e-01  7.772261e+01  1.853680e+02  2.925357e+02  5.412399e+02 
 7.107280e-01  7.578759e+01  1.823993e+02  2.882604e+02  5.329203e+02 
 7.206351e-01  7.464346e+01  1.797215e+02  2.847712e+02  5.286702e+02 
 7.306804e-01  7.317710e+01  1.770593e+02  2.802875e+02  5.194860e+02 
 7.408657e-01  7.158476e+01  1.736947e+02  2.755104e+02  5.130994e+02 
 7.511929e-01  7.010208e+01  1.706711e+02  2.716397e+02  5.061370e+02 
 7.616642e-01  6.875980e+01  1.677218e+02  2.674992e+02  5.000491e+02 
 7.722814e-01  6.789555e+01  1.660395e+02  2.645130e+02  4.928243e+02 
 7.830465e-01  6.649148e+01  1.629745e+02  2.602471e+02  4.865037e+02 
 7.939618e-01  6.529411e+01  1.609239e+02  2.569506e+02  4.819118e+02 
 8.050292e-01  6.387965e+01  1.581077e+02  2.536668e+02  4.756959e+02 
 8.162509e-01  6.280944e+01  1.558391e+02  2.494663e+02  4.676424e+02 
 8.276289e-01  6.131078e+01  1.528803e+02  2.456337e+02  4.618563e+02 
 8.391656e-01  6.058043e+01  1.511014e+02  2.423126e+02  4.570003e+02 
 8.508632e-01  5.948092e+01  1.486255e+02  2.390894e+02  4.508801e+02 
 8.627237e-01  5.821483e+01  1.463273e+02  2.356037e+02  4.439196e+02 
 8.747496e-01  5.716607e+01  1.439513e+02  2.322493e+02  4.381164e+02 
 8.869432e-01  5.620491e+01  1.419487e+02  2.291730e+02  4.326383e+02 
 8.993067e-01  5.510243e+01  1.397640e+02  2.257930e+02  4.265542e+02 
 9.118425e-01  5.425352e+01  1.374378e+02  2.221041e+02  4.191342e+02 
 9.245531e-01  5.310568e+01  1.352145e+02  2.187465e+02  4.147157e+02 
 9.374409e-01  5.211865e+01  1.332271e+02  2.160389e+02  4.091496e+02 
 9.505083e-01  5.128124e+01  1.311989e+02  2.129798e+02  4.035807e+02 
 9.637579e-01  5.020801e+01  1.287533e+02  2.093754e+02  3.978163e+02 
 9.771921e-01  4.959093e+01  1.280007e+02  2.073323e+02  3.925979e+02 
 9.908137e-01  4.866095e+01  1.256851e+02  2.041623e+02  3.876158e+02 
 1.004625e+00  4.773558e+01  1.234411e+02  2.007223e+02  3.812061e+02 
 1.018629e+00  4.696148e+01  1.217883e+02  1.979695e+02  3.758189e+02 
 1.032828e+00  4.608560e+01  1.199483e+02  1.955089e+02  3.719623e+02 
 1.047225e+00  4.521733e+01  1.182630e+02  1.924447e+02  3.656350e+02 
 1.061823e+00  4.454204e+01  1.166992e+02  1.898703e+02  3.604468e+02 
 1.076624e+00  4.372721e+01  1.148951e+02  1.871097e+02  3.550967e+02 
 1.091632e+00  4.299168e+01  1.131161e+02  1.844655e+02  3.497971e+02 
 1.106848e+00  4.219252e+01  1.112166e+02  1.817422e+02  3.451259e+02 
 1.122277e+00  4.146785e+01  1.096838e+02  1.788260e+02  3.395095e+02 
 1.137921e+00  4.073534e+01  1.078656e+02  1.761959e+02  3.345600e+02 
 1.153783e+00  4.009333e+01  1.062354e+02  1.735774e+02  3.298392e+02 
 1.169866e+00  3.939006e+01  1.046805e+02  1.710084e+02  3.252459e+02 
 1.186174e+00  3.868808e+01  1.031940e+02  1.685150e+02  3.200893e+02 
 1.202708e+00  3.808011e+01  1.016284e+02  1.660533e+02  3.152548e+02 
 1.219473e+00  3.745134e+01  1.001599e+02  1.637024e+02  3.101069e+02 
 1.236472e+00  3.679679e+01  9.869537e+01  1.613851e+02  3.056334e+02 
 1.253708e+00  3.620858e+01  9.711402e+01  1.587499e+02  3.012472e+02 
 1.271184e+00  3.561372e+01  9.602408e+01  1.568049e+02  2.964585e+02 
 1.288904e+00  3.501355e+01  9.421051e+01  1.541409e+02  2.922665e+02 
 1.306870e+00  3.438208e+01  9.279473e+01  1.517662e+02  2.873756e+02 
 1.325087e+00  3.386781e+01  9.145050e+01  1.495147e+02  2.825975e+02 
 1.343558e+00  3.330640e+01  9.002548e+01  1.471977e+02  2.780322e+02 
 1.362287e+00  3.279466e+01  8.857941e+01  1.447264e+02  2.736125e+02 
 1.381276e+00  3.224742e+01  8.721877e+01  1.422440e+02  2.691683e+02 
 1.400531e+00  3.172648e+01  8.589498e+01  1.401089e+02  2.644104e+02 
 1.420053e+00  3.117622e+01  8.448414e+01  1.379595e+02  2.599529e+02 
 1.439848e+00  3.068198e+01  8.322837e+01  1.356373e+02  2.557049e+02 
 1.459919e+00  3.013806e+01  8.189462e+01  1.334149e+02  2.511167e+02 
 1.480269e+00  2.970891e+01  8.047489e+01  1.311355e+02  2.464489e+02 
 1.500903e+00  2.921100e+01  7.924057e+01  1.289330e+02  2.426630e+02 
 1.521825e+00  2.873047e+01  7.808969e+01  1.269412e+02  2.383714e+02 
 1.543038e+00  2.824919e+01  7.682818e+01  1.249579e+02  2.344083e+02 
 1.564548e+00  2.783034e+01  7.560124e+01  1.228240e+02  2.301081e+02 
 1.586357e+00  2.738211e+01  7.446124e+01  1.208051e+02  2.259882e+02 
 1.608469e+00  2.691552e+01  7.328409e+01  1.187902e+02  2.222019e+02 
 1.630891e+00  2.655606e+01  7.196604e+01  1.165505e+02  2.178477e+02 
 1.653624e+00  2.609192e+01  7.079024e+01  1.147008e+02  2.142346e+02 
 1.676675e+00  2.567164e+01  6.974190e+01  1.127909e+02  2.100836e+02 
 1.700047e+00  2.524556e+01  6.859216e+01  1.107889e+02  2.062720e+02 
 1.723745e+00  2.484801e+01  6.741645e+01  1.088127e+02  2.021340e+02 
 1.747773e+00  2.442052e+01  6.625174e+01  1.068406e+02  1.982749e+02 
 1.772136e+00  2.403205e+01  6.512490e+01  1.048904e+02  1.946771e+02 
 1.796838e+00  2.365519e+01  6.401309e+01  1.030163e+02  1.908592e+02 
 1.821885e+00  2.328854e+01  6.290082e+01  1.010948e+02  1.872532e+02 
 1.847281e+00  2.290957e+01  6.191677e+01  9.934531e+01  1.836045e+02 
 1.873032e+00  2.254431e+01  6.077060e+01  9.737606e+01  1.800699e+02 
 1.899141e+00  2.216714e+01  5.967880e+01  9.561860e+01  1.765492e+02 
 1.925614e+00  2.182593e+01  5.867425e+01  9.385569e+01  1.729766e+02 
 1.952456e+00  2.153286e+01  5.769409e+01  9.211991e+01  1.695188e+02 
 1.979672e+00  2.114079e+01  5.670877e+01  9.040686e+01  1.661513e+02 
 2.007267e+00  2.082750e+01  5.567586e+01  8.858780e+01  1.628966e+02 
 2.035248e+00  2.046462e+01  5.464561e+01  8.685474e+01  1.594760e+02 
 2.063618e+00  2.013057e+01  5.363201e+01  8.517791e+01  1.561534e+02 
 2.092383e+00  1.980733e+01  5.265165e+01  8.347556e+01  1.529523e+02 
 2.121550e+00  1.947305e+01  5.165461e+01  8.180549e+01  1.496859e+02 
 2.151123e+00  1.915837e+01  5.069640e+01  8.012471e+01  1.464650e+02 
 2.181109e+00  1.883887e+01  4.972181e+01  7.852944e+01  1.434220e+02 
 2.211512e+00  1.852643e+01  4.874913e+01  7.687506e+01  1.402140e+02 
 2.242340e+00  1.822512e+01  4.784829e+01  7.531948e+01  1.372321e+02 
 2.273597e+00  1.790251e+01  4.691710e+01  7.369075e+01  1.342297e+02 
 2.305289e+00  1.762423e+01  4.600127e+01  7.219033e+01  1.313271e+02 
 2.337424e+00  1.732851e+01  4.508332e+01  7.065782e+01  1.284685e+02 
 2.370006e+00  1.703703e+01  4.420379e+01  6.919454e+01  1.257269e+02 
 2.403043e+00  1.674016e+01  4.333680e+01  6.768780e+01  1.229086e+02 
 2.436540e+00  1.646955e+01  4.248865e+01  6.625767e+01  1.201764e+02 
 2.470504e+00  1.619166e+01  4.165053e+01  6.481607e+01  1.174831e+02 
 2.504942e+00  1.591704e+01  4.083113e+01  6.343994e+01  1.148818e+02 
 2.539859e+00  1.565604e+01  3.998618e+01  6.202847e+01  1.122482e+02 
 2.575263e+00  1.537307e+01  3.915209e+01  6.071480e+01  1.097369e+02 
 2.611161e+00  1.511680e+01  3.833741e+01  5.932045e+01  1.072222e+02 
 2.647559e+00  1.485382e+01  3.752632e+01  5.796204e+01  1.047017e+02 
 2.684465e+00  1.459318e+01  3.675785e+01  5.664466e+01  1.022616e+02 
 2.721885e+00  1.432513e+01  3.594320e+01  5.536567e+01  9.987115e+01 
 2.759826e+00  1.407063e+01  3.515515e+01  5.407718e+01  9.751816e+01 
 2.798297e+00  1.381911e+01  3.440923e+01  5.284247e+01  9.527005e+01 
 2.837304e+00  1.357287e+01  3.365555e+01  5.161481e+01  9.301003e+01 
 2.876854e+00  1.332651e+01  3.291032e+01  5.040983e+01  9.081499e+01 
 2.916956e+00  1.308724e+01  3.219850e+01  4.923113e+01  8.862656e+01 
 2.957617e+00  1.285451e+01  3.149696e+01  4.809524e+01  8.654317e+01 
 2.998844e+00  1.261924e+01  3.080713e+01  4.696222e+01  8.446959e+01 
 3.040646e+00  1.238990e+01  3.011730e+01  4.585663e+01  8.250493e+01 
 3.083031e+00  1.216346e+01  2.944180e+01  4.477508e+01  8.053899e+01 
 3.126007e+00  1.194450e+01  2.879030e+01  4.371096e+01  7.858710e+01 
 3.169582e+00  1.172065e+01  2.812121e+01  4.265024e+01  7.669812e+01 
 3.213764e+00  1.150064e+01  2.747964e+01  4.161941e+01  7.483592e+01 
 3.258562e+00  1.127839e+01  2.685421e+01  4.060540e+01  7.300654e+01 
 3.303985e+00  1.106156e+01  2.621677e+01  3.961174e+01  7.121716e+01 
 3.350041e+00  1.084982e+01  2.559381e+01  3.862500e+01  6.944532e+01 
 3.396739e+00  1.063389e+01  2.499261e+01  3.767665e+01  6.771485e+01 
 3.444087e+00  1.042945e+01  2.438801e+01  3.672443e+01  6.602337e+01 
 3.492096e+00  1.022478e+01  2.381106e+01  3.582043e+01  6.440115e+01 
 3.540774e+00  1.001843e+01  2.324725e+01  3.493129e+01  6.279474e+01 
 3.590130e+00  9.822042e+00  2.268371e+01  3.404986e+01  6.124311e+01 
 3.640175e+00  9.629982e+00  2.213995e+01  3.320895e+01  5.971370e+01 
 3.690917e+00  9.434692e+00  2.161434e+01  3.236884e+01  5.822788e+01 
 3.742366e+00  9.245798e+00  2.108348e+01  3.156111e+01  5.679858e+01 
 3.794533e+00  9.062144e+00  2.058150e+01  3.077402e+01  5.537881e+01 
 3.847427e+00  8.879355e+00  2.007589e+01  3.000153e+01  5.401450e+01 
 3.901058e+00  8.694451e+00  1.959094e+01  2.924874e+01  5.265752e+01 
 3.955436e+00  8.519999e+00  1.910687e+01  2.849659e+01  5.132690e+01 
 4.010573e+00  8.339494e+00  1.863149e+01  2.777633e+01  5.003809e+01 
 4.066478e+00  8.164171e+00  1.816404e+01  2.705798e+01  4.875766e+01 
 4.123163e+00  7.989491e+00  1.771148e+01  2.635862e+01  4.750967e+01 
 4.180637e+00  7.820005e+00  1.726586e+01  2.567804e+01  4.628574e+01 
 4.238913e+00  7.651545e+00  1.682490e+01  2.500931e+01  4.510540e+01 
 4.298001e+00  7.482974e+00  1.639843e+01  2.436176e+01  4.394150e+01 
 4.357913e+00  7.324494e+00  1.598132e+01  2.373099e+01  4.282120e+01 
 4.418660e+00  7.163910e+00  1.557858e+01  2.311388e+01  4.172793e+01 
 4.480254e+00  7.006178e+00  1.518154e+01  2.251440e+01  4.065905e+01 
 4.542706e+00  6.854384e+00  1.479307e+01  2.192918e+01  3.961598e+01 
 4.606029e+00  6.703656e+00  1.442068e+01  2.136571e+01  3.861282e+01 
 4.670234e+00  6.556054e+00  1.405585e+01  2.081901e+01  3.763406e+01 
 4.735335e+00  6.411625e+00  1.370068e+01  2.028181e+01  3.667315e+01 
 4.801343e+00  6.271720e+00  1.335555e+01  1.976031e+01  3.573499e+01 
 4.868271e+00  6.131976e+00  1.301456e+01  1.924791e+01  3.481935e+01 
 4.936132e+00  5.994110e+00  1.267999e+01  1.874817e+01  3.392386e+01 
 5.004939e+00  5.857992e+00  1.235430e+01  1.825799e+01  3.304463e+01 
 5.074705e+00  5.722940e+00  1.203356e+01  1.777716e+01  3.218753e+01 
 5.145444e+00  5.591862e+00  1.172143e+01  1.730963e+01  3.135157e+01 
 5.217169e+00  5.461479e+00  1.141505e+01  1.685153e+01  3.052534e+01 
 5.289893e+00  5.336003e+00  1.111861e+01  1.641127e+01  2.973032e+01 
 5.363631e+00  5.210544e+00  1.082902e+01  1.597688e+01  2.895260e+01 
 5.438397e+00  5.089562e+00  1.054657e+01  1.555513e+01  2.819372e+01 
 5.514206e+00  4.970668e+00  1.027252e+01  1.514704e+01  2.745934e+01 
 5.591071e+00  4.853354e+00  1.000718e+01  1.474894e+01  2.674532e+01 
 5.669007e+00  4.741350e+00  9.747628e+00  1.436531e+01  2.605201e+01 
 5.748030e+00  4.630564e+00  9.497068e+00  1.399023e+01  2.537422e+01 
 5.828155e+00  4.522513e+00  9.253156e+00  1.362755e+01  2.471747e+01 
 5.909396e+00  4.417030e+00  9.015412e+00  1.327388e+01  2.408050e+01 
 5.991770e+00  4.313357e+00  8.783110e+00  1.292862e+01  2.345731e+01 
 6.075292e+00  4.212204e+00  8.557947e+00  1.259292e+01  2.284816e+01 
 6.159978e+00  4.112359e+00  8.336842e+00  1.226437e+01  2.225304e+01 
 6.245845e+00  4.014207e+00  8.120597e+00  1.194295e+01  2.166865e+01 
 6.332908e+00  3.917538e+00  7.907986e+00  1.162766e+01  2.109679e+01 
 6.421186e+00  3.823559e+00  7.701639e+00  1.131982e+01  2.053849e+01 
 6.510694e+00  3.730807e+00  7.499801e+00  1.102115e+01  1.999459e+01 
 6.601449e+00  3.640812e+00  7.304097e+00  1.072978e+01  1.946536e+01 
 6.693470e+00  3.552416e+00  7.112481e+00  1.044519e+01  1.894841e+01 
 6.786773e+00  3.466251e+00  6.927288e+00  1.030327e+01  1.844662e+01 
 6.881377e+00  3.382820e+00  6.747097e+00  9.901588e+00  1.795740e+01 
 6.977300e+00  3.301294e+00  6.572646e+00  9.642717e+00  1.748410e+01 
 7.074559e+00  3.222225e+00  6.402662e+00  9.389601e+00  1.702300e+01 
 7.173175e+00  3.144796e+00  6.238117e+00  9.144995e+00  1.657633e+01 
 7.273165e+00  3.069796e+00  6.078472e+00  8.907896e+00  1.614113e+01 
 7.374549e+00  2.996501e+00  5.922642e+00  8.675936e+00  1.571869e+01 
 7.477346e+00  2.924746e+00  5.771745e+00  8.451918e+00  1.530696e+01 
 7.581576e+00  2.855112e+00  5.623319e+00  8.231772e+00  1.490436e+01 
 7.687260e+00  2.786448e+00  5.478876e+00  8.016781e+00  1.451140e+01 
 7.794416e+00  2.719134e+00  5.337405e+00  7.805651e+00  1.412569e+01 
 7.903066e+00  2.653269e+00  5.198718e+00  7.599270e+00  1.374765e+01 
 8.013230e+00  2.588858e+00  5.064083e+00  7.399588e+00  1.337981e+01 
 8.124930e+00  2.525744e+00  4.932596e+00  7.203714e+00  1.302045e+01 
 8.238187e+00  2.464457e+00  4.804156e+00  7.012641e+00  1.267088e+01 
 8.353023e+00  2.404560e+00  4.679586e+00  6.827501e+00  1.233032e+01 
 8.469460e+00  2.346440e+00  4.558639e+00  6.647427e+00  1.199943e+01 
 8.587519e+00  2.289900e+00  4.440928e+00  6.472378e+00  1.167814e+01 
 8.707225e+00  2.234954e+00  4.326481e+00  6.302652e+00  1.136597e+01 
 8.828599e+00  2.181599e+00  4.216132e+00  6.137758e+00  1.106245e+01 
 8.951665e+00  2.129647e+00  4.108748e+00  5.977837e+00  1.076854e+01 
 9.076446e+00  2.079252e+00  4.004599e+00  5.822999e+00  1.048339e+01 
 9.202967e+00  2.030227e+00  3.903197e+00  5.672266e+00  1.020531e+01 
 9.331251e+00  1.982403e+00  3.804367e+00  5.525116e+00  9.934775e+00 
 9.461324e+00  0.000000e+00  0.000000e+00  0.000000e+00  0.000000e+00 
 9.593209e+00  0.000000e+00  0.000000e+00  0.000000e+00  0.000000e+00 
 9.726934e+00  0.000000e+00  0.000000e+00  0.000000e+00  0.000000e+00 
 9.862522e+00  0.000000e+00  0.000000e+00  0.000000e+00  0.000000e+00 
 1.000000e+01  0.000000e+00  0.000000e+00  0.000000e+00  0.000000e+00 
