 1.000000e-02  5.604119e+03  1.019989e+04  1.377771e+04  2.048426e+04 
 1.013939e-02  5.632888e+03  1.025209e+04  1.384802e+04  2.058837e+04 
 1.028073e-02  5.661135e+03  1.030329e+04  1.391702e+04  2.069056e+04 
 1.042404e-02  5.688852e+03  1.035348e+04  1.398466e+04  2.079084e+04 
 1.056935e-02  5.716012e+03  1.040263e+04  1.405087e+04  2.088904e+04 
 1.071668e-02  5.742560e+03  1.045075e+04  1.411569e+04  2.098498e+04 
 1.086606e-02  5.768512e+03  1.049780e+04  1.417910e+04  2.107866e+04 
 1.101753e-02  5.793842e+03  1.054373e+04  1.424098e+04  2.117009e+04 
 1.117111e-02  5.818535e+03  1.058848e+04  1.430121e+04  2.125916e+04 
 1.132683e-02  5.842543e+03  1.063192e+04  1.435971e+04  2.134569e+04 
 1.148472e-02  5.865764e+03  1.067395e+04  1.441632e+04  2.142945e+04 
 1.164481e-02  5.888215e+03  1.071459e+04  1.447105e+04  2.151039e+04 
 1.180713e-02  5.909987e+03  1.075399e+04  1.452405e+04  2.158881e+04 
 1.197171e-02  5.931070e+03  1.079214e+04  1.457528e+04  2.166460e+04 
 1.213859e-02  5.951426e+03  1.082896e+04  1.462473e+04  2.173767e+04 
 1.230780e-02  5.970999e+03  1.086433e+04  1.467227e+04  2.180786e+04 
 1.247936e-02  5.989728e+03  1.089816e+04  1.471783e+04  2.187500e+04 
 1.265332e-02  6.007611e+03  1.093046e+04  1.476131e+04  2.193909e+04 
 1.282970e-02  6.024633e+03  1.096120e+04  1.480263e+04  2.200004e+04 
 1.300854e-02  6.040768e+03  1.099032e+04  1.484175e+04  2.205774e+04 
 1.318987e-02  6.056000e+03  1.101780e+04  1.487870e+04  2.211206e+04 
 1.337373e-02  6.070303e+03  1.104357e+04  1.491331e+04  2.216289e+04 
 1.356015e-02  6.083644e+03  1.106757e+04  1.494548e+04  2.221017e+04 
 1.374917e-02  6.096008e+03  1.108981e+04  1.497516e+04  2.225389e+04 
 1.394083e-02  6.107396e+03  1.111025e+04  1.500250e+04  2.229406e+04 
 1.413516e-02  6.117785e+03  1.112888e+04  1.502753e+04  2.233073e+04 
 1.433219e-02  6.127131e+03  1.114563e+04  1.505003e+04  2.236362e+04 
 1.453198e-02  6.135401e+03  1.116039e+04  1.506970e+04  2.239242e+04 
 1.473454e-02  6.142552e+03  1.117312e+04  1.508653e+04  2.241707e+04 
 1.493993e-02  6.148585e+03  1.118382e+04  1.510068e+04  2.243762e+04 
 1.514819e-02  6.153490e+03  1.119249e+04  1.511219e+04  2.245415e+04 
 1.535935e-02  6.157223e+03  1.119906e+04  1.512086e+04  2.246648e+04 
 1.557345e-02  6.159764e+03  1.120345e+04  1.512656e+04  2.247444e+04 
 1.579053e-02  6.161108e+03  1.120564e+04  1.512928e+04  2.247802e+04 
 1.601064e-02  6.161240e+03  1.120563e+04  1.512906e+04  2.247727e+04 
 1.623382e-02  6.160138e+03  1.120336e+04  1.512585e+04  2.247207e+04 
 1.646012e-02  6.157763e+03  1.119879e+04  1.511954e+04  2.246214e+04 
 1.668956e-02  6.154104e+03  1.119186e+04  1.510998e+04  2.244734e+04 
 1.692220e-02  6.149134e+03  1.118257e+04  1.509719e+04  2.242778e+04 
 1.715809e-02  6.142846e+03  1.117087e+04  1.508119e+04  2.240351e+04 
 1.739726e-02  6.135238e+03  1.115676e+04  1.506193e+04  2.237445e+04 
 1.763977e-02  6.126277e+03  1.114020e+04  1.503935e+04  2.234051e+04 
 1.788566e-02  6.115956e+03  1.112116e+04  1.501342e+04  2.230150e+04 
 1.813498e-02  6.104254e+03  1.109961e+04  1.498410e+04  2.225738e+04 
 1.838777e-02  6.091144e+03  1.107550e+04  1.495133e+04  2.220823e+04 
 1.864409e-02  6.076617e+03  1.104881e+04  1.491508e+04  2.215400e+04 
 1.890397e-02  6.060679e+03  1.101956e+04  1.487536e+04  2.209460e+04 
 1.916748e-02  6.043318e+03  1.098772e+04  1.483218e+04  2.203001e+04 
 1.943467e-02  6.024532e+03  1.095327e+04  1.478546e+04  2.196011e+04 
 1.970558e-02  6.004275e+03  1.091616e+04  1.473516e+04  2.188474e+04 
 1.998026e-02  5.982560e+03  1.087639e+04  1.468125e+04  2.180401e+04 
 2.025878e-02  5.959393e+03  1.083399e+04  1.462379e+04  2.171825e+04 
 2.054117e-02  5.934762e+03  1.078894e+04  1.456275e+04  2.162729e+04 
 2.082751e-02  5.908660e+03  1.074120e+04  1.449810e+04  2.153095e+04 
 2.111783e-02  5.881091e+03  1.069080e+04  1.442984e+04  2.142913e+04 
 2.141220e-02  5.852141e+03  1.063787e+04  1.435813e+04  2.132202e+04 
 2.171068e-02  5.822382e+03  1.058325e+04  1.428394e+04  2.121064e+04 
 2.201331e-02  5.791169e+03  1.052596e+04  1.420619e+04  2.109401e+04 
 2.232016e-02  5.758507e+03  1.046608e+04  1.412489e+04  2.097216e+04 
 2.263130e-02  5.724405e+03  1.040359e+04  1.404008e+04  2.084521e+04 
 2.294676e-02  5.688875e+03  1.033850e+04  1.395178e+04  2.071309e+04 
 2.326663e-02  5.651934e+03  1.027082e+04  1.385998e+04  2.057573e+04 
 2.359095e-02  5.613589e+03  1.020059e+04  1.376473e+04  2.043322e+04 
 2.391980e-02  5.573857e+03  1.012785e+04  1.366612e+04  2.028574e+04 
 2.425323e-02  5.532761e+03  1.005264e+04  1.356418e+04  2.013334e+04 
 2.459130e-02  5.490330e+03  9.975021e+03  1.345895e+04  1.997607e+04 
 2.493409e-02  5.446582e+03  9.895017e+03  1.335055e+04  1.981406e+04 
 2.528166e-02  5.401561e+03  9.812706e+03  1.323900e+04  1.964742e+04 
 2.563407e-02  5.355297e+03  9.728108e+03  1.312440e+04  1.947626e+04 
 2.599140e-02  5.307820e+03  9.641294e+03  1.300685e+04  1.930074e+04 
 2.635371e-02  5.259152e+03  9.552350e+03  1.288638e+04  1.912091e+04 
 2.672106e-02  5.209333e+03  9.461326e+03  1.276314e+04  1.893690e+04 
 2.709354e-02  5.158403e+03  9.368306e+03  1.263718e+04  1.874893e+04 
 2.747121e-02  5.106426e+03  9.273378e+03  1.250866e+04  1.855718e+04 
 2.785414e-02  5.053381e+03  9.176543e+03  1.237759e+04  1.836173e+04 
 2.824241e-02  4.999080e+03  9.077543e+03  1.224373e+04  1.816241e+04 
 2.863610e-02  4.943873e+03  8.976889e+03  1.210763e+04  1.795985e+04 
 2.903527e-02  4.887819e+03  8.874702e+03  1.196946e+04  1.775423e+04 
 2.944000e-02  4.830967e+03  8.771101e+03  1.182942e+04  1.754579e+04 
 2.985038e-02  4.773387e+03  8.666173e+03  1.168758e+04  1.733472e+04 
 3.026648e-02  4.715133e+03  8.560014e+03  1.154412e+04  1.712121e+04 
 3.068838e-02  4.656274e+03  8.452757e+03  1.139917e+04  1.690553e+04 
 3.111616e-02  4.596886e+03  8.344550e+03  1.125295e+04  1.668797e+04 
 3.154990e-02  4.537034e+03  8.235529e+03  1.110559e+04  1.646876e+04 
 3.198969e-02  4.476786e+03  8.125788e+03  1.095729e+04  1.624818e+04 
 3.243561e-02  4.416215e+03  8.015466e+03  1.080822e+04  1.602644e+04 
 3.288774e-02  4.355398e+03  7.904697e+03  1.065855e+04  1.580382e+04 
 3.334618e-02  4.294400e+03  7.793638e+03  1.050848e+04  1.558062e+04 
 3.381101e-02  4.233311e+03  7.682423e+03  1.035820e+04  1.535712e+04 
 3.428231e-02  4.172211e+03  7.571186e+03  1.020791e+04  1.513360e+04 
 3.476019e-02  4.111020e+03  7.460088e+03  1.005817e+04  1.491193e+04 
 3.524473e-02  4.049975e+03  7.349251e+03  9.908809e+03  1.469082e+04 
 3.573602e-02  3.989157e+03  7.238845e+03  9.760019e+03  1.447056e+04 
 3.623416e-02  3.928651e+03  7.129012e+03  9.611980e+03  1.425140e+04 
 3.673925e-02  3.868539e+03  7.019890e+03  9.464900e+03  1.403367e+04 
 3.725137e-02  3.808902e+03  6.911624e+03  9.318973e+03  1.381766e+04 
 3.777064e-02  3.749808e+03  6.804349e+03  9.174386e+03  1.360361e+04 
 3.829714e-02  3.691335e+03  6.698198e+03  9.031338e+03  1.339180e+04 
 3.883098e-02  3.633559e+03  6.593328e+03  8.889996e+03  1.318252e+04 
 3.937226e-02  3.576565e+03  6.489868e+03  8.750551e+03  1.297605e+04 
 3.992109e-02  3.520420e+03  6.387953e+03  8.613189e+03  1.277264e+04 
 4.047757e-02  3.465183e+03  6.287665e+03  8.477967e+03  1.257233e+04 
 4.104181e-02  3.410786e+03  6.188390e+03  8.343553e+03  1.237159e+04 
 4.161391e-02  3.357440e+03  6.091027e+03  8.211730e+03  1.217471e+04 
 4.219398e-02  3.305204e+03  5.995699e+03  8.082654e+03  1.198193e+04 
 4.278214e-02  3.254136e+03  5.902497e+03  7.956448e+03  1.179345e+04 
 4.337850e-02  3.204287e+03  5.811505e+03  7.833240e+03  1.160940e+04 
 4.398317e-02  3.155704e+03  5.722801e+03  7.713146e+03  1.142997e+04 
 4.459628e-02  3.108431e+03  5.636489e+03  7.596276e+03  1.125532e+04 
 4.521792e-02  3.062498e+03  5.552636e+03  7.482717e+03  1.108560e+04 
 4.584824e-02  3.017942e+03  5.471295e+03  7.372537e+03  1.092090e+04 
 4.648734e-02  2.974790e+03  5.392502e+03  7.265804e+03  1.076132e+04 
 4.713535e-02  2.933126e+03  5.317043e+03  7.164274e+03  1.061134e+04 
 4.779239e-02  2.892932e+03  5.244651e+03  7.067281e+03  1.046917e+04 
 4.845859e-02  2.854178e+03  5.174881e+03  6.973794e+03  1.033219e+04 
 4.913407e-02  2.816868e+03  5.107713e+03  6.883809e+03  1.020035e+04 
 4.981898e-02  2.780987e+03  5.043124e+03  6.797311e+03  1.007365e+04 
 5.051342e-02  2.746519e+03  4.981085e+03  6.714258e+03  9.952027e+03 
 5.121755e-02  2.713444e+03  4.921570e+03  6.634590e+03  9.835402e+03 
 5.193150e-02  2.681720e+03  4.864528e+03  6.558237e+03  9.723663e+03 
 5.265540e-02  2.651319e+03  4.809884e+03  6.485093e+03  9.616675e+03 
 5.338938e-02  2.621981e+03  4.756746e+03  6.413535e+03  9.510911e+03 
 5.413360e-02  2.593621e+03  4.704862e+03  6.343183e+03  9.405549e+03 
 5.488820e-02  2.566424e+03  4.655110e+03  6.275704e+03  9.304463e+03 
 5.565331e-02  2.540307e+03  4.607324e+03  6.210879e+03  9.207317e+03 
 5.642908e-02  2.515141e+03  4.561265e+03  6.148379e+03  9.113622e+03 
 5.721568e-02  2.490821e+03  4.516735e+03  6.087948e+03  9.022995e+03 
 5.801323e-02  2.467408e+03  4.473853e+03  6.029744e+03  8.935672e+03 
 5.882190e-02  2.445001e+03  4.432806e+03  5.974008e+03  8.852020e+03 
 5.964185e-02  2.423575e+03  4.393805e+03  5.921298e+03  8.773591e+03 
 6.047322e-02  2.403010e+03  4.357096e+03  5.872423e+03  8.702863e+03 
 6.131619e-02  2.382570e+03  4.320602e+03  5.823841e+03  8.632565e+03 
 6.217090e-02  2.361987e+03  4.283845e+03  5.774910e+03  8.561735e+03 
 6.303753e-02  2.341245e+03  4.246790e+03  5.725579e+03  8.490308e+03 
 6.391624e-02  2.320355e+03  4.209472e+03  5.675873e+03  8.418335e+03 
 6.480720e-02  2.299280e+03  4.171821e+03  5.625721e+03  8.345719e+03 
 6.571058e-02  2.277867e+03  4.133558e+03  5.574739e+03  8.271880e+03 
 6.662655e-02  2.254883e+03  4.090733e+03  5.515801e+03  8.181220e+03 
 6.755528e-02  2.231167e+03  4.046519e+03  5.454959e+03  8.087589e+03 
 6.849697e-02  2.206626e+03  4.000811e+03  5.392113e+03  7.991020e+03 
 6.945178e-02  2.181144e+03  3.953411e+03  5.326988e+03  7.891111e+03 
 7.041990e-02  2.154603e+03  3.904110e+03  5.259298e+03  7.787454e+03 
 7.140151e-02  2.126904e+03  3.852731e+03  5.188815e+03  7.679729e+03 
 7.239681e-02  2.098232e+03  3.799860e+03  5.116662e+03  7.570539e+03 
 7.340598e-02  2.068556e+03  3.745495e+03  5.042902e+03  7.460182e+03 
 7.442922e-02  2.037490e+03  3.688628e+03  4.965789e+03  7.344877e+03 
 7.546673e-02  2.005001e+03  3.629194e+03  4.885221e+03  7.224496e+03 
 7.651869e-02  1.971080e+03  3.567174e+03  4.801176e+03  7.099012e+03 
 7.758532e-02  1.935730e+03  3.502589e+03  4.713699e+03  6.968484e+03 
 7.866682e-02  1.899742e+03  3.437859e+03  4.627037e+03  6.841722e+03 
 7.976339e-02  1.863642e+03  3.374539e+03  4.543902e+03  6.724293e+03 
 8.087525e-02  1.826247e+03  3.308807e+03  4.457472e+03  6.601858e+03 
 8.200261e-02  1.787668e+03  3.240861e+03  4.368000e+03  6.474757e+03 
 8.314568e-02  1.748037e+03  3.170948e+03  4.275801e+03  6.343447e+03 
 8.430468e-02  1.707502e+03  3.099342e+03  4.181235e+03  6.208451e+03 
 8.547985e-02  1.665706e+03  3.024478e+03  4.081322e+03  6.063196e+03 
 8.667139e-02  1.623167e+03  2.947783e+03  3.978507e+03  5.912491e+03 
 8.787954e-02  1.580364e+03  2.870569e+03  3.874972e+03  5.760634e+03 
 8.910453e-02  1.537514e+03  2.793253e+03  3.771270e+03  5.608464e+03 
 9.034660e-02  1.494854e+03  2.716272e+03  3.667980e+03  5.456825e+03 
 9.160598e-02  1.453302e+03  2.642209e+03  3.569497e+03  5.314383e+03 
 9.288292e-02  1.413018e+03  2.571218e+03  3.475916e+03  5.180985e+03 
 9.417766e-02  1.373598e+03  2.501685e+03  3.384198e+03  5.050087e+03 
 9.549045e-02  1.335261e+03  2.434059e+03  3.294925e+03  4.922584e+03 
 9.682153e-02  1.298229e+03  2.368713e+03  3.208625e+03  4.799271e+03 
 9.817117e-02  1.263004e+03  2.306996e+03  3.127578e+03  4.684536e+03 
 9.953962e-02  1.229563e+03  2.248583e+03  3.051066e+03  4.576644e+03 
 1.009272e-01  1.197943e+03  2.193409e+03  2.978829e+03  4.474824e+03 
 1.023340e-01  1.168282e+03  2.141718e+03  2.911214e+03  4.379650e+03 
 1.037605e-01  1.140149e+03  2.092036e+03  2.845620e+03  4.285887e+03 
 1.052069e-01  1.112102e+03  2.039943e+03  2.774398e+03  4.178275e+03 
 1.066734e-01  1.086296e+03  1.992006e+03  2.708825e+03  4.079137e+03 
 1.081604e-01  1.062705e+03  1.948168e+03  2.648844e+03  3.988391e+03 
 1.096681e-01  1.041278e+03  1.908324e+03  2.594326e+03  3.905864e+03 
 1.111968e-01  1.021973e+03  1.872472e+03  2.545182e+03  3.830860e+03 
 1.127468e-01  1.004658e+03  1.840277e+03  2.500984e+03  3.763291e+03 
 1.143184e-01  9.891448e+02  1.811400e+03  2.461314e+03  3.702529e+03 
 1.159120e-01  9.752311e+02  1.785477e+03  2.425676e+03  3.647818e+03 
 1.175277e-01  9.631506e+02  1.763332e+03  2.395445e+03  3.601628e+03 
 1.191660e-01  9.522304e+02  1.743355e+03  2.368176e+03  3.559953e+03 
 1.208271e-01  9.421478e+02  1.724926e+03  2.342998e+03  3.521461e+03 
 1.225114e-01  9.325566e+02  1.707358e+03  2.318970e+03  3.484647e+03 
 1.242191e-01  9.226647e+02  1.688752e+03  2.293266e+03  3.445092e+03 
 1.259506e-01  9.126963e+02  1.670004e+03  2.267388e+03  3.405334e+03 
 1.277063e-01  9.023406e+02  1.650561e+03  2.240566e+03  3.364177e+03 
 1.294865e-01  8.915712e+02  1.630537e+03  2.213002e+03  3.321714e+03 
 1.312915e-01  8.801706e+02  1.609548e+03  2.184203e+03  3.277224e+03 
 1.331216e-01  8.675865e+02  1.586413e+03  2.152467e+03  3.228404e+03 
 1.349772e-01  8.536582e+02  1.560868e+03  2.117477e+03  3.174883e+03 
 1.368587e-01  8.392946e+02  1.536153e+03  2.085564e+03  3.131240e+03 
 1.387665e-01  8.233677e+02  1.508528e+03  2.049678e+03  3.081569e+03 
 1.407008e-01  8.058831e+02  1.478014e+03  2.009783e+03  3.025814e+03 
 1.426621e-01  7.879146e+02  1.447284e+03  1.969837e+03  2.969765e+03 
 1.446507e-01  7.688886e+02  1.414732e+03  1.927446e+03  2.909895e+03 
 1.466671e-01  7.486861e+02  1.379897e+03  1.881870e+03  2.845083e+03 
 1.487115e-01  7.261238e+02  1.339276e+03  1.827452e+03  2.765561e+03 
 1.507845e-01  7.020556e+02  1.294895e+03  1.767278e+03  2.676446e+03 
 1.528864e-01  6.778678e+02  1.250287e+03  1.706778e+03  2.586756e+03 
 1.550175e-01  6.556436e+02  1.211190e+03  1.655302e+03  2.513739e+03 
 1.571784e-01  6.351305e+02  1.176451e+03  1.610729e+03  2.453058e+03 
 1.593694e-01  6.153824e+02  1.142934e+03  1.567668e+03  2.394240e+03 
 1.615909e-01  5.972614e+02  1.112674e+03  1.529098e+03  2.341980e+03 
 1.638434e-01  5.807097e+02  1.085321e+03  1.494440e+03  2.295372e+03 
 1.661273e-01  5.656792e+02  1.060615e+03  1.463279e+03  2.253758e+03 
 1.684430e-01  5.496372e+02  1.031521e+03  1.424360e+03  2.197570e+03 
 1.707910e-01  5.351237e+02  1.004949e+03  1.388662e+03  2.145890e+03 
 1.731717e-01  5.227793e+02  9.826397e+02  1.358888e+03  2.103078e+03 
 1.755856e-01  5.134794e+02  9.669460e+02  1.338556e+03  2.074170e+03 
 1.780332e-01  5.057275e+02  9.541177e+02  1.322143e+03  2.051233e+03 
 1.805149e-01  4.976458e+02  9.386298e+02  1.300309e+03  2.016401e+03 
 1.830312e-01  4.896253e+02  9.220586e+02  1.275951e+03  1.975625e+03 
 1.855825e-01  4.823599e+02  9.070722e+02  1.253991e+03  1.939067e+03 
 1.881694e-01  4.755633e+02  8.938179e+02  1.235559e+03  1.910797e+03 
 1.907924e-01  4.687704e+02  8.805879e+02  1.217175e+03  1.882648e+03 
 1.934520e-01  4.611749e+02  8.656850e+02  1.196551e+03  1.851993e+03 
 1.961486e-01  4.527892e+02  8.492616e+02  1.173869e+03  1.818504e+03 
 1.988828e-01  4.445541e+02  8.338252e+02  1.152826e+03  1.787428e+03 
 2.016551e-01  4.367638e+02  8.202412e+02  1.134748e+03  1.760710e+03 
 2.044661e-01  4.277499e+02  8.042003e+02  1.113162e+03  1.728412e+03 
 2.073162e-01  4.172306e+02  7.844725e+02  1.085803e+03  1.686139e+03 
 2.102061e-01  4.057165e+02  7.628720e+02  1.055876e+03  1.639902e+03 
 2.131362e-01  3.968323e+02  7.502522e+02  1.041408e+03  1.622501e+03 
 2.161073e-01  3.875032e+02  7.368295e+02  1.025866e+03  1.603499e+03 
 2.191197e-01  3.757801e+02  7.170640e+02  1.000769e+03  1.570337e+03 
 2.221741e-01  3.636934e+02  6.960928e+02  9.737209e+02  1.534005e+03 
 2.252711e-01  3.526515e+02  6.776366e+02  9.505165e+02  1.503815e+03 
 2.284112e-01  3.425463e+02  6.610249e+02  9.298881e+02  1.477453e+03 
 2.315951e-01  3.335646e+02  6.456930e+02  9.097646e+02  1.448086e+03 
 2.348235e-01  3.257913e+02  6.323279e+02  8.919193e+02  1.420955e+03 
 2.380968e-01  3.173691e+02  6.162872e+02  8.696690e+02  1.387055e+03 
 2.414157e-01  3.096608e+02  6.012622e+02  8.486743e+02  1.355150e+03 
 2.447809e-01  3.023364e+02  5.870258e+02  8.289891e+02  1.325035e+03 
 2.481930e-01  2.958798e+02  5.745051e+02  8.117281e+02  1.298668e+03 
 2.516527e-01  2.921884e+02  5.680624e+02  8.028486e+02  1.284411e+03 
 2.551606e-01  2.879599e+02  5.601946e+02  7.918947e+02  1.267249e+03 
 2.587174e-01  2.811902e+02  5.461481e+02  7.720166e+02  1.237139e+03 
 2.623238e-01  2.755654e+02  5.353493e+02  7.571501e+02  1.215066e+03 
 2.659804e-01  2.709950e+02  5.277161e+02  7.472193e+02  1.200907e+03 
 2.696881e-01  2.646307e+02  5.159876e+02  7.313949e+02  1.177243e+03 
 2.734474e-01  2.573597e+02  5.023717e+02  7.129125e+02  1.149415e+03 
 2.772591e-01  2.516246e+02  4.930983e+02  7.015121e+02  1.135232e+03 
 2.811239e-01  2.453014e+02  4.823121e+02  6.878381e+02  1.118056e+03 
 2.850426e-01  2.385810e+02  4.702681e+02  6.722228e+02  1.098704e+03 
 2.890160e-01  2.321800e+02  4.597528e+02  6.589770e+02  1.080546e+03 
 2.930447e-01  2.260690e+02  4.495493e+02  6.456351e+02  1.060466e+03 
 2.971296e-01  2.203732e+02  4.389048e+02  6.300210e+02  1.033454e+03 
 3.012714e-01  2.152396e+02  4.302359e+02  6.187291e+02  1.017134e+03 
 3.054710e-01  2.104224e+02  4.222619e+02  6.088594e+02  1.004444e+03 
 3.097291e-01  2.050126e+02  4.121630e+02  5.954112e+02  9.856095e+02 
 3.140465e-01  2.002901e+02  4.026689e+02  5.817507e+02  9.631098e+02 
 3.184242e-01  1.962488e+02  3.945798e+02  5.700558e+02  9.437531e+02 
 3.228628e-01  1.930387e+02  3.889854e+02  5.628333e+02  9.346622e+02 
 3.273634e-01  1.886825e+02  3.800577e+02  5.498612e+02  9.136305e+02 
 3.319266e-01  1.841150e+02  3.710465e+02  5.373044e+02  8.946380e+02 
 3.365535e-01  1.795808e+02  3.628295e+02  5.266772e+02  8.804919e+02 
 3.412449e-01  1.762957e+02  3.585532e+02  5.218012e+02  8.729448e+02 
 3.460016e-01  1.726269e+02  3.526792e+02  5.143453e+02  8.626981e+02 
 3.508247e-01  1.688912e+02  3.461532e+02  5.057105e+02  8.501470e+02 
 3.557150e-01  1.651742e+02  3.394275e+02  4.966810e+02  8.363004e+02 
 3.606735e-01  1.609014e+02  3.319725e+02  4.869901e+02  8.229606e+02 
 3.657011e-01  1.559371e+02  3.226597e+02  4.741984e+02  8.049619e+02 
 3.707988e-01  1.519068e+02  3.149673e+02  4.636715e+02  7.893195e+02 
 3.759675e-01  1.483383e+02  3.081493e+02  4.542919e+02  7.751371e+02 
 3.812083e-01  1.448470e+02  3.018218e+02  4.457332e+02  7.624174e+02 
 3.865221e-01  1.419776e+02  2.976091e+02  4.410199e+02  7.551168e+02 
 3.919100e-01  1.390155e+02  2.906973e+02  4.303276e+02  7.398565e+02 
 3.973730e-01  1.357379e+02  2.850925e+02  4.233383e+02  7.288747e+02 
 4.029122e-01  1.330298e+02  2.808894e+02  4.176037e+02  7.183349e+02 
 4.085286e-01  1.303259e+02  2.751634e+02  4.093329e+02  7.064010e+02 
 4.142232e-01  1.270342e+02  2.684391e+02  4.003280e+02  6.951085e+02 
 4.199973e-01  1.237093e+02  2.626889e+02  3.930524e+02  6.846317e+02 
 4.258518e-01  1.209555e+02  2.576957e+02  3.860664e+02  6.727551e+02 
 4.317880e-01  1.180272e+02  2.521439e+02  3.778571e+02  6.598789e+02 
 4.378069e-01  1.154701e+02  2.470674e+02  3.705777e+02  6.478341e+02 
 4.439097e-01  1.133644e+02  2.438389e+02  3.666960e+02  6.439395e+02 
 4.500975e-01  1.102238e+02  2.379821e+02  3.587202e+02  6.321162e+02 
 4.563716e-01  1.076155e+02  2.325738e+02  3.508877e+02  6.182523e+02 
 4.627332e-01  1.059333e+02  2.303091e+02  3.485141e+02  6.162778e+02 
 4.691835e-01  1.032208e+02  2.249475e+02  3.409008e+02  6.036201e+02 
 4.757236e-01  1.012750e+02  2.211165e+02  3.356047e+02  5.954002e+02 
 4.823549e-01  9.857540e+01  2.156757e+02  3.278175e+02  5.845632e+02 
 4.890787e-01  9.637205e+01  2.113675e+02  3.220220e+02  5.755959e+02 
 4.958962e-01  9.466738e+01  2.081341e+02  3.170528e+02  5.663999e+02 
 5.028087e-01  9.239154e+01  2.042421e+02  3.118090e+02  5.586827e+02 
 5.098176e-01  9.057242e+01  2.009196e+02  3.071114e+02  5.495628e+02 
 5.169242e-01  8.891688e+01  1.978374e+02  3.029094e+02  5.439575e+02 
 5.241298e-01  8.596362e+01  1.927136e+02  2.965653e+02  5.361691e+02 
 5.314359e-01  8.440990e+01  1.904764e+02  2.936337e+02  5.312287e+02 
 5.388438e-01  8.260305e+01  1.863493e+02  2.873917e+02  5.216129e+02 
 5.463550e-01  8.106810e+01  1.834126e+02  2.830435e+02  5.142061e+02 
 5.539709e-01  7.881847e+01  1.793567e+02  2.779192e+02  5.064365e+02 
 5.616930e-01  7.734572e+01  1.765298e+02  2.739000e+02  5.004099e+02 
 5.695227e-01  7.573031e+01  1.738347e+02  2.706592e+02  4.940666e+02 
 5.774615e-01  7.396858e+01  1.697718e+02  2.644792e+02  4.848956e+02 
 5.855110e-01  7.258452e+01  1.673121e+02  2.607997e+02  4.783839e+02 
 5.936727e-01  7.088206e+01  1.633902e+02  2.551683e+02  4.699092e+02 
 6.019482e-01  6.959892e+01  1.614290e+02  2.520975e+02  4.641260e+02 
 6.103390e-01  6.789848e+01  1.585075e+02  2.484226e+02  4.578567e+02 
 6.188468e-01  6.637051e+01  1.558465e+02  2.458925e+02  4.563197e+02 
 6.274732e-01  6.520704e+01  1.529373e+02  2.407991e+02  4.477257e+02 
 6.362198e-01  6.380445e+01  1.505988e+02  2.375280e+02  4.413789e+02 
 6.450884e-01  6.224711e+01  1.477661e+02  2.335900e+02  4.345316e+02 
 6.540806e-01  6.092111e+01  1.445856e+02  2.287032e+02  4.271225e+02 
 6.631981e-01  5.949363e+01  1.421942e+02  2.261178e+02  4.229461e+02 
 6.724427e-01  5.830996e+01  1.396895e+02  2.225299e+02  4.184495e+02 
 6.818162e-01  5.698020e+01  1.371913e+02  2.181895e+02  4.101154e+02 
 6.913204e-01  5.571081e+01  1.345715e+02  2.148013e+02  4.045156e+02 
 7.009570e-01  5.489923e+01  1.325697e+02  2.118048e+02  3.994166e+02 
 7.107280e-01  5.342297e+01  1.302830e+02  2.087132e+02  3.933297e+02 
 7.206351e-01  5.257490e+01  1.282450e+02  2.059173e+02  3.899393e+02 
 7.306804e-01  5.146461e+01  1.263456e+02  2.028170e+02  3.832351e+02 
 7.408657e-01  5.030522e+01  1.238653e+02  1.992305e+02  3.783701e+02 
 7.511929e-01  4.922113e+01  1.215785e+02  1.962932e+02  3.734937e+02 
 7.616642e-01  4.827154e+01  1.193856e+02  1.931076e+02  3.686961e+02 
 7.722814e-01  4.757926e+01  1.182418e+02  1.911713e+02  3.640253e+02 
 7.830465e-01  4.658103e+01  1.159822e+02  1.879028e+02  3.594567e+02 
 7.939618e-01  4.568379e+01  1.145095e+02  1.855782e+02  3.554592e+02 
 8.050292e-01  4.465945e+01  1.123055e+02  1.830257e+02  3.511997e+02 
 8.162509e-01  4.383103e+01  1.107128e+02  1.801858e+02  3.451810e+02 
 8.276289e-01  4.275209e+01  1.084810e+02  1.771976e+02  3.408996e+02 
 8.391656e-01  4.216564e+01  1.072446e+02  1.747157e+02  3.368574e+02 
 8.508632e-01  4.139591e+01  1.054077e+02  1.723953e+02  3.326520e+02 
 8.627237e-01  4.044511e+01  1.036860e+02  1.698139e+02  3.274805e+02 
 8.747496e-01  3.969010e+01  1.018941e+02  1.672952e+02  3.233213e+02 
 8.869432e-01  3.897085e+01  1.004600e+02  1.650748e+02  3.195600e+02 
 8.993067e-01  3.814796e+01  9.885751e+01  1.626333e+02  3.149471e+02 
 9.118425e-01  3.755520e+01  9.719043e+01  1.599550e+02  3.096344e+02 
 9.245531e-01  3.670335e+01  9.558839e+01  1.574753e+02  3.060421e+02 
 9.374409e-01  3.596989e+01  9.406458e+01  1.554175e+02  3.022940e+02 
 9.505083e-01  3.534332e+01  9.255161e+01  1.531705e+02  2.980281e+02 
 9.637579e-01  3.457951e+01  9.082220e+01  1.505066e+02  2.937562e+02 
 9.771921e-01  3.405882e+01  9.027812e+01  1.491887e+02  2.900604e+02 
 9.908137e-01  3.338158e+01  8.856287e+01  1.467195e+02  2.862150e+02 
 1.004625e+00  3.272007e+01  8.692099e+01  1.442189e+02  2.816160e+02 
 1.018629e+00  3.216069e+01  8.572635e+01  1.422641e+02  2.775838e+02 
 1.032828e+00  3.150561e+01  8.431622e+01  1.403759e+02  2.745703e+02 
 1.047225e+00  3.086305e+01  8.308617e+01  1.381888e+02  2.699707e+02 
 1.061823e+00  3.035197e+01  8.197574e+01  1.363697e+02  2.664453e+02 
 1.076624e+00  2.976628e+01  8.067625e+01  1.343892e+02  2.626636e+02 
 1.091632e+00  2.926504e+01  7.934215e+01  1.325524e+02  2.587656e+02 
 1.106848e+00  2.867810e+01  7.797937e+01  1.304695e+02  2.553105e+02 
 1.122277e+00  2.814403e+01  7.693361e+01  1.284224e+02  2.512542e+02 
 1.137921e+00  2.761209e+01  7.558800e+01  1.264625e+02  2.476695e+02 
 1.153783e+00  2.714163e+01  7.445763e+01  1.246637e+02  2.442648e+02 
 1.169866e+00  2.667515e+01  7.338731e+01  1.228466e+02  2.411041e+02 
 1.186174e+00  2.616886e+01  7.233275e+01  1.210658e+02  2.374514e+02 
 1.202708e+00  2.572078e+01  7.120876e+01  1.193771e+02  2.341373e+02 
 1.219473e+00  2.528285e+01  7.016131e+01  1.177735e+02  2.303794e+02 
 1.236472e+00  2.481921e+01  6.911197e+01  1.161242e+02  2.272813e+02 
 1.253708e+00  2.439258e+01  6.803806e+01  1.141631e+02  2.238562e+02 
 1.271184e+00  2.396987e+01  6.720727e+01  1.128957e+02  2.206837e+02 
 1.288904e+00  2.354094e+01  6.593403e+01  1.109167e+02  2.175703e+02 
 1.306870e+00  2.311045e+01  6.492258e+01  1.092258e+02  2.140030e+02 
 1.325087e+00  2.274271e+01  6.397889e+01  1.077026e+02  2.105867e+02 
 1.343558e+00  2.234524e+01  6.296896e+01  1.060485e+02  2.074266e+02 
 1.362287e+00  2.197289e+01  6.197388e+01  1.043295e+02  2.040553e+02 
 1.381276e+00  2.157332e+01  6.106522e+01  1.025532e+02  2.007563e+02 
 1.400531e+00  2.121314e+01  6.011884e+01  1.010740e+02  1.974671e+02 
 1.420053e+00  2.083357e+01  5.908794e+01  9.957819e+01  1.941995e+02 
 1.439848e+00  2.048121e+01  5.826478e+01  9.792653e+01  1.911723e+02 
 1.459919e+00  2.010841e+01  5.733300e+01  9.639941e+01  1.878935e+02 
 1.480269e+00  1.981321e+01  5.634984e+01  9.475745e+01  1.845220e+02 
 1.500903e+00  1.946910e+01  5.552361e+01  9.323918e+01  1.818108e+02 
 1.521825e+00  1.912356e+01  5.469526e+01  9.187247e+01  1.786762e+02 
 1.543038e+00  1.878621e+01  5.381171e+01  9.045013e+01  1.759045e+02 
 1.564548e+00  1.849507e+01  5.296932e+01  8.897527e+01  1.727860e+02 
 1.586357e+00  1.818303e+01  5.217804e+01  8.754590e+01  1.698012e+02 
 1.608469e+00  1.785282e+01  5.134223e+01  8.609486e+01  1.670186e+02 
 1.630891e+00  1.760412e+01  5.044494e+01  8.450009e+01  1.637856e+02 
 1.653624e+00  1.727905e+01  4.961090e+01  8.318728e+01  1.611809e+02 
 1.676675e+00  1.697913e+01  4.888386e+01  8.186545e+01  1.581853e+02 
 1.700047e+00  1.668908e+01  4.810044e+01  8.047173e+01  1.554622e+02 
 1.723745e+00  1.643365e+01  4.727814e+01  7.912834e+01  1.524892e+02 
 1.747773e+00  1.613258e+01  4.647401e+01  7.773598e+01  1.496720e+02 
 1.772136e+00  1.586120e+01  4.573138e+01  7.636310e+01  1.470505e+02 
 1.796838e+00  1.560554e+01  4.495971e+01  7.504728e+01  1.442945e+02 
 1.821885e+00  1.537636e+01  4.421267e+01  7.370326e+01  1.416906e+02 
 1.847281e+00  1.509996e+01  4.353176e+01  7.251886e+01  1.390751e+02 
 1.873032e+00  1.485489e+01  4.279792e+01  7.109537e+01  1.365139e+02 
 1.899141e+00  1.460817e+01  4.202330e+01  6.987616e+01  1.339185e+02 
 1.925614e+00  1.437719e+01  4.133315e+01  6.866894e+01  1.312734e+02 
 1.952456e+00  1.417593e+01  4.067596e+01  6.748949e+01  1.287519e+02 
 1.979672e+00  1.390720e+01  4.001168e+01  6.625999e+01  1.262672e+02 
 2.007267e+00  1.369313e+01  3.931800e+01  6.495453e+01  1.238811e+02 
 2.035248e+00  1.345292e+01  3.859471e+01  6.374770e+01  1.213305e+02 
 2.063618e+00  1.322686e+01  3.789180e+01  6.253975e+01  1.188676e+02 
 2.092383e+00  1.301693e+01  3.722525e+01  6.133210e+01  1.164471e+02 
 2.121550e+00  1.278935e+01  3.654227e+01  6.015732e+01  1.140966e+02 
 2.151123e+00  1.258024e+01  3.590099e+01  5.897430e+01  1.116617e+02 
 2.181109e+00  1.236668e+01  3.521774e+01  5.783354e+01  1.094045e+02 
 2.211512e+00  1.216523e+01  3.455840e+01  5.665432e+01  1.070470e+02 
 2.242340e+00  1.196051e+01  3.395652e+01  5.557385e+01  1.048272e+02 
 2.273597e+00  1.174894e+01  3.332916e+01  5.442632e+01  1.025930e+02 
 2.305289e+00  1.156589e+01  3.269604e+01  5.335634e+01  1.004342e+02 
 2.337424e+00  1.137518e+01  3.207336e+01  5.226326e+01  9.830955e+01 
 2.370006e+00  1.118209e+01  3.147283e+01  5.121319e+01  9.625245e+01 
 2.403043e+00  1.098276e+01  3.088510e+01  5.014380e+01  9.414091e+01 
 2.436540e+00  1.080616e+01  3.030722e+01  4.912317e+01  9.206544e+01 
 2.470504e+00  1.062304e+01  2.972418e+01  4.808122e+01  9.003827e+01 
 2.504942e+00  1.044367e+01  2.915636e+01  4.708327e+01  8.806616e+01 
 2.539859e+00  1.027118e+01  2.856755e+01  4.606748e+01  8.603528e+01 
 2.575263e+00  1.008418e+01  2.797720e+01  4.510906e+01  8.414931e+01 
 2.611161e+00  9.915411e+00  2.743126e+01  4.409597e+01  8.222858e+01 
 2.647559e+00  9.742756e+00  2.687211e+01  4.311813e+01  8.031254e+01 
 2.684465e+00  9.572658e+00  2.634490e+01  4.217019e+01  7.846122e+01 
 2.721885e+00  9.398257e+00  2.577505e+01  4.123723e+01  7.665808e+01 
 2.759826e+00  9.236240e+00  2.523409e+01  4.030788e+01  7.487311e+01 
 2.798297e+00  9.071339e+00  2.472167e+01  3.940209e+01  7.316391e+01 
 2.837304e+00  8.913287e+00  2.420025e+01  3.851295e+01  7.146622e+01 
 2.876854e+00  8.754671e+00  2.368262e+01  3.764745e+01  6.980622e+01 
 2.916956e+00  8.601811e+00  2.319438e+01  3.679662e+01  6.813111e+01 
 2.957617e+00  8.452193e+00  2.270421e+01  3.597340e+01  6.653612e+01 
 2.998844e+00  8.301813e+00  2.222633e+01  3.514933e+01  6.495843e+01 
 3.040646e+00  8.153404e+00  2.174579e+01  3.432568e+01  6.344969e+01 
 3.083031e+00  8.007520e+00  2.126647e+01  3.352860e+01  6.192247e+01 
 3.126007e+00  7.863625e+00  2.081148e+01  3.274529e+01  6.042272e+01 
 3.169582e+00  7.718815e+00  2.033916e+01  3.194593e+01  5.895332e+01 
 3.213764e+00  7.575319e+00  1.988430e+01  3.118471e+01  5.751432e+01 
 3.258562e+00  7.431965e+00  1.944364e+01  3.043846e+01  5.609915e+01 
 3.303985e+00  7.292757e+00  1.899158e+01  2.969177e+01  5.471494e+01 
 3.350041e+00  7.157281e+00  1.855058e+01  2.896800e+01  5.335444e+01 
 3.396739e+00  7.019296e+00  1.812237e+01  2.826464e+01  5.201974e+01 
 3.444087e+00  6.886091e+00  1.769977e+01  2.755235e+01  5.072165e+01 
 3.492096e+00  6.756490e+00  1.729080e+01  2.688348e+01  4.946812e+01 
 3.540774e+00  6.622903e+00  1.688812e+01  2.622390e+01  4.823392e+01 
 3.590130e+00  6.498037e+00  1.649107e+01  2.556828e+01  4.703688e+01 
 3.640175e+00  6.373752e+00  1.610475e+01  2.494429e+01  4.586610e+01 
 3.690917e+00  6.248787e+00  1.573460e+01  2.431008e+01  4.471085e+01 
 3.742366e+00  6.127323e+00  1.535124e+01  2.370844e+01  4.359980e+01 
 3.794533e+00  6.008922e+00  1.498906e+01  2.311607e+01  4.249606e+01 
 3.847427e+00  5.888729e+00  1.462632e+01  2.252786e+01  4.142849e+01 
 3.901058e+00  5.769867e+00  1.427117e+01  2.195699e+01  4.036492e+01 
 3.955436e+00  5.656892e+00  1.392277e+01  2.138813e+01  3.932365e+01 
 4.010573e+00  5.538940e+00  1.357771e+01  2.084124e+01  3.832182e+01 
 4.066478e+00  5.424233e+00  1.323628e+01  2.029853e+01  3.732330e+01 
 4.123163e+00  5.310728e+00  1.290910e+01  1.976785e+01  3.635086e+01 
 4.180637e+00  5.202000e+00  1.258776e+01  1.925542e+01  3.540328e+01 
 4.238913e+00  5.092512e+00  1.226772e+01  1.874898e+01  3.448783e+01 
 4.298001e+00  4.983377e+00  1.195807e+01  1.826238e+01  3.358669e+01 
 4.357913e+00  4.880879e+00  1.165485e+01  1.778591e+01  3.272026e+01 
 4.418660e+00  4.777600e+00  1.136403e+01  1.731779e+01  3.187567e+01 
 4.480254e+00  4.675433e+00  1.107620e+01  1.686490e+01  3.104639e+01 
 4.542706e+00  4.577100e+00  1.079430e+01  1.642260e+01  3.024222e+01 
 4.606029e+00  4.479020e+00  1.052361e+01  1.599304e+01  2.946336e+01 
 4.670234e+00  4.382464e+00  1.025527e+01  1.558132e+01  2.870379e+01 
 4.735335e+00  4.288632e+00  9.994929e+00  1.517270e+01  2.795782e+01 
 4.801343e+00  4.196568e+00  9.741964e+00  1.477428e+01  2.722432e+01 
 4.868271e+00  4.103764e+00  9.489637e+00  1.438182e+01  2.650833e+01 
 4.936132e+00  4.013221e+00  9.242286e+00  1.399771e+01  2.580987e+01 
 5.004939e+00  3.922857e+00  9.001267e+00  1.362388e+01  2.512289e+01 
 5.074705e+00  3.833657e+00  8.765817e+00  1.325667e+01  2.445831e+01 
 5.145444e+00  3.747673e+00  8.535635e+00  1.290088e+01  2.380585e+01 
 5.217169e+00  3.661427e+00  8.309669e+00  1.255386e+01  2.316907e+01 
 5.289893e+00  3.578978e+00  8.091374e+00  1.221866e+01  2.255530e+01 
 5.363631e+00  3.496288e+00  7.878347e+00  1.188871e+01  2.195435e+01 
 5.438397e+00  3.416616e+00  7.670768e+00  1.157123e+01  2.136889e+01 
 5.514206e+00  3.338388e+00  7.469606e+00  1.126167e+01  2.080261e+01 
 5.591071e+00  3.260898e+00  7.274777e+00  1.096143e+01  2.025082e+01 
 5.669007e+00  3.186923e+00  7.084930e+00  1.067051e+01  1.972027e+01 
 5.748030e+00  3.113411e+00  6.899579e+00  1.038675e+01  1.919750e+01 
 5.828155e+00  3.041679e+00  6.719677e+00  1.011186e+01  1.869189e+01 
 5.909396e+00  2.971149e+00  6.543953e+00  9.843385e+00  1.819959e+01 
 5.991770e+00  2.901607e+00  6.371847e+00  9.580091e+00  1.771847e+01 
 6.075292e+00  2.833276e+00  6.203948e+00  9.324363e+00  1.724242e+01 
 6.159978e+00  2.765921e+00  6.039045e+00  9.073708e+00  1.678228e+01 
 6.245845e+00  2.700166e+00  5.878417e+00  8.829847e+00  1.633145e+01 
 6.332908e+00  2.635153e+00  5.721378e+00  8.590619e+00  1.589000e+01 
 6.421186e+00  2.571836e+00  5.568925e+00  8.357984e+00  1.546102e+01 
 6.510694e+00  2.509703e+00  5.420279e+00  8.132634e+00  1.504442e+01 
 6.601449e+00  2.449406e+00  5.276192e+00  7.913455e+00  1.463833e+01 
 6.693470e+00  2.389932e+00  5.135960e+00  7.699947e+00  1.424325e+01 
 6.786773e+00  2.332478e+00  4.999574e+00  7.492665e+00  1.386162e+01 
 6.881377e+00  2.276426e+00  4.867718e+00  7.292456e+00  1.348969e+01 
 6.977300e+00  2.221686e+00  4.739940e+00  7.099503e+00  1.312887e+01 
 7.074559e+00  2.168709e+00  4.615729e+00  6.910397e+00  1.277803e+01 
 7.173175e+00  2.116701e+00  4.495354e+00  6.727113e+00  1.243853e+01 
 7.273165e+00  2.066303e+00  4.378171e+00  6.549394e+00  1.210799e+01 
 7.374549e+00  2.016556e+00  4.263649e+00  6.376145e+00  1.178621e+01 
 7.477346e+00  1.967830e+00  4.152073e+00  6.207607e+00  1.147060e+01 
 7.581576e+00  1.920278e+00  4.042632e+00  6.041720e+00  1.116230e+01 
 7.687260e+00  1.873463e+00  3.936195e+00  5.880311e+00  1.086148e+01 
 7.794416e+00  1.827603e+00  3.832557e+00  5.721948e+00  1.056705e+01 
 7.903066e+00  1.782970e+00  3.730521e+00  5.567799e+00  1.027955e+01 
 8.013230e+00  1.739226e+00  3.632079e+00  5.418614e+00  1.000058e+01 
 8.124930e+00  1.696499e+00  3.536000e+00  5.273111e+00  9.728386e+00 
 8.238187e+00  1.655127e+00  3.442740e+00  5.131460e+00  9.463596e+00 
 8.353023e+00  1.614642e+00  3.352119e+00  4.993746e+00  9.206386e+00 
 8.469460e+00  1.575413e+00  3.264299e+00  4.860782e+00  8.957269e+00 
 8.587519e+00  1.537351e+00  3.178984e+00  4.731395e+00  8.715143e+00 
 8.707225e+00  1.500298e+00  3.096258e+00  4.606258e+00  8.480452e+00 
 8.828599e+00  1.464354e+00  3.016347e+00  4.484909e+00  8.252446e+00 
 8.951665e+00  1.429197e+00  2.938801e+00  4.366687e+00  8.031871e+00 
 9.076446e+00  1.395215e+00  2.863160e+00  4.252137e+00  7.816725e+00 
 9.202967e+00  1.361911e+00  2.789483e+00  4.140644e+00  7.607099e+00 
 9.331251e+00  1.329280e+00  2.717547e+00  4.031386e+00  7.402499e+00 
 9.461324e+00  0.000000e+00  0.000000e+00  0.000000e+00  0.000000e+00 
 9.593209e+00  0.000000e+00  0.000000e+00  0.000000e+00  0.000000e+00 
 9.726934e+00  0.000000e+00  0.000000e+00  0.000000e+00  0.000000e+00 
 9.862522e+00  0.000000e+00  0.000000e+00  0.000000e+00  0.000000e+00 
 1.000000e+01  0.000000e+00  0.000000e+00  0.000000e+00  0.000000e+00 
