 1.000000e-02  5.548088e+03  1.010405e+04  1.365839e+04  2.034503e+04 
 1.013939e-02  5.578474e+03  1.015933e+04  1.373296e+04  2.045569e+04 
 1.028073e-02  5.608385e+03  1.021374e+04  1.380637e+04  2.056460e+04 
 1.042404e-02  5.637787e+03  1.026720e+04  1.387847e+04  2.067171e+04 
 1.056935e-02  5.666674e+03  1.031967e+04  1.394925e+04  2.077693e+04 
 1.071668e-02  5.695040e+03  1.037114e+04  1.401875e+04  2.088013e+04 
 1.086606e-02  5.722862e+03  1.042161e+04  1.408696e+04  2.098124e+04 
 1.101753e-02  5.750116e+03  1.047105e+04  1.415375e+04  2.108026e+04 
 1.117111e-02  5.776770e+03  1.051945e+04  1.421898e+04  2.117710e+04 
 1.132683e-02  5.802800e+03  1.056676e+04  1.428263e+04  2.127170e+04 
 1.148472e-02  5.828197e+03  1.061289e+04  1.434481e+04  2.136391e+04 
 1.164481e-02  5.852929e+03  1.065779e+04  1.440539e+04  2.145355e+04 
 1.180713e-02  5.876980e+03  1.070143e+04  1.446429e+04  2.154068e+04 
 1.197171e-02  5.900354e+03  1.074382e+04  1.452147e+04  2.162538e+04 
 1.213859e-02  5.923006e+03  1.078491e+04  1.457678e+04  2.170744e+04 
 1.230780e-02  5.944903e+03  1.082462e+04  1.463023e+04  2.178668e+04 
 1.247936e-02  5.966040e+03  1.086292e+04  1.468180e+04  2.186307e+04 
 1.265332e-02  5.986377e+03  1.089979e+04  1.473145e+04  2.193661e+04 
 1.282970e-02  6.005908e+03  1.093519e+04  1.477912e+04  2.200723e+04 
 1.300854e-02  6.024603e+03  1.096906e+04  1.482476e+04  2.207475e+04 
 1.318987e-02  6.042438e+03  1.100136e+04  1.486824e+04  2.213895e+04 
 1.337373e-02  6.059389e+03  1.103202e+04  1.490951e+04  2.219978e+04 
 1.356015e-02  6.075446e+03  1.106105e+04  1.494860e+04  2.225736e+04 
 1.374917e-02  6.090575e+03  1.108841e+04  1.498541e+04  2.231171e+04 
 1.394083e-02  6.104758e+03  1.111404e+04  1.501979e+04  2.236266e+04 
 1.413516e-02  6.117975e+03  1.113790e+04  1.505182e+04  2.240986e+04 
 1.433219e-02  6.130198e+03  1.115993e+04  1.508138e+04  2.245329e+04 
 1.453198e-02  6.141390e+03  1.118009e+04  1.510838e+04  2.249301e+04 
 1.473454e-02  6.151533e+03  1.119834e+04  1.513284e+04  2.252892e+04 
 1.493993e-02  6.160619e+03  1.121467e+04  1.515470e+04  2.256086e+04 
 1.514819e-02  6.168630e+03  1.122906e+04  1.517390e+04  2.258893e+04 
 1.535935e-02  6.175535e+03  1.124144e+04  1.519041e+04  2.261296e+04 
 1.557345e-02  6.181299e+03  1.125173e+04  1.520418e+04  2.263282e+04 
 1.579053e-02  6.185907e+03  1.125991e+04  1.521516e+04  2.264846e+04 
 1.601064e-02  6.189350e+03  1.126598e+04  1.522317e+04  2.265979e+04 
 1.623382e-02  6.191608e+03  1.126988e+04  1.522817e+04  2.266672e+04 
 1.646012e-02  6.192652e+03  1.127154e+04  1.523016e+04  2.266925e+04 
 1.668956e-02  6.192426e+03  1.127092e+04  1.522910e+04  2.266726e+04 
 1.692220e-02  6.190926e+03  1.126798e+04  1.522498e+04  2.266057e+04 
 1.715809e-02  6.188175e+03  1.126277e+04  1.521774e+04  2.264926e+04 
 1.739726e-02  6.184160e+03  1.125526e+04  1.520737e+04  2.263320e+04 
 1.763977e-02  6.178827e+03  1.124534e+04  1.519370e+04  2.261219e+04 
 1.788566e-02  6.172145e+03  1.123295e+04  1.517673e+04  2.258628e+04 
 1.813498e-02  6.164119e+03  1.121810e+04  1.515644e+04  2.255549e+04 
 1.838777e-02  6.154724e+03  1.120075e+04  1.513277e+04  2.251966e+04 
 1.864409e-02  6.143956e+03  1.118091e+04  1.510573e+04  2.247878e+04 
 1.890397e-02  6.131811e+03  1.115856e+04  1.507530e+04  2.243288e+04 
 1.916748e-02  6.118257e+03  1.113365e+04  1.504140e+04  2.238174e+04 
 1.943467e-02  6.103285e+03  1.110616e+04  1.500401e+04  2.232536e+04 
 1.970558e-02  6.086900e+03  1.107608e+04  1.496313e+04  2.226392e+04 
 1.998026e-02  6.069078e+03  1.104338e+04  1.491871e+04  2.219725e+04 
 2.025878e-02  6.049813e+03  1.100806e+04  1.487074e+04  2.212518e+04 
 2.054117e-02  6.029103e+03  1.097011e+04  1.481922e+04  2.204782e+04 
 2.082751e-02  6.006948e+03  1.092954e+04  1.476414e+04  2.196524e+04 
 2.111783e-02  5.983353e+03  1.088634e+04  1.470550e+04  2.187745e+04 
 2.141220e-02  5.958402e+03  1.084064e+04  1.464344e+04  2.178446e+04 
 2.171068e-02  5.932601e+03  1.079318e+04  1.457879e+04  2.168691e+04 
 2.201331e-02  5.905341e+03  1.074307e+04  1.451058e+04  2.158390e+04 
 2.232016e-02  5.876644e+03  1.069030e+04  1.443879e+04  2.147560e+04 
 2.263130e-02  5.846531e+03  1.063497e+04  1.436352e+04  2.136219e+04 
 2.294676e-02  5.814996e+03  1.057704e+04  1.428473e+04  2.124365e+04 
 2.326663e-02  5.782005e+03  1.051648e+04  1.420240e+04  2.111980e+04 
 2.359095e-02  5.747590e+03  1.045334e+04  1.411656e+04  2.099073e+04 
 2.391980e-02  5.711810e+03  1.038770e+04  1.402736e+04  2.085665e+04 
 2.425323e-02  5.674671e+03  1.031958e+04  1.393481e+04  2.071759e+04 
 2.459130e-02  5.636181e+03  1.024900e+04  1.383892e+04  2.057355e+04 
 2.493409e-02  5.596361e+03  1.017600e+04  1.373978e+04  2.042470e+04 
 2.528166e-02  5.555232e+03  1.010063e+04  1.363742e+04  2.027105e+04 
 2.563407e-02  5.512819e+03  1.002291e+04  1.353190e+04  2.011272e+04 
 2.599140e-02  5.469150e+03  9.942916e+03  1.342331e+04  1.994981e+04 
 2.635371e-02  5.424260e+03  9.860704e+03  1.331173e+04  1.978244e+04 
 2.672106e-02  5.378179e+03  9.776351e+03  1.319725e+04  1.961079e+04 
 2.709354e-02  5.330950e+03  9.689914e+03  1.307995e+04  1.943497e+04 
 2.747121e-02  5.282626e+03  9.601461e+03  1.295995e+04  1.925511e+04 
 2.785414e-02  5.233181e+03  9.510977e+03  1.283723e+04  1.907130e+04 
 2.824241e-02  5.182394e+03  9.418182e+03  1.271154e+04  1.888332e+04 
 2.863610e-02  5.130644e+03  9.323657e+03  1.258350e+04  1.869189e+04 
 2.903527e-02  5.077970e+03  9.227473e+03  1.245319e+04  1.849714e+04 
 2.944000e-02  5.024431e+03  9.129706e+03  1.232074e+04  1.829922e+04 
 2.985038e-02  4.970097e+03  9.030472e+03  1.218633e+04  1.809838e+04 
 3.026648e-02  4.915017e+03  8.929902e+03  1.205013e+04  1.789488e+04 
 3.068838e-02  4.859266e+03  8.828126e+03  1.191229e+04  1.768893e+04 
 3.111616e-02  4.802893e+03  8.725213e+03  1.177294e+04  1.748077e+04 
 3.154990e-02  4.745948e+03  8.621270e+03  1.163221e+04  1.727055e+04 
 3.198969e-02  4.688517e+03  8.516439e+03  1.149029e+04  1.705860e+04 
 3.243561e-02  4.630679e+03  8.410870e+03  1.134739e+04  1.684518e+04 
 3.288774e-02  4.572503e+03  8.304690e+03  1.120365e+04  1.663056e+04 
 3.334618e-02  4.514049e+03  8.198017e+03  1.105924e+04  1.641497e+04 
 3.381101e-02  4.455389e+03  8.090979e+03  1.091435e+04  1.619866e+04 
 3.428231e-02  4.396603e+03  7.983728e+03  1.076916e+04  1.598193e+04 
 3.476019e-02  4.337647e+03  7.876495e+03  1.062436e+04  1.576680e+04 
 3.524473e-02  4.278724e+03  7.769325e+03  1.047966e+04  1.555185e+04 
 3.573602e-02  4.219908e+03  7.662349e+03  1.033524e+04  1.533733e+04 
 3.623416e-02  4.161284e+03  7.555709e+03  1.019128e+04  1.512348e+04 
 3.673925e-02  4.102926e+03  7.449556e+03  1.004798e+04  1.491062e+04 
 3.725137e-02  4.044907e+03  7.344039e+03  9.905494e+03  1.469900e+04 
 3.777064e-02  3.987314e+03  7.239285e+03  9.764052e+03  1.448893e+04 
 3.829714e-02  3.930223e+03  7.135434e+03  9.623844e+03  1.428067e+04 
 3.883098e-02  3.873706e+03  7.032617e+03  9.485059e+03  1.407453e+04 
 3.937226e-02  3.817829e+03  6.930975e+03  9.347850e+03  1.387073e+04 
 3.992109e-02  3.762661e+03  6.830634e+03  9.212386e+03  1.366949e+04 
 4.047757e-02  3.708265e+03  6.731683e+03  9.078751e+03  1.347089e+04 
 4.104181e-02  3.654557e+03  6.633431e+03  8.945467e+03  1.327113e+04 
 4.161391e-02  3.601766e+03  6.536849e+03  8.814458e+03  1.307480e+04 
 4.219398e-02  3.549959e+03  6.442061e+03  8.685872e+03  1.288208e+04 
 4.278214e-02  3.499189e+03  6.349171e+03  8.559848e+03  1.269317e+04 
 4.337850e-02  3.449505e+03  6.258264e+03  8.436520e+03  1.250827e+04 
 4.398317e-02  3.400949e+03  6.169426e+03  8.315988e+03  1.232756e+04 
 4.459628e-02  3.353569e+03  6.082732e+03  8.198365e+03  1.215120e+04 
 4.521792e-02  3.307403e+03  5.998245e+03  8.083744e+03  1.197930e+04 
 4.584824e-02  3.262488e+03  5.916040e+03  7.972201e+03  1.181200e+04 
 4.648734e-02  3.218850e+03  5.836163e+03  7.863806e+03  1.164939e+04 
 4.713535e-02  3.176619e+03  5.759566e+03  7.760569e+03  1.149652e+04 
 4.779239e-02  3.135758e+03  5.685890e+03  7.661727e+03  1.135139e+04 
 4.845859e-02  3.096214e+03  5.614594e+03  7.566091e+03  1.121098e+04 
 4.913407e-02  3.057983e+03  5.545680e+03  7.473672e+03  1.107532e+04 
 4.981898e-02  3.021065e+03  5.479141e+03  7.384451e+03  1.094438e+04 
 5.051342e-02  2.985456e+03  5.414965e+03  7.298414e+03  1.081817e+04 
 5.121755e-02  2.951128e+03  5.353105e+03  7.215492e+03  1.069655e+04 
 5.193150e-02  2.918041e+03  5.293514e+03  7.135617e+03  1.057944e+04 
 5.265540e-02  2.886165e+03  5.236121e+03  7.058699e+03  1.046671e+04 
 5.338938e-02  2.855235e+03  5.179992e+03  6.983042e+03  1.035463e+04 
 5.413360e-02  2.825153e+03  5.124879e+03  6.908235e+03  1.024232e+04 
 5.488820e-02  2.796141e+03  5.071710e+03  6.836045e+03  1.013392e+04 
 5.565331e-02  2.768115e+03  5.020355e+03  6.766278e+03  1.002912e+04 
 5.642908e-02  2.740955e+03  4.970568e+03  6.698630e+03  9.927478e+03 
 5.721568e-02  2.714538e+03  4.922128e+03  6.632802e+03  9.828541e+03 
 5.801323e-02  2.688896e+03  4.875095e+03  6.568882e+03  9.732443e+03 
 5.882190e-02  2.664146e+03  4.829690e+03  6.507162e+03  9.639601e+03 
 5.964185e-02  2.640373e+03  4.786351e+03  6.448527e+03  9.552166e+03 
 6.047322e-02  2.617512e+03  4.745483e+03  6.394052e+03  9.473173e+03 
 6.131619e-02  2.594758e+03  4.704807e+03  6.339835e+03  9.394547e+03 
 6.217090e-02  2.571788e+03  4.663723e+03  6.285063e+03  9.315101e+03 
 6.303753e-02  2.548552e+03  4.622156e+03  6.229644e+03  9.234676e+03 
 6.391624e-02  2.525082e+03  4.580147e+03  6.173623e+03  9.153367e+03 
 6.480720e-02  2.501375e+03  4.537708e+03  6.117016e+03  9.071198e+03 
 6.571058e-02  2.477308e+03  4.494620e+03  6.059535e+03  8.987710e+03 
 6.662655e-02  2.451548e+03  4.446622e+03  5.993489e+03  8.886088e+03 
 6.755528e-02  2.425035e+03  4.397203e+03  5.925478e+03  8.781419e+03 
 6.849697e-02  2.397678e+03  4.346273e+03  5.855442e+03  8.673749e+03 
 6.945178e-02  2.369384e+03  4.293646e+03  5.783132e+03  8.562752e+03 
 7.041990e-02  2.340045e+03  4.239134e+03  5.708300e+03  8.448072e+03 
 7.140151e-02  2.309577e+03  4.182578e+03  5.630735e+03  8.329388e+03 
 7.239681e-02  2.278168e+03  4.124587e+03  5.551554e+03  8.209380e+03 
 7.340598e-02  2.245789e+03  4.065163e+03  5.470830e+03  8.088341e+03 
 7.442922e-02  2.212071e+03  4.003324e+03  5.386863e+03  7.962517e+03 
 7.546673e-02  2.176987e+03  3.939032e+03  5.299588e+03  7.831836e+03 
 7.651869e-02  2.140532e+03  3.872278e+03  5.209005e+03  7.696304e+03 
 7.758532e-02  2.102726e+03  3.803093e+03  5.115171e+03  7.556006e+03 
 7.866682e-02  2.064411e+03  3.734082e+03  5.022683e+03  7.420447e+03 
 7.976339e-02  2.026153e+03  3.666919e+03  4.934444e+03  7.295605e+03 
 8.087525e-02  1.986684e+03  3.597505e+03  4.843107e+03  7.166033e+03 
 8.200261e-02  1.946115e+03  3.526035e+03  4.748910e+03  7.032095e+03 
 8.314568e-02  1.904583e+03  3.452747e+03  4.652202e+03  6.894264e+03 
 8.430468e-02  1.862245e+03  3.377917e+03  4.553366e+03  6.753084e+03 
 8.547985e-02  1.818623e+03  3.299634e+03  4.448808e+03  6.600775e+03 
 8.667139e-02  1.774273e+03  3.219516e+03  4.341254e+03  6.442774e+03 
 8.787954e-02  1.729723e+03  3.139033e+03  4.233169e+03  6.283940e+03 
 8.910453e-02  1.685206e+03  3.058594e+03  4.125114e+03  6.125084e+03 
 9.034660e-02  1.640963e+03  2.978613e+03  4.017663e+03  5.967065e+03 
 9.160598e-02  1.597929e+03  2.901784e+03  3.915372e+03  5.818867e+03 
 9.288292e-02  1.556238e+03  2.828242e+03  3.818312e+03  5.680277e+03 
 9.417766e-02  1.515438e+03  2.756227e+03  3.723231e+03  5.544384e+03 
 9.549045e-02  1.475773e+03  2.686174e+03  3.630700e+03  5.412062e+03 
 9.682153e-02  1.437439e+03  2.618465e+03  3.541226e+03  5.284091e+03 
 9.817117e-02  1.400951e+03  2.554525e+03  3.457218e+03  5.165122e+03 
 9.953962e-02  1.366261e+03  2.493946e+03  3.377836e+03  5.053182e+03 
 1.009272e-01  1.333402e+03  2.436598e+03  3.302729e+03  4.947356e+03 
 1.023340e-01  1.302484e+03  2.382699e+03  3.232196e+03  4.848137e+03 
 1.037605e-01  1.272992e+03  2.330605e+03  3.163359e+03  4.749739e+03 
 1.052069e-01  1.243356e+03  2.275474e+03  3.087890e+03  4.635621e+03 
 1.066734e-01  1.215956e+03  2.224433e+03  3.018025e+03  4.529925e+03 
 1.081604e-01  1.190743e+03  2.177422e+03  2.953642e+03  4.432482e+03 
 1.096681e-01  1.167622e+03  2.134302e+03  2.894527e+03  4.342954e+03 
 1.111968e-01  1.146622e+03  2.095304e+03  2.841034e+03  4.261452e+03 
 1.127468e-01  1.127537e+03  2.059818e+03  2.792338e+03  4.187166e+03 
 1.143184e-01  1.110183e+03  2.027504e+03  2.747973e+03  4.119360e+03 
 1.159120e-01  1.094351e+03  1.997978e+03  2.707410e+03  4.057239e+03 
 1.175277e-01  1.080406e+03  1.972474e+03  2.672722e+03  4.004771e+03 
 1.191660e-01  1.067540e+03  1.949002e+03  2.640823e+03  3.956568e+03 
 1.208271e-01  1.055419e+03  1.926921e+03  2.610828e+03  3.911138e+03 
 1.225114e-01  1.043709e+03  1.905538e+03  2.581749e+03  3.867097e+03 
 1.242191e-01  1.031631e+03  1.883021e+03  2.550874e+03  3.820402e+03 
 1.259506e-01  1.019394e+03  1.860233e+03  2.519633e+03  3.773147e+03 
 1.277063e-01  1.006711e+03  1.836630e+03  2.487318e+03  3.724256e+03 
 1.294865e-01  9.935979e+02  1.812371e+03  2.454163e+03  3.673800e+03 
 1.312915e-01  9.798474e+02  1.787125e+03  2.419656e+03  3.621030e+03 
 1.331216e-01  9.649195e+02  1.759744e+03  2.382231e+03  3.563921e+03 
 1.349772e-01  9.486875e+02  1.730024e+03  2.341697e+03  3.502258e+03 
 1.368587e-01  9.321518e+02  1.701512e+03  2.304855e+03  3.451951e+03 
 1.387665e-01  9.141245e+02  1.670212e+03  2.264197e+03  3.395815e+03 
 1.407008e-01  8.946233e+02  1.636183e+03  2.219763e+03  3.333817e+03 
 1.426621e-01  8.747481e+02  1.602014e+03  2.175229e+03  3.271099e+03 
 1.446507e-01  8.539484e+02  1.566248e+03  2.128524e+03  3.204815e+03 
 1.466671e-01  8.321085e+02  1.528458e+03  2.079009e+03  3.134093e+03 
 1.487115e-01  8.078155e+02  1.484537e+03  2.020039e+03  3.047637e+03 
 1.507845e-01  7.820190e+02  1.436763e+03  1.955145e+03  2.951248e+03 
 1.528864e-01  7.562526e+02  1.389058e+03  1.890346e+03  2.854918e+03 
 1.550175e-01  7.327372e+02  1.347537e+03  1.835551e+03  2.776861e+03 
 1.571784e-01  7.111587e+02  1.310898e+03  1.788454e+03  2.712462e+03 
 1.593694e-01  6.904543e+02  1.275701e+03  1.743175e+03  2.650434e+03 
 1.615909e-01  6.714887e+02  1.244005e+03  1.702765e+03  2.595577e+03 
 1.638434e-01  6.541474e+02  1.215344e+03  1.666451e+03  2.546701e+03 
 1.661273e-01  6.383636e+02  1.189407e+03  1.633727e+03  2.502999e+03 
 1.684430e-01  6.212880e+02  1.158400e+03  1.592265e+03  2.443148e+03 
 1.707910e-01  6.056713e+02  1.129770e+03  1.553815e+03  2.387492e+03 
 1.731717e-01  5.922447e+02  1.105489e+03  1.521426e+03  2.340941e+03 
 1.755856e-01  5.820988e+02  1.088465e+03  1.499454e+03  2.309902e+03 
 1.780332e-01  5.734105e+02  1.074122e+03  1.481144e+03  2.284424e+03 
 1.805149e-01  5.641488e+02  1.056499e+03  1.456440e+03  2.245372e+03 
 1.830312e-01  5.547659e+02  1.037354e+03  1.428530e+03  2.199175e+03 
 1.855825e-01  5.460459e+02  1.019654e+03  1.402864e+03  2.157027e+03 
 1.881694e-01  5.378127e+02  1.003970e+03  1.381370e+03  2.124747e+03 
 1.907924e-01  5.295038e+02  9.881498e+02  1.359686e+03  2.092197e+03 
 1.934520e-01  5.202782e+02  9.703839e+02  1.335355e+03  2.056499e+03 
 1.961486e-01  5.102205e+02  9.509888e+02  1.308795e+03  2.017625e+03 
 1.988828e-01  5.004206e+02  9.328209e+02  1.284197e+03  1.981572e+03 
 2.016551e-01  4.912828e+02  9.169627e+02  1.263170e+03  1.950731e+03 
 2.044661e-01  4.809538e+02  8.986651e+02  1.238621e+03  1.914203e+03 
 2.073162e-01  4.690113e+02  8.762361e+02  1.207525e+03  1.866218e+03 
 2.102061e-01  4.562123e+02  8.522059e+02  1.174224e+03  1.814839e+03 
 2.131362e-01  4.465122e+02  8.382872e+02  1.158051e+03  1.794742e+03 
 2.161073e-01  4.365086e+02  8.238527e+02  1.141205e+03  1.773668e+03 
 2.191197e-01  4.238407e+02  8.023641e+02  1.113805e+03  1.737210e+03 
 2.221741e-01  4.108626e+02  7.797416e+02  1.084555e+03  1.697832e+03 
 2.252711e-01  3.990144e+02  7.598113e+02  1.059380e+03  1.664802e+03 
 2.284112e-01  3.881876e+02  7.419056e+02  1.037038e+03  1.635967e+03 
 2.315951e-01  3.786538e+02  7.255293e+02  1.015426e+03  1.604121e+03 
 2.348235e-01  3.703129e+02  7.110672e+02  9.959772e+02  1.574210e+03 
 2.380968e-01  3.611085e+02  6.935066e+02  9.716219e+02  1.537138e+03 
 2.414157e-01  3.525466e+02  6.768197e+02  9.483416e+02  1.501870e+03 
 2.447809e-01  3.442691e+02  6.608317e+02  9.263262e+02  1.468443e+03 
 2.481930e-01  3.367811e+02  6.464143e+02  9.065333e+02  1.438436e+03 
 2.516527e-01  3.324683e+02  6.390266e+02  8.964675e+02  1.422563e+03 
 2.551606e-01  3.274482e+02  6.298489e+02  8.838227e+02  1.403059e+03 
 2.587174e-01  3.195012e+02  6.136923e+02  8.611880e+02  1.369212e+03 
 2.623238e-01  3.128725e+02  6.011690e+02  8.440959e+02  1.344108e+03 
 2.659804e-01  3.075398e+02  5.923292e+02  8.326514e+02  1.327905e+03 
 2.696881e-01  3.001452e+02  5.787599e+02  8.143625e+02  1.300533e+03 
 2.734474e-01  2.918569e+02  5.632927e+02  7.933836e+02  1.268900e+03 
 2.772591e-01  2.854410e+02  5.528747e+02  7.805095e+02  1.252653e+03 
 2.811239e-01  2.784080e+02  5.407996e+02  7.651582e+02  1.233260e+03 
 2.850426e-01  2.709118e+02  5.272285e+02  7.475354e+02  1.211408e+03 
 2.890160e-01  2.639024e+02  5.155734e+02  7.327142e+02  1.190742e+03 
 2.930447e-01  2.572830e+02  5.043939e+02  7.179670e+02  1.168291e+03 
 2.971296e-01  2.510330e+02  4.925175e+02  7.004586e+02  1.138173e+03 
 3.012714e-01  2.454046e+02  4.829117e+02  6.878475e+02  1.119732e+03 
 3.054710e-01  2.400951e+02  4.740872e+02  6.768693e+02  1.105399e+03 
 3.097291e-01  2.339928e+02  4.627848e+02  6.619195e+02  1.084723e+03 
 3.140465e-01  2.286192e+02  4.520051e+02  6.464412e+02  1.059363e+03 
 3.184242e-01  2.240022e+02  4.427974e+02  6.331573e+02  1.037457e+03 
 3.228628e-01  2.203604e+02  4.365782e+02  6.252115e+02  1.027553e+03 
 3.273634e-01  2.152695e+02  4.262592e+02  6.103336e+02  1.003660e+03 
 3.319266e-01  2.099599e+02  4.158878e+02  5.959709e+02  9.820674e+02 
 3.365535e-01  2.047974e+02  4.066168e+02  5.840288e+02  9.661955e+02 
 3.412449e-01  2.010726e+02  4.016477e+02  5.781690e+02  9.569713e+02 
 3.460016e-01  1.968949e+02  3.948559e+02  5.694398e+02  9.447291e+02 
 3.508247e-01  1.927018e+02  3.874351e+02  5.595559e+02  9.302959e+02 
 3.557150e-01  1.885650e+02  3.798388e+02  5.492967e+02  9.146185e+02 
 3.606735e-01  1.837808e+02  3.713925e+02  5.382345e+02  8.991525e+02 
 3.657011e-01  1.781848e+02  3.608962e+02  5.238813e+02  8.789968e+02 
 3.707988e-01  1.737065e+02  3.523511e+02  5.122196e+02  8.617232e+02 
 3.759675e-01  1.696950e+02  3.446902e+02  5.017040e+02  8.459322e+02 
 3.812083e-01  1.656982e+02  3.374462e+02  4.919100e+02  8.314801e+02 
 3.865221e-01  1.624030e+02  3.325299e+02  4.862217e+02  8.224059e+02 
 3.919100e-01  1.590572e+02  3.247843e+02  4.743821e+02  8.057591e+02 
 3.973730e-01  1.552710e+02  3.183769e+02  4.663717e+02  7.932491e+02 
 4.029122e-01  1.521604e+02  3.134726e+02  4.596345e+02  7.810370e+02 
 4.085286e-01  1.490673e+02  3.068953e+02  4.501874e+02  7.674303e+02 
 4.142232e-01  1.452848e+02  2.992035e+02  4.399438e+02  7.545342e+02 
 4.199973e-01  1.414817e+02  2.926112e+02  4.315608e+02  7.423602e+02 
 4.258518e-01  1.383622e+02  2.868631e+02  4.234610e+02  7.285587e+02 
 4.317880e-01  1.350752e+02  2.805511e+02  4.141757e+02  7.141797e+02 
 4.378069e-01  1.322027e+02  2.748515e+02  4.060605e+02  7.008767e+02 
 4.439097e-01  1.298058e+02  2.710755e+02  4.014354e+02  6.960852e+02 
 4.500975e-01  1.262209e+02  2.644166e+02  3.923782e+02  6.827175e+02 
 4.563716e-01  1.232474e+02  2.583051e+02  3.835633e+02  6.671907e+02 
 4.627332e-01  1.213113e+02  2.556007e+02  3.806297e+02  6.644551e+02 
 4.691835e-01  1.181807e+02  2.494201e+02  3.718254e+02  6.498304e+02 
 4.757236e-01  1.159228e+02  2.449869e+02  3.657365e+02  6.405158e+02 
 4.823549e-01  1.128281e+02  2.387398e+02  3.569021e+02  6.283907e+02 
 4.890787e-01  1.103166e+02  2.338342e+02  3.502736e+02  6.180881e+02 
 4.958962e-01  1.083615e+02  2.300621e+02  3.444930e+02  6.075503e+02 
 5.028087e-01  1.057857e+02  2.256158e+02  3.384892e+02  5.987394e+02 
 5.098176e-01  1.037210e+02  2.218182e+02  3.330826e+02  5.883731e+02 
 5.169242e-01  1.018259e+02  2.182452e+02  3.282346e+02  5.818709e+02 
 5.241298e-01  9.843282e+01  2.124180e+02  3.210159e+02  5.729325e+02 
 5.314359e-01  9.663920e+01  2.096793e+02  3.173453e+02  5.669533e+02 
 5.388438e-01  9.456782e+01  2.050340e+02  3.104040e+02  5.563461e+02 
 5.463550e-01  9.279968e+01  2.015914e+02  3.053182e+02  5.478463e+02 
 5.539709e-01  9.021562e+01  1.969872e+02  2.994632e+02  5.388643e+02 
 5.616930e-01  8.851981e+01  1.936979e+02  2.948069e+02  5.318841e+02 
 5.695227e-01  8.667201e+01  1.905988e+02  2.909908e+02  5.243940e+02 
 5.774615e-01  8.464089e+01  1.859711e+02  2.840903e+02  5.143628e+02 
 5.855110e-01  8.303874e+01  1.830390e+02  2.796669e+02  5.067969e+02 
 5.936727e-01  8.105916e+01  1.785522e+02  2.733826e+02  4.973657e+02 
 6.019482e-01  7.959871e+01  1.762747e+02  2.698064e+02  4.908386e+02 
 6.103390e-01  7.763705e+01  1.728990e+02  2.654757e+02  4.834742e+02 
 6.188468e-01  7.584684e+01  1.698083e+02  2.624974e+02  4.812163e+02 
 6.274732e-01  7.450138e+01  1.664749e+02  2.568080e+02  4.717958e+02 
 6.362198e-01  7.290043e+01  1.637428e+02  2.529023e+02  4.643413e+02 
 6.450884e-01  7.111859e+01  1.605222e+02  2.484753e+02  4.568260e+02 
 6.540806e-01  6.959385e+01  1.569329e+02  2.430583e+02  4.488315e+02 
 6.631981e-01  6.796750e+01  1.542872e+02  2.401557e+02  4.440459e+02 
 6.724427e-01  6.660736e+01  1.513956e+02  2.360758e+02  4.389226e+02 
 6.818162e-01  6.508643e+01  1.485224e+02  2.311671e+02  4.298246e+02 
 6.913204e-01  6.362405e+01  1.455688e+02  2.273636e+02  4.235100e+02 
 7.009570e-01  6.266544e+01  1.432433e+02  2.239332e+02  4.176685e+02 
 7.107280e-01  6.096954e+01  1.405834e+02  2.203153e+02  4.107831e+02 
 7.206351e-01  5.996617e+01  1.382363e+02  2.171125e+02  4.068433e+02 
 7.306804e-01  5.867156e+01  1.359718e+02  2.134913e+02  3.993620e+02 
 7.408657e-01  5.731445e+01  1.331129e+02  2.094119e+02  3.937054e+02 
 7.511929e-01  5.603571e+01  1.304840e+02  2.060066e+02  3.881105e+02 
 7.616642e-01  5.490756e+01  1.279597e+02  2.024302e+02  3.826056e+02 
 7.722814e-01  5.409229e+01  1.265193e+02  2.000164e+02  3.770637e+02 
 7.830465e-01  5.291054e+01  1.239187e+02  1.963521e+02  3.717982e+02 
 7.939618e-01  5.185676e+01  1.221376e+02  1.935876e+02  3.674755e+02 
 8.050292e-01  5.065288e+01  1.196619e+02  1.906592e+02  3.624510e+02 
 8.162509e-01  4.969337e+01  1.177800e+02  1.873499e+02  3.557847e+02 
 8.276289e-01  4.843167e+01  1.152496e+02  1.840231e+02  3.508977e+02 
 8.391656e-01  4.774623e+01  1.137714e+02  1.812469e+02  3.465783e+02 
 8.508632e-01  4.683613e+01  1.116653e+02  1.785506e+02  3.417037e+02 
 8.627237e-01  4.573105e+01  1.097086e+02  1.756621e+02  3.359965e+02 
 8.747496e-01  4.484335e+01  1.076842e+02  1.728133e+02  3.313054e+02 
 8.869432e-01  4.400016e+01  1.060064e+02  1.702861e+02  3.269038e+02 
 8.993067e-01  4.304822e+01  1.041717e+02  1.675266e+02  3.218834e+02 
 9.118425e-01  4.233456e+01  1.022763e+02  1.645382e+02  3.160025e+02 
 9.245531e-01  4.135169e+01  1.004363e+02  1.617732e+02  3.121095e+02 
 9.374409e-01  4.050131e+01  9.872859e+01  1.594724e+02  3.078138e+02 
 9.505083e-01  3.976815e+01  9.704260e+01  1.569835e+02  3.031910e+02 
 9.637579e-01  3.887821e+01  9.506926e+01  1.540370e+02  2.985229e+02 
 9.771921e-01  3.828691e+01  9.437986e+01  1.524866e+02  2.943992e+02 
 9.908137e-01  3.749922e+01  9.249199e+01  1.498180e+02  2.903034e+02 
 1.004625e+00  3.673319e+01  9.067869e+01  1.470983e+02  2.852232e+02 
 1.018629e+00  3.607623e+01  8.931547e+01  1.449275e+02  2.809066e+02 
 1.032828e+00  3.532770e+01  8.776159e+01  1.428303e+02  2.776780e+02 
 1.047225e+00  3.458592e+01  8.638142e+01  1.404482e+02  2.727151e+02 
 1.061823e+00  3.399322e+01  8.512322e+01  1.384139e+02  2.687065e+02 
 1.076624e+00  3.331183e+01  8.365651e+01  1.362135e+02  2.645368e+02 
 1.091632e+00  3.271242e+01  8.219757e+01  1.341617e+02  2.603656e+02 
 1.106848e+00  3.203286e+01  8.067797e+01  1.319235e+02  2.565646e+02 
 1.122277e+00  3.141270e+01  7.945996e+01  1.296805e+02  2.521643e+02 
 1.137921e+00  3.079433e+01  7.799569e+01  1.275557e+02  2.482470e+02 
 1.153783e+00  3.024742e+01  7.671060e+01  1.255366e+02  2.445728e+02 
 1.169866e+00  2.968515e+01  7.549417e+01  1.235399e+02  2.410049e+02 
 1.186174e+00  2.909516e+01  7.430332e+01  1.215948e+02  2.369983e+02 
 1.202708e+00  2.857375e+01  7.305391e+01  1.197105e+02  2.333034e+02 
 1.219473e+00  2.805726e+01  7.189668e+01  1.179169e+02  2.293172e+02 
 1.236472e+00  2.751815e+01  7.072325e+01  1.161189e+02  2.259129e+02 
 1.253708e+00  2.702094e+01  6.952281e+01  1.140667e+02  2.223294e+02 
 1.271184e+00  2.653053e+01  6.862006e+01  1.126205e+02  2.187740e+02 
 1.288904e+00  2.603470e+01  6.724438e+01  1.105141e+02  2.154686e+02 
 1.306870e+00  2.553181e+01  6.612399e+01  1.087187e+02  2.117289e+02 
 1.325087e+00  2.510433e+01  6.509057e+01  1.070355e+02  2.080439e+02 
 1.343558e+00  2.464178e+01  6.399486e+01  1.052657e+02  2.046086e+02 
 1.362287e+00  2.421507e+01  6.290776e+01  1.034154e+02  2.010927e+02 
 1.381276e+00  2.375751e+01  6.189511e+01  1.015478e+02  1.976359e+02 
 1.400531e+00  2.334087e+01  6.087036e+01  9.995376e+01  1.940652e+02 
 1.420053e+00  2.289888e+01  5.977251e+01  9.833884e+01  1.906800e+02 
 1.439848e+00  2.249492e+01  5.885722e+01  9.659079e+01  1.874487e+02 
 1.459919e+00  2.206305e+01  5.784473e+01  9.496995e+01  1.839763e+02 
 1.480269e+00  2.171890e+01  5.678871e+01  9.324750e+01  1.804328e+02 
 1.500903e+00  2.132210e+01  5.587854e+01  9.162900e+01  1.775536e+02 
 1.521825e+00  2.092956e+01  5.500138e+01  9.016769e+01  1.742760e+02 
 1.543038e+00  2.054457e+01  5.405394e+01  8.868610e+01  1.713440e+02 
 1.564548e+00  2.021212e+01  5.315306e+01  8.713120e+01  1.680927e+02 
 1.586357e+00  1.985803e+01  5.230918e+01  8.564967e+01  1.649699e+02 
 1.608469e+00  1.948621e+01  5.142941e+01  8.416726e+01  1.620949e+02 
 1.630891e+00  1.920204e+01  5.047593e+01  8.252552e+01  1.587875e+02 
 1.653624e+00  1.883445e+01  4.960202e+01  8.115268e+01  1.560608e+02 
 1.676675e+00  1.849851e+01  4.883483e+01  7.977347e+01  1.529766e+02 
 1.700047e+00  1.816847e+01  4.799874e+01  7.832533e+01  1.501014e+02 
 1.723745e+00  1.786927e+01  4.713818e+01  7.690375e+01  1.470218e+02 
 1.747773e+00  1.753245e+01  4.629012e+01  7.546113e+01  1.441488e+02 
 1.772136e+00  1.722745e+01  4.549465e+01  7.405681e+01  1.414379e+02 
 1.796838e+00  1.693393e+01  4.468036e+01  7.270170e+01  1.385995e+02 
 1.821885e+00  1.666442e+01  4.388791e+01  7.131389e+01  1.358841e+02 
 1.847281e+00  1.636229e+01  4.317763e+01  7.007100e+01  1.331825e+02 
 1.873032e+00  1.608276e+01  4.238679e+01  6.863446e+01  1.305408e+02 
 1.899141e+00  1.580046e+01  4.158969e+01  6.737749e+01  1.279148e+02 
 1.925614e+00  1.554003e+01  4.087056e+01  6.613073e+01  1.252350e+02 
 1.952456e+00  1.531254e+01  4.018713e+01  6.491134e+01  1.226663e+02 
 1.979672e+00  1.501631e+01  3.949442e+01  6.368692e+01  1.201783e+02 
 2.007267e+00  1.477940e+01  3.877577e+01  6.237321e+01  1.177478e+02 
 2.035248e+00  1.450907e+01  3.803450e+01  6.114639e+01  1.152082e+02 
 2.063618e+00  1.425868e+01  3.731500e+01  5.994196e+01  1.127340e+02 
 2.092383e+00  1.402124e+01  3.662664e+01  5.872468e+01  1.103282e+02 
 2.121550e+00  1.376997e+01  3.592718e+01  5.755374e+01  1.079349e+02 
 2.151123e+00  1.353798e+01  3.526315e+01  5.636644e+01  1.055405e+02 
 2.181109e+00  1.330000e+01  3.457135e+01  5.522732e+01  1.032944e+02 
 2.211512e+00  1.307376e+01  3.389305e+01  5.405353e+01  1.009098e+02 
 2.242340e+00  1.284782e+01  3.327618e+01  5.296403e+01  9.871755e+01 
 2.273597e+00  1.261281e+01  3.263146e+01  5.181910e+01  9.651276e+01 
 2.305289e+00  1.241099e+01  3.199371e+01  5.075730e+01  9.437922e+01 
 2.337424e+00  1.219741e+01  3.135898e+01  4.967281e+01  9.229292e+01 
 2.370006e+00  1.198416e+01  3.074803e+01  4.864341e+01  9.025251e+01 
 2.403043e+00  1.176673e+01  3.015209e+01  4.758882e+01  8.818389e+01 
 2.436540e+00  1.157347e+01  2.957207e+01  4.658939e+01  8.617733e+01 
 2.470504e+00  1.137275e+01  2.898940e+01  4.557220e+01  8.420177e+01 
 2.504942e+00  1.117661e+01  2.842379e+01  4.460742e+01  8.229074e+01 
 2.539859e+00  1.098863e+01  2.784040e+01  4.361845e+01  8.035180e+01 
 2.575263e+00  1.078535e+01  2.725878e+01  4.268677e+01  7.852440e+01 
 2.611161e+00  1.060155e+01  2.670558e+01  4.171093e+01  7.668445e+01 
 2.647559e+00  1.041342e+01  2.615002e+01  4.076232e+01  7.483867e+01 
 2.684465e+00  1.022896e+01  2.562235e+01  3.984673e+01  7.306033e+01 
 2.721885e+00  1.003863e+01  2.506008e+01  3.894627e+01  7.132246e+01 
 2.759826e+00  9.861284e+00  2.452135e+01  3.804644e+01  6.962021e+01 
 2.798297e+00  9.681466e+00  2.401119e+01  3.717915e+01  6.798557e+01 
 2.837304e+00  9.508573e+00  2.349616e+01  3.632564e+01  6.634807e+01 
 2.876854e+00  9.335544e+00  2.298769e+01  3.548428e+01  6.476358e+01 
 2.916956e+00  9.168431e+00  2.250072e+01  3.466793e+01  6.317656e+01 
 2.957617e+00  9.005786e+00  2.202179e+01  3.387926e+01  6.166201e+01 
 2.998844e+00  8.842584e+00  2.155046e+01  3.309104e+01  6.017142e+01 
 3.040646e+00  8.682151e+00  2.107907e+01  3.231490e+01  5.875496e+01 
 3.083031e+00  8.525120e+00  2.061432e+01  3.156197e+01  5.733181e+01 
 3.126007e+00  8.372027e+00  2.017108e+01  3.082433e+01  5.592759e+01 
 3.169582e+00  8.215886e+00  1.971333e+01  3.007843e+01  5.456157e+01 
 3.213764e+00  8.062477e+00  1.927333e+01  2.936185e+01  5.322420e+01 
 3.258562e+00  7.908383e+00  1.884441e+01  2.865787e+01  5.190753e+01 
 3.303985e+00  7.758608e+00  1.840735e+01  2.796193e+01  5.062057e+01 
 3.350041e+00  7.611870e+00  1.797996e+01  2.727562e+01  4.935812e+01 
 3.396739e+00  7.463821e+00  1.756558e+01  2.661740e+01  4.811254e+01 
 3.444087e+00  7.321344e+00  1.715537e+01  2.595054e+01  4.690719e+01 
 3.492096e+00  7.181189e+00  1.676049e+01  2.532150e+01  4.574762e+01 
 3.540774e+00  7.037975e+00  1.637186e+01  2.470414e+01  4.460499e+01 
 3.590130e+00  6.903079e+00  1.598620e+01  2.409089e+01  4.349700e+01 
 3.640175e+00  6.770551e+00  1.561372e+01  2.350754e+01  4.241156e+01 
 3.690917e+00  6.636511e+00  1.525541e+01  2.291899e+01  4.135025e+01 
 3.742366e+00  6.506402e+00  1.488920e+01  2.235873e+01  4.033200e+01 
 3.794533e+00  6.380667e+00  1.454319e+01  2.180988e+01  3.932495e+01 
 3.847427e+00  6.253973e+00  1.419681e+01  2.126886e+01  3.835224e+01 
 3.901058e+00  6.127374e+00  1.386013e+01  2.074439e+01  3.738621e+01 
 3.955436e+00  6.007373e+00  1.352763e+01  2.021728e+01  3.643802e+01 
 4.010573e+00  5.882649e+00  1.319925e+01  1.971431e+01  3.552597e+01 
 4.066478e+00  5.761233e+00  1.287346e+01  1.921188e+01  3.461647e+01 
 4.123163e+00  5.640789e+00  1.256090e+01  1.872269e+01  3.372954e+01 
 4.180637e+00  5.524286e+00  1.225348e+01  1.824790e+01  3.286297e+01 
 4.238913e+00  5.408044e+00  1.194782e+01  1.777851e+01  3.202545e+01 
 4.298001e+00  5.291718e+00  1.165136e+01  1.732561e+01  3.120166e+01 
 4.357913e+00  5.182559e+00  1.136095e+01  1.688473e+01  3.040920e+01 
 4.418660e+00  5.071846e+00  1.108213e+01  1.645075e+01  2.963729e+01 
 4.480254e+00  4.963087e+00  1.080557e+01  1.603105e+01  2.887983e+01 
 4.542706e+00  4.858413e+00  1.053586e+01  1.562053e+01  2.814315e+01 
 4.606029e+00  4.754213e+00  1.027656e+01  1.522387e+01  2.743311e+01 
 4.670234e+00  4.651849e+00  1.002134e+01  1.484057e+01  2.674013e+01 
 4.735335e+00  4.552169e+00  9.773282e+00  1.446231e+01  2.606044e+01 
 4.801343e+00  4.455367e+00  9.531560e+00  1.409520e+01  2.539467e+01 
 4.868271e+00  4.357863e+00  9.292055e+00  1.373361e+01  2.474580e+01 
 4.936132e+00  4.262007e+00  9.056935e+00  1.337921e+01  2.410955e+01 
 5.004939e+00  4.166818e+00  8.827305e+00  1.303294e+01  2.348594e+01 
 5.074705e+00  4.072723e+00  8.601797e+00  1.269227e+01  2.287720e+01 
 5.145444e+00  3.981461e+00  8.381237e+00  1.236157e+01  2.228199e+01 
 5.217169e+00  3.890295e+00  8.164849e+00  1.203647e+01  2.169584e+01 
 5.289893e+00  3.802749e+00  7.955157e+00  1.172442e+01  2.113327e+01 
 5.363631e+00  3.714731e+00  7.750280e+00  1.141522e+01  2.058022e+01 
 5.438397e+00  3.630096e+00  7.549915e+00  1.111717e+01  2.004063e+01 
 5.514206e+00  3.546800e+00  7.355816e+00  1.082684e+01  1.951917e+01 
 5.591071e+00  3.464516e+00  7.167277e+00  1.054443e+01  1.901093e+01 
 5.669007e+00  3.385776e+00  6.983388e+00  1.027079e+01  1.851958e+01 
 5.748030e+00  3.307873e+00  6.804777e+00  1.000330e+01  1.803713e+01 
 5.828155e+00  3.231692e+00  6.631022e+00  9.744638e+00  1.756962e+01 
 5.909396e+00  3.157155e+00  6.461446e+00  9.492446e+00  1.711614e+01 
 5.991770e+00  3.083835e+00  6.295619e+00  9.245039e+00  1.667273e+01 
 6.075292e+00  3.012031e+00  6.134250e+00  9.004869e+00  1.623610e+01 
 6.159978e+00  2.941096e+00  5.975128e+00  8.769220e+00  1.581111e+01 
 6.245845e+00  2.871443e+00  5.819796e+00  8.538767e+00  1.539426e+01 
 6.332908e+00  2.802698e+00  5.667272e+00  8.312456e+00  1.498493e+01 
 6.421186e+00  2.735643e+00  5.518969e+00  8.091669e+00  1.458626e+01 
 6.510694e+00  2.669547e+00  5.374004e+00  7.876996e+00  1.419821e+01 
 6.601449e+00  2.605434e+00  5.233116e+00  7.667953e+00  1.381944e+01 
 6.693470e+00  2.542125e+00  5.095409e+00  7.463762e+00  1.345053e+01 
 6.786773e+00  2.480743e+00  4.961778e+00  7.265565e+00  1.309292e+01 
 6.881377e+00  2.421084e+00  4.832271e+00  7.073308e+00  1.274373e+01 
 6.977300e+00  2.362679e+00  4.706534e+00  6.887689e+00  1.240539e+01 
 7.074559e+00  2.306155e+00  4.584096e+00  6.705941e+00  1.207624e+01 
 7.173175e+00  2.250638e+00  4.465535e+00  6.529944e+00  1.175727e+01 
 7.273165e+00  2.196867e+00  4.350207e+00  6.359700e+00  1.144722e+01 
 7.374549e+00  2.144100e+00  4.237751e+00  6.193117e+00  1.114599e+01 
 7.477346e+00  2.092484e+00  4.128565e+00  6.031823e+00  1.085116e+01 
 7.581576e+00  2.042197e+00  4.021284e+00  5.873254e+00  1.056354e+01 
 7.687260e+00  1.992572e+00  3.916813e+00  5.718498e+00  1.028259e+01 
 7.794416e+00  1.944012e+00  3.814597e+00  5.566536e+00  1.000686e+01 
 7.903066e+00  1.896458e+00  3.714107e+00  5.418071e+00  9.736976e+00 
 8.013230e+00  1.849846e+00  3.616821e+00  5.274336e+00  9.474620e+00 
 8.124930e+00  1.804267e+00  3.521679e+00  5.133727e+00  9.218347e+00 
 8.238187e+00  1.760004e+00  3.429000e+00  4.996484e+00  8.968943e+00 
 8.353023e+00  1.716700e+00  3.339007e+00  4.863389e+00  8.726223e+00 
 8.469460e+00  1.674689e+00  3.251731e+00  4.734296e+00  8.490858e+00 
 8.587519e+00  1.633863e+00  3.166830e+00  4.608665e+00  8.262139e+00 
 8.707225e+00  1.594140e+00  3.084380e+00  4.487014e+00  8.040354e+00 
 8.828599e+00  1.555580e+00  3.004741e+00  4.369107e+00  7.824738e+00 
 8.951665e+00  1.517971e+00  2.927477e+00  4.254430e+00  7.616217e+00 
 9.076446e+00  1.481582e+00  2.852310e+00  4.143434e+00  7.413561e+00 
 9.202967e+00  1.446062e+00  2.779283e+00  4.035636e+00  7.216322e+00 
 9.331251e+00  1.411399e+00  2.708069e+00  3.930209e+00  7.024276e+00 
 9.461324e+00  0.000000e+00  0.000000e+00  0.000000e+00  0.000000e+00 
 9.593209e+00  0.000000e+00  0.000000e+00  0.000000e+00  0.000000e+00 
 9.726934e+00  0.000000e+00  0.000000e+00  0.000000e+00  0.000000e+00 
 9.862522e+00  0.000000e+00  0.000000e+00  0.000000e+00  0.000000e+00 
 1.000000e+01  0.000000e+00  0.000000e+00  0.000000e+00  0.000000e+00 
