 1.000000e-02  5.805534e+03  1.054983e+04  1.423236e+04  2.111200e+04 
 1.013939e-02  5.834707e+03  1.060259e+04  1.430341e+04  2.121706e+04 
 1.028073e-02  5.863338e+03  1.065430e+04  1.437306e+04  2.132014e+04 
 1.042404e-02  5.891423e+03  1.070512e+04  1.444140e+04  2.142110e+04 
 1.056935e-02  5.919008e+03  1.075514e+04  1.450859e+04  2.152010e+04 
 1.071668e-02  5.946061e+03  1.080416e+04  1.457447e+04  2.161719e+04 
 1.086606e-02  5.972501e+03  1.085200e+04  1.463879e+04  2.171216e+04 
 1.101753e-02  5.998307e+03  1.089864e+04  1.470149e+04  2.180488e+04 
 1.117111e-02  6.023468e+03  1.094412e+04  1.476262e+04  2.189515e+04 
 1.132683e-02  6.047975e+03  1.098844e+04  1.482216e+04  2.198287e+04 
 1.148472e-02  6.071807e+03  1.103153e+04  1.488005e+04  2.206811e+04 
 1.164481e-02  6.094944e+03  1.107331e+04  1.493628e+04  2.215094e+04 
 1.180713e-02  6.117344e+03  1.111373e+04  1.499070e+04  2.223118e+04 
 1.197171e-02  6.139033e+03  1.115283e+04  1.504333e+04  2.230864e+04 
 1.213859e-02  6.159979e+03  1.119063e+04  1.509417e+04  2.238332e+04 
 1.230780e-02  6.180135e+03  1.122699e+04  1.514297e+04  2.245512e+04 
 1.247936e-02  6.199504e+03  1.126193e+04  1.518975e+04  2.252409e+04 
 1.265332e-02  6.218060e+03  1.129539e+04  1.523456e+04  2.259012e+04 
 1.282970e-02  6.235760e+03  1.132727e+04  1.527730e+04  2.265308e+04 
 1.300854e-02  6.252584e+03  1.135755e+04  1.531795e+04  2.271282e+04 
 1.318987e-02  6.268518e+03  1.138620e+04  1.535644e+04  2.276923e+04 
 1.337373e-02  6.283534e+03  1.141320e+04  1.539267e+04  2.282219e+04 
 1.356015e-02  6.297634e+03  1.143852e+04  1.542660e+04  2.287182e+04 
 1.374917e-02  6.310772e+03  1.146211e+04  1.545819e+04  2.291806e+04 
 1.394083e-02  6.322954e+03  1.148395e+04  1.548737e+04  2.296085e+04 
 1.413516e-02  6.334153e+03  1.150401e+04  1.551407e+04  2.300007e+04 
 1.433219e-02  6.344343e+03  1.152220e+04  1.553829e+04  2.303558e+04 
 1.453198e-02  6.353496e+03  1.153852e+04  1.555997e+04  2.306725e+04 
 1.473454e-02  6.361585e+03  1.155291e+04  1.557910e+04  2.309505e+04 
 1.493993e-02  6.368602e+03  1.156535e+04  1.559563e+04  2.311888e+04 
 1.514819e-02  6.374544e+03  1.157585e+04  1.560959e+04  2.313887e+04 
 1.535935e-02  6.379388e+03  1.158435e+04  1.562086e+04  2.315489e+04 
 1.557345e-02  6.383089e+03  1.159076e+04  1.562929e+04  2.316674e+04 
 1.579053e-02  6.385633e+03  1.159511e+04  1.563479e+04  2.317438e+04 
 1.601064e-02  6.387017e+03  1.159733e+04  1.563744e+04  2.317776e+04 
 1.623382e-02  6.387209e+03  1.159736e+04  1.563731e+04  2.317684e+04 
 1.646012e-02  6.386211e+03  1.159521e+04  1.563431e+04  2.317165e+04 
 1.668956e-02  6.384006e+03  1.159090e+04  1.562829e+04  2.316209e+04 
 1.692220e-02  6.380576e+03  1.158437e+04  1.561916e+04  2.314806e+04 
 1.715809e-02  6.375880e+03  1.157554e+04  1.560696e+04  2.312941e+04 
 1.739726e-02  6.369909e+03  1.156439e+04  1.559167e+04  2.310607e+04 
 1.763977e-02  6.362665e+03  1.155091e+04  1.557323e+04  2.307811e+04 
 1.788566e-02  6.354150e+03  1.153511e+04  1.555166e+04  2.304563e+04 
 1.813498e-02  6.344336e+03  1.151696e+04  1.552690e+04  2.300850e+04 
 1.838777e-02  6.333202e+03  1.149640e+04  1.549890e+04  2.296654e+04 
 1.864409e-02  6.320710e+03  1.147340e+04  1.546760e+04  2.291957e+04 
 1.890397e-02  6.306879e+03  1.144796e+04  1.543304e+04  2.286762e+04 
 1.916748e-02  6.291724e+03  1.142011e+04  1.539519e+04  2.281081e+04 
 1.943467e-02  6.275218e+03  1.138979e+04  1.535406e+04  2.274914e+04 
 1.970558e-02  6.257360e+03  1.135702e+04  1.530960e+04  2.268255e+04 
 1.998026e-02  6.238136e+03  1.132178e+04  1.526181e+04  2.261108e+04 
 2.025878e-02  6.217530e+03  1.128405e+04  1.521066e+04  2.253468e+04 
 2.054117e-02  6.195549e+03  1.124379e+04  1.515610e+04  2.245333e+04 
 2.082751e-02  6.172213e+03  1.120107e+04  1.509822e+04  2.236706e+04 
 2.111783e-02  6.147530e+03  1.115592e+04  1.503706e+04  2.227589e+04 
 2.141220e-02  6.121579e+03  1.110842e+04  1.497273e+04  2.217986e+04 
 2.171068e-02  6.094832e+03  1.105925e+04  1.490585e+04  2.207942e+04 
 2.201331e-02  6.066703e+03  1.100754e+04  1.483561e+04  2.197392e+04 
 2.232016e-02  6.037215e+03  1.095338e+04  1.476202e+04  2.186348e+04 
 2.263130e-02  6.006416e+03  1.089684e+04  1.468524e+04  2.174835e+04 
 2.294676e-02  5.974318e+03  1.083795e+04  1.460527e+04  2.162856e+04 
 2.326663e-02  5.940901e+03  1.077666e+04  1.452208e+04  2.150403e+04 
 2.359095e-02  5.906187e+03  1.071303e+04  1.443576e+04  2.137487e+04 
 2.391980e-02  5.870211e+03  1.064710e+04  1.434631e+04  2.124111e+04 
 2.425323e-02  5.832980e+03  1.057888e+04  1.425379e+04  2.110275e+04 
 2.459130e-02  5.794513e+03  1.050843e+04  1.415823e+04  2.095986e+04 
 2.493409e-02  5.754842e+03  1.043579e+04  1.405975e+04  2.081267e+04 
 2.528166e-02  5.713986e+03  1.036101e+04  1.395841e+04  2.066126e+04 
 2.563407e-02  5.671982e+03  1.028417e+04  1.385427e+04  2.050570e+04 
 2.599140e-02  5.628869e+03  1.020530e+04  1.374743e+04  2.034612e+04 
 2.635371e-02  5.584674e+03  1.012450e+04  1.363795e+04  2.018266e+04 
 2.672106e-02  5.539438e+03  1.004177e+04  1.352591e+04  2.001544e+04 
 2.709354e-02  5.493190e+03  9.957220e+03  1.341139e+04  1.984458e+04 
 2.747121e-02  5.445961e+03  9.870908e+03  1.329452e+04  1.967021e+04 
 2.785414e-02  5.397721e+03  9.782801e+03  1.317525e+04  1.949235e+04 
 2.824241e-02  5.348252e+03  9.692575e+03  1.305325e+04  1.931071e+04 
 2.863610e-02  5.297961e+03  9.600854e+03  1.292922e+04  1.912610e+04 
 2.903527e-02  5.246900e+03  9.507722e+03  1.280330e+04  1.893871e+04 
 2.944000e-02  5.195107e+03  9.413299e+03  1.267564e+04  1.874873e+04 
 2.985038e-02  5.142639e+03  9.317654e+03  1.254634e+04  1.855634e+04 
 3.026648e-02  5.089543e+03  9.220879e+03  1.241553e+04  1.836173e+04 
 3.068838e-02  5.035869e+03  9.123062e+03  1.228336e+04  1.816508e+04 
 3.111616e-02  4.981691e+03  9.024337e+03  1.214995e+04  1.796664e+04 
 3.154990e-02  4.927083e+03  8.924835e+03  1.201547e+04  1.776664e+04 
 3.198969e-02  4.872102e+03  8.824674e+03  1.188009e+04  1.756534e+04 
 3.243561e-02  4.816809e+03  8.723953e+03  1.174398e+04  1.736293e+04 
 3.288774e-02  4.761260e+03  8.622788e+03  1.160731e+04  1.715968e+04 
 3.334618e-02  4.705539e+03  8.521287e+03  1.147019e+04  1.695581e+04 
 3.381101e-02  4.649705e+03  8.419592e+03  1.133282e+04  1.675156e+04 
 3.428231e-02  4.593824e+03  8.317817e+03  1.119532e+04  1.654714e+04 
 3.476019e-02  4.537783e+03  8.216085e+03  1.105826e+04  1.634445e+04 
 3.524473e-02  4.481821e+03  8.114526e+03  1.092143e+04  1.614213e+04 
 3.573602e-02  4.426022e+03  8.013266e+03  1.078501e+04  1.594041e+04 
 3.623416e-02  4.370456e+03  7.912417e+03  1.064919e+04  1.573953e+04 
 3.673925e-02  4.315188e+03  7.812127e+03  1.051411e+04  1.553975e+04 
 3.725137e-02  4.260290e+03  7.712516e+03  1.037991e+04  1.534131e+04 
 3.777064e-02  4.205821e+03  7.613686e+03  1.024675e+04  1.514440e+04 
 3.829714e-02  4.151851e+03  7.515742e+03  1.011479e+04  1.494926e+04 
 3.883098e-02  4.098430e+03  7.418790e+03  9.984187e+03  1.475610e+04 
 3.937226e-02  4.045621e+03  7.322943e+03  9.855086e+03  1.456515e+04 
 3.992109e-02  3.993476e+03  7.228342e+03  9.727659e+03  1.437663e+04 
 4.047757e-02  3.942050e+03  7.135010e+03  9.601884e+03  1.419047e+04 
 4.104181e-02  3.891155e+03  7.041984e+03  9.475801e+03  1.400189e+04 
 4.161391e-02  3.841104e+03  6.950474e+03  9.351781e+03  1.381635e+04 
 4.219398e-02  3.791933e+03  6.860573e+03  9.229913e+03  1.363404e+04 
 4.278214e-02  3.743676e+03  6.772339e+03  9.110320e+03  1.345511e+04 
 4.337850e-02  3.696370e+03  6.685846e+03  8.993067e+03  1.327964e+04 
 4.398317e-02  3.650056e+03  6.601146e+03  8.878227e+03  1.310776e+04 
 4.459628e-02  3.604766e+03  6.518288e+03  8.765873e+03  1.293954e+04 
 4.521792e-02  3.560500e+03  6.437314e+03  8.656062e+03  1.277510e+04 
 4.584824e-02  3.517278e+03  6.358249e+03  8.548839e+03  1.261450e+04 
 4.648734e-02  3.475122e+03  6.281106e+03  8.444221e+03  1.245777e+04 
 4.713535e-02  3.434239e+03  6.207123e+03  8.344717e+03  1.231093e+04 
 4.779239e-02  3.394545e+03  6.135804e+03  8.249303e+03  1.217152e+04 
 4.845859e-02  3.355912e+03  6.066385e+03  8.156444e+03  1.203585e+04 
 4.913407e-02  3.318311e+03  5.998837e+03  8.066099e+03  1.190385e+04 
 4.981898e-02  3.281718e+03  5.933108e+03  7.978199e+03  1.177546e+04 
 5.051342e-02  3.246106e+03  5.869138e+03  7.892678e+03  1.165057e+04 
 5.121755e-02  3.211440e+03  5.806876e+03  7.809451e+03  1.152905e+04 
 5.193150e-02  3.177679e+03  5.746254e+03  7.728396e+03  1.141073e+04 
 5.265540e-02  3.144769e+03  5.687174e+03  7.649394e+03  1.129545e+04 
 5.338938e-02  3.112382e+03  5.628551e+03  7.570508e+03  1.117901e+04 
 5.413360e-02  3.080407e+03  5.570079e+03  7.491256e+03  1.106042e+04 
 5.488820e-02  3.049093e+03  5.512810e+03  7.413621e+03  1.094426e+04 
 5.565331e-02  3.018373e+03  5.456617e+03  7.337426e+03  1.083024e+04 
 5.642908e-02  2.988113e+03  5.401265e+03  7.262356e+03  1.071789e+04 
 5.721568e-02  2.958153e+03  5.346477e+03  7.188051e+03  1.060666e+04 
 5.801323e-02  2.928487e+03  5.292217e+03  7.114486e+03  1.049654e+04 
 5.882190e-02  2.899267e+03  5.238767e+03  7.042010e+03  1.038804e+04 
 5.964185e-02  2.870784e+03  5.187022e+03  6.972200e+03  1.028453e+04 
 6.047322e-02  2.843146e+03  5.137844e+03  6.906913e+03  1.019057e+04 
 6.131619e-02  2.815276e+03  5.088253e+03  6.841062e+03  1.009577e+04 
 6.217090e-02  2.786767e+03  5.037499e+03  6.773652e+03  9.998650e+03 
 6.303753e-02  2.757531e+03  4.985420e+03  6.704473e+03  9.898870e+03 
 6.391624e-02  2.727644e+03  4.932165e+03  6.633692e+03  9.796740e+03 
 6.480720e-02  2.697199e+03  4.877875e+03  6.561512e+03  9.692528e+03 
 6.571058e-02  2.666161e+03  4.822502e+03  6.487857e+03  9.586130e+03 
 6.662655e-02  2.633143e+03  4.761507e+03  6.404513e+03  9.459593e+03 
 6.755528e-02  2.599206e+03  4.698816e+03  6.318851e+03  9.329474e+03 
 6.849697e-02  2.564305e+03  4.634389e+03  6.230880e+03  9.195985e+03 
 6.945178e-02  2.528391e+03  4.568159e+03  6.140496e+03  9.058978e+03 
 7.041990e-02  2.491432e+03  4.500071e+03  6.047623e+03  8.918355e+03 
 7.140151e-02  2.453403e+03  4.430071e+03  5.952196e+03  8.774044e+03 
 7.239681e-02  2.414588e+03  4.358967e+03  5.855666e+03  8.629339e+03 
 7.340598e-02  2.375032e+03  4.286893e+03  5.758292e+03  8.484819e+03 
 7.442922e-02  2.334408e+03  4.212883e+03  5.658341e+03  8.336504e+03 
 7.546673e-02  2.292755e+03  4.137025e+03  5.555916e+03  8.184578e+03 
 7.651869e-02  2.250123e+03  4.059439e+03  5.451177e+03  8.029277e+03 
 7.758532e-02  2.206604e+03  3.980266e+03  5.344321e+03  7.870882e+03 
 7.866682e-02  2.163214e+03  3.902545e+03  5.240640e+03  7.720129e+03 
 7.976339e-02  2.120623e+03  3.828235e+03  5.143467e+03  7.583716e+03 
 8.087525e-02  2.077439e+03  3.752774e+03  5.044669e+03  7.444709e+03 
 8.200261e-02  2.033806e+03  3.676437e+03  4.944586e+03  7.303625e+03 
 8.314568e-02  1.989891e+03  3.599516e+03  4.843624e+03  7.161033e+03 
 8.430468e-02  1.945875e+03  3.522313e+03  4.742219e+03  7.017544e+03 
 8.547985e-02  1.900950e+03  3.441998e+03  4.635261e+03  6.862497e+03 
 8.667139e-02  1.855867e+03  3.360723e+03  4.526357e+03  6.702978e+03 
 8.787954e-02  1.811307e+03  3.280388e+03  4.418680e+03  6.545240e+03 
 8.910453e-02  1.767469e+03  3.201347e+03  4.312717e+03  6.389971e+03 
 9.034660e-02  1.724548e+03  3.123942e+03  4.208956e+03  6.237870e+03 
 9.160598e-02  1.683385e+03  3.050592e+03  4.111432e+03  6.096747e+03 
 9.288292e-02  1.644064e+03  2.981356e+03  4.020150e+03  5.966389e+03 
 9.417766e-02  1.606114e+03  2.914541e+03  3.932064e+03  5.840585e+03 
 9.549045e-02  1.569680e+03  2.850431e+03  3.847516e+03  5.719871e+03 
 9.682153e-02  1.534892e+03  2.789243e+03  3.766823e+03  5.604711e+03 
 9.817117e-02  1.502068e+03  2.731912e+03  3.691630e+03  5.498297e+03 
 9.953962e-02  1.471128e+03  2.678067e+03  3.621221e+03  5.399084e+03 
 1.009272e-01  1.442023e+03  2.627482e+03  3.555142e+03  5.306150e+03 
 1.023340e-01  1.414765e+03  2.580206e+03  3.493455e+03  5.219614e+03 
 1.037605e-01  1.388646e+03  2.534147e+03  3.432605e+03  5.132553e+03 
 1.052069e-01  1.361698e+03  2.483458e+03  3.362701e+03  5.025756e+03 
 1.066734e-01  1.336517e+03  2.436016e+03  3.297252e+03  4.925650e+03 
 1.081604e-01  1.312974e+03  2.391593e+03  3.235923e+03  4.831741e+03 
 1.096681e-01  1.290935e+03  2.349932e+03  3.178339e+03  4.743459e+03 
 1.111968e-01  1.270696e+03  2.312117e+03  3.126276e+03  4.663652e+03 
 1.127468e-01  1.251570e+03  2.276421e+03  3.077107e+03  4.588234e+03 
 1.143184e-01  1.233323e+03  2.242342e+03  3.030145e+03  4.516144e+03 
 1.159120e-01  1.215730e+03  2.209416e+03  2.984780e+03  4.446448e+03 
 1.175277e-01  1.199712e+03  2.180627e+03  2.946044e+03  4.388797e+03 
 1.191660e-01  1.183917e+03  2.152389e+03  2.908103e+03  4.332546e+03 
 1.208271e-01  1.168013e+03  2.123934e+03  2.869898e+03  4.275877e+03 
 1.225114e-01  1.151724e+03  2.094751e+03  2.830763e+03  4.217955e+03 
 1.242191e-01  1.134591e+03  2.064007e+03  2.789705e+03  4.158372e+03 
 1.259506e-01  1.116699e+03  2.031876e+03  2.746745e+03  4.095938e+03 
 1.277063e-01  1.097902e+03  1.998082e+03  2.701529e+03  4.030101e+03 
 1.294865e-01  1.078475e+03  1.963348e+03  2.655108e+03  3.962192e+03 
 1.312915e-01  1.058405e+03  1.927695e+03  2.607481e+03  3.892184e+03 
 1.331216e-01  1.037194e+03  1.889955e+03  2.556994e+03  3.817900e+03 
 1.349772e-01  1.014919e+03  1.850268e+03  2.503943e+03  3.739917e+03 
 1.368587e-01  9.928559e+02  1.812922e+03  2.456288e+03  3.676254e+03 
 1.387665e-01  9.699198e+02  1.773877e+03  2.406209e+03  3.608688e+03 
 1.407008e-01  9.462733e+02  1.733414e+03  2.354073e+03  3.537833e+03 
 1.426621e-01  9.229265e+02  1.693559e+03  2.302384e+03  3.465591e+03 
 1.446507e-01  8.995965e+02  1.653657e+03  2.250452e+03  3.392136e+03 
 1.466671e-01  8.763020e+02  1.613691e+03  2.198275e+03  3.318171e+03 
 1.487115e-01  8.510179e+02  1.567894e+03  2.136743e+03  3.227876e+03 
 1.507845e-01  8.248617e+02  1.519063e+03  2.070149e+03  3.128464e+03 
 1.528864e-01  7.997215e+02  1.472128e+03  2.006102e+03  3.032874e+03 
 1.550175e-01  7.776688e+02  1.432766e+03  1.953750e+03  2.957419e+03 
 1.571784e-01  7.582461e+02  1.399479e+03  1.910630e+03  2.897503e+03 
 1.593694e-01  7.402260e+02  1.368666e+03  1.870787e+03  2.842279e+03 
 1.615909e-01  7.241567e+02  1.341627e+03  1.836032e+03  2.794385e+03 
 1.638434e-01  7.097663e+02  1.317701e+03  1.805481e+03  2.752645e+03 
 1.661273e-01  6.968137e+02  1.296354e+03  1.778390e+03  2.715926e+03 
 1.684430e-01  6.818941e+02  1.268665e+03  1.740945e+03  2.661210e+03 
 1.707910e-01  6.678155e+02  1.242211e+03  1.704966e+03  2.608421e+03 
 1.731717e-01  6.553768e+02  1.219249e+03  1.673964e+03  2.563238e+03 
 1.755856e-01  6.461678e+02  1.204074e+03  1.654546e+03  2.535932e+03 
 1.780332e-01  6.374228e+02  1.189737e+03  1.636273e+03  2.510303e+03 
 1.805149e-01  6.271838e+02  1.170569e+03  1.609650e+03  2.468914e+03 
 1.830312e-01  6.158731e+02  1.148202e+03  1.577669e+03  2.417474e+03 
 1.855825e-01  6.044095e+02  1.125888e+03  1.546126e+03  2.367556e+03 
 1.881694e-01  5.931663e+02  1.105851e+03  1.519784e+03  2.330347e+03 
 1.907924e-01  5.812647e+02  1.084569e+03  1.491705e+03  2.290439e+03 
 1.934520e-01  5.682125e+02  1.061029e+03  1.460685e+03  2.247317e+03 
 1.961486e-01  5.542880e+02  1.035806e+03  1.427378e+03  2.200997e+03 
 1.988828e-01  5.408862e+02  1.012183e+03  1.396382e+03  2.157564e+03 
 2.016551e-01  5.286524e+02  9.916246e+02  1.369770e+03  2.119954e+03 
 2.044661e-01  5.157902e+02  9.695108e+02  1.340725e+03  2.078139e+03 
 2.073162e-01  5.015336e+02  9.429586e+02  1.304170e+03  2.022587e+03 
 2.102061e-01  4.873757e+02  9.165749e+02  1.267836e+03  1.967310e+03 
 2.131362e-01  4.772486e+02  9.018633e+02  1.250393e+03  1.944434e+03 
 2.161073e-01  4.677548e+02  8.883947e+02  1.234705e+03  1.924268e+03 
 2.191197e-01  4.555680e+02  8.673289e+02  1.207581e+03  1.887853e+03 
 2.221741e-01  4.434930e+02  8.458489e+02  1.179613e+03  1.850262e+03 
 2.252711e-01  4.329015e+02  8.276716e+02  1.156450e+03  1.819552e+03 
 2.284112e-01  4.234259e+02  8.117243e+02  1.136405e+03  1.793367e+03 
 2.315951e-01  4.152797e+02  7.973301e+02  1.116980e+03  1.763699e+03 
 2.348235e-01  4.080395e+02  7.843120e+02  1.098933e+03  1.734639e+03 
 2.380968e-01  3.993919e+02  7.675053e+02  1.075466e+03  1.698968e+03 
 2.414157e-01  3.906211e+02  7.501918e+02  1.051258e+03  1.662594e+03 
 2.447809e-01  3.818203e+02  7.335737e+02  1.028691e+03  1.628928e+03 
 2.481930e-01  3.731135e+02  7.172769e+02  1.006652e+03  1.596043e+03 
 2.516527e-01  3.677950e+02  7.088112e+02  9.956131e+02  1.579592e+03 
 2.551606e-01  3.611311e+02  6.973234e+02  9.803274e+02  1.557078e+03 
 2.587174e-01  3.510368e+02  6.779440e+02  9.539915e+02  1.519200e+03 
 2.623238e-01  3.424352e+02  6.625227e+02  9.335285e+02  1.490163e+03 
 2.659804e-01  3.355357e+02  6.515306e+02  9.196230e+02  1.471015e+03 
 2.696881e-01  3.264918e+02  6.352955e+02  8.979258e+02  1.438755e+03 
 2.734474e-01  3.169808e+02  6.178395e+02  8.744002e+02  1.403436e+03 
 2.772591e-01  3.098883e+02  6.062786e+02  8.600935e+02  1.385217e+03 
 2.811239e-01  3.026025e+02  5.937176e+02  8.442676e+02  1.365757e+03 
 2.850426e-01  2.950820e+02  5.798976e+02  8.265655e+02  1.345054e+03 
 2.890160e-01  2.884187e+02  5.686240e+02  8.120734e+02  1.324332e+03 
 2.930447e-01  2.822989e+02  5.580324e+02  7.978027e+02  1.301848e+03 
 2.971296e-01  2.765029e+02  5.463703e+02  7.800871e+02  1.271200e+03 
 3.012714e-01  2.713386e+02  5.375575e+02  7.684789e+02  1.254181e+03 
 3.054710e-01  2.661667e+02  5.291650e+02  7.582231e+02  1.241035e+03 
 3.097291e-01  2.597613e+02  5.176069e+02  7.432730e+02  1.221140e+03 
 3.140465e-01  2.537951e+02  5.058121e+02  7.264119e+02  1.193628e+03 
 3.184242e-01  2.483725e+02  4.952448e+02  7.112875e+02  1.168852e+03 
 3.228628e-01  2.440245e+02  4.882302e+02  7.026670e+02  1.158658e+03 
 3.273634e-01  2.378362e+02  4.760365e+02  6.852988e+02  1.131147e+03 
 3.319266e-01  2.314334e+02  4.638529e+02  6.686142e+02  1.106330e+03 
 3.365535e-01  2.253966e+02  4.532856e+02  6.551674e+02  1.088630e+03 
 3.412449e-01  2.213076e+02  4.478446e+02  6.485495e+02  1.077673e+03 
 3.460016e-01  2.168794e+02  4.406216e+02  6.392475e+02  1.064614e+03 
 3.508247e-01  2.126012e+02  4.329874e+02  6.290752e+02  1.049848e+03 
 3.557150e-01  2.084987e+02  4.253549e+02  6.187231e+02  1.033977e+03 
 3.606735e-01  2.037761e+02  4.169839e+02  6.078353e+02  1.018839e+03 
 3.657011e-01  1.981006e+02  4.063342e+02  5.934642e+02  9.995571e+02 
 3.707988e-01  1.935579e+02  3.977529e+02  5.818898e+02  9.826453e+02 
 3.759675e-01  1.893634e+02  3.898487e+02  5.711391e+02  9.667722e+02 
 3.812083e-01  1.849910e+02  3.820356e+02  5.606285e+02  9.516473e+02 
 3.865221e-01  1.812709e+02  3.766791e+02  5.542858e+02  9.405416e+02 
 3.919100e-01  1.773632e+02  3.676662e+02  5.408556e+02  9.228640e+02 
 3.973730e-01  1.730035e+02  3.605315e+02  5.318768e+02  9.083069e+02 
 4.029122e-01  1.695578e+02  3.550778e+02  5.241807e+02  8.940381e+02 
 4.085286e-01  1.660536e+02  3.475927e+02  5.135840e+02  8.791600e+02 
 4.142232e-01  1.618641e+02  3.391665e+02  5.026347e+02  8.658745e+02 
 4.199973e-01  1.578770e+02  3.324101e+02  4.941226e+02  8.533169e+02 
 4.258518e-01  1.547385e+02  3.265910e+02  4.858295e+02  8.389172e+02 
 4.317880e-01  1.514047e+02  3.200282e+02  4.761895e+02  8.245303e+02 
 4.378069e-01  1.484508e+02  3.141970e+02  4.678710e+02  8.107846e+02 
 4.439097e-01  1.459868e+02  3.104557e+02  4.634942e+02  8.070759e+02 
 4.500975e-01  1.420452e+02  3.032114e+02  4.536137e+02  7.925771e+02 
 4.563716e-01  1.386644e+02  2.963016e+02  4.435898e+02  7.747274e+02 
 4.627332e-01  1.365461e+02  2.934075e+02  4.404968e+02  7.716832e+02 
 4.691835e-01  1.330475e+02  2.865123e+02  4.305928e+02  7.550971e+02 
 4.757236e-01  1.305293e+02  2.815998e+02  4.239124e+02  7.449759e+02 
 4.823549e-01  1.271430e+02  2.747193e+02  4.143630e+02  7.324230e+02 
 4.890787e-01  1.244738e+02  2.695985e+02  4.074464e+02  7.215094e+02 
 4.958962e-01  1.225047e+02  2.657309e+02  4.013944e+02  7.104255e+02 
 5.028087e-01  1.198584e+02  2.611806e+02  3.952877e+02  7.016539e+02 
 5.098176e-01  1.176757e+02  2.571746e+02  3.893801e+02  6.899503e+02 
 5.169242e-01  1.156440e+02  2.533516e+02  3.842942e+02  6.830797e+02 
 5.241298e-01  1.118943e+02  2.470960e+02  3.767084e+02  6.738222e+02 
 5.314359e-01  1.099663e+02  2.440873e+02  3.724717e+02  6.669595e+02 
 5.388438e-01  1.076594e+02  2.388620e+02  3.647625e+02  6.554904e+02 
 5.463550e-01  1.057631e+02  2.351222e+02  3.591670e+02  6.462934e+02 
 5.539709e-01  1.029935e+02  2.303502e+02  3.530971e+02  6.367888e+02 
 5.616930e-01  1.012023e+02  2.268615e+02  3.481712e+02  6.293305e+02 
 5.695227e-01  9.925661e+01  2.237751e+02  3.442897e+02  6.207288e+02 
 5.774615e-01  9.700848e+01  2.186048e+02  3.367425e+02  6.102253e+02 
 5.855110e-01  9.529109e+01  2.153777e+02  3.317333e+02  6.018443e+02 
 5.936727e-01  9.310649e+01  2.103151e+02  3.248229e+02  5.916320e+02 
 6.019482e-01  9.156248e+01  2.079270e+02  3.208415e+02  5.843319e+02 
 6.103390e-01  8.942528e+01  2.043291e+02  3.161302e+02  5.756561e+02 
 6.188468e-01  8.746224e+01  2.012245e+02  3.134630e+02  5.736723e+02 
 6.274732e-01  8.603155e+01  1.974524e+02  3.070668e+02  5.636941e+02 
 6.362198e-01  8.435324e+01  1.945018e+02  3.026734e+02  5.551751e+02 
 6.450884e-01  8.241009e+01  1.910755e+02  2.978923e+02  5.467422e+02 
 6.540806e-01  8.070947e+01  1.870268e+02  2.918446e+02  5.382739e+02 
 6.631981e-01  7.897148e+01  1.843645e+02  2.889355e+02  5.327690e+02 
 6.724427e-01  7.749052e+01  1.811984e+02  2.846238e+02  5.275565e+02 
 6.818162e-01  7.585270e+01  1.779172e+02  2.788132e+02  5.171792e+02 
 6.913204e-01  7.425964e+01  1.747410e+02  2.747245e+02  5.100622e+02 
 7.009570e-01  7.321702e+01  1.721194e+02  2.709400e+02  5.034773e+02 
 7.107280e-01  7.138452e+01  1.693269e+02  2.668957e+02  4.955596e+02 
 7.206351e-01  7.029840e+01  1.667529e+02  2.635514e+02  4.914420e+02 
 7.306804e-01  6.891099e+01  1.642239e+02  2.592633e+02  4.826201e+02 
 7.408657e-01  6.740161e+01  1.610381e+02  2.547382e+02  4.765799e+02 
 7.511929e-01  6.599887e+01  1.581679e+02  2.510749e+02  4.698737e+02 
 7.616642e-01  6.472210e+01  1.553471e+02  2.471044e+02  4.641156e+02 
 7.722814e-01  6.390515e+01  1.537267e+02  2.442347e+02  4.572232e+02 
 7.830465e-01  6.257572e+01  1.508246e+02  2.401661e+02  4.512208e+02 
 7.939618e-01  6.144764e+01  1.488860e+02  2.370291e+02  4.466602e+02 
 8.050292e-01  6.011420e+01  1.462169e+02  2.339536e+02  4.408408e+02 
 8.162509e-01  5.910618e+01  1.440810e+02  2.300076e+02  4.331495e+02 
 8.276289e-01  5.769867e+01  1.413062e+02  2.263984e+02  4.277203e+02 
 8.391656e-01  5.701655e+01  1.396239e+02  2.232280e+02  4.230129e+02 
 8.508632e-01  5.598029e+01  1.372900e+02  2.202042e+02  4.172754e+02 
 8.627237e-01  5.478840e+01  1.351197e+02  2.169143e+02  4.106753e+02 
 8.747496e-01  5.379882e+01  1.328779e+02  2.137483e+02  4.051465e+02 
 8.869432e-01  5.289593e+01  1.309815e+02  2.108303e+02  3.999952e+02 
 8.993067e-01  5.185175e+01  1.289106e+02  2.076261e+02  3.941921e+02 
 9.118425e-01  5.105273e+01  1.267059e+02  2.041451e+02  3.871781e+02 
 9.245531e-01  4.996807e+01  1.246213e+02  2.009661e+02  3.828833e+02 
 9.374409e-01  4.903187e+01  1.227287e+02  1.983957e+02  3.776150e+02 
 9.505083e-01  4.824434e+01  1.207884e+02  1.954834e+02  3.722482e+02 
 9.637579e-01  4.722626e+01  1.184973e+02  1.920729e+02  3.667844e+02 
 9.771921e-01  4.663783e+01  1.177680e+02  1.900950e+02  3.617406e+02 
 9.908137e-01  4.576162e+01  1.155665e+02  1.870904e+02  3.569532e+02 
 1.004625e+00  4.488266e+01  1.134479e+02  1.838456e+02  3.509390e+02 
 1.018629e+00  4.415604e+01  1.118908e+02  1.812431e+02  3.457636e+02 
 1.032828e+00  4.332870e+01  1.101652e+02  1.789332e+02  3.420365e+02 
 1.047225e+00  4.251209e+01  1.085826e+02  1.760465e+02  3.360912e+02 
 1.061823e+00  4.187805e+01  1.071014e+02  1.736257e+02  3.312246e+02 
 1.076624e+00  4.110844e+01  1.054151e+02  1.710428e+02  3.261769e+02 
 1.091632e+00  4.041879e+01  1.037204e+02  1.685621e+02  3.210671e+02 
 1.106848e+00  3.966376e+01  1.019425e+02  1.659816e+02  3.166762e+02 
 1.122277e+00  3.897791e+01  1.005057e+02  1.632126e+02  3.113702e+02 
 1.137921e+00  3.828509e+01  9.878524e+01  1.607528e+02  3.066513e+02 
 1.153783e+00  3.767646e+01  9.725120e+01  1.582857e+02  3.021193e+02 
 1.169866e+00  3.701368e+01  9.579134e+01  1.558429e+02  2.978253e+02 
 1.186174e+00  3.635118e+01  9.439279e+01  1.534839e+02  2.929327e+02 
 1.202708e+00  3.577634e+01  9.291341e+01  1.511892e+02  2.883638e+02 
 1.219473e+00  3.518239e+01  9.152533e+01  1.489853e+02  2.834216e+02 
 1.236472e+00  3.456362e+01  9.015909e+01  1.467989e+02  2.791695e+02 
 1.253708e+00  3.401185e+01  8.867438e+01  1.442856e+02  2.750198e+02 
 1.271184e+00  3.345214e+01  8.765032e+01  1.424885e+02  2.705215e+02 
 1.288904e+00  3.288909e+01  8.595706e+01  1.400256e+02  2.665678e+02 
 1.306870e+00  3.229732e+01  8.464690e+01  1.377849e+02  2.619513e+02 
 1.325087e+00  3.181526e+01  8.339372e+01  1.357154e+02  2.574768e+02 
 1.343558e+00  3.128941e+01  8.206098e+01  1.335563e+02  2.532033e+02 
 1.362287e+00  3.080665e+01  8.070802e+01  1.312488e+02  2.490118e+02 
 1.381276e+00  3.028944e+01  7.944800e+01  1.289257e+02  2.448329e+02 
 1.400531e+00  2.979792e+01  7.821082e+01  1.269409e+02  2.403403e+02 
 1.420053e+00  2.927844e+01  7.688260e+01  1.249391e+02  2.360728e+02 
 1.439848e+00  2.881126e+01  7.571496e+01  1.227720e+02  2.320776e+02 
 1.459919e+00  2.829843e+01  7.447079e+01  1.206838e+02  2.277588e+02 
 1.480269e+00  2.789253e+01  7.313773e+01  1.185508e+02  2.233369e+02 
 1.500903e+00  2.742081e+01  7.199420e+01  1.164875e+02  2.197839e+02 
 1.521825e+00  2.696668e+01  7.091113e+01  1.146450e+02  2.156872e+02 
 1.543038e+00  2.651220e+01  6.974101e+01  1.127785e+02  2.119707e+02 
 1.564548e+00  2.611555e+01  6.859708e+01  1.108026e+02  2.079253e+02 
 1.586357e+00  2.569302e+01  6.753966e+01  1.089115e+02  2.040966e+02 
 1.608469e+00  2.525347e+01  6.645171e+01  1.070461e+02  2.005266e+02 
 1.630891e+00  2.491559e+01  6.523816e+01  1.049637e+02  1.964819e+02 
 1.653624e+00  2.448063e+01  6.414594e+01  1.032586e+02  1.931002e+02 
 1.676675e+00  2.408304e+01  6.317237e+01  1.014954e+02  1.892134e+02 
 1.700047e+00  2.368182e+01  6.211428e+01  9.964742e+01  1.856894e+02 
 1.723745e+00  2.331028e+01  6.102130e+01  9.783075e+01  1.818375e+02 
 1.747773e+00  2.290447e+01  5.994576e+01  9.601005e+01  1.781996e+02 
 1.772136e+00  2.253701e+01  5.890490e+01  9.419351e+01  1.748229e+02 
 1.796838e+00  2.218212e+01  5.787798e+01  9.245371e+01  1.712506e+02 
 1.821885e+00  2.183744e+01  5.685159e+01  9.067305e+01  1.679070e+02 
 1.847281e+00  2.147342e+01  5.593253e+01  8.906695e+01  1.645062e+02 
 1.873032e+00  2.112913e+01  5.488183e+01  8.723835e+01  1.612329e+02 
 1.899141e+00  2.077360e+01  5.386769e+01  8.562161e+01  1.579067e+02 
 1.925614e+00  2.045192e+01  5.294093e+01  8.399931e+01  1.545771e+02 
 1.952456e+00  2.017583e+01  5.203517e+01  8.240713e+01  1.513789e+02 
 1.979672e+00  1.980537e+01  5.113580e+01  8.082079e+01  1.482501e+02 
 2.007267e+00  1.950997e+01  5.018992e+01  7.916988e+01  1.452782e+02 
 2.035248e+00  1.917197e+01  4.925469e+01  7.759382e+01  1.420915e+02 
 2.063618e+00  1.885753e+01  4.832460e+01  7.605943e+01  1.390559e+02 
 2.092383e+00  1.855581e+01  4.743137e+01  7.450662e+01  1.361010e+02 
 2.121550e+00  1.823990e+01  4.651889e+01  7.297992e+01  1.331127e+02 
 2.151123e+00  1.794265e+01  4.564564e+01  7.144354e+01  1.301317e+02 
 2.181109e+00  1.764178e+01  4.475042e+01  6.998866e+01  1.273180e+02 
 2.211512e+00  1.734720e+01  4.386511e+01  6.847877e+01  1.244021e+02 
 2.242340e+00  1.706236e+01  4.303551e+01  6.705927e+01  1.216412e+02 
 2.273597e+00  1.675723e+01  4.218966e+01  6.557893e+01  1.188718e+02 
 2.305289e+00  1.649250e+01  4.134541e+01  6.420689e+01  1.162015e+02 
 2.337424e+00  1.621400e+01  4.050741e+01  6.281852e+01  1.135520e+02 
 2.370006e+00  1.593822e+01  3.970422e+01  6.147353e+01  1.110681e+02 
 2.403043e+00  1.565727e+01  3.891354e+01  6.010297e+01  1.084859e+02 
 2.436540e+00  1.539976e+01  3.814055e+01  5.880651e+01  1.059854e+02 
 2.470504e+00  1.513964e+01  3.737983e+01  5.750753e+01  1.035371e+02 
 2.504942e+00  1.488206e+01  3.663921e+01  5.626599e+01  1.011897e+02 
 2.539859e+00  1.463914e+01  3.587407e+01  5.500034e+01  9.879915e+01 
 2.575263e+00  1.437457e+01  3.511780e+01  5.382336e+01  9.653436e+01 
 2.611161e+00  1.413420e+01  3.438878e+01  5.256532e+01  9.425680e+01 
 2.647559e+00  1.388768e+01  3.365529e+01  5.134686e+01  9.198792e+01 
 2.684465e+00  1.364149e+01  3.296290e+01  5.016161e+01  8.978183e+01 
 2.721885e+00  1.338916e+01  3.222313e+01  4.901410e+01  8.762926e+01 
 2.759826e+00  1.314849e+01  3.151105e+01  4.785345e+01  8.549823e+01 
 2.798297e+00  1.291181e+01  3.083486e+01  4.674166e+01  8.347765e+01 
 2.837304e+00  1.267898e+01  3.015191e+01  4.563588e+01  8.145007e+01 
 2.876854e+00  1.244615e+01  2.947347e+01  4.455859e+01  7.948328e+01 
 2.916956e+00  1.222027e+01  2.883099e+01  4.350115e+01  7.750298e+01 
 2.957617e+00  1.199961e+01  2.819570e+01  4.248322e+01  7.564151e+01 
 2.998844e+00  1.177781e+01  2.757383e+01  4.147009e+01  7.378496e+01 
 3.040646e+00  1.156200e+01  2.695219e+01  4.048054e+01  7.202830e+01 
 3.083031e+00  1.134906e+01  2.634519e+01  3.951672e+01  7.027900e+01 
 3.126007e+00  1.114354e+01  2.576221e+01  3.857269e+01  6.855287e+01 
 3.169582e+00  1.093561e+01  2.516467e+01  3.763127e+01  6.688208e+01 
 3.213764e+00  1.072994e+01  2.459104e+01  3.672008e+01  6.523725e+01 
 3.258562e+00  1.052233e+01  2.403280e+01  3.582223e+01  6.362416e+01 
 3.303985e+00  1.031934e+01  2.346211e+01  3.494221e+01  6.204500e+01 
 3.350041e+00  1.012107e+01  2.290460e+01  3.406914e+01  6.048319e+01 
 3.396739e+00  9.917961e+00  2.236491e+01  3.322872e+01  5.896506e+01 
 3.444087e+00  9.725331e+00  2.182158e+01  3.238319e+01  5.746439e+01 
 3.492096e+00  9.532862e+00  2.130287e+01  3.158314e+01  5.603769e+01 
 3.540774e+00  9.337745e+00  2.079675e+01  3.079464e+01  5.461782e+01 
 3.590130e+00  9.153046e+00  2.029136e+01  3.001209e+01  5.325496e+01 
 3.640175e+00  8.971242e+00  1.980268e+01  2.926747e+01  5.190988e+01 
 3.690917e+00  8.786668e+00  1.933075e+01  2.852145e+01  5.060376e+01 
 3.742366e+00  8.609004e+00  1.885390e+01  2.780691e+01  4.934806e+01 
 3.794533e+00  8.435488e+00  1.840507e+01  2.711253e+01  4.810292e+01 
 3.847427e+00  8.263927e+00  1.795214e+01  2.643219e+01  4.691245e+01 
 3.901058e+00  8.090902e+00  1.752052e+01  2.576864e+01  4.572950e+01 
 3.955436e+00  7.928762e+00  1.708976e+01  2.511117e+01  4.457365e+01 
 4.010573e+00  7.759442e+00  1.666647e+01  2.447918e+01  4.345665e+01 
 4.066478e+00  7.595573e+00  1.625029e+01  2.384894e+01  4.234157e+01 
 4.123163e+00  7.431982e+00  1.584694e+01  2.323411e+01  4.125708e+01 
 4.180637e+00  7.273593e+00  1.544912e+01  2.263615e+01  4.019357e+01 
 4.238913e+00  7.115318e+00  1.505426e+01  2.204776e+01  3.916688e+01 
 4.298001e+00  6.956725e+00  1.467269e+01  2.147850e+01  3.815416e+01 
 4.357913e+00  6.807229e+00  1.429937e+01  2.092054e+01  3.717718e+01 
 4.418660e+00  6.656394e+00  1.393768e+01  2.037710e+01  3.622485e+01 
 4.480254e+00  6.507360e+00  1.358211e+01  1.984660e+01  3.529303e+01 
 4.542706e+00  6.364049e+00  1.323297e+01  1.932954e+01  3.438412e+01 
 4.606029e+00  6.221755e+00  1.289980e+01  1.883157e+01  3.350950e+01 
 4.670234e+00  6.082699e+00  1.257117e+01  1.835066e+01  3.265794e+01 
 4.735335e+00  5.946676e+00  1.225287e+01  1.787662e+01  3.182294e+01 
 4.801343e+00  5.815452e+00  1.194450e+01  1.741697e+01  3.100747e+01 
 4.868271e+00  5.684351e+00  1.163931e+01  1.696742e+01  3.021433e+01 
 4.936132e+00  5.556038e+00  1.134106e+01  1.652921e+01  2.944041e+01 
 5.004939e+00  5.428706e+00  1.105043e+01  1.609924e+01  2.867857e+01 
 5.074705e+00  5.302142e+00  1.076453e+01  1.567673e+01  2.793800e+01 
 5.145444e+00  5.179577e+00  1.048514e+01  1.526437e+01  2.721278e+01 
 5.217169e+00  5.057076e+00  1.021043e+01  1.486202e+01  2.649525e+01 
 5.289893e+00  4.939180e+00  9.944071e+00  1.447267e+01  2.580290e+01 
 5.363631e+00  4.821383e+00  9.683973e+00  1.408721e+01  2.512587e+01 
 5.438397e+00  4.707236e+00  9.429686e+00  1.371518e+01  2.446356e+01 
 5.514206e+00  4.595161e+00  9.182431e+00  1.335327e+01  2.382300e+01 
 5.591071e+00  4.484352e+00  8.943432e+00  1.299972e+01  2.319960e+01 
 5.669007e+00  4.378611e+00  8.708996e+00  1.265949e+01  2.259338e+01 
 5.748030e+00  4.273867e+00  8.482377e+00  1.232685e+01  2.200120e+01 
 5.828155e+00  4.172013e+00  8.262281e+00  1.200430e+01  2.142719e+01 
 5.909396e+00  4.072602e+00  8.047671e+00  1.169037e+01  2.087171e+01 
 5.991770e+00  3.975053e+00  7.838288e+00  1.138474e+01  2.032791e+01 
 6.075292e+00  3.880088e+00  7.635802e+00  1.108787e+01  1.979760e+01 
 6.159978e+00  3.786706e+00  7.437403e+00  1.079764e+01  1.928149e+01 
 6.245845e+00  3.694916e+00  7.243257e+00  1.051379e+01  1.877349e+01 
 6.332908e+00  3.604301e+00  7.052137e+00  1.023512e+01  1.827675e+01 
 6.421186e+00  3.516144e+00  6.866538e+00  9.962223e+00  1.779041e+01 
 6.510694e+00  3.429094e+00  6.684468e+00  9.697353e+00  1.731581e+01 
 6.601449e+00  3.344503e+00  6.507756e+00  9.438337e+00  1.685370e+01 
 6.693470e+00  3.261316e+00  6.334706e+00  9.185194e+00  1.640181e+01 
 6.786773e+00  3.180107e+00  6.167354e+00  8.939437e+00  1.596235e+01 
 6.881377e+00  3.101328e+00  6.003855e+00  8.701078e+00  1.553424e+01 
 6.977300e+00  3.024382e+00  5.845676e+00  8.470175e+00  1.511959e+01 
 7.074559e+00  2.949695e+00  5.691625e+00  8.244546e+00  1.471559e+01 
 7.173175e+00  2.876635e+00  5.542491e+00  8.026427e+00  1.432441e+01 
 7.273165e+00  2.805908e+00  5.397929e+00  7.814880e+00  1.394353e+01 
 7.374549e+00  2.736853e+00  5.256797e+00  7.608456e+00  1.357387e+01 
 7.477346e+00  2.669418e+00  5.120496e+00  7.409485e+00  1.321485e+01 
 7.581576e+00  2.604223e+00  4.986711e+00  7.214304e+00  1.286436e+01 
 7.687260e+00  2.540133e+00  4.856934e+00  7.024399e+00  1.252318e+01 
 7.794416e+00  2.477215e+00  4.730026e+00  6.837700e+00  1.218840e+01 
 7.903066e+00  2.415733e+00  4.605407e+00  6.655080e+00  1.186003e+01 
 8.013230e+00  2.355536e+00  4.484219e+00  6.478313e+00  1.153992e+01 
 8.124930e+00  2.296454e+00  4.365889e+00  6.304821e+00  1.122714e+01 
 8.238187e+00  2.239067e+00  4.250157e+00  6.135396e+00  1.092275e+01 
 8.353023e+00  2.182904e+00  4.137871e+00  5.970989e+00  1.062568e+01 
 8.469460e+00  2.128355e+00  4.028685e+00  5.811106e+00  1.033726e+01 
 8.587519e+00  2.075328e+00  3.922341e+00  5.655685e+00  1.005710e+01 
 8.707225e+00  2.023773e+00  3.819017e+00  5.504969e+00  9.784535e+00 
 8.828599e+00  1.973663e+00  3.719443e+00  5.358417e+00  9.519969e+00 
 8.951665e+00  1.924889e+00  3.622608e+00  5.216568e+00  9.263858e+00 
 9.076446e+00  1.877679e+00  3.528765e+00  5.079291e+00  9.015618e+00 
 9.202967e+00  1.831832e+00  3.437503e+00  4.945796e+00  8.773873e+00 
 9.331251e+00  1.787230e+00  3.348783e+00  4.815894e+00  8.539098e+00 
 9.461324e+00  0.000000e+00  0.000000e+00  0.000000e+00  0.000000e+00 
 9.593209e+00  0.000000e+00  0.000000e+00  0.000000e+00  0.000000e+00 
 9.726934e+00  0.000000e+00  0.000000e+00  0.000000e+00  0.000000e+00 
 9.862522e+00  0.000000e+00  0.000000e+00  0.000000e+00  0.000000e+00 
 1.000000e+01  0.000000e+00  0.000000e+00  0.000000e+00  0.000000e+00 
