 1.000000e-02  5.454106e+03  9.945808e+03  1.345917e+04  2.009099e+04 
 1.013939e-02  5.483875e+03  9.999880e+03  1.353222e+04  2.019963e+04 
 1.028073e-02  5.513166e+03  1.005306e+04  1.360410e+04  2.030646e+04 
 1.042404e-02  5.541975e+03  1.010544e+04  1.367485e+04  2.041158e+04 
 1.056935e-02  5.570284e+03  1.015694e+04  1.374441e+04  2.051486e+04 
 1.071668e-02  5.598068e+03  1.020742e+04  1.381259e+04  2.061608e+04 
 1.086606e-02  5.625282e+03  1.025681e+04  1.387927e+04  2.071516e+04 
 1.101753e-02  5.651903e+03  1.030510e+04  1.394449e+04  2.081205e+04 
 1.117111e-02  5.677862e+03  1.035222e+04  1.400803e+04  2.090655e+04 
 1.132683e-02  5.703168e+03  1.039818e+04  1.406997e+04  2.099868e+04 
 1.148472e-02  5.727900e+03  1.044310e+04  1.413055e+04  2.108871e+04 
 1.164481e-02  5.752039e+03  1.048691e+04  1.418963e+04  2.117643e+04 
 1.180713e-02  5.775524e+03  1.052951e+04  1.424709e+04  2.126168e+04 
 1.197171e-02  5.798342e+03  1.057088e+04  1.430296e+04  2.134447e+04 
 1.213859e-02  5.820439e+03  1.061096e+04  1.435706e+04  2.142461e+04 
 1.230780e-02  5.841783e+03  1.064963e+04  1.440915e+04  2.150188e+04 
 1.247936e-02  5.862353e+03  1.068690e+04  1.445930e+04  2.157633e+04 
 1.265332e-02  5.882163e+03  1.072280e+04  1.450766e+04  2.164802e+04 
 1.282970e-02  5.901189e+03  1.075725e+04  1.455409e+04  2.171678e+04 
 1.300854e-02  5.919372e+03  1.079018e+04  1.459845e+04  2.178245e+04 
 1.318987e-02  5.936699e+03  1.082151e+04  1.464066e+04  2.184485e+04 
 1.337373e-02  5.953168e+03  1.085126e+04  1.468071e+04  2.190407e+04 
 1.356015e-02  5.968784e+03  1.087947e+04  1.471868e+04  2.196021e+04 
 1.374917e-02  5.983517e+03  1.090609e+04  1.475450e+04  2.201319e+04 
 1.394083e-02  5.997316e+03  1.093098e+04  1.478794e+04  2.206270e+04 
 1.413516e-02  6.010123e+03  1.095407e+04  1.481890e+04  2.210844e+04 
 1.433219e-02  6.021931e+03  1.097533e+04  1.484740e+04  2.215042e+04 
 1.453198e-02  6.032740e+03  1.099476e+04  1.487337e+04  2.218869e+04 
 1.473454e-02  6.042528e+03  1.101232e+04  1.489688e+04  2.222316e+04 
 1.493993e-02  6.051286e+03  1.102799e+04  1.491789e+04  2.225385e+04 
 1.514819e-02  6.059015e+03  1.104182e+04  1.493648e+04  2.228094e+04 
 1.535935e-02  6.065687e+03  1.105373e+04  1.495244e+04  2.230416e+04 
 1.557345e-02  6.071247e+03  1.106362e+04  1.496554e+04  2.232324e+04 
 1.579053e-02  6.075672e+03  1.107142e+04  1.497578e+04  2.233812e+04 
 1.601064e-02  6.078931e+03  1.107709e+04  1.498320e+04  2.234866e+04 
 1.623382e-02  6.081003e+03  1.108059e+04  1.498774e+04  2.235485e+04 
 1.646012e-02  6.081889e+03  1.108191e+04  1.498934e+04  2.235674e+04 
 1.668956e-02  6.081584e+03  1.108109e+04  1.498801e+04  2.235425e+04 
 1.692220e-02  6.080055e+03  1.107805e+04  1.498366e+04  2.234725e+04 
 1.715809e-02  6.077273e+03  1.107268e+04  1.497616e+04  2.233559e+04 
 1.739726e-02  6.073210e+03  1.106500e+04  1.496553e+04  2.231914e+04 
 1.763977e-02  6.067863e+03  1.105497e+04  1.495172e+04  2.229796e+04 
 1.788566e-02  6.061227e+03  1.104257e+04  1.493472e+04  2.227200e+04 
 1.813498e-02  6.053278e+03  1.102782e+04  1.491448e+04  2.224127e+04 
 1.838777e-02  6.044010e+03  1.101064e+04  1.489100e+04  2.220571e+04 
 1.864409e-02  6.033404e+03  1.099100e+04  1.486421e+04  2.216523e+04 
 1.890397e-02  6.021431e+03  1.096888e+04  1.483405e+04  2.211970e+04 
 1.916748e-02  6.008075e+03  1.094425e+04  1.480050e+04  2.206906e+04 
 1.943467e-02  5.993333e+03  1.091709e+04  1.476349e+04  2.201332e+04 
 1.970558e-02  5.977207e+03  1.088740e+04  1.472309e+04  2.195268e+04 
 1.998026e-02  5.959690e+03  1.085517e+04  1.467924e+04  2.188694e+04 
 2.025878e-02  5.940756e+03  1.082035e+04  1.463191e+04  2.181576e+04 
 2.054117e-02  5.920395e+03  1.078294e+04  1.458106e+04  2.173922e+04 
 2.082751e-02  5.898627e+03  1.074297e+04  1.452674e+04  2.165763e+04 
 2.111783e-02  5.875441e+03  1.070041e+04  1.446895e+04  2.157105e+04 
 2.141220e-02  5.850927e+03  1.065540e+04  1.440780e+04  2.147937e+04 
 2.171068e-02  5.825614e+03  1.060871e+04  1.434415e+04  2.138319e+04 
 2.201331e-02  5.798887e+03  1.055944e+04  1.427701e+04  2.128166e+04 
 2.232016e-02  5.770743e+03  1.050760e+04  1.420640e+04  2.117503e+04 
 2.263130e-02  5.741199e+03  1.045323e+04  1.413235e+04  2.106349e+04 
 2.294676e-02  5.710273e+03  1.039634e+04  1.405489e+04  2.094694e+04 
 2.326663e-02  5.677950e+03  1.033688e+04  1.397397e+04  2.082513e+04 
 2.359095e-02  5.644255e+03  1.027491e+04  1.388967e+04  2.069820e+04 
 2.391980e-02  5.609209e+03  1.021050e+04  1.380206e+04  2.056636e+04 
 2.425323e-02  5.572825e+03  1.014366e+04  1.371115e+04  2.042968e+04 
 2.459130e-02  5.535114e+03  1.007441e+04  1.361699e+04  2.028811e+04 
 2.493409e-02  5.496096e+03  1.000277e+04  1.351964e+04  2.014179e+04 
 2.528166e-02  5.455804e+03  9.928817e+03  1.341913e+04  1.999078e+04 
 2.563407e-02  5.414247e+03  9.852567e+03  1.331554e+04  1.983518e+04 
 2.599140e-02  5.371468e+03  9.774101e+03  1.320893e+04  1.967511e+04 
 2.635371e-02  5.327506e+03  9.693471e+03  1.309941e+04  1.951071e+04 
 2.672106e-02  5.282385e+03  9.610747e+03  1.298704e+04  1.934211e+04 
 2.709354e-02  5.236156e+03  9.525985e+03  1.287195e+04  1.916946e+04 
 2.747121e-02  5.188839e+03  9.439275e+03  1.275423e+04  1.899284e+04 
 2.785414e-02  5.140420e+03  9.350599e+03  1.263387e+04  1.881236e+04 
 2.824241e-02  5.090703e+03  9.259649e+03  1.251058e+04  1.862783e+04 
 2.863610e-02  5.040042e+03  9.167000e+03  1.238497e+04  1.843985e+04 
 2.903527e-02  4.988476e+03  9.072706e+03  1.225717e+04  1.824862e+04 
 2.944000e-02  4.936059e+03  8.976882e+03  1.212727e+04  1.805428e+04 
 2.985038e-02  4.882856e+03  8.879624e+03  1.199545e+04  1.785707e+04 
 3.026648e-02  4.828926e+03  8.781041e+03  1.186185e+04  1.765725e+04 
 3.068838e-02  4.774335e+03  8.681235e+03  1.172662e+04  1.745503e+04 
 3.111616e-02  4.719127e+03  8.580345e+03  1.158992e+04  1.725060e+04 
 3.154990e-02  4.663372e+03  8.478479e+03  1.145189e+04  1.704420e+04 
 3.198969e-02  4.607136e+03  8.375745e+03  1.131270e+04  1.683609e+04 
 3.243561e-02  4.550491e+03  8.272268e+03  1.117251e+04  1.662651e+04 
 3.288774e-02  4.493514e+03  8.168172e+03  1.103152e+04  1.641573e+04 
 3.334618e-02  4.436265e+03  8.063609e+03  1.088986e+04  1.620400e+04 
 3.381101e-02  4.378808e+03  7.958694e+03  1.074774e+04  1.599158e+04 
 3.428231e-02  4.321228e+03  7.853544e+03  1.060532e+04  1.577873e+04 
 3.476019e-02  4.263486e+03  7.748401e+03  1.046328e+04  1.556748e+04 
 3.524473e-02  4.205770e+03  7.643313e+03  1.032132e+04  1.535638e+04 
 3.573602e-02  4.148161e+03  7.538424e+03  1.017963e+04  1.514564e+04 
 3.623416e-02  4.090728e+03  7.433878e+03  1.003839e+04  1.493557e+04 
 3.673925e-02  4.033549e+03  7.329806e+03  9.897758e+03  1.472645e+04 
 3.725137e-02  3.976705e+03  7.226326e+03  9.757967e+03  1.451854e+04 
 3.777064e-02  3.920269e+03  7.123587e+03  9.619178e+03  1.431212e+04 
 3.829714e-02  3.864318e+03  7.021740e+03  9.481590e+03  1.410747e+04 
 3.883098e-02  3.808921e+03  6.920893e+03  9.345360e+03  1.390482e+04 
 3.937226e-02  3.754145e+03  6.821184e+03  9.210668e+03  1.370443e+04 
 3.992109e-02  3.700054e+03  6.722745e+03  9.077660e+03  1.350659e+04 
 4.047757e-02  3.646715e+03  6.625636e+03  8.946436e+03  1.331129e+04 
 4.104181e-02  3.594041e+03  6.529196e+03  8.815515e+03  1.311472e+04 
 4.161391e-02  3.542264e+03  6.434391e+03  8.686813e+03  1.292145e+04 
 4.219398e-02  3.491443e+03  6.341328e+03  8.560475e+03  1.273172e+04 
 4.278214e-02  3.441626e+03  6.250105e+03  8.436614e+03  1.254569e+04 
 4.337850e-02  3.392869e+03  6.160815e+03  8.315375e+03  1.236357e+04 
 4.398317e-02  3.345219e+03  6.073563e+03  8.196871e+03  1.218558e+04 
 4.459628e-02  3.298720e+03  5.988400e+03  8.081218e+03  1.201182e+04 
 4.521792e-02  3.253414e+03  5.905406e+03  7.968499e+03  1.184244e+04 
 4.584824e-02  3.209330e+03  5.824634e+03  7.858807e+03  1.167758e+04 
 4.648734e-02  3.166498e+03  5.746142e+03  7.752196e+03  1.151730e+04 
 4.713535e-02  3.125030e+03  5.670862e+03  7.650675e+03  1.136661e+04 
 4.779239e-02  3.084905e+03  5.598456e+03  7.553476e+03  1.122357e+04 
 4.845859e-02  3.046073e+03  5.528406e+03  7.459422e+03  1.108521e+04 
 4.913407e-02  3.008541e+03  5.460694e+03  7.368536e+03  1.095151e+04 
 4.981898e-02  2.972299e+03  5.395313e+03  7.280784e+03  1.082248e+04 
 5.051342e-02  2.937335e+03  5.332236e+03  7.196155e+03  1.069807e+04 
 5.121755e-02  2.903622e+03  5.271447e+03  7.114600e+03  1.057819e+04 
 5.193150e-02  2.871138e+03  5.212887e+03  7.036033e+03  1.046274e+04 
 5.265540e-02  2.839840e+03  5.156488e+03  6.960360e+03  1.035158e+04 
 5.338938e-02  2.809457e+03  5.101299e+03  6.885894e+03  1.024097e+04 
 5.413360e-02  2.779900e+03  5.047080e+03  6.812201e+03  1.013002e+04 
 5.488820e-02  2.751405e+03  4.994787e+03  6.741104e+03  1.002298e+04 
 5.565331e-02  2.723888e+03  4.944282e+03  6.672404e+03  9.919531e+03 
 5.642908e-02  2.697218e+03  4.895323e+03  6.605796e+03  9.819198e+03 
 5.721568e-02  2.671281e+03  4.847712e+03  6.541011e+03  9.721557e+03 
 5.801323e-02  2.646138e+03  4.801554e+03  6.478195e+03  9.626831e+03 
 5.882190e-02  2.621907e+03  4.757047e+03  6.417606e+03  9.535424e+03 
 5.964185e-02  2.598632e+03  4.714550e+03  6.360031e+03  9.449354e+03 
 6.047322e-02  2.576238e+03  4.674445e+03  6.306522e+03  9.371609e+03 
 6.131619e-02  2.553919e+03  4.634483e+03  6.253207e+03  9.294158e+03 
 6.217090e-02  2.531385e+03  4.594143e+03  6.199386e+03  9.215952e+03 
 6.303753e-02  2.508624e+03  4.553391e+03  6.145019e+03  9.136923e+03 
 6.391624e-02  2.485664e+03  4.512273e+03  6.090149e+03  9.057158e+03 
 6.480720e-02  2.462504e+03  4.470783e+03  6.034766e+03  8.976620e+03 
 6.571058e-02  2.439003e+03  4.428661e+03  5.978532e+03  8.894812e+03 
 6.662655e-02  2.413835e+03  4.381683e+03  5.913785e+03  8.794915e+03 
 6.755528e-02  2.387932e+03  4.333323e+03  5.847123e+03  8.692035e+03 
 6.849697e-02  2.361215e+03  4.283497e+03  5.778489e+03  8.586241e+03 
 6.945178e-02  2.333577e+03  4.232016e+03  5.707642e+03  8.477190e+03 
 7.041990e-02  2.304921e+03  4.178700e+03  5.634339e+03  8.364511e+03 
 7.140151e-02  2.275157e+03  4.123383e+03  5.558363e+03  8.247904e+03 
 7.239681e-02  2.244470e+03  4.066666e+03  5.480832e+03  8.130079e+03 
 7.340598e-02  2.212844e+03  4.008559e+03  5.401821e+03  8.011382e+03 
 7.442922e-02  2.179905e+03  3.948087e+03  5.319626e+03  7.887975e+03 
 7.546673e-02  2.145624e+03  3.885196e+03  5.234189e+03  7.759770e+03 
 7.651869e-02  2.109989e+03  3.819878e+03  5.145494e+03  7.626758e+03 
 7.758532e-02  2.073019e+03  3.752161e+03  5.053571e+03  7.488994e+03 
 7.866682e-02  2.035558e+03  3.684638e+03  4.963014e+03  7.356064e+03 
 7.976339e-02  1.998173e+03  3.619002e+03  4.876754e+03  7.233993e+03 
 8.087525e-02  1.959588e+03  3.551135e+03  4.787428e+03  7.107199e+03 
 8.200261e-02  1.919903e+03  3.481224e+03  4.695279e+03  6.976034e+03 
 8.314568e-02  1.879253e+03  3.409490e+03  4.600608e+03  6.840940e+03 
 8.430468e-02  1.837782e+03  3.336194e+03  4.503764e+03  6.702430e+03 
 8.547985e-02  1.795022e+03  3.259452e+03  4.401211e+03  6.552825e+03 
 8.667139e-02  1.751525e+03  3.180852e+03  4.295647e+03  6.397515e+03 
 8.787954e-02  1.707814e+03  3.101847e+03  4.189518e+03  6.241287e+03 
 8.910453e-02  1.664113e+03  3.022834e+03  4.083350e+03  6.084926e+03 
 9.034660e-02  1.620648e+03  2.944225e+03  3.977689e+03  5.929248e+03 
 9.160598e-02  1.578355e+03  2.868724e+03  3.877123e+03  5.783305e+03 
 9.288292e-02  1.537371e+03  2.796451e+03  3.781710e+03  5.646888e+03 
 9.417766e-02  1.497246e+03  2.725641e+03  3.688191e+03  5.513024e+03 
 9.549045e-02  1.458211e+03  2.656714e+03  3.597142e+03  5.382587e+03 
 9.682153e-02  1.420464e+03  2.590039e+03  3.509044e+03  5.256325e+03 
 9.817117e-02  1.384510e+03  2.527021e+03  3.426223e+03  5.138824e+03 
 9.953962e-02  1.350303e+03  2.467267e+03  3.347881e+03  5.028155e+03 
 1.009272e-01  1.317872e+03  2.410662e+03  3.273715e+03  4.923429e+03 
 1.023340e-01  1.287340e+03  2.357446e+03  3.204054e+03  4.825192e+03 
 1.037605e-01  1.258207e+03  2.305973e+03  3.136005e+03  4.727637e+03 
 1.052069e-01  1.228881e+03  2.251356e+03  3.061137e+03  4.613983e+03 
 1.066734e-01  1.201731e+03  2.200752e+03  2.991723e+03  4.508578e+03 
 1.081604e-01  1.176723e+03  2.154103e+03  2.927709e+03  4.411302e+03 
 1.096681e-01  1.153804e+03  2.111323e+03  2.868972e+03  4.321958e+03 
 1.111968e-01  1.132980e+03  2.072582e+03  2.815731e+03  4.240333e+03 
 1.127468e-01  1.114048e+03  2.037320e+03  2.767225e+03  4.165848e+03 
 1.143184e-01  1.096835e+03  2.005222e+03  2.723038e+03  4.097867e+03 
 1.159120e-01  1.081142e+03  1.975925e+03  2.682666e+03  4.035620e+03 
 1.175277e-01  1.067323e+03  1.950637e+03  2.648153e+03  3.982956e+03 
 1.191660e-01  1.054595e+03  1.927397e+03  2.616450e+03  3.934619e+03 
 1.208271e-01  1.042642e+03  1.905572e+03  2.586679e+03  3.889229e+03 
 1.225114e-01  1.031105e+03  1.884476e+03  2.557886e+03  3.845299e+03 
 1.242191e-01  1.019223e+03  1.862337e+03  2.527486e+03  3.798987e+03 
 1.259506e-01  1.007232e+03  1.840005e+03  2.496837e+03  3.752352e+03 
 1.277063e-01  9.948393e+02  1.816945e+03  2.465197e+03  3.704248e+03 
 1.294865e-01  9.820342e+02  1.793298e+03  2.432775e+03  3.654675e+03 
 1.312915e-01  9.686205e+02  1.768716e+03  2.399115e+03  3.602961e+03 
 1.331216e-01  9.540659e+02  1.742050e+03  2.362625e+03  3.547066e+03 
 1.349772e-01  9.382415e+02  1.713096e+03  2.323080e+03  3.486747e+03 
 1.368587e-01  9.221629e+02  1.685534e+03  2.287535e+03  3.438385e+03 
 1.387665e-01  9.045982e+02  1.655188e+03  2.248192e+03  3.384223e+03 
 1.407008e-01  8.855672e+02  1.622084e+03  2.205049e+03  3.324239e+03 
 1.426621e-01  8.661846e+02  1.588909e+03  2.161859e+03  3.263516e+03 
 1.446507e-01  8.458630e+02  1.554083e+03  2.116447e+03  3.199142e+03 
 1.466671e-01  8.244764e+02  1.517155e+03  2.068138e+03  3.130254e+03 
 1.487115e-01  8.006550e+02  1.474192e+03  2.010491e+03  3.045824e+03 
 1.507845e-01  7.753051e+02  1.427355e+03  1.946881e+03  2.951417e+03 
 1.528864e-01  7.499322e+02  1.380459e+03  1.883190e+03  2.856781e+03 
 1.550175e-01  7.267667e+02  1.339637e+03  1.829357e+03  2.780182e+03 
 1.571784e-01  7.055080e+02  1.303634e+03  1.783124e+03  2.717116e+03 
 1.593694e-01  6.850790e+02  1.268981e+03  1.738624e+03  2.656254e+03 
 1.615909e-01  6.663069e+02  1.237628e+03  1.698640e+03  2.602008e+03 
 1.638434e-01  6.491100e+02  1.209188e+03  1.662563e+03  2.553402e+03 
 1.661273e-01  6.334395e+02  1.183416e+03  1.630030e+03  2.509854e+03 
 1.684430e-01  6.163906e+02  1.152358e+03  1.588367e+03  2.449531e+03 
 1.707910e-01  6.007733e+02  1.123623e+03  1.549656e+03  2.393212e+03 
 1.731717e-01  5.873386e+02  1.099218e+03  1.516978e+03  2.345929e+03 
 1.755856e-01  5.771568e+02  1.081976e+03  1.494562e+03  2.313845e+03 
 1.780332e-01  5.684436e+02  1.067443e+03  1.475844e+03  2.287410e+03 
 1.805149e-01  5.591724e+02  1.049657e+03  1.450759e+03  2.247392e+03 
 1.830312e-01  5.497917e+02  1.030375e+03  1.422508e+03  2.200249e+03 
 1.855825e-01  5.411215e+02  1.012647e+03  1.396667e+03  2.157502e+03 
 1.881694e-01  5.330161e+02  9.971651e+02  1.375397e+03  2.125400e+03 
 1.907924e-01  5.248611e+02  9.816103e+02  1.354036e+03  2.093160e+03 
 1.934520e-01  5.158403e+02  9.642336e+02  1.330230e+03  2.058185e+03 
 1.961486e-01  5.060132e+02  9.453009e+02  1.304313e+03  2.020309e+03 
 1.988828e-01  4.964999e+02  9.277296e+02  1.280570e+03  1.985626e+03 
 2.016551e-01  4.877072e+02  9.126160e+02  1.260639e+03  1.956611e+03 
 2.044661e-01  4.777196e+02  8.950611e+02  1.237200e+03  1.921941e+03 
 2.073162e-01  4.661195e+02  8.734002e+02  1.207237e+03  1.875884e+03 
 2.102061e-01  4.536365e+02  8.500785e+02  1.174999e+03  1.826307e+03 
 2.131362e-01  4.442743e+02  8.369327e+02  1.159989e+03  1.808163e+03 
 2.161073e-01  4.345774e+02  8.232033e+02  1.144218e+03  1.788892e+03 
 2.191197e-01  4.221265e+02  8.022312e+02  1.117621e+03  1.753924e+03 
 2.221741e-01  4.093032e+02  7.799859e+02  1.088973e+03  1.715728e+03 
 2.252711e-01  3.975242e+02  7.602029e+02  1.064033e+03  1.683117e+03 
 2.284112e-01  3.867281e+02  7.423428e+02  1.041762e+03  1.654376e+03 
 2.315951e-01  3.771661e+02  7.258370e+02  1.019897e+03  1.621917e+03 
 2.348235e-01  3.687734e+02  7.111766e+02  1.000071e+03  1.591130e+03 
 2.380968e-01  3.594710e+02  6.932940e+02  9.751479e+02  1.552923e+03 
 2.414157e-01  3.507991e+02  6.762551e+02  9.512558e+02  1.516463e+03 
 2.447809e-01  3.424404e+02  6.599974e+02  9.287557e+02  1.481980e+03 
 2.481930e-01  3.349053e+02  6.453885e+02  9.085927e+02  1.451112e+03 
 2.516527e-01  3.306182e+02  6.379920e+02  8.984519e+02  1.434978e+03 
 2.551606e-01  3.256667e+02  6.289134e+02  8.859033e+02  1.415523e+03 
 2.587174e-01  3.178753e+02  6.130857e+02  8.637271e+02  1.382398e+03 
 2.623238e-01  3.114481e+02  6.010095e+02  8.472904e+02  1.358375e+03 
 2.659804e-01  3.063441e+02  5.927013e+02  8.366523e+02  1.343537e+03 
 2.696881e-01  2.991986e+02  5.797333e+02  8.192787e+02  1.317666e+03 
 2.734474e-01  2.911618e+02  5.648815e+02  7.992406e+02  1.287570e+03 
 2.772591e-01  2.849836e+02  5.550688e+02  7.873298e+02  1.273052e+03 
 2.811239e-01  2.781258e+02  5.434478e+02  7.727319e+02  1.255141e+03 
 2.850426e-01  2.707346e+02  5.301482e+02  7.556042e+02  1.234486e+03 
 2.890160e-01  2.637925e+02  5.186700e+02  7.410581e+02  1.214227e+03 
 2.930447e-01  2.571897e+02  5.075258e+02  7.263364e+02  1.191678e+03 
 2.971296e-01  2.508983e+02  4.954813e+02  7.084833e+02  1.160877e+03 
 3.012714e-01  2.452023e+02  4.856863e+02  6.955555e+02  1.141765e+03 
 3.054710e-01  2.398047e+02  4.766463e+02  6.842472e+02  1.126759e+03 
 3.097291e-01  2.336170e+02  4.651404e+02  6.689854e+02  1.105574e+03 
 3.140465e-01  2.282161e+02  4.542292e+02  6.532368e+02  1.079526e+03 
 3.184242e-01  2.236264e+02  4.450208e+02  6.398804e+02  1.057283e+03 
 3.228628e-01  2.200829e+02  4.390365e+02  6.322854e+02  1.048025e+03 
 3.273634e-01  2.151030e+02  4.289521e+02  6.177324e+02  1.024627e+03 
 3.319266e-01  2.099420e+02  4.189301e+02  6.038941e+02  1.003913e+03 
 3.365535e-01  2.049494e+02  4.100981e+02  5.926468e+02  9.892639e+02 
 3.412449e-01  2.014090e+02  4.055809e+02  5.874505e+02  9.810502e+02 
 3.460016e-01  1.973755e+02  3.991457e+02  5.792606e+02  9.697072e+02 
 3.508247e-01  1.932702e+02  3.919507e+02  5.697267e+02  9.558784e+02 
 3.557150e-01  1.891604e+02  3.844368e+02  5.596028e+02  9.404177e+02 
 3.606735e-01  1.843692e+02  3.759800e+02  5.485237e+02  9.248559e+02 
 3.657011e-01  1.787284e+02  3.653688e+02  5.339935e+02  9.044947e+02 
 3.707988e-01  1.742014e+02  3.567103e+02  5.221539e+02  8.868584e+02 
 3.759675e-01  1.701515e+02  3.489569e+02  5.114847e+02  8.707576e+02 
 3.812083e-01  1.661449e+02  3.416772e+02  5.016094e+02  8.561551e+02 
 3.865221e-01  1.628782e+02  3.368382e+02  4.959914e+02  8.468697e+02 
 3.919100e-01  1.596084e+02  3.292289e+02  4.843653e+02  8.308733e+02 
 3.973730e-01  1.559105e+02  3.230915e+02  4.767644e+02  8.188675e+02 
 4.029122e-01  1.529332e+02  3.184904e+02  4.704437e+02  8.071897e+02 
 4.085286e-01  1.499298e+02  3.121024e+02  4.612997e+02  7.942057e+02 
 4.142232e-01  1.461906e+02  3.045285e+02  4.512841e+02  7.818607e+02 
 4.199973e-01  1.424212e+02  2.980501e+02  4.430821e+02  7.698773e+02 
 4.258518e-01  1.393201e+02  2.923414e+02  4.350071e+02  7.559092e+02 
 4.317880e-01  1.360312e+02  2.859769e+02  4.255995e+02  7.413945e+02 
 4.378069e-01  1.331418e+02  2.802442e+02  4.174376e+02  7.279219e+02 
 4.439097e-01  1.307532e+02  2.764936e+02  4.128540e+02  7.233733e+02 
 4.500975e-01  1.271787e+02  2.698487e+02  4.037835e+02  7.099230e+02 
 4.563716e-01  1.242360e+02  2.638153e+02  3.950550e+02  6.942927e+02 
 4.627332e-01  1.223613e+02  2.612675e+02  3.923819e+02  6.920318e+02 
 4.691835e-01  1.192854e+02  2.551972e+02  3.836820e+02  6.773996e+02 
 4.757236e-01  1.170777e+02  2.509015e+02  3.778308e+02  6.685341e+02 
 4.823549e-01  1.140165e+02  2.446982e+02  3.690655e+02  6.567110e+02 
 4.890787e-01  1.115275e+02  2.398683e+02  3.625374e+02  6.464100e+02 
 4.958962e-01  1.095981e+02  2.361430e+02  3.567769e+02  6.358200e+02 
 5.028087e-01  1.070396e+02  2.317192e+02  3.507798e+02  6.270137e+02 
 5.098176e-01  1.049799e+02  2.279475e+02  3.453556e+02  6.163183e+02 
 5.169242e-01  1.031079e+02  2.244256e+02  3.406002e+02  6.100042e+02 
 5.241298e-01  9.972799e+01  2.186382e+02  3.334370e+02  6.012270e+02 
 5.314359e-01  9.797886e+01  2.159991e+02  3.298781e+02  5.954131e+02 
 5.388438e-01  9.594436e+01  2.114212e+02  3.230215e+02  5.850044e+02 
 5.463550e-01  9.421321e+01  2.080431e+02  3.179836e+02  5.765557e+02 
 5.539709e-01  9.164978e+01  2.035164e+02  3.122418e+02  5.675481e+02 
 5.616930e-01  8.997433e+01  2.002690e+02  3.076231e+02  5.605881e+02 
 5.695227e-01  8.813421e+01  1.972249e+02  3.038878e+02  5.528472e+02 
 5.774615e-01  8.610760e+01  1.925601e+02  2.969137e+02  5.428438e+02 
 5.855110e-01  8.452383e+01  1.896598e+02  2.924445e+02  5.351969e+02 
 5.936727e-01  8.257064e+01  1.851627e+02  2.862107e+02  5.257669e+02 
 6.019482e-01  8.113972e+01  1.829900e+02  2.826781e+02  5.193122e+02 
 6.103390e-01  7.919576e+01  1.796736e+02  2.783965e+02  5.118038e+02 
 6.188468e-01  7.741269e+01  1.766441e+02  2.756309e+02  5.097650e+02 
 6.274732e-01  7.609499e+01  1.733210e+02  2.698902e+02  5.004183e+02 
 6.362198e-01  7.452017e+01  1.706156e+02  2.659323e+02  4.926181e+02 
 6.450884e-01  7.274200e+01  1.674221e+02  2.615249e+02  4.850512e+02 
 6.540806e-01  7.121983e+01  1.638007e+02  2.560215e+02  4.770029e+02 
 6.631981e-01  6.960168e+01  1.612248e+02  2.532471e+02  4.721424e+02 
 6.724427e-01  6.825583e+01  1.583198e+02  2.491555e+02  4.671104e+02 
 6.818162e-01  6.674923e+01  1.554541e+02  2.440991e+02  4.577823e+02 
 6.913204e-01  6.529416e+01  1.524975e+02  2.403279e+02  4.512930e+02 
 7.009570e-01  6.435596e+01  1.501806e+02  2.369208e+02  4.453727e+02 
 7.107280e-01  6.266628e+01  1.475487e+02  2.332518e+02  4.382117e+02 
 7.206351e-01  6.168390e+01  1.452252e+02  2.300985e+02  4.343559e+02 
 7.306804e-01  6.040367e+01  1.429636e+02  2.264054e+02  4.266649e+02 
 7.408657e-01  5.904998e+01  1.401003e+02  2.222831e+02  4.209609e+02 
 7.511929e-01  5.778200e+01  1.374734e+02  2.188988e+02  4.152390e+02 
 7.616642e-01  5.665999e+01  1.349515e+02  2.153196e+02  4.096569e+02 
 7.722814e-01  5.587726e+01  1.335312e+02  2.128681e+02  4.038208e+02 
 7.830465e-01  5.469774e+01  1.309203e+02  2.091979e+02  3.984672e+02 
 7.939618e-01  5.365243e+01  1.291569e+02  2.063747e+02  3.943111e+02 
 8.050292e-01  5.245693e+01  1.266852e+02  2.034677e+02  3.890033e+02 
 8.162509e-01  5.151486e+01  1.247935e+02  2.000320e+02  3.820798e+02 
 8.276289e-01  5.024610e+01  1.222417e+02  1.966997e+02  3.770916e+02 
 8.391656e-01  4.958565e+01  1.207630e+02  1.938582e+02  3.728487e+02 
 8.508632e-01  4.867664e+01  1.186324e+02  1.911189e+02  3.677014e+02 
 8.627237e-01  4.757889e+01  1.166740e+02  1.881839e+02  3.616856e+02 
 8.747496e-01  4.669281e+01  1.146357e+02  1.853051e+02  3.568509e+02 
 8.869432e-01  4.586027e+01  1.129390e+02  1.827081e+02  3.522092e+02 
 8.993067e-01  4.491577e+01  1.110904e+02  1.798639e+02  3.470225e+02 
 9.118425e-01  4.420217e+01  1.091520e+02  1.767939e+02  3.408058e+02 
 9.245531e-01  4.321997e+01  1.072683e+02  1.739230e+02  3.368602e+02 
 9.374409e-01  4.237612e+01  1.055520e+02  1.715906e+02  3.323135e+02 
 9.505083e-01  4.165176e+01  1.038347e+02  1.690457e+02  3.274537e+02 
 9.637579e-01  4.075277e+01  1.017972e+02  1.659861e+02  3.225943e+02 
 9.771921e-01  4.018031e+01  1.011388e+02  1.643436e+02  3.181989e+02 
 9.908137e-01  3.939072e+01  9.919331e+01  1.616136e+02  3.139858e+02 
 1.004625e+00  3.862077e+01  9.732407e+01  1.587634e+02  3.085100e+02 
 1.018629e+00  3.795867e+01  9.592417e+01  1.564942e+02  3.039737e+02 
 1.032828e+00  3.721073e+01  9.434193e+01  1.543367e+02  3.006227e+02 
 1.047225e+00  3.646388e+01  9.293852e+01  1.518135e+02  2.953343e+02 
 1.061823e+00  3.587593e+01  9.163564e+01  1.496817e+02  2.910004e+02 
 1.076624e+00  3.519085e+01  9.012371e+01  1.473644e+02  2.865455e+02 
 1.091632e+00  3.458475e+01  8.863442e+01  1.452287e+02  2.821194e+02 
 1.106848e+00  3.390224e+01  8.704677e+01  1.429220e+02  2.780485e+02 
 1.122277e+00  3.328073e+01  8.579094e+01  1.405443e+02  2.734044e+02 
 1.137921e+00  3.266187e+01  8.427033e+01  1.383278e+02  2.692226e+02 
 1.153783e+00  3.211830e+01  8.293496e+01  1.361962e+02  2.653429e+02 
 1.169866e+00  3.153912e+01  8.167456e+01  1.340757e+02  2.614917e+02 
 1.186174e+00  3.094692e+01  8.044226e+01  1.320249e+02  2.572398e+02 
 1.202708e+00  3.042772e+01  7.913931e+01  1.300409e+02  2.532251e+02 
 1.219473e+00  2.990385e+01  7.793560e+01  1.281340e+02  2.489683e+02 
 1.236472e+00  2.935690e+01  7.671645e+01  1.262359e+02  2.452845e+02 
 1.253708e+00  2.885570e+01  7.544460e+01  1.240870e+02  2.415157e+02 
 1.271184e+00  2.835832e+01  7.452751e+01  1.225172e+02  2.376047e+02 
 1.288904e+00  2.785615e+01  7.306322e+01  1.202835e+02  2.341169e+02 
 1.306870e+00  2.733770e+01  7.189672e+01  1.183706e+02  2.300989e+02 
 1.325087e+00  2.690575e+01  7.080299e+01  1.165602e+02  2.260597e+02 
 1.343558e+00  2.643575e+01  6.965343e+01  1.146547e+02  2.223442e+02 
 1.362287e+00  2.600665e+01  6.850063e+01  1.126736e+02  2.186102e+02 
 1.381276e+00  2.554097e+01  6.740730e+01  1.106677e+02  2.149255e+02 
 1.400531e+00  2.511429e+01  6.632891e+01  1.089523e+02  2.109953e+02 
 1.420053e+00  2.465899e+01  6.517239e+01  1.072376e+02  2.073444e+02 
 1.439848e+00  2.424447e+01  6.418928e+01  1.053402e+02  2.038437e+02 
 1.459919e+00  2.379823e+01  6.311428e+01  1.035852e+02  2.000664e+02 
 1.480269e+00  2.344742e+01  6.197898e+01  1.017584e+02  1.962157e+02 
 1.500903e+00  2.303659e+01  6.100385e+01  9.998159e+01  1.931157e+02 
 1.521825e+00  2.263226e+01  6.006990e+01  9.839897e+01  1.895672e+02 
 1.543038e+00  2.223498e+01  5.905130e+01  9.680468e+01  1.863256e+02 
 1.564548e+00  2.189244e+01  5.808087e+01  9.509757e+01  1.827850e+02 
 1.586357e+00  2.152225e+01  5.717771e+01  9.349150e+01  1.793460e+02 
 1.608469e+00  2.113631e+01  5.623260e+01  9.187887e+01  1.762105e+02 
 1.630891e+00  2.084580e+01  5.519243e+01  9.009837e+01  1.726357e+02 
 1.653624e+00  2.046072e+01  5.424936e+01  8.861068e+01  1.696257e+02 
 1.676675e+00  2.011163e+01  5.342671e+01  8.710085e+01  1.662549e+02 
 1.700047e+00  1.976423e+01  5.251883e+01  8.550366e+01  1.630936e+02 
 1.723745e+00  1.944859e+01  5.159371e+01  8.394770e+01  1.597338e+02 
 1.747773e+00  1.909782e+01  5.067477e+01  8.237107e+01  1.566088e+02 
 1.772136e+00  1.877733e+01  4.979442e+01  8.084233e+01  1.536564e+02 
 1.796838e+00  1.847145e+01  4.891174e+01  7.937264e+01  1.505478e+02 
 1.821885e+00  1.818284e+01  4.805152e+01  7.785069e+01  1.475685e+02 
 1.847281e+00  1.787123e+01  4.728465e+01  7.647658e+01  1.446129e+02 
 1.873032e+00  1.757470e+01  4.640800e+01  7.490447e+01  1.417190e+02 
 1.899141e+00  1.727507e+01  4.554540e+01  7.353537e+01  1.388584e+02 
 1.925614e+00  1.699816e+01  4.476005e+01  7.216321e+01  1.359301e+02 
 1.952456e+00  1.676079e+01  4.400677e+01  7.081258e+01  1.331218e+02 
 1.979672e+00  1.642312e+01  4.324574e+01  6.947165e+01  1.303789e+02 
 2.007267e+00  1.619224e+01  4.245570e+01  6.801029e+01  1.277086e+02 
 2.035248e+00  1.590107e+01  4.164160e+01  6.666513e+01  1.249451e+02 
 2.063618e+00  1.563311e+01  4.084869e+01  6.535223e+01  1.222246e+02 
 2.092383e+00  1.537802e+01  4.009690e+01  6.401098e+01  1.196049e+02 
 2.121550e+00  1.511093e+01  3.932501e+01  6.272248e+01  1.169556e+02 
 2.151123e+00  1.486189e+01  3.859111e+01  6.141120e+01  1.143464e+02 
 2.181109e+00  1.460716e+01  3.783526e+01  6.016263e+01  1.118977e+02 
 2.211512e+00  1.436219e+01  3.708581e+01  5.886983e+01  1.092567e+02 
 2.242340e+00  1.411964e+01  3.640502e+01  5.766218e+01  1.068718e+02 
 2.273597e+00  1.386497e+01  3.568979e+01  5.639542e+01  1.044764e+02 
 2.305289e+00  1.364814e+01  3.499205e+01  5.522677e+01  1.021355e+02 
 2.337424e+00  1.341433e+01  3.428625e+01  5.403858e+01  9.985324e+01 
 2.370006e+00  1.318394e+01  3.361249e+01  5.290352e+01  9.760502e+01 
 2.403043e+00  1.294805e+01  3.295116e+01  5.173775e+01  9.534505e+01 
 2.436540e+00  1.273731e+01  3.230589e+01  5.063251e+01  9.315023e+01 
 2.470504e+00  1.251813e+01  3.166462e+01  4.950618e+01  9.099572e+01 
 2.504942e+00  1.230294e+01  3.103867e+01  4.843701e+01  8.889113e+01 
 2.539859e+00  1.209718e+01  3.039227e+01  4.734607e+01  8.678135e+01 
 2.575263e+00  1.187423e+01  2.975171e+01  4.632223e+01  8.477262e+01 
 2.611161e+00  1.167446e+01  2.913337e+01  4.524800e+01  8.276122e+01 
 2.647559e+00  1.146848e+01  2.851807e+01  4.420080e+01  8.074765e+01 
 2.684465e+00  1.126712e+01  2.793523e+01  4.318807e+01  7.880441e+01 
 2.721885e+00  1.105763e+01  2.731470e+01  4.220055e+01  7.690138e+01 
 2.759826e+00  1.086145e+01  2.671413e+01  4.121244e+01  7.504913e+01 
 2.798297e+00  1.066427e+01  2.615435e+01  4.025722e+01  7.325969e+01 
 2.837304e+00  1.047372e+01  2.558292e+01  3.931801e+01  7.146454e+01 
 2.876854e+00  1.028306e+01  2.502127e+01  3.839032e+01  6.973572e+01 
 2.916956e+00  1.009829e+01  2.448358e+01  3.749078e+01  6.801618e+01 
 2.957617e+00  9.918978e+00  2.395225e+01  3.662309e+01  6.636174e+01 
 2.998844e+00  9.737866e+00  2.343173e+01  3.575439e+01  6.473642e+01 
 3.040646e+00  9.560049e+00  2.290794e+01  3.490756e+01  6.319319e+01 
 3.083031e+00  9.385451e+00  2.239638e+01  3.407929e+01  6.164224e+01 
 3.126007e+00  9.216380e+00  2.190200e+01  3.326618e+01  6.010993e+01 
 3.169582e+00  9.042506e+00  2.139649e+01  3.245196e+01  5.862310e+01 
 3.213764e+00  8.872244e+00  2.091089e+01  3.166394e+01  5.716855e+01 
 3.258562e+00  8.701116e+00  2.043777e+01  3.089159e+01  5.573702e+01 
 3.303985e+00  8.534566e+00  1.995591e+01  3.013076e+01  5.433898e+01 
 3.350041e+00  8.372033e+00  1.948484e+01  2.937834e+01  5.296504e+01 
 3.396739e+00  8.206703e+00  1.902911e+01  2.865730e+01  5.160767e+01 
 3.444087e+00  8.048644e+00  1.857568e+01  2.793141e+01  5.030620e+01 
 3.492096e+00  7.892603e+00  1.814193e+01  2.724116e+01  4.904613e+01 
 3.540774e+00  7.733676e+00  1.771418e+01  2.656804e+01  4.780964e+01 
 3.590130e+00  7.583053e+00  1.728908e+01  2.589960e+01  4.660772e+01 
 3.640175e+00  7.436172e+00  1.687898e+01  2.526330e+01  4.542781e+01 
 3.690917e+00  7.286493e+00  1.648617e+01  2.462178e+01  4.428430e+01 
 3.742366e+00  7.141019e+00  1.608428e+01  2.401142e+01  4.318242e+01 
 3.794533e+00  7.001279e+00  1.570408e+01  2.341293e+01  4.209245e+01 
 3.847427e+00  6.860134e+00  1.532298e+01  2.282531e+01  4.103998e+01 
 3.901058e+00  6.718466e+00  1.495436e+01  2.225436e+01  3.999613e+01 
 3.955436e+00  6.584182e+00  1.458877e+01  2.168134e+01  3.897378e+01 
 4.010573e+00  6.445943e+00  1.422977e+01  2.113521e+01  3.798660e+01 
 4.066478e+00  6.310673e+00  1.387371e+01  2.059084e+01  3.700675e+01 
 4.123163e+00  6.176141e+00  1.353183e+01  2.006029e+01  3.604870e+01 
 4.180637e+00  6.046456e+00  1.319594e+01  1.954557e+01  3.511492e+01 
 4.238913e+00  5.916909e+00  1.286273e+01  1.903730e+01  3.421313e+01 
 4.298001e+00  5.787286e+00  1.253944e+01  1.854762e+01  3.332643e+01 
 4.357913e+00  5.666218e+00  1.222291e+01  1.807281e+01  3.247497e+01 
 4.418660e+00  5.542441e+00  1.191932e+01  1.760306e+01  3.164522e+01 
 4.480254e+00  5.421958e+00  1.161840e+01  1.715099e+01  3.083088e+01 
 4.542706e+00  5.305449e+00  1.132513e+01  1.670857e+01  3.003879e+01 
 4.606029e+00  5.189786e+00  1.104364e+01  1.628108e+01  2.927643e+01 
 4.670234e+00  5.076149e+00  1.076625e+01  1.586728e+01  2.853175e+01 
 4.735335e+00  4.965306e+00  1.049687e+01  1.545948e+01  2.780235e+01 
 4.801343e+00  4.857398e+00  1.023434e+01  1.506434e+01  2.708806e+01 
 4.868271e+00  4.749227e+00  9.974725e+00  1.467528e+01  2.639156e+01 
 4.936132e+00  4.642716e+00  9.719910e+00  1.429406e+01  2.570889e+01 
 5.004939e+00  4.537243e+00  9.471146e+00  1.392199e+01  2.504096e+01 
 5.074705e+00  4.433142e+00  9.226692e+00  1.355600e+01  2.438767e+01 
 5.145444e+00  4.331796e+00  8.988182e+00  1.320186e+01  2.375027e+01 
 5.217169e+00  4.230967e+00  8.754677e+00  1.285200e+01  2.312406e+01 
 5.289893e+00  4.134191e+00  8.528366e+00  1.251794e+01  2.252096e+01 
 5.363631e+00  4.036806e+00  8.307153e+00  1.218612e+01  2.193037e+01 
 5.438397e+00  3.943425e+00  8.091119e+00  1.186716e+01  2.135340e+01 
 5.514206e+00  3.851507e+00  7.881969e+00  1.155626e+01  2.079552e+01 
 5.591071e+00  3.760747e+00  7.678731e+00  1.125404e+01  2.025290e+01 
 5.669007e+00  3.673935e+00  7.480789e+00  1.096102e+01  1.972775e+01 
 5.748030e+00  3.588148e+00  7.288615e+00  1.067470e+01  1.921210e+01 
 5.828155e+00  3.504220e+00  7.101447e+00  1.039802e+01  1.871196e+01 
 5.909396e+00  3.422142e+00  6.919125e+00  1.012804e+01  1.822756e+01 
 5.991770e+00  3.341480e+00  6.740703e+00  9.863021e+00  1.775425e+01 
 6.075292e+00  3.262532e+00  6.567106e+00  9.605677e+00  1.728752e+01 
 6.159978e+00  3.184486e+00  6.395989e+00  9.353959e+00  1.683299e+01 
 6.245845e+00  3.107985e+00  6.228880e+00  9.107532e+00  1.638766e+01 
 6.332908e+00  3.032524e+00  6.065121e+00  8.865335e+00  1.595015e+01 
 6.421186e+00  2.959072e+00  5.905835e+00  8.629296e+00  1.552464e+01 
 6.510694e+00  2.886672e+00  5.750178e+00  8.399936e+00  1.511073e+01 
 6.601449e+00  2.816428e+00  5.599070e+00  8.176576e+00  1.470655e+01 
 6.693470e+00  2.747241e+00  5.451209e+00  7.958524e+00  1.431286e+01 
 6.786773e+00  2.680096e+00  5.307944e+00  7.746863e+00  1.393162e+01 
 6.881377e+00  2.614992e+00  5.169220e+00  7.541330e+00  1.355889e+01 
 6.977300e+00  2.551300e+00  5.034426e+00  7.343077e+00  1.319802e+01 
 7.074559e+00  2.489554e+00  4.903210e+00  7.148768e+00  1.284700e+01 
 7.173175e+00  2.428982e+00  4.776040e+00  6.960907e+00  1.250651e+01 
 7.273165e+00  2.370340e+00  4.652413e+00  6.779037e+00  1.217561e+01 
 7.374549e+00  2.312882e+00  4.532034e+00  6.600900e+00  1.185418e+01 
 7.477346e+00  2.256581e+00  4.414945e+00  6.428411e+00  1.153939e+01 
 7.581576e+00  2.201778e+00  4.299905e+00  6.258890e+00  1.123231e+01 
 7.687260e+00  2.147717e+00  4.187850e+00  6.093303e+00  1.093215e+01 
 7.794416e+00  2.094886e+00  4.078169e+00  5.930810e+00  1.063772e+01 
 7.903066e+00  2.043141e+00  3.970499e+00  5.772167e+00  1.034969e+01 
 8.013230e+00  1.992483e+00  3.866287e+00  5.618563e+00  1.006968e+01 
 8.124930e+00  1.942997e+00  3.764328e+00  5.468344e+00  9.796158e+00 
 8.238187e+00  1.894902e+00  3.665052e+00  5.321718e+00  9.530113e+00 
 8.353023e+00  1.847941e+00  3.568674e+00  5.179626e+00  9.271291e+00 
 8.469460e+00  1.802393e+00  3.475259e+00  5.041681e+00  9.020126e+00 
 8.587519e+00  1.758100e+00  3.384373e+00  4.907555e+00  8.776256e+00 
 8.707225e+00  1.715032e+00  3.296133e+00  4.777637e+00  8.539903e+00 
 8.828599e+00  1.673256e+00  3.210860e+00  4.651742e+00  8.309864e+00 
 8.951665e+00  1.632571e+00  3.128067e+00  4.529233e+00  8.087459e+00 
 9.076446e+00  1.593127e+00  3.047611e+00  4.410694e+00  7.871325e+00 
 9.202967e+00  1.554646e+00  2.969379e+00  4.295555e+00  7.660914e+00 
 9.331251e+00  1.517091e+00  2.893060e+00  4.182896e+00  7.456032e+00 
 9.461324e+00  0.000000e+00  0.000000e+00  0.000000e+00  0.000000e+00 
 9.593209e+00  0.000000e+00  0.000000e+00  0.000000e+00  0.000000e+00 
 9.726934e+00  0.000000e+00  0.000000e+00  0.000000e+00  0.000000e+00 
 9.862522e+00  0.000000e+00  0.000000e+00  0.000000e+00  0.000000e+00 
 1.000000e+01  0.000000e+00  0.000000e+00  0.000000e+00  0.000000e+00 
