 1.000000e-02  5.590985e+03  1.018992e+04  1.378330e+04  2.055308e+04 
 1.013939e-02  5.621109e+03  1.024467e+04  1.385721e+04  2.066290e+04 
 1.028073e-02  5.650762e+03  1.029850e+04  1.392986e+04  2.077089e+04 
 1.042404e-02  5.679920e+03  1.035148e+04  1.400133e+04  2.087703e+04 
 1.056935e-02  5.708572e+03  1.040358e+04  1.407161e+04  2.098130e+04 
 1.071668e-02  5.736699e+03  1.045472e+04  1.414059e+04  2.108370e+04 
 1.086606e-02  5.764265e+03  1.050479e+04  1.420813e+04  2.118404e+04 
 1.101753e-02  5.791256e+03  1.055379e+04  1.427421e+04  2.128228e+04 
 1.117111e-02  5.817660e+03  1.060171e+04  1.433888e+04  2.137832e+04 
 1.132683e-02  5.843462e+03  1.064857e+04  1.440208e+04  2.147204e+04 
 1.148472e-02  5.868629e+03  1.069426e+04  1.446373e+04  2.156337e+04 
 1.164481e-02  5.893138e+03  1.073876e+04  1.452376e+04  2.165227e+04 
 1.180713e-02  5.916969e+03  1.078200e+04  1.458210e+04  2.173868e+04 
 1.197171e-02  5.940085e+03  1.082395e+04  1.463866e+04  2.182252e+04 
 1.213859e-02  5.962492e+03  1.086457e+04  1.469340e+04  2.190375e+04 
 1.230780e-02  5.984161e+03  1.090386e+04  1.474629e+04  2.198229e+04 
 1.247936e-02  6.005079e+03  1.094175e+04  1.479730e+04  2.205798e+04 
 1.265332e-02  6.025220e+03  1.097824e+04  1.484640e+04  2.213072e+04 
 1.282970e-02  6.044553e+03  1.101326e+04  1.489361e+04  2.220041e+04 
 1.300854e-02  6.063055e+03  1.104678e+04  1.493880e+04  2.226701e+04 
 1.318987e-02  6.080720e+03  1.107875e+04  1.498191e+04  2.233062e+04 
 1.337373e-02  6.097506e+03  1.110912e+04  1.502277e+04  2.239102e+04 
 1.356015e-02  6.113387e+03  1.113784e+04  1.506134e+04  2.244810e+04 
 1.374917e-02  6.128376e+03  1.116492e+04  1.509769e+04  2.250181e+04 
 1.394083e-02  6.142426e+03  1.119028e+04  1.513174e+04  2.255205e+04 
 1.413516e-02  6.155505e+03  1.121389e+04  1.516342e+04  2.259876e+04 
 1.433219e-02  6.167597e+03  1.123572e+04  1.519268e+04  2.264191e+04 
 1.453198e-02  6.178694e+03  1.125569e+04  1.521954e+04  2.268135e+04 
 1.473454e-02  6.188773e+03  1.127380e+04  1.524384e+04  2.271691e+04 
 1.493993e-02  6.197803e+03  1.128998e+04  1.526552e+04  2.274852e+04 
 1.514819e-02  6.205756e+03  1.130425e+04  1.528465e+04  2.277630e+04 
 1.535935e-02  6.212612e+03  1.131655e+04  1.530106e+04  2.280013e+04 
 1.557345e-02  6.218371e+03  1.132684e+04  1.531468e+04  2.281989e+04 
 1.579053e-02  6.222992e+03  1.133502e+04  1.532546e+04  2.283549e+04 
 1.601064e-02  6.226449e+03  1.134107e+04  1.533336e+04  2.284685e+04 
 1.623382e-02  6.228743e+03  1.134501e+04  1.533849e+04  2.285384e+04 
 1.646012e-02  6.229855e+03  1.134679e+04  1.534074e+04  2.285647e+04 
 1.668956e-02  6.229731e+03  1.134633e+04  1.533991e+04  2.285463e+04 
 1.692220e-02  6.228371e+03  1.134363e+04  1.533598e+04  2.284824e+04 
 1.715809e-02  6.225767e+03  1.133866e+04  1.532900e+04  2.283726e+04 
 1.739726e-02  6.221888e+03  1.133136e+04  1.531888e+04  2.282154e+04 
 1.763977e-02  6.216711e+03  1.132167e+04  1.530558e+04  2.280102e+04 
 1.788566e-02  6.210241e+03  1.130964e+04  1.528909e+04  2.277576e+04 
 1.813498e-02  6.202456e+03  1.129520e+04  1.526933e+04  2.274570e+04 
 1.838777e-02  6.193347e+03  1.127836e+04  1.524629e+04  2.271083e+04 
 1.864409e-02  6.182889e+03  1.125907e+04  1.521995e+04  2.267108e+04 
 1.890397e-02  6.171074e+03  1.123728e+04  1.519027e+04  2.262629e+04 
 1.916748e-02  6.157895e+03  1.121301e+04  1.515722e+04  2.257638e+04 
 1.943467e-02  6.143338e+03  1.118623e+04  1.512077e+04  2.252136e+04 
 1.970558e-02  6.127374e+03  1.115689e+04  1.508085e+04  2.246110e+04 
 1.998026e-02  6.110003e+03  1.112502e+04  1.503747e+04  2.239572e+04 
 2.025878e-02  6.091235e+03  1.109058e+04  1.499066e+04  2.232526e+04 
 2.054117e-02  6.071060e+03  1.105358e+04  1.494040e+04  2.224971e+04 
 2.082751e-02  6.049473e+03  1.101401e+04  1.488665e+04  2.216902e+04 
 2.111783e-02  6.026475e+03  1.097184e+04  1.482939e+04  2.208307e+04 
 2.141220e-02  6.002145e+03  1.092722e+04  1.476876e+04  2.199205e+04 
 2.171068e-02  5.976990e+03  1.088085e+04  1.470554e+04  2.189654e+04 
 2.201331e-02  5.950415e+03  1.083190e+04  1.463886e+04  2.179593e+04 
 2.232016e-02  5.922426e+03  1.078040e+04  1.456871e+04  2.169016e+04 
 2.263130e-02  5.893031e+03  1.072634e+04  1.449510e+04  2.157909e+04 
 2.294676e-02  5.862244e+03  1.066974e+04  1.441804e+04  2.146284e+04 
 2.326663e-02  5.830101e+03  1.061065e+04  1.433762e+04  2.134161e+04 
 2.359095e-02  5.796601e+03  1.054910e+04  1.425387e+04  2.121547e+04 
 2.391980e-02  5.761736e+03  1.048507e+04  1.416677e+04  2.108434e+04 
 2.425323e-02  5.725511e+03  1.041858e+04  1.407634e+04  2.094825e+04 
 2.459130e-02  5.687960e+03  1.034967e+04  1.398268e+04  2.080735e+04 
 2.493409e-02  5.649133e+03  1.027842e+04  1.388584e+04  2.066175e+04 
 2.528166e-02  5.609053e+03  1.020489e+04  1.378591e+04  2.051154e+04 
 2.563407e-02  5.567725e+03  1.012909e+04  1.368292e+04  2.035678e+04 
 2.599140e-02  5.525158e+03  1.005107e+04  1.357693e+04  2.019755e+04 
 2.635371e-02  5.481403e+03  9.970871e+03  1.346801e+04  2.003397e+04 
 2.672106e-02  5.436498e+03  9.888578e+03  1.335625e+04  1.986619e+04 
 2.709354e-02  5.390475e+03  9.804253e+03  1.324174e+04  1.969431e+04 
 2.747121e-02  5.343374e+03  9.717969e+03  1.312460e+04  1.951853e+04 
 2.785414e-02  5.295168e+03  9.629713e+03  1.300482e+04  1.933886e+04 
 2.824241e-02  5.245646e+03  9.539162e+03  1.288205e+04  1.915508e+04 
 2.863610e-02  5.195201e+03  9.446929e+03  1.275702e+04  1.896790e+04 
 2.903527e-02  5.143866e+03  9.353085e+03  1.262979e+04  1.877749e+04 
 2.944000e-02  5.091675e+03  9.257693e+03  1.250049e+04  1.858400e+04 
 2.985038e-02  5.038683e+03  9.160861e+03  1.236927e+04  1.838767e+04 
 3.026648e-02  4.984964e+03  9.062705e+03  1.223626e+04  1.818867e+04 
 3.068838e-02  4.930588e+03  8.963352e+03  1.210166e+04  1.798729e+04 
 3.111616e-02  4.875608e+03  8.862903e+03  1.196556e+04  1.778372e+04 
 3.154990e-02  4.820077e+03  8.761464e+03  1.182813e+04  1.757820e+04 
 3.198969e-02  4.764059e+03  8.659154e+03  1.168950e+04  1.737090e+04 
 3.243561e-02  4.707629e+03  8.556076e+03  1.154986e+04  1.716213e+04 
 3.288774e-02  4.650846e+03  8.452363e+03  1.140938e+04  1.695213e+04 
 3.334618e-02  4.593798e+03  8.348163e+03  1.126824e+04  1.674115e+04 
 3.381101e-02  4.536545e+03  8.243623e+03  1.112664e+04  1.652950e+04 
 3.428231e-02  4.479158e+03  8.138854e+03  1.098473e+04  1.631740e+04 
 3.476019e-02  4.421601e+03  8.034091e+03  1.084318e+04  1.610688e+04 
 3.524473e-02  4.364052e+03  7.929349e+03  1.070168e+04  1.589650e+04 
 3.573602e-02  4.306594e+03  7.824775e+03  1.056041e+04  1.568642e+04 
 3.623416e-02  4.249313e+03  7.720499e+03  1.041955e+04  1.547697e+04 
 3.673925e-02  4.192269e+03  7.616656e+03  1.027929e+04  1.526840e+04 
 3.725137e-02  4.135530e+03  7.513385e+03  1.013980e+04  1.506100e+04 
 3.777064e-02  4.079163e+03  7.410805e+03  1.000126e+04  1.485501e+04 
 3.829714e-02  4.023266e+03  7.309082e+03  9.863849e+03  1.465068e+04 
 3.883098e-02  3.967905e+03  7.208336e+03  9.727749e+03  1.444829e+04 
 3.937226e-02  3.913139e+03  7.108675e+03  9.593105e+03  1.424808e+04 
 3.992109e-02  3.859039e+03  7.010214e+03  9.460097e+03  1.405030e+04 
 4.047757e-02  3.805659e+03  6.913030e+03  9.328782e+03  1.385497e+04 
 4.104181e-02  3.752890e+03  6.816379e+03  9.197591e+03  1.365803e+04 
 4.161391e-02  3.700979e+03  6.721308e+03  9.068538e+03  1.346429e+04 
 4.219398e-02  3.649976e+03  6.627913e+03  8.941750e+03  1.327394e+04 
 4.278214e-02  3.599935e+03  6.536293e+03  8.817335e+03  1.308715e+04 
 4.337850e-02  3.550910e+03  6.446522e+03  8.695435e+03  1.290414e+04 
 4.398317e-02  3.502949e+03  6.358675e+03  8.576140e+03  1.272502e+04 
 4.459628e-02  3.456090e+03  6.272816e+03  8.459561e+03  1.254993e+04 
 4.521792e-02  3.410365e+03  6.189032e+03  8.345783e+03  1.237902e+04 
 4.584824e-02  3.365800e+03  6.107383e+03  8.234889e+03  1.221242e+04 
 4.648734e-02  3.322424e+03  6.027899e+03  8.126934e+03  1.205020e+04 
 4.713535e-02  3.280401e+03  5.951654e+03  8.024140e+03  1.189783e+04 
 4.779239e-02  3.239683e+03  5.878229e+03  7.925632e+03  1.175310e+04 
 4.845859e-02  3.200185e+03  5.807013e+03  7.830087e+03  1.161275e+04 
 4.913407e-02  3.161903e+03  5.737991e+03  7.737496e+03  1.147677e+04 
 4.981898e-02  3.124834e+03  5.671169e+03  7.647872e+03  1.134516e+04 
 5.051342e-02  3.088972e+03  5.606521e+03  7.561179e+03  1.121790e+04 
 5.121755e-02  3.054286e+03  5.544012e+03  7.477347e+03  1.109490e+04 
 5.193150e-02  3.020728e+03  5.483564e+03  7.396300e+03  1.097599e+04 
 5.265540e-02  2.988266e+03  5.425103e+03  7.317930e+03  1.086104e+04 
 5.338938e-02  2.956624e+03  5.367675e+03  7.240497e+03  1.074622e+04 
 5.413360e-02  2.925711e+03  5.311016e+03  7.163551e+03  1.063065e+04 
 5.488820e-02  2.895754e+03  5.256099e+03  7.088954e+03  1.051858e+04 
 5.565331e-02  2.866692e+03  5.202803e+03  7.016548e+03  1.040974e+04 
 5.642908e-02  2.838396e+03  5.150922e+03  6.946031e+03  1.030369e+04 
 5.721568e-02  2.810713e+03  5.100164e+03  6.877037e+03  1.019994e+04 
 5.801323e-02  2.783631e+03  5.050511e+03  6.809524e+03  1.009839e+04 
 5.882190e-02  2.757280e+03  5.002178e+03  6.743803e+03  9.999536e+03 
 5.964185e-02  2.731878e+03  4.955867e+03  6.681150e+03  9.906106e+03 
 6.047322e-02  2.707438e+03  4.912157e+03  6.622926e+03  9.821720e+03 
 6.131619e-02  2.683088e+03  4.868608e+03  6.564917e+03  9.737646e+03 
 6.217090e-02  2.658437e+03  4.824517e+03  6.506176e+03  9.652463e+03 
 6.303753e-02  2.633378e+03  4.779695e+03  6.446428e+03  9.565789e+03 
 6.391624e-02  2.607948e+03  4.734206e+03  6.385774e+03  9.477762e+03 
 6.480720e-02  2.582186e+03  4.688115e+03  6.324298e+03  9.388493e+03 
 6.571058e-02  2.556026e+03  4.641302e+03  6.261842e+03  9.297756e+03 
 6.662655e-02  2.528099e+03  4.589371e+03  6.190463e+03  9.188161e+03 
 6.755528e-02  2.499412e+03  4.535989e+03  6.117089e+03  9.075455e+03 
 6.849697e-02  2.469867e+03  4.481042e+03  6.041627e+03  8.959696e+03 
 6.945178e-02  2.439379e+03  4.424401e+03  5.963887e+03  8.840592e+03 
 7.041990e-02  2.407863e+03  4.365916e+03  5.883672e+03  8.717863e+03 
 7.140151e-02  2.375241e+03  4.305465e+03  5.800795e+03  8.591237e+03 
 7.239681e-02  2.341718e+03  4.243650e+03  5.716424e+03  8.463473e+03 
 7.340598e-02  2.307282e+03  4.180500e+03  5.630659e+03  8.334927e+03 
 7.442922e-02  2.271589e+03  4.115065e+03  5.541838e+03  8.201892e+03 
 7.546673e-02  2.234625e+03  4.047338e+03  5.449953e+03  8.064341e+03 
 7.651869e-02  2.196402e+03  3.977343e+03  5.355016e+03  7.922314e+03 
 7.758532e-02  2.156956e+03  3.905146e+03  5.257127e+03  7.775944e+03 
 7.866682e-02  2.117166e+03  3.833484e+03  5.161060e+03  7.635131e+03 
 7.976339e-02  2.077618e+03  3.764088e+03  5.069854e+03  7.506098e+03 
 8.087525e-02  2.037014e+03  3.692717e+03  4.975928e+03  7.372888e+03 
 8.200261e-02  1.995468e+03  3.619568e+03  4.879558e+03  7.235887e+03 
 8.314568e-02  1.953123e+03  3.544897e+03  4.781080e+03  7.095583e+03 
 8.430468e-02  1.910137e+03  3.468992e+03  4.680869e+03  6.952507e+03 
 8.547985e-02  1.865946e+03  3.389659e+03  4.574847e+03  6.797911e+03 
 8.667139e-02  1.821164e+03  3.308668e+03  4.466029e+03  6.637803e+03 
 8.787954e-02  1.776352e+03  3.227624e+03  4.357116e+03  6.477485e+03 
 8.910453e-02  1.731727e+03  3.146900e+03  4.248612e+03  6.317721e+03 
 9.034660e-02  1.687509e+03  3.066889e+03  4.141056e+03  6.159314e+03 
 9.160598e-02  1.644627e+03  2.990259e+03  4.038957e+03  6.011125e+03 
 9.288292e-02  1.603211e+03  2.917155e+03  3.942377e+03  5.872971e+03 
 9.417766e-02  1.562799e+03  2.845799e+03  3.848048e+03  5.737964e+03 
 9.549045e-02  1.523594e+03  2.776537e+03  3.756495e+03  5.606850e+03 
 9.682153e-02  1.485777e+03  2.709709e+03  3.668173e+03  5.480326e+03 
 9.817117e-02  1.449844e+03  2.646724e+03  3.585413e+03  5.362979e+03 
 9.953962e-02  1.415733e+03  2.587148e+03  3.507328e+03  5.252777e+03 
 1.009272e-01  1.383446e+03  2.530813e+03  3.433543e+03  5.148787e+03 
 1.023340e-01  1.353086e+03  2.477908e+03  3.364322e+03  5.051415e+03 
 1.037605e-01  1.324073e+03  2.426628e+03  3.296547e+03  4.954441e+03 
 1.052069e-01  1.294732e+03  2.371883e+03  3.221486e+03  4.840589e+03 
 1.066734e-01  1.267492e+03  2.321046e+03  3.151731e+03  4.734758e+03 
 1.081604e-01  1.242316e+03  2.274027e+03  3.087164e+03  4.636762e+03 
 1.096681e-01  1.219115e+03  2.230618e+03  3.027549e+03  4.546214e+03 
 1.111968e-01  1.197992e+03  2.191327e+03  2.973684e+03  4.464079e+03 
 1.127468e-01  1.178595e+03  2.155240e+03  2.924157e+03  4.388442e+03 
 1.143184e-01  1.160732e+03  2.121981e+03  2.878473e+03  4.318588e+03 
 1.159120e-01  1.144197e+03  2.091151e+03  2.836113e+03  4.253759e+03 
 1.175277e-01  1.129490e+03  2.064432e+03  2.799932e+03  4.199360e+03 
 1.191660e-01  1.115664e+03  2.039409e+03  2.766067e+03  4.148544e+03 
 1.208271e-01  1.102394e+03  2.015390e+03  2.733570e+03  4.099770e+03 
 1.225114e-01  1.089349e+03  1.991738e+03  2.701562e+03  4.051763e+03 
 1.242191e-01  1.075800e+03  1.966806e+03  2.667676e+03  4.001170e+03 
 1.259506e-01  1.061961e+03  1.941325e+03  2.633073e+03  3.949498e+03 
 1.277063e-01  1.047564e+03  1.914815e+03  2.597094e+03  3.895742e+03 
 1.294865e-01  1.032652e+03  1.887538e+03  2.560011e+03  3.839987e+03 
 1.312915e-01  1.017077e+03  1.859204e+03  2.521496e+03  3.781665e+03 
 1.331216e-01  1.000343e+03  1.828715e+03  2.480108e+03  3.719025e+03 
 1.349772e-01  9.823461e+02  1.795968e+03  2.435696e+03  3.651996e+03 
 1.368587e-01  9.641220e+02  1.764663e+03  2.395297e+03  3.597001e+03 
 1.387665e-01  9.445364e+02  1.730792e+03  2.351355e+03  3.536552e+03 
 1.407008e-01  9.236803e+02  1.694514e+03  2.304094e+03  3.470924e+03 
 1.426621e-01  9.025781e+02  1.658177e+03  2.256708e+03  3.404013e+03 
 1.446507e-01  8.807463e+02  1.620557e+03  2.207496e+03  3.333903e+03 
 1.466671e-01  8.581462e+02  1.581413e+03  2.156141e+03  3.260415e+03 
 1.487115e-01  8.331755e+02  1.536118e+03  2.095216e+03  3.170720e+03 
 1.507845e-01  8.068246e+02  1.487117e+03  2.028449e+03  3.071033e+03 
 1.528864e-01  7.807577e+02  1.438665e+03  1.962418e+03  2.972435e+03 
 1.550175e-01  7.572186e+02  1.396925e+03  1.907161e+03  2.893242e+03 
 1.571784e-01  7.358275e+02  1.360482e+03  1.860188e+03  2.828635e+03 
 1.593694e-01  7.154452e+02  1.325746e+03  1.815406e+03  2.767034e+03 
 1.615909e-01  6.969176e+02  1.294746e+03  1.775815e+03  2.713163e+03 
 1.638434e-01  6.800787e+02  1.266913e+03  1.740522e+03  2.665616e+03 
 1.661273e-01  6.647825e+02  1.241801e+03  1.708872e+03  2.623355e+03 
 1.684430e-01  6.480441e+02  1.211319e+03  1.668043e+03  2.564370e+03 
 1.707910e-01  6.326623e+02  1.183023e+03  1.629980e+03  2.509204e+03 
 1.731717e-01  6.193814e+02  1.158966e+03  1.597877e+03  2.463061e+03 
 1.755856e-01  6.094222e+02  1.142441e+03  1.576706e+03  2.433482e+03 
 1.780332e-01  6.007117e+02  1.128210e+03  1.558669e+03  2.408661e+03 
 1.805149e-01  5.911726e+02  1.110189e+03  1.533508e+03  2.369062e+03 
 1.830312e-01  5.812583e+02  1.090149e+03  1.504446e+03  2.321256e+03 
 1.855825e-01  5.718072e+02  1.071214e+03  1.477184e+03  2.276936e+03 
 1.881694e-01  5.627533e+02  1.054335e+03  1.454350e+03  2.243294e+03 
 1.907924e-01  5.534618e+02  1.037010e+03  1.430903e+03  2.208667e+03 
 1.934520e-01  5.431222e+02  1.017458e+03  1.404393e+03  2.170270e+03 
 1.961486e-01  5.318771e+02  9.961261e+02  1.375423e+03  2.128344e+03 
 1.988828e-01  5.209443e+02  9.761138e+02  1.348524e+03  2.089267e+03 
 2.016551e-01  5.107703e+02  9.585691e+02  1.325376e+03  2.055538e+03 
 2.044661e-01  4.994990e+02  9.387103e+02  1.298836e+03  2.016249e+03 
 2.073162e-01  4.866128e+02  9.144922e+02  1.265242e+03  1.964408e+03 
 2.102061e-01  4.730910e+02  8.890751e+02  1.229994e+03  1.910001e+03 
 2.131362e-01  4.629653e+02  8.744035e+02  1.212775e+03  1.888107e+03 
 2.161073e-01  4.527823e+02  8.596741e+02  1.195517e+03  1.866207e+03 
 2.191197e-01  4.399227e+02  8.377196e+02  1.167413e+03  1.828641e+03 
 2.221741e-01  4.268939e+02  8.148715e+02  1.137794e+03  1.788726e+03 
 2.252711e-01  4.151484e+02  7.950268e+02  1.112687e+03  1.755752e+03 
 2.284112e-01  4.044909e+02  7.773549e+02  1.090633e+03  1.727318e+03 
 2.315951e-01  3.952313e+02  7.614097e+02  1.069528e+03  1.696019e+03 
 2.348235e-01  3.871553e+02  7.473688e+02  1.050561e+03  1.666562e+03 
 2.380968e-01  3.780772e+02  7.300159e+02  1.026479e+03  1.629952e+03 
 2.414157e-01  3.694813e+02  7.132447e+02  1.003089e+03  1.594641e+03 
 2.447809e-01  3.610706e+02  6.970975e+02  9.809427e+02  1.561205e+03 
 2.481930e-01  3.532609e+02  6.821783e+02  9.605531e+02  1.530463e+03 
 2.516527e-01  3.487125e+02  6.746135e+02  9.504194e+02  1.514757e+03 
 2.551606e-01  3.432596e+02  6.648496e+02  9.371267e+02  1.494531e+03 
 2.587174e-01  3.346351e+02  6.475592e+02  9.130562e+02  1.458806e+03 
 2.623238e-01  3.273317e+02  6.339439e+02  8.945914e+02  1.431864e+03 
 2.659804e-01  3.214183e+02  6.242233e+02  8.820772e+02  1.414232e+03 
 2.696881e-01  3.133545e+02  6.094591e+02  8.621663e+02  1.384332e+03 
 2.734474e-01  3.044544e+02  5.928543e+02  8.396056e+02  1.350154e+03 
 2.772591e-01  2.976206e+02  5.817107e+02  8.257957e+02  1.332589e+03 
 2.811239e-01  2.902890e+02  5.690837e+02  8.097513e+02  1.312384e+03 
 2.850426e-01  2.825561e+02  5.550062e+02  7.915043e+02  1.290023e+03 
 2.890160e-01  2.754737e+02  5.431812e+02  7.764283e+02  1.268867e+03 
 2.930447e-01  2.688943e+02  5.320312e+02  7.616651e+02  1.246207e+03 
 2.971296e-01  2.627176e+02  5.201529e+02  7.440176e+02  1.215741e+03 
 3.012714e-01  2.571883e+02  5.107622e+02  7.317188e+02  1.197798e+03 
 3.054710e-01  2.519297e+02  5.021364e+02  7.211084e+02  1.184170e+03 
 3.097291e-01  2.457567e+02  4.908119e+02  7.062685e+02  1.164012e+03 
 3.140465e-01  2.402261e+02  4.797375e+02  6.903554e+02  1.137888e+03 
 3.184242e-01  2.353806e+02  4.701227e+02  6.764853e+02  1.114963e+03 
 3.228628e-01  2.315301e+02  4.637006e+02  6.684181e+02  1.105143e+03 
 3.273634e-01  2.260361e+02  4.526286e+02  6.524723e+02  1.079521e+03 
 3.319266e-01  2.202729e+02  4.414235e+02  6.369634e+02  1.056171e+03 
 3.365535e-01  2.147103e+02  4.314765e+02  6.241612e+02  1.039130e+03 
 3.412449e-01  2.107525e+02  4.261740e+02  6.178550e+02  1.029072e+03 
 3.460016e-01  2.063509e+02  4.189970e+02  6.086203e+02  1.016064e+03 
 3.508247e-01  2.019966e+02  4.112758e+02  5.983364e+02  1.001061e+03 
 3.557150e-01  1.977846e+02  4.035301e+02  5.878789e+02  9.851100e+02 
 3.606735e-01  1.929601e+02  3.950160e+02  5.767521e+02  9.695824e+02 
 3.657011e-01  1.872755e+02  3.843470e+02  5.622026e+02  9.493468e+02 
 3.707988e-01  1.827641e+02  3.757676e+02  5.505352e+02  9.321314e+02 
 3.759675e-01  1.787096e+02  3.680656e+02  5.399999e+02  9.164192e+02 
 3.812083e-01  1.745903e+02  3.606420e+02  5.299932e+02  9.017942e+02 
 3.865221e-01  1.711337e+02  3.555476e+02  5.240956e+02  8.921499e+02 
 3.919100e-01  1.675901e+02  3.473433e+02  5.115934e+02  8.747994e+02 
 3.973730e-01  1.635588e+02  3.405810e+02  5.031340e+02  8.614972e+02 
 4.029122e-01  1.602555e+02  3.353650e+02  4.959285e+02  8.483181e+02 
 4.085286e-01  1.569478e+02  3.283233e+02  4.858274e+02  8.337683e+02 
 4.142232e-01  1.529531e+02  3.202128e+02  4.750730e+02  8.203275e+02 
 4.199973e-01  1.490119e+02  3.134174e+02  4.664548e+02  8.077769e+02 
 4.258518e-01  1.458281e+02  3.075414e+02  4.581360e+02  7.934619e+02 
 4.317880e-01  1.424845e+02  3.010779e+02  4.486207e+02  7.788092e+02 
 4.378069e-01  1.395865e+02  2.953537e+02  4.404784e+02  7.653983e+02 
 4.439097e-01  1.371687e+02  2.916233e+02  4.360200e+02  7.611941e+02 
 4.500975e-01  1.334339e+02  2.846863e+02  4.265601e+02  7.472395e+02 
 4.563716e-01  1.303024e+02  2.782503e+02  4.172282e+02  7.306517e+02 
 4.627332e-01  1.282751e+02  2.754776e+02  4.143011e+02  7.280490e+02 
 4.691835e-01  1.249694e+02  2.689216e+02  4.048929e+02  7.122823e+02 
 4.757236e-01  1.225713e+02  2.642429e+02  3.984888e+02  7.024843e+02 
 4.823549e-01  1.193194e+02  2.576347e+02  3.891686e+02  6.898073e+02 
 4.890787e-01  1.167261e+02  2.525889e+02  3.823352e+02  6.791296e+02 
 4.958962e-01  1.147376e+02  2.487582e+02  3.764223e+02  6.682376e+02 
 5.028087e-01  1.121025e+02  2.442203e+02  3.703068e+02  6.593057e+02 
 5.098176e-01  1.099872e+02  2.403509e+02  3.647429e+02  6.484612e+02 
 5.169242e-01  1.080419e+02  2.367054e+02  3.598409e+02  6.419249e+02 
 5.241298e-01  1.044881e+02  2.306155e+02  3.523292e+02  6.326861e+02 
 5.314359e-01  1.026114e+02  2.277362e+02  3.484404e+02  6.263841e+02 
 5.388438e-01  1.004301e+02  2.228387e+02  3.411120e+02  6.151830e+02 
 5.463550e-01  9.859195e+01  2.192504e+02  3.357847e+02  6.062722e+02 
 5.539709e-01  9.590263e+01  2.144852e+02  3.297074e+02  5.968806e+02 
 5.616930e-01  9.414882e+01  2.110902e+02  3.249058e+02  5.896523e+02 
 5.695227e-01  9.224439e+01  2.079540e+02  3.210317e+02  5.817352e+02 
 5.774615e-01  9.012761e+01  2.031000e+02  3.138049e+02  5.713163e+02 
 5.855110e-01  8.847327e+01  2.000522e+02  3.091542e+02  5.633798e+02 
 5.936727e-01  8.639201e+01  1.953035e+02  3.025240e+02  5.534466e+02 
 6.019482e-01  8.488484e+01  1.929791e+02  2.988193e+02  5.465866e+02 
 6.103390e-01  8.283360e+01  1.894552e+02  2.942584e+02  5.386463e+02 
 6.188468e-01  8.095621e+01  1.862890e+02  2.913276e+02  5.365898e+02 
 6.274732e-01  7.956804e+01  1.827930e+02  2.853230e+02  5.266609e+02 
 6.362198e-01  7.791424e+01  1.799480e+02  2.811847e+02  5.186671e+02 
 6.450884e-01  7.605703e+01  1.765981e+02  2.765664e+02  5.107181e+02 
 6.540806e-01  7.446131e+01  1.728108e+02  2.708367e+02  5.023770e+02 
 6.631981e-01  7.277826e+01  1.701363e+02  2.679356e+02  4.974097e+02 
 6.724427e-01  7.136430e+01  1.671086e+02  2.636855e+02  4.921511e+02 
 6.818162e-01  6.978705e+01  1.640709e+02  2.584187e+02  4.823621e+02 
 6.913204e-01  6.826497e+01  1.610057e+02  2.544583e+02  4.757087e+02 
 7.009570e-01  6.726923e+01  1.585803e+02  2.508714e+02  4.695074e+02 
 7.107280e-01  6.550187e+01  1.558022e+02  2.470418e+02  4.621335e+02 
 7.206351e-01  6.445904e+01  1.533614e+02  2.437356e+02  4.581343e+02 
 7.306804e-01  6.311211e+01  1.509777e+02  2.398501e+02  4.500061e+02 
 7.408657e-01  6.168734e+01  1.479446e+02  2.355060e+02  4.439980e+02 
 7.511929e-01  6.034483e+01  1.451791e+02  2.319093e+02  4.379481e+02 
 7.616642e-01  5.915451e+01  1.425120e+02  2.281298e+02  4.321662e+02 
 7.722814e-01  5.832186e+01  1.410143e+02  2.255493e+02  4.260560e+02 
 7.830465e-01  5.707448e+01  1.382511e+02  2.216467e+02  4.203932e+02 
 7.939618e-01  5.597754e+01  1.363808e+02  2.187165e+02  4.159070e+02 
 8.050292e-01  5.470686e+01  1.337754e+02  2.156320e+02  4.104825e+02 
 8.162509e-01  5.371389e+01  1.317745e+02  2.120170e+02  4.032160e+02 
 8.276289e-01  5.238052e+01  1.290829e+02  2.084743e+02  3.979670e+02 
 8.391656e-01  5.168305e+01  1.275328e+02  2.055348e+02  3.934185e+02 
 8.508632e-01  5.072076e+01  1.252947e+02  2.026454e+02  3.881029e+02 
 8.627237e-01  4.956277e+01  1.232256e+02  1.995476e+02  3.819376e+02 
 8.747496e-01  4.863060e+01  1.210803e+02  1.964932e+02  3.768307e+02 
 8.869432e-01  4.775145e+01  1.192970e+02  1.937839e+02  3.720220e+02 
 8.993067e-01  4.675472e+01  1.173427e+02  1.908124e+02  3.665901e+02 
 9.118425e-01  4.600332e+01  1.153093e+02  1.875576e+02  3.601060e+02 
 9.245531e-01  4.497197e+01  1.133407e+02  1.845806e+02  3.559873e+02 
 9.374409e-01  4.408160e+01  1.115367e+02  1.821349e+02  3.512544e+02 
 9.505083e-01  4.331777e+01  1.097437e+02  1.794394e+02  3.462553e+02 
 9.637579e-01  4.237550e+01  1.076014e+02  1.762304e+02  3.411745e+02 
 9.771921e-01  4.177886e+01  1.069173e+02  1.745729e+02  3.366428e+02 
 9.908137e-01  4.094973e+01  1.048848e+02  1.716977e+02  3.322149e+02 
 1.004625e+00  4.014025e+01  1.029263e+02  1.687201e+02  3.266169e+02 
 1.018629e+00  3.945108e+01  1.014689e+02  1.663545e+02  3.218840e+02 
 1.032828e+00  3.866746e+01  9.981307e+01  1.641103e+02  3.184529e+02 
 1.047225e+00  3.788994e+01  9.833217e+01  1.615050e+02  3.129554e+02 
 1.061823e+00  3.727414e+01  9.698386e+01  1.592801e+02  3.084979e+02 
 1.076624e+00  3.655448e+01  9.539587e+01  1.568733e+02  3.038822e+02 
 1.091632e+00  3.591671e+01  9.382189e+01  1.546134e+02  2.992767e+02 
 1.106848e+00  3.520147e+01  9.217516e+01  1.521685e+02  2.951414e+02 
 1.122277e+00  3.454994e+01  9.084587e+01  1.496848e+02  2.902410e+02 
 1.137921e+00  3.389664e+01  8.926089e+01  1.473607e+02  2.859111e+02 
 1.153783e+00  3.332253e+01  8.785266e+01  1.451127e+02  2.818284e+02 
 1.169866e+00  3.271995e+01  8.651802e+01  1.429044e+02  2.778623e+02 
 1.186174e+00  3.209514e+01  8.522096e+01  1.407575e+02  2.733736e+02 
 1.202708e+00  3.154599e+01  8.385575e+01  1.386465e+02  2.692298e+02 
 1.219473e+00  3.099663e+01  8.259129e+01  1.366469e+02  2.647770e+02 
 1.236472e+00  3.042321e+01  8.130528e+01  1.346468e+02  2.609669e+02 
 1.253708e+00  2.989730e+01  7.997688e+01  1.323636e+02  2.570282e+02 
 1.271184e+00  2.937617e+01  7.900392e+01  1.307504e+02  2.529968e+02 
 1.288904e+00  2.884820e+01  7.747352e+01  1.284023e+02  2.493127e+02 
 1.306870e+00  2.830863e+01  7.623523e+01  1.263930e+02  2.451226e+02 
 1.325087e+00  2.785490e+01  7.509471e+01  1.244918e+02  2.409943e+02 
 1.343558e+00  2.736160e+01  7.387808e+01  1.225135e+02  2.371072e+02 
 1.362287e+00  2.690862e+01  7.266348e+01  1.204164e+02  2.331828e+02 
 1.381276e+00  2.642237e+01  7.153689e+01  1.183134e+02  2.293041e+02 
 1.400531e+00  2.597595e+01  7.039862e+01  1.165131e+02  2.252571e+02 
 1.420053e+00  2.550015e+01  6.917847e+01  1.146778e+02  2.214385e+02 
 1.439848e+00  2.507011e+01  6.814960e+01  1.127020e+02  2.177914e+02 
 1.459919e+00  2.460398e+01  6.701411e+01  1.108593e+02  2.138557e+02 
 1.480269e+00  2.423430e+01  6.582689e+01  1.088958e+02  2.098389e+02 
 1.500903e+00  2.380656e+01  6.479787e+01  1.070584e+02  2.065865e+02 
 1.521825e+00  2.338657e+01  6.382134e+01  1.053924e+02  2.028556e+02 
 1.543038e+00  2.297163e+01  6.275664e+01  1.037077e+02  1.995363e+02 
 1.564548e+00  2.261330e+01  6.173585e+01  1.019309e+02  1.958443e+02 
 1.586357e+00  2.223228e+01  6.078426e+01  1.002382e+02  1.923121e+02 
 1.608469e+00  2.183129e+01  5.979539e+01  9.855323e+01  1.890627e+02 
 1.630891e+00  2.152450e+01  5.870938e+01  9.667057e+01  1.853006e+02 
 1.653624e+00  2.112690e+01  5.772292e+01  9.509999e+01  1.822153e+02 
 1.676675e+00  2.076505e+01  5.685448e+01  9.389260e+01  1.786829e+02 
 1.700047e+00  2.040650e+01  5.590027e+01  9.185343e+01  1.754074e+02 
 1.723745e+00  2.007732e+01  5.491743e+01  9.020698e+01  1.718650e+02 
 1.747773e+00  1.971153e+01  5.394933e+01  8.854731e+01  1.685822e+02 
 1.772136e+00  1.938114e+01  5.303792e+01  8.692157e+01  1.654832e+02 
 1.796838e+00  1.906004e+01  5.210726e+01  8.535098e+01  1.622256e+02 
 1.821885e+00  1.876195e+01  5.119299e+01  8.374393e+01  1.591136e+02 
 1.847281e+00  1.843401e+01  5.037814e+01  8.230141e+01  1.559998e+02 
 1.873032e+00  1.812749e+01  4.945812e+01  8.064094e+01  1.529753e+02 
 1.899141e+00  1.781503e+01  4.854388e+01  7.917519e+01  1.499504e+02 
 1.925614e+00  1.752976e+01  4.771460e+01  7.771895e+01  1.468699e+02 
 1.952456e+00  1.728053e+01  4.692259e+01  7.629133e+01  1.438985e+02 
 1.979672e+00  1.695451e+01  4.612076e+01  7.486583e+01  1.410434e+02 
 2.007267e+00  1.669462e+01  4.528361e+01  7.334580e+01  1.382486e+02 
 2.035248e+00  1.639490e+01  4.442948e+01  7.190655e+01  1.353104e+02 
 2.063618e+00  1.611914e+01  4.359860e+01  7.050344e+01  1.324601e+02 
 2.092383e+00  1.585515e+01  4.279677e+01  6.908164e+01  1.296867e+02 
 2.121550e+00  1.557657e+01  4.198369e+01  6.770787e+01  1.269111e+02 
 2.151123e+00  1.531902e+01  4.120784e+01  6.631585e+01  1.241415e+02 
 2.181109e+00  1.505447e+01  4.040378e+01  6.498282e+01  1.215311e+02 
 2.211512e+00  1.480158e+01  3.961176e+01  6.360568e+01  1.187743e+02 
 2.242340e+00  1.455145e+01  3.888721e+01  6.232309e+01  1.162184e+02 
 2.273597e+00  1.428864e+01  3.813306e+01  6.097556e+01  1.136460e+02 
 2.305289e+00  1.406278e+01  3.738508e+01  5.972803e+01  1.111637e+02 
 2.337424e+00  1.382372e+01  3.664311e+01  5.844663e+01  1.087268e+02 
 2.370006e+00  1.358493e+01  3.592571e+01  5.723635e+01  1.063649e+02 
 2.403043e+00  1.334242e+01  3.522539e+01  5.599106e+01  1.039461e+02 
 2.436540e+00  1.312498e+01  3.454430e+01  5.481117e+01  1.016059e+02 
 2.470504e+00  1.290012e+01  3.386029e+01  5.361437e+01  9.929130e+01 
 2.504942e+00  1.267972e+01  3.319608e+01  5.247810e+01  9.706354e+01 
 2.539859e+00  1.246910e+01  3.251165e+01  5.130994e+01  9.480005e+01 
 2.575263e+00  1.224106e+01  3.183083e+01  5.021123e+01  9.266022e+01 
 2.611161e+00  1.203360e+01  3.117750e+01  4.905565e+01  9.050825e+01 
 2.647559e+00  1.182177e+01  3.052257e+01  4.793298e+01  8.834254e+01 
 2.684465e+00  1.161326e+01  2.989977e+01  4.684838e+01  8.625417e+01 
 2.721885e+00  1.139812e+01  2.923774e+01  4.578177e+01  8.420870e+01 
 2.759826e+00  1.119699e+01  2.860317e+01  4.471249e+01  8.220249e+01 
 2.798297e+00  1.099374e+01  2.799783e+01  4.368651e+01  8.028071e+01 
 2.837304e+00  1.079749e+01  2.738989e+01  4.267284e+01  7.834900e+01 
 2.876854e+00  1.060094e+01  2.678877e+01  4.167236e+01  7.647619e+01 
 2.916956e+00  1.041092e+01  2.621108e+01  4.070019e+01  7.459824e+01 
 2.957617e+00  1.022584e+01  2.564644e+01  3.976178e+01  7.281134e+01 
 2.998844e+00  1.004001e+01  2.508766e+01  3.882386e+01  7.104560e+01 
 3.040646e+00  9.857631e+00  2.453118e+01  3.790160e+01  6.936998e+01 
 3.083031e+00  9.678893e+00  2.398193e+01  3.700643e+01  6.768755e+01 
 3.126007e+00  9.504969e+00  2.345855e+01  3.612996e+01  6.602573e+01 
 3.169582e+00  9.327427e+00  2.291808e+01  3.524581e+01  6.441142e+01 
 3.213764e+00  9.153121e+00  2.239866e+01  3.439436e+01  6.282554e+01 
 3.258562e+00  8.977468e+00  2.189166e+01  3.355594e+01  6.126484e+01 
 3.303985e+00  8.806542e+00  2.137569e+01  3.273166e+01  5.973806e+01 
 3.350041e+00  8.638787e+00  2.087126e+01  3.191355e+01  5.823838e+01 
 3.396739e+00  8.469749e+00  2.038211e+01  3.113145e+01  5.676183e+01 
 3.444087e+00  8.307467e+00  1.989646e+01  3.033908e+01  5.532301e+01 
 3.492096e+00  8.146860e+00  1.942964e+01  2.959146e+01  5.394527e+01 
 3.540774e+00  7.983490e+00  1.897210e+01  2.885660e+01  5.258348e+01 
 3.590130e+00  7.829098e+00  1.851641e+01  2.812703e+01  5.126549e+01 
 3.640175e+00  7.677622e+00  1.807674e+01  2.743248e+01  4.997109e+01 
 3.690917e+00  7.524280e+00  1.765228e+01  2.673512e+01  4.870725e+01 
 3.742366e+00  7.375641e+00  1.722146e+01  2.606883e+01  4.749550e+01 
 3.794533e+00  7.231660e+00  1.681455e+01  2.541812e+01  4.629645e+01 
 3.847427e+00  7.087348e+00  1.640659e+01  2.477759e+01  4.513966e+01 
 3.901058e+00  6.942609e+00  1.601199e+01  2.415665e+01  4.399149e+01 
 3.955436e+00  6.805798e+00  1.562140e+01  2.353299e+01  4.286388e+01 
 4.010573e+00  6.663296e+00  1.523590e+01  2.293814e+01  4.177945e+01 
 4.066478e+00  6.525005e+00  1.485447e+01  2.234384e+01  4.069769e+01 
 4.123163e+00  6.387749e+00  1.448787e+01  2.176613e+01  3.964392e+01 
 4.180637e+00  6.254441e+00  1.412711e+01  2.120458e+01  3.861321e+01 
 4.238913e+00  6.121896e+00  1.376898e+01  2.065113e+01  3.761746e+01 
 4.298001e+00  5.989117e+00  1.342223e+01  2.011606e+01  3.663796e+01 
 4.357913e+00  5.864349e+00  1.308284e+01  1.959511e+01  3.569534e+01 
 4.418660e+00  5.738057e+00  1.275628e+01  1.908481e+01  3.477734e+01 
 4.480254e+00  5.613701e+00  1.243319e+01  1.858990e+01  3.387843e+01 
 4.542706e+00  5.494257e+00  1.211858e+01  1.810643e+01  3.300342e+01 
 4.606029e+00  5.375416e+00  1.181542e+01  1.764076e+01  3.216125e+01 
 4.670234e+00  5.258779e+00  1.151837e+01  1.719007e+01  3.133994e+01 
 4.735335e+00  5.145090e+00  1.122967e+01  1.674620e+01  3.053449e+01 
 4.801343e+00  5.035081e+00  1.094847e+01  1.631603e+01  2.974665e+01 
 4.868271e+00  4.924420e+00  1.067059e+01  1.589323e+01  2.898069e+01 
 4.936132e+00  4.815469e+00  1.039821e+01  1.547984e+01  2.822979e+01 
 5.004939e+00  4.707497e+00  1.013252e+01  1.507535e+01  2.749433e+01 
 5.074705e+00  4.600629e+00  9.871476e+00  1.467820e+01  2.677679e+01 
 5.145444e+00  4.497030e+00  9.616546e+00  1.429220e+01  2.607638e+01 
 5.217169e+00  4.393649e+00  9.366402e+00  1.391382e+01  2.538437e+01 
 5.289893e+00  4.294260e+00  9.124226e+00  1.355048e+01  2.472205e+01 
 5.363631e+00  4.194502e+00  8.887892e+00  1.319082e+01  2.407109e+01 
 5.438397e+00  4.098475e+00  8.656771e+00  1.284388e+01  2.343627e+01 
 5.514206e+00  4.004007e+00  8.432913e+00  1.250678e+01  2.282373e+01 
 5.591071e+00  3.910782e+00  8.215882e+00  1.217864e+01  2.222710e+01 
 5.669007e+00  3.821587e+00  8.003764e+00  1.186139e+01  2.164905e+01 
 5.748030e+00  3.733412e+00  7.798626e+00  1.155143e+01  2.108342e+01 
 5.828155e+00  3.647267e+00  7.599142e+00  1.125174e+01  2.053539e+01 
 5.909396e+00  3.563088e+00  7.404397e+00  1.096011e+01  2.000442e+01 
 5.991770e+00  3.480317e+00  7.214238e+00  1.067451e+01  1.948479e+01 
 6.075292e+00  3.399467e+00  7.029620e+00  1.039737e+01  1.897559e+01 
 6.159978e+00  3.319616e+00  6.847887e+00  1.012563e+01  1.847931e+01 
 6.245845e+00  3.241102e+00  6.670407e+00  9.859747e+00  1.799230e+01 
 6.332908e+00  3.163688e+00  6.495934e+00  9.599027e+00  1.751472e+01 
 6.421186e+00  3.088224e+00  6.326425e+00  9.344462e+00  1.704905e+01 
 6.510694e+00  3.013759e+00  6.160732e+00  9.096986e+00  1.659555e+01 
 6.601449e+00  2.941585e+00  5.999707e+00  8.855976e+00  1.615348e+01 
 6.693470e+00  2.870351e+00  5.842238e+00  8.620417e+00  1.572266e+01 
 6.786773e+00  2.801178e+00  5.689704e+00  8.391982e+00  1.530451e+01 
 6.881377e+00  2.734037e+00  5.541580e+00  8.170403e+00  1.489648e+01 
 6.977300e+00  2.668328e+00  5.397936e+00  7.956188e+00  1.450139e+01 
 7.074559e+00  2.604729e+00  5.257941e+00  7.746662e+00  1.411686e+01 
 7.173175e+00  2.542291e+00  5.122551e+00  7.543834e+00  1.374431e+01 
 7.273165e+00  2.481811e+00  4.990916e+00  7.347687e+00  1.338193e+01 
 7.374549e+00  2.422572e+00  4.862455e+00  7.155580e+00  1.303001e+01 
 7.477346e+00  2.364655e+00  4.738017e+00  6.969912e+00  1.268605e+01 
 7.581576e+00  2.308306e+00  4.615657e+00  6.787421e+00  1.235046e+01 
 7.687260e+00  2.252712e+00  4.496568e+00  6.609291e+00  1.202281e+01 
 7.794416e+00  2.198280e+00  4.379932e+00  6.434300e+00  1.170104e+01 
 7.903066e+00  2.144938e+00  4.265376e+00  6.263196e+00  1.138577e+01 
 8.013230e+00  2.092658e+00  4.154272e+00  6.097599e+00  1.107914e+01 
 8.124930e+00  2.041506e+00  4.045650e+00  5.935342e+00  1.077950e+01 
 8.238187e+00  1.991813e+00  3.939664e+00  5.776922e+00  1.048788e+01 
 8.353023e+00  1.943190e+00  3.836810e+00  5.623357e+00  1.020379e+01 
 8.469460e+00  1.896002e+00  3.736973e+00  5.474214e+00  9.928188e+00 
 8.587519e+00  1.850136e+00  3.639818e+00  5.329085e+00  9.660341e+00 
 8.707225e+00  1.805513e+00  3.545385e+00  5.188430e+00  9.400371e+00 
 8.828599e+00  1.762177e+00  3.454236e+00  5.052028e+00  9.147625e+00 
 8.951665e+00  1.719909e+00  3.365746e+00  4.919524e+00  8.903057e+00 
 9.076446e+00  1.679009e+00  3.279713e+00  4.791268e+00  8.665590e+00 
 9.202967e+00  1.638860e+00  3.196131e+00  4.666624e+00  8.434398e+00 
 9.331251e+00  1.600246e+00  3.114623e+00  4.544843e+00  8.209332e+00 
 9.461324e+00  0.000000e+00  0.000000e+00  0.000000e+00  0.000000e+00 
 9.593209e+00  0.000000e+00  0.000000e+00  0.000000e+00  0.000000e+00 
 9.726934e+00  0.000000e+00  0.000000e+00  0.000000e+00  0.000000e+00 
 9.862522e+00  0.000000e+00  0.000000e+00  0.000000e+00  0.000000e+00 
 1.000000e+01  0.000000e+00  0.000000e+00  0.000000e+00  0.000000e+00 
