 1.000000e-02  5.392287e+03  9.837254e+03  1.331684e+04  1.988712e+04 
 1.013939e-02  5.421553e+03  9.890467e+03  1.338864e+04  1.999386e+04 
 1.028073e-02  5.450238e+03  9.942649e+03  1.345898e+04  2.009844e+04 
 1.042404e-02  5.478379e+03  9.993768e+03  1.352800e+04  2.020100e+04 
 1.056935e-02  5.506068e+03  1.004399e+04  1.359589e+04  2.030196e+04 
 1.071668e-02  5.533288e+03  1.009334e+04  1.366258e+04  2.040114e+04 
 1.086606e-02  5.559976e+03  1.014181e+04  1.372797e+04  2.049834e+04 
 1.101753e-02  5.586115e+03  1.018932e+04  1.379200e+04  2.059346e+04 
 1.117111e-02  5.611689e+03  1.023579e+04  1.385459e+04  2.068643e+04 
 1.132683e-02  5.636686e+03  1.028116e+04  1.391574e+04  2.077724e+04 
 1.148472e-02  5.661100e+03  1.032543e+04  1.397544e+04  2.086591e+04 
 1.164481e-02  5.684890e+03  1.036858e+04  1.403357e+04  2.095233e+04 
 1.180713e-02  5.708034e+03  1.041055e+04  1.409012e+04  2.103639e+04 
 1.197171e-02  5.730537e+03  1.045135e+04  1.414520e+04  2.111797e+04 
 1.213859e-02  5.752392e+03  1.049094e+04  1.419872e+04  2.119710e+04 
 1.230780e-02  5.773537e+03  1.052927e+04  1.425040e+04  2.127364e+04 
 1.247936e-02  5.793966e+03  1.056625e+04  1.430020e+04  2.134752e+04 
 1.265332e-02  5.813639e+03  1.060186e+04  1.434812e+04  2.141861e+04 
 1.282970e-02  5.832455e+03  1.063589e+04  1.439389e+04  2.148642e+04 
 1.300854e-02  5.850440e+03  1.066840e+04  1.443766e+04  2.155116e+04 
 1.318987e-02  5.867712e+03  1.069964e+04  1.447973e+04  2.161334e+04 
 1.337373e-02  5.884234e+03  1.072950e+04  1.451994e+04  2.167287e+04 
 1.356015e-02  5.899947e+03  1.075788e+04  1.455816e+04  2.172940e+04 
 1.374917e-02  5.914833e+03  1.078475e+04  1.459424e+04  2.178270e+04 
 1.394083e-02  5.928841e+03  1.081000e+04  1.462810e+04  2.183270e+04 
 1.413516e-02  5.941949e+03  1.083360e+04  1.465978e+04  2.187942e+04 
 1.433219e-02  5.954168e+03  1.085557e+04  1.468930e+04  2.192294e+04 
 1.453198e-02  5.965453e+03  1.087584e+04  1.471652e+04  2.196302e+04 
 1.473454e-02  5.975789e+03  1.089438e+04  1.474138e+04  2.199951e+04 
 1.493993e-02  5.985156e+03  1.091115e+04  1.476385e+04  2.203241e+04 
 1.514819e-02  5.993617e+03  1.092629e+04  1.478404e+04  2.206202e+04 
 1.535935e-02  6.001116e+03  1.093967e+04  1.480185e+04  2.208811e+04 
 1.557345e-02  6.007637e+03  1.095128e+04  1.481729e+04  2.211056e+04 
 1.579053e-02  6.013126e+03  1.096098e+04  1.483022e+04  2.212917e+04 
 1.601064e-02  6.017525e+03  1.096871e+04  1.484047e+04  2.214384e+04 
 1.623382e-02  6.020864e+03  1.097451e+04  1.484801e+04  2.215468e+04 
 1.646012e-02  6.023106e+03  1.097831e+04  1.485285e+04  2.216150e+04 
 1.668956e-02  6.024212e+03  1.098000e+04  1.485486e+04  2.216403e+04 
 1.692220e-02  6.024197e+03  1.097964e+04  1.485414e+04  2.216229e+04 
 1.715809e-02  6.023045e+03  1.097724e+04  1.485064e+04  2.215644e+04 
 1.739726e-02  6.020729e+03  1.097271e+04  1.484424e+04  2.214640e+04 
 1.763977e-02  6.017227e+03  1.096604e+04  1.483495e+04  2.213201e+04 
 1.788566e-02  6.012568e+03  1.095723e+04  1.482277e+04  2.211322e+04 
 1.813498e-02  6.006720e+03  1.094623e+04  1.480766e+04  2.208996e+04 
 1.838777e-02  5.999646e+03  1.093300e+04  1.478950e+04  2.206221e+04 
 1.864409e-02  5.991328e+03  1.091752e+04  1.476830e+04  2.203007e+04 
 1.890397e-02  5.981765e+03  1.089979e+04  1.474403e+04  2.199337e+04 
 1.916748e-02  5.970990e+03  1.087982e+04  1.471676e+04  2.195216e+04 
 1.943467e-02  5.958972e+03  1.085761e+04  1.468645e+04  2.190641e+04 
 1.970558e-02  5.945688e+03  1.083306e+04  1.465300e+04  2.185594e+04 
 1.998026e-02  5.931125e+03  1.080619e+04  1.461638e+04  2.180080e+04 
 2.025878e-02  5.915314e+03  1.077702e+04  1.457667e+04  2.174110e+04 
 2.054117e-02  5.898237e+03  1.074558e+04  1.453386e+04  2.167676e+04 
 2.082751e-02  5.879892e+03  1.071183e+04  1.448791e+04  2.160774e+04 
 2.111783e-02  5.860256e+03  1.067571e+04  1.443882e+04  2.153402e+04 
 2.141220e-02  5.839423e+03  1.063737e+04  1.438666e+04  2.145565e+04 
 2.171068e-02  5.817864e+03  1.059745e+04  1.433211e+04  2.137298e+04 
 2.201331e-02  5.795028e+03  1.055520e+04  1.427444e+04  2.128566e+04 
 2.232016e-02  5.770922e+03  1.051065e+04  1.421363e+04  2.119367e+04 
 2.263130e-02  5.745553e+03  1.046382e+04  1.414973e+04  2.109710e+04 
 2.294676e-02  5.718935e+03  1.041470e+04  1.408273e+04  2.099598e+04 
 2.326663e-02  5.691075e+03  1.036332e+04  1.401267e+04  2.089024e+04 
 2.359095e-02  5.661990e+03  1.030969e+04  1.393960e+04  2.077997e+04 
 2.391980e-02  5.631696e+03  1.025386e+04  1.386355e+04  2.066524e+04 
 2.425323e-02  5.600203e+03  1.019586e+04  1.378456e+04  2.054617e+04 
 2.459130e-02  5.567525e+03  1.013569e+04  1.370264e+04  2.042281e+04 
 2.493409e-02  5.533679e+03  1.007340e+04  1.361786e+04  2.029516e+04 
 2.528166e-02  5.498689e+03  1.000902e+04  1.353026e+04  2.016332e+04 
 2.563407e-02  5.462571e+03  9.942615e+03  1.343992e+04  2.002737e+04 
 2.599140e-02  5.425370e+03  9.874235e+03  1.334690e+04  1.988747e+04 
 2.635371e-02  5.387099e+03  9.803928e+03  1.325128e+04  1.974367e+04 
 2.672106e-02  5.347800e+03  9.731725e+03  1.315310e+04  1.959612e+04 
 2.709354e-02  5.307489e+03  9.657697e+03  1.305247e+04  1.944490e+04 
 2.747121e-02  5.266216e+03  9.581899e+03  1.294945e+04  1.929013e+04 
 2.785414e-02  5.223939e+03  9.504307e+03  1.284403e+04  1.913182e+04 
 2.824241e-02  5.180431e+03  9.424576e+03  1.273584e+04  1.896961e+04 
 2.863610e-02  5.136086e+03  9.343328e+03  1.262559e+04  1.880435e+04 
 2.903527e-02  5.090931e+03  9.260615e+03  1.251337e+04  1.863615e+04 
 2.944000e-02  5.045003e+03  9.176517e+03  1.239925e+04  1.846515e+04 
 2.985038e-02  4.998353e+03  9.091106e+03  1.228335e+04  1.829152e+04 
 3.026648e-02  4.951040e+03  9.004476e+03  1.216583e+04  1.811549e+04 
 3.068838e-02  4.903114e+03  8.916742e+03  1.204683e+04  1.793725e+04 
 3.111616e-02  4.854629e+03  8.827987e+03  1.192647e+04  1.775699e+04 
 3.154990e-02  4.805633e+03  8.738314e+03  1.180485e+04  1.757487e+04 
 3.198969e-02  4.756180e+03  8.647817e+03  1.168214e+04  1.739111e+04 
 3.243561e-02  4.706334e+03  8.556619e+03  1.155847e+04  1.720595e+04 
 3.288774e-02  4.656148e+03  8.464819e+03  1.143398e+04  1.701958e+04 
 3.334618e-02  4.605691e+03  8.372529e+03  1.130884e+04  1.683222e+04 
 3.381101e-02  4.555027e+03  8.279844e+03  1.118321e+04  1.664410e+04 
 3.428231e-02  4.504199e+03  8.186880e+03  1.105721e+04  1.645546e+04 
 3.476019e-02  4.453158e+03  8.093845e+03  1.093143e+04  1.626820e+04 
 3.524473e-02  4.402074e+03  8.000756e+03  1.080556e+04  1.608086e+04 
 3.573602e-02  4.351028e+03  7.907725e+03  1.067979e+04  1.589364e+04 
 3.623416e-02  4.300089e+03  7.814879e+03  1.055428e+04  1.570679e+04 
 3.673925e-02  4.249303e+03  7.722323e+03  1.042918e+04  1.552053e+04 
 3.725137e-02  4.198731e+03  7.630174e+03  1.030462e+04  1.533508e+04 
 3.777064e-02  4.148433e+03  7.538535e+03  1.018074e+04  1.515065e+04 
 3.829714e-02  4.098471e+03  7.447515e+03  1.005770e+04  1.496742e+04 
 3.883098e-02  4.048914e+03  7.357210e+03  9.935618e+03  1.478564e+04 
 3.937226e-02  3.999812e+03  7.267735e+03  9.814663e+03  1.460551e+04 
 3.992109e-02  3.951228e+03  7.179201e+03  9.694969e+03  1.442723e+04 
 4.047757e-02  3.903197e+03  7.091643e+03  9.576553e+03  1.425074e+04 
 4.104181e-02  3.855520e+03  7.004100e+03  9.457491e+03  1.407135e+04 
 4.161391e-02  3.808509e+03  6.917781e+03  9.340085e+03  1.389444e+04 
 4.219398e-02  3.762209e+03  6.832768e+03  9.224445e+03  1.372014e+04 
 4.278214e-02  3.716661e+03  6.749147e+03  9.110679e+03  1.354862e+04 
 4.337850e-02  3.671896e+03  6.666963e+03  8.998848e+03  1.338000e+04 
 4.398317e-02  3.627964e+03  6.586259e+03  8.889030e+03  1.321439e+04 
 4.459628e-02  3.584882e+03  6.507103e+03  8.781309e+03  1.305192e+04 
 4.521792e-02  3.542665e+03  6.429546e+03  8.675749e+03  1.289270e+04 
 4.584824e-02  3.501336e+03  6.353636e+03  8.572406e+03  1.273678e+04 
 4.648734e-02  3.460916e+03  6.279384e+03  8.471316e+03  1.258419e+04 
 4.713535e-02  3.421632e+03  6.207989e+03  8.374956e+03  1.244095e+04 
 4.779239e-02  3.383392e+03  6.138970e+03  8.282337e+03  1.230465e+04 
 4.845859e-02  3.346071e+03  6.071626e+03  8.191958e+03  1.217169e+04 
 4.913407e-02  3.309654e+03  6.005946e+03  8.103781e+03  1.204198e+04 
 4.981898e-02  3.274129e+03  5.941877e+03  8.017782e+03  1.191549e+04 
 5.051342e-02  3.239470e+03  5.879372e+03  7.933900e+03  1.179215e+04 
 5.121755e-02  3.205657e+03  5.818380e+03  7.852070e+03  1.167183e+04 
 5.193150e-02  3.172655e+03  5.758856e+03  7.772205e+03  1.155440e+04 
 5.265540e-02  3.140416e+03  5.700718e+03  7.694194e+03  1.143971e+04 
 5.338938e-02  3.108623e+03  5.642910e+03  7.616127e+03  1.132359e+04 
 5.413360e-02  3.077174e+03  5.585152e+03  7.537519e+03  1.120508e+04 
 5.488820e-02  3.046343e+03  5.528518e+03  7.460441e+03  1.108886e+04 
 5.565331e-02  3.016081e+03  5.472910e+03  7.384760e+03  1.097472e+04 
 5.642908e-02  2.986243e+03  5.418079e+03  7.310129e+03  1.086214e+04 
 5.721568e-02  2.956655e+03  5.363703e+03  7.236107e+03  1.075048e+04 
 5.801323e-02  2.927348e+03  5.309854e+03  7.162786e+03  1.063988e+04 
 5.882190e-02  2.898614e+03  5.257043e+03  7.090874e+03  1.053138e+04 
 5.964185e-02  2.870787e+03  5.206256e+03  7.022065e+03  1.042856e+04 
 6.047322e-02  2.843730e+03  5.157874e+03  6.957582e+03  1.033507e+04 
 6.131619e-02  2.816146e+03  5.108535e+03  6.891817e+03  1.023966e+04 
 6.217090e-02  2.787838e+03  5.057878e+03  6.824282e+03  1.014160e+04 
 6.303753e-02  2.758965e+03  5.006191e+03  6.755349e+03  1.004145e+04 
 6.391624e-02  2.729704e+03  4.953799e+03  6.685446e+03  9.939861e+03 
 6.480720e-02  2.700085e+03  4.900752e+03  6.614634e+03  9.836903e+03 
 6.571058e-02  2.669956e+03  4.846769e+03  6.542544e+03  9.732032e+03 
 6.662655e-02  2.637895e+03  4.787275e+03  6.460892e+03  9.607008e+03 
 6.755528e-02  2.604983e+03  4.726180e+03  6.377046e+03  9.478573e+03 
 6.849697e-02  2.571216e+03  4.663547e+03  6.291145e+03  9.347116e+03 
 6.945178e-02  2.536554e+03  4.599308e+03  6.203101e+03  9.212506e+03 
 7.041990e-02  2.500961e+03  4.533404e+03  6.112836e+03  9.074634e+03 
 7.140151e-02  2.464405e+03  4.465771e+03  6.020264e+03  8.933383e+03 
 7.239681e-02  2.427116e+03  4.397077e+03  5.926623e+03  8.791759e+03 
 7.340598e-02  2.389133e+03  4.327460e+03  5.832150e+03  8.650324e+03 
 7.442922e-02  2.350153e+03  4.256041e+03  5.735276e+03  8.505348e+03 
 7.546673e-02  2.310198e+03  4.182890e+03  5.636076e+03  8.356929e+03 
 7.651869e-02  2.269318e+03  4.108091e+03  5.534670e+03  8.205257e+03 
 7.758532e-02  2.227582e+03  4.031766e+03  5.431222e+03  8.050577e+03 
 7.866682e-02  2.185972e+03  3.956902e+03  5.330945e+03  7.903623e+03 
 7.976339e-02  2.145142e+03  3.885426e+03  5.237178e+03  7.771147e+03 
 8.087525e-02  2.103702e+03  3.812770e+03  5.141750e+03  7.636024e+03 
 8.200261e-02  2.061780e+03  3.739165e+03  5.044972e+03  7.498694e+03 
 8.314568e-02  2.019520e+03  3.664877e+03  4.947203e+03  7.359702e+03 
 8.430468e-02  1.977076e+03  3.590181e+03  4.848817e+03  7.219605e+03 
 8.547985e-02  1.933658e+03  3.512279e+03  4.744715e+03  7.067717e+03 
 8.667139e-02  1.889988e+03  3.433231e+03  4.638424e+03  6.911010e+03 
 8.787954e-02  1.846704e+03  3.354874e+03  4.533052e+03  6.755598e+03 
 8.910453e-02  1.803987e+03  3.277545e+03  4.429047e+03  6.602144e+03 
 9.034660e-02  1.762011e+03  3.201556e+03  4.326841e+03  6.451313e+03 
 9.160598e-02  1.721641e+03  3.129427e+03  4.230663e+03  6.311303e+03 
 9.288292e-02  1.682964e+03  3.061207e+03  4.140487e+03  6.181852e+03 
 9.417766e-02  1.645484e+03  2.995092e+03  4.053084e+03  6.056343e+03 
 9.549045e-02  1.609355e+03  2.931324e+03  3.968805e+03  5.935320e+03 
 9.682153e-02  1.574680e+03  2.870141e+03  3.887950e+03  5.819251e+03 
 9.817117e-02  1.541826e+03  2.812671e+03  3.812425e+03  5.711950e+03 
 9.953962e-02  1.510695e+03  2.758441e+03  3.741372e+03  5.611498e+03 
 1.009272e-01  1.481251e+03  2.707197e+03  3.674305e+03  5.516827e+03 
 1.023340e-01  1.453522e+03  2.659006e+03  3.611313e+03  5.428073e+03 
 1.037605e-01  1.426817e+03  2.611810e+03  3.548836e+03  5.338284e+03 
 1.052069e-01  1.399194e+03  2.559820e+03  3.477035e+03  5.228189e+03 
 1.066734e-01  1.373252e+03  2.510942e+03  3.409518e+03  5.124550e+03 
 1.081604e-01  1.348891e+03  2.464998e+03  3.346004e+03  5.026969e+03 
 1.096681e-01  1.325993e+03  2.421763e+03  3.286157e+03  4.934944e+03 
 1.111968e-01  1.304868e+03  2.382317e+03  3.231748e+03  4.851188e+03 
 1.127468e-01  1.284890e+03  2.345015e+03  3.180290e+03  4.771876e+03 
 1.143184e-01  1.265831e+03  2.309407e+03  3.131143e+03  4.696092e+03 
 1.159120e-01  1.247484e+03  2.275100e+03  3.083769e+03  4.623018e+03 
 1.175277e-01  1.230739e+03  2.244934e+03  3.043054e+03  4.562056e+03 
 1.191660e-01  1.214331e+03  2.215482e+03  3.003408e+03  4.502888e+03 
 1.208271e-01  1.197926e+03  2.186033e+03  2.963767e+03  4.443768e+03 
 1.225114e-01  1.181265e+03  2.156131e+03  2.923501e+03  4.383842e+03 
 1.242191e-01  1.163889e+03  2.124844e+03  2.881483e+03  4.322362e+03 
 1.259506e-01  1.145917e+03  2.092409e+03  2.837949e+03  4.258565e+03 
 1.277063e-01  1.127168e+03  2.058538e+03  2.792479e+03  4.191882e+03 
 1.294865e-01  1.107841e+03  2.023813e+03  2.745825e+03  4.123026e+03 
 1.312915e-01  1.087949e+03  1.988226e+03  2.697994e+03  4.051857e+03 
 1.331216e-01  1.067039e+03  1.950747e+03  2.647576e+03  3.976802e+03 
 1.349772e-01  1.045121e+03  1.911457e+03  2.594725e+03  3.898287e+03 
 1.368587e-01  1.023465e+03  1.874646e+03  2.547551e+03  3.834917e+03 
 1.387665e-01  1.000951e+03  1.836158e+03  2.498021e+03  3.767767e+03 
 1.407008e-01  9.777171e+02  1.796254e+03  2.446464e+03  3.697322e+03 
 1.426621e-01  9.547269e+02  1.756814e+03  2.395131e+03  3.624975e+03 
 1.446507e-01  9.316649e+02  1.717176e+03  2.343291e+03  3.551044e+03 
 1.466671e-01  9.085250e+02  1.677280e+03  2.290965e+03  3.476218e+03 
 1.487115e-01  8.833382e+02  1.631511e+03  2.229269e+03  3.385174e+03 
 1.507845e-01  8.571779e+02  1.582556e+03  2.162348e+03  3.284833e+03 
 1.528864e-01  8.318685e+02  1.535208e+03  2.097592e+03  3.187692e+03 
 1.550175e-01  8.095908e+02  1.495481e+03  2.044723e+03  3.111351e+03 
 1.571784e-01  7.898718e+02  1.461765e+03  2.001135e+03  3.050939e+03 
 1.593694e-01  7.714129e+02  1.430274e+03  1.960485e+03  2.994697e+03 
 1.615909e-01  7.548450e+02  1.402541e+03  1.924977e+03  2.946162e+03 
 1.638434e-01  7.398937e+02  1.377841e+03  1.893588e+03  2.903748e+03 
 1.661273e-01  7.263115e+02  1.355579e+03  1.865499e+03  2.866093e+03 
 1.684430e-01  7.106577e+02  1.326686e+03  1.826497e+03  2.809234e+03 
 1.707910e-01  6.958408e+02  1.299000e+03  1.788932e+03  2.754187e+03 
 1.731717e-01  6.827016e+02  1.274878e+03  1.756467e+03  2.706969e+03 
 1.755856e-01  6.728435e+02  1.258653e+03  1.735732e+03  2.677932e+03 
 1.780332e-01  6.635462e+02  1.243437e+03  1.716361e+03  2.650968e+03 
 1.805149e-01  6.527560e+02  1.223196e+03  1.688198e+03  2.606933e+03 
 1.830312e-01  6.409626e+02  1.199773e+03  1.654571e+03  2.552348e+03 
 1.855825e-01  6.291325e+02  1.176625e+03  1.621706e+03  2.499865e+03 
 1.881694e-01  6.176195e+02  1.155990e+03  1.594463e+03  2.461076e+03 
 1.907924e-01  6.055730e+02  1.134349e+03  1.565813e+03  2.420089e+03 
 1.934520e-01  5.923242e+02  1.110200e+03  1.533755e+03  2.374967e+03 
 1.961486e-01  5.782363e+02  1.084387e+03  1.499398e+03  2.326566e+03 
 1.988828e-01  5.647876e+02  1.060477e+03  1.467845e+03  2.281947e+03 
 2.016551e-01  5.526015e+02  1.039941e+03  1.441208e+03  2.244143e+03 
 2.044661e-01  5.397431e+02  1.017767e+03  1.412022e+03  2.201976e+03 
 2.073162e-01  5.254047e+02  9.909717e+02  1.375013e+03  2.145461e+03 
 2.102061e-01  5.110648e+02  9.641566e+02  1.337970e+03  2.088862e+03 
 2.131362e-01  5.009408e+02  9.496554e+02  1.320961e+03  2.066772e+03 
 2.161073e-01  4.913428e+02  9.362106e+02  1.305453e+03  2.047016e+03 
 2.191197e-01  4.788786e+02  9.148393e+02  1.278104e+03  2.010770e+03 
 2.221741e-01  4.664231e+02  8.928500e+02  1.249628e+03  1.972979e+03 
 2.252711e-01  4.554170e+02  8.741133e+02  1.225890e+03  1.941821e+03 
 2.284112e-01  4.455106e+02  8.575777e+02  1.205222e+03  1.915062e+03 
 2.315951e-01  4.369893e+02  8.426817e+02  1.185188e+03  1.884380e+03 
 2.348235e-01  4.294109e+02  8.292165e+02  1.166572e+03  1.854218e+03 
 2.380968e-01  4.203037e+02  8.115829e+02  1.141943e+03  1.816619e+03 
 2.414157e-01  4.111091e+02  7.934790e+02  1.116616e+03  1.778414e+03 
 2.447809e-01  4.018065e+02  7.758392e+02  1.092588e+03  1.742396e+03 
 2.481930e-01  3.926828e+02  7.586758e+02  1.069294e+03  1.707484e+03 
 2.516527e-01  3.871715e+02  7.498712e+02  1.057770e+03  1.690186e+03 
 2.551606e-01  3.803419e+02  7.380599e+02  1.042002e+03  1.666826e+03 
 2.587174e-01  3.699860e+02  7.180403e+02  1.014663e+03  1.627297e+03 
 2.623238e-01  3.612077e+02  7.022261e+02  9.936237e+02  1.597349e+03 
 2.659804e-01  3.541693e+02  6.910073e+02  9.794552e+02  1.577854e+03 
 2.696881e-01  3.449180e+02  6.743799e+02  9.572190e+02  1.544646e+03 
 2.734474e-01  3.351446e+02  6.564245e+02  9.329962e+02  1.508097e+03 
 2.772591e-01  3.279431e+02  6.448419e+02  9.188092e+02  1.490418e+03 
 2.811239e-01  3.204329e+02  6.319885e+02  9.027347e+02  1.471111e+03 
 2.850426e-01  3.125684e+02  6.175692e+02  8.843655e+02  1.450166e+03 
 2.890160e-01  3.056856e+02  6.060517e+02  8.696470e+02  1.429132e+03 
 2.930447e-01  2.993447e+02  5.952039e+02  8.550709e+02  1.406004e+03 
 2.971296e-01  2.933088e+02  5.831324e+02  8.366911e+02  1.374078e+03 
 3.012714e-01  2.878807e+02  5.739222e+02  8.245471e+02  1.356092e+03 
 3.054710e-01  2.824431e+02  5.651484e+02  8.138453e+02  1.342276e+03 
 3.097291e-01  2.756989e+02  5.530514e+02  7.983047e+02  1.321920e+03 
 3.140465e-01  2.694697e+02  5.406334e+02  7.804284e+02  1.292424e+03 
 3.184242e-01  2.638862e+02  5.296550e+02  7.645705e+02  1.266036e+03 
 3.228628e-01  2.594708e+02  5.226511e+02  7.560616e+02  1.256176e+03 
 3.273634e-01  2.530169e+02  5.098799e+02  7.378271e+02  1.227114e+03 
 3.319266e-01  2.463712e+02  4.972165e+02  7.204841e+02  1.201271e+03 
 3.365535e-01  2.401393e+02  4.863718e+02  7.067692e+02  1.183420e+03 
 3.412449e-01  2.359460e+02  4.808957e+02  7.001811e+02  1.172541e+03 
 3.460016e-01  2.313609e+02  4.734963e+02  6.906656e+02  1.159114e+03 
 3.508247e-01  2.269262e+02  4.656499e+02  6.802492e+02  1.144090e+03 
 3.557150e-01  2.226628e+02  4.577695e+02  6.696294e+02  1.128053e+03 
 3.606735e-01  2.177318e+02  4.490646e+02  6.582795e+02  1.112080e+03 
 3.657011e-01  2.117438e+02  4.378679e+02  6.431757e+02  1.091753e+03 
 3.707988e-01  2.070036e+02  4.289470e+02  6.311551e+02  1.074105e+03 
 3.759675e-01  2.026440e+02  4.207655e+02  6.200450e+02  1.057704e+03 
 3.812083e-01  1.980605e+02  4.125887e+02  6.090540e+02  1.041938e+03 
 3.865221e-01  1.941434e+02  4.068930e+02  6.022525e+02  1.029795e+03 
 3.919100e-01  1.901478e+02  3.976630e+02  5.884054e+02  1.011640e+03 
 3.973730e-01  1.855762e+02  3.903071e+02  5.792700e+02  9.969069e+02 
 4.029122e-01  1.820194e+02  3.847740e+02  5.714913e+02  9.822359e+02 
 4.085286e-01  1.783888e+02  3.769855e+02  5.604497e+02  9.666903e+02 
 4.142232e-01  1.739780e+02  3.681026e+02  5.489417e+02  9.529305e+02 
 4.199973e-01  1.697599e+02  3.609928e+02  5.400299e+02  9.398210e+02 
 4.258518e-01  1.664683e+02  3.548934e+02  5.312878e+02  9.243718e+02 
 4.317880e-01  1.629805e+02  3.479983e+02  5.211098e+02  9.091816e+02 
 4.378069e-01  1.599318e+02  3.420596e+02  5.127070e+02  8.951904e+02 
 4.439097e-01  1.573849e+02  3.382256e+02  5.082721e+02  8.918660e+02 
 4.500975e-01  1.532294e+02  3.305732e+02  4.977814e+02  8.762341e+02 
 4.563716e-01  1.497091e+02  3.234189e+02  4.873627e+02  8.573735e+02 
 4.627332e-01  1.474991e+02  3.204588e+02  4.842860e+02  8.546052e+02 
 4.691835e-01  1.438299e+02  3.131845e+02  4.737235e+02  8.365543e+02 
 4.757236e-01  1.411871e+02  3.081280e+02  4.669766e+02  8.265057e+02 
 4.823549e-01  1.376157e+02  3.008198e+02  4.568593e+02  8.135133e+02 
 4.890787e-01  1.348262e+02  2.954763e+02  4.495908e+02  8.018700e+02 
 4.958962e-01  1.327736e+02  2.914787e+02  4.432927e+02  7.901395e+02 
 5.028087e-01  1.299979e+02  2.867050e+02  4.368724e+02  7.809484e+02 
 5.098176e-01  1.277265e+02  2.825796e+02  4.307163e+02  7.683603e+02 
 5.169242e-01  1.256410e+02  2.783045e+02  4.256138e+02  7.615868e+02 
 5.241298e-01  1.216585e+02  2.720276e+02  4.175244e+02  7.518555e+02 
 5.314359e-01  1.196241e+02  2.688483e+02  4.130508e+02  7.446466e+02 
 5.388438e-01  1.172261e+02  2.634588e+02  4.050478e+02  7.327148e+02 
 5.463550e-01  1.152534e+02  2.595386e+02  3.991198e+02  7.229169e+02 
 5.539709e-01  1.123305e+02  2.545586e+02  3.927842e+02  7.127646e+02 
 5.616930e-01  1.104587e+02  2.509042e+02  3.875712e+02  7.047104e+02 
 5.695227e-01  1.083971e+02  2.476938e+02  3.835870e+02  6.955293e+02 
 5.774615e-01  1.060296e+02  2.421990e+02  3.755687e+02  6.844232e+02 
 5.855110e-01  1.042248e+02  2.387704e+02  3.701266e+02  6.753926e+02 
 5.936727e-01  1.019359e+02  2.334373e+02  3.629421e+02  6.647684e+02 
 6.019482e-01  1.003373e+02  2.310675e+02  3.588630e+02  6.571378e+02 
 6.103390e-01  9.807649e+01  2.272700e+02  3.538356e+02  6.476917e+02 
 6.188468e-01  9.597238e+01  2.239825e+02  3.511695e+02  6.457583e+02 
 6.274732e-01  9.450268e+01  2.200852e+02  3.444689e+02  6.352691e+02 
 6.362198e-01  9.273600e+01  2.169003e+02  3.395538e+02  6.256022e+02 
 6.450884e-01  9.067338e+01  2.133183e+02  3.346145e+02  6.168435e+02 
 6.540806e-01  8.887959e+01  2.090068e+02  3.281184e+02  6.078031e+02 
 6.631981e-01  8.704019e+01  2.062976e+02  3.252281e+02  6.018559e+02 
 6.724427e-01  8.548883e+01  2.029058e+02  3.206166e+02  5.965306e+02 
 6.818162e-01  8.376854e+01  1.994433e+02  3.143152e+02  5.850631e+02 
 6.913204e-01  8.207570e+01  1.960763e+02  3.100131e+02  5.775147e+02 
 7.009570e-01  8.099461e+01  1.933401e+02  3.060512e+02  5.703814e+02 
 7.107280e-01  7.903834e+01  1.903370e+02  3.016529e+02  5.617602e+02 
 7.206351e-01  7.791455e+01  1.876565e+02  2.981449e+02  5.574667e+02 
 7.306804e-01  7.643448e+01  1.849581e+02  2.935641e+02  5.478812e+02 
 7.408657e-01  7.483037e+01  1.815452e+02  2.886336e+02  5.411582e+02 
 7.511929e-01  7.333627e+01  1.784828e+02  2.847334e+02  5.339310e+02 
 7.616642e-01  7.198199e+01  1.754839e+02  2.805121e+02  5.277063e+02 
 7.722814e-01  7.113262e+01  1.737612e+02  2.773694e+02  5.199370e+02 
 7.830465e-01  6.971423e+01  1.706682e+02  2.730445e+02  5.133297e+02 
 7.939618e-01  6.850568e+01  1.685956e+02  2.696788e+02  5.087062e+02 
 8.050292e-01  6.708903e+01  1.657258e+02  2.663410e+02  5.021977e+02 
 8.162509e-01  6.603158e+01  1.634327e+02  2.619537e+02  4.936904e+02 
 8.276289e-01  6.451325e+01  1.604548e+02  2.581275e+02  4.877756e+02 
 8.391656e-01  6.382274e+01  1.587293e+02  2.547967e+02  4.828627e+02 
 8.508632e-01  6.272145e+01  1.561580e+02  2.514743e+02  4.764707e+02 
 8.627237e-01  6.144872e+01  1.538780e+02  2.479335e+02  4.691899e+02 
 8.747496e-01  6.039786e+01  1.514911e+02  2.445216e+02  4.632243e+02 
 8.869432e-01  5.943594e+01  1.494227e+02  2.412975e+02  4.572633e+02 
 8.993067e-01  5.833367e+01  1.471879e+02  2.378236e+02  4.509661e+02 
 9.118425e-01  5.747195e+01  1.448085e+02  2.340098e+02  4.431661e+02 
 9.245531e-01  5.630060e+01  1.424940e+02  2.304766e+02  4.383906e+02 
 9.374409e-01  5.531408e+01  1.404750e+02  2.276944e+02  4.325534e+02 
 9.505083e-01  5.447220e+01  1.383844e+02  2.245060e+02  4.264343e+02 
 9.637579e-01  5.337013e+01  1.358339e+02  2.207194e+02  4.205330e+02 
 9.771921e-01  5.276678e+01  1.351039e+02  2.185397e+02  4.147703e+02 
 9.908137e-01  5.181704e+01  1.327058e+02  2.152848e+02  4.095785e+02 
 1.004625e+00  5.088148e+01  1.303483e+02  2.116040e+02  4.026306e+02 
 1.018629e+00  5.008330e+01  1.286421e+02  2.087378e+02  3.968277e+02 
 1.032828e+00  4.920547e+01  1.267703e+02  2.062082e+02  3.928458e+02 
 1.047225e+00  4.833422e+01  1.250619e+02  2.029852e+02  3.861647e+02 
 1.061823e+00  4.765240e+01  1.234264e+02  2.002741e+02  3.804933e+02 
 1.076624e+00  4.682720e+01  1.215562e+02  1.973699e+02  3.748384e+02 
 1.091632e+00  4.607385e+01  1.197135e+02  1.946307e+02  3.690581e+02 
 1.106848e+00  4.526138e+01  1.177434e+02  1.917616e+02  3.641190e+02 
 1.122277e+00  4.452660e+01  1.161702e+02  1.887044e+02  3.582329e+02 
 1.137921e+00  4.377602e+01  1.142614e+02  1.859453e+02  3.528550e+02 
 1.153783e+00  4.313479e+01  1.125467e+02  1.831484e+02  3.477260e+02 
 1.169866e+00  4.238921e+01  1.109085e+02  1.803495e+02  3.427449e+02 
 1.186174e+00  4.167211e+01  1.093634e+02  1.777584e+02  3.372957e+02 
 1.202708e+00  4.105589e+01  1.077099e+02  1.751044e+02  3.319636e+02 
 1.219473e+00  4.040045e+01  1.061497e+02  1.726014e+02  3.263724e+02 
 1.236472e+00  3.972761e+01  1.046180e+02  1.701244e+02  3.214213e+02 
 1.253708e+00  3.912635e+01  1.029658e+02  1.673631e+02  3.167910e+02 
 1.271184e+00  3.850896e+01  1.018344e+02  1.652742e+02  3.115778e+02 
 1.288904e+00  3.789818e+01  9.991461e+01  1.624781e+02  3.071206e+02 
 1.306870e+00  3.724656e+01  9.844990e+01  1.599583e+02  3.019054e+02 
 1.325087e+00  3.672263e+01  9.703250e+01  1.575630e+02  2.967734e+02 
 1.343558e+00  3.614981e+01  9.552973e+01  1.550955e+02  2.919072e+02 
 1.362287e+00  3.562577e+01  9.400543e+01  1.524712e+02  2.871539e+02 
 1.381276e+00  3.505716e+01  9.258101e+01  1.498644e+02  2.824203e+02 
 1.400531e+00  3.451686e+01  9.116841e+01  1.475658e+02  2.772340e+02 
 1.420053e+00  3.394223e+01  8.967660e+01  1.452668e+02  2.723442e+02 
 1.439848e+00  3.342587e+01  8.833906e+01  1.427652e+02  2.677470e+02 
 1.459919e+00  3.285235e+01  8.690530e+01  1.403618e+02  2.627684e+02 
 1.480269e+00  3.240366e+01  8.539541e+01  1.379367e+02  2.577131e+02 
 1.500903e+00  3.187551e+01  8.406796e+01  1.355472e+02  2.536580e+02 
 1.521825e+00  3.137050e+01  8.283862e+01  1.334201e+02  2.488556e+02 
 1.543038e+00  3.086171e+01  8.148370e+01  1.312410e+02  2.445578e+02 
 1.564548e+00  3.042126e+01  8.015083e+01  1.289433e+02  2.399442e+02 
 1.586357e+00  2.995034e+01  7.894767e+01  1.267632e+02  2.355150e+02 
 1.608469e+00  2.946133e+01  7.770531e+01  1.245994e+02  2.314151e+02 
 1.630891e+00  2.909012e+01  7.630605e+01  1.222401e+02  2.268102e+02 
 1.653624e+00  2.859885e+01  7.504422e+01  1.202551e+02  2.229042e+02 
 1.676675e+00  2.815730e+01  7.393790e+01  1.182041e+02  2.184309e+02 
 1.700047e+00  2.770345e+01  7.269522e+01  1.160581e+02  2.143557e+02 
 1.723745e+00  2.727747e+01  7.143633e+01  1.139428e+02  2.099113e+02 
 1.747773e+00  2.682492e+01  7.018741e+01  1.118422e+02  2.057557e+02 
 1.772136e+00  2.640861e+01  6.896682e+01  1.097116e+02  2.018515e+02 
 1.796838e+00  2.600785e+01  6.777835e+01  1.077012e+02  1.977190e+02 
 1.821885e+00  2.560892e+01  6.657822e+01  1.056277e+02  1.938292e+02 
 1.847281e+00  2.520602e+01  6.550856e+01  1.037320e+02  1.899074e+02 
 1.873032e+00  2.480953e+01  6.426721e+01  1.015970e+02  1.861378e+02 
 1.899141e+00  2.439971e+01  6.308765e+01  9.971093e+01  1.822786e+02 
 1.925614e+00  2.403091e+01  6.199860e+01  9.781573e+01  1.784412e+02 
 1.952456e+00  2.371825e+01  6.092929e+01  9.593721e+01  1.747239e+02 
 1.979672e+00  2.329099e+01  5.987582e+01  9.407820e+01  1.711092e+02 
 2.007267e+00  2.295609e+01  5.875718e+01  9.213239e+01  1.676897e+02 
 2.035248e+00  2.256146e+01  5.766732e+01  9.030239e+01  1.640330e+02 
 2.063618e+00  2.220482e+01  5.658458e+01  8.853993e+01  1.605302e+02 
 2.092383e+00  2.185726e+01  5.554581e+01  8.672559e+01  1.571398e+02 
 2.121550e+00  2.149384e+01  5.447013e+01  8.493408e+01  1.536687e+02 
 2.151123e+00  2.115093e+01  5.343856e+01  8.314174e+01  1.502381e+02 
 2.181109e+00  2.080332e+01  5.239415e+01  8.144303e+01  1.469888e+02 
 2.211512e+00  2.046117e+01  5.135007e+01  7.967925e+01  1.436255e+02 
 2.242340e+00  2.013121e+01  5.036467e+01  7.800603e+01  1.404301e+02 
 2.273597e+00  1.977508e+01  4.936059e+01  7.626789e+01  1.372328e+02 
 2.305289e+00  1.946730e+01  4.836726e+01  7.466254e+01  1.341447e+02 
 2.337424e+00  1.913799e+01  4.738046e+01  7.302245e+01  1.310690e+02 
 2.370006e+00  1.881747e+01  4.643140e+01  7.145432e+01  1.282066e+02 
 2.403043e+00  1.849038e+01  4.549185e+01  6.984907e+01  1.252190e+02 
 2.436540e+00  1.818753e+01  4.457500e+01  6.832206e+01  1.223258e+02 
 2.470504e+00  1.788250e+01  4.368062e+01  6.680351e+01  1.195040e+02 
 2.504942e+00  1.757996e+01  4.280067e+01  6.533967e+01  1.167833e+02 
 2.539859e+00  1.729460e+01  4.190089e+01  6.386626e+01  1.140385e+02 
 2.575263e+00  1.698649e+01  4.101443e+01  6.248797e+01  1.114196e+02 
 2.611161e+00  1.670299e+01  4.014914e+01  6.101401e+01  1.087916e+02 
 2.647559e+00  1.641193e+01  3.928184e+01  5.959273e+01  1.061839e+02 
 2.684465e+00  1.612397e+01  3.846252e+01  5.819721e+01  1.036360e+02 
 2.721885e+00  1.582496e+01  3.759089e+01  5.685451e+01  1.011412e+02 
 2.759826e+00  1.554067e+01  3.674584e+01  5.550024e+01  9.868320e+01 
 2.798297e+00  1.526028e+01  3.595188e+01  5.419189e+01  9.634313e+01 
 2.837304e+00  1.498393e+01  3.514025e+01  5.289678e+01  9.399035e+01 
 2.876854e+00  1.470854e+01  3.433779e+01  5.163640e+01  9.171246e+01 
 2.916956e+00  1.444074e+01  3.357748e+01  5.039586e+01  8.944051e+01 
 2.957617e+00  1.417926e+01  3.282635e+01  4.920120e+01  8.728080e+01 
 2.998844e+00  1.391507e+01  3.209006e+01  4.801404e+01  8.513132e+01 
 3.040646e+00  1.365926e+01  3.135767e+01  4.686086e+01  8.309793e+01 
 3.083031e+00  1.340593e+01  3.064360e+01  4.573274e+01  8.106973e+01 
 3.126007e+00  1.316195e+01  2.995131e+01  4.462635e+01  7.908625e+01 
 3.169582e+00  1.291437e+01  2.924945e+01  4.353349e+01  7.715432e+01 
 3.213764e+00  1.267066e+01  2.857501e+01  4.246965e+01  7.525669e+01 
 3.258562e+00  1.242391e+01  2.791861e+01  4.142252e+01  7.339378e+01 
 3.303985e+00  1.218241e+01  2.724671e+01  4.039841e+01  7.157112e+01 
 3.350041e+00  1.194752e+01  2.659088e+01  3.937680e+01  6.976200e+01 
 3.396739e+00  1.170417e+01  2.595597e+01  3.839618e+01  6.801225e+01 
 3.444087e+00  1.147449e+01  2.531669e+01  3.741662e+01  6.627858e+01 
 3.492096e+00  1.124503e+01  2.470657e+01  3.648023e+01  6.462167e+01 
 3.540774e+00  1.101434e+01  2.411242e+01  3.556253e+01  6.298351e+01 
 3.590130e+00  1.079288e+01  2.351867e+01  3.465020e+01  6.140406e+01 
 3.640175e+00  1.057650e+01  2.294387e+01  3.378150e+01  5.984539e+01 
 3.690917e+00  1.035592e+01  2.239025e+01  3.291664e+01  5.833777e+01 
 3.742366e+00  1.014369e+01  2.183055e+01  3.208440e+01  5.688461e+01 
 3.794533e+00  9.937153e+00  2.130474e+01  3.127577e+01  5.544288e+01 
 3.847427e+00  9.732533e+00  2.077383e+01  3.048650e+01  5.406559e+01 
 3.901058e+00  9.526654e+00  2.026903e+01  2.971674e+01  5.270116e+01 
 3.955436e+00  9.333161e+00  1.976715e+01  2.895730e+01  5.137162e+01 
 4.010573e+00  9.132995e+00  1.927328e+01  2.822451e+01  5.008040e+01 
 4.066478e+00  8.937939e+00  1.879044e+01  2.749641e+01  4.879713e+01 
 4.123163e+00  8.743711e+00  1.831930e+01  2.678512e+01  4.754779e+01 
 4.180637e+00  8.555257e+00  1.785567e+01  2.609170e+01  4.632001e+01 
 4.238913e+00  8.366553e+00  1.739569e+01  2.541204e+01  4.513620e+01 
 4.298001e+00  8.178078e+00  1.695199e+01  2.475316e+01  4.396598e+01 
 4.357913e+00  8.000609e+00  1.651825e+01  2.411029e+01  4.283885e+01 
 4.418660e+00  7.820823e+00  1.609669e+01  2.348018e+01  4.173812e+01 
 4.480254e+00  7.644039e+00  1.568320e+01  2.286731e+01  4.066097e+01 
 4.542706e+00  7.473162e+00  1.527745e+01  2.226942e+01  3.961048e+01 
 4.606029e+00  7.304561e+00  1.489080e+01  2.169388e+01  3.860020e+01 
 4.670234e+00  7.139353e+00  1.450797e+01  2.113771e+01  3.761671e+01 
 4.735335e+00  6.978321e+00  1.413910e+01  2.074491e+01  3.665307e+01 
 4.801343e+00  6.822264e+00  1.378217e+01  2.006133e+01  3.571197e+01 
 4.868271e+00  6.667136e+00  1.342966e+01  1.954340e+01  3.479883e+01 
 4.936132e+00  6.515352e+00  1.308512e+01  1.904013e+01  3.390986e+01 
 5.004939e+00  6.365178e+00  1.275033e+01  1.854635e+01  3.303582e+01 
 5.074705e+00  6.216069e+00  1.242015e+01  1.806144e+01  3.218403e+01 
 5.145444e+00  6.070850e+00  1.209873e+01  1.758820e+01  3.135054e+01 
 5.217169e+00  5.926535e+00  1.178151e+01  1.712611e+01  3.052779e+01 
 5.289893e+00  5.787250e+00  1.147439e+01  1.667762e+01  2.972987e+01 
 5.363631e+00  5.648317e+00  1.117423e+01  1.623464e+01  2.895233e+01 
 5.438397e+00  5.513698e+00  1.088132e+01  1.580697e+01  2.819083e+01 
 5.514206e+00  5.381417e+00  1.059626e+01  1.539086e+01  2.745267e+01 
 5.591071e+00  5.250841e+00  1.032099e+01  1.498451e+01  2.673553e+01 
 5.669007e+00  5.126140e+00  1.005077e+01  1.459305e+01  2.603680e+01 
 5.748030e+00  5.002791e+00  9.789894e+00  1.421058e+01  2.535579e+01 
 5.828155e+00  4.883077e+00  9.536232e+00  1.383992e+01  2.469577e+01 
 5.909396e+00  4.766045e+00  9.289184e+00  1.347914e+01  2.405650e+01 
 5.991770e+00  4.651520e+00  9.048385e+00  1.312827e+01  2.343205e+01 
 6.075292e+00  4.540161e+00  8.815818e+00  1.278777e+01  2.282372e+01 
 6.159978e+00  4.430648e+00  8.588522e+00  1.245557e+01  2.223210e+01 
 6.245845e+00  4.323396e+00  8.366063e+00  1.213101e+01  2.165006e+01 
 6.332908e+00  4.218256e+00  8.146786e+00  1.181124e+01  2.108079e+01 
 6.421186e+00  4.114306e+00  7.933770e+00  1.149859e+01  2.052279e+01 
 6.510694e+00  4.012419e+00  7.724760e+00  1.119516e+01  1.997806e+01 
 6.601449e+00  3.913348e+00  7.521826e+00  1.089795e+01  1.944768e+01 
 6.693470e+00  3.816106e+00  7.322987e+00  1.060720e+01  1.892834e+01 
 6.786773e+00  3.721045e+00  7.130564e+00  1.032478e+01  1.842304e+01 
 6.881377e+00  3.628864e+00  6.942637e+00  1.005087e+01  1.793028e+01 
 6.977300e+00  3.538962e+00  6.760683e+00  9.785293e+00  1.745320e+01 
 7.074559e+00  3.451481e+00  6.583296e+00  9.525617e+00  1.698785e+01 
 7.173175e+00  3.366076e+00  6.411662e+00  9.274773e+00  1.653728e+01 
 7.273165e+00  3.283403e+00  6.245296e+00  9.031140e+00  1.609831e+01 
 7.374549e+00  3.202761e+00  6.082890e+00  8.793604e+00  1.567241e+01 
 7.477346e+00  3.124061e+00  5.926075e+00  8.564870e+00  1.525916e+01 
 7.581576e+00  3.048034e+00  5.772426e+00  8.340565e+00  1.485596e+01 
 7.687260e+00  2.973474e+00  5.623397e+00  8.122490e+00  1.446368e+01 
 7.794416e+00  2.900277e+00  5.477675e+00  7.908146e+00  1.407937e+01 
 7.903066e+00  2.828759e+00  5.334597e+00  7.698700e+00  1.370200e+01 
 8.013230e+00  2.758658e+00  5.195331e+00  7.495570e+00  1.333410e+01 
 8.124930e+00  2.689857e+00  5.059169e+00  7.295909e+00  1.297373e+01 
 8.238187e+00  2.622985e+00  4.925909e+00  7.100914e+00  1.262316e+01 
 8.353023e+00  2.557527e+00  4.796544e+00  6.911453e+00  1.228079e+01 
 8.469460e+00  2.493966e+00  4.670608e+00  6.727088e+00  1.194800e+01 
 8.587519e+00  2.432069e+00  4.548009e+00  6.547929e+00  1.162451e+01 
 8.707225e+00  2.371900e+00  4.428728e+00  6.373961e+00  1.130994e+01 
 8.828599e+00  2.313456e+00  4.313776e+00  6.204793e+00  1.100415e+01 
 8.951665e+00  2.256551e+00  4.201898e+00  6.040863e+00  1.070809e+01 
 9.076446e+00  2.201474e+00  4.093480e+00  5.882320e+00  1.042111e+01 
 9.202967e+00  2.148013e+00  3.988072e+00  5.728080e+00  1.014178e+01 
 9.331251e+00  2.096001e+00  3.885709e+00  5.578204e+00  9.870773e+00 
 9.461324e+00  0.000000e+00  0.000000e+00  0.000000e+00  0.000000e+00 
 9.593209e+00  0.000000e+00  0.000000e+00  0.000000e+00  0.000000e+00 
 9.726934e+00  0.000000e+00  0.000000e+00  0.000000e+00  0.000000e+00 
 9.862522e+00  0.000000e+00  0.000000e+00  0.000000e+00  0.000000e+00 
 1.000000e+01  0.000000e+00  0.000000e+00  0.000000e+00  0.000000e+00 
