 1.000000e-02  5.556805e+03  1.010077e+04  1.363044e+04  2.023067e+04 
 1.013939e-02  5.586526e+03  1.015460e+04  1.370295e+04  2.033774e+04 
 1.028073e-02  5.615783e+03  1.020762e+04  1.377436e+04  2.044318e+04 
 1.042404e-02  5.644544e+03  1.025974e+04  1.384453e+04  2.054695e+04 
 1.056935e-02  5.672778e+03  1.031086e+04  1.391333e+04  2.064879e+04 
 1.071668e-02  5.700466e+03  1.036100e+04  1.398085e+04  2.074848e+04 
 1.086606e-02  5.727600e+03  1.041012e+04  1.404697e+04  2.084602e+04 
 1.101753e-02  5.754157e+03  1.045816e+04  1.411163e+04  2.094152e+04 
 1.117111e-02  5.780123e+03  1.050512e+04  1.417481e+04  2.103495e+04 
 1.132683e-02  5.805475e+03  1.055098e+04  1.423647e+04  2.112615e+04 
 1.148472e-02  5.830182e+03  1.059567e+04  1.429657e+04  2.121492e+04 
 1.164481e-02  5.854237e+03  1.063916e+04  1.435507e+04  2.130125e+04 
 1.180713e-02  5.877635e+03  1.068146e+04  1.441198e+04  2.138515e+04 
 1.197171e-02  5.900356e+03  1.072253e+04  1.446722e+04  2.146653e+04 
 1.213859e-02  5.922363e+03  1.076230e+04  1.452068e+04  2.154530e+04 
 1.230780e-02  5.943619e+03  1.080069e+04  1.457229e+04  2.162130e+04 
 1.247936e-02  5.964102e+03  1.083767e+04  1.462195e+04  2.169448e+04 
 1.265332e-02  5.983808e+03  1.087321e+04  1.466966e+04  2.176480e+04 
 1.282970e-02  6.002707e+03  1.090731e+04  1.471540e+04  2.183225e+04 
 1.300854e-02  6.020776e+03  1.093990e+04  1.475910e+04  2.189660e+04 
 1.318987e-02  6.038011e+03  1.097096e+04  1.480075e+04  2.195788e+04 
 1.337373e-02  6.054384e+03  1.100046e+04  1.484030e+04  2.201599e+04 
 1.356015e-02  6.069867e+03  1.102831e+04  1.487763e+04  2.207077e+04 
 1.374917e-02  6.084441e+03  1.105451e+04  1.491272e+04  2.212222e+04 
 1.394083e-02  6.098081e+03  1.107900e+04  1.494561e+04  2.217032e+04 
 1.413516e-02  6.110776e+03  1.110178e+04  1.497616e+04  2.221494e+04 
 1.433219e-02  6.122496e+03  1.112278e+04  1.500433e+04  2.225599e+04 
 1.453198e-02  6.133218e+03  1.114198e+04  1.502998e+04  2.229338e+04 
 1.473454e-02  6.142927e+03  1.115931e+04  1.505308e+04  2.232705e+04 
 1.493993e-02  6.151604e+03  1.117479e+04  1.507362e+04  2.235704e+04 
 1.514819e-02  6.159270e+03  1.118842e+04  1.509170e+04  2.238351e+04 
 1.535935e-02  6.165890e+03  1.120017e+04  1.510720e+04  2.240614e+04 
 1.557345e-02  6.171418e+03  1.120993e+04  1.512007e+04  2.242471e+04 
 1.579053e-02  6.175838e+03  1.121766e+04  1.513023e+04  2.243914e+04 
 1.601064e-02  6.179126e+03  1.122333e+04  1.513768e+04  2.244940e+04 
 1.623382e-02  6.181257e+03  1.122690e+04  1.514231e+04  2.245545e+04 
 1.646012e-02  6.182219e+03  1.122832e+04  1.514404e+04  2.245731e+04 
 1.668956e-02  6.181992e+03  1.122760e+04  1.514278e+04  2.245484e+04 
 1.692220e-02  6.180562e+03  1.122469e+04  1.513854e+04  2.244798e+04 
 1.715809e-02  6.177932e+03  1.121959e+04  1.513138e+04  2.243664e+04 
 1.739726e-02  6.174063e+03  1.121225e+04  1.512120e+04  2.242077e+04 
 1.763977e-02  6.168922e+03  1.120259e+04  1.510789e+04  2.240028e+04 
 1.788566e-02  6.162495e+03  1.119058e+04  1.509144e+04  2.237516e+04 
 1.813498e-02  6.154796e+03  1.117628e+04  1.507185e+04  2.234544e+04 
 1.838777e-02  6.145812e+03  1.115964e+04  1.504911e+04  2.231105e+04 
 1.864409e-02  6.135537e+03  1.114064e+04  1.502317e+04  2.227187e+04 
 1.890397e-02  6.123936e+03  1.111921e+04  1.499397e+04  2.222785e+04 
 1.916748e-02  6.111003e+03  1.109536e+04  1.496151e+04  2.217898e+04 
 1.943467e-02  6.096739e+03  1.106910e+04  1.492580e+04  2.212538e+04 
 1.970558e-02  6.081132e+03  1.104040e+04  1.488680e+04  2.206705e+04 
 1.998026e-02  6.064173e+03  1.100928e+04  1.484453e+04  2.200376e+04 
 2.025878e-02  6.045859e+03  1.097567e+04  1.479888e+04  2.193531e+04 
 2.054117e-02  6.026194e+03  1.093958e+04  1.474991e+04  2.186185e+04 
 2.082751e-02  6.005174e+03  1.090105e+04  1.469764e+04  2.178360e+04 
 2.111783e-02  5.982802e+03  1.086006e+04  1.464205e+04  2.170055e+04 
 2.141220e-02  5.959154e+03  1.081673e+04  1.458325e+04  2.161264e+04 
 2.171068e-02  5.934709e+03  1.077168e+04  1.452192e+04  2.152027e+04 
 2.201331e-02  5.908915e+03  1.072420e+04  1.445730e+04  2.142291e+04 
 2.232016e-02  5.881800e+03  1.067432e+04  1.438941e+04  2.132072e+04 
 2.263130e-02  5.853359e+03  1.062203e+04  1.431830e+04  2.121376e+04 
 2.294676e-02  5.823588e+03  1.056734e+04  1.424392e+04  2.110197e+04 
 2.326663e-02  5.792495e+03  1.051024e+04  1.416630e+04  2.098548e+04 
 2.359095e-02  5.760096e+03  1.045076e+04  1.408548e+04  2.086424e+04 
 2.391980e-02  5.726419e+03  1.038896e+04  1.400156e+04  2.073834e+04 
 2.425323e-02  5.691503e+03  1.032490e+04  1.391458e+04  2.060787e+04 
 2.459130e-02  5.655322e+03  1.025855e+04  1.382451e+04  2.047287e+04 
 2.493409e-02  5.617919e+03  1.018998e+04  1.373145e+04  2.033345e+04 
 2.528166e-02  5.579332e+03  1.011928e+04  1.363551e+04  2.018973e+04 
 2.563407e-02  5.539589e+03  1.004648e+04  1.353674e+04  2.004184e+04 
 2.599140e-02  5.498700e+03  9.971590e+03  1.343517e+04  1.988982e+04 
 2.635371e-02  5.456697e+03  9.894694e+03  1.333087e+04  1.973375e+04 
 2.672106e-02  5.413611e+03  9.815838e+03  1.322392e+04  1.957377e+04 
 2.709354e-02  5.369504e+03  9.735101e+03  1.311447e+04  1.941006e+04 
 2.747121e-02  5.324415e+03  9.652595e+03  1.300264e+04  1.924284e+04 
 2.785414e-02  5.278303e+03  9.568253e+03  1.288836e+04  1.907205e+04 
 2.824241e-02  5.230931e+03  9.481740e+03  1.277126e+04  1.889735e+04 
 2.863610e-02  5.182682e+03  9.393653e+03  1.265203e+04  1.871951e+04 
 2.903527e-02  5.133620e+03  9.304108e+03  1.253083e+04  1.853874e+04 
 2.944000e-02  5.083801e+03  9.213184e+03  1.240779e+04  1.835524e+04 
 2.985038e-02  5.033276e+03  9.120989e+03  1.228303e+04  1.816920e+04 
 3.026648e-02  4.982094e+03  9.027623e+03  1.215669e+04  1.798085e+04 
 3.068838e-02  4.930322e+03  8.933173e+03  1.202890e+04  1.779035e+04 
 3.111616e-02  4.878012e+03  8.837746e+03  1.189980e+04  1.759792e+04 
 3.154990e-02  4.825232e+03  8.741453e+03  1.176954e+04  1.740378e+04 
 3.198969e-02  4.772023e+03  8.644416e+03  1.163829e+04  1.720816e+04 
 3.243561e-02  4.718463e+03  8.546742e+03  1.150620e+04  1.701131e+04 
 3.288774e-02  4.664626e+03  8.448562e+03  1.137341e+04  1.681344e+04 
 3.334618e-02  4.610569e+03  8.349997e+03  1.124011e+04  1.661482e+04 
 3.381101e-02  4.556365e+03  8.251178e+03  1.110646e+04  1.641569e+04 
 3.428231e-02  4.502078e+03  8.152202e+03  1.097261e+04  1.621630e+04 
 3.476019e-02  4.447594e+03  8.053203e+03  1.083910e+04  1.601840e+04 
 3.524473e-02  4.393171e+03  7.954315e+03  1.070572e+04  1.582075e+04 
 3.573602e-02  4.338882e+03  7.855658e+03  1.057267e+04  1.562356e+04 
 3.623416e-02  4.284789e+03  7.757366e+03  1.044012e+04  1.542710e+04 
 3.673925e-02  4.230964e+03  7.659558e+03  1.030821e+04  1.523159e+04 
 3.725137e-02  4.177468e+03  7.562366e+03  1.017712e+04  1.503729e+04 
 3.777064e-02  4.124364e+03  7.465886e+03  1.004699e+04  1.484441e+04 
 3.829714e-02  4.071730e+03  7.370249e+03  9.917996e+03  1.465320e+04 
 3.883098e-02  4.019626e+03  7.275571e+03  9.790293e+03  1.446387e+04 
 3.937226e-02  3.968103e+03  7.181956e+03  9.664031e+03  1.427667e+04 
 3.992109e-02  3.917237e+03  7.089530e+03  9.539378e+03  1.409185e+04 
 4.047757e-02  3.867070e+03  6.998337e+03  9.416324e+03  1.390932e+04 
 4.104181e-02  3.817439e+03  6.907481e+03  9.293055e+03  1.372458e+04 
 4.161391e-02  3.768620e+03  6.818116e+03  9.171777e+03  1.354281e+04 
 4.219398e-02  3.720658e+03  6.730306e+03  9.052646e+03  1.336420e+04 
 4.278214e-02  3.673590e+03  6.644146e+03  8.935740e+03  1.318889e+04 
 4.337850e-02  3.627462e+03  6.559706e+03  8.821136e+03  1.301704e+04 
 4.398317e-02  3.582314e+03  6.477044e+03  8.708921e+03  1.284876e+04 
 4.459628e-02  3.538174e+03  6.396211e+03  8.599177e+03  1.268413e+04 
 4.521792e-02  3.495076e+03  6.317258e+03  8.491975e+03  1.252325e+04 
 4.584824e-02  3.453031e+03  6.240208e+03  8.387376e+03  1.236618e+04 
 4.648734e-02  3.412046e+03  6.165091e+03  8.285366e+03  1.221302e+04 
 4.713535e-02  3.372302e+03  6.093026e+03  8.188284e+03  1.206935e+04 
 4.779239e-02  3.333742e+03  6.023568e+03  8.095191e+03  1.193291e+04 
 4.845859e-02  3.296254e+03  5.956046e+03  8.004679e+03  1.180024e+04 
 4.913407e-02  3.259810e+03  5.890407e+03  7.916697e+03  1.167129e+04 
 4.981898e-02  3.224393e+03  5.826626e+03  7.831214e+03  1.154604e+04 
 5.051342e-02  3.189972e+03  5.764645e+03  7.748157e+03  1.142437e+04 
 5.121755e-02  3.156522e+03  5.704412e+03  7.667448e+03  1.130613e+04 
 5.193150e-02  3.123996e+03  5.645860e+03  7.588977e+03  1.119120e+04 
 5.265540e-02  3.092343e+03  5.588875e+03  7.512615e+03  1.107938e+04 
 5.338938e-02  3.061251e+03  5.532430e+03  7.436517e+03  1.096669e+04 
 5.413360e-02  3.030623e+03  5.476262e+03  7.360223e+03  1.085219e+04 
 5.488820e-02  3.000706e+03  5.421382e+03  7.285662e+03  1.074026e+04 
 5.565331e-02  2.971386e+03  5.367579e+03  7.212558e+03  1.063049e+04 
 5.642908e-02  2.942510e+03  5.314590e+03  7.140537e+03  1.052233e+04 
 5.721568e-02  2.914026e+03  5.262320e+03  7.069466e+03  1.041561e+04 
 5.801323e-02  2.886059e+03  5.210987e+03  6.999656e+03  1.031079e+04 
 5.882190e-02  2.858698e+03  5.160749e+03  6.931356e+03  1.020821e+04 
 5.964185e-02  2.831915e+03  5.111919e+03  6.865326e+03  1.010997e+04 
 6.047322e-02  2.805715e+03  5.065122e+03  6.803043e+03  1.001998e+04 
 6.131619e-02  2.779081e+03  5.017532e+03  6.739682e+03  9.928405e+03 
 6.217090e-02  2.751847e+03  4.968853e+03  6.674844e+03  9.834646e+03 
 6.303753e-02  2.724069e+03  4.919189e+03  6.608665e+03  9.738939e+03 
 6.391624e-02  2.695821e+03  4.868654e+03  6.541322e+03  9.641534e+03 
 6.480720e-02  2.667081e+03  4.817221e+03  6.472786e+03  9.542348e+03 
 6.571058e-02  2.637702e+03  4.764635e+03  6.402698e+03  9.440881e+03 
 6.662655e-02  2.606327e+03  4.706512e+03  6.323126e+03  9.319840e+03 
 6.755528e-02  2.573997e+03  4.646627e+03  6.241140e+03  9.195096e+03 
 6.849697e-02  2.540696e+03  4.585001e+03  6.156835e+03  9.066970e+03 
 6.945178e-02  2.506365e+03  4.521526e+03  6.070064e+03  8.935303e+03 
 7.041990e-02  2.470961e+03  4.456112e+03  5.980718e+03  8.799918e+03 
 7.140151e-02  2.434441e+03  4.388695e+03  5.888708e+03  8.660678e+03 
 7.239681e-02  2.397047e+03  4.320019e+03  5.795389e+03  8.520739e+03 
 7.340598e-02  2.358835e+03  4.250237e+03  5.701025e+03  8.380678e+03 
 7.442922e-02  2.319478e+03  4.178403e+03  5.603926e+03  8.236616e+03 
 7.546673e-02  2.279004e+03  4.104569e+03  5.504170e+03  8.088669e+03 
 7.651869e-02  2.237472e+03  4.028847e+03  5.401898e+03  7.937056e+03 
 7.758532e-02  2.194954e+03  3.951359e+03  5.297277e+03  7.782032e+03 
 7.866682e-02  2.152426e+03  3.875065e+03  5.195435e+03  7.634004e+03 
 7.976339e-02  2.110554e+03  3.801870e+03  5.099627e+03  7.499492e+03 
 8.087525e-02  2.067974e+03  3.727328e+03  5.001958e+03  7.362040e+03 
 8.200261e-02  2.024836e+03  3.651712e+03  4.902769e+03  7.222178e+03 
 8.314568e-02  1.981299e+03  3.575306e+03  4.802468e+03  7.080466e+03 
 8.430468e-02  1.937539e+03  3.498441e+03  4.701469e+03  6.937551e+03 
 8.547985e-02  1.892841e+03  3.418500e+03  4.595034e+03  6.783509e+03 
 8.667139e-02  1.847929e+03  3.337514e+03  4.486590e+03  6.625042e+03 
 8.787954e-02  1.803439e+03  3.257281e+03  4.379140e+03  6.467988e+03 
 8.910453e-02  1.759571e+03  3.178181e+03  4.273193e+03  6.313093e+03 
 9.034660e-02  1.716518e+03  3.100568e+03  4.169228e+03  6.161071e+03 
 9.160598e-02  1.675145e+03  3.026880e+03  4.071343e+03  6.019774e+03 
 9.288292e-02  1.635563e+03  2.957205e+03  3.979545e+03  5.889008e+03 
 9.417766e-02  1.597316e+03  2.889869e+03  3.890852e+03  5.762643e+03 
 9.549045e-02  1.560565e+03  2.825166e+03  3.805639e+03  5.641262e+03 
 9.682153e-02  1.525434e+03  2.763352e+03  3.724240e+03  5.525370e+03 
 9.817117e-02  1.492246e+03  2.705389e+03  3.648255e+03  5.418086e+03 
 9.953962e-02  1.460944e+03  2.650914e+03  3.577040e+03  5.317954e+03 
 1.009272e-01  1.431518e+03  2.599753e+03  3.510261e+03  5.224213e+03 
 1.023340e-01  1.403992e+03  2.551984e+03  3.447997e+03  5.137036e+03 
 1.037605e-01  1.377671e+03  2.505579e+03  3.386778e+03  5.049694e+03 
 1.052069e-01  1.350644e+03  2.454851e+03  3.316988e+03  4.943460e+03 
 1.066734e-01  1.325473e+03  2.407558e+03  3.251881e+03  4.844220e+03 
 1.081604e-01  1.302050e+03  2.363454e+03  3.191127e+03  4.751518e+03 
 1.096681e-01  1.280226e+03  2.322271e+03  3.134345e+03  4.664814e+03 
 1.111968e-01  1.260206e+03  2.284872e+03  3.082915e+03  4.586143e+03 
 1.127468e-01  1.241417e+03  2.249786e+03  3.034616e+03  4.512153e+03 
 1.143184e-01  1.223625e+03  2.216542e+03  2.988795e+03  4.441879e+03 
 1.159120e-01  1.206586e+03  2.184662e+03  2.944868e+03  4.374436e+03 
 1.175277e-01  1.191132e+03  2.156796e+03  2.907379e+03  4.318521e+03 
 1.191660e-01  1.175996e+03  2.129637e+03  2.870891e+03  4.264301e+03 
 1.208271e-01  1.160824e+03  2.102432e+03  2.834303e+03  4.209958e+03 
 1.225114e-01  1.145331e+03  2.074604e+03  2.796935e+03  4.154547e+03 
 1.242191e-01  1.129057e+03  2.045290e+03  2.757749e+03  4.097491e+03 
 1.259506e-01  1.112026e+03  2.014639e+03  2.716731e+03  4.037731e+03 
 1.277063e-01  1.094076e+03  1.982322e+03  2.673440e+03  3.974592e+03 
 1.294865e-01  1.075464e+03  1.949025e+03  2.628903e+03  3.909374e+03 
 1.312915e-01  1.056147e+03  1.914706e+03  2.583084e+03  3.842009e+03 
 1.331216e-01  1.035625e+03  1.878173e+03  2.534266e+03  3.770185e+03 
 1.349772e-01  1.013953e+03  1.839567e+03  2.482686e+03  3.694378e+03 
 1.368587e-01  9.924008e+02  1.803154e+03  2.436270e+03  3.632504e+03 
 1.387665e-01  9.698222e+02  1.764777e+03  2.387100e+03  3.566298e+03 
 1.407008e-01  9.463957e+02  1.724748e+03  2.335592e+03  3.496303e+03 
 1.426621e-01  9.231669e+02  1.685236e+03  2.284471e+03  3.425108e+03 
 1.446507e-01  8.998222e+02  1.645446e+03  2.232814e+03  3.352445e+03 
 1.466671e-01  8.763659e+02  1.605312e+03  2.180600e+03  3.278712e+03 
 1.487115e-01  8.509166e+02  1.559490e+03  2.119286e+03  3.189223e+03 
 1.507845e-01  8.245768e+02  1.510696e+03  2.053016e+03  3.090950e+03 
 1.528864e-01  7.991815e+02  1.463677e+03  1.989110e+03  2.996133e+03 
 1.550175e-01  7.767677e+02  1.423939e+03  1.936520e+03  2.920776e+03 
 1.571784e-01  7.569218e+02  1.390115e+03  1.892900e+03  2.860526e+03 
 1.593694e-01  7.384869e+02  1.358791e+03  1.852514e+03  2.804931e+03 
 1.615909e-01  7.219911e+02  1.331147e+03  1.817103e+03  2.756423e+03 
 1.638434e-01  7.072323e+02  1.306705e+03  1.786033e+03  2.714104e+03 
 1.661273e-01  6.939928e+02  1.284975e+03  1.758550e+03  2.677102e+03 
 1.684430e-01  6.788636e+02  1.256992e+03  1.720722e+03  2.621906e+03 
 1.707910e-01  6.647145e+02  1.230496e+03  1.684729e+03  2.569083e+03 
 1.731717e-01  6.523023e+02  1.207625e+03  1.653881e+03  2.524098e+03 
 1.755856e-01  6.430804e+02  1.192313e+03  1.634209e+03  2.496231e+03 
 1.780332e-01  6.344683e+02  1.178110e+03  1.616004e+03  2.470619e+03 
 1.805149e-01  6.244753e+02  1.159306e+03  1.589819e+03  2.429687e+03 
 1.830312e-01  6.135109e+02  1.137504e+03  1.558547e+03  2.379101e+03 
 1.855825e-01  6.024529e+02  1.115862e+03  1.527853e+03  2.330282e+03 
 1.881694e-01  5.916354e+02  1.096489e+03  1.502291e+03  2.293980e+03 
 1.907924e-01  5.801531e+02  1.075867e+03  1.475004e+03  2.254981e+03 
 1.934520e-01  5.675050e+02  1.052995e+03  1.444805e+03  2.212849e+03 
 1.961486e-01  5.539178e+02  1.028338e+03  1.412192e+03  2.167325e+03 
 1.988828e-01  5.407931e+02  1.005239e+03  1.381900e+03  2.124903e+03 
 2.016551e-01  5.287685e+02  9.851718e+02  1.356045e+03  2.088681e+03 
 2.044661e-01  5.159962e+02  9.633561e+02  1.327520e+03  2.047876e+03 
 2.073162e-01  5.018254e+02  9.372526e+02  1.291808e+03  1.994014e+03 
 2.102061e-01  4.876246e+02  9.110729e+02  1.255975e+03  1.939893e+03 
 2.131362e-01  4.773562e+02  8.963206e+02  1.238672e+03  1.917711e+03 
 2.161073e-01  4.676497e+02  8.826574e+02  1.222895e+03  1.897876e+03 
 2.191197e-01  4.552703e+02  8.614804e+02  1.195792e+03  1.861764e+03 
 2.221741e-01  4.430389e+02  8.399569e+02  1.167923e+03  1.824529e+03 
 2.252711e-01  4.322045e+02  8.214663e+02  1.144412e+03  1.793407e+03 
 2.284112e-01  4.225137e+02  8.052171e+02  1.124007e+03  1.766764e+03 
 2.315951e-01  4.142047e+02  7.905879e+02  1.104318e+03  1.736812e+03 
 2.348235e-01  4.068805e+02  7.774660e+02  1.086188e+03  1.707753e+03 
 2.380968e-01  3.981760e+02  7.605199e+02  1.062492e+03  1.671577e+03 
 2.414157e-01  3.894404e+02  7.432257e+02  1.038259e+03  1.634950e+03 
 2.447809e-01  3.807093e+02  7.266201e+02  1.015626e+03  1.601057e+03 
 2.481930e-01  3.721052e+02  7.103936e+02  9.935932e+02  1.568082e+03 
 2.516527e-01  3.668626e+02  7.019607e+02  9.825481e+02  1.551572e+03 
 2.551606e-01  3.603433e+02  6.906723e+02  9.674985e+02  1.529368e+03 
 2.587174e-01  3.504589e+02  6.717012e+02  9.417028e+02  1.492229e+03 
 2.623238e-01  3.419915e+02  6.565718e+02  9.216712e+02  1.463879e+03 
 2.659804e-01  3.351700e+02  6.457930e+02  9.081377e+02  1.445450e+03 
 2.696881e-01  3.262307e+02  6.299098e+02  8.870530e+02  1.414392e+03 
 2.734474e-01  3.167574e+02  6.127033e+02  8.640046e+02  1.380080e+03 
 2.772591e-01  3.096590e+02  6.013148e+02  8.500428e+02  1.362567e+03 
 2.811239e-01  3.023412e+02  5.888611e+02  8.344425e+02  1.343520e+03 
 2.850426e-01  2.947501e+02  5.750503e+02  8.167848e+02  1.322780e+03 
 2.890160e-01  2.879729e+02  5.636585e+02  8.021978e+02  1.302068e+03 
 2.930447e-01  2.817794e+02  5.530248e+02  7.879593e+02  1.279841e+03 
 2.971296e-01  2.759015e+02  5.413280e+02  7.703177e+02  1.249447e+03 
 3.012714e-01  2.706186e+02  5.322626e+02  7.583515e+02  1.231847e+03 
 3.054710e-01  2.653717e+02  5.236487e+02  7.477381e+02  1.218060e+03 
 3.097291e-01  2.589485e+02  5.119936e+02  7.326071e+02  1.197804e+03 
 3.140465e-01  2.530002e+02  5.002096e+02  7.157694e+02  1.170392e+03 
 3.184242e-01  2.476095e+02  4.897017e+02  7.007412e+02  1.145820e+03 
 3.228628e-01  2.433133e+02  4.827948e+02  6.922536e+02  1.135741e+03 
 3.273634e-01  2.371962e+02  4.708284e+02  6.752881e+02  1.109005e+03 
 3.319266e-01  2.308508e+02  4.588485e+02  6.589550e+02  1.084846e+03 
 3.365535e-01  2.248687e+02  4.484737e+02  6.458174e+02  1.067693e+03 
 3.412449e-01  2.207810e+02  4.431211e+02  6.394416e+02  1.057480e+03 
 3.460016e-01  2.163286e+02  4.359508e+02  6.302707e+02  1.044686e+03 
 3.508247e-01  2.120095e+02  4.283234e+02  6.201570e+02  1.030093e+03 
 3.557150e-01  2.078825e+02  4.207099e+02  6.098871e+02  1.014535e+03 
 3.606735e-01  2.031124e+02  4.122809e+02  5.989160e+02  9.992501e+02 
 3.657011e-01  1.973719e+02  4.015456e+02  5.844289e+02  9.796026e+02 
 3.707988e-01  1.927860e+02  3.928865e+02  5.727481e+02  9.625275e+02 
 3.759675e-01  1.885725e+02  3.849525e+02  5.619690e+02  9.466398e+02 
 3.812083e-01  1.841752e+02  3.770931e+02  5.514173e+02  9.314557e+02 
 3.865221e-01  1.804171e+02  3.715907e+02  5.448821e+02  9.203463e+02 
 3.919100e-01  1.765639e+02  3.628454e+02  5.318563e+02  9.029797e+02 
 3.973730e-01  1.722319e+02  3.557985e+02  5.230766e+02  8.890915e+02 
 4.029122e-01  1.687777e+02  3.504081e+02  5.155970e+02  8.754766e+02 
 4.085286e-01  1.652845e+02  3.430401e+02  5.051855e+02  8.608088e+02 
 4.142232e-01  1.611145e+02  3.347049e+02  4.943351e+02  8.475752e+02 
 4.199973e-01  1.571144e+02  3.279437e+02  4.858437e+02  8.352331e+02 
 4.258518e-01  1.539352e+02  3.220911e+02  4.775552e+02  8.209869e+02 
 4.317880e-01  1.505587e+02  3.155135e+02  4.679338e+02  8.065529e+02 
 4.378069e-01  1.475864e+02  3.096937e+02  4.596997e+02  7.930967e+02 
 4.439097e-01  1.450843e+02  3.058692e+02  4.551992e+02  7.891200e+02 
 4.500975e-01  1.411259e+02  2.986141e+02  4.453358e+02  7.746477e+02 
 4.563716e-01  1.377621e+02  2.918130e+02  4.355271e+02  7.573396e+02 
 4.627332e-01  1.356176e+02  2.888820e+02  4.324022e+02  7.543315e+02 
 4.691835e-01  1.321281e+02  2.820583e+02  4.226359e+02  7.380554e+02 
 4.757236e-01  1.295986e+02  2.771922e+02  4.160734e+02  7.282553e+02 
 4.823549e-01  1.262129e+02  2.703730e+02  4.066218e+02  7.158044e+02 
 4.890787e-01  1.235524e+02  2.652988e+02  3.997928e+02  7.051233e+02 
 4.958962e-01  1.215577e+02  2.614516e+02  3.938503e+02  6.943379e+02 
 5.028087e-01  1.188719e+02  2.568583e+02  3.877048e+02  6.855272e+02 
 5.098176e-01  1.166630e+02  2.528426e+02  3.818614e+02  6.741268e+02 
 5.169242e-01  1.146208e+02  2.490491e+02  3.768357e+02  6.673999e+02 
 5.241298e-01  1.108682e+02  2.427691e+02  3.691902e+02  6.580848e+02 
 5.314359e-01  1.089101e+02  2.397220e+02  3.649884e+02  6.514083e+02 
 5.388438e-01  1.066084e+02  2.346173e+02  3.574715e+02  6.401834e+02 
 5.463550e-01  1.047042e+02  2.309087e+02  3.519747e+02  6.311995e+02 
 5.539709e-01  1.019292e+02  2.261381e+02  3.459315e+02  6.218572e+02 
 5.616930e-01  1.001196e+02  2.226615e+02  3.410401e+02  6.144925e+02 
 5.695227e-01  9.814697e+01  2.195168e+02  3.371302e+02  6.062019e+02 
 5.774615e-01  9.590814e+01  2.144339e+02  3.297214e+02  5.958480e+02 
 5.855110e-01  9.417625e+01  2.112229e+02  3.247901e+02  5.876396e+02 
 5.936727e-01  9.198939e+01  2.062419e+02  3.179883e+02  5.776499e+02 
 6.019482e-01  9.042224e+01  2.038605e+02  3.141272e+02  5.706126e+02 
 6.103390e-01  8.827571e+01  2.002520e+02  3.094292e+02  5.621995e+02 
 6.188468e-01  8.630721e+01  1.970972e+02  3.066551e+02  5.601771e+02 
 6.274732e-01  8.487172e+01  1.934431e+02  3.004982e+02  5.504426e+02 
 6.362198e-01  8.317598e+01  1.904958e+02  2.961320e+02  5.420649e+02 
 6.450884e-01  8.122398e+01  1.870694e+02  2.914283e+02  5.340091e+02 
 6.540806e-01  7.952821e+01  1.830884e+02  2.854936e+02  5.256194e+02 
 6.631981e-01  7.777435e+01  1.804112e+02  2.825886e+02  5.203523e+02 
 6.724427e-01  7.628730e+01  1.772648e+02  2.782929e+02  5.151596e+02 
 6.818162e-01  7.464233e+01  1.740510e+02  2.726826e+02  5.050616e+02 
 6.913204e-01  7.304303e+01  1.708896e+02  2.686373e+02  4.982117e+02 
 7.009570e-01  7.199065e+01  1.683296e+02  2.649426e+02  4.918605e+02 
 7.107280e-01  7.015653e+01  1.655153e+02  2.609503e+02  4.842260e+02 
 7.206351e-01  6.906448e+01  1.629977e+02  2.576567e+02  4.801876e+02 
 7.306804e-01  6.766379e+01  1.604902e+02  2.535224e+02  4.717821e+02 
 7.408657e-01  6.616149e+01  1.573555e+02  2.490778e+02  4.657664e+02 
 7.511929e-01  6.475486e+01  1.545184e+02  2.454470e+02  4.593898e+02 
 7.616642e-01  6.348799e+01  1.517586e+02  2.415891e+02  4.537523e+02 
 7.722814e-01  6.264778e+01  1.501636e+02  2.388210e+02  4.471916e+02 
 7.830465e-01  6.132456e+01  1.473101e+02  2.348546e+02  4.413677e+02 
 7.939618e-01  6.018220e+01  1.453781e+02  2.318045e+02  4.370037e+02 
 8.050292e-01  5.885209e+01  1.427293e+02  2.287187e+02  4.313624e+02 
 8.162509e-01  5.782876e+01  1.406318e+02  2.248941e+02  4.239161e+02 
 8.276289e-01  5.641987e+01  1.378743e+02  2.213211e+02  4.186047e+02 
 8.391656e-01  5.571417e+01  1.362381e+02  2.182822e+02  4.140759e+02 
 8.508632e-01  5.468428e+01  1.339097e+02  2.152620e+02  4.085043e+02 
 8.627237e-01  5.348142e+01  1.317723e+02  2.120656e+02  4.021575e+02 
 8.747496e-01  5.249212e+01  1.295697e+02  2.089656e+02  3.968487e+02 
 8.869432e-01  5.157929e+01  1.276966e+02  2.061203e+02  3.918265e+02 
 8.993067e-01  5.053908e+01  1.256664e+02  2.030140e+02  3.862725e+02 
 9.118425e-01  4.973584e+01  1.235266e+02  1.996474e+02  3.795516e+02 
 9.245531e-01  4.865364e+01  1.214616e+02  1.965445e+02  3.753731e+02 
 9.374409e-01  4.772444e+01  1.196116e+02  1.940406e+02  3.703675e+02 
 9.505083e-01  4.692905e+01  1.177348e+02  1.912436e+02  3.652328e+02 
 9.637579e-01  4.592463e+01  1.154871e+02  1.879187e+02  3.599941e+02 
 9.771921e-01  4.532576e+01  1.147816e+02  1.860828e+02  3.552409e+02 
 9.908137e-01  4.445044e+01  1.126477e+02  1.831689e+02  3.506926e+02 
 1.004625e+00  4.358707e+01  1.105883e+02  1.800142e+02  3.448491e+02 
 1.018629e+00  4.285613e+01  1.090557e+02  1.775168e+02  3.399220e+02 
 1.032828e+00  4.203475e+01  1.073599e+02  1.752403e+02  3.363922e+02 
 1.047225e+00  4.121822e+01  1.058196e+02  1.724751e+02  3.306587e+02 
 1.061823e+00  4.057679e+01  1.043770e+02  1.701325e+02  3.259542e+02 
 1.076624e+00  3.981631e+01  1.027210e+02  1.676132e+02  3.211136e+02 
 1.091632e+00  3.912881e+01  1.010709e+02  1.652230e+02  3.162685e+02 
 1.106848e+00  3.838099e+01  9.934859e+01  1.627128e+02  3.120388e+02 
 1.122277e+00  3.769878e+01  9.795872e+01  1.600876e+02  3.069785e+02 
 1.137921e+00  3.701293e+01  9.629538e+01  1.577007e+02  3.024731e+02 
 1.153783e+00  3.641261e+01  9.481253e+01  1.553185e+02  2.981608e+02 
 1.169866e+00  3.575786e+01  9.339513e+01  1.529822e+02  2.940065e+02 
 1.186174e+00  3.510350e+01  9.203721e+01  1.507384e+02  2.893922e+02 
 1.202708e+00  3.453294e+01  9.061247e+01  1.485184e+02  2.849916e+02 
 1.219473e+00  3.394756e+01  8.927320e+01  1.464008e+02  2.803286e+02 
 1.236472e+00  3.334057e+01  8.794190e+01  1.442980e+02  2.762679e+02 
 1.253708e+00  3.279104e+01  8.652162e+01  1.419134e+02  2.723141e+02 
 1.271184e+00  3.223696e+01  8.551444e+01  1.401886e+02  2.680025e+02 
 1.288904e+00  3.167987e+01  8.388574e+01  1.377685e+02  2.641772e+02 
 1.306870e+00  3.109823e+01  8.260070e+01  1.356286e+02  2.597707e+02 
 1.325087e+00  3.062108e+01  8.138770e+01  1.336100e+02  2.554459e+02 
 1.343558e+00  3.010111e+01  8.010174e+01  1.315243e+02  2.513412e+02 
 1.362287e+00  2.962491e+01  7.880185e+01  1.293081e+02  2.473076e+02 
 1.381276e+00  2.911444e+01  7.758871e+01  1.270862e+02  2.432957e+02 
 1.400531e+00  2.863596e+01  7.638813e+01  1.251695e+02  2.390052e+02 
 1.420053e+00  2.812786e+01  7.511537e+01  1.232428e+02  2.349512e+02 
 1.439848e+00  2.767199e+01  7.399828e+01  1.211642e+02  2.310963e+02 
 1.459919e+00  2.717269e+01  7.279570e+01  1.191666e+02  2.269634e+02 
 1.480269e+00  2.677840e+01  7.152564e+01  1.171252e+02  2.227599e+02 
 1.500903e+00  2.631990e+01  7.042055e+01  1.151495e+02  2.193341e+02 
 1.521825e+00  2.587684e+01  6.938808e+01  1.133844e+02  2.154314e+02 
 1.543038e+00  2.543426e+01  6.826138e+01  1.115870e+02  2.118641e+02 
 1.564548e+00  2.505047e+01  6.716018e+01  1.096856e+02  2.079863e+02 
 1.586357e+00  2.464174e+01  6.614894e+01  1.078780e+02  2.042826e+02 
 1.608469e+00  2.421416e+01  6.509659e+01  1.060786e+02  2.008386e+02 
 1.630891e+00  2.388657e+01  6.392528e+01  1.040728e+02  1.969354e+02 
 1.653624e+00  2.346176e+01  6.287444e+01  1.024137e+02  1.936640e+02 
 1.676675e+00  2.307603e+01  6.194203e+01  1.007211e+02  1.899142e+02 
 1.700047e+00  2.268937e+01  6.091785e+01  9.893035e+01  1.864848e+02 
 1.723745e+00  2.232876e+01  5.986584e+01  9.717746e+01  1.827542e+02 
 1.747773e+00  2.193989e+01  5.883028e+01  9.541740e+01  1.792682e+02 
 1.772136e+00  2.158474e+01  5.783410e+01  9.367034e+01  1.759965e+02 
 1.796838e+00  2.124333e+01  5.684840e+01  9.199767e+01  1.725553e+02 
 1.821885e+00  2.091420e+01  5.586243e+01  9.028260e+01  1.693040e+02 
 1.847281e+00  2.056722e+01  5.498813e+01  8.873521e+01  1.660122e+02 
 1.873032e+00  2.023742e+01  5.398164e+01  8.696512e+01  1.628309e+02 
 1.899141e+00  1.989677e+01  5.300523e+01  8.540336e+01  1.596242e+02 
 1.925614e+00  1.958875e+01  5.211576e+01  8.383814e+01  1.563982e+02 
 1.952456e+00  1.932321e+01  5.124827e+01  8.229811e+01  1.532737e+02 
 1.979672e+00  1.896924e+01  5.038064e+01  8.076477e+01  1.502272e+02 
 2.007267e+00  1.868785e+01  4.947060e+01  7.914459e+01  1.472903e+02 
 2.035248e+00  1.836067e+01  4.855762e+01  7.760674e+01  1.441861e+02 
 2.063618e+00  1.806106e+01  4.765957e+01  7.611358e+01  1.412009e+02 
 2.092383e+00  1.777230e+01  4.679738e+01  7.460190e+01  1.383035e+02 
 2.121550e+00  1.747093e+01  4.591459e+01  7.311162e+01  1.353524e+02 
 2.151123e+00  1.718859e+01  4.506809e+01  7.161619e+01  1.324307e+02 
 2.181109e+00  1.690248e+01  4.420853e+01  7.019638e+01  1.296795e+02 
 2.211512e+00  1.662291e+01  4.335100e+01  6.872208e+01  1.267987e+02 
 2.242340e+00  1.635217e+01  4.255650e+01  6.733936e+01  1.240922e+02 
 2.273597e+00  1.606405e+01  4.173596e+01  6.589239e+01  1.213714e+02 
 2.305289e+00  1.581519e+01  4.092465e+01  6.455518e+01  1.187472e+02 
 2.337424e+00  1.555123e+01  4.011768e+01  6.319675e+01  1.161415e+02 
 2.370006e+00  1.528698e+01  3.933564e+01  6.188190e+01  1.136813e+02 
 2.403043e+00  1.502001e+01  3.856951e+01  6.053894e+01  1.111302e+02 
 2.436540e+00  1.477840e+01  3.782256e+01  5.926922e+01  1.086532e+02 
 2.470504e+00  1.453185e+01  3.708649e+01  5.799100e+01  1.062236e+02 
 2.504942e+00  1.428797e+01  3.636418e+01  5.676591e+01  1.038724e+02 
 2.539859e+00  1.405609e+01  3.561956e+01  5.551478e+01  1.014901e+02 
 2.575263e+00  1.380478e+01  3.488221e+01  5.434700e+01  9.922471e+01 
 2.611161e+00  1.357673e+01  3.416849e+01  5.310545e+01  9.694486e+01 
 2.647559e+00  1.334244e+01  3.345459e+01  5.189903e+01  9.467116e+01 
 2.684465e+00  1.311115e+01  3.278050e+01  5.072843e+01  9.246005e+01 
 2.721885e+00  1.287233e+01  3.206062e+01  4.959086e+01  9.030444e+01 
 2.759826e+00  1.264657e+01  3.136626e+01  4.844412e+01  8.817578e+01 
 2.798297e+00  1.242324e+01  3.071215e+01  4.734750e+01  8.614534e+01 
 2.837304e+00  1.220478e+01  3.004788e+01  4.625354e+01  8.410777e+01 
 2.876854e+00  1.198598e+01  2.938861e+01  4.518700e+01  8.212843e+01 
 2.916956e+00  1.177431e+01  2.876347e+01  4.414125e+01  8.014555e+01 
 2.957617e+00  1.156815e+01  2.814477e+01  4.313303e+01  7.826747e+01 
 2.998844e+00  1.135960e+01  2.753827e+01  4.212722e+01  7.639703e+01 
 3.040646e+00  1.115675e+01  2.693171e+01  4.114527e+01  7.462214e+01 
 3.083031e+00  1.095630e+01  2.633735e+01  4.018430e+01  7.284625e+01 
 3.126007e+00  1.076191e+01  2.576300e+01  3.923988e+01  7.109096e+01 
 3.169582e+00  1.056394e+01  2.517511e+01  3.829527e+01  6.938507e+01 
 3.213764e+00  1.036892e+01  2.460986e+01  3.737894e+01  6.770583e+01 
 3.258562e+00  1.017193e+01  2.405887e+01  3.648186e+01  6.605670e+01 
 3.303985e+00  9.979954e+00  2.349673e+01  3.559745e+01  6.444378e+01 
 3.350041e+00  9.792892e+00  2.294780e+01  3.472152e+01  6.284765e+01 
 3.396739e+00  9.601134e+00  2.241720e+01  3.387953e+01  6.129405e+01 
 3.444087e+00  9.419231e+00  2.188418e+01  3.303314e+01  5.976748e+01 
 3.492096e+00  9.238302e+00  2.137473e+01  3.223086e+01  5.830736e+01 
 3.540774e+00  9.054771e+00  2.087775e+01  3.144241e+01  5.686167e+01 
 3.590130e+00  8.880837e+00  2.038055e+01  3.065856e+01  5.546521e+01 
 3.640175e+00  8.710400e+00  1.990120e+01  2.991181e+01  5.409066e+01 
 3.690917e+00  8.536830e+00  1.943794e+01  2.916700e+01  5.275474e+01 
 3.742366e+00  8.369109e+00  1.896816e+01  2.844826e+01  5.146893e+01 
 3.794533e+00  8.205994e+00  1.852541e+01  2.774954e+01  5.019249e+01 
 3.847427e+00  8.043301e+00  1.807858e+01  2.706324e+01  4.896629e+01 
 3.901058e+00  7.879345e+00  1.765004e+01  2.639397e+01  4.774743e+01 
 3.955436e+00  7.724234e+00  1.722203e+01  2.572756e+01  4.655166e+01 
 4.010573e+00  7.563760e+00  1.680173e+01  2.508661e+01  4.539344e+01 
 4.066478e+00  7.407553e+00  1.638807e+01  2.444887e+01  4.424299e+01 
 4.123163e+00  7.251741e+00  1.598794e+01  2.382655e+01  4.312196e+01 
 4.180637e+00  7.101219e+00  1.559298e+01  2.322191e+01  4.202379e+01 
 4.238913e+00  6.950771e+00  1.520201e+01  2.262696e+01  4.096426e+01 
 4.298001e+00  6.800310e+00  1.482426e+01  2.205189e+01  3.991968e+01 
 4.357913e+00  6.658700e+00  1.445432e+01  2.149031e+01  3.891369e+01 
 4.418660e+00  6.515648e+00  1.409732e+01  2.094102e+01  3.793146e+01 
 4.480254e+00  6.374699e+00  1.374489e+01  2.040684e+01  3.697201e+01 
 4.542706e+00  6.238877e+00  1.339971e+01  1.988534e+01  3.603540e+01 
 4.606029e+00  6.104134e+00  1.306993e+01  1.938332e+01  3.513486e+01 
 4.670234e+00  5.972003e+00  1.274428e+01  1.889689e+01  3.425579e+01 
 4.735335e+00  5.842815e+00  1.242832e+01  1.841788e+01  3.339323e+01 
 4.801343e+00  5.717447e+00  1.212188e+01  1.795262e+01  3.255120e+01 
 4.868271e+00  5.592051e+00  1.181810e+01  1.749594e+01  3.172772e+01 
 4.936132e+00  5.468593e+00  1.151985e+01  1.704943e+01  3.092392e+01 
 5.004939e+00  5.346284e+00  1.122945e+01  1.661176e+01  3.013265e+01 
 5.074705e+00  5.224746e+00  1.094345e+01  1.618169e+01  2.936285e+01 
 5.145444e+00  5.106977e+00  1.066459e+01  1.576345e+01  2.861071e+01 
 5.217169e+00  4.989655e+00  1.039066e+01  1.535410e+01  2.786797e+01 
 5.289893e+00  4.876657e+00  1.012536e+01  1.495767e+01  2.715173e+01 
 5.363631e+00  4.763640e+00  9.866236e+00  1.456840e+01  2.645144e+01 
 5.438397e+00  4.654483e+00  9.613242e+00  1.419162e+01  2.576734e+01 
 5.514206e+00  4.547162e+00  9.367412e+00  1.382536e+01  2.510522e+01 
 5.591071e+00  4.441196e+00  9.129567e+00  1.346770e+01  2.446120e+01 
 5.669007e+00  4.339993e+00  8.896441e+00  1.312301e+01  2.383575e+01 
 5.748030e+00  4.239656e+00  8.671209e+00  1.278594e+01  2.322393e+01 
 5.828155e+00  4.141946e+00  8.451843e+00  1.245927e+01  2.263102e+01 
 5.909396e+00  4.046362e+00  8.237881e+00  1.214067e+01  2.205540e+01 
 5.991770e+00  3.952408e+00  8.028478e+00  1.182959e+01  2.149206e+01 
 6.075292e+00  3.860642e+00  7.825469e+00  1.152681e+01  2.094061e+01 
 6.159978e+00  3.769990e+00  7.626010e+00  1.123027e+01  2.040247e+01 
 6.245845e+00  3.680844e+00  7.430593e+00  1.093995e+01  1.987278e+01 
 6.332908e+00  3.592919e+00  7.238454e+00  1.065468e+01  1.935459e+01 
 6.421186e+00  3.507415e+00  7.051823e+00  1.037608e+01  1.884829e+01 
 6.510694e+00  3.422994e+00  6.868998e+00  1.010556e+01  1.835460e+01 
 6.601449e+00  3.340987e+00  6.691633e+00  9.841431e+00  1.787395e+01 
 6.693470e+00  3.260373e+00  6.517950e+00  9.583173e+00  1.740398e+01 
 6.786773e+00  3.181781e+00  6.349919e+00  9.444964e+00  1.694748e+01 
 6.881377e+00  3.105536e+00  6.186194e+00  9.089451e+00  1.650253e+01 
 6.977300e+00  3.031048e+00  6.027525e+00  8.854218e+00  1.607171e+01 
 7.074559e+00  2.958721e+00  5.872955e+00  8.623885e+00  1.565173e+01 
 7.173175e+00  2.887906e+00  5.723175e+00  8.401310e+00  1.524473e+01 
 7.273165e+00  2.819261e+00  5.577794e+00  8.185185e+00  1.484798e+01 
 7.374549e+00  2.752118e+00  5.435745e+00  7.973899e+00  1.446181e+01 
 7.477346e+00  2.686341e+00  5.298066e+00  7.769708e+00  1.408630e+01 
 7.581576e+00  2.622498e+00  5.162651e+00  7.568843e+00  1.371869e+01 
 7.687260e+00  2.559528e+00  5.030799e+00  7.372663e+00  1.335968e+01 
 7.794416e+00  2.497692e+00  4.901655e+00  7.179775e+00  1.300714e+01 
 7.903066e+00  2.437266e+00  4.774874e+00  6.991246e+00  1.266148e+01 
 8.013230e+00  2.378083e+00  4.651792e+00  6.808772e+00  1.232496e+01 
 8.124930e+00  2.320072e+00  4.531572e+00  6.629646e+00  1.199612e+01 
 8.238187e+00  2.263738e+00  4.414104e+00  6.454691e+00  1.167614e+01 
 8.353023e+00  2.208638e+00  4.300112e+00  6.285162e+00  1.136429e+01 
 8.469460e+00  2.155153e+00  4.189314e+00  6.120379e+00  1.106122e+01 
 8.587519e+00  2.103110e+00  4.081497e+00  5.960168e+00  1.076691e+01 
 8.707225e+00  2.052524e+00  3.976648e+00  5.804737e+00  1.048085e+01 
 8.828599e+00  2.003379e+00  3.875566e+00  5.653696e+00  1.020268e+01 
 8.951665e+00  1.955494e+00  3.777187e+00  5.507219e+00  9.933455e+00 
 9.076446e+00  1.909061e+00  3.681687e+00  5.365389e+00  9.672048e+00 
 9.202967e+00  1.864181e+00  3.588712e+00  5.227266e+00  9.417444e+00 
 9.331251e+00  1.819776e+00  3.498135e+00  5.092454e+00  9.169459e+00 
 9.461324e+00  0.000000e+00  0.000000e+00  0.000000e+00  0.000000e+00 
 9.593209e+00  0.000000e+00  0.000000e+00  0.000000e+00  0.000000e+00 
 9.726934e+00  0.000000e+00  0.000000e+00  0.000000e+00  0.000000e+00 
 9.862522e+00  0.000000e+00  0.000000e+00  0.000000e+00  0.000000e+00 
 1.000000e+01  0.000000e+00  0.000000e+00  0.000000e+00  0.000000e+00 
