 1.000000e-02  5.237174e+03  9.556326e+03  1.294133e+04  1.934548e+04 
 1.013939e-02  5.267317e+03  9.611174e+03  1.301544e+04  1.945581e+04 
 1.028073e-02  5.297061e+03  9.665291e+03  1.308853e+04  1.956469e+04 
 1.042404e-02  5.326375e+03  9.718608e+03  1.316056e+04  1.967201e+04 
 1.056935e-02  5.355246e+03  9.771106e+03  1.323147e+04  1.977768e+04 
 1.071668e-02  5.383671e+03  9.822791e+03  1.330132e+04  1.988159e+04 
 1.086606e-02  5.411626e+03  9.873616e+03  1.337005e+04  1.998366e+04 
 1.101753e-02  5.439082e+03  9.923533e+03  1.343752e+04  2.008385e+04 
 1.117111e-02  5.466024e+03  9.972495e+03  1.350367e+04  2.018219e+04 
 1.132683e-02  5.492441e+03  1.002049e+04  1.356851e+04  2.027862e+04 
 1.148472e-02  5.518306e+03  1.006748e+04  1.363192e+04  2.037303e+04 
 1.164481e-02  5.543599e+03  1.011342e+04  1.369389e+04  2.046528e+04 
 1.180713e-02  5.568302e+03  1.015829e+04  1.375443e+04  2.055525e+04 
 1.197171e-02  5.592384e+03  1.020202e+04  1.381342e+04  2.064282e+04 
 1.213859e-02  5.615837e+03  1.024461e+04  1.387083e+04  2.072806e+04 
 1.230780e-02  5.638665e+03  1.028603e+04  1.392671e+04  2.081101e+04 
 1.247936e-02  5.660838e+03  1.032625e+04  1.398098e+04  2.089154e+04 
 1.265332e-02  5.682310e+03  1.036518e+04  1.403344e+04  2.096947e+04 
 1.282970e-02  5.703064e+03  1.040282e+04  1.408410e+04  2.104467e+04 
 1.300854e-02  5.723099e+03  1.043912e+04  1.413302e+04  2.111711e+04 
 1.318987e-02  5.742398e+03  1.047406e+04  1.418012e+04  2.118678e+04 
 1.337373e-02  5.760928e+03  1.050760e+04  1.422531e+04  2.125359e+04 
 1.356015e-02  5.778666e+03  1.053969e+04  1.426857e+04  2.131743e+04 
 1.374917e-02  5.795584e+03  1.057029e+04  1.430981e+04  2.137825e+04 
 1.394083e-02  5.811668e+03  1.059936e+04  1.434897e+04  2.143596e+04 
 1.413516e-02  5.826900e+03  1.062687e+04  1.438604e+04  2.149048e+04 
 1.433219e-02  5.841263e+03  1.065278e+04  1.442091e+04  2.154176e+04 
 1.453198e-02  5.854737e+03  1.067709e+04  1.445345e+04  2.158981e+04 
 1.473454e-02  5.867295e+03  1.069971e+04  1.448364e+04  2.163448e+04 
 1.493993e-02  5.878912e+03  1.072061e+04  1.451158e+04  2.167558e+04 
 1.514819e-02  5.889656e+03  1.073992e+04  1.453747e+04  2.171341e+04 
 1.535935e-02  5.899461e+03  1.075752e+04  1.456109e+04  2.174778e+04 
 1.557345e-02  5.908283e+03  1.077334e+04  1.458226e+04  2.177848e+04 
 1.579053e-02  5.916102e+03  1.078732e+04  1.460094e+04  2.180541e+04 
 1.601064e-02  5.922876e+03  1.079939e+04  1.461702e+04  2.182849e+04 
 1.623382e-02  5.928595e+03  1.080950e+04  1.463046e+04  2.184764e+04 
 1.646012e-02  5.933257e+03  1.081770e+04  1.464125e+04  2.186288e+04 
 1.668956e-02  5.936819e+03  1.082389e+04  1.464932e+04  2.187414e+04 
 1.692220e-02  5.939264e+03  1.082805e+04  1.465463e+04  2.188120e+04 
 1.715809e-02  5.940592e+03  1.083017e+04  1.465720e+04  2.188401e+04 
 1.739726e-02  5.940786e+03  1.083021e+04  1.465696e+04  2.188255e+04 
 1.763977e-02  5.939806e+03  1.082810e+04  1.465381e+04  2.187677e+04 
 1.788566e-02  5.937647e+03  1.082384e+04  1.464771e+04  2.186667e+04 
 1.813498e-02  5.934309e+03  1.081743e+04  1.463870e+04  2.185223e+04 
 1.838777e-02  5.929770e+03  1.080882e+04  1.462671e+04  2.183328e+04 
 1.864409e-02  5.924006e+03  1.079797e+04  1.461170e+04  2.180980e+04 
 1.890397e-02  5.917014e+03  1.078488e+04  1.459365e+04  2.178186e+04 
 1.916748e-02  5.908771e+03  1.076953e+04  1.457250e+04  2.174931e+04 
 1.943467e-02  5.899278e+03  1.075187e+04  1.454825e+04  2.171198e+04 
 1.970558e-02  5.888524e+03  1.073189e+04  1.452089e+04  2.166982e+04 
 1.998026e-02  5.876484e+03  1.070959e+04  1.449034e+04  2.162289e+04 
 2.025878e-02  5.863165e+03  1.068493e+04  1.445661e+04  2.157137e+04 
 2.054117e-02  5.848557e+03  1.065795e+04  1.441971e+04  2.151522e+04 
 2.082751e-02  5.832644e+03  1.062859e+04  1.437959e+04  2.145418e+04 
 2.111783e-02  5.815436e+03  1.059685e+04  1.433629e+04  2.138820e+04 
 2.141220e-02  5.797018e+03  1.056286e+04  1.428991e+04  2.131750e+04 
 2.171068e-02  5.777845e+03  1.052726e+04  1.424106e+04  2.124257e+04 
 2.201331e-02  5.757372e+03  1.048928e+04  1.418898e+04  2.116285e+04 
 2.232016e-02  5.735601e+03  1.044893e+04  1.413371e+04  2.107828e+04 
 2.263130e-02  5.712533e+03  1.040622e+04  1.407524e+04  2.098887e+04 
 2.294676e-02  5.688173e+03  1.036115e+04  1.401357e+04  2.089474e+04 
 2.326663e-02  5.662540e+03  1.031376e+04  1.394876e+04  2.079593e+04 
 2.359095e-02  5.635642e+03  1.026406e+04  1.388082e+04  2.069246e+04 
 2.391980e-02  5.607469e+03  1.021203e+04  1.380971e+04  2.058424e+04 
 2.425323e-02  5.578042e+03  1.015770e+04  1.373549e+04  2.047134e+04 
 2.459130e-02  5.547394e+03  1.010116e+04  1.365829e+04  2.035393e+04 
 2.493409e-02  5.515531e+03  1.004241e+04  1.357810e+04  2.023207e+04 
 2.528166e-02  5.482465e+03  9.981479e+03  1.349493e+04  2.010577e+04 
 2.563407e-02  5.448225e+03  9.918379e+03  1.340887e+04  1.997512e+04 
 2.599140e-02  5.412832e+03  9.853188e+03  1.331994e+04  1.984022e+04 
 2.635371e-02  5.376312e+03  9.785938e+03  1.322825e+04  1.970116e+04 
 2.672106e-02  5.338697e+03  9.716706e+03  1.313385e+04  1.955810e+04 
 2.709354e-02  5.300014e+03  9.645537e+03  1.303683e+04  1.941114e+04 
 2.747121e-02  5.260295e+03  9.572480e+03  1.293727e+04  1.926038e+04 
 2.785414e-02  5.219508e+03  9.497491e+03  1.283512e+04  1.910580e+04 
 2.824241e-02  5.177408e+03  9.420218e+03  1.272998e+04  1.894701e+04 
 2.863610e-02  5.134377e+03  9.341254e+03  1.262258e+04  1.878483e+04 
 2.903527e-02  5.090461e+03  9.260677e+03  1.251300e+04  1.861942e+04 
 2.944000e-02  5.045709e+03  9.178583e+03  1.240136e+04  1.845096e+04 
 2.985038e-02  5.000167e+03  9.095048e+03  1.228778e+04  1.827962e+04 
 3.026648e-02  4.953885e+03  9.010163e+03  1.217236e+04  1.810556e+04 
 3.068838e-02  4.906913e+03  8.924019e+03  1.205526e+04  1.792898e+04 
 3.111616e-02  4.859299e+03  8.836727e+03  1.193659e+04  1.775009e+04 
 3.154990e-02  4.811098e+03  8.748380e+03  1.181650e+04  1.756909e+04 
 3.198969e-02  4.762367e+03  8.659071e+03  1.169513e+04  1.738620e+04 
 3.243561e-02  4.713168e+03  8.568896e+03  1.157261e+04  1.720163e+04 
 3.288774e-02  4.663556e+03  8.477974e+03  1.144908e+04  1.701558e+04 
 3.334618e-02  4.613590e+03  8.386426e+03  1.132469e+04  1.682826e+04 
 3.381101e-02  4.563330e+03  8.294357e+03  1.119960e+04  1.663992e+04 
 3.428231e-02  4.512842e+03  8.201876e+03  1.107395e+04  1.645078e+04 
 3.476019e-02  4.462094e+03  8.109207e+03  1.094842e+04  1.626281e+04 
 3.524473e-02  4.411246e+03  8.016362e+03  1.082266e+04  1.607458e+04 
 3.573602e-02  4.360365e+03  7.923475e+03  1.069682e+04  1.588624e+04 
 3.623416e-02  4.309516e+03  7.830656e+03  1.057108e+04  1.569806e+04 
 3.673925e-02  4.258766e+03  7.738018e+03  1.044558e+04  1.551024e+04 
 3.725137e-02  4.208180e+03  7.645672e+03  1.032051e+04  1.532304e+04 
 3.777064e-02  4.157820e+03  7.553734e+03  1.019598e+04  1.513670e+04 
 3.829714e-02  4.107750e+03  7.462331e+03  1.007218e+04  1.495146e+04 
 3.883098e-02  4.058029e+03  7.371579e+03  9.949244e+03  1.476757e+04 
 3.937226e-02  4.008727e+03  7.281592e+03  9.827322e+03  1.458522e+04 
 3.992109e-02  3.959901e+03  7.192471e+03  9.706580e+03  1.440463e+04 
 4.047757e-02  3.911593e+03  7.104265e+03  9.587023e+03  1.422575e+04 
 4.104181e-02  3.863646e+03  7.016110e+03  9.466899e+03  1.404420e+04 
 4.161391e-02  3.816345e+03  6.929128e+03  9.348386e+03  1.386510e+04 
 4.219398e-02  3.769739e+03  6.843418e+03  9.231610e+03  1.368865e+04 
 4.278214e-02  3.723873e+03  6.759060e+03  9.116676e+03  1.351500e+04 
 4.337850e-02  3.678786e+03  6.676128e+03  9.003678e+03  1.334428e+04 
 4.398317e-02  3.634513e+03  6.594695e+03  8.892713e+03  1.317664e+04 
 4.459628e-02  3.591100e+03  6.514831e+03  8.783881e+03  1.301222e+04 
 4.521792e-02  3.548580e+03  6.436597e+03  8.677262e+03  1.285115e+04 
 4.584824e-02  3.506977e+03  6.360036e+03  8.572907e+03  1.269350e+04 
 4.648734e-02  3.466315e+03  6.285178e+03  8.470869e+03  1.253935e+04 
 4.713535e-02  3.426790e+03  6.213165e+03  8.373523e+03  1.239447e+04 
 4.779239e-02  3.388325e+03  6.143559e+03  8.279944e+03  1.225658e+04 
 4.845859e-02  3.350812e+03  6.075696e+03  8.188722e+03  1.212220e+04 
 4.913407e-02  3.314253e+03  6.009573e+03  8.099849e+03  1.199132e+04 
 4.981898e-02  3.278642e+03  5.945182e+03  8.013301e+03  1.186393e+04 
 5.051342e-02  3.243963e+03  5.882490e+03  7.929042e+03  1.173995e+04 
 5.121755e-02  3.210196e+03  5.821450e+03  7.847021e+03  1.161931e+04 
 5.193150e-02  3.177307e+03  5.762005e+03  7.767160e+03  1.150189e+04 
 5.265540e-02  3.145255e+03  5.704080e+03  7.689347e+03  1.138755e+04 
 5.338938e-02  3.113757e+03  5.646673e+03  7.611749e+03  1.127225e+04 
 5.413360e-02  3.082729e+03  5.589552e+03  7.533960e+03  1.115514e+04 
 5.488820e-02  3.052412e+03  5.533756e+03  7.457973e+03  1.104075e+04 
 5.565331e-02  3.022710e+03  5.479095e+03  7.383543e+03  1.092870e+04 
 5.642908e-02  2.993474e+03  5.425275e+03  7.310268e+03  1.081837e+04 
 5.721568e-02  2.964639e+03  5.372177e+03  7.237973e+03  1.070954e+04 
 5.801323e-02  2.936419e+03  5.320199e+03  7.167199e+03  1.060302e+04 
 5.882190e-02  2.909034e+03  5.269746e+03  7.098487e+03  1.049961e+04 
 5.964185e-02  2.882355e+03  5.220941e+03  7.032367e+03  1.040110e+04 
 6.047322e-02  2.856093e+03  5.173871e+03  6.969612e+03  1.031038e+04 
 6.131619e-02  2.829312e+03  5.125861e+03  6.905599e+03  1.021782e+04 
 6.217090e-02  2.802105e+03  5.077070e+03  6.840546e+03  1.012374e+04 
 6.303753e-02  2.774605e+03  5.027752e+03  6.774798e+03  1.002865e+04 
 6.391624e-02  2.746895e+03  4.978050e+03  6.708544e+03  9.932837e+03 
 6.480720e-02  2.718837e+03  4.927720e+03  6.641453e+03  9.835807e+03 
 6.571058e-02  2.690242e+03  4.876423e+03  6.573066e+03  9.736899e+03 
 6.662655e-02  2.659719e+03  4.819677e+03  6.495250e+03  9.618258e+03 
 6.755528e-02  2.628385e+03  4.761424e+03  6.415362e+03  9.496454e+03 
 6.849697e-02  2.596220e+03  4.701679e+03  6.333499e+03  9.371800e+03 
 6.945178e-02  2.563164e+03  4.640332e+03  6.249515e+03  9.244078e+03 
 7.041990e-02  2.529152e+03  4.577275e+03  6.163261e+03  9.113082e+03 
 7.140151e-02  2.494118e+03  4.512388e+03  6.074577e+03  8.978600e+03 
 7.239681e-02  2.458262e+03  4.446310e+03  5.984635e+03  8.843463e+03 
 7.340598e-02  2.421615e+03  4.379147e+03  5.893652e+03  8.708183e+03 
 7.442922e-02  2.383862e+03  4.310006e+03  5.800031e+03  8.569063e+03 
 7.546673e-02  2.345016e+03  4.238910e+03  5.703806e+03  8.426157e+03 
 7.651869e-02  2.305113e+03  4.165923e+03  5.605071e+03  8.279613e+03 
 7.758532e-02  2.264199e+03  4.091117e+03  5.503935e+03  8.129604e+03 
 7.866682e-02  2.223223e+03  4.017419e+03  5.405505e+03  7.986623e+03 
 7.976339e-02  2.182810e+03  3.946704e+03  5.313015e+03  7.857242e+03 
 8.087525e-02  2.141574e+03  3.874473e+03  5.218424e+03  7.724611e+03 
 8.200261e-02  2.099645e+03  3.800942e+03  5.122029e+03  7.589175e+03 
 8.314568e-02  2.057168e+03  3.726355e+03  5.024152e+03  7.451429e+03 
 8.430468e-02  2.014293e+03  3.650986e+03  4.925167e+03  7.311888e+03 
 8.547985e-02  1.970293e+03  3.572208e+03  4.820289e+03  7.160446e+03 
 8.667139e-02  1.925850e+03  3.491987e+03  4.712859e+03  7.003708e+03 
 8.787954e-02  1.881586e+03  3.412101e+03  4.605854e+03  6.847542e+03 
 8.910453e-02  1.837697e+03  3.332904e+03  4.499746e+03  6.692654e+03 
 9.034660e-02  1.794374e+03  3.254725e+03  4.395000e+03  6.539734e+03 
 9.160598e-02  1.752521e+03  3.180170e+03  4.296027e+03  6.397356e+03 
 9.288292e-02  1.712234e+03  3.109307e+03  4.202813e+03  6.265250e+03 
 9.417766e-02  1.673025e+03  3.040336e+03  4.112090e+03  6.136631e+03 
 9.549045e-02  1.635051e+03  2.973556e+03  4.024253e+03  6.012104e+03 
 9.682153e-02  1.598467e+03  2.909255e+03  3.939683e+03  5.892254e+03 
 9.817117e-02  1.563709e+03  2.848665e+03  3.860476e+03  5.781248e+03 
 9.953962e-02  1.530707e+03  2.791354e+03  3.785775e+03  5.677118e+03 
 1.009272e-01  1.499415e+03  2.737083e+03  3.715111e+03  5.578784e+03 
 1.023340e-01  1.469877e+03  2.685940e+03  3.648624e+03  5.486510e+03 
 1.037605e-01  1.441446e+03  2.635957e+03  3.582912e+03  5.393537e+03 
 1.052069e-01  1.412296e+03  2.581596e+03  3.508444e+03  5.280979e+03 
 1.066734e-01  1.385006e+03  2.530667e+03  3.438648e+03  5.175413e+03 
 1.081604e-01  1.359504e+03  2.482996e+03  3.373309e+03  5.076542e+03 
 1.096681e-01  1.335677e+03  2.438423e+03  3.312173e+03  4.983988e+03 
 1.111968e-01  1.313762e+03  2.397868e+03  3.256699e+03  4.899874e+03 
 1.127468e-01  1.293241e+03  2.359894e+03  3.204741e+03  4.821027e+03 
 1.143184e-01  1.273913e+03  2.324091e+03  3.155745e+03  4.746609e+03 
 1.159120e-01  1.255564e+03  2.290091e+03  3.109214e+03  4.675871e+03 
 1.175277e-01  1.238966e+03  2.260361e+03  3.069399e+03  4.617092e+03 
 1.191660e-01  1.222938e+03  2.231769e+03  3.031202e+03  4.560895e+03 
 1.208271e-01  1.207158e+03  2.203630e+03  2.993618e+03  4.505588e+03 
 1.225114e-01  1.191361e+03  2.175429e+03  2.955946e+03  4.450178e+03 
 1.242191e-01  1.174976e+03  2.145960e+03  2.916595e+03  4.393048e+03 
 1.259506e-01  1.158107e+03  2.115627e+03  2.876061e+03  4.334149e+03 
 1.277063e-01  1.140548e+03  2.084059e+03  2.833838e+03  4.272671e+03 
 1.294865e-01  1.122471e+03  2.051691e+03  2.790504e+03  4.209052e+03 
 1.312915e-01  1.103791e+03  2.018380e+03  2.745864e+03  4.142929e+03 
 1.331216e-01  1.084008e+03  1.983025e+03  2.698477e+03  4.072631e+03 
 1.349772e-01  1.063121e+03  1.945684e+03  2.648437e+03  3.998466e+03 
 1.368587e-01  1.042331e+03  1.910551e+03  2.603654e+03  3.938966e+03 
 1.387665e-01  1.020439e+03  1.873336e+03  2.555933e+03  3.874805e+03 
 1.407008e-01  9.975838e+02  1.834245e+03  2.505585e+03  3.806438e+03 
 1.426621e-01  9.747619e+02  1.795345e+03  2.455210e+03  3.736085e+03 
 1.446507e-01  9.515775e+02  1.755752e+03  2.403729e+03  3.663230e+03 
 1.466671e-01  9.280067e+02  1.715333e+03  2.350962e+03  3.588270e+03 
 1.487115e-01  9.022051e+02  1.668786e+03  2.288449e+03  3.496441e+03 
 1.507845e-01  8.752266e+02  1.618736e+03  2.220266e+03  3.394522e+03 
 1.528864e-01  8.488570e+02  1.569822e+03  2.153579e+03  3.294801e+03 
 1.550175e-01  8.253527e+02  1.528275e+03  2.098594e+03  3.215973e+03 
 1.571784e-01  8.042901e+02  1.492611e+03  2.052774e+03  3.153076e+03 
 1.593694e-01  7.844081e+02  1.458998e+03  2.009623e+03  3.093916e+03 
 1.615909e-01  7.664231e+02  1.429184e+03  1.971687e+03  3.042628e+03 
 1.638434e-01  7.501039e+02  1.402475e+03  1.938045e+03  2.997684e+03 
 1.661273e-01  7.352635e+02  1.378393e+03  1.907861e+03  2.957870e+03 
 1.684430e-01  7.185186e+02  1.347854e+03  1.866822e+03  2.898338e+03 
 1.707910e-01  7.028330e+02  1.318918e+03  1.827759e+03  2.841328e+03 
 1.731717e-01  6.890567e+02  1.293949e+03  1.794345e+03  2.792986e+03 
 1.755856e-01  6.787064e+02  1.277052e+03  1.772882e+03  2.763280e+03 
 1.780332e-01  6.692171e+02  1.261716e+03  1.753526e+03  2.736819e+03 
 1.805149e-01  6.584931e+02  1.241715e+03  1.725716e+03  2.693179e+03 
 1.830312e-01  6.470019e+02  1.218884e+03  1.692792e+03  2.639183e+03 
 1.855825e-01  6.357092e+02  1.196736e+03  1.661169e+03  2.588092e+03 
 1.881694e-01  6.247975e+02  1.177091e+03  1.635096e+03  2.550679e+03 
 1.907924e-01  6.134720e+02  1.156655e+03  1.607897e+03  2.511447e+03 
 1.934520e-01  6.009694e+02  1.133688e+03  1.577185e+03  2.467752e+03 
 1.961486e-01  5.875517e+02  1.108890e+03  1.543907e+03  2.420281e+03 
 1.988828e-01  5.746815e+02  1.085912e+03  1.513406e+03  2.376754e+03 
 2.016551e-01  5.629398e+02  1.066179e+03  1.487782e+03  2.340300e+03 
 2.044661e-01  5.503034e+02  1.044405e+03  1.459048e+03  2.298510e+03 
 2.073162e-01  5.360501e+02  1.017850e+03  1.422280e+03  2.241937e+03 
 2.102061e-01  5.215150e+02  9.907350e+02  1.384711e+03  2.184039e+03 
 2.131362e-01  5.110333e+02  9.758837e+02  1.367481e+03  2.162172e+03 
 2.161073e-01  5.008505e+02  9.616509e+02  1.351151e+03  2.141712e+03 
 2.191197e-01  4.877246e+02  9.392848e+02  1.322532e+03  2.103686e+03 
 2.221741e-01  4.745205e+02  9.161107e+02  1.292476e+03  2.063514e+03 
 2.252711e-01  4.627372e+02  8.961507e+02  1.267154e+03  2.030145e+03 
 2.284112e-01  4.520708e+02  8.784196e+02  1.244958e+03  2.001339e+03 
 2.315951e-01  4.428742e+02  8.624849e+02  1.223601e+03  1.968728e+03 
 2.348235e-01  4.348094e+02  8.483430e+02  1.204167e+03  1.937398e+03 
 2.380968e-01  4.253305e+02  8.300432e+02  1.178508e+03  1.897830e+03 
 2.414157e-01  4.159819e+02  8.116346e+02  1.152603e+03  1.858273e+03 
 2.447809e-01  4.066435e+02  7.937593e+02  1.128033e+03  1.821005e+03 
 2.481930e-01  3.976741e+02  7.767062e+02  1.104681e+03  1.785622e+03 
 2.516527e-01  3.923469e+02  7.681725e+02  1.093455e+03  1.768571e+03 
 2.551606e-01  3.858230e+02  7.568090e+02  1.078158e+03  1.745595e+03 
 2.587174e-01  3.758224e+02  7.371597e+02  1.050975e+03  1.705584e+03 
 2.623238e-01  3.673135e+02  7.216547e+02  1.030135e+03  1.675484e+03 
 2.659804e-01  3.604456e+02  7.106761e+02  1.016219e+03  1.656209e+03 
 2.696881e-01  3.513120e+02  6.941578e+02  9.939852e+02  1.622667e+03 
 2.734474e-01  3.414849e+02  6.759730e+02  9.692647e+02  1.584939e+03 
 2.772591e-01  3.341321e+02  6.641570e+02  9.547347e+02  1.566729e+03 
 2.811239e-01  3.263556e+02  6.508179e+02  9.378957e+02  1.546094e+03 
 2.850426e-01  3.181712e+02  6.357781e+02  9.184928e+02  1.523244e+03 
 2.890160e-01  3.108795e+02  6.235457e+02  9.027764e+02  1.500650e+03 
 2.930447e-01  3.041487e+02  6.120389e+02  8.872971e+02  1.476031e+03 
 2.971296e-01  2.978051e+02  5.994819e+02  8.681787e+02  1.442386e+03 
 3.012714e-01  2.920799e+02  5.897011e+02  8.551955e+02  1.422922e+03 
 3.054710e-01  2.864424e+02  5.804746e+02  8.438003e+02  1.407986e+03 
 3.097291e-01  2.796131e+02  5.680332e+02  8.276011e+02  1.386371e+03 
 3.140465e-01  2.734212e+02  5.555264e+02  8.094051e+02  1.355922e+03 
 3.184242e-01  2.679174e+02  5.445608e+02  7.933868e+02  1.328843e+03 
 3.228628e-01  2.635870e+02  5.376278e+02  7.848679e+02  1.318815e+03 
 3.273634e-01  2.572469e+02  5.249137e+02  7.665130e+02  1.289085e+03 
 3.319266e-01  2.506545e+02  5.121744e+02  7.488664e+02  1.262380e+03 
 3.365535e-01  2.444031e+02  5.011357e+02  7.347341e+02  1.243692e+03 
 3.412449e-01  2.401165e+02  4.955045e+02  7.279997e+02  1.232665e+03 
 3.460016e-01  2.353918e+02  4.878341e+02  7.180581e+02  1.218400e+03 
 3.508247e-01  2.307640e+02  4.795856e+02  7.069939e+02  1.202145e+03 
 3.557150e-01  2.263030e+02  4.712728e+02  6.956807e+02  1.184849e+03 
 3.606735e-01  2.211828e+02  4.621238e+02  6.835871e+02  1.167513e+03 
 3.657011e-01  2.149975e+02  4.504011e+02  6.675412e+02  1.145228e+03 
 3.707988e-01  2.101154e+02  4.410629e+02  6.547772e+02  1.126133e+03 
 3.759675e-01  2.056834e+02  4.326125e+02  6.431553e+02  1.108664e+03 
 3.812083e-01  2.010685e+02  4.242517e+02  6.317975e+02  1.092050e+03 
 3.865221e-01  1.971241e+02  4.183643e+02  6.247347e+02  1.079653e+03 
 3.919100e-01  1.931530e+02  4.091153e+02  6.105894e+02  1.060297e+03 
 3.973730e-01  1.885653e+02  4.015759e+02  6.011783e+02  1.045215e+03 
 4.029122e-01  1.849454e+02  3.959003e+02  5.932207e+02  1.030155e+03 
 4.085286e-01  1.812618e+02  3.879097e+02  5.816969e+02  1.013449e+03 
 4.142232e-01  1.767661e+02  3.786805e+02  5.694738e+02  9.983071e+02 
 4.199973e-01  1.724221e+02  3.711846e+02  5.599393e+02  9.841854e+02 
 4.258518e-01  1.690008e+02  3.647590e+02  5.506540e+02  9.676342e+02 
 4.317880e-01  1.653751e+02  3.575389e+02  5.398710e+02  9.510322e+02 
 4.378069e-01  1.622455e+02  3.513474e+02  5.310276e+02  9.361631e+02 
 4.439097e-01  1.596333e+02  3.473185e+02  5.262503e+02  9.321993e+02 
 4.500975e-01  1.554202e+02  3.394065e+02  5.152877e+02  9.155741e+02 
 4.563716e-01  1.518731e+02  3.320826e+02  5.045193e+02  8.959029e+02 
 4.627332e-01  1.496046e+02  3.289674e+02  5.012160e+02  8.928841e+02 
 4.691835e-01  1.458843e+02  3.214619e+02  4.902079e+02  8.738239e+02 
 4.757236e-01  1.431843e+02  3.162106e+02  4.831049e+02  8.630858e+02 
 4.823549e-01  1.395249e+02  3.086002e+02  4.723733e+02  8.488277e+02 
 4.890787e-01  1.366657e+02  3.029906e+02  4.646352e+02  8.362914e+02 
 4.958962e-01  1.345332e+02  2.988083e+02  4.580255e+02  8.238069e+02 
 5.028087e-01  1.316526e+02  2.937612e+02  4.511382e+02  8.137144e+02 
 5.098176e-01  1.293121e+02  2.894326e+02  4.446893e+02  8.005099e+02 
 5.169242e-01  1.271763e+02  2.853946e+02  4.392765e+02  7.932127e+02 
 5.241298e-01  1.231213e+02  2.783969e+02  4.306156e+02  7.825719e+02 
 5.314359e-01  1.210173e+02  2.750402e+02  4.259195e+02  7.749071e+02 
 5.388438e-01  1.185689e+02  2.694948e+02  4.175517e+02  7.620526e+02 
 5.463550e-01  1.165343e+02  2.653895e+02  4.113048e+02  7.515108e+02 
 5.539709e-01  1.135305e+02  2.601103e+02  4.045020e+02  7.405702e+02 
 5.616930e-01  1.115958e+02  2.562763e+02  3.989551e+02  7.318761e+02 
 5.695227e-01  1.094580e+02  2.528051e+02  3.946176e+02  7.222952e+02 
 5.774615e-01  1.070501e+02  2.471389e+02  3.862026e+02  7.102607e+02 
 5.855110e-01  1.051933e+02  2.435681e+02  3.805207e+02  7.006062e+02 
 5.936727e-01  1.028533e+02  2.380711e+02  3.729559e+02  6.892806e+02 
 6.019482e-01  1.011895e+02  2.355549e+02  3.687038e+02  6.811717e+02 
 6.103390e-01  9.886010e+01  2.315187e+02  3.633160e+02  6.712335e+02 
 6.188468e-01  9.670036e+01  2.279498e+02  3.601988e+02  6.688971e+02 
 6.274732e-01  9.518264e+01  2.239765e+02  3.532944e+02  6.576106e+02 
 6.362198e-01  9.334246e+01  2.206237e+02  3.481072e+02  6.473470e+02 
 6.450884e-01  9.122115e+01  2.168280e+02  3.428659e+02  6.381605e+02 
 6.540806e-01  8.939438e+01  2.123787e+02  3.360694e+02  6.283446e+02 
 6.631981e-01  8.749133e+01  2.094571e+02  3.329013e+02  6.221450e+02 
 6.724427e-01  8.589460e+01  2.059057e+02  3.279440e+02  6.162108e+02 
 6.818162e-01  8.411709e+01  2.023396e+02  3.214949e+02  6.041225e+02 
 6.913204e-01  8.237545e+01  1.987948e+02  3.169010e+02  5.961708e+02 
 7.009570e-01  8.125442e+01  1.959697e+02  3.127278e+02  5.886468e+02 
 7.107280e-01  7.923894e+01  1.927530e+02  3.080816e+02  5.796110e+02 
 7.206351e-01  7.807485e+01  1.899661e+02  3.043152e+02  5.749021e+02 
 7.306804e-01  7.653621e+01  1.871406e+02  2.996036e+02  5.649835e+02 
 7.408657e-01  7.489721e+01  1.835929e+02  2.944149e+02  5.576376e+02 
 7.511929e-01  7.335615e+01  1.803838e+02  2.902328e+02  5.501805e+02 
 7.616642e-01  7.197860e+01  1.772727e+02  2.858103e+02  5.434279e+02 
 7.722814e-01  7.106734e+01  1.754762e+02  2.825694e+02  5.354828e+02 
 7.830465e-01  6.962050e+01  1.722602e+02  2.780279e+02  5.284977e+02 
 7.939618e-01  6.836087e+01  1.700665e+02  2.745124e+02  5.235011e+02 
 8.050292e-01  6.690749e+01  1.670442e+02  2.708943e+02  5.166850e+02 
 8.162509e-01  6.579591e+01  1.646715e+02  2.663936e+02  5.077528e+02 
 8.276289e-01  6.423896e+01  1.615425e+02  2.623108e+02  5.014553e+02 
 8.391656e-01  6.349140e+01  1.597641e+02  2.588745e+02  4.962015e+02 
 8.508632e-01  6.236925e+01  1.570557e+02  2.553227e+02  4.894930e+02 
 8.627237e-01  6.104106e+01  1.546689e+02  2.516316e+02  4.819033e+02 
 8.747496e-01  5.995960e+01  1.521793e+02  2.480283e+02  4.756730e+02 
 8.869432e-01  5.895333e+01  1.500199e+02  2.446702e+02  4.693999e+02 
 8.993067e-01  5.781663e+01  1.476976e+02  2.410658e+02  4.628395e+02 
 9.118425e-01  5.692701e+01  1.452649e+02  2.371279e+02  4.547915e+02 
 9.245531e-01  5.572252e+01  1.428538e+02  2.334479e+02  4.496832e+02 
 9.374409e-01  5.470791e+01  1.407517e+02  2.305282e+02  4.437170e+02 
 9.505083e-01  5.382812e+01  1.386139e+02  2.272511e+02  4.373579e+02 
 9.637579e-01  5.271190e+01  1.359923e+02  2.233180e+02  4.312380e+02 
 9.771921e-01  5.206419e+01  1.352208e+02  2.211677e+02  4.253657e+02 
 9.908137e-01  5.108831e+01  1.327766e+02  2.177793e+02  4.200197e+02 
 1.004625e+00  5.014407e+01  1.303757e+02  2.140017e+02  4.128019e+02 
 1.018629e+00  4.932055e+01  1.286094e+02  2.110854e+02  4.068546e+02 
 1.032828e+00  4.842110e+01  1.266664e+02  2.084106e+02  4.027530e+02 
 1.047225e+00  4.752262e+01  1.249135e+02  2.051515e+02  3.958680e+02 
 1.061823e+00  4.680797e+01  1.232422e+02  2.023677e+02  3.900172e+02 
 1.076624e+00  4.596691e+01  1.213122e+02  1.993634e+02  3.842120e+02 
 1.091632e+00  4.519799e+01  1.194192e+02  1.965702e+02  3.783192e+02 
 1.106848e+00  4.436563e+01  1.174205e+02  1.935901e+02  3.731912e+02 
 1.122277e+00  4.360840e+01  1.158159e+02  1.905240e+02  3.671770e+02 
 1.137921e+00  4.284118e+01  1.138821e+02  1.876779e+02  3.616681e+02 
 1.153783e+00  4.218449e+01  1.121447e+02  1.848278e+02  3.564471e+02 
 1.169866e+00  4.143355e+01  1.104838e+02  1.820004e+02  3.513071e+02 
 1.186174e+00  4.070240e+01  1.089073e+02  1.793853e+02  3.457960e+02 
 1.202708e+00  4.006833e+01  1.072368e+02  1.766899e+02  3.403353e+02 
 1.219473e+00  3.940524e+01  1.056648e+02  1.741537e+02  3.347107e+02 
 1.236472e+00  3.872621e+01  1.041002e+02  1.716412e+02  3.296974e+02 
 1.253708e+00  3.810873e+01  1.024585e+02  1.688729e+02  3.249478e+02 
 1.271184e+00  3.748227e+01  1.012877e+02  1.667773e+02  3.196678e+02 
 1.288904e+00  3.686133e+01  9.937657e+01  1.638851e+02  3.150784e+02 
 1.306870e+00  3.620752e+01  9.787493e+01  1.613629e+02  3.098061e+02 
 1.325087e+00  3.567265e+01  9.644839e+01  1.589208e+02  3.045439e+02 
 1.343558e+00  3.508862e+01  9.493969e+01  1.564183e+02  2.995947e+02 
 1.362287e+00  3.455491e+01  9.341946e+01  1.537775e+02  2.947149e+02 
 1.381276e+00  3.397584e+01  9.199994e+01  1.511646e+02  2.898825e+02 
 1.400531e+00  3.343655e+01  9.057369e+01  1.488471e+02  2.846470e+02 
 1.420053e+00  3.285983e+01  8.908148e+01  1.465275e+02  2.797288e+02 
 1.439848e+00  3.234208e+01  8.776197e+01  1.440152e+02  2.750532e+02 
 1.459919e+00  3.177081e+01  8.632532e+01  1.416225e+02  2.700201e+02 
 1.480269e+00  3.132365e+01  8.483640e+01  1.391881e+02  2.649394e+02 
 1.500903e+00  3.079849e+01  8.351439e+01  1.368094e+02  2.608123e+02 
 1.521825e+00  3.029260e+01  8.229757e+01  1.346879e+02  2.559775e+02 
 1.543038e+00  2.978569e+01  8.094974e+01  1.325020e+02  2.516569e+02 
 1.564548e+00  2.935039e+01  7.963166e+01  1.302108e+02  2.470023e+02 
 1.586357e+00  2.888592e+01  7.844582e+01  1.280464e+02  2.425122e+02 
 1.608469e+00  2.840027e+01  7.720898e+01  1.258917e+02  2.383567e+02 
 1.630891e+00  2.803244e+01  7.582493e+01  1.235339e+02  2.336970e+02 
 1.653624e+00  2.754324e+01  7.457469e+01  1.215273e+02  2.297299e+02 
 1.676675e+00  2.710420e+01  7.348445e+01  1.194913e+02  2.252142e+02 
 1.700047e+00  2.665898e+01  7.224983e+01  1.173420e+02  2.210576e+02 
 1.723745e+00  2.624087e+01  7.100409e+01  1.152324e+02  2.165556e+02 
 1.747773e+00  2.579673e+01  6.976971e+01  1.131285e+02  2.123911e+02 
 1.772136e+00  2.538671e+01  6.857672e+01  1.110139e+02  2.084297e+02 
 1.796838e+00  2.499291e+01  6.740426e+01  1.090165e+02  2.042694e+02 
 1.821885e+00  2.460858e+01  6.622604e+01  1.069534e+02  2.003113e+02 
 1.847281e+00  2.421472e+01  6.518183e+01  1.050769e+02  1.963511e+02 
 1.873032e+00  2.382913e+01  6.397281e+01  1.029439e+02  1.925385e+02 
 1.899141e+00  2.343205e+01  6.281005e+01  1.010708e+02  1.886533e+02 
 1.925614e+00  2.307415e+01  6.174278e+01  9.919452e+01  1.847764e+02 
 1.952456e+00  2.276825e+01  6.070315e+01  9.733309e+01  1.809999e+02 
 1.979672e+00  2.235619e+01  5.967133e+01  9.549052e+01  1.773552e+02 
 2.007267e+00  2.203364e+01  5.858060e+01  9.353904e+01  1.738551e+02 
 2.035248e+00  2.164953e+01  5.749835e+01  9.171261e+01  1.701537e+02 
 2.063618e+00  2.130565e+01  5.643381e+01  8.995261e+01  1.665830e+02 
 2.092383e+00  2.097017e+01  5.541368e+01  8.814043e+01  1.631237e+02 
 2.121550e+00  2.061905e+01  5.435702e+01  8.635730e+01  1.595797e+02 
 2.151123e+00  2.029053e+01  5.334374e+01  8.457326e+01  1.560922e+02 
 2.181109e+00  1.995615e+01  5.232163e+01  8.287703e+01  1.527965e+02 
 2.211512e+00  1.962949e+01  5.129624e+01  8.111642e+01  1.493567e+02 
 2.242340e+00  1.931230e+01  5.034077e+01  7.945295e+01  1.461124e+02 
 2.273597e+00  1.897352e+01  4.935587e+01  7.772079e+01  1.428650e+02 
 2.305289e+00  1.868231e+01  4.838745e+01  7.612429e+01  1.397271e+02 
 2.337424e+00  1.836893e+01  4.742589e+01  7.448652e+01  1.366047e+02 
 2.370006e+00  1.806206e+01  4.649597e+01  7.293121e+01  1.336802e+02 
 2.403043e+00  1.775032e+01  4.557902e+01  7.133316e+01  1.306342e+02 
 2.436540e+00  1.746505e+01  4.468524e+01  6.981299e+01  1.276810e+02 
 2.470504e+00  1.717507e+01  4.380986e+01  6.829454e+01  1.247952e+02 
 2.504942e+00  1.688881e+01  4.294644e+01  6.683221e+01  1.219973e+02 
 2.539859e+00  1.661706e+01  4.206436e+01  6.535646e+01  1.191865e+02 
 2.575263e+00  1.632434e+01  4.119274e+01  6.396742e+01  1.164966e+02 
 2.611161e+00  1.605533e+01  4.034210e+01  6.249199e+01  1.137964e+02 
 2.647559e+00  1.577884e+01  3.949175e+01  6.106575e+01  1.111113e+02 
 2.684465e+00  1.550827e+01  3.868792e+01  5.967052e+01  1.084886e+02 
 2.721885e+00  1.522513e+01  3.783216e+01  5.831875e+01  1.059223e+02 
 2.759826e+00  1.495886e+01  3.700263e+01  5.695981e+01  1.034030e+02 
 2.798297e+00  1.469343e+01  3.622664e+01  5.565009e+01  1.009921e+02 
 2.837304e+00  1.443407e+01  3.543141e+01  5.435172e+01  9.856668e+01 
 2.876854e+00  1.417495e+01  3.464563e+01  5.308410e+01  9.621817e+01 
 2.916956e+00  1.392375e+01  3.389882e+01  5.184038e+01  9.388131e+01 
 2.957617e+00  1.367925e+01  3.316299e+01  5.064197e+01  9.164856e+01 
 2.998844e+00  1.343151e+01  3.243931e+01  4.944761e+01  8.943448e+01 
 3.040646e+00  1.319132e+01  3.172012e+01  4.828675e+01  8.733533e+01 
 3.083031e+00  1.295390e+01  3.101646e+01  4.714893e+01  8.522755e+01 
 3.126007e+00  1.272450e+01  3.033307e+01  4.603306e+01  8.317147e+01 
 3.169582e+00  1.249038e+01  2.964025e+01  4.492311e+01  8.116370e+01 
 3.213764e+00  1.226066e+01  2.897263e+01  4.384434e+01  7.918947e+01 
 3.258562e+00  1.202800e+01  2.832143e+01  4.278364e+01  7.724902e+01 
 3.303985e+00  1.180101e+01  2.765597e+01  4.174342e+01  7.535176e+01 
 3.350041e+00  1.158008e+01  2.700643e+01  4.070417e+01  7.347281e+01 
 3.396739e+00  1.135186e+01  2.637686e+01  3.971045e+01  7.164719e+01 
 3.444087e+00  1.113556e+01  2.574563e+01  3.871521e+01  6.984831e+01 
 3.492096e+00  1.092068e+01  2.514173e+01  3.776294e+01  6.812326e+01 
 3.540774e+00  1.070398e+01  2.455299e+01  3.683267e+01  6.642427e+01 
 3.590130e+00  1.049614e+01  2.396346e+01  3.590473e+01  6.477778e+01 
 3.640175e+00  1.029371e+01  2.339454e+01  3.502082e+01  6.315662e+01 
 3.690917e+00  1.008698e+01  2.284605e+01  3.414260e+01  6.158834e+01 
 3.742366e+00  9.887365e+00  2.228958e+01  3.329380e+01  6.008069e+01 
 3.794533e+00  9.694182e+00  2.176629e+01  3.246875e+01  5.858169e+01 
 3.847427e+00  9.501248e+00  2.123837e+01  3.166128e+01  5.713823e+01 
 3.901058e+00  9.307715e+00  2.073342e+01  3.087478e+01  5.571430e+01 
 3.955436e+00  9.124492e+00  2.023146e+01  3.009388e+01  5.432153e+01 
 4.010573e+00  8.935707e+00  1.973669e+01  2.934008e+01  5.296731e+01 
 4.066478e+00  8.750985e+00  1.925105e+01  2.859199e+01  5.162492e+01 
 4.123163e+00  8.567173e+00  1.877888e+01  2.786106e+01  5.031594e+01 
 4.180637e+00  8.388964e+00  1.831341e+01  2.714848e+01  4.903141e+01 
 4.238913e+00  8.210436e+00  1.785206e+01  2.644936e+01  4.779253e+01 
 4.298001e+00  8.032214e+00  1.740651e+01  2.577167e+01  4.656934e+01 
 4.357913e+00  7.864621e+00  1.697027e+01  2.511192e+01  4.539222e+01 
 4.418660e+00  7.694564e+00  1.654764e+01  2.446310e+01  4.424225e+01 
 4.480254e+00  7.527583e+00  1.613118e+01  2.383345e+01  4.311763e+01 
 4.542706e+00  7.366052e+00  1.572351e+01  2.321837e+01  4.202066e+01 
 4.606029e+00  7.206626e+00  1.533386e+01  2.262693e+01  4.096627e+01 
 4.670234e+00  7.049937e+00  1.494923e+01  2.205355e+01  3.993804e+01 
 4.735335e+00  6.897386e+00  1.457597e+01  2.148974e+01  3.893063e+01 
 4.801343e+00  6.749089e+00  1.421482e+01  2.094355e+01  3.794611e+01 
 4.868271e+00  6.601311e+00  1.385794e+01  2.040827e+01  3.699216e+01 
 4.936132e+00  6.456080e+00  1.350792e+01  1.988630e+01  3.605568e+01 
 5.004939e+00  6.312247e+00  1.316705e+01  1.937422e+01  3.513742e+01 
 5.074705e+00  6.169481e+00  1.283067e+01  1.887063e+01  3.424133e+01 
 5.145444e+00  6.030354e+00  1.250315e+01  1.838094e+01  3.336580e+01 
 5.217169e+00  5.892274e+00  1.218022e+01  1.790119e+01  3.250189e+01 
 5.289893e+00  5.758821e+00  1.186743e+01  1.743693e+01  3.166609e+01 
 5.363631e+00  5.625400e+00  1.156169e+01  1.697870e+01  3.085019e+01 
 5.438397e+00  5.496492e+00  1.126316e+01  1.653620e+01  3.005189e+01 
 5.514206e+00  5.369574e+00  1.097282e+01  1.610588e+01  2.927856e+01 
 5.591071e+00  5.244375e+00  1.069204e+01  1.568611e+01  2.852718e+01 
 5.669007e+00  5.124621e+00  1.041640e+01  1.528081e+01  2.779579e+01 
 5.748030e+00  5.006113e+00  1.015048e+01  1.488502e+01  2.708241e+01 
 5.828155e+00  4.890891e+00  9.891424e+00  1.450167e+01  2.639090e+01 
 5.909396e+00  4.778021e+00  9.638854e+00  1.412843e+01  2.572031e+01 
 5.991770e+00  4.667433e+00  9.392311e+00  1.376450e+01  2.506525e+01 
 6.075292e+00  4.559675e+00  9.153643e+00  1.341105e+01  2.442541e+01 
 6.159978e+00  4.453265e+00  8.919783e+00  1.306592e+01  2.380190e+01 
 6.245845e+00  4.348845e+00  8.690384e+00  1.272782e+01  2.318769e+01 
 6.332908e+00  4.245594e+00  8.464638e+00  1.239486e+01  2.258876e+01 
 6.421186e+00  4.145197e+00  8.245091e+00  1.206996e+01  2.199857e+01 
 6.510694e+00  4.045842e+00  8.030025e+00  1.175435e+01  2.142497e+01 
 6.601449e+00  3.949260e+00  7.821098e+00  1.144586e+01  2.086607e+01 
 6.693470e+00  3.854297e+00  7.616442e+00  1.114401e+01  2.031931e+01 
 6.786773e+00  3.761601e+00  7.418295e+00  1.085104e+01  1.978783e+01 
 6.881377e+00  3.671630e+00  7.225266e+00  1.056687e+01  1.926926e+01 
 6.977300e+00  3.583821e+00  7.038073e+00  1.029174e+01  1.876727e+01 
 7.074559e+00  3.498346e+00  6.855588e+00  1.002242e+01  1.827779e+01 
 7.173175e+00  3.414768e+00  6.679007e+00  9.762413e+00  1.780363e+01 
 7.273165e+00  3.333772e+00  6.507657e+00  9.510023e+00  1.734138e+01 
 7.374549e+00  3.254647e+00  6.340549e+00  9.263520e+00  1.689252e+01 
 7.477346e+00  3.177250e+00  6.178726e+00  9.025876e+00  1.645664e+01 
 7.581576e+00  3.102236e+00  6.020075e+00  8.792615e+00  1.603014e+01 
 7.687260e+00  3.028451e+00  5.865829e+00  8.565243e+00  1.561416e+01 
 7.794416e+00  2.955915e+00  5.714667e+00  8.341562e+00  1.520538e+01 
 7.903066e+00  2.884964e+00  5.566218e+00  8.123130e+00  1.480438e+01 
 8.013230e+00  2.815312e+00  5.422420e+00  7.911330e+00  1.441373e+01 
 8.124930e+00  2.747029e+00  5.281384e+00  7.703264e+00  1.403104e+01 
 8.238187e+00  2.680603e+00  5.143565e+00  7.500118e+00  1.365877e+01 
 8.353023e+00  2.615573e+00  5.009772e+00  7.302971e+00  1.329536e+01 
 8.469460e+00  2.552414e+00  4.879647e+00  7.111262e+00  1.294193e+01 
 8.587519e+00  2.490849e+00  4.753037e+00  6.924955e+00  1.259830e+01 
 8.707225e+00  2.430970e+00  4.629882e+00  6.744046e+00  1.226481e+01 
 8.828599e+00  2.372818e+00  4.511166e+00  6.568452e+00  1.193984e+01 
 8.951665e+00  2.315951e+00  4.395693e+00  6.398028e+00  1.162493e+01 
 9.076446e+00  2.261203e+00  4.283664e+00  6.233187e+00  1.131952e+01 
 9.202967e+00  2.207766e+00  4.174772e+00  6.072819e+00  1.102213e+01 
 9.331251e+00  2.155665e+00  4.068480e+00  5.916678e+00  1.073314e+01 
 9.461324e+00  0.000000e+00  0.000000e+00  0.000000e+00  0.000000e+00 
 9.593209e+00  0.000000e+00  0.000000e+00  0.000000e+00  0.000000e+00 
 9.726934e+00  0.000000e+00  0.000000e+00  0.000000e+00  0.000000e+00 
 9.862522e+00  0.000000e+00  0.000000e+00  0.000000e+00  0.000000e+00 
 1.000000e+01  0.000000e+00  0.000000e+00  0.000000e+00  0.000000e+00 
