 1.000000e-02  5.737524e+03  1.042892e+04  1.406369e+04  2.086179e+04 
 1.013939e-02  5.766470e+03  1.048141e+04  1.413419e+04  2.096604e+04 
 1.028073e-02  5.794815e+03  1.053277e+04  1.420326e+04  2.106807e+04 
 1.042404e-02  5.822588e+03  1.058303e+04  1.427093e+04  2.116798e+04 
 1.056935e-02  5.849882e+03  1.063237e+04  1.433740e+04  2.126608e+04 
 1.071668e-02  5.876678e+03  1.068087e+04  1.440259e+04  2.136233e+04 
 1.086606e-02  5.903010e+03  1.072859e+04  1.446658e+04  2.145688e+04 
 1.101753e-02  5.928739e+03  1.077523e+04  1.452909e+04  2.154917e+04 
 1.117111e-02  5.953591e+03  1.082023e+04  1.458946e+04  2.163823e+04 
 1.132683e-02  5.977604e+03  1.086366e+04  1.464775e+04  2.172417e+04 
 1.148472e-02  6.000919e+03  1.090584e+04  1.470436e+04  2.180761e+04 
 1.164481e-02  6.023542e+03  1.094675e+04  1.475921e+04  2.188852e+04 
 1.180713e-02  6.045416e+03  1.098633e+04  1.481228e+04  2.196675e+04 
 1.197171e-02  6.066544e+03  1.102451e+04  1.486352e+04  2.204218e+04 
 1.213859e-02  6.086885e+03  1.106126e+04  1.491282e+04  2.211472e+04 
 1.230780e-02  6.106397e+03  1.109652e+04  1.496006e+04  2.218427e+04 
 1.247936e-02  6.125065e+03  1.113022e+04  1.500519e+04  2.225074e+04 
 1.265332e-02  6.142893e+03  1.116240e+04  1.504828e+04  2.231414e+04 
 1.282970e-02  6.159865e+03  1.119301e+04  1.508926e+04  2.237437e+04 
 1.300854e-02  6.175935e+03  1.122198e+04  1.512798e+04  2.243125e+04 
 1.318987e-02  6.191113e+03  1.124932e+04  1.516439e+04  2.248483e+04 
 1.337373e-02  6.205317e+03  1.127488e+04  1.519843e+04  2.253487e+04 
 1.356015e-02  6.218423e+03  1.129847e+04  1.522985e+04  2.258092e+04 
 1.374917e-02  6.230468e+03  1.132012e+04  1.525879e+04  2.262313e+04 
 1.394083e-02  6.241557e+03  1.134005e+04  1.528540e+04  2.266195e+04 
 1.413516e-02  6.251721e+03  1.135825e+04  1.530963e+04  2.269726e+04 
 1.433219e-02  6.260895e+03  1.137465e+04  1.533141e+04  2.272891e+04 
 1.453198e-02  6.269014e+03  1.138914e+04  1.535051e+04  2.275672e+04 
 1.473454e-02  6.276004e+03  1.140159e+04  1.536683e+04  2.278043e+04 
 1.493993e-02  6.281873e+03  1.141200e+04  1.538042e+04  2.279993e+04 
 1.514819e-02  6.286619e+03  1.142036e+04  1.539132e+04  2.281542e+04 
 1.535935e-02  6.290218e+03  1.142666e+04  1.539945e+04  2.282686e+04 
 1.557345e-02  6.292643e+03  1.143082e+04  1.540470e+04  2.283413e+04 
 1.579053e-02  6.293870e+03  1.143280e+04  1.540702e+04  2.283707e+04 
 1.601064e-02  6.293878e+03  1.143257e+04  1.540635e+04  2.283545e+04 
 1.623382e-02  6.292654e+03  1.143011e+04  1.540267e+04  2.282926e+04 
 1.646012e-02  6.290235e+03  1.142546e+04  1.539601e+04  2.281871e+04 
 1.668956e-02  6.286590e+03  1.141858e+04  1.538634e+04  2.280375e+04 
 1.692220e-02  6.281658e+03  1.140937e+04  1.537352e+04  2.278414e+04 
 1.715809e-02  6.275398e+03  1.139772e+04  1.535744e+04  2.275970e+04 
 1.739726e-02  6.267778e+03  1.138359e+04  1.533801e+04  2.273028e+04 
 1.763977e-02  6.258801e+03  1.136702e+04  1.531530e+04  2.269588e+04 
 1.788566e-02  6.248507e+03  1.134805e+04  1.528932e+04  2.265659e+04 
 1.813498e-02  6.236853e+03  1.132664e+04  1.526004e+04  2.261246e+04 
 1.838777e-02  6.223825e+03  1.130272e+04  1.522741e+04  2.256345e+04 
 1.864409e-02  6.209421e+03  1.127629e+04  1.519137e+04  2.250944e+04 
 1.890397e-02  6.193616e+03  1.124731e+04  1.515192e+04  2.245027e+04 
 1.916748e-02  6.176416e+03  1.121577e+04  1.510900e+04  2.238587e+04 
 1.943467e-02  6.157789e+03  1.118166e+04  1.506261e+04  2.231628e+04 
 1.970558e-02  6.137717e+03  1.114492e+04  1.501268e+04  2.224154e+04 
 1.998026e-02  6.116219e+03  1.110559e+04  1.495926e+04  2.216167e+04 
 2.025878e-02  6.093317e+03  1.106372e+04  1.490242e+04  2.207673e+04 
 2.054117e-02  6.069022e+03  1.101930e+04  1.484218e+04  2.198669e+04 
 2.082751e-02  6.043293e+03  1.097227e+04  1.477840e+04  2.189140e+04 
 2.111783e-02  6.016120e+03  1.092263e+04  1.471107e+04  2.179084e+04 
 2.141220e-02  5.987614e+03  1.087054e+04  1.464039e+04  2.168528e+04 
 2.171068e-02  5.958285e+03  1.081671e+04  1.456718e+04  2.157547e+04 
 2.201331e-02  5.927543e+03  1.076033e+04  1.449054e+04  2.146059e+04 
 2.232016e-02  5.895421e+03  1.070144e+04  1.441051e+04  2.134058e+04 
 2.263130e-02  5.861904e+03  1.064003e+04  1.432706e+04  2.121538e+04 
 2.294676e-02  5.827010e+03  1.057609e+04  1.424023e+04  2.108516e+04 
 2.326663e-02  5.790760e+03  1.050971e+04  1.415011e+04  2.095012e+04 
 2.359095e-02  5.753157e+03  1.044088e+04  1.405668e+04  2.081024e+04 
 2.391980e-02  5.714217e+03  1.036962e+04  1.395999e+04  2.066554e+04 
 2.425323e-02  5.673980e+03  1.029600e+04  1.386011e+04  2.051612e+04 
 2.459130e-02  5.632450e+03  1.022005e+04  1.375709e+04  2.036203e+04 
 2.493409e-02  5.589654e+03  1.014180e+04  1.365100e+04  2.020337e+04 
 2.528166e-02  5.545635e+03  1.006131e+04  1.354192e+04  2.004029e+04 
 2.563407e-02  5.500423e+03  9.978657e+03  1.342992e+04  1.987290e+04 
 2.599140e-02  5.454049e+03  9.893913e+03  1.331509e+04  1.970132e+04 
 2.635371e-02  5.406543e+03  9.807129e+03  1.319751e+04  1.952567e+04 
 2.672106e-02  5.357941e+03  9.718354e+03  1.307727e+04  1.934610e+04 
 2.709354e-02  5.308300e+03  9.627700e+03  1.295449e+04  1.916279e+04 
 2.747121e-02  5.257667e+03  9.535245e+03  1.282930e+04  1.897591e+04 
 2.785414e-02  5.206014e+03  9.440972e+03  1.270169e+04  1.878553e+04 
 2.824241e-02  5.153142e+03  9.344581e+03  1.257135e+04  1.859136e+04 
 2.863610e-02  5.099417e+03  9.246654e+03  1.243894e+04  1.839414e+04 
 2.903527e-02  5.044883e+03  9.147269e+03  1.230458e+04  1.819405e+04 
 2.944000e-02  4.989599e+03  9.046560e+03  1.216845e+04  1.799133e+04 
 2.985038e-02  4.933638e+03  8.944617e+03  1.203067e+04  1.778620e+04 
 3.026648e-02  4.877067e+03  8.841563e+03  1.189141e+04  1.757886e+04 
 3.068838e-02  4.819953e+03  8.737503e+03  1.175079e+04  1.736952e+04 
 3.111616e-02  4.762338e+03  8.632546e+03  1.160897e+04  1.715844e+04 
 3.154990e-02  4.704288e+03  8.526826e+03  1.146611e+04  1.694585e+04 
 3.198969e-02  4.645876e+03  8.420458e+03  1.132240e+04  1.673198e+04 
 3.243561e-02  4.587187e+03  8.313589e+03  1.117803e+04  1.651714e+04 
 3.288774e-02  4.528292e+03  8.206356e+03  1.103318e+04  1.630156e+04 
 3.334618e-02  4.469254e+03  8.098853e+03  1.088797e+04  1.608550e+04 
 3.381101e-02  4.410143e+03  7.991224e+03  1.074259e+04  1.586923e+04 
 3.428231e-02  4.351030e+03  7.883607e+03  1.059725e+04  1.565303e+04 
 3.476019e-02  4.291837e+03  7.776183e+03  1.045254e+04  1.543876e+04 
 3.524473e-02  4.232805e+03  7.669057e+03  1.030824e+04  1.522511e+04 
 3.573602e-02  4.174014e+03  7.562376e+03  1.016452e+04  1.501233e+04 
 3.623416e-02  4.115547e+03  7.456258e+03  1.002157e+04  1.480070e+04 
 3.673925e-02  4.057452e+03  7.350826e+03  9.879544e+03  1.459042e+04 
 3.725137e-02  3.999807e+03  7.246225e+03  9.738636e+03  1.438177e+04 
 3.777064e-02  3.942688e+03  7.142574e+03  9.599007e+03  1.417503e+04 
 3.829714e-02  3.886164e+03  7.040010e+03  9.460843e+03  1.397045e+04 
 3.883098e-02  3.830316e+03  6.938651e+03  9.324302e+03  1.376827e+04 
 3.937226e-02  3.775217e+03  6.838635e+03  9.189553e+03  1.356873e+04 
 3.992109e-02  3.720925e+03  6.740073e+03  9.056745e+03  1.337204e+04 
 4.047757e-02  3.667486e+03  6.643029e+03  8.925942e+03  1.317822e+04 
 4.104181e-02  3.614778e+03  6.546753e+03  8.795550e+03  1.298329e+04 
 4.161391e-02  3.563048e+03  6.452267e+03  8.667578e+03  1.279197e+04 
 4.219398e-02  3.512351e+03  6.359651e+03  8.542143e+03  1.260442e+04 
 4.278214e-02  3.462745e+03  6.269000e+03  8.419364e+03  1.242081e+04 
 4.337850e-02  3.414266e+03  6.180401e+03  8.299358e+03  1.224132e+04 
 4.398317e-02  3.366957e+03  6.093943e+03  8.182234e+03  1.206615e+04 
 4.459628e-02  3.320848e+03  6.009660e+03  8.068056e+03  1.189538e+04 
 4.521792e-02  3.275978e+03  5.927612e+03  7.956887e+03  1.172909e+04 
 4.584824e-02  3.232356e+03  5.847837e+03  7.848784e+03  1.156734e+04 
 4.648734e-02  3.189999e+03  5.770359e+03  7.743793e+03  1.141021e+04 
 4.713535e-02  3.149048e+03  5.696183e+03  7.644015e+03  1.126284e+04 
 4.779239e-02  3.109459e+03  5.624916e+03  7.548600e+03  1.112316e+04 
 4.845859e-02  3.071153e+03  5.555968e+03  7.456278e+03  1.098806e+04 
 4.913407e-02  3.034112e+03  5.489314e+03  7.367034e+03  1.085749e+04 
 4.981898e-02  2.998319e+03  5.424930e+03  7.280836e+03  1.073142e+04 
 5.051342e-02  2.963747e+03  5.362760e+03  7.197631e+03  1.060975e+04 
 5.121755e-02  2.930373e+03  5.302746e+03  7.117334e+03  1.049236e+04 
 5.193150e-02  2.898153e+03  5.244813e+03  7.039833e+03  1.037912e+04 
 5.265540e-02  2.867035e+03  5.188875e+03  6.965007e+03  1.026983e+04 
 5.338938e-02  2.836732e+03  5.133970e+03  6.891116e+03  1.016074e+04 
 5.413360e-02  2.807139e+03  5.079828e+03  6.817710e+03  1.005096e+04 
 5.488820e-02  2.778474e+03  5.027387e+03  6.746574e+03  9.944560e+03 
 5.565331e-02  2.750644e+03  4.976452e+03  6.677482e+03  9.841222e+03 
 5.642908e-02  2.723504e+03  4.926776e+03  6.610090e+03  9.740422e+03 
 5.721568e-02  2.696936e+03  4.878150e+03  6.544122e+03  9.641742e+03 
 5.801323e-02  2.671018e+03  4.830708e+03  6.479753e+03  9.545461e+03 
 5.882190e-02  2.645874e+03  4.784664e+03  6.417272e+03  9.451995e+03 
 5.964185e-02  2.621536e+03  4.740390e+03  6.357495e+03  9.363400e+03 
 6.047322e-02  2.597950e+03  4.698336e+03  6.301588e+03  9.282912e+03 
 6.131619e-02  2.574197e+03  4.655986e+03  6.245308e+03  9.201899e+03 
 6.217090e-02  2.549997e+03  4.612827e+03  6.187956e+03  9.119316e+03 
 6.303753e-02  2.525357e+03  4.568878e+03  6.129544e+03  9.035189e+03 
 6.391624e-02  2.500329e+03  4.524217e+03  6.070182e+03  8.949688e+03 
 6.480720e-02  2.474921e+03  4.478857e+03  6.009872e+03  8.862821e+03 
 6.571058e-02  2.448992e+03  4.432547e+03  5.948283e+03  8.774095e+03 
 6.662655e-02  2.421206e+03  4.381042e+03  5.877807e+03  8.667010e+03 
 6.755528e-02  2.392515e+03  4.327856e+03  5.805049e+03  8.556462e+03 
 6.849697e-02  2.362862e+03  4.272949e+03  5.730009e+03  8.442624e+03 
 6.945178e-02  2.332176e+03  4.216185e+03  5.652499e+03  8.325223e+03 
 7.041990e-02  2.300381e+03  4.157424e+03  5.572335e+03  8.203999e+03 
 7.140151e-02  2.267412e+03  4.096561e+03  5.489380e+03  8.078740e+03 
 7.239681e-02  2.233496e+03  4.034276e+03  5.404890e+03  7.952351e+03 
 7.340598e-02  2.198634e+03  3.970636e+03  5.319030e+03  7.825275e+03 
 7.442922e-02  2.162489e+03  3.904683e+03  5.230097e+03  7.693731e+03 
 7.546673e-02  2.125059e+03  3.836428e+03  5.138093e+03  7.557742e+03 
 7.651869e-02  2.086375e+03  3.765925e+03  5.043099e+03  7.417421e+03 
 7.758532e-02  2.046501e+03  3.693278e+03  4.945270e+03  7.272961e+03 
 7.866682e-02  2.006327e+03  3.621202e+03  4.849311e+03  7.133967e+03 
 7.976339e-02  1.966452e+03  3.551445e+03  4.758214e+03  7.006487e+03 
 8.087525e-02  1.925616e+03  3.479889e+03  4.664649e+03  6.875237e+03 
 8.200261e-02  1.883954e+03  3.406772e+03  4.568934e+03  6.740677e+03 
 8.314568e-02  1.841631e+03  3.332380e+03  4.471449e+03  6.603325e+03 
 8.430468e-02  1.798817e+03  3.257022e+03  4.372621e+03  6.463769e+03 
 8.547985e-02  1.754982e+03  3.178626e+03  4.268592e+03  6.313809e+03 
 8.667139e-02  1.710741e+03  3.098953e+03  4.162312e+03  6.159261e+03 
 8.787954e-02  1.666670e+03  3.019580e+03  4.056417e+03  6.005226e+03 
 8.910453e-02  1.622992e+03  2.940911e+03  3.951458e+03  5.852471e+03 
 9.034660e-02  1.579924e+03  2.863343e+03  3.847974e+03  5.701782e+03 
 9.160598e-02  1.538355e+03  2.789374e+03  3.750130e+03  5.561297e+03 
 9.288292e-02  1.498424e+03  2.719136e+03  3.657992e+03  5.430888e+03 
 9.417766e-02  1.459694e+03  2.651000e+03  3.568597e+03  5.304302e+03 
 9.549045e-02  1.422347e+03  2.585319e+03  3.482430e+03  5.182249e+03 
 9.682153e-02  1.386559e+03  2.522395e+03  3.399900e+03  5.065364e+03 
 9.817117e-02  1.352750e+03  2.463384e+03  3.322902e+03  4.957296e+03 
 9.953962e-02  1.320868e+03  2.407952e+03  3.250769e+03  4.856521e+03 
 1.009272e-01  1.290912e+03  2.355954e+03  3.183217e+03  4.762318e+03 
 1.023340e-01  1.262949e+03  2.307523e+03  3.120404e+03  4.674963e+03 
 1.037605e-01  1.236407e+03  2.260883e+03  3.059245e+03  4.588400e+03 
 1.052069e-01  1.209598e+03  2.210971e+03  2.991130e+03  4.485702e+03 
 1.066734e-01  1.184862e+03  2.164915e+03  2.928251e+03  4.390823e+03 
 1.081604e-01  1.162131e+03  2.122562e+03  2.870407e+03  4.303482e+03 
 1.096681e-01  1.141312e+03  2.083705e+03  2.817319e+03  4.223267e+03 
 1.111968e-01  1.122434e+03  2.048694e+03  2.769526e+03  4.150668e+03 
 1.127468e-01  1.105123e+03  2.016610e+03  2.725685e+03  4.083958e+03 
 1.143184e-01  1.089179e+03  1.987050e+03  2.685254e+03  4.022372e+03 
 1.159120e-01  1.074366e+03  1.959570e+03  2.647646e+03  3.965037e+03 
 1.175277e-01  1.061181e+03  1.935869e+03  2.615785e+03  3.917505e+03 
 1.191660e-01  1.048642e+03  1.913430e+03  2.585692e+03  3.872716e+03 
 1.208271e-01  1.036415e+03  1.891562e+03  2.556361e+03  3.829068e+03 
 1.225114e-01  1.024161e+03  1.869635e+03  2.526952e+03  3.785362e+03 
 1.242191e-01  1.011252e+03  1.846286e+03  2.495596e+03  3.739245e+03 
 1.259506e-01  9.978100e+02  1.821966e+03  2.462923e+03  3.691196e+03 
 1.277063e-01  9.835956e+02  1.796229e+03  2.428353e+03  3.640324e+03 
 1.294865e-01  9.687280e+02  1.769503e+03  2.392535e+03  3.587402e+03 
 1.312915e-01  9.530802e+02  1.741606e+03  2.355197e+03  3.532002e+03 
 1.331216e-01  9.361359e+02  1.711326e+03  2.314645e+03  3.471805e+03 
 1.349772e-01  9.178584e+02  1.678624e+03  2.270875e+03  3.406943e+03 
 1.368587e-01  8.993784e+02  1.647391e+03  2.231142e+03  3.353975e+03 
 1.387665e-01  8.795797e+02  1.613671e+03  2.187963e+03  3.295649e+03 
 1.407008e-01  8.585831e+02  1.577665e+03  2.141611e+03  3.232323e+03 
 1.426621e-01  8.374556e+02  1.541757e+03  2.095387e+03  3.168167e+03 
 1.446507e-01  8.157938e+02  1.504900e+03  2.047736e+03  3.101438e+03 
 1.466671e-01  7.935735e+02  1.466886e+03  1.998377e+03  3.031904e+03 
 1.487115e-01  7.692877e+02  1.423274e+03  1.940309e+03  2.947361e+03 
 1.507845e-01  7.439419e+02  1.376538e+03  1.877170e+03  2.853996e+03 
 1.528864e-01  7.191619e+02  1.330841e+03  1.815391e+03  2.762524e+03 
 1.550175e-01  6.969690e+02  1.291708e+03  1.763932e+03  2.689245e+03 
 1.571784e-01  6.770214e+02  1.257879e+03  1.720571e+03  2.629947e+03 
 1.593694e-01  6.583120e+02  1.226183e+03  1.679997e+03  2.574450e+03 
 1.615909e-01  6.414789e+02  1.198087e+03  1.644266e+03  2.525915e+03 
 1.638434e-01  6.263926e+02  1.173211e+03  1.612837e+03  2.483601e+03 
 1.661273e-01  6.129349e+02  1.151244e+03  1.585290e+03  2.446899e+03 
 1.684430e-01  5.981120e+02  1.124079e+03  1.548852e+03  2.393894e+03 
 1.707910e-01  5.845741e+02  1.098983e+03  1.514998e+03  2.344480e+03 
 1.731717e-01  5.729888e+02  1.077851e+03  1.486710e+03  2.303482e+03 
 1.755856e-01  5.644835e+02  1.063752e+03  1.468633e+03  2.277897e+03 
 1.780332e-01  5.570107e+02  1.051566e+03  1.453165e+03  2.256333e+03 
 1.805149e-01  5.486267e+02  1.035663e+03  1.430899e+03  2.220978e+03 
 1.830312e-01  5.396833e+02  1.017531e+03  1.404570e+03  2.177399e+03 
 1.855825e-01  5.309459e+02  1.000048e+03  1.379427e+03  2.136390e+03 
 1.881694e-01  5.224600e+02  9.844533e+02  1.358530e+03  2.105849e+03 
 1.907924e-01  5.134806e+02  9.679346e+02  1.336368e+03  2.073341e+03 
 1.934520e-01  5.034348e+02  9.493437e+02  1.311519e+03  2.037911e+03 
 1.961486e-01  4.923845e+02  9.288313e+02  1.284080e+03  1.998829e+03 
 1.988828e-01  4.815389e+02  9.094052e+02  1.258370e+03  1.962148e+03 
 2.016551e-01  4.713875e+02  8.922906e+02  1.236193e+03  1.930534e+03 
 2.044661e-01  4.602148e+02  8.729773e+02  1.210774e+03  1.893569e+03 
 2.073162e-01  4.476201e+02  8.496966e+02  1.178884e+03  1.844948e+03 
 2.102061e-01  4.345588e+02  8.254954e+02  1.145698e+03  1.794252e+03 
 2.131362e-01  4.247893e+02  8.114938e+02  1.129487e+03  1.774011e+03 
 2.161073e-01  4.151939e+02  7.978179e+02  1.113737e+03  1.754467e+03 
 2.191197e-01  4.032042e+02  7.773811e+02  1.087689e+03  1.719699e+03 
 2.221741e-01  3.912646e+02  7.564431e+02  1.060639e+03  1.683285e+03 
 2.252711e-01  3.805865e+02  7.382962e+02  1.037669e+03  1.652895e+03 
 2.284112e-01  3.710780e+02  7.224399e+02  1.017887e+03  1.627221e+03 
 2.315951e-01  3.628756e+02  7.081022e+02  9.987730e+02  1.598398e+03 
 2.348235e-01  3.558009e+02  6.955645e+02  9.816540e+02  1.571256e+03 
 2.380968e-01  3.477832e+02  6.799108e+02  9.597263e+02  1.537397e+03 
 2.414157e-01  3.401042e+02  6.646014e+02  9.381755e+02  1.504360e+03 
 2.447809e-01  3.325861e+02  6.500060e+02  9.180653e+02  1.473594e+03 
 2.481930e-01  3.254602e+02  6.362683e+02  8.992131e+02  1.444784e+03 
 2.516527e-01  3.213187e+02  6.294539e+02  8.901290e+02  1.430674e+03 
 2.551606e-01  3.161544e+02  6.202745e+02  8.776906e+02  1.411746e+03 
 2.587174e-01  3.079747e+02  6.040386e+02  8.552411e+02  1.378543e+03 
 2.623238e-01  3.009806e+02  5.912170e+02  8.380385e+02  1.353632e+03 
 2.659804e-01  2.952659e+02  5.820676e+02  8.264740e+02  1.337610e+03 
 2.696881e-01  2.875459e+02  5.681516e+02  8.078914e+02  1.309849e+03 
 2.734474e-01  2.791251e+02  5.526236e+02  7.869589e+02  1.278230e+03 
 2.772591e-01  2.726547e+02  5.421991e+02  7.741901e+02  1.262130e+03 
 2.811239e-01  2.658093e+02  5.304890e+02  7.594412e+02  1.243691e+03 
 2.850426e-01  2.586871e+02  5.175246e+02  7.427332e+02  1.223352e+03 
 2.890160e-01  2.522123e+02  5.066158e+02  7.287890e+02  1.203533e+03 
 2.930447e-01  2.462645e+02  4.963925e+02  7.151638e+02  1.182289e+03 
 2.971296e-01  2.406871e+02  4.853791e+02  6.986174e+02  1.153373e+03 
 3.012714e-01  2.357588e+02  4.768395e+02  6.873357e+02  1.136643e+03 
 3.054710e-01  2.310510e+02  4.689845e+02  6.776112e+02  1.123930e+03 
 3.097291e-01  2.254539e+02  4.585284e+02  6.637949e+02  1.104810e+03 
 3.140465e-01  2.203945e+02  4.482690e+02  6.489877e+02  1.080228e+03 
 3.184242e-01  2.159029e+02  4.393048e+02  6.360412e+02  1.058665e+03 
 3.228628e-01  2.123070e+02  4.333399e+02  6.285954e+02  1.049655e+03 
 3.273634e-01  2.071738e+02  4.230216e+02  6.137630e+02  1.025740e+03 
 3.319266e-01  2.017901e+02  4.125955e+02  5.993761e+02  1.004014e+03 
 3.365535e-01  1.965952e+02  4.033673e+02  5.875667e+02  9.882855e+02 
 3.412449e-01  1.929102e+02  3.985139e+02  5.818470e+02  9.790541e+02 
 3.460016e-01  1.888362e+02  3.918770e+02  5.733300e+02  9.670186e+02 
 3.508247e-01  1.848375e+02  3.847484e+02  5.638219e+02  9.530048e+02 
 3.557150e-01  1.809819e+02  3.775829e+02  5.540968e+02  9.379080e+02 
 3.606735e-01  1.765702e+02  3.696632e+02  5.437065e+02  9.232333e+02 
 3.657011e-01  1.714034e+02  3.597628e+02  5.301415e+02  9.042506e+02 
 3.707988e-01  1.672950e+02  3.517974e+02  5.192473e+02  8.879772e+02 
 3.759675e-01  1.635821e+02  3.446102e+02  5.093528e+02  8.730277e+02 
 3.812083e-01  1.598004e+02  3.376831e+02  4.999513e+02  8.591345e+02 
 3.865221e-01  1.566413e+02  3.330465e+02  4.945690e+02  8.500324e+02 
 3.919100e-01  1.533559e+02  3.253528e+02  4.828955e+02  8.340165e+02 
 3.973730e-01  1.496433e+02  3.191094e+02  4.750379e+02  8.213549e+02 
 4.029122e-01  1.466044e+02  3.142754e+02  4.683056e+02  8.088582e+02 
 4.085286e-01  1.435298e+02  3.076827e+02  4.588602e+02  7.952229e+02 
 4.142232e-01  1.398423e+02  3.001326e+02  4.488566e+02  7.826304e+02 
 4.199973e-01  1.362437e+02  2.938592e+02  4.408623e+02  7.707417e+02 
 4.258518e-01  1.333459e+02  2.884206e+02  4.331137e+02  7.572157e+02 
 4.317880e-01  1.303010e+02  2.823949e+02  4.242006e+02  7.434214e+02 
 4.378069e-01  1.276314e+02  2.770022e+02  4.164600e+02  7.304770e+02 
 4.439097e-01  1.254164e+02  2.735380e+02  4.123223e+02  7.265811e+02 
 4.500975e-01  1.220042e+02  2.670926e+02  4.034853e+02  7.134805e+02 
 4.563716e-01  1.191263e+02  2.610773e+02  3.947053e+02  6.976774e+02 
 4.627332e-01  1.172723e+02  2.585300e+02  3.920302e+02  6.952130e+02 
 4.691835e-01  1.142237e+02  2.523954e+02  3.831790e+02  6.802706e+02 
 4.757236e-01  1.120154e+02  2.480103e+02  3.771222e+02  6.708562e+02 
 4.823549e-01  1.090345e+02  2.418470e+02  3.684119e+02  6.588983e+02 
 4.890787e-01  1.066541e+02  2.371564e+02  3.620365e+02  6.487982e+02 
 4.958962e-01  1.048456e+02  2.335836e+02  3.564677e+02  6.384736e+02 
 5.028087e-01  1.024508e+02  2.293710e+02  3.507638e+02  6.300506e+02 
 5.098176e-01  1.005114e+02  2.257485e+02  3.454913e+02  6.196537e+02 
 5.169242e-01  9.871867e+01  2.223153e+02  3.408650e+02  6.133391e+02 
 5.241298e-01  9.546457e+01  2.166510e+02  3.338553e+02  6.046069e+02 
 5.314359e-01  9.376077e+01  2.140003e+02  3.302288e+02  5.986801e+02 
 5.388438e-01  9.175088e+01  2.093712e+02  3.232771e+02  5.880302e+02 
 5.463550e-01  9.006043e+01  2.060074e+02  3.182492e+02  5.795776e+02 
 5.539709e-01  8.759760e+01  2.015603e+02  3.125277e+02  5.706060e+02 
 5.616930e-01  8.599353e+01  1.983875e+02  3.080303e+02  5.637806e+02 
 5.695227e-01  8.426093e+01  1.954939e+02  3.044003e+02  5.560866e+02 
 5.774615e-01  8.231878e+01  1.909423e+02  2.976045e+02  5.462909e+02 
 5.855110e-01  8.080774e+01  1.880974e+02  2.932351e+02  5.388385e+02 
 5.936727e-01  7.889497e+01  1.836154e+02  2.869570e+02  5.292427e+02 
 6.019482e-01  7.751368e+01  1.814107e+02  2.833933e+02  5.226885e+02 
 6.103390e-01  7.563563e+01  1.781269e+02  2.790998e+02  5.150574e+02 
 6.188468e-01  7.392336e+01  1.752221e+02  2.764399e+02  5.130546e+02 
 6.274732e-01  7.264290e+01  1.718862e+02  2.706993e+02  5.036652e+02 
 6.362198e-01  7.114421e+01  1.692512e+02  2.668442e+02  4.961413e+02 
 6.450884e-01  6.944558e+01  1.661139e+02  2.624663e+02  4.884925e+02 
 6.540806e-01  6.797465e+01  1.625389e+02  2.570366e+02  4.805979e+02 
 6.631981e-01  6.643620e+01  1.600496e+02  2.542889e+02  4.757919e+02 
 6.724427e-01  6.513863e+01  1.572142e+02  2.503295e+02  4.708091e+02 
 6.818162e-01  6.369812e+01  1.543344e+02  2.452900e+02  4.615727e+02 
 6.913204e-01  6.230554e+01  1.514679e+02  2.415661e+02  4.551622e+02 
 7.009570e-01  6.138929e+01  1.491737e+02  2.381696e+02  4.492600e+02 
 7.107280e-01  5.978242e+01  1.466019e+02  2.345571e+02  4.421953e+02 
 7.206351e-01  5.882185e+01  1.443031e+02  2.314603e+02  4.383926e+02 
 7.306804e-01  5.759853e+01  1.420609e+02  2.277393e+02  4.306289e+02 
 7.408657e-01  5.629076e+01  1.392137e+02  2.236600e+02  4.250308e+02 
 7.511929e-01  5.506550e+01  1.366288e+02  2.202853e+02  4.191963e+02 
 7.616642e-01  5.396965e+01  1.341293e+02  2.167245e+02  4.137386e+02 
 7.722814e-01  5.321689e+01  1.327143e+02  2.142714e+02  4.078684e+02 
 7.830465e-01  5.207003e+01  1.301148e+02  2.105930e+02  4.024655e+02 
 7.939618e-01  5.107172e+01  1.283594e+02  2.077962e+02  3.982871e+02 
 8.050292e-01  4.990551e+01  1.259393e+02  2.049153e+02  3.930604e+02 
 8.162509e-01  4.899918e+01  1.240385e+02  2.014658e+02  3.862087e+02 
 8.276289e-01  4.777786e+01  1.215157e+02  1.981265e+02  3.811822e+02 
 8.391656e-01  4.713823e+01  1.200121e+02  1.953047e+02  3.768957e+02 
 8.508632e-01  4.624738e+01  1.179378e+02  1.925934e+02  3.717983e+02 
 8.627237e-01  4.519679e+01  1.159828e+02  1.896507e+02  3.659068e+02 
 8.747496e-01  4.433953e+01  1.139664e+02  1.867773e+02  3.610159e+02 
 8.869432e-01  4.353913e+01  1.123002e+02  1.842282e+02  3.564941e+02 
 8.993067e-01  4.262841e+01  1.104694e+02  1.814061e+02  3.513217e+02 
 9.118425e-01  4.193979e+01  1.085508e+02  1.783330e+02  3.451338e+02 
 9.245531e-01  4.100173e+01  1.067136e+02  1.755443e+02  3.413474e+02 
 9.374409e-01  4.018723e+01  1.050275e+02  1.732432e+02  3.367799e+02 
 9.505083e-01  3.949252e+01  1.033471e+02  1.707059e+02  3.321413e+02 
 9.637579e-01  3.863094e+01  1.013432e+02  1.677041e+02  3.272578e+02 
 9.771921e-01  3.809248e+01  1.006835e+02  1.661014e+02  3.230173e+02 
 9.908137e-01  3.733723e+01  9.878030e+01  1.634031e+02  3.188107e+02 
 1.004625e+00  3.659099e+01  9.694786e+01  1.606115e+02  3.135268e+02 
 1.018629e+00  3.596361e+01  9.558343e+01  1.583604e+02  3.090722e+02 
 1.032828e+00  3.524486e+01  9.403243e+01  1.562580e+02  3.057998e+02 
 1.047225e+00  3.453380e+01  9.263407e+01  1.537788e+02  3.005678e+02 
 1.061823e+00  3.397529e+01  9.136839e+01  1.516831e+02  2.963661e+02 
 1.076624e+00  3.331598e+01  8.988614e+01  1.494221e+02  2.919650e+02 
 1.091632e+00  3.273055e+01  8.842458e+01  1.472678e+02  2.876463e+02 
 1.106848e+00  3.207912e+01  8.687245e+01  1.450035e+02  2.837274e+02 
 1.122277e+00  3.148719e+01  8.562015e+01  1.426450e+02  2.790548e+02 
 1.137921e+00  3.089364e+01  8.414156e+01  1.404678e+02  2.749914e+02 
 1.153783e+00  3.036742e+01  8.282582e+01  1.383606e+02  2.711603e+02 
 1.169866e+00  2.981845e+01  8.157886e+01  1.363023e+02  2.674178e+02 
 1.186174e+00  2.924927e+01  8.036708e+01  1.342662e+02  2.631406e+02 
 1.202708e+00  2.875122e+01  7.909840e+01  1.322921e+02  2.592577e+02 
 1.219473e+00  2.825054e+01  7.792097e+01  1.304061e+02  2.550590e+02 
 1.236472e+00  2.772659e+01  7.672584e+01  1.285381e+02  2.514754e+02 
 1.253708e+00  2.724878e+01  7.546663e+01  1.263854e+02  2.477601e+02 
 1.271184e+00  2.677376e+01  7.456943e+01  1.248496e+02  2.439231e+02 
 1.288904e+00  2.629152e+01  7.313240e+01  1.226559e+02  2.404564e+02 
 1.306870e+00  2.579576e+01  7.198077e+01  1.207598e+02  2.364662e+02 
 1.325087e+00  2.538223e+01  7.091541e+01  1.189724e+02  2.325651e+02 
 1.343558e+00  2.493260e+01  6.978224e+01  1.171148e+02  2.288616e+02 
 1.362287e+00  2.452182e+01  6.864587e+01  1.151414e+02  2.251962e+02 
 1.381276e+00  2.408390e+01  6.757957e+01  1.131526e+02  2.215332e+02 
 1.400531e+00  2.367556e+01  6.652927e+01  1.114675e+02  2.177003e+02 
 1.420053e+00  2.324410e+01  6.540132e+01  1.097523e+02  2.141224e+02 
 1.439848e+00  2.285360e+01  6.443208e+01  1.079065e+02  2.106802e+02 
 1.459919e+00  2.243037e+01  6.338388e+01  1.061738e+02  2.069592e+02 
 1.480269e+00  2.209435e+01  6.227548e+01  1.043423e+02  2.031578e+02 
 1.500903e+00  2.170762e+01  6.132013e+01  1.026152e+02  2.000797e+02 
 1.521825e+00  2.132868e+01  6.041535e+01  1.010431e+02  1.966170e+02 
 1.543038e+00  2.095358e+01  5.942753e+01  9.948662e+01  1.934506e+02 
 1.564548e+00  2.062823e+01  5.848431e+01  9.781204e+01  1.899399e+02 
 1.586357e+00  2.028036e+01  5.759209e+01  9.622411e+01  1.865742e+02 
 1.608469e+00  1.991660e+01  5.666864e+01  9.463679e+01  1.835006e+02 
 1.630891e+00  1.963679e+01  5.565326e+01  9.285784e+01  1.799069e+02 
 1.653624e+00  1.927791e+01  5.473982e+01  9.139328e+01  1.769835e+02 
 1.676675e+00  1.895146e+01  5.392834e+01  8.989876e+01  1.736306e+02 
 1.700047e+00  1.862607e+01  5.304588e+01  8.833361e+01  1.705089e+02 
 1.723745e+00  1.832717e+01  5.213835e+01  8.677967e+01  1.671456e+02 
 1.747773e+00  1.799723e+01  5.123986e+01  8.521870e+01  1.640159e+02 
 1.772136e+00  1.770033e+01  5.038776e+01  8.370144e+01  1.610914e+02 
 1.796838e+00  1.741080e+01  4.952471e+01  8.222856e+01  1.579927e+02 
 1.821885e+00  1.713947e+01  4.867543e+01  8.072103e+01  1.550411e+02 
 1.847281e+00  1.684648e+01  4.792416e+01  7.935813e+01  1.520745e+02 
 1.873032e+00  1.657071e+01  4.706104e+01  7.780844e+01  1.491740e+02 
 1.899141e+00  1.628889e+01  4.621860e+01  7.642845e+01  1.463225e+02 
 1.925614e+00  1.603178e+01  4.545146e+01  7.505112e+01  1.433880e+02 
 1.952456e+00  1.580808e+01  4.471579e+01  7.370201e+01  1.405611e+02 
 1.979672e+00  1.551431e+01  4.396403e+01  7.236497e+01  1.378196e+02 
 2.007267e+00  1.527850e+01  4.318272e+01  7.092698e+01  1.351261e+02 
 2.035248e+00  1.500900e+01  4.238730e+01  6.956065e+01  1.323218e+02 
 2.063618e+00  1.475887e+01  4.161226e+01  6.822937e+01  1.295771e+02 
 2.092383e+00  1.451950e+01  4.086180e+01  6.688403e+01  1.269266e+02 
 2.121550e+00  1.427034e+01  4.010582e+01  6.558521e+01  1.242537e+02 
 2.151123e+00  1.403868e+01  3.938271e+01  6.426578e+01  1.216058e+02 
 2.181109e+00  1.380123e+01  3.863489e+01  6.300456e+01  1.191080e+02 
 2.211512e+00  1.357328e+01  3.789572e+01  6.170254e+01  1.164388e+02 
 2.242340e+00  1.334971e+01  3.722205e+01  6.048619e+01  1.139970e+02 
 2.273597e+00  1.311373e+01  3.651775e+01  5.920655e+01  1.115283e+02 
 2.305289e+00  1.291162e+01  3.582454e+01  5.802477e+01  1.091408e+02 
 2.337424e+00  1.269735e+01  3.512847e+01  5.681312e+01  1.068090e+02 
 2.370006e+00  1.248262e+01  3.446030e+01  5.566586e+01  1.045146e+02 
 2.403043e+00  1.226447e+01  3.380597e+01  5.448010e+01  1.021865e+02 
 2.436540e+00  1.207009e+01  3.316761e+01  5.335530e+01  9.992948e+01 
 2.470504e+00  1.186686e+01  3.252550e+01  5.220849e+01  9.768577e+01 
 2.504942e+00  1.166768e+01  3.190267e+01  5.112328e+01  9.552223e+01 
 2.539859e+00  1.147783e+01  3.125937e+01  5.000042e+01  9.332613e+01 
 2.575263e+00  1.127172e+01  3.062097e+01  4.895083e+01  9.124353e+01 
 2.611161e+00  1.108645e+01  3.000366e+01  4.784884e+01  8.915566e+01 
 2.647559e+00  1.089667e+01  2.938865e+01  4.677103e+01  8.704904e+01 
 2.684465e+00  1.070934e+01  2.880291e+01  4.573273e+01  8.502232e+01 
 2.721885e+00  1.051716e+01  2.818261e+01  4.471362e+01  8.303572e+01 
 2.759826e+00  1.033647e+01  2.758560e+01  4.368996e+01  8.108560e+01 
 2.798297e+00  1.015514e+01  2.701628e+01  4.270943e+01  7.921536e+01 
 2.837304e+00  9.979732e+00  2.644541e+01  4.173811e+01  7.733321e+01 
 2.876854e+00  9.803962e+00  2.588168e+01  4.077547e+01  7.550757e+01 
 2.916956e+00  9.633476e+00  2.533772e+01  3.984139e+01  7.368201e+01 
 2.957617e+00  9.467713e+00  2.480485e+01  3.893807e+01  7.193887e+01 
 2.998844e+00  9.300759e+00  2.427769e+01  3.803456e+01  7.021268e+01 
 3.040646e+00  9.136557e+00  2.374930e+01  3.714641e+01  6.857309e+01 
 3.083031e+00  8.975238e+00  2.322878e+01  3.628108e+01  6.692787e+01 
 3.126007e+00  8.818576e+00  2.273112e+01  3.543044e+01  6.528783e+01 
 3.169582e+00  8.658127e+00  2.221555e+01  3.457526e+01  6.370294e+01 
 3.213764e+00  8.500808e+00  2.172181e+01  3.374890e+01  6.214565e+01 
 3.258562e+00  8.342286e+00  2.123974e+01  3.293565e+01  6.061254e+01 
 3.303985e+00  8.188102e+00  2.074904e+01  3.213623e+01  5.911347e+01 
 3.350041e+00  8.036666e+00  2.026880e+01  3.134403e+01  5.763830e+01 
 3.396739e+00  7.884333e+00  1.980471e+01  3.058444e+01  5.618345e+01 
 3.444087e+00  7.738881e+00  1.934153e+01  2.981600e+01  5.477410e+01 
 3.492096e+00  7.593932e+00  1.889757e+01  2.909047e+01  5.342095e+01 
 3.540774e+00  7.446704e+00  1.846118e+01  2.837594e+01  5.208080e+01 
 3.590130e+00  7.307639e+00  1.802614e+01  2.766766e+01  5.078301e+01 
 3.640175e+00  7.171214e+00  1.760640e+01  2.699228e+01  4.950971e+01 
 3.690917e+00  7.032829e+00  1.720020e+01  2.631298e+01  4.826533e+01 
 3.742366e+00  6.898415e+00  1.678842e+01  2.566325e+01  4.707182e+01 
 3.794533e+00  6.767935e+00  1.639765e+01  2.502724e+01  4.588892e+01 
 3.847427e+00  6.637085e+00  1.600529e+01  2.440048e+01  4.474661e+01 
 3.901058e+00  6.504765e+00  1.562517e+01  2.379167e+01  4.361014e+01 
 3.955436e+00  6.380020e+00  1.524781e+01  2.317876e+01  4.249463e+01 
 4.010573e+00  6.250269e+00  1.487621e+01  2.259622e+01  4.142123e+01 
 4.066478e+00  6.124469e+00  1.450889e+01  2.201241e+01  4.035248e+01 
 4.123163e+00  5.999388e+00  1.415512e+01  2.144644e+01  3.931122e+01 
 4.180637e+00  5.877764e+00  1.380711e+01  2.089578e+01  3.829254e+01 
 4.238913e+00  5.757221e+00  1.346202e+01  2.035287e+01  3.730943e+01 
 4.298001e+00  5.636311e+00  1.312739e+01  1.982757e+01  3.634258e+01 
 4.357913e+00  5.522788e+00  1.279929e+01  1.931699e+01  3.541273e+01 
 4.418660e+00  5.407412e+00  1.248437e+01  1.881657e+01  3.450752e+01 
 4.480254e+00  5.294059e+00  1.217198e+01  1.833139e+01  3.362145e+01 
 4.542706e+00  5.185177e+00  1.186710e+01  1.785721e+01  3.275803e+01 
 4.606029e+00  5.076434e+00  1.157404e+01  1.739996e+01  3.192755e+01 
 4.670234e+00  4.969710e+00  1.128635e+01  1.695603e+01  3.111868e+01 
 4.735335e+00  4.865192e+00  1.100594e+01  1.651922e+01  3.032153e+01 
 4.801343e+00  4.763960e+00  1.073190e+01  1.609490e+01  2.954354e+01 
 4.868271e+00  4.661998e+00  1.046099e+01  1.567682e+01  2.878406e+01 
 4.936132e+00  4.561283e+00  1.019511e+01  1.526855e+01  2.804031e+01 
 5.004939e+00  4.461696e+00  9.935849e+00  1.486900e+01  2.711179e+01 
 5.074705e+00  4.363037e+00  9.680860e+00  1.447702e+01  2.660280e+01 
 5.145444e+00  4.267337e+00  9.432107e+00  1.409644e+01  2.591134e+01 
 5.217169e+00  4.171814e+00  9.188323e+00  1.372262e+01  2.522795e+01 
 5.289893e+00  4.080006e+00  8.952275e+00  1.336510e+01  2.457480e+01 
 5.363631e+00  3.987775e+00  8.721641e+00  1.301055e+01  2.393285e+01 
 5.438397e+00  3.899062e+00  8.496213e+00  1.266904e+01  2.330823e+01 
 5.514206e+00  3.811693e+00  8.277915e+00  1.233721e+01  2.270478e+01 
 5.591071e+00  3.725377e+00  8.065751e+00  1.201396e+01  2.211717e+01 
 5.669007e+00  3.642699e+00  7.858790e+00  1.170175e+01  2.154832e+01 
 5.748030e+00  3.560965e+00  7.658304e+00  1.139620e+01  2.099087e+01 
 5.828155e+00  3.480805e+00  7.462951e+00  1.110118e+01  2.045067e+01 
 5.909396e+00  3.402450e+00  7.272137e+00  1.081323e+01  1.992660e+01 
 5.991770e+00  3.325251e+00  7.085407e+00  1.053102e+01  1.941263e+01 
 6.075292e+00  3.249529e+00  6.903833e+00  1.025673e+01  1.891018e+01 
 6.159978e+00  3.174741e+00  6.724922e+00  9.987937e+00  1.841892e+01 
 6.245845e+00  3.100999e+00  6.550385e+00  9.725240e+00  1.793770e+01 
 6.332908e+00  3.028576e+00  6.378788e+00  9.467959e+00  1.746592e+01 
 6.421186e+00  2.957848e+00  6.212175e+00  9.216854e+00  1.700641e+01 
 6.510694e+00  2.888042e+00  6.049371e+00  8.972978e+00  1.655913e+01 
 6.601449e+00  2.820347e+00  5.891296e+00  8.735599e+00  1.612343e+01 
 6.693470e+00  2.753575e+00  5.736592e+00  8.503934e+00  1.569884e+01 
 6.786773e+00  2.688631e+00  5.586835e+00  8.279281e+00  1.528699e+01 
 6.881377e+00  2.625654e+00  5.441404e+00  8.061362e+00  1.488499e+01 
 6.977300e+00  2.563894e+00  5.300439e+00  7.850800e+00  1.449592e+01 
 7.074559e+00  2.504104e+00  5.163017e+00  7.644911e+00  1.411709e+01 
 7.173175e+00  2.445288e+00  5.029899e+00  7.445568e+00  1.374979e+01 
 7.273165e+00  2.388231e+00  4.900444e+00  7.252711e+00  1.339220e+01 
 7.374549e+00  2.332256e+00  4.774039e+00  7.063587e+00  1.304476e+01 
 7.477346e+00  2.277342e+00  4.651353e+00  6.880535e+00  1.270455e+01 
 7.581576e+00  2.223799e+00  4.530486e+00  6.700454e+00  1.237235e+01 
 7.687260e+00  2.170894e+00  4.412849e+00  6.524623e+00  1.204721e+01 
 7.794416e+00  2.119139e+00  4.297642e+00  6.352225e+00  1.172837e+01 
 7.903066e+00  2.068359e+00  4.184655e+00  6.183684e+00  1.141607e+01 
 8.013230e+00  2.018656e+00  4.075162e+00  6.020670e+00  1.111240e+01 
 8.124930e+00  1.969970e+00  3.968199e+00  5.861029e+00  1.081588e+01 
 8.238187e+00  1.922662e+00  3.863838e+00  5.705134e+00  1.052727e+01 
 8.353023e+00  1.876380e+00  3.762642e+00  5.554409e+00  1.024628e+01 
 8.469460e+00  1.831359e+00  3.664517e+00  5.408054e+00  9.973458e+00 
 8.587519e+00  1.787637e+00  3.569018e+00  5.265545e+00  9.708391e+00 
 8.707225e+00  1.745077e+00  3.476210e+00  5.127397e+00  9.451017e+00 
 8.828599e+00  1.703774e+00  3.386598e+00  4.993477e+00  9.200631e+00 
 8.951665e+00  1.663401e+00  3.299525e+00  4.863319e+00  8.958098e+00 
 9.076446e+00  1.624210e+00  3.214879e+00  4.737274e+00  8.722506e+00 
 9.202967e+00  1.585940e+00  3.132545e+00  4.614661e+00  8.492583e+00 
 9.331251e+00  1.548521e+00  3.052153e+00  4.494643e+00  8.268415e+00 
 9.461324e+00  0.000000e+00  0.000000e+00  0.000000e+00  0.000000e+00 
 9.593209e+00  0.000000e+00  0.000000e+00  0.000000e+00  0.000000e+00 
 9.726934e+00  0.000000e+00  0.000000e+00  0.000000e+00  0.000000e+00 
 9.862522e+00  0.000000e+00  0.000000e+00  0.000000e+00  0.000000e+00 
 1.000000e+01  0.000000e+00  0.000000e+00  0.000000e+00  0.000000e+00 
