 1.000000e-02  5.632999e+03  1.024581e+04  1.383431e+04  2.055686e+04 
 1.013939e-02  5.664138e+03  1.030224e+04  1.391037e+04  2.066943e+04 
 1.028073e-02  5.694803e+03  1.035783e+04  1.398523e+04  2.078022e+04 
 1.042404e-02  5.724979e+03  1.041254e+04  1.405887e+04  2.088916e+04 
 1.056935e-02  5.754648e+03  1.046631e+04  1.413123e+04  2.099618e+04 
 1.071668e-02  5.783779e+03  1.051912e+04  1.420229e+04  2.110125e+04 
 1.086606e-02  5.812359e+03  1.057091e+04  1.427205e+04  2.120434e+04 
 1.101753e-02  5.840383e+03  1.062167e+04  1.434044e+04  2.130532e+04 
 1.117111e-02  5.867831e+03  1.067138e+04  1.440737e+04  2.140415e+04 
 1.132683e-02  5.894675e+03  1.071999e+04  1.447281e+04  2.150080e+04 
 1.148472e-02  5.920889e+03  1.076744e+04  1.453666e+04  2.159509e+04 
 1.164481e-02  5.946448e+03  1.081369e+04  1.459888e+04  2.168696e+04 
 1.180713e-02  5.971329e+03  1.085872e+04  1.465942e+04  2.177638e+04 
 1.197171e-02  5.995527e+03  1.090249e+04  1.471821e+04  2.186324e+04 
 1.213859e-02  6.019029e+03  1.094501e+04  1.477529e+04  2.194752e+04 
 1.230780e-02  6.041794e+03  1.098615e+04  1.483066e+04  2.202919e+04 
 1.247936e-02  6.063802e+03  1.102591e+04  1.488421e+04  2.210808e+04 
 1.265332e-02  6.085045e+03  1.106429e+04  1.493579e+04  2.218405e+04 
 1.282970e-02  6.105482e+03  1.110121e+04  1.498532e+04  2.225695e+04 
 1.300854e-02  6.125079e+03  1.113660e+04  1.503281e+04  2.232678e+04 
 1.318987e-02  6.143831e+03  1.117043e+04  1.507826e+04  2.239349e+04 
 1.337373e-02  6.161726e+03  1.120269e+04  1.512160e+04  2.245707e+04 
 1.356015e-02  6.178738e+03  1.123335e+04  1.516274e+04  2.251742e+04 
 1.374917e-02  6.194849e+03  1.126236e+04  1.520162e+04  2.257448e+04 
 1.394083e-02  6.210029e+03  1.128968e+04  1.523819e+04  2.262809e+04 
 1.413516e-02  6.224244e+03  1.131523e+04  1.527238e+04  2.267808e+04 
 1.433219e-02  6.237480e+03  1.133899e+04  1.530416e+04  2.272446e+04 
 1.453198e-02  6.249729e+03  1.136096e+04  1.533351e+04  2.276731e+04 
 1.473454e-02  6.260962e+03  1.138109e+04  1.536037e+04  2.280649e+04 
 1.493993e-02  6.271141e+03  1.139930e+04  1.538459e+04  2.284178e+04 
 1.514819e-02  6.280293e+03  1.141566e+04  1.540631e+04  2.287332e+04 
 1.535935e-02  6.288390e+03  1.143009e+04  1.542551e+04  2.290103e+04 
 1.557345e-02  6.295390e+03  1.144252e+04  1.544211e+04  2.292469e+04 
 1.579053e-02  6.301268e+03  1.145291e+04  1.545594e+04  2.294419e+04 
 1.601064e-02  6.306000e+03  1.146119e+04  1.546687e+04  2.295943e+04 
 1.623382e-02  6.309561e+03  1.146734e+04  1.547480e+04  2.297034e+04 
 1.646012e-02  6.311936e+03  1.147133e+04  1.547980e+04  2.297689e+04 
 1.668956e-02  6.313106e+03  1.147315e+04  1.548193e+04  2.297912e+04 
 1.692220e-02  6.313052e+03  1.147275e+04  1.548107e+04  2.297692e+04 
 1.715809e-02  6.311752e+03  1.147005e+04  1.547711e+04  2.297010e+04 
 1.739726e-02  6.309187e+03  1.146505e+04  1.547000e+04  2.295860e+04 
 1.763977e-02  6.305352e+03  1.145774e+04  1.545979e+04  2.294246e+04 
 1.788566e-02  6.300237e+03  1.144811e+04  1.544644e+04  2.292163e+04 
 1.813498e-02  6.293809e+03  1.143608e+04  1.542986e+04  2.289593e+04 
 1.838777e-02  6.286048e+03  1.142163e+04  1.541001e+04  2.286532e+04 
 1.864409e-02  6.276944e+03  1.140474e+04  1.538686e+04  2.282985e+04 
 1.890397e-02  6.266486e+03  1.138538e+04  1.536039e+04  2.278953e+04 
 1.916748e-02  6.254672e+03  1.136357e+04  1.533058e+04  2.274434e+04 
 1.943467e-02  6.241501e+03  1.133928e+04  1.529742e+04  2.269417e+04 
 1.970558e-02  6.226947e+03  1.131245e+04  1.526085e+04  2.263878e+04 
 1.998026e-02  6.210998e+03  1.128309e+04  1.522085e+04  2.257821e+04 
 2.025878e-02  6.193672e+03  1.125122e+04  1.517748e+04  2.251261e+04 
 2.054117e-02  6.174959e+03  1.121685e+04  1.513072e+04  2.244194e+04 
 2.082751e-02  6.154839e+03  1.117990e+04  1.508049e+04  2.236614e+04 
 2.111783e-02  6.133319e+03  1.114040e+04  1.502679e+04  2.228525e+04 
 2.141220e-02  6.110488e+03  1.109849e+04  1.496979e+04  2.219936e+04 
 2.171068e-02  6.086823e+03  1.105484e+04  1.491018e+04  2.210898e+04 
 2.201331e-02  6.061754e+03  1.100863e+04  1.484712e+04  2.201347e+04 
 2.232016e-02  6.035312e+03  1.095990e+04  1.478067e+04  2.191282e+04 
 2.263130e-02  6.007496e+03  1.090864e+04  1.471082e+04  2.180705e+04 
 2.294676e-02  5.978304e+03  1.085488e+04  1.463759e+04  2.169627e+04 
 2.326663e-02  5.947750e+03  1.079869e+04  1.456106e+04  2.158069e+04 
 2.359095e-02  5.915841e+03  1.074006e+04  1.448121e+04  2.146025e+04 
 2.391980e-02  5.882588e+03  1.067896e+04  1.439804e+04  2.133481e+04 
 2.425323e-02  5.848018e+03  1.061544e+04  1.431161e+04  2.120448e+04 
 2.459130e-02  5.812157e+03  1.054957e+04  1.422202e+04  2.106946e+04 
 2.493409e-02  5.775016e+03  1.048138e+04  1.412932e+04  2.092981e+04 
 2.528166e-02  5.736615e+03  1.041091e+04  1.403353e+04  2.078558e+04 
 2.563407e-02  5.696979e+03  1.033819e+04  1.393470e+04  2.063685e+04 
 2.599140e-02  5.656143e+03  1.026330e+04  1.383292e+04  2.048374e+04 
 2.635371e-02  5.614146e+03  1.018631e+04  1.372832e+04  2.032643e+04 
 2.672106e-02  5.571023e+03  1.010728e+04  1.362098e+04  2.016505e+04 
 2.709354e-02  5.526801e+03  1.002626e+04  1.351095e+04  1.999970e+04 
 2.747121e-02  5.481511e+03  9.943294e+03  1.339830e+04  1.983046e+04 
 2.785414e-02  5.435136e+03  9.858368e+03  1.328303e+04  1.965741e+04 
 2.824241e-02  5.387453e+03  9.771191e+03  1.316484e+04  1.948026e+04 
 2.863610e-02  5.338853e+03  9.682352e+03  1.304441e+04  1.929978e+04 
 2.903527e-02  5.289370e+03  9.591907e+03  1.292181e+04  1.911611e+04 
 2.944000e-02  5.239054e+03  9.499948e+03  1.279715e+04  1.892942e+04 
 2.985038e-02  5.187966e+03  9.406592e+03  1.267061e+04  1.873996e+04 
 3.026648e-02  5.136172e+03  9.311960e+03  1.254236e+04  1.854798e+04 
 3.068838e-02  5.083725e+03  9.216149e+03  1.241255e+04  1.835365e+04 
 3.111616e-02  5.030673e+03  9.119254e+03  1.228128e+04  1.815718e+04 
 3.154990e-02  4.977080e+03  9.021381e+03  1.214870e+04  1.795878e+04 
 3.198969e-02  4.923015e+03  8.922656e+03  1.201496e+04  1.775868e+04 
 3.243561e-02  4.868553e+03  8.823208e+03  1.188025e+04  1.755717e+04 
 3.288774e-02  4.813757e+03  8.723154e+03  1.174473e+04  1.735448e+04 
 3.334618e-02  4.758689e+03  8.622610e+03  1.160855e+04  1.715083e+04 
 3.381101e-02  4.703411e+03  8.521696e+03  1.147188e+04  1.694647e+04 
 3.428231e-02  4.647994e+03  8.420537e+03  1.133489e+04  1.674164e+04 
 3.476019e-02  4.592353e+03  8.319305e+03  1.119817e+04  1.653829e+04 
 3.524473e-02  4.536721e+03  8.218096e+03  1.106150e+04  1.633504e+04 
 3.573602e-02  4.481189e+03  8.117060e+03  1.092505e+04  1.613215e+04 
 3.623416e-02  4.425819e+03  8.016318e+03  1.078899e+04  1.592985e+04 
 3.673925e-02  4.370672e+03  7.915989e+03  1.065351e+04  1.572838e+04 
 3.725137e-02  4.315808e+03  7.816186e+03  1.051875e+04  1.552796e+04 
 3.777064e-02  4.261299e+03  7.717040e+03  1.038487e+04  1.532886e+04 
 3.829714e-02  4.207230e+03  7.618689e+03  1.025202e+04  1.513136e+04 
 3.883098e-02  4.153669e+03  7.521249e+03  1.012038e+04  1.493568e+04 
 3.937226e-02  4.100675e+03  7.424833e+03  9.990153e+03  1.474210e+04 
 3.992109e-02  4.048313e+03  7.329550e+03  9.861490e+03  1.455081e+04 
 4.047757e-02  3.996631e+03  7.235465e+03  9.734397e+03  1.436174e+04 
 4.104181e-02  3.945451e+03  7.141662e+03  9.606970e+03  1.417028e+04 
 4.161391e-02  3.895072e+03  7.049323e+03  9.481517e+03  1.398178e+04 
 4.219398e-02  3.845544e+03  6.958538e+03  9.358162e+03  1.379643e+04 
 4.278214e-02  3.796915e+03  6.869392e+03  9.237023e+03  1.361441e+04 
 4.337850e-02  3.749224e+03  6.781966e+03  9.118224e+03  1.343588e+04 
 4.398317e-02  3.702517e+03  6.696335e+03  9.001859e+03  1.326097e+04 
 4.459628e-02  3.656836e+03  6.612551e+03  8.887993e+03  1.308978e+04 
 4.521792e-02  3.612210e+03  6.530669e+03  8.776696e+03  1.292246e+04 
 4.584824e-02  3.568654e+03  6.450731e+03  8.668015e+03  1.275905e+04 
 4.648734e-02  3.526177e+03  6.372769e+03  8.561989e+03  1.259961e+04 
 4.713535e-02  3.484972e+03  6.297958e+03  8.461064e+03  1.245001e+04 
 4.779239e-02  3.444979e+03  6.225837e+03  8.364292e+03  1.230793e+04 
 4.845859e-02  3.406090e+03  6.155689e+03  8.270195e+03  1.216978e+04 
 4.913407e-02  3.368285e+03  6.087489e+03  8.178724e+03  1.203553e+04 
 4.981898e-02  3.331537e+03  6.021217e+03  8.089831e+03  1.190510e+04 
 5.051342e-02  3.295826e+03  5.956829e+03  8.003455e+03  1.177839e+04 
 5.121755e-02  3.261128e+03  5.894266e+03  7.919539e+03  1.165532e+04 
 5.193150e-02  3.227414e+03  5.833472e+03  7.838003e+03  1.153578e+04 
 5.265540e-02  3.194627e+03  5.774350e+03  7.758712e+03  1.141956e+04 
 5.338938e-02  3.162439e+03  5.715825e+03  7.679725e+03  1.130246e+04 
 5.413360e-02  3.130756e+03  5.657619e+03  7.600572e+03  1.118357e+04 
 5.488820e-02  3.099832e+03  5.600797e+03  7.523279e+03  1.106746e+04 
 5.565331e-02  3.069569e+03  5.545176e+03  7.447610e+03  1.095377e+04 
 5.642908e-02  3.039823e+03  5.490488e+03  7.373220e+03  1.084201e+04 
 5.721568e-02  3.010495e+03  5.436555e+03  7.299864e+03  1.073182e+04 
 5.801323e-02  2.981687e+03  5.383569e+03  7.227792e+03  1.062356e+04 
 5.882190e-02  2.953528e+03  5.331768e+03  7.157322e+03  1.051767e+04 
 5.964185e-02  2.926071e+03  5.281610e+03  7.089436e+03  1.041664e+04 
 6.047322e-02  2.899324e+03  5.233759e+03  7.025690e+03  1.032454e+04 
 6.131619e-02  2.872250e+03  5.185314e+03  6.961146e+03  1.023130e+04 
 6.217090e-02  2.844593e+03  5.135817e+03  6.895191e+03  1.013604e+04 
 6.303753e-02  2.816393e+03  5.085335e+03  6.827919e+03  1.003888e+04 
 6.391624e-02  2.787720e+03  5.033983e+03  6.759499e+03  9.940037e+03 
 6.480720e-02  2.758590e+03  4.981791e+03  6.689966e+03  9.839574e+03 
 6.571058e-02  2.728863e+03  4.928518e+03  6.618990e+03  9.736999e+03 
 6.662655e-02  2.697105e+03  4.869547e+03  6.538228e+03  9.614204e+03 
 6.755528e-02  2.664401e+03  4.808831e+03  6.455066e+03  9.487787e+03 
 6.849697e-02  2.630717e+03  4.746377e+03  6.369590e+03  9.358061e+03 
 6.945178e-02  2.595996e+03  4.682069e+03  6.281660e+03  9.224820e+03 
 7.041990e-02  2.560181e+03  4.615811e+03  6.191155e+03  9.087885e+03 
 7.140151e-02  2.523230e+03  4.547524e+03  6.097968e+03  8.947111e+03 
 7.239681e-02  2.485390e+03  4.477961e+03  6.003467e+03  8.805701e+03 
 7.340598e-02  2.446694e+03  4.407239e+03  5.907878e+03  8.664209e+03 
 7.442922e-02  2.406793e+03  4.334368e+03  5.809441e+03  8.518599e+03 
 7.546673e-02  2.365704e+03  4.259390e+03  5.708215e+03  8.368956e+03 
 7.651869e-02  2.323477e+03  4.182393e+03  5.604322e+03  8.215458e+03 
 7.758532e-02  2.280187e+03  4.103505e+03  5.497917e+03  8.058366e+03 
 7.866682e-02  2.236848e+03  4.025788e+03  5.394316e+03  7.908455e+03 
 7.976339e-02  2.194137e+03  3.951212e+03  5.296910e+03  7.772504e+03 
 8.087525e-02  2.150617e+03  3.875116e+03  5.197419e+03  7.633357e+03 
 8.200261e-02  2.106428e+03  3.797752e+03  5.096180e+03  7.491489e+03 
 8.314568e-02  2.061735e+03  3.719422e+03  4.993585e+03  7.347449e+03 
 8.430468e-02  2.016714e+03  3.640452e+03  4.890043e+03  7.201854e+03 
 8.547985e-02  1.970626e+03  3.558155e+03  4.780695e+03  7.044545e+03 
 8.667139e-02  1.924211e+03  3.474599e+03  4.669046e+03  6.882336e+03 
 8.787954e-02  1.878121e+03  3.391623e+03  4.558179e+03  6.721226e+03 
 8.910453e-02  1.832562e+03  3.309618e+03  4.448599e+03  6.561982e+03 
 9.034660e-02  1.787747e+03  3.228966e+03  4.340819e+03  6.405346e+03 
 9.160598e-02  1.744597e+03  3.152274e+03  4.239211e+03  6.259711e+03 
 9.288292e-02  1.703226e+03  3.079632e+03  4.143809e+03  6.124870e+03 
 9.417766e-02  1.663143e+03  3.009251e+03  4.051378e+03  5.994215e+03 
 9.549045e-02  1.624514e+03  2.941446e+03  3.962331e+03  5.868390e+03 
 9.682153e-02  1.587487e+03  2.876478e+03  3.877038e+03  5.747941e+03 
 9.817117e-02  1.552459e+03  2.815446e+03  3.797361e+03  5.636435e+03 
 9.953962e-02  1.519350e+03  2.757978e+03  3.722551e+03  5.532243e+03 
 1.009272e-01  1.488127e+03  2.703905e+03  3.652233e+03  5.434529e+03 
 1.023340e-01  1.458846e+03  2.653309e+03  3.586538e+03  5.343482e+03 
 1.037605e-01  1.430835e+03  2.604089e+03  3.521897e+03  5.252120e+03 
 1.052069e-01  1.402108e+03  2.550355e+03  3.448295e+03  5.141020e+03 
 1.066734e-01  1.375342e+03  2.500251e+03  3.379596e+03  5.037297e+03 
 1.081604e-01  1.350435e+03  2.453574e+03  3.315563e+03  4.940534e+03 
 1.096681e-01  1.327253e+03  2.410077e+03  3.255876e+03  4.850221e+03 
 1.111968e-01  1.306008e+03  2.370571e+03  3.201793e+03  4.768193e+03 
 1.127468e-01  1.286149e+03  2.333632e+03  3.151177e+03  4.691349e+03 
 1.143184e-01  1.267427e+03  2.298782e+03  3.103398e+03  4.618733e+03 
 1.159120e-01  1.249609e+03  2.265591e+03  3.057883e+03  4.549489e+03 
 1.175277e-01  1.233524e+03  2.236688e+03  3.019115e+03  4.492189e+03 
 1.191660e-01  1.217902e+03  2.208721e+03  2.981694e+03  4.437063e+03 
 1.208271e-01  1.202372e+03  2.180914e+03  2.944493e+03  4.382257e+03 
 1.225114e-01  1.186642e+03  2.152726e+03  2.906808e+03  4.326803e+03 
 1.242191e-01  1.170183e+03  2.123115e+03  2.867326e+03  4.269680e+03 
 1.259506e-01  1.153044e+03  2.092319e+03  2.826185e+03  4.210147e+03 
 1.277063e-01  1.135028e+03  2.059930e+03  2.782915e+03  4.147413e+03 
 1.294865e-01  1.116377e+03  2.026577e+03  2.738451e+03  4.082581e+03 
 1.312915e-01  1.097036e+03  1.992228e+03  2.692674e+03  4.015529e+03 
 1.331216e-01  1.076464e+03  1.955650e+03  2.643865e+03  3.943936e+03 
 1.349772e-01  1.054674e+03  1.916902e+03  2.592178e+03  3.868140e+03 
 1.368587e-01  1.032973e+03  1.880383e+03  2.545882e+03  3.807064e+03 
 1.387665e-01  1.010145e+03  1.841727e+03  2.496566e+03  3.741262e+03 
 1.407008e-01  9.863502e+02  1.801231e+03  2.444625e+03  3.671256e+03 
 1.426621e-01  9.626797e+02  1.761127e+03  2.393000e+03  3.599918e+03 
 1.446507e-01  9.387390e+02  1.720508e+03  2.340478e+03  3.526534e+03 
 1.466671e-01  9.145284e+02  1.679271e+03  2.286968e+03  3.451451e+03 
 1.487115e-01  8.881455e+02  1.631952e+03  2.223820e+03  3.359732e+03 
 1.507845e-01  8.607006e+02  1.581325e+03  2.155229e+03  3.258378e+03 
 1.528864e-01  8.340794e+02  1.532217e+03  2.088673e+03  3.160007e+03 
 1.550175e-01  8.104975e+02  1.490659e+03  2.033891e+03  3.082101e+03 
 1.571784e-01  7.895143e+02  1.455182e+03  1.988403e+03  3.019928e+03 
 1.593694e-01  7.698833e+02  1.422052e+03  1.945997e+03  2.962083e+03 
 1.615909e-01  7.522613e+02  1.392778e+03  1.908745e+03  2.911684e+03 
 1.638434e-01  7.364338e+02  1.366819e+03  1.875966e+03  2.867742e+03 
 1.661273e-01  7.221906e+02  1.343679e+03  1.846976e+03  2.829315e+03 
 1.684430e-01  7.059972e+02  1.313991e+03  1.807064e+03  2.771501e+03 
 1.707910e-01  6.908874e+02  1.285949e+03  1.769179e+03  2.716347e+03 
 1.731717e-01  6.776764e+02  1.261839e+03  1.736871e+03  2.669661e+03 
 1.755856e-01  6.678628e+02  1.245700e+03  1.716281e+03  2.640904e+03 
 1.780332e-01  6.588196e+02  1.230953e+03  1.697547e+03  2.614951e+03 
 1.805149e-01  6.484412e+02  1.211505e+03  1.670510e+03  2.572751e+03 
 1.830312e-01  6.371629e+02  1.189071e+03  1.638288e+03  2.520535e+03 
 1.855825e-01  6.259076e+02  1.167009e+03  1.606935e+03  2.470526e+03 
 1.881694e-01  6.149839e+02  1.147438e+03  1.581114e+03  2.433902e+03 
 1.907924e-01  6.034520e+02  1.126715e+03  1.553690e+03  2.394731e+03 
 1.934520e-01  5.907271e+02  1.103654e+03  1.523208e+03  2.352196e+03 
 1.961486e-01  5.770375e+02  1.078736e+03  1.490193e+03  2.306138e+03 
 1.988828e-01  5.638215e+02  1.055454e+03  1.459646e+03  2.263362e+03 
 2.016551e-01  5.517193e+02  1.035322e+03  1.433743e+03  2.227118e+03 
 2.044661e-01  5.387477e+02  1.013205e+03  1.404830e+03  2.185738e+03 
 2.073162e-01  5.242343e+02  9.864870e+02  1.368218e+03  2.130369e+03 
 2.102061e-01  5.095653e+02  9.594457e+02  1.331149e+03  2.074233e+03 
 2.131362e-01  4.989693e+02  9.444643e+02  1.313810e+03  2.052408e+03 
 2.161073e-01  4.888323e+02  9.303895e+02  1.297757e+03  2.032575e+03 
 2.191197e-01  4.758122e+02  9.082870e+02  1.269589e+03  1.995362e+03 
 2.221741e-01  4.628597e+02  8.856508e+02  1.240377e+03  1.956620e+03 
 2.252711e-01  4.513601e+02  8.661919e+02  1.215764e+03  1.924346e+03 
 2.284112e-01  4.410467e+02  8.490649e+02  1.194396e+03  1.896769e+03 
 2.315951e-01  4.321706e+02  8.335797e+02  1.173642e+03  1.865293e+03 
 2.348235e-01  4.243786e+02  8.197633e+02  1.154630e+03  1.834874e+03 
 2.380968e-01  4.151737e+02  8.019134e+02  1.129671e+03  1.796750e+03 
 2.414157e-01  4.060330e+02  7.838567e+02  1.104350e+03  1.758459e+03 
 2.447809e-01  3.969439e+02  7.665460e+02  1.080702e+03  1.722922e+03 
 2.481930e-01  3.880976e+02  7.498262e+02  1.057944e+03  1.688734e+03 
 2.516527e-01  3.828078e+02  7.413564e+02  1.046855e+03  1.672113e+03 
 2.551606e-01  3.762440e+02  7.299828e+02  1.031659e+03  1.649615e+03 
 2.587174e-01  3.661806e+02  7.105192e+02  1.005058e+03  1.611145e+03 
 2.623238e-01  3.575936e+02  6.951120e+02  9.845919e+02  1.582099e+03 
 2.659804e-01  3.507002e+02  6.842673e+02  9.710032e+02  1.563640e+03 
 2.696881e-01  3.415570e+02  6.679974e+02  9.493477e+02  1.531558e+03 
 2.734474e-01  3.317762e+02  6.501864e+02  9.254036e+02  1.495661e+03 
 2.772591e-01  3.244506e+02  6.385282e+02  9.111915e+02  1.478051e+03 
 2.811239e-01  3.168113e+02  6.255872e+02  8.950254e+02  1.458520e+03 
 2.850426e-01  3.088386e+02  6.111258e+02  8.765665e+02  1.437102e+03 
 2.890160e-01  3.016969e+02  5.991920e+02  8.613094e+02  1.415411e+03 
 2.930447e-01  2.951525e+02  5.880153e+02  8.463392e+02  1.391911e+03 
 2.971296e-01  2.889516e+02  5.756869e+02  8.276570e+02  1.359491e+03 
 3.012714e-01  2.833879e+02  5.661732e+02  8.150936e+02  1.340946e+03 
 3.054710e-01  2.779057e+02  5.572144e+02  8.040845e+02  1.326699e+03 
 3.097291e-01  2.712248e+02  5.450659e+02  7.882818e+02  1.305547e+03 
 3.140465e-01  2.650904e+02  5.328219e+02  7.706621e+02  1.276545e+03 
 3.184242e-01  2.595727e+02  5.219791e+02  7.550346e+02  1.250677e+03 
 3.228628e-01  2.552173e+02  5.150078e+02  7.465063e+02  1.240730e+03 
 3.273634e-01  2.489499e+02  5.026333e+02  7.288243e+02  1.212573e+03 
 3.319266e-01  2.424270e+02  4.902275e+02  7.118092e+02  1.187221e+03 
 3.365535e-01  2.362619e+02  4.795081e+02  6.982167e+02  1.169491e+03 
 3.412449e-01  2.320668e+02  4.741096e+02  6.918275e+02  1.159104e+03 
 3.460016e-01  2.274503e+02  4.667050e+02  6.823476e+02  1.145836e+03 
 3.508247e-01  2.229349e+02  4.587412e+02  6.717617e+02  1.130486e+03 
 3.557150e-01  2.185976e+02  4.507471e+02  6.609483e+02  1.113989e+03 
 3.606735e-01  2.135997e+02  4.418992e+02  6.493885e+02  1.097775e+03 
 3.657011e-01  2.075805e+02  4.305622e+02  6.339915e+02  1.076777e+03 
 3.707988e-01  2.027869e+02  4.214588e+02  6.216383e+02  1.058543e+03 
 3.759675e-01  1.984096e+02  4.131687e+02  6.103095e+02  1.041700e+03 
 3.812083e-01  1.938669e+02  4.050072e+02  5.992896e+02  1.025749e+03 
 3.865221e-01  1.900086e+02  3.993989e+02  5.926452e+02  1.014147e+03 
 3.919100e-01  1.860452e+02  3.902551e+02  5.789040e+02  9.959024e+02 
 3.973730e-01  1.815771e+02  3.829877e+02  5.698262e+02  9.813010e+02 
 4.029122e-01  1.780274e+02  3.774540e+02  5.620739e+02  9.668429e+02 
 4.085286e-01  1.744041e+02  3.697325e+02  5.510844e+02  9.512773e+02 
 4.142232e-01  1.700430e+02  3.609427e+02  5.395941e+02  9.372766e+02 
 4.199973e-01  1.658591e+02  3.538396e+02  5.306331e+02  9.240753e+02 
 4.258518e-01  1.625360e+02  3.476779e+02  5.218200e+02  9.086346e+02 
 4.317880e-01  1.590050e+02  3.407166e+02  5.115374e+02  8.930701e+02 
 4.378069e-01  1.559090e+02  3.346067e+02  5.028214e+02  8.785789e+02 
 4.439097e-01  1.533315e+02  3.306842e+02  4.982285e+02  8.747510e+02 
 4.500975e-01  1.492190e+02  3.230626e+02  4.877701e+02  8.592589e+02 
 4.563716e-01  1.457323e+02  3.159251e+02  4.773521e+02  8.405149e+02 
 4.627332e-01  1.435370e+02  3.129759e+02  4.742767e+02  8.377093e+02 
 4.691835e-01  1.399045e+02  3.057701e+02  4.638360e+02  8.200262e+02 
 4.757236e-01  1.372792e+02  3.006869e+02  4.569365e+02  8.095788e+02 
 4.823549e-01  1.337354e+02  2.934402e+02  4.468177e+02  7.961983e+02 
 4.890787e-01  1.309545e+02  2.880841e+02  4.395388e+02  7.846220e+02 
 4.958962e-01  1.288831e+02  2.840434e+02  4.331963e+02  7.728883e+02 
 5.028087e-01  1.260852e+02  2.792062e+02  4.266651e+02  7.634145e+02 
 5.098176e-01  1.237926e+02  2.750041e+02  4.204514e+02  7.509774e+02 
 5.169242e-01  1.216833e+02  2.710484e+02  4.151887e+02  7.438713e+02 
 5.241298e-01  1.177602e+02  2.644050e+02  4.070567e+02  7.339294e+02 
 5.314359e-01  1.157350e+02  2.612535e+02  4.026638e+02  7.268418e+02 
 5.388438e-01  1.133392e+02  2.558375e+02  3.945879e+02  7.146759e+02 
 5.463550e-01  1.113596e+02  2.519232e+02  3.887009e+02  7.049076e+02 
 5.539709e-01  1.084519e+02  2.468681e+02  3.822323e+02  6.946996e+02 
 5.616930e-01  1.065696e+02  2.431985e+02  3.770140e+02  6.867225e+02 
 5.695227e-01  1.045118e+02  2.399091e+02  3.728840e+02  6.775798e+02 
 5.774615e-01  1.021692e+02  2.344821e+02  3.648878e+02  6.663288e+02 
 5.855110e-01  1.003708e+02  2.310978e+02  3.595927e+02  6.574390e+02 
 5.936727e-01  9.808450e+01  2.257851e+02  3.522949e+02  6.465203e+02 
 6.019482e-01  9.646301e+01  2.233031e+02  3.481578e+02  6.388590e+02 
 6.103390e-01  9.421645e+01  2.194820e+02  3.431148e+02  6.296076e+02 
 6.188468e-01  9.215151e+01  2.161669e+02  3.402684e+02  6.275195e+02 
 6.274732e-01  9.065919e+01  2.122607e+02  3.335695e+02  6.168577e+02 
 6.362198e-01  8.889117e+01  2.091296e+02  3.288400e+02  6.075923e+02 
 6.450884e-01  8.684557e+01  2.054900e+02  3.237833e+02  5.987273e+02 
 6.540806e-01  8.506722e+01  2.012197e+02  3.173344e+02  5.895806e+02 
 6.631981e-01  8.323219e+01  1.984160e+02  3.142797e+02  5.837927e+02 
 6.724427e-01  8.167933e+01  1.950508e+02  3.096532e+02  5.781909e+02 
 6.818162e-01  7.996015e+01  1.916101e+02  3.035127e+02  5.670319e+02 
 6.913204e-01  7.828224e+01  1.882395e+02  2.991619e+02  5.594793e+02 
 7.009570e-01  7.719013e+01  1.855162e+02  2.951771e+02  5.524677e+02 
 7.107280e-01  7.525855e+01  1.825098e+02  2.908370e+02  5.439803e+02 
 7.206351e-01  7.412080e+01  1.798237e+02  2.872893e+02  5.396094e+02 
 7.306804e-01  7.265295e+01  1.771445e+02  2.827784e+02  5.302485e+02 
 7.408657e-01  7.106940e+01  1.737657e+02  2.779250e+02  5.236239e+02 
 7.511929e-01  6.959056e+01  1.707200e+02  2.739908e+02  5.165478e+02 
 7.616642e-01  6.825698e+01  1.677564e+02  2.697967e+02  5.103003e+02 
 7.722814e-01  6.738759e+01  1.660609e+02  2.667732e+02  5.029311e+02 
 7.830465e-01  6.599200e+01  1.629862e+02  2.624546e+02  4.964644e+02 
 7.939618e-01  6.479361e+01  1.609197e+02  2.591279e+02  4.917329e+02 
 8.050292e-01  6.338900e+01  1.580748e+02  2.557780e+02  4.854040e+02 
 8.162509e-01  6.232030e+01  1.558069e+02  2.515441e+02  4.771347e+02 
 8.276289e-01  6.082950e+01  1.528343e+02  2.476637e+02  4.712379e+02 
 8.391656e-01  6.010041e+01  1.510739e+02  2.443331e+02  4.662660e+02 
 8.508632e-01  5.901121e+01  1.485651e+02  2.410480e+02  4.600256e+02 
 8.627237e-01  5.774558e+01  1.462638e+02  2.375329e+02  4.529258e+02 
 8.747496e-01  5.670246e+01  1.438803e+02  2.341348e+02  4.470193e+02 
 8.869432e-01  5.574165e+01  1.418583e+02  2.310086e+02  4.413763e+02 
 8.993067e-01  5.464414e+01  1.396609e+02  2.275949e+02  4.351724e+02 
 9.118425e-01  5.379628e+01  1.373310e+02  2.238674e+02  4.276128e+02 
 9.245531e-01  5.265002e+01  1.350853e+02  2.204495e+02  4.230136e+02 
 9.374409e-01  5.166820e+01  1.330853e+02  2.177026e+02  4.173696e+02 
 9.505083e-01  5.083008e+01  1.310469e+02  2.146084e+02  4.116150e+02 
 9.637579e-01  4.976181e+01  1.285866e+02  2.109435e+02  4.057650e+02 
 9.771921e-01  4.914087e+01  1.278356e+02  2.088948e+02  4.004039e+02 
 9.908137e-01  4.821235e+01  1.255100e+02  2.056860e+02  3.953301e+02 
 1.004625e+00  4.729549e+01  1.232548e+02  2.021896e+02  3.887501e+02 
 1.018629e+00  4.652060e+01  1.215904e+02  1.994186e+02  3.832324e+02 
 1.032828e+00  4.565094e+01  1.197435e+02  1.969205e+02  3.793197e+02 
 1.047225e+00  4.478680e+01  1.180615e+02  1.938371e+02  3.728690e+02 
 1.061823e+00  4.411026e+01  1.164893e+02  1.912334e+02  3.675518e+02 
 1.076624e+00  4.330106e+01  1.146755e+02  1.884354e+02  3.621072e+02 
 1.091632e+00  4.256893e+01  1.128833e+02  1.857790e+02  3.566747e+02 
 1.106848e+00  4.177326e+01  1.109851e+02  1.830055e+02  3.519112e+02 
 1.122277e+00  4.105014e+01  1.094551e+02  1.800759e+02  3.462099e+02 
 1.137921e+00  4.031991e+01  1.076290e+02  1.774137e+02  3.411400e+02 
 1.153783e+00  3.968285e+01  1.059939e+02  1.747607e+02  3.363038e+02 
 1.169866e+00  3.898073e+01  1.044338e+02  1.721532e+02  3.316051e+02 
 1.186174e+00  3.828244e+01  1.029437e+02  1.696501e+02  3.263834e+02 
 1.202708e+00  3.767651e+01  1.013723e+02  1.671572e+02  3.214178e+02 
 1.219473e+00  3.705034e+01  9.989816e+01  1.647871e+02  3.161672e+02 
 1.236472e+00  3.640081e+01  9.842924e+01  1.624418e+02  3.115882e+02 
 1.253708e+00  3.581497e+01  9.685816e+01  1.597932e+02  3.071315e+02 
 1.271184e+00  3.522322e+01  9.576015e+01  1.578430e+02  3.022567e+02 
 1.288904e+00  3.462833e+01  9.395178e+01  1.551465e+02  2.979802e+02 
 1.306870e+00  3.400369e+01  9.253588e+01  1.527607e+02  2.930185e+02 
 1.325087e+00  3.349340e+01  9.119247e+01  1.504897e+02  2.881446e+02 
 1.343558e+00  3.293662e+01  8.976844e+01  1.481532e+02  2.835123e+02 
 1.362287e+00  3.242812e+01  8.832592e+01  1.456671e+02  2.789904e+02 
 1.381276e+00  3.188238e+01  8.697465e+01  1.431751e+02  2.744674e+02 
 1.400531e+00  3.136702e+01  8.564538e+01  1.410199e+02  2.696220e+02 
 1.420053e+00  3.082063e+01  8.423392e+01  1.388544e+02  2.650632e+02 
 1.439848e+00  3.033002e+01  8.298574e+01  1.365101e+02  2.607278e+02 
 1.459919e+00  2.979062e+01  8.164837e+01  1.342708e+02  2.560536e+02 
 1.480269e+00  2.936561e+01  8.023367e+01  1.319753e+02  2.513066e+02 
 1.500903e+00  2.887112e+01  7.899944e+01  1.297555e+02  2.474539e+02 
 1.521825e+00  2.839379e+01  7.785094e+01  1.277577e+02  2.430503e+02 
 1.543038e+00  2.791629e+01  7.659079e+01  1.257458e+02  2.390228e+02 
 1.564548e+00  2.750215e+01  7.536255e+01  1.236006e+02  2.346560e+02 
 1.586357e+00  2.705997e+01  7.423288e+01  1.215701e+02  2.304712e+02 
 1.608469e+00  2.659883e+01  7.306191e+01  1.195454e+02  2.266143e+02 
 1.630891e+00  2.624541e+01  7.175120e+01  1.173001e+02  2.222071e+02 
 1.653624e+00  2.578552e+01  7.057825e+01  1.154355e+02  2.185295e+02 
 1.676675e+00  2.536955e+01  6.953859e+01  1.135207e+02  2.143048e+02 
 1.700047e+00  2.494910e+01  6.839035e+01  1.115058e+02  2.104339e+02 
 1.723745e+00  2.455647e+01  6.721682e+01  1.095245e+02  2.062229e+02 
 1.747773e+00  2.413452e+01  6.605621e+01  1.075430e+02  2.023055e+02 
 1.772136e+00  2.374957e+01  6.493621e+01  1.055753e+02  1.986324e+02 
 1.796838e+00  2.337786e+01  6.383003e+01  1.036920e+02  1.947487e+02 
 1.821885e+00  2.301710e+01  6.272313e+01  1.017587e+02  1.910764e+02 
 1.847281e+00  2.264230e+01  6.174285e+01  1.000042e+02  1.873650e+02 
 1.873032e+00  2.228167e+01  6.060613e+01  9.801504e+01  1.837797e+02 
 1.899141e+00  2.190961e+01  5.951580e+01  9.625222e+01  1.801813e+02 
 1.925614e+00  2.157333e+01  5.851559e+01  9.448544e+01  1.765474e+02 
 1.952456e+00  2.128488e+01  5.754087e+01  9.274429e+01  1.730249e+02 
 1.979672e+00  2.089818e+01  5.656530e+01  9.102028e+01  1.696038e+02 
 2.007267e+00  2.059145e+01  5.554089e+01  8.919294e+01  1.663047e+02 
 2.035248e+00  2.023345e+01  5.451735e+01  8.746002e+01  1.628257e+02 
 2.063618e+00  1.990622e+01  5.351146e+01  8.578336e+01  1.594557e+02 
 2.092383e+00  1.958949e+01  5.254166e+01  8.407712e+01  1.562005e+02 
 2.121550e+00  1.926002e+01  5.155011e+01  8.239991e+01  1.528788e+02 
 2.151123e+00  1.895071e+01  5.059792e+01  8.071466e+01  1.495971e+02 
 2.181109e+00  1.863668e+01  4.963090e+01  7.911460e+01  1.465006e+02 
 2.211512e+00  1.832975e+01  4.866502e+01  7.745237e+01  1.432470e+02 
 2.242340e+00  1.803303e+01  4.777003e+01  7.589204e+01  1.402045e+02 
 2.273597e+00  1.771579e+01  4.684506e+01  7.425773e+01  1.371459e+02 
 2.305289e+00  1.744243e+01  4.593361e+01  7.275235e+01  1.341927e+02 
 2.337424e+00  1.715150e+01  4.502414e+01  7.121368e+01  1.312701e+02 
 2.370006e+00  1.686302e+01  4.414933e+01  6.974500e+01  1.284940e+02 
 2.403043e+00  1.657041e+01  4.328827e+01  6.823422e+01  1.256238e+02 
 2.436540e+00  1.630457e+01  4.244698e+01  6.680098e+01  1.228377e+02 
 2.470504e+00  1.600547e+01  4.161788e+01  6.535885e+01  1.201002e+02 
 2.504942e+00  1.576398e+01  4.080550e+01  6.397959e+01  1.174535e+02 
 2.539859e+00  1.550874e+01  3.996886e+01  6.257047e+01  1.147763e+02 
 2.575263e+00  1.523207e+01  3.914226e+01  6.125635e+01  1.122239e+02 
 2.611161e+00  1.498083e+01  3.833704e+01  5.985798e+01  1.096624e+02 
 2.647559e+00  1.472291e+01  3.753343e+01  5.849924e+01  1.070995e+02 
 2.684465e+00  1.446799e+01  3.677351e+01  5.717917e+01  1.046121e+02 
 2.721885e+00  1.420457e+01  3.596478e+01  5.589755e+01  1.021768e+02 
 2.759826e+00  1.395535e+01  3.518307e+01  5.460676e+01  9.977936e+01 
 2.798297e+00  1.370847e+01  3.444568e+01  5.336872e+01  9.748804e+01 
 2.837304e+00  1.346693e+01  3.369761e+01  5.213755e+01  9.518562e+01 
 2.876854e+00  1.322518e+01  3.295717e+01  5.093269e+01  9.294831e+01 
 2.916956e+00  1.299082e+01  3.225237e+01  4.975178e+01  9.071543e+01 
 2.957617e+00  1.276285e+01  3.155688e+01  4.861456e+01  8.859135e+01 
 2.998844e+00  1.253215e+01  3.087358e+01  4.747979e+01  8.647792e+01 
 3.040646e+00  1.230770e+01  3.019133e+01  4.637304e+01  8.447528e+01 
 3.083031e+00  1.208612e+01  2.952295e+01  4.529040e+01  8.246965e+01 
 3.126007e+00  1.187153e+01  2.887802e+01  4.422650e+01  8.048716e+01 
 3.169582e+00  1.165287e+01  2.821731e+01  4.316474e+01  7.856290e+01 
 3.213764e+00  1.143767e+01  2.758265e+01  4.213393e+01  7.666632e+01 
 3.258562e+00  1.122008e+01  2.696408e+01  4.112003e+01  7.480249e+01 
 3.303985e+00  1.100783e+01  2.633271e+01  4.012485e+01  7.297929e+01 
 3.350041e+00  1.080089e+01  2.571598e+01  3.913617e+01  7.117348e+01 
 3.396739e+00  1.058890e+01  2.512005e+01  3.818641e+01  6.941216e+01 
 3.444087e+00  1.038806e+01  2.452098e+01  3.723294e+01  6.768576e+01 
 3.492096e+00  1.018759e+01  2.394897e+01  3.632663e+01  6.603041e+01 
 3.540774e+00  9.985074e+00  2.339053e+01  3.543592e+01  6.439297e+01 
 3.590130e+00  9.792320e+00  2.283182e+01  3.455134e+01  6.280983e+01 
 3.640175e+00  9.603868e+00  2.229385e+01  3.370783e+01  6.124976e+01 
 3.690917e+00  9.411996e+00  2.177342e+01  3.286589e+01  5.973543e+01 
 3.742366e+00  9.226480e+00  2.124632e+01  3.205525e+01  5.827624e+01 
 3.794533e+00  9.046383e+00  2.074809e+01  3.126601e+01  5.682907e+01 
 3.847427e+00  8.866858e+00  2.024690e+01  3.049152e+01  5.544063e+01 
 3.901058e+00  8.685798e+00  1.976664e+01  2.973702e+01  5.405976e+01 
 3.955436e+00  8.514820e+00  1.928745e+01  2.898379e+01  5.270582e+01 
 4.010573e+00  8.337884e+00  1.881636e+01  2.826101e+01  5.139319e+01 
 4.066478e+00  8.165695e+00  1.835298e+01  2.754143e+01  5.008959e+01 
 4.123163e+00  7.994078e+00  1.790422e+01  2.683900e+01  4.881847e+01 
 4.180637e+00  7.827785e+00  1.746178e+01  2.615544e+01  4.757186e+01 
 4.238913e+00  7.661961e+00  1.702354e+01  2.548353e+01  4.636951e+01 
 4.298001e+00  7.496014e+00  1.659994e+01  2.483421e+01  4.518318e+01 
 4.357913e+00  7.340085e+00  1.618521e+01  2.419982e+01  4.404124e+01 
 4.418660e+00  7.182044e+00  1.578471e+01  2.357847e+01  4.292610e+01 
 4.480254e+00  7.026667e+00  1.538958e+01  2.297477e+01  4.183604e+01 
 4.542706e+00  6.876982e+00  1.500397e+01  2.238500e+01  4.077232e+01 
 4.606029e+00  6.728520e+00  1.463293e+01  2.181729e+01  3.974936e+01 
 4.670234e+00  6.582968e+00  1.426950e+01  2.126691e+01  3.875114e+01 
 4.735335e+00  6.440766e+00  1.391433e+01  2.072558e+01  3.777181e+01 
 4.801343e+00  6.302868e+00  1.357087e+01  2.020010e+01  3.681246e+01 
 4.868271e+00  6.165167e+00  1.323116e+01  1.968429e+01  3.588108e+01 
 4.936132e+00  6.029444e+00  1.289769e+01  1.918073e+01  3.496973e+01 
 5.004939e+00  5.895206e+00  1.257289e+01  1.868661e+01  3.407348e+01 
 5.074705e+00  5.761892e+00  1.225274e+01  1.820133e+01  3.320002e+01 
 5.145444e+00  5.632460e+00  1.194087e+01  1.772903e+01  3.234714e+01 
 5.217169e+00  5.503626e+00  1.163423e+01  1.726670e+01  3.150432e+01 
 5.289893e+00  5.379549e+00  1.133732e+01  1.682098e+01  3.069206e+01 
 5.363631e+00  5.255367e+00  1.104710e+01  1.637968e+01  2.989771e+01 
 5.438397e+00  5.135549e+00  1.076376e+01  1.595410e+01  2.912162e+01 
 5.514206e+00  5.017715e+00  1.048854e+01  1.554048e+01  2.837047e+01 
 5.591071e+00  4.901363e+00  1.022210e+01  1.513678e+01  2.764001e+01 
 5.669007e+00  4.790256e+00  9.960997e+00  1.474741e+01  2.693036e+01 
 5.748030e+00  4.680253e+00  9.708865e+00  1.436675e+01  2.623665e+01 
 5.828155e+00  4.573053e+00  9.463284e+00  1.399829e+01  2.556450e+01 
 5.909396e+00  4.468285e+00  9.223805e+00  1.363907e+01  2.491244e+01 
 5.991770e+00  4.365364e+00  8.989687e+00  1.328837e+01  2.427478e+01 
 6.075292e+00  4.264954e+00  8.762756e+00  1.294740e+01  2.365266e+01 
 6.159978e+00  4.165791e+00  8.539902e+00  1.261366e+01  2.304408e+01 
 6.245845e+00  4.068288e+00  8.321565e+00  1.228685e+01  2.244552e+01 
 6.332908e+00  3.972091e+00  8.106725e+00  1.196574e+01  2.185822e+01 
 6.421186e+00  3.878549e+00  7.897938e+00  1.165208e+01  2.128588e+01 
 6.510694e+00  3.786116e+00  7.693481e+00  1.134754e+01  2.072784e+01 
 6.601449e+00  3.696349e+00  7.495040e+00  1.105013e+01  2.018460e+01 
 6.693470e+00  3.608092e+00  7.301732e+00  1.075934e+01  1.965358e+01 
 6.786773e+00  3.522023e+00  7.113583e+00  1.047709e+01  1.913796e+01 
 6.881377e+00  3.438571e+00  6.930317e+00  1.020337e+01  1.863510e+01 
 6.977300e+00  3.356945e+00  6.752707e+00  9.938434e+00  1.814845e+01 
 7.074559e+00  3.277762e+00  6.579541e+00  9.679018e+00  1.767415e+01 
 7.173175e+00  3.200224e+00  6.411846e+00  9.428512e+00  1.721468e+01 
 7.273165e+00  3.125154e+00  6.249032e+00  9.185402e+00  1.676691e+01 
 7.374549e+00  3.051703e+00  6.088998e+00  8.947541e+00  1.633218e+01 
 7.477346e+00  2.979784e+00  5.934996e+00  8.717954e+00  1.590875e+01 
 7.581576e+00  2.910014e+00  5.783596e+00  8.492317e+00  1.549484e+01 
 7.687260e+00  2.841223e+00  5.636209e+00  8.271987e+00  1.509074e+01 
 7.794416e+00  2.773667e+00  5.491732e+00  8.055355e+00  1.469391e+01 
 7.903066e+00  2.707561e+00  5.349922e+00  7.843622e+00  1.430477e+01 
 8.013230e+00  2.642806e+00  5.213109e+00  7.638629e+00  1.392587e+01 
 8.124930e+00  2.579314e+00  5.078410e+00  7.437359e+00  1.355532e+01 
 8.238187e+00  2.517605e+00  4.946782e+00  7.240796e+00  1.319480e+01 
 8.353023e+00  2.457239e+00  4.819005e+00  7.050270e+00  1.284330e+01 
 8.469460e+00  2.398621e+00  4.694836e+00  6.864968e+00  1.250162e+01 
 8.587519e+00  2.341553e+00  4.573938e+00  6.684806e+00  1.216972e+01 
 8.707225e+00  2.286069e+00  4.456303e+00  6.510076e+00  1.184724e+01 
 8.828599e+00  2.232159e+00  4.342880e+00  6.340277e+00  1.153350e+01 
 8.951665e+00  2.179608e+00  4.232249e+00  6.175576e+00  1.122974e+01 
 9.076446e+00  2.128652e+00  4.125355e+00  6.016132e+00  1.093489e+01 
 9.202967e+00  2.079042e+00  4.021066e+00  5.860976e+00  1.064753e+01 
 9.331251e+00  2.030663e+00  3.918673e+00  5.709639e+00  1.036805e+01 
 9.461324e+00  0.000000e+00  0.000000e+00  0.000000e+00  0.000000e+00 
 9.593209e+00  0.000000e+00  0.000000e+00  0.000000e+00  0.000000e+00 
 9.726934e+00  0.000000e+00  0.000000e+00  0.000000e+00  0.000000e+00 
 9.862522e+00  0.000000e+00  0.000000e+00  0.000000e+00  0.000000e+00 
 1.000000e+01  0.000000e+00  0.000000e+00  0.000000e+00  0.000000e+00 
