 1.000000e-02  5.374950e+03  9.812655e+03  1.329010e+04  1.985679e+04 
 1.013939e-02  5.404223e+03  9.865948e+03  1.336201e+04  1.996374e+04 
 1.028073e-02  5.433055e+03  9.918351e+03  1.343286e+04  2.006904e+04 
 1.042404e-02  5.461415e+03  9.969853e+03  1.350257e+04  2.017255e+04 
 1.056935e-02  5.489274e+03  1.002046e+04  1.357107e+04  2.027418e+04 
 1.071668e-02  5.516642e+03  1.007019e+04  1.363827e+04  2.037396e+04 
 1.086606e-02  5.543502e+03  1.011901e+04  1.370417e+04  2.047188e+04 
 1.101753e-02  5.569837e+03  1.016691e+04  1.376871e+04  2.056788e+04 
 1.117111e-02  5.595636e+03  1.021381e+04  1.383195e+04  2.066191e+04 
 1.132683e-02  5.620850e+03  1.025961e+04  1.389378e+04  2.075372e+04 
 1.148472e-02  5.645395e+03  1.030418e+04  1.395400e+04  2.084300e+04 
 1.164481e-02  5.669281e+03  1.034753e+04  1.401253e+04  2.092977e+04 
 1.180713e-02  5.692516e+03  1.038971e+04  1.406944e+04  2.101409e+04 
 1.197171e-02  5.715115e+03  1.043072e+04  1.412480e+04  2.109600e+04 
 1.213859e-02  5.737119e+03  1.047063e+04  1.417869e+04  2.117565e+04 
 1.230780e-02  5.758482e+03  1.050938e+04  1.423094e+04  2.125295e+04 
 1.247936e-02  5.779119e+03  1.054679e+04  1.428130e+04  2.132761e+04 
 1.265332e-02  5.799017e+03  1.058283e+04  1.432982e+04  2.139953e+04 
 1.282970e-02  5.818166e+03  1.061752e+04  1.437660e+04  2.146865e+04 
 1.300854e-02  5.836553e+03  1.065081e+04  1.442155e+04  2.153489e+04 
 1.318987e-02  5.854156e+03  1.068267e+04  1.446454e+04  2.159817e+04 
 1.337373e-02  5.870931e+03  1.071301e+04  1.450532e+04  2.165846e+04 
 1.356015e-02  5.886865e+03  1.074182e+04  1.454394e+04  2.171569e+04 
 1.374917e-02  5.901981e+03  1.076913e+04  1.458061e+04  2.176982e+04 
 1.394083e-02  5.916255e+03  1.079489e+04  1.461531e+04  2.182073e+04 
 1.413516e-02  5.929640e+03  1.081901e+04  1.464778e+04  2.186833e+04 
 1.433219e-02  5.942123e+03  1.084148e+04  1.467799e+04  2.191255e+04 
 1.453198e-02  5.953691e+03  1.086228e+04  1.470595e+04  2.195329e+04 
 1.473454e-02  5.964282e+03  1.088128e+04  1.473141e+04  2.199046e+04 
 1.493993e-02  5.973880e+03  1.089849e+04  1.475435e+04  2.202405e+04 
 1.514819e-02  5.982562e+03  1.091403e+04  1.477513e+04  2.205430e+04 
 1.535935e-02  5.990268e+03  1.092781e+04  1.479354e+04  2.208099e+04 
 1.557345e-02  5.996953e+03  1.093971e+04  1.480941e+04  2.210386e+04 
 1.579053e-02  6.002593e+03  1.094970e+04  1.482271e+04  2.212280e+04 
 1.601064e-02  6.007172e+03  1.095774e+04  1.483335e+04  2.213780e+04 
 1.623382e-02  6.010659e+03  1.096380e+04  1.484126e+04  2.214879e+04 
 1.646012e-02  6.013039e+03  1.096785e+04  1.484642e+04  2.215567e+04 
 1.668956e-02  6.014299e+03  1.096984e+04  1.484883e+04  2.215840e+04 
 1.692220e-02  6.014425e+03  1.096975e+04  1.484842e+04  2.215687e+04 
 1.715809e-02  6.013404e+03  1.096757e+04  1.484518e+04  2.215104e+04 
 1.739726e-02  6.011222e+03  1.096326e+04  1.483907e+04  2.214095e+04 
 1.763977e-02  6.007860e+03  1.095681e+04  1.483007e+04  2.212655e+04 
 1.788566e-02  6.003293e+03  1.094814e+04  1.481805e+04  2.210765e+04 
 1.813498e-02  5.997517e+03  1.093726e+04  1.480301e+04  2.208425e+04 
 1.838777e-02  5.990516e+03  1.092414e+04  1.478496e+04  2.205639e+04 
 1.864409e-02  5.982281e+03  1.090879e+04  1.476386e+04  2.202399e+04 
 1.890397e-02  5.972806e+03  1.089118e+04  1.473973e+04  2.198697e+04 
 1.916748e-02  5.962091e+03  1.087127e+04  1.471250e+04  2.194530e+04 
 1.943467e-02  5.950115e+03  1.084905e+04  1.468210e+04  2.189894e+04 
 1.970558e-02  5.936846e+03  1.082450e+04  1.464856e+04  2.184780e+04 
 1.998026e-02  5.922281e+03  1.079760e+04  1.461183e+04  2.179196e+04 
 2.025878e-02  5.906421e+03  1.076832e+04  1.457187e+04  2.173136e+04 
 2.054117e-02  5.889274e+03  1.073668e+04  1.452875e+04  2.166598e+04 
 2.082751e-02  5.870842e+03  1.070269e+04  1.448242e+04  2.159586e+04 
 2.111783e-02  5.851103e+03  1.066633e+04  1.443288e+04  2.152100e+04 
 2.141220e-02  5.830148e+03  1.062772e+04  1.438026e+04  2.144150e+04 
 2.171068e-02  5.808440e+03  1.058750e+04  1.432521e+04  2.135767e+04 
 2.201331e-02  5.785431e+03  1.054489e+04  1.426691e+04  2.126883e+04 
 2.232016e-02  5.761124e+03  1.049989e+04  1.420539e+04  2.117514e+04 
 2.263130e-02  5.735544e+03  1.045257e+04  1.414076e+04  2.107685e+04 
 2.294676e-02  5.708686e+03  1.040294e+04  1.407298e+04  2.097396e+04 
 2.326663e-02  5.680557e+03  1.035100e+04  1.400207e+04  2.086639e+04 
 2.359095e-02  5.651176e+03  1.029677e+04  1.392805e+04  2.075421e+04 
 2.391980e-02  5.620549e+03  1.024027e+04  1.385095e+04  2.063740e+04 
 2.425323e-02  5.588684e+03  1.018150e+04  1.377079e+04  2.051601e+04 
 2.459130e-02  5.555602e+03  1.012051e+04  1.368763e+04  2.039013e+04 
 2.493409e-02  5.521342e+03  1.005736e+04  1.360157e+04  2.025992e+04 
 2.528166e-02  5.485921e+03  9.992116e+03  1.351265e+04  2.012546e+04 
 2.563407e-02  5.449346e+03  9.924778e+03  1.342086e+04  1.998676e+04 
 2.599140e-02  5.411621e+03  9.855368e+03  1.332628e+04  1.984386e+04 
 2.635371e-02  5.372798e+03  9.783925e+03  1.322900e+04  1.969691e+04 
 2.672106e-02  5.332914e+03  9.710549e+03  1.312907e+04  1.954607e+04 
 2.709354e-02  5.292001e+03  9.635301e+03  1.302664e+04  1.939146e+04 
 2.747121e-02  5.250086e+03  9.558230e+03  1.292174e+04  1.923320e+04 
 2.785414e-02  5.207137e+03  9.479323e+03  1.281437e+04  1.907129e+04 
 2.824241e-02  5.162926e+03  9.398209e+03  1.270411e+04  1.890534e+04 
 2.863610e-02  5.117834e+03  9.315494e+03  1.259169e+04  1.873619e+04 
 2.903527e-02  5.071909e+03  9.231249e+03  1.247722e+04  1.856397e+04 
 2.944000e-02  5.025191e+03  9.145554e+03  1.236079e+04  1.838885e+04 
 2.985038e-02  4.977729e+03  9.058513e+03  1.224252e+04  1.821099e+04 
 3.026648e-02  4.929563e+03  8.970193e+03  1.212253e+04  1.803058e+04 
 3.068838e-02  4.880743e+03  8.880710e+03  1.200098e+04  1.784783e+04 
 3.111616e-02  4.831332e+03  8.790154e+03  1.187796e+04  1.766292e+04 
 3.154990e-02  4.781386e+03  8.698638e+03  1.175365e+04  1.747608e+04 
 3.198969e-02  4.730974e+03  8.606249e+03  1.162816e+04  1.728752e+04 
 3.243561e-02  4.680140e+03  8.513118e+03  1.150168e+04  1.709746e+04 
 3.288774e-02  4.628951e+03  8.419330e+03  1.137431e+04  1.690611e+04 
 3.334618e-02  4.577452e+03  8.324995e+03  1.124620e+04  1.671367e+04 
 3.381101e-02  4.525703e+03  8.230199e+03  1.111751e+04  1.652035e+04 
 3.428231e-02  4.473776e+03  8.135087e+03  1.098839e+04  1.632639e+04 
 3.476019e-02  4.421645e+03  8.039922e+03  1.085953e+04  1.613386e+04 
 3.524473e-02  4.369490e+03  7.944721e+03  1.073061e+04  1.594126e+04 
 3.573602e-02  4.317360e+03  7.849565e+03  1.060175e+04  1.574874e+04 
 3.623416e-02  4.265302e+03  7.754544e+03  1.047308e+04  1.555651e+04 
 3.673925e-02  4.213393e+03  7.659779e+03  1.034477e+04  1.536482e+04 
 3.725137e-02  4.161699e+03  7.565411e+03  1.021699e+04  1.517392e+04 
 3.777064e-02  4.110282e+03  7.471565e+03  1.008991e+04  1.498405e+04 
 3.829714e-02  4.059209e+03  7.378351e+03  9.963666e+03  1.479541e+04 
 3.883098e-02  4.008545e+03  7.285871e+03  9.838393e+03  1.460823e+04 
 3.937226e-02  3.958341e+03  7.194234e+03  9.714288e+03  1.442275e+04 
 3.992109e-02  3.908671e+03  7.103551e+03  9.591482e+03  1.423923e+04 
 4.047757e-02  3.859566e+03  7.013878e+03  9.470013e+03  1.405758e+04 
 4.104181e-02  3.810868e+03  6.924346e+03  9.348062e+03  1.387335e+04 
 4.161391e-02  3.762851e+03  6.836075e+03  9.227815e+03  1.369167e+04 
 4.219398e-02  3.715566e+03  6.749148e+03  9.109376e+03  1.351271e+04 
 4.278214e-02  3.669066e+03  6.663649e+03  8.992877e+03  1.333663e+04 
 4.337850e-02  3.623393e+03  6.579644e+03  8.878413e+03  1.316362e+04 
 4.398317e-02  3.578584e+03  6.497217e+03  8.766075e+03  1.299379e+04 
 4.459628e-02  3.534671e+03  6.416435e+03  8.655963e+03  1.282729e+04 
 4.521792e-02  3.491694e+03  6.337348e+03  8.548140e+03  1.266423e+04 
 4.584824e-02  3.449667e+03  6.259983e+03  8.442684e+03  1.250469e+04 
 4.648734e-02  3.408606e+03  6.184378e+03  8.339597e+03  1.234871e+04 
 4.713535e-02  3.368707e+03  6.111697e+03  8.241301e+03  1.220210e+04 
 4.779239e-02  3.329904e+03  6.041498e+03  8.146845e+03  1.206256e+04 
 4.845859e-02  3.292091e+03  5.973087e+03  8.054774e+03  1.192657e+04 
 4.913407e-02  3.255267e+03  5.906462e+03  7.965111e+03  1.179416e+04 
 4.981898e-02  3.219415e+03  5.841599e+03  7.877828e+03  1.166527e+04 
 5.051342e-02  3.184509e+03  5.778459e+03  7.792877e+03  1.153982e+04 
 5.121755e-02  3.150525e+03  5.716994e+03  7.710191e+03  1.141773e+04 
 5.193150e-02  3.117441e+03  5.657157e+03  7.629678e+03  1.129885e+04 
 5.265540e-02  3.085220e+03  5.598870e+03  7.551240e+03  1.118307e+04 
 5.338938e-02  3.053563e+03  5.541118e+03  7.473045e+03  1.106636e+04 
 5.413360e-02  3.022366e+03  5.483643e+03  7.394664e+03  1.094783e+04 
 5.488820e-02  2.991893e+03  5.427484e+03  7.318052e+03  1.083196e+04 
 5.565331e-02  2.962079e+03  5.372544e+03  7.243085e+03  1.071857e+04 
 5.642908e-02  2.932809e+03  5.318599e+03  7.169459e+03  1.060721e+04 
 5.721568e-02  2.903919e+03  5.265327e+03  7.096756e+03  1.049721e+04 
 5.801323e-02  2.875368e+03  5.212666e+03  7.024887e+03  1.038849e+04 
 5.882190e-02  2.847405e+03  5.161082e+03  6.954471e+03  1.028195e+04 
 5.964185e-02  2.820422e+03  5.111642e+03  6.887308e+03  1.018126e+04 
 6.047322e-02  2.794365e+03  5.064859e+03  6.824750e+03  1.009015e+04 
 6.131619e-02  2.767992e+03  5.017507e+03  6.761425e+03  9.997932e+03 
 6.217090e-02  2.740983e+03  4.968976e+03  6.696513e+03  9.903389e+03 
 6.303753e-02  2.713453e+03  4.919487e+03  6.630315e+03  9.806956e+03 
 6.391624e-02  2.685561e+03  4.869330e+03  6.563215e+03  9.709211e+03 
 6.480720e-02  2.657371e+03  4.818626e+03  6.495385e+03  9.610377e+03 
 6.571058e-02  2.628742e+03  4.767114e+03  6.426461e+03  9.509947e+03 
 6.662655e-02  2.598256e+03  4.710287e+03  6.348289e+03  9.390051e+03 
 6.755528e-02  2.566957e+03  4.651937e+03  6.268025e+03  9.266947e+03 
 6.849697e-02  2.534818e+03  4.592087e+03  6.185761e+03  9.140947e+03 
 6.945178e-02  2.501787e+03  4.530642e+03  6.101373e+03  9.011879e+03 
 7.041990e-02  2.467819e+03  4.467510e+03  6.014732e+03  8.879573e+03 
 7.140151e-02  2.432867e+03  4.402601e+03  5.925727e+03  8.743868e+03 
 7.239681e-02  2.397130e+03  4.336559e+03  5.835553e+03  8.607578e+03 
 7.340598e-02  2.360627e+03  4.269461e+03  5.744368e+03  8.471169e+03 
 7.442922e-02  2.323052e+03  4.200445e+03  5.650625e+03  8.331028e+03 
 7.546673e-02  2.284412e+03  4.129522e+03  5.554338e+03  8.187203e+03 
 7.651869e-02  2.244738e+03  4.056758e+03  5.455593e+03  8.039824e+03 
 7.758532e-02  2.204088e+03  3.982248e+03  5.354532e+03  7.889085e+03 
 7.866682e-02  2.163407e+03  3.908878e+03  5.256197e+03  7.745301e+03 
 7.976339e-02  2.123322e+03  3.838504e+03  5.163783e+03  7.614972e+03 
 8.087525e-02  2.082474e+03  3.766692e+03  5.069369e+03  7.481559e+03 
 8.200261e-02  2.040981e+03  3.693647e+03  4.973236e+03  7.345468e+03 
 8.314568e-02  1.998968e+03  3.619618e+03  4.875718e+03  7.207164e+03 
 8.430468e-02  1.956584e+03  3.544866e+03  4.777186e+03  7.067174e+03 
 8.547985e-02  1.913123e+03  3.466807e+03  4.672921e+03  6.915630e+03 
 8.667139e-02  1.869271e+03  3.387397e+03  4.566232e+03  6.759068e+03 
 8.787954e-02  1.825647e+03  3.308374e+03  4.460065e+03  6.603244e+03 
 8.910453e-02  1.782423e+03  3.230088e+03  4.354884e+03  6.448841e+03 
 9.034660e-02  1.739782e+03  3.152882e+03  4.251161e+03  6.296535e+03 
 9.160598e-02  1.698621e+03  3.079319e+03  4.153207e+03  6.154685e+03 
 9.288292e-02  1.659050e+03  3.009479e+03  4.060996e+03  6.023052e+03 
 9.417766e-02  1.620566e+03  2.941553e+03  3.971291e+03  5.894976e+03 
 9.549045e-02  1.583335e+03  2.875833e+03  3.884508e+03  5.771090e+03 
 9.682153e-02  1.547499e+03  2.812592e+03  3.801015e+03  5.651910e+03 
 9.817117e-02  1.513487e+03  2.753064e+03  3.722904e+03  5.541538e+03 
 9.953962e-02  1.481198e+03  2.696783e+03  3.649277e+03  5.437988e+03 
 1.009272e-01  1.450613e+03  2.643525e+03  3.579647e+03  5.340225e+03 
 1.023340e-01  1.421783e+03  2.593399e+03  3.514178e+03  5.248498e+03 
 1.037605e-01  1.394068e+03  2.544461e+03  3.449546e+03  5.156251e+03 
 1.052069e-01  1.365637e+03  2.491218e+03  3.376383e+03  5.045167e+03 
 1.066734e-01  1.339019e+03  2.441352e+03  3.307824e+03  4.941008e+03 
 1.081604e-01  1.314144e+03  2.394720e+03  3.243666e+03  4.843457e+03 
 1.096681e-01  1.290927e+03  2.351121e+03  3.183641e+03  4.752100e+03 
 1.111968e-01  1.269588e+03  2.311420e+03  3.129127e+03  4.668936e+03 
 1.127468e-01  1.249594e+03  2.274240e+03  3.078039e+03  4.590927e+03 
 1.143184e-01  1.230753e+03  2.239169e+03  3.029840e+03  4.517275e+03 
 1.159120e-01  1.212868e+03  2.205833e+03  2.984038e+03  4.447228e+03 
 1.175277e-01  1.196673e+03  2.176659e+03  2.944722e+03  4.388615e+03 
 1.191660e-01  1.181029e+03  2.148598e+03  2.906976e+03  4.332494e+03 
 1.208271e-01  1.165613e+03  2.120917e+03  2.869780e+03  4.277212e+03 
 1.225114e-01  1.150142e+03  2.093132e+03  2.832435e+03  4.221804e+03 
 1.242191e-01  1.134060e+03  2.064081e+03  2.793377e+03  4.164631e+03 
 1.259506e-01  1.117509e+03  2.034153e+03  2.753143e+03  4.105723e+03 
 1.277063e-01  1.100288e+03  2.002983e+03  2.711258e+03  4.044356e+03 
 1.294865e-01  1.082531e+03  1.971003e+03  2.668279e+03  3.980884e+03 
 1.312915e-01  1.064169e+03  1.938090e+03  2.624018e+03  3.914990e+03 
 1.331216e-01  1.044747e+03  1.903229e+03  2.577095e+03  3.845169e+03 
 1.349772e-01  1.024239e+03  1.866435e+03  2.527559e+03  3.771623e+03 
 1.368587e-01  1.003835e+03  1.831767e+03  2.483164e+03  3.712152e+03 
 1.387665e-01  9.823978e+02  1.795116e+03  2.436037e+03  3.648395e+03 
 1.407008e-01  9.600279e+02  1.756699e+03  2.386363e+03  3.580644e+03 
 1.426621e-01  9.377093e+02  1.718508e+03  2.336696e+03  3.511043e+03 
 1.446507e-01  9.150714e+02  1.679684e+03  2.286050e+03  3.439236e+03 
 1.466671e-01  8.920819e+02  1.640115e+03  2.234270e+03  3.365581e+03 
 1.487115e-01  8.669415e+02  1.594666e+03  2.173185e+03  3.276076e+03 
 1.507845e-01  8.406808e+02  1.545862e+03  2.106715e+03  3.177237e+03 
 1.528864e-01  8.150390e+02  1.498201e+03  2.041815e+03  3.080711e+03 
 1.550175e-01  7.922358e+02  1.457812e+03  1.988315e+03  3.004227e+03 
 1.571784e-01  7.718359e+02  1.423165e+03  1.943680e+03  2.942985e+03 
 1.593694e-01  7.525887e+02  1.390503e+03  1.901661e+03  2.885366e+03 
 1.615909e-01  7.352066e+02  1.361550e+03  1.864766e+03  2.835369e+03 
 1.638434e-01  7.194646e+02  1.335662e+03  1.832003e+03  2.791518e+03 
 1.661273e-01  7.051510e+02  1.312303e+03  1.802622e+03  2.752503e+03 
 1.684430e-01  6.889857e+02  1.282764e+03  1.762983e+03  2.695287e+03 
 1.707910e-01  6.738545e+02  1.254798e+03  1.725252e+03  2.640623e+03 
 1.731717e-01  6.605663e+02  1.230644e+03  1.692940e+03  2.594127e+03 
 1.755856e-01  6.505822e+02  1.214223e+03  1.671993e+03  2.564996e+03 
 1.780332e-01  6.414319e+02  1.199315e+03  1.653083e+03  2.538964e+03 
 1.805149e-01  6.310303e+02  1.179835e+03  1.626023e+03  2.496717e+03 
 1.830312e-01  6.198830e+02  1.157639e+03  1.594088e+03  2.444980e+03 
 1.855825e-01  6.088911e+02  1.136057e+03  1.563364e+03  2.395883e+03 
 1.881694e-01  5.982656e+02  1.116879e+03  1.537921e+03  2.359516e+03 
 1.907924e-01  5.872222e+02  1.096912e+03  1.511386e+03  2.321420e+03 
 1.934520e-01  5.750318e+02  1.074536e+03  1.481554e+03  2.279292e+03 
 1.961486e-01  5.619686e+02  1.050441e+03  1.449349e+03  2.233815e+03 
 1.988828e-01  5.494281e+02  1.028046e+03  1.419706e+03  2.191856e+03 
 2.016551e-01  5.379804e+02  1.008741e+03  1.394629e+03  2.156297e+03 
 2.044661e-01  5.256907e+02  9.875274e+02  1.366670e+03  2.115904e+03 
 2.073162e-01  5.118510e+02  9.617735e+02  1.331167e+03  2.061940e+03 
 2.102061e-01  4.977678e+02  9.355476e+02  1.295007e+03  2.006931e+03 
 2.131362e-01  4.876236e+02  9.210800e+02  1.278120e+03  1.985376e+03 
 2.161073e-01  4.777896e+02  9.072457e+02  1.262149e+03  1.965246e+03 
 2.191197e-01  4.651343e+02  8.857253e+02  1.234720e+03  1.929158e+03 
 2.221741e-01  4.524249e+02  8.634884e+02  1.206029e+03  1.891266e+03 
 2.252711e-01  4.410966e+02  8.443647e+02  1.181890e+03  1.859824e+03 
 2.284112e-01  4.308780e+02  8.274462e+02  1.160825e+03  1.832807e+03 
 2.315951e-01  4.220419e+02  8.121600e+02  1.140435e+03  1.802104e+03 
 2.348235e-01  4.142572e+02  7.985038e+02  1.121751e+03  1.772423e+03 
 2.380968e-01  4.051358e+02  7.809836e+02  1.097379e+03  1.735473e+03 
 2.414157e-01  3.961353e+02  7.633758e+02  1.072812e+03  1.698618e+03 
 2.447809e-01  3.871244e+02  7.462589e+02  1.049472e+03  1.663737e+03 
 2.481930e-01  3.784502e+02  7.299034e+02  1.027257e+03  1.630564e+03 
 2.516527e-01  3.732779e+02  7.215775e+02  1.016309e+03  1.614067e+03 
 2.551606e-01  3.669419e+02  7.105547e+02  1.001539e+03  1.592145e+03 
 2.587174e-01  3.572328e+02  6.916485e+02  9.756209e+02  1.554621e+03 
 2.623238e-01  3.490020e+02  6.767505e+02  9.557464e+02  1.526343e+03 
 2.659804e-01  3.423501e+02  6.661355e+02  9.423252e+02  1.507932e+03 
 2.696881e-01  3.335160e+02  6.502814e+02  9.211426e+02  1.476479e+03 
 2.734474e-01  3.240501e+02  6.329223e+02  8.977456e+02  1.441378e+03 
 2.772591e-01  3.169780e+02  6.216194e+02  8.839369e+02  1.424299e+03 
 2.811239e-01  3.095056e+02  6.089107e+02  8.680432e+02  1.405152e+03 
 2.850426e-01  3.016467e+02  5.946339e+02  8.498397e+02  1.384162e+03 
 2.890160e-01  2.946802e+02  5.830668e+02  8.351241e+02  1.363397e+03 
 2.930447e-01  2.882426e+02  5.721567e+02  8.205763e+02  1.340695e+03 
 2.971296e-01  2.821444e+02  5.601778e+02  8.025210e+02  1.309628e+03 
 3.012714e-01  2.766674e+02  5.509172e+02  7.903500e+02  1.291762e+03 
 3.054710e-01  2.712702e+02  5.421926e+02  7.796860e+02  1.278050e+03 
 3.097291e-01  2.647124e+02  5.303964e+02  7.644791e+02  1.258076e+03 
 3.140465e-01  2.587371e+02  5.184861e+02  7.473532e+02  1.229991e+03 
 3.184242e-01  2.534289e+02  5.080449e+02  7.322844e+02  1.205059e+03 
 3.228628e-01  2.492258e+02  5.013479e+02  7.241106e+02  1.195544e+03 
 3.273634e-01  2.431051e+02  4.892315e+02  7.068103e+02  1.168076e+03 
 3.319266e-01  2.367788e+02  4.771776e+02  6.902996e+02  1.143584e+03 
 3.365535e-01  2.307889e+02  4.667530e+02  6.771030e+02  1.126473e+03 
 3.412449e-01  2.266801e+02  4.614044e+02  6.707306e+02  1.116174e+03 
 3.460016e-01  2.221556e+02  4.541505e+02  6.614363e+02  1.103158e+03 
 3.508247e-01  2.177420e+02  4.464065e+02  6.511858e+02  1.088455e+03 
 3.557150e-01  2.134839e+02  4.386092e+02  6.407120e+02  1.072760e+03 
 3.606735e-01  2.085889e+02  4.300088e+02  6.295032e+02  1.057083e+03 
 3.657011e-01  2.027058e+02  4.190408e+02  6.146908e+02  1.037042e+03 
 3.707988e-01  1.980423e+02  4.102776e+02  6.028717e+02  1.019747e+03 
 3.759675e-01  1.937901e+02  4.023059e+02  5.920437e+02  1.003819e+03 
 3.812083e-01  1.893707e+02  3.944301e+02  5.814687e+02  9.886883e+02 
 3.865221e-01  1.856091e+02  3.889531e+02  5.749831e+02  9.774260e+02 
 3.919100e-01  1.817863e+02  3.801781e+02  5.617831e+02  9.599748e+02 
 3.973730e-01  1.774015e+02  3.730994e+02  5.530177e+02  9.460803e+02 
 4.029122e-01  1.739465e+02  3.677556e+02  5.455798e+02  9.322517e+02 
 4.085286e-01  1.704285e+02  3.602812e+02  5.349743e+02  9.173138e+02 
 4.142232e-01  1.661540e+02  3.517046e+02  5.238155e+02  9.039083e+02 
 4.199973e-01  1.620292e+02  3.447434e+02  5.150841e+02  8.912043e+02 
 4.258518e-01  1.587792e+02  3.387631e+02  5.065540e+02  8.763114e+02 
 4.317880e-01  1.553431e+02  3.320440e+02  4.966641e+02  8.614989e+02 
 4.378069e-01  1.523486e+02  3.262374e+02  4.884679e+02  8.479790e+02 
 4.439097e-01  1.498502e+02  3.224775e+02  4.840974e+02  8.445477e+02 
 4.500975e-01  1.458504e+02  3.151161e+02  4.740324e+02  8.296776e+02 
 4.563716e-01  1.424744e+02  3.082790e+02  4.640985e+02  8.118581e+02 
 4.627332e-01  1.403174e+02  3.054067e+02  4.611328e+02  8.092801e+02 
 4.691835e-01  1.367812e+02  2.984184e+02  4.510149e+02  7.921462e+02 
 4.757236e-01  1.342217e+02  2.935555e+02  4.445182e+02  7.825031e+02 
 4.823549e-01  1.307651e+02  2.865196e+02  4.347551e+02  7.698878e+02 
 4.890787e-01  1.280490e+02  2.813280e+02  4.277061e+02  7.587330e+02 
 4.958962e-01  1.260209e+02  2.774347e+02  4.216223e+02  7.474989e+02 
 5.028087e-01  1.233034e+02  2.727838e+02  4.153790e+02  7.385786e+02 
 5.098176e-01  1.210869e+02  2.687885e+02  4.094878e+02  7.267303e+02 
 5.169242e-01  1.190544e+02  2.650397e+02  4.045563e+02  7.202425e+02 
 5.241298e-01  1.152323e+02  2.586006e+02  3.967224e+02  7.108591e+02 
 5.314359e-01  1.132515e+02  2.555468e+02  3.925032e+02  7.041463e+02 
 5.388438e-01  1.109352e+02  2.503932e+02  3.848392e+02  6.927078e+02 
 5.463550e-01  1.090107e+02  2.466159e+02  3.791684e+02  6.833738e+02 
 5.539709e-01  1.061795e+02  2.417621e+02  3.729984e+02  6.736451e+02 
 5.616930e-01  1.043542e+02  2.382421e+02  3.680019e+02  6.660366e+02 
 5.695227e-01  1.023480e+02  2.350985e+02  3.641234e+02  6.574252e+02 
 5.774615e-01  1.000727e+02  2.298604e+02  3.564561e+02  6.467688e+02 
 5.855110e-01  9.832187e+01  2.265837e+02  3.513101e+02  6.382578e+02 
 5.936727e-01  9.611136e+01  2.214993e+02  3.444251e+02  6.281118e+02 
 6.019482e-01  9.455148e+01  2.192005e+02  3.405618e+02  6.209405e+02 
 6.103390e-01  9.236745e+01  2.155274e+02  3.357304e+02  6.121186e+02 
 6.188468e-01  9.034144e+01  2.123192e+02  3.330666e+02  6.102865e+02 
 6.274732e-01  8.890898e+01  2.086239e+02  3.267179e+02  6.002375e+02 
 6.362198e-01  8.719017e+01  2.055795e+02  3.220778e+02  5.912038e+02 
 6.450884e-01  8.520479e+01  2.021160e+02  3.173391e+02  5.829607e+02 
 6.540806e-01  8.348350e+01  1.980172e+02  3.111669e+02  5.743479e+02 
 6.631981e-01  8.170476e+01  1.953849e+02  3.083766e+02  5.688978e+02 
 6.724427e-01  8.020781e+01  1.921457e+02  3.039530e+02  5.637911e+02 
 6.818162e-01  7.854829e+01  1.888702e+02  2.980670e+02  5.530536e+02 
 6.913204e-01  7.692015e+01  1.856489e+02  2.939614e+02  5.460046e+02 
 7.009570e-01  7.586966e+01  1.830690e+02  2.902103e+02  5.393590e+02 
 7.107280e-01  7.398771e+01  1.801611e+02  2.860435e+02  5.313021e+02 
 7.206351e-01  7.289491e+01  1.776130e+02  2.826871e+02  5.272980e+02 
 7.306804e-01  7.146335e+01  1.750458e+02  2.784031e+02  5.183717e+02 
 7.408657e-01  6.992640e+01  1.717906e+02  2.737207e+02  5.119941e+02 
 7.511929e-01  6.848762e+01  1.688629e+02  2.699793e+02  5.053389e+02 
 7.616642e-01  6.719422e+01  1.660180e+02  2.659912e+02  4.994202e+02 
 7.722814e-01  6.635223e+01  1.644038e+02  2.630887e+02  4.923100e+02 
 7.830465e-01  6.499834e+01  1.614600e+02  2.589905e+02  4.861680e+02 
 7.939618e-01  6.383197e+01  1.594867e+02  2.558449e+02  4.818591e+02 
 8.050292e-01  6.247433e+01  1.567510e+02  2.526548e+02  4.758448e+02 
 8.162509e-01  6.144885e+01  1.545929e+02  2.485727e+02  4.679396e+02 
 8.276289e-01  6.000420e+01  1.517564e+02  2.449390e+02  4.624481e+02 
 8.391656e-01  5.932254e+01  1.501516e+02  2.418607e+02  4.579358e+02 
 8.508632e-01  5.827919e+01  1.477315e+02  2.387558e+02  4.520702e+02 
 8.627237e-01  5.705815e+01  1.455776e+02  2.354523e+02  4.453709e+02 
 8.747496e-01  5.605716e+01  1.433205e+02  2.322441e+02  4.399027e+02 
 8.869432e-01  5.513023e+01  1.413851e+02  2.292655e+02  4.344442e+02 
 8.993067e-01  5.407613e+01  1.392851e+02  2.260391e+02  4.286372e+02 
 9.118425e-01  5.325375e+01  1.370604e+02  2.224736e+02  4.214239e+02 
 9.245531e-01  5.213884e+01  1.348826e+02  2.191859e+02  4.170665e+02 
 9.374409e-01  5.119510e+01  1.329805e+02  2.165945e+02  4.117463e+02 
 9.505083e-01  5.038378e+01  1.310327e+02  2.136390e+02  4.061557e+02 
 9.637579e-01  4.934392e+01  1.286349e+02  2.101020e+02  4.007177e+02 
 9.771921e-01  4.875303e+01  1.279722e+02  2.081762e+02  3.955113e+02 
 9.908137e-01  4.784975e+01  1.257347e+02  2.051293e+02  3.907835e+02 
 1.004625e+00  4.696850e+01  1.235415e+02  2.017312e+02  3.843876e+02 
 1.018629e+00  4.621177e+01  1.219552e+02  1.991094e+02  3.791265e+02 
 1.032828e+00  4.538012e+01  1.202003e+02  1.967620e+02  3.755919e+02 
 1.047225e+00  4.455438e+01  1.186180e+02  1.938260e+02  3.694638e+02 
 1.061823e+00  4.390481e+01  1.171266e+02  1.913559e+02  3.643365e+02 
 1.076624e+00  4.312792e+01  1.153863e+02  1.886864e+02  3.592063e+02 
 1.091632e+00  4.242052e+01  1.136823e+02  1.861877e+02  3.540089e+02 
 1.106848e+00  4.165314e+01  1.118582e+02  1.835367e+02  3.495190e+02 
 1.122277e+00  4.095761e+01  1.104027e+02  1.807513e+02  3.441311e+02 
 1.137921e+00  4.025039e+01  1.086426e+02  1.782031e+02  3.392649e+02 
 1.153783e+00  3.964352e+01  1.070613e+02  1.756476e+02  3.346562e+02 
 1.169866e+00  3.895138e+01  1.055556e+02  1.731122e+02  3.301356e+02 
 1.186174e+00  3.827568e+01  1.041304e+02  1.707492e+02  3.251713e+02 
 1.202708e+00  3.769255e+01  1.026089e+02  1.683247e+02  3.203466e+02 
 1.219473e+00  3.708163e+01  1.011857e+02  1.660509e+02  3.153066e+02 
 1.236472e+00  3.645352e+01  9.976841e+01  1.638022e+02  3.108820e+02 
 1.253708e+00  3.588773e+01  9.826447e+01  1.612944e+02  3.066734e+02 
 1.271184e+00  3.531418e+01  9.723505e+01  1.594335e+02  3.019827e+02 
 1.288904e+00  3.474455e+01  9.547863e+01  1.568446e+02  2.979702e+02 
 1.306870e+00  3.414406e+01  9.413093e+01  1.545898e+02  2.932814e+02 
 1.325087e+00  3.365735e+01  9.285004e+01  1.524178e+02  2.886375e+02 
 1.343558e+00  3.312410e+01  9.148516e+01  1.501865e+02  2.842503e+02 
 1.362287e+00  3.263780e+01  9.010119e+01  1.478025e+02  2.799477e+02 
 1.381276e+00  3.211003e+01  8.881087e+01  1.454316e+02  2.756503e+02 
 1.400531e+00  3.161339e+01  8.752380e+01  1.433572e+02  2.709687e+02 
 1.420053e+00  3.108313e+01  8.615968e+01  1.412702e+02  2.665784e+02 
 1.439848e+00  3.060763e+01  8.495615e+01  1.389902e+02  2.624231e+02 
 1.459919e+00  3.008033e+01  8.364778e+01  1.368285e+02  2.578934e+02 
 1.480269e+00  2.966875e+01  8.227428e+01  1.346074e+02  2.532980e+02 
 1.500903e+00  2.918509e+01  8.106840e+01  1.324513e+02  2.496350e+02 
 1.521825e+00  2.872007e+01  7.996098e+01  1.305252e+02  2.452914e+02 
 1.543038e+00  2.825373e+01  7.872682e+01  1.285632e+02  2.414254e+02 
 1.564548e+00  2.785308e+01  7.752300e+01  1.264797e+02  2.372270e+02 
 1.586357e+00  2.742528e+01  7.643948e+01  1.245186e+02  2.331942e+02 
 1.608469e+00  2.697968e+01  7.531562e+01  1.225676e+02  2.295077e+02 
 1.630891e+00  2.664485e+01  7.404464e+01  1.204233e+02  2.252912e+02 
 1.653624e+00  2.619832e+01  7.290885e+01  1.186319e+02  2.217849e+02 
 1.676675e+00  2.579819e+01  7.192194e+01  1.167862e+02  2.177127e+02 
 1.700047e+00  2.538945e+01  7.079745e+01  1.148420e+02  2.139907e+02 
 1.723745e+00  2.500632e+01  6.965626e+01  1.129182e+02  2.099059e+02 
 1.747773e+00  2.459671e+01  6.852151e+01  1.109996e+02  2.061377e+02 
 1.772136e+00  2.422149e+01  6.742356e+01  1.090678e+02  2.025802e+02 
 1.796838e+00  2.385878e+01  6.634183e+01  1.072383e+02  1.987971e+02 
 1.821885e+00  2.350365e+01  6.525325e+01  1.053439e+02  1.952144e+02 
 1.847281e+00  2.314058e+01  6.429400e+01  1.036252e+02  1.916080e+02 
 1.873032e+00  2.278474e+01  6.316679e+01  1.016618e+02  1.881394e+02 
 1.899141e+00  2.241784e+01  6.209231e+01  9.993883e+01  1.846084e+02 
 1.925614e+00  2.208838e+01  6.110596e+01  9.821049e+01  1.810623e+02 
 1.952456e+00  2.180931e+01  6.014677e+01  9.649786e+01  1.776168e+02 
 1.979672e+00  2.142823e+01  5.919404e+01  9.480630e+01  1.743013e+02 
 2.007267e+00  2.113270e+01  5.818254e+01  9.300965e+01  1.711303e+02 
 2.035248e+00  2.078097e+01  5.718465e+01  9.132756e+01  1.677559e+02 
 2.063618e+00  2.046583e+01  5.620292e+01  8.971201e+01  1.644963e+02 
 2.092383e+00  2.015823e+01  5.525713e+01  8.803925e+01  1.613444e+02 
 2.121550e+00  1.983555e+01  5.427748e+01  8.639316e+01  1.581038e+02 
 2.151123e+00  1.953326e+01  5.333662e+01  8.473600e+01  1.548998e+02 
 2.181109e+00  1.922459e+01  5.237982e+01  8.316197e+01  1.518692e+02 
 2.211512e+00  1.892272e+01  5.141909e+01  8.151728e+01  1.486828e+02 
 2.242340e+00  1.863025e+01  5.052506e+01  7.996725e+01  1.456863e+02 
 2.273597e+00  1.831496e+01  4.960025e+01  7.833849e+01  1.426741e+02 
 2.305289e+00  1.804523e+01  4.868769e+01  7.684425e+01  1.397606e+02 
 2.337424e+00  1.775498e+01  4.777908e+01  7.529956e+01  1.368650e+02 
 2.370006e+00  1.746753e+01  4.689854e+01  7.383861e+01  1.341426e+02 
 2.403043e+00  1.717672e+01  4.603153e+01  7.232824e+01  1.312985e+02 
 2.436540e+00  1.691276e+01  4.518879e+01  7.089592e+01  1.285439e+02 
 2.470504e+00  1.664385e+01  4.436076e+01  6.945999e+01  1.258432e+02 
 2.504942e+00  1.637852e+01  4.354750e+01  6.808444e+01  1.232381e+02 
 2.539859e+00  1.612819e+01  4.271330e+01  6.668842e+01  1.206093e+02 
 2.575263e+00  1.585665e+01  4.188959e+01  6.538455e+01  1.181012e+02 
 2.611161e+00  1.560818e+01  4.108269e+01  6.398224e+01  1.155762e+02 
 2.647559e+00  1.535248e+01  4.027351e+01  6.262477e+01  1.130451e+02 
 2.684465e+00  1.510039e+01  3.950846e+01  6.129473e+01  1.105771e+02 
 2.721885e+00  1.483677e+01  3.868853e+01  6.000471e+01  1.081478e+02 
 2.759826e+00  1.458823e+01  3.789336e+01  5.870119e+01  1.057580e+02 
 2.798297e+00  1.434051e+01  3.714570e+01  5.744273e+01  1.034717e+02 
 2.837304e+00  1.409774e+01  3.638000e+01  5.619313e+01  1.011603e+02 
 2.876854e+00  1.385492e+01  3.562158e+01  5.496763e+01  9.891565e+01 
 2.916956e+00  1.361916e+01  3.489931e+01  5.376212e+01  9.667356e+01 
 2.957617e+00  1.338966e+01  3.418772e+01  5.260125e+01  9.453389e+01 
 2.998844e+00  1.315702e+01  3.348543e+01  5.144060e+01  9.240344e+01 
 3.040646e+00  1.293133e+01  3.278617e+01  5.031024e+01  9.038899e+01 
 3.083031e+00  1.270843e+01  3.210105e+01  4.920339e+01  8.836569e+01 
 3.126007e+00  1.249381e+01  3.143926e+01  4.811719e+01  8.638051e+01 
 3.169582e+00  1.227458e+01  3.076368e+01  4.703661e+01  8.444799e+01 
 3.213764e+00  1.205958e+01  3.011420e+01  4.598472e+01  8.254250e+01 
 3.258562e+00  1.184106e+01  2.947965e+01  4.494576e+01  8.066335e+01 
 3.303985e+00  1.162731e+01  2.882742e+01  4.392606e+01  7.881908e+01 
 3.350041e+00  1.141872e+01  2.818881e+01  4.290215e+01  7.698502e+01 
 3.396739e+00  1.120309e+01  2.756912e+01  4.192069e+01  7.519521e+01 
 3.444087e+00  1.099889e+01  2.694415e+01  4.093210e+01  7.342689e+01 
 3.492096e+00  1.079462e+01  2.634631e+01  3.998708e+01  7.172902e+01 
 3.540774e+00  1.058848e+01  2.576169e+01  3.905821e+01  7.004810e+01 
 3.590130e+00  1.039071e+01  2.517465e+01  3.813111e+01  6.841774e+01 
 3.640175e+00  1.019775e+01  2.460647e+01  3.724638e+01  6.680478e+01 
 3.690917e+00  1.000041e+01  2.405795e+01  3.636210e+01  6.524090e+01 
 3.742366e+00  9.809869e+00  2.350049e+01  3.550968e+01  6.373253e+01 
 3.794533e+00  9.625249e+00  2.297628e+01  3.467887e+01  6.223196e+01 
 3.847427e+00  9.441179e+00  2.244603e+01  3.386461e+01  6.079193e+01 
 3.901058e+00  9.255921e+00  2.193972e+01  3.307139e+01  5.936352e+01 
 3.955436e+00  9.081761e+00  2.143580e+01  3.228176e+01  5.796583e+01 
 4.010573e+00  8.901161e+00  2.093843e+01  3.152029e+01  5.660770e+01 
 4.066478e+00  8.724742e+00  2.044884e+01  3.076093e+01  5.525350e+01 
 4.123163e+00  8.548737e+00  1.997169e+01  3.001708e+01  5.392914e+01 
 4.180637e+00  8.377397e+00  1.950018e+01  2.928958e+01  5.262393e+01 
 4.238913e+00  8.205788e+00  1.903084e+01  2.857362e+01  5.136220e+01 
 4.298001e+00  8.033666e+00  1.857655e+01  2.787752e+01  5.011127e+01 
 4.357913e+00  7.871943e+00  1.813064e+01  2.719757e+01  4.890443e+01 
 4.418660e+00  7.707136e+00  1.769755e+01  2.652793e+01  4.772232e+01 
 4.480254e+00  7.544965e+00  1.727015e+01  2.587621e+01  4.656251e+01 
 4.542706e+00  7.388252e+00  1.685054e+01  2.523788e+01  4.542859e+01 
 4.606029e+00  7.233075e+00  1.644923e+01  2.462259e+01  4.433643e+01 
 4.670234e+00  7.080590e+00  1.605163e+01  2.402563e+01  4.326973e+01 
 4.735335e+00  6.931935e+00  1.566725e+01  2.343772e+01  4.222229e+01 
 4.801343e+00  6.787754e+00  1.529391e+01  2.286750e+01  4.119728e+01 
 4.868271e+00  6.644019e+00  1.492508e+01  2.230825e+01  4.020279e+01 
 4.936132e+00  6.502788e+00  1.456361e+01  2.176352e+01  3.923065e+01 
 5.004939e+00  6.363060e+00  1.421149e+01  2.122820e+01  3.827436e+01 
 5.074705e+00  6.223998e+00  1.386301e+01  2.070085e+01  3.733837e+01 
 5.145444e+00  6.088264e+00  1.352295e+01  2.018585e+01  3.642116e+01 
 5.217169e+00  5.953031e+00  1.318681e+01  1.967986e+01  3.551181e+01 
 5.289893e+00  5.822312e+00  1.286044e+01  1.918971e+01  3.463134e+01 
 5.363631e+00  5.691168e+00  1.254054e+01  1.870348e+01  3.376889e+01 
 5.438397e+00  5.564294e+00  1.222745e+01  1.823304e+01  3.292257e+01 
 5.514206e+00  5.439169e+00  1.192257e+01  1.777473e+01  3.210163e+01 
 5.591071e+00  5.315445e+00  1.162711e+01  1.732652e+01  3.130199e+01 
 5.669007e+00  5.197066e+00  1.133649e+01  1.689320e+01  3.052199e+01 
 5.748030e+00  5.079820e+00  1.105589e+01  1.646906e+01  2.975995e+01 
 5.828155e+00  4.965634e+00  1.078231e+01  1.605798e+01  2.902040e+01 
 5.909396e+00  4.853851e+00  1.051539e+01  1.565735e+01  2.830305e+01 
 5.991770e+00  4.744306e+00  1.025478e+01  1.526648e+01  2.760153e+01 
 6.075292e+00  4.637670e+00  1.000275e+01  1.488712e+01  2.691690e+01 
 6.159978e+00  4.532544e+00  9.755941e+00  1.451665e+01  2.625017e+01 
 6.245845e+00  4.429341e+00  9.514066e+00  1.415385e+01  2.559388e+01 
 6.332908e+00  4.327185e+00  9.275297e+00  1.379597e+01  2.494982e+01 
 6.421186e+00  4.227647e+00  9.042722e+00  1.344546e+01  2.431809e+01 
 6.510694e+00  4.128908e+00  8.814357e+00  1.310446e+01  2.370058e+01 
 6.601449e+00  4.032817e+00  8.592096e+00  1.277035e+01  2.309772e+01 
 6.693470e+00  3.938133e+00  8.373836e+00  1.244265e+01  2.250679e+01 
 6.786773e+00  3.845549e+00  8.162226e+00  1.212398e+01  2.193123e+01 
 6.881377e+00  3.755616e+00  7.955677e+00  1.181436e+01  2.136857e+01 
 6.977300e+00  3.667693e+00  7.755205e+00  1.151402e+01  2.082325e+01 
 7.074559e+00  3.582077e+00  7.559391e+00  1.121968e+01  2.029080e+01 
 7.173175e+00  3.498246e+00  7.369830e+00  1.093504e+01  1.977454e+01 
 7.273165e+00  3.417000e+00  7.185711e+00  1.065872e+01  1.927112e+01 
 7.374549e+00  3.337618e+00  7.005964e+00  1.038852e+01  1.878240e+01 
 7.477346e+00  3.260032e+00  6.832130e+00  1.012815e+01  1.830696e+01 
 7.581576e+00  3.184953e+00  6.661686e+00  9.872709e+00  1.784317e+01 
 7.687260e+00  3.111200e+00  6.496220e+00  9.623972e+00  1.739151e+01 
 7.794416e+00  3.038804e+00  6.334166e+00  9.379379e+00  1.694832e+01 
 7.903066e+00  2.967831e+00  6.174745e+00  9.139994e+00  1.651255e+01 
 8.013230e+00  2.898091e+00  6.019536e+00  8.907487e+00  1.608723e+01 
 8.124930e+00  2.829584e+00  5.867438e+00  8.678579e+00  1.566979e+01 
 8.238187e+00  2.762839e+00  5.718421e+00  8.454598e+00  1.526282e+01 
 8.353023e+00  2.697400e+00  5.573516e+00  8.236795e+00  1.486499e+01 
 8.469460e+00  2.633763e+00  5.432359e+00  8.024558e+00  1.447760e+01 
 8.587519e+00  2.571686e+00  5.294768e+00  7.817930e+00  1.410042e+01 
 8.707225e+00  2.511232e+00  5.160673e+00  7.616990e+00  1.373345e+01 
 8.828599e+00  2.452464e+00  5.031285e+00  7.421573e+00  1.337585e+01 
 8.951665e+00  2.395129e+00  4.905278e+00  7.231815e+00  1.302930e+01 
 9.076446e+00  2.339579e+00  4.782979e+00  7.048141e+00  1.269290e+01 
 9.202967e+00  2.285568e+00  4.664030e+00  6.870353e+00  1.236535e+01 
 9.331251e+00  2.232970e+00  4.548356e+00  6.696293e+00  1.204703e+01 
 9.461324e+00  0.000000e+00  0.000000e+00  0.000000e+00  0.000000e+00 
 9.593209e+00  0.000000e+00  0.000000e+00  0.000000e+00  0.000000e+00 
 9.726934e+00  0.000000e+00  0.000000e+00  0.000000e+00  0.000000e+00 
 9.862522e+00  0.000000e+00  0.000000e+00  0.000000e+00  0.000000e+00 
 1.000000e+01  0.000000e+00  0.000000e+00  0.000000e+00  0.000000e+00 
