 1.000000e-02  5.504743e+03  1.003583e+04  1.357954e+04  2.026996e+04 
 1.013939e-02  5.535135e+03  1.009104e+04  1.365416e+04  2.038092e+04 
 1.028073e-02  5.565080e+03  1.014544e+04  1.372762e+04  2.049018e+04 
 1.042404e-02  5.594554e+03  1.019900e+04  1.379991e+04  2.059769e+04 
 1.056935e-02  5.623529e+03  1.025166e+04  1.387100e+04  2.070336e+04 
 1.071668e-02  5.651996e+03  1.030338e+04  1.394088e+04  2.080706e+04 
 1.086606e-02  5.679933e+03  1.035413e+04  1.400943e+04  2.090877e+04 
 1.101753e-02  5.707326e+03  1.040387e+04  1.407654e+04  2.100857e+04 
 1.117111e-02  5.734155e+03  1.045257e+04  1.414214e+04  2.110632e+04 
 1.132683e-02  5.760384e+03  1.050019e+04  1.420632e+04  2.120176e+04 
 1.148472e-02  5.785998e+03  1.054668e+04  1.426912e+04  2.129479e+04 
 1.164481e-02  5.810984e+03  1.059203e+04  1.433039e+04  2.138549e+04 
 1.180713e-02  5.835324e+03  1.063619e+04  1.438996e+04  2.147383e+04 
 1.197171e-02  5.858997e+03  1.067911e+04  1.444781e+04  2.155971e+04 
 1.213859e-02  5.881977e+03  1.072078e+04  1.450393e+04  2.164294e+04 
 1.230780e-02  5.904237e+03  1.076111e+04  1.455834e+04  2.172338e+04 
 1.247936e-02  5.925752e+03  1.080010e+04  1.461094e+04  2.180108e+04 
 1.265332e-02  5.946512e+03  1.083770e+04  1.466163e+04  2.187609e+04 
 1.282970e-02  5.966499e+03  1.087389e+04  1.471034e+04  2.194825e+04 
 1.300854e-02  5.985683e+03  1.090861e+04  1.475697e+04  2.201740e+04 
 1.318987e-02  6.004047e+03  1.094182e+04  1.480151e+04  2.208346e+04 
 1.337373e-02  6.021576e+03  1.097350e+04  1.484405e+04  2.214640e+04 
 1.356015e-02  6.038244e+03  1.100361e+04  1.488458e+04  2.220617e+04 
 1.374917e-02  6.054019e+03  1.103209e+04  1.492292e+04  2.226261e+04 
 1.394083e-02  6.068880e+03  1.105890e+04  1.495897e+04  2.231560e+04 
 1.413516e-02  6.082803e+03  1.108399e+04  1.499263e+04  2.236506e+04 
 1.433219e-02  6.095765e+03  1.110731e+04  1.502385e+04  2.241097e+04 
 1.453198e-02  6.107750e+03  1.112885e+04  1.505268e+04  2.245330e+04 
 1.473454e-02  6.118734e+03  1.114856e+04  1.507909e+04  2.249191e+04 
 1.493993e-02  6.128691e+03  1.116641e+04  1.510299e+04  2.252671e+04 
 1.514819e-02  6.137644e+03  1.118243e+04  1.512445e+04  2.255786e+04 
 1.535935e-02  6.145555e+03  1.119656e+04  1.514331e+04  2.258511e+04 
 1.557345e-02  6.152383e+03  1.120871e+04  1.515942e+04  2.260830e+04 
 1.579053e-02  6.158107e+03  1.121884e+04  1.517278e+04  2.262748e+04 
 1.601064e-02  6.162697e+03  1.122689e+04  1.518337e+04  2.264256e+04 
 1.623382e-02  6.166136e+03  1.123283e+04  1.519112e+04  2.265341e+04 
 1.646012e-02  6.168406e+03  1.123666e+04  1.519598e+04  2.265989e+04 
 1.668956e-02  6.169490e+03  1.123831e+04  1.519791e+04  2.266195e+04 
 1.692220e-02  6.169359e+03  1.123774e+04  1.519683e+04  2.265949e+04 
 1.715809e-02  6.168003e+03  1.123494e+04  1.519273e+04  2.265251e+04 
 1.739726e-02  6.165408e+03  1.122988e+04  1.518556e+04  2.264089e+04 
 1.763977e-02  6.161543e+03  1.122251e+04  1.517524e+04  2.262448e+04 
 1.788566e-02  6.156397e+03  1.121278e+04  1.516175e+04  2.260330e+04 
 1.813498e-02  6.149962e+03  1.120071e+04  1.514509e+04  2.257746e+04 
 1.838777e-02  6.142213e+03  1.118626e+04  1.512520e+04  2.254687e+04 
 1.864409e-02  6.133140e+03  1.116939e+04  1.510202e+04  2.251139e+04 
 1.890397e-02  6.122741e+03  1.115007e+04  1.507554e+04  2.247100e+04 
 1.916748e-02  6.110993e+03  1.112829e+04  1.504573e+04  2.242558e+04 
 1.943467e-02  6.097886e+03  1.110403e+04  1.501257e+04  2.237507e+04 
 1.970558e-02  6.083404e+03  1.107728e+04  1.497603e+04  2.231947e+04 
 1.998026e-02  6.067533e+03  1.104799e+04  1.493605e+04  2.225875e+04 
 2.025878e-02  6.050286e+03  1.101618e+04  1.489267e+04  2.219301e+04 
 2.054117e-02  6.031652e+03  1.098187e+04  1.484588e+04  2.212221e+04 
 2.082751e-02  6.011598e+03  1.094496e+04  1.479557e+04  2.204610e+04 
 2.111783e-02  5.990136e+03  1.090547e+04  1.474178e+04  2.196476e+04 
 2.141220e-02  5.967389e+03  1.086361e+04  1.468473e+04  2.187858e+04 
 2.171068e-02  5.943836e+03  1.082002e+04  1.462513e+04  2.178801e+04 
 2.201331e-02  5.918869e+03  1.077386e+04  1.456204e+04  2.169216e+04 
 2.232016e-02  5.892489e+03  1.072513e+04  1.449546e+04  2.159098e+04 
 2.263130e-02  5.864716e+03  1.067388e+04  1.442546e+04  2.148464e+04 
 2.294676e-02  5.835567e+03  1.062010e+04  1.435206e+04  2.137322e+04 
 2.326663e-02  5.805057e+03  1.056383e+04  1.427528e+04  2.125685e+04 
 2.359095e-02  5.773190e+03  1.050509e+04  1.419514e+04  2.113549e+04 
 2.391980e-02  5.739955e+03  1.044384e+04  1.411164e+04  2.100908e+04 
 2.425323e-02  5.705373e+03  1.038015e+04  1.402483e+04  2.087771e+04 
 2.459130e-02  5.669479e+03  1.031408e+04  1.393480e+04  2.074155e+04 
 2.493409e-02  5.632288e+03  1.024566e+04  1.384157e+04  2.060065e+04 
 2.528166e-02  5.593815e+03  1.017491e+04  1.374521e+04  2.045503e+04 
 2.563407e-02  5.554096e+03  1.010190e+04  1.364579e+04  2.030483e+04 
 2.599140e-02  5.513160e+03  1.002667e+04  1.354334e+04  2.015015e+04 
 2.635371e-02  5.471027e+03  9.949234e+03  1.343794e+04  1.999108e+04 
 2.672106e-02  5.427733e+03  9.869696e+03  1.332968e+04  1.982777e+04 
 2.709354e-02  5.383318e+03  9.788127e+03  1.321869e+04  1.966038e+04 
 2.747121e-02  5.337819e+03  9.704594e+03  1.310507e+04  1.948905e+04 
 2.785414e-02  5.291210e+03  9.619054e+03  1.298874e+04  1.931376e+04 
 2.824241e-02  5.243263e+03  9.531164e+03  1.286936e+04  1.913421e+04 
 2.863610e-02  5.194351e+03  9.441521e+03  1.274761e+04  1.895113e+04 
 2.903527e-02  5.144525e+03  9.350226e+03  1.262363e+04  1.876473e+04 
 2.944000e-02  5.093835e+03  9.257378e+03  1.249754e+04  1.857518e+04 
 2.985038e-02  5.042336e+03  9.163071e+03  1.236949e+04  1.838272e+04 
 3.026648e-02  4.990083e+03  9.067398e+03  1.223960e+04  1.818753e+04 
 3.068838e-02  4.937134e+03  8.970456e+03  1.210799e+04  1.798982e+04 
 3.111616e-02  4.883547e+03  8.872357e+03  1.197484e+04  1.778979e+04 
 3.154990e-02  4.829387e+03  8.773226e+03  1.184028e+04  1.758769e+04 
 3.198969e-02  4.774729e+03  8.673195e+03  1.170450e+04  1.738378e+04 
 3.243561e-02  4.719634e+03  8.572378e+03  1.156768e+04  1.717831e+04 
 3.288774e-02  4.664163e+03  8.470871e+03  1.142993e+04  1.697149e+04 
 3.334618e-02  4.608378e+03  8.368782e+03  1.129142e+04  1.676357e+04 
 3.381101e-02  4.552347e+03  8.266257e+03  1.115232e+04  1.655480e+04 
 3.428231e-02  4.496149e+03  8.163450e+03  1.101281e+04  1.634544e+04 
 3.476019e-02  4.439755e+03  8.060619e+03  1.087360e+04  1.613761e+04 
 3.524473e-02  4.383339e+03  7.957746e+03  1.073439e+04  1.592974e+04 
 3.573602e-02  4.326981e+03  7.854959e+03  1.059533e+04  1.572207e+04 
 3.623416e-02  4.270746e+03  7.752401e+03  1.045656e+04  1.551488e+04 
 3.673925e-02  4.214704e+03  7.650217e+03  1.031829e+04  1.530844e+04 
 3.725137e-02  4.158927e+03  7.548537e+03  1.018066e+04  1.510300e+04 
 3.777064e-02  4.103500e+03  7.447479e+03  1.004390e+04  1.489883e+04 
 3.829714e-02  4.048492e+03  7.347171e+03  9.908184e+03  1.469616e+04 
 3.883098e-02  3.993972e+03  7.247749e+03  9.773650e+03  1.449527e+04 
 3.937226e-02  3.940006e+03  7.149342e+03  9.640465e+03  1.429644e+04 
 3.992109e-02  3.886663e+03  7.052070e+03  9.508802e+03  1.409991e+04 
 4.047757e-02  3.833995e+03  6.956012e+03  9.378741e+03  1.390567e+04 
 4.104181e-02  3.781877e+03  6.860378e+03  9.248632e+03  1.370955e+04 
 4.161391e-02  3.730581e+03  6.766226e+03  9.120550e+03  1.351648e+04 
 4.219398e-02  3.680159e+03  6.673661e+03  8.994629e+03  1.332664e+04 
 4.278214e-02  3.630656e+03  6.582777e+03  8.870989e+03  1.314024e+04 
 4.337850e-02  3.582123e+03  6.493674e+03  8.749753e+03  1.295746e+04 
 4.398317e-02  3.534603e+03  6.406427e+03  8.631028e+03  1.277847e+04 
 4.459628e-02  3.488144e+03  6.321106e+03  8.514916e+03  1.260340e+04 
 4.521792e-02  3.442784e+03  6.237783e+03  8.401511e+03  1.243236e+04 
 4.584824e-02  3.398551e+03  6.156524e+03  8.290888e+03  1.226548e+04 
 4.648734e-02  3.355469e+03  6.077378e+03  8.183120e+03  1.210287e+04 
 4.713535e-02  3.313716e+03  6.001414e+03  8.080462e+03  1.195005e+04 
 4.779239e-02  3.273246e+03  5.928215e+03  7.982030e+03  1.180486e+04 
 4.845859e-02  3.233964e+03  5.857155e+03  7.886488e+03  1.166397e+04 
 4.913407e-02  3.195860e+03  5.788243e+03  7.793840e+03  1.152736e+04 
 4.981898e-02  3.158925e+03  5.721477e+03  7.704072e+03  1.139500e+04 
 5.051342e-02  3.123154e+03  5.656827e+03  7.617155e+03  1.126686e+04 
 5.121755e-02  3.088540e+03  5.594243e+03  7.533031e+03  1.114286e+04 
 5.193150e-02  3.055045e+03  5.533669e+03  7.451623e+03  1.102290e+04 
 5.265540e-02  3.022616e+03  5.475049e+03  7.372836e+03  1.090686e+04 
 5.338938e-02  2.990966e+03  5.417404e+03  7.294882e+03  1.079080e+04 
 5.413360e-02  2.960020e+03  5.360477e+03  7.217340e+03  1.067385e+04 
 5.488820e-02  2.930015e+03  5.305250e+03  7.142100e+03  1.056034e+04 
 5.565331e-02  2.900837e+03  5.251523e+03  7.068885e+03  1.044986e+04 
 5.642908e-02  2.872357e+03  5.199066e+03  6.997388e+03  1.034198e+04 
 5.721568e-02  2.844584e+03  5.147902e+03  6.927635e+03  1.023673e+04 
 5.801323e-02  2.817637e+03  5.098252e+03  6.859920e+03  1.013453e+04 
 5.882190e-02  2.791522e+03  5.050115e+03  6.794256e+03  1.003538e+04 
 5.964185e-02  2.766124e+03  5.003600e+03  6.731124e+03  9.940912e+03 
 6.047322e-02  2.741394e+03  4.959188e+03  6.671763e+03  9.854582e+03 
 6.131619e-02  2.716495e+03  4.914459e+03  6.611992e+03  9.767667e+03 
 6.217090e-02  2.691355e+03  4.869287e+03  6.551634e+03  9.679902e+03 
 6.303753e-02  2.666000e+03  4.823724e+03  6.490755e+03  9.591392e+03 
 6.391624e-02  2.640452e+03  4.777813e+03  6.429404e+03  9.502207e+03 
 6.480720e-02  2.614621e+03  4.731390e+03  6.367363e+03  9.412040e+03 
 6.571058e-02  2.588338e+03  4.684149e+03  6.304220e+03  9.320271e+03 
 6.662655e-02  2.560209e+03  4.631625e+03  6.231931e+03  9.209324e+03 
 6.755528e-02  2.531297e+03  4.577636e+03  6.157626e+03  9.095290e+03 
 6.849697e-02  2.501545e+03  4.522144e+03  6.081320e+03  8.978374e+03 
 6.945178e-02  2.470855e+03  4.464977e+03  6.002789e+03  8.858237e+03 
 7.041990e-02  2.439141e+03  4.405983e+03  5.921828e+03  8.734592e+03 
 7.140151e-02  2.406327e+03  4.345014e+03  5.838244e+03  8.607165e+03 
 7.239681e-02  2.372604e+03  4.282671e+03  5.753165e+03  8.478675e+03 
 7.340598e-02  2.337977e+03  4.219021e+03  5.666744e+03  8.349550e+03 
 7.442922e-02  2.302089e+03  4.153123e+03  5.577314e+03  8.216061e+03 
 7.546673e-02  2.264923e+03  4.084958e+03  5.484849e+03  8.078165e+03 
 7.651869e-02  2.226501e+03  4.014546e+03  5.389398e+03  7.935930e+03 
 7.758532e-02  2.186849e+03  3.941919e+03  5.291022e+03  7.789459e+03 
 7.866682e-02  2.146877e+03  3.869870e+03  5.194597e+03  7.648779e+03 
 7.976339e-02  2.107185e+03  3.800196e+03  5.103205e+03  7.520175e+03 
 8.087525e-02  2.066424e+03  3.728556e+03  5.009096e+03  7.387466e+03 
 8.200261e-02  2.024718e+03  3.655154e+03  4.912567e+03  7.251059e+03 
 8.314568e-02  1.982209e+03  3.580225e+03  4.813965e+03  7.111409e+03 
 8.430468e-02  1.939052e+03  3.504053e+03  4.713661e+03  6.969066e+03 
 8.547985e-02  1.894646e+03  3.424392e+03  4.607464e+03  6.815190e+03 
 8.667139e-02  1.849616e+03  3.343049e+03  4.498425e+03  6.655800e+03 
 8.787954e-02  1.804543e+03  3.261636e+03  4.389277e+03  6.496197e+03 
 8.910453e-02  1.759641e+03  3.180802e+03  4.280549e+03  6.337144e+03 
 9.034660e-02  1.715131e+03  3.100406e+03  4.172775e+03  6.179446e+03 
 9.160598e-02  1.671966e+03  3.023429e+03  4.070518e+03  6.032016e+03 
 9.288292e-02  1.630268e+03  2.949972e+03  3.973788e+03  5.894605e+03 
 9.417766e-02  1.589555e+03  2.878237e+03  3.879294e+03  5.760294e+03 
 9.549045e-02  1.550028e+03  2.808585e+03  3.787529e+03  5.629817e+03 
 9.682153e-02  1.511890e+03  2.741371e+03  3.698978e+03  5.503915e+03 
 9.817117e-02  1.475637e+03  2.677985e+03  3.615982e+03  5.387152e+03 
 9.953962e-02  1.441183e+03  2.617710e+03  3.537635e+03  5.277459e+03 
 1.009272e-01  1.408527e+03  2.560907e+03  3.463524e+03  5.173825e+03 
 1.023340e-01  1.377788e+03  2.507516e+03  3.393940e+03  5.076708e+03 
 1.037605e-01  1.348390e+03  2.455732e+03  3.325767e+03  4.979929e+03 
 1.052069e-01  1.318610e+03  2.400358e+03  3.250115e+03  4.866003e+03 
 1.066734e-01  1.290927e+03  2.348853e+03  3.179725e+03  4.759967e+03 
 1.081604e-01  1.265311e+03  2.301146e+03  3.114506e+03  4.661657e+03 
 1.096681e-01  1.241668e+03  2.257079e+03  3.054224e+03  4.570742e+03 
 1.111968e-01  1.220106e+03  2.217168e+03  2.999692e+03  4.488179e+03 
 1.127468e-01  1.200267e+03  2.180438e+03  2.949481e+03  4.412087e+03 
 1.143184e-01  1.181984e+03  2.146545e+03  2.903126e+03  4.341761e+03 
 1.159120e-01  1.165046e+03  2.115099e+03  2.860105e+03  4.276402e+03 
 1.175277e-01  1.149975e+03  2.087851e+03  2.823406e+03  4.221701e+03 
 1.191660e-01  1.135769e+03  2.062286e+03  2.789023e+03  4.170592e+03 
 1.208271e-01  1.122118e+03  2.037747e+03  2.756017e+03  4.121540e+03 
 1.225114e-01  1.108715e+03  2.013617e+03  2.723557e+03  4.073325e+03 
 1.242191e-01  1.094833e+03  1.988275e+03  2.689350e+03  4.022857e+03 
 1.259506e-01  1.080664e+03  1.962416e+03  2.654462e+03  3.971372e+03 
 1.277063e-01  1.065942e+03  1.935561e+03  2.618269e+03  3.917865e+03 
 1.294865e-01  1.050712e+03  1.907927e+03  2.580971e+03  3.862349e+03 
 1.312915e-01  1.034811e+03  1.879240e+03  2.542199e+03  3.804229e+03 
 1.331216e-01  1.017757e+03  1.848431e+03  2.500629e+03  3.741891e+03 
 1.349772e-01  9.994496e+02  1.815385e+03  2.456078e+03  3.675244e+03 
 1.368587e-01  9.809629e+02  1.783938e+03  2.415796e+03  3.621215e+03 
 1.387665e-01  9.611209e+02  1.749970e+03  2.372047e+03  3.561858e+03 
 1.407008e-01  9.399712e+02  1.713522e+03  2.324910e+03  3.497222e+03 
 1.426621e-01  9.185699e+02  1.676955e+03  2.277517e+03  3.430979e+03 
 1.446507e-01  8.964658e+02  1.639169e+03  2.228332e+03  3.361566e+03 
 1.466671e-01  8.735707e+02  1.599823e+03  2.176975e+03  3.288640e+03 
 1.487115e-01  8.482640e+02  1.554283e+03  2.116005e+03  3.199549e+03 
 1.507845e-01  8.215607e+02  1.505013e+03  2.049155e+03  3.100503e+03 
 1.528864e-01  7.951460e+02  1.456256e+03  1.983048e+03  3.002461e+03 
 1.550175e-01  7.712880e+02  1.414270e+03  1.927728e+03  2.923751e+03 
 1.571784e-01  7.496250e+02  1.377658e+03  1.880782e+03  2.859680e+03 
 1.593694e-01  7.289827e+02  1.342750e+03  1.836032e+03  2.798604e+03 
 1.615909e-01  7.101819e+02  1.311525e+03  1.796349e+03  2.745058e+03 
 1.638434e-01  6.930800e+02  1.283463e+03  1.760926e+03  2.697772e+03 
 1.661273e-01  6.775473e+02  1.258148e+03  1.729154e+03  2.655734e+03 
 1.684430e-01  6.605025e+02  1.227300e+03  1.688008e+03  2.596577e+03 
 1.707910e-01  6.447956e+02  1.198589e+03  1.649534e+03  2.541054e+03 
 1.731717e-01  6.312191e+02  1.174156e+03  1.617024e+03  2.494569e+03 
 1.755856e-01  6.210569e+02  1.157399e+03  1.595640e+03  2.464901e+03 
 1.780332e-01  6.121346e+02  1.142909e+03  1.577346e+03  2.439866e+03 
 1.805149e-01  6.023730e+02  1.124589e+03  1.551848e+03  2.399947e+03 
 1.830312e-01  5.922274e+02  1.104220e+03  1.522401e+03  2.351684e+03 
 1.855825e-01  5.825617e+02  1.085002e+03  1.494834e+03  2.307015e+03 
 1.881694e-01  5.733411e+02  1.068025e+03  1.472037e+03  2.273761e+03 
 1.907924e-01  5.638827e+02  1.050606e+03  1.448628e+03  2.239570e+03 
 1.934520e-01  5.533570e+02  1.030934e+03  1.422135e+03  2.201600e+03 
 1.961486e-01  5.419188e+02  1.009475e+03  1.393179e+03  2.160090e+03 
 1.988828e-01  5.308247e+02  9.894112e+02  1.366397e+03  2.121614e+03 
 2.016551e-01  5.205403e+02  9.719225e+02  1.343528e+03  2.088750e+03 
 2.044661e-01  5.091313e+02  9.520713e+02  1.317191e+03  2.050172e+03 
 2.073162e-01  4.960673e+02  9.277562e+02  1.283633e+03  1.998752e+03 
 2.102061e-01  4.823321e+02  9.021801e+02  1.248323e+03  1.944596e+03 
 2.131362e-01  4.721173e+02  8.875889e+02  1.231358e+03  1.923289e+03 
 2.161073e-01  4.618492e+02  8.729443e+02  1.214357e+03  1.901962e+03 
 2.191197e-01  4.487807e+02  8.508317e+02  1.186198e+03  1.864671e+03 
 2.221741e-01  4.355215e+02  8.277689e+02  1.156438e+03  1.824924e+03 
 2.252711e-01  4.235405e+02  8.076466e+02  1.131052e+03  1.791696e+03 
 2.284112e-01  4.126728e+02  7.897177e+02  1.108723e+03  1.762951e+03 
 2.315951e-01  4.032330e+02  7.735108e+02  1.087263e+03  1.731012e+03 
 2.348235e-01  3.949958e+02  7.592158e+02  1.067925e+03  1.700828e+03 
 2.380968e-01  3.857156e+02  7.415307e+02  1.043390e+03  1.663518e+03 
 2.414157e-01  3.769173e+02  7.244196e+02  1.019543e+03  1.627546e+03 
 2.447809e-01  3.683180e+02  7.079955e+02  9.970486e+02  1.593597e+03 
 2.481930e-01  3.603372e+02  6.928363e+02  9.763625e+02  1.562431e+03 
 2.516527e-01  3.557480e+02  6.852918e+02  9.663058e+02  1.546978e+03 
 2.551606e-01  3.502362e+02  6.755319e+02  9.530811e+02  1.527018e+03 
 2.587174e-01  3.415054e+02  6.582085e+02  9.290714e+02  1.491630e+03 
 2.623238e-01  3.341414e+02  6.446491e+02  9.107950e+02  1.465212e+03 
 2.659804e-01  3.281946e+02  6.350409e+02  8.985490e+02  1.448216e+03 
 2.696881e-01  3.200256e+02  6.202660e+02  8.787233e+02  1.418558e+03 
 2.734474e-01  3.110029e+02  6.036182e+02  8.561954e+02  1.384498e+03 
 2.772591e-01  3.040916e+02  5.925062e+02  8.425397e+02  1.367384e+03 
 2.811239e-01  2.966261e+02  5.797682e+02  8.264558e+02  1.347411e+03 
 2.850426e-01  2.887013e+02  5.654239e+02  8.079619e+02  1.325090e+03 
 2.890160e-01  2.814717e+02  5.534058e+02  7.926327e+02  1.303447e+03 
 2.930447e-01  2.747495e+02  5.420352e+02  7.775306e+02  1.280073e+03 
 2.971296e-01  2.684175e+02  5.298242e+02  7.593238e+02  1.248628e+03 
 3.012714e-01  2.627598e+02  5.202126e+02  7.466841e+02  1.230036e+03 
 3.054710e-01  2.573783e+02  5.114068e+02  7.358313e+02  1.215973e+03 
 3.097291e-01  2.510626e+02  4.999009e+02  7.208028e+02  1.195677e+03 
 3.140465e-01  2.454365e+02  4.886521e+02  7.046063e+02  1.168961e+03 
 3.184242e-01  2.405450e+02  4.789639e+02  6.905965e+02  1.145677e+03 
 3.228628e-01  2.367116e+02  4.726861e+02  6.827986e+02  1.136445e+03 
 3.273634e-01  2.311454e+02  4.615428e+02  6.667722e+02  1.110707e+03 
 3.319266e-01  2.253157e+02  4.503125e+02  6.512761e+02  1.087443e+03 
 3.365535e-01  2.196975e+02  4.404003e+02  6.386020e+02  1.070736e+03 
 3.412449e-01  2.157148e+02  4.351364e+02  6.323392e+02  1.060680e+03 
 3.460016e-01  2.112445e+02  4.278931e+02  6.230086e+02  1.047494e+03 
 3.508247e-01  2.067978e+02  4.200361e+02  6.125351e+02  1.032195e+03 
 3.557150e-01  2.024729e+02  4.120943e+02  6.017973e+02  1.015803e+03 
 3.606735e-01  1.975212e+02  4.033544e+02  5.903275e+02  9.996043e+02 
 3.657011e-01  1.916860e+02  3.924260e+02  5.754185e+02  9.788543e+02 
 3.707988e-01  1.870735e+02  3.836778e+02  5.635097e+02  9.611853e+02 
 3.759675e-01  1.829396e+02  3.758469e+02  5.527894e+02  9.451576e+02 
 3.812083e-01  1.787482e+02  3.683149e+02  5.426233e+02  9.303230e+02 
 3.865221e-01  1.752488e+02  3.631822e+02  5.366265e+02  9.202319e+02 
 3.919100e-01  1.716905e+02  3.549470e+02  5.241077e+02  9.031455e+02 
 3.973730e-01  1.676061e+02  3.482066e+02  5.157000e+02  8.898107e+02 
 4.029122e-01  1.642931e+02  3.430135e+02  5.084838e+02  8.764544e+02 
 4.085286e-01  1.609294e+02  3.358539e+02  4.982280e+02  8.617186e+02 
 4.142232e-01  1.568243e+02  3.275556e+02  4.872594e+02  8.480634e+02 
 4.199973e-01  1.527783e+02  3.206035e+02  4.784203e+02  8.350444e+02 
 4.258518e-01  1.495148e+02  3.145569e+02  4.698032e+02  8.200360e+02 
 4.317880e-01  1.460964e+02  3.079039e+02  4.599761e+02  8.049184e+02 
 4.378069e-01  1.431344e+02  3.020715e+02  4.516723e+02  7.911411e+02 
 4.439097e-01  1.406804e+02  2.982766e+02  4.471216e+02  7.869622e+02 
 4.500975e-01  1.368792e+02  2.912348e+02  4.374793e+02  7.726284e+02 
 4.563716e-01  1.337037e+02  2.847390e+02  4.280315e+02  7.556494e+02 
 4.627332e-01  1.316617e+02  2.819505e+02  4.250888e+02  7.530369e+02 
 4.691835e-01  1.282994e+02  2.752856e+02  4.154670e+02  7.367351e+02 
 4.757236e-01  1.258508e+02  2.705346e+02  4.089918e+02  7.268560e+02 
 4.823549e-01  1.225232e+02  2.637630e+02  3.994583e+02  7.139812e+02 
 4.890787e-01  1.198644e+02  2.586015e+02  3.924228e+02  7.028218e+02 
 4.958962e-01  1.178315e+02  2.546538e+02  3.862855e+02  6.914706e+02 
 5.028087e-01  1.151506e+02  2.500124e+02  3.799958e+02  6.822366e+02 
 5.098176e-01  1.129929e+02  2.460577e+02  3.742360e+02  6.708328e+02 
 5.169242e-01  1.110210e+02  2.423549e+02  3.692676e+02  6.641638e+02 
 5.241298e-01  1.073942e+02  2.361744e+02  3.616373e+02  6.547497e+02 
 5.314359e-01  1.054914e+02  2.332252e+02  3.575974e+02  6.481993e+02 
 5.388438e-01  1.032736e+02  2.282513e+02  3.501509e+02  6.368326e+02 
 5.463550e-01  1.014005e+02  2.245609e+02  3.446266e+02  6.275759e+02 
 5.539709e-01  9.865348e+01  2.197298e+02  3.384305e+02  6.178073e+02 
 5.616930e-01  9.685882e+01  2.162311e+02  3.334465e+02  6.101904e+02 
 5.695227e-01  9.490709e+01  2.130322e+02  3.294540e+02  6.017715e+02 
 5.774615e-01  9.273500e+01  2.080403e+02  3.220400e+02  5.911147e+02 
 5.855110e-01  9.104489e+01  2.048871e+02  3.171604e+02  5.828341e+02 
 5.936727e-01  8.892761e+01  2.000366e+02  3.104454e+02  5.726914e+02 
 6.019482e-01  8.740018e+01  1.976828e+02  3.066113e+02  5.655940e+02 
 6.103390e-01  8.530481e+01  1.940911e+02  3.019049e+02  5.572004e+02 
 6.188468e-01  8.337019e+01  1.908692e+02  2.989590e+02  5.549366e+02 
 6.274732e-01  8.195678e+01  1.872748e+02  2.927848e+02  5.448282e+02 
 6.362198e-01  8.027443e+01  1.843253e+02  2.884024e+02  5.362839e+02 
 6.450884e-01  7.837138e+01  1.809163e+02  2.836881e+02  5.280782e+02 
 6.540806e-01  7.672947e+01  1.770156e+02  2.777805e+02  5.195069e+02 
 6.631981e-01  7.500806e+01  1.743168e+02  2.748266e+02  5.141741e+02 
 6.724427e-01  7.355985e+01  1.711875e+02  2.704502e+02  5.087683e+02 
 6.818162e-01  7.195016e+01  1.680532e+02  2.649428e+02  4.985632e+02 
 6.913204e-01  7.038772e+01  1.649122e+02  2.608810e+02  4.916032e+02 
 7.009570e-01  6.936709e+01  1.624059e+02  2.571844e+02  4.850996e+02 
 7.107280e-01  6.756024e+01  1.595664e+02  2.531908e+02  4.773521e+02 
 7.206351e-01  6.649582e+01  1.570662e+02  2.498100e+02  4.731810e+02 
 7.306804e-01  6.511896e+01  1.546034e+02  2.457620e+02  4.647131e+02 
 7.408657e-01  6.365603e+01  1.514981e+02  2.412891e+02  4.584695e+02 
 7.511929e-01  6.228178e+01  1.486735e+02  2.376167e+02  4.521113e+02 
 7.616642e-01  6.105589e+01  1.459448e+02  2.337473e+02  4.461505e+02 
 7.722814e-01  6.021443e+01  1.443717e+02  2.310053e+02  4.396025e+02 
 7.830465e-01  5.893018e+01  1.415505e+02  2.270268e+02  4.336773e+02 
 7.939618e-01  5.780470e+01  1.396207e+02  2.239724e+02  4.291442e+02 
 8.050292e-01  5.650368e+01  1.369668e+02  2.208104e+02  4.233620e+02 
 8.162509e-01  5.549223e+01  1.348883e+02  2.170095e+02  4.157998e+02 
 8.276289e-01  5.411698e+01  1.321424e+02  2.134066e+02  4.103214e+02 
 8.391656e-01  5.341035e+01  1.305283e+02  2.103567e+02  4.056486e+02 
 8.508632e-01  5.241238e+01  1.282148e+02  2.073502e+02  3.999956e+02 
 8.627237e-01  5.122945e+01  1.261010e+02  2.041474e+02  3.935301e+02 
 8.747496e-01  5.026808e+01  1.239073e+02  2.010146e+02  3.881951e+02 
 8.869432e-01  4.936725e+01  1.220561e+02  1.981782e+02  3.830540e+02 
 8.993067e-01  4.834929e+01  1.200490e+02  1.951030e+02  3.774159e+02 
 9.118425e-01  4.756870e+01  1.179503e+02  1.917453e+02  3.706343e+02 
 9.245531e-01  4.651020e+01  1.159135e+02  1.886562e+02  3.663540e+02 
 9.374409e-01  4.560185e+01  1.140770e+02  1.861422e+02  3.613501e+02 
 9.505083e-01  4.482001e+01  1.122330e+02  1.833587e+02  3.560969e+02 
 9.637579e-01  4.384649e+01  1.100246e+02  1.800596e+02  3.508434e+02 
 9.771921e-01  4.324611e+01  1.093080e+02  1.782678e+02  3.460291e+02 
 9.908137e-01  4.239234e+01  1.072244e+02  1.753445e+02  3.414470e+02 
 1.004625e+00  4.155837e+01  1.052032e+02  1.722455e+02  3.355388e+02 
 1.018629e+00  4.084194e+01  1.036949e+02  1.697796e+02  3.305833e+02 
 1.032828e+00  4.003935e+01  1.020044e+02  1.674782e+02  3.269988e+02 
 1.047225e+00  3.924146e+01  1.004820e+02  1.647533e+02  3.212497e+02 
 1.061823e+00  3.860848e+01  9.907484e+01  1.624288e+02  3.164930e+02 
 1.076624e+00  3.786734e+01  9.744016e+01  1.599281e+02  3.116474e+02 
 1.091632e+00  3.720391e+01  9.583398e+01  1.575885e+02  3.068173e+02 
 1.106848e+00  3.647082e+01  9.413773e+01  1.550922e+02  3.024858e+02 
 1.122277e+00  3.580398e+01  9.277087e+01  1.525242e+02  2.974152e+02 
 1.137921e+00  3.513362e+01  9.114453e+01  1.501377e+02  2.928831e+02 
 1.153783e+00  3.454879e+01  8.969443e+01  1.478103e+02  2.886153e+02 
 1.169866e+00  3.391660e+01  8.831759e+01  1.455130e+02  2.844289e+02 
 1.186174e+00  3.327749e+01  8.699117e+01  1.433116e+02  2.797852e+02 
 1.202708e+00  3.271781e+01  8.559142e+01  1.411191e+02  2.754098e+02 
 1.219473e+00  3.214912e+01  8.428920e+01  1.390468e+02  2.707751e+02 
 1.236472e+00  3.155896e+01  8.297519e+01  1.369846e+02  2.667472e+02 
 1.253708e+00  3.101963e+01  8.160606e+01  1.346630e+02  2.626943e+02 
 1.271184e+00  3.048093e+01  8.061452e+01  1.329559e+02  2.584328e+02 
 1.288904e+00  2.993802e+01  7.903493e+01  1.305594e+02  2.546123e+02 
 1.306870e+00  2.937702e+01  7.777238e+01  1.284822e+02  2.502447e+02 
 1.325087e+00  2.890952e+01  7.659251e+01  1.265035e+02  2.459203e+02 
 1.343558e+00  2.840287e+01  7.534355e+01  1.244586e+02  2.418603e+02 
 1.362287e+00  2.793880e+01  7.409430e+01  1.223019e+02  2.378153e+02 
 1.381276e+00  2.744008e+01  7.292853e+01  1.201483e+02  2.338111e+02 
 1.400531e+00  2.697848e+01  7.176387e+01  1.182834e+02  2.295742e+02 
 1.420053e+00  2.648780e+01  7.052499e+01  1.164016e+02  2.256017e+02 
 1.439848e+00  2.604485e+01  6.945943e+01  1.143680e+02  2.218106e+02 
 1.459919e+00  2.556330e+01  6.829759e+01  1.124652e+02  2.177253e+02 
 1.480269e+00  2.518242e+01  6.708334e+01  1.104723e+02  2.135696e+02 
 1.500903e+00  2.474059e+01  6.602480e+01  1.085753e+02  2.102081e+02 
 1.521825e+00  2.430973e+01  6.502836e+01  1.068619e+02  2.063324e+02 
 1.543038e+00  2.388277e+01  6.393793e+01  1.051316e+02  2.028591e+02 
 1.564548e+00  2.351311e+01  6.288699e+01  1.032978e+02  1.990492e+02 
 1.586357e+00  2.311887e+01  6.191510e+01  1.015609e+02  1.953791e+02 
 1.608469e+00  2.270620e+01  6.090585e+01  9.982612e+01  1.920130e+02 
 1.630891e+00  2.239023e+01  5.978879e+01  9.791004e+01  1.881436e+02 
 1.653624e+00  2.197921e+01  5.877877e+01  9.630101e+01  1.849326e+02 
 1.676675e+00  2.160773e+01  5.789361e+01  9.466844e+01  1.812789e+02 
 1.700047e+00  2.123582e+01  5.691326e+01  9.296219e+01  1.778938e+02 
 1.723745e+00  2.089272e+01  5.591346e+01  9.127610e+01  1.742438e+02 
 1.747773e+00  2.051809e+01  5.492679e+01  8.958761e+01  1.708681e+02 
 1.772136e+00  2.017755e+01  5.398697e+01  8.792457e+01  1.676836e+02 
 1.796838e+00  1.984844e+01  5.304258e+01  8.633017e+01  1.643302e+02 
 1.821885e+00  1.953650e+01  5.211039e+01  8.469436e+01  1.611317e+02 
 1.847281e+00  1.920402e+01  5.128269e+01  8.321495e+01  1.579373e+02 
 1.873032e+00  1.888714e+01  5.033618e+01  8.153009e+01  1.548411e+02 
 1.899141e+00  1.856376e+01  4.941188e+01  8.004263e+01  1.517412e+02 
 1.925614e+00  1.826915e+01  4.856781e+01  7.856004e+01  1.485955e+02 
 1.952456e+00  1.801447e+01  4.775557e+01  7.709980e+01  1.455518e+02 
 1.979672e+00  1.767668e+01  4.693822e+01  7.564931e+01  1.426199e+02 
 2.007267e+00  1.740845e+01  4.608033e+01  7.409842e+01  1.397658e+02 
 2.035248e+00  1.709644e+01  4.521384e+01  7.263937e+01  1.367694e+02 
 2.063618e+00  1.681172e+01  4.436901e+01  7.122552e+01  1.338566e+02 
 2.092383e+00  1.653801e+01  4.355679e+01  6.978451e+01  1.310379e+02 
 2.121550e+00  1.625116e+01  4.272800e+01  6.838847e+01  1.281986e+02 
 2.151123e+00  1.598462e+01  4.193796e+01  6.697883e+01  1.253845e+02 
 2.181109e+00  1.571198e+01  4.112575e+01  6.563600e+01  1.227321e+02 
 2.211512e+00  1.544977e+01  4.032184e+01  6.424641e+01  1.199312e+02 
 2.242340e+00  1.519251e+01  3.958366e+01  6.294725e+01  1.173404e+02 
 2.273597e+00  1.492034e+01  3.881726e+01  6.158611e+01  1.147376e+02 
 2.305289e+00  1.468711e+01  3.806212e+01  6.033105e+01  1.122213e+02 
 2.337424e+00  1.443872e+01  3.730988e+01  5.904140e+01  1.097510e+02 
 2.370006e+00  1.419049e+01  3.658331e+01  5.782392e+01  1.073653e+02 
 2.403043e+00  1.393927e+01  3.587144e+01  5.657008e+01  1.049224e+02 
 2.436540e+00  1.371350e+01  3.517951e+01  5.538011e+01  1.025573e+02 
 2.470504e+00  1.348065e+01  3.448968e+01  5.417763e+01  1.002246e+02 
 2.504942e+00  1.325148e+01  3.381619e+01  5.303058e+01  9.796972e+01 
 2.539859e+00  1.303305e+01  3.312343e+01  5.185796e+01  9.569171e+01 
 2.575263e+00  1.279705e+01  3.243742e+01  5.075744e+01  9.352804e+01 
 2.611161e+00  1.258243e+01  3.177423e+01  4.959719e+01  9.136028e+01 
 2.647559e+00  1.236305e+01  3.111188e+01  4.847248e+01  8.918637e+01 
 2.684465e+00  1.214753e+01  3.048380e+01  4.738230e+01  8.708779e+01 
 2.721885e+00  1.192432e+01  2.981676e+01  4.631782e+01  8.503075e+01 
 2.759826e+00  1.171520e+01  2.917463e+01  4.525077e+01  8.301884e+01 
 2.798297e+00  1.150520e+01  2.856743e+01  4.422399e+01  8.109002e+01 
 2.837304e+00  1.130169e+01  2.795313e+01  4.321220e+01  7.915122e+01 
 2.876854e+00  1.109824e+01  2.734753e+01  4.221411e+01  7.727476e+01 
 2.916956e+00  1.090127e+01  2.676626e+01  4.124275e+01  7.540499e+01 
 2.957617e+00  1.070954e+01  2.619714e+01  4.030635e+01  7.361652e+01 
 2.998844e+00  1.051628e+01  2.563511e+01  3.937032e+01  7.184905e+01 
 3.040646e+00  1.032713e+01  2.507463e+01  3.845381e+01  7.017386e+01 
 3.083031e+00  1.014105e+01  2.452289e+01  3.756053e+01  6.849085e+01 
 3.126007e+00  9.960438e+00  2.399325e+01  3.668327e+01  6.683005e+01 
 3.169582e+00  9.775561e+00  2.344865e+01  3.580417e+01  6.521559e+01 
 3.213764e+00  9.594353e+00  2.292583e+01  3.495361e+01  6.363021e+01 
 3.258562e+00  9.411631e+00  2.241612e+01  3.411664e+01  6.207146e+01 
 3.303985e+00  9.233719e+00  2.189648e+01  3.329618e+01  6.054797e+01 
 3.350041e+00  9.059794e+00  2.138879e+01  3.247976e+01  5.904741e+01 
 3.396739e+00  8.883148e+00  2.089714e+01  3.169958e+01  5.757528e+01 
 3.444087e+00  8.714610e+00  2.040727e+01  3.091254e+01  5.614154e+01 
 3.492096e+00  8.547403e+00  1.993777e+01  3.016614e+01  5.476544e+01 
 3.540774e+00  8.378052e+00  1.947795e+01  2.943443e+01  5.340852e+01 
 3.590130e+00  8.217047e+00  1.901923e+01  2.870713e+01  5.209426e+01 
 3.640175e+00  8.059656e+00  1.857619e+01  2.801454e+01  5.080162e+01 
 3.690917e+00  7.899646e+00  1.814938e+01  2.731971e+01  4.954379e+01 
 3.742366e+00  7.744650e+00  1.771537e+01  2.665477e+01  4.833510e+01 
 3.794533e+00  7.594592e+00  1.730554e+01  2.600464e+01  4.713659e+01 
 3.847427e+00  7.444085e+00  1.689314e+01  2.536512e+01  4.598138e+01 
 3.901058e+00  7.292644e+00  1.649521e+01  2.474330e+01  4.483337e+01 
 3.955436e+00  7.149529e+00  1.610032e+01  2.411912e+01  4.370706e+01 
 4.010573e+00  7.000998e+00  1.571065e+01  2.352286e+01  4.262001e+01 
 4.066478e+00  6.856544e+00  1.532613e+01  2.292745e+01  4.153810e+01 
 4.123163e+00  6.713106e+00  1.495516e+01  2.234780e+01  4.048340e+01 
 4.180637e+00  6.573942e+00  1.459023e+01  2.178366e+01  3.945038e+01 
 4.238913e+00  6.435340e+00  1.422785e+01  2.122820e+01  3.845346e+01 
 4.298001e+00  6.296607e+00  1.387708e+01  2.069062e+01  3.747109e+01 
 4.357913e+00  6.166520e+00  1.353387e+01  2.016776e+01  3.652678e+01 
 4.418660e+00  6.034337e+00  1.320272e+01  1.965367e+01  3.560568e+01 
 4.480254e+00  5.904582e+00  1.287540e+01  1.915552e+01  3.470294e+01 
 4.542706e+00  5.779602e+00  1.255556e+01  1.866815e+01  3.382223e+01 
 4.606029e+00  5.655477e+00  1.224873e+01  1.819761e+01  3.297538e+01 
 4.670234e+00  5.533507e+00  1.194663e+01  1.774207e+01  3.214880e+01 
 4.735335e+00  5.414574e+00  1.165270e+01  1.729291e+01  3.133696e+01 
 4.801343e+00  5.299111e+00  1.136642e+01  1.685707e+01  3.054169e+01 
 4.868271e+00  5.183171e+00  1.108299e+01  1.642759e+01  2.976741e+01 
 4.936132e+00  5.068892e+00  1.080465e+01  1.600769e+01  2.900760e+01 
 5.004939e+00  4.955748e+00  1.053316e+01  1.559610e+01  2.826341e+01 
 5.074705e+00  4.843802e+00  1.026588e+01  1.519233e+01  2.753599e+01 
 5.145444e+00  4.735002e+00  1.000518e+01  1.479849e+01  2.682591e+01 
 5.217169e+00  4.626681e+00  9.748631e+00  1.441240e+01  2.612464e+01 
 5.289893e+00  4.522473e+00  9.500466e+00  1.404128e+01  2.545101e+01 
 5.363631e+00  4.417941e+00  9.257857e+00  1.367229e+01  2.479024e+01 
 5.438397e+00  4.317289e+00  9.020730e+00  1.331885e+01  2.414501e+01 
 5.514206e+00  4.218075e+00  8.790674e+00  1.297373e+01  2.352116e+01 
 5.591071e+00  4.120435e+00  8.567599e+00  1.263743e+01  2.291417e+01 
 5.669007e+00  4.026912e+00  8.349213e+00  1.231199e+01  2.232460e+01 
 5.748030e+00  3.934415e+00  8.138018e+00  1.199381e+01  2.174778e+01 
 5.828155e+00  3.844040e+00  7.932046e+00  1.168578e+01  2.118801e+01 
 5.909396e+00  3.755634e+00  7.730890e+00  1.138549e+01  2.064512e+01 
 5.991770e+00  3.668708e+00  7.534210e+00  1.109120e+01  2.011343e+01 
 6.075292e+00  3.583716e+00  7.342991e+00  1.080501e+01  1.959185e+01 
 6.159978e+00  3.499633e+00  7.154689e+00  1.052447e+01  1.908265e+01 
 6.245845e+00  3.417117e+00  6.970578e+00  1.024982e+01  1.858287e+01 
 6.332908e+00  3.335728e+00  6.789487e+00  9.980065e+00  1.809286e+01 
 6.421186e+00  3.256452e+00  6.613501e+00  9.716801e+00  1.761493e+01 
 6.510694e+00  3.178204e+00  6.441375e+00  9.460950e+00  1.714943e+01 
 6.601449e+00  3.102318e+00  6.274107e+00  9.211534e+00  1.669583e+01 
 6.693470e+00  3.027519e+00  6.110398e+00  8.967730e+00  1.625341e+01 
 6.786773e+00  2.954813e+00  5.951972e+00  8.731289e+00  1.582422e+01 
 6.881377e+00  2.884295e+00  5.797857e+00  8.501791e+00  1.540524e+01 
 6.977300e+00  2.815332e+00  5.648255e+00  8.279881e+00  1.499945e+01 
 7.074559e+00  2.748458e+00  5.502666e+00  8.062724e+00  1.460465e+01 
 7.173175e+00  2.682857e+00  5.361611e+00  7.852650e+00  1.422206e+01 
 7.273165e+00  2.619321e+00  5.224541e+00  7.649188e+00  1.384972e+01 
 7.374549e+00  2.557066e+00  5.090619e+00  7.449853e+00  1.348815e+01 
 7.477346e+00  2.496121e+00  4.960757e+00  7.257139e+00  1.313469e+01 
 7.581576e+00  2.436807e+00  4.832937e+00  7.067545e+00  1.278959e+01 
 7.687260e+00  2.378285e+00  4.708440e+00  6.882377e+00  1.245246e+01 
 7.794416e+00  2.320969e+00  4.586506e+00  6.700490e+00  1.212165e+01 
 7.903066e+00  2.264840e+00  4.466827e+00  6.522821e+00  1.179763e+01 
 8.013230e+00  2.209859e+00  4.350740e+00  6.350830e+00  1.148269e+01 
 8.124930e+00  2.156064e+00  4.237253e+00  6.182313e+00  1.117478e+01 
 8.238187e+00  2.103810e+00  4.126523e+00  6.017906e+00  1.087535e+01 
 8.353023e+00  2.052688e+00  4.019068e+00  5.858505e+00  1.058377e+01 
 8.469460e+00  2.003114e+00  3.914770e+00  5.703693e+00  1.030084e+01 
 8.587519e+00  1.954894e+00  3.813287e+00  5.553156e+00  1.002586e+01 
 8.707225e+00  1.908000e+00  3.714647e+00  5.407232e+00  9.759174e+00 
 8.828599e+00  1.862474e+00  3.619467e+00  5.265710e+00  9.499817e+00 
 8.951665e+00  1.818028e+00  3.526944e+00  5.128216e+00  9.248772e+00 
 9.076446e+00  1.775021e+00  3.437016e+00  4.995125e+00  9.005054e+00 
 9.202967e+00  1.733155e+00  3.349581e+00  4.865696e+00  8.767652e+00 
 9.331251e+00  1.692238e+00  3.264274e+00  4.739200e+00  8.536516e+00 
 9.461324e+00  0.000000e+00  0.000000e+00  0.000000e+00  0.000000e+00 
 9.593209e+00  0.000000e+00  0.000000e+00  0.000000e+00  0.000000e+00 
 9.726934e+00  0.000000e+00  0.000000e+00  0.000000e+00  0.000000e+00 
 9.862522e+00  0.000000e+00  0.000000e+00  0.000000e+00  0.000000e+00 
 1.000000e+01  0.000000e+00  0.000000e+00  0.000000e+00  0.000000e+00 
