 1.000000e-02  5.193490e+03  9.481205e+03  1.284616e+04  1.922899e+04 
 1.013939e-02  5.224454e+03  9.537570e+03  1.292240e+04  1.934273e+04 
 1.028073e-02  5.255036e+03  9.593228e+03  1.299767e+04  1.945502e+04 
 1.042404e-02  5.285222e+03  9.648160e+03  1.307190e+04  1.956573e+04 
 1.056935e-02  5.314988e+03  9.702330e+03  1.314507e+04  1.967483e+04 
 1.071668e-02  5.344315e+03  9.755700e+03  1.321723e+04  1.978234e+04 
 1.086606e-02  5.373189e+03  9.808236e+03  1.328831e+04  1.988813e+04 
 1.101753e-02  5.401602e+03  9.859923e+03  1.335822e+04  1.999214e+04 
 1.117111e-02  5.429538e+03  9.910730e+03  1.342688e+04  2.009431e+04 
 1.132683e-02  5.456968e+03  9.960608e+03  1.349426e+04  2.019457e+04 
 1.148472e-02  5.483876e+03  1.000953e+04  1.356029e+04  2.029291e+04 
 1.164481e-02  5.510240e+03  1.005743e+04  1.362497e+04  2.038922e+04 
 1.180713e-02  5.536036e+03  1.010431e+04  1.368823e+04  2.048335e+04 
 1.197171e-02  5.561266e+03  1.015015e+04  1.375003e+04  2.057532e+04 
 1.213859e-02  5.585900e+03  1.019489e+04  1.381038e+04  2.066506e+04 
 1.230780e-02  5.609887e+03  1.023845e+04  1.386926e+04  2.075233e+04 
 1.247936e-02  5.633227e+03  1.028082e+04  1.392658e+04  2.083722e+04 
 1.265332e-02  5.655932e+03  1.032202e+04  1.398216e+04  2.091981e+04 
 1.282970e-02  5.677974e+03  1.036199e+04  1.403595e+04  2.099994e+04 
 1.300854e-02  5.699308e+03  1.040067e+04  1.408799e+04  2.107737e+04 
 1.318987e-02  5.719908e+03  1.043801e+04  1.413827e+04  2.115194e+04 
 1.337373e-02  5.739763e+03  1.047399e+04  1.418676e+04  2.122369e+04 
 1.356015e-02  5.758865e+03  1.050858e+04  1.423342e+04  2.129264e+04 
 1.374917e-02  5.777194e+03  1.054175e+04  1.427817e+04  2.135873e+04 
 1.394083e-02  5.794717e+03  1.057344e+04  1.432087e+04  2.142175e+04 
 1.413516e-02  5.811410e+03  1.060361e+04  1.436145e+04  2.148164e+04 
 1.433219e-02  5.827269e+03  1.063224e+04  1.439993e+04  2.153845e+04 
 1.453198e-02  5.842257e+03  1.065929e+04  1.443624e+04  2.159200e+04 
 1.473454e-02  5.856354e+03  1.068470e+04  1.447035e+04  2.164219e+04 
 1.493993e-02  5.869561e+03  1.070848e+04  1.450228e+04  2.168902e+04 
 1.514819e-02  5.881981e+03  1.073085e+04  1.453229e+04  2.173286e+04 
 1.535935e-02  5.893497e+03  1.075156e+04  1.456005e+04  2.177337e+04 
 1.557345e-02  5.904045e+03  1.077049e+04  1.458534e+04  2.181042e+04 
 1.579053e-02  5.913621e+03  1.078762e+04  1.460817e+04  2.184388e+04 
 1.601064e-02  5.922194e+03  1.080293e+04  1.462856e+04  2.187348e+04 
 1.623382e-02  5.929758e+03  1.081639e+04  1.464647e+04  2.189920e+04 
 1.646012e-02  5.936283e+03  1.082796e+04  1.466178e+04  2.192099e+04 
 1.668956e-02  5.941739e+03  1.083756e+04  1.467446e+04  2.193893e+04 
 1.692220e-02  5.946117e+03  1.084522e+04  1.468447e+04  2.195294e+04 
 1.715809e-02  5.949390e+03  1.085083e+04  1.469171e+04  2.196274e+04 
 1.739726e-02  5.951546e+03  1.085441e+04  1.469618e+04  2.196830e+04 
 1.763977e-02  5.952594e+03  1.085596e+04  1.469789e+04  2.196980e+04 
 1.788566e-02  5.952507e+03  1.085542e+04  1.469679e+04  2.196707e+04 
 1.813498e-02  5.951256e+03  1.085275e+04  1.469278e+04  2.195997e+04 
 1.838777e-02  5.948824e+03  1.084792e+04  1.468586e+04  2.194851e+04 
 1.864409e-02  5.945192e+03  1.084091e+04  1.467597e+04  2.193258e+04 
 1.890397e-02  5.940358e+03  1.083170e+04  1.466308e+04  2.191210e+04 
 1.916748e-02  5.934309e+03  1.082026e+04  1.464717e+04  2.188706e+04 
 1.943467e-02  5.927021e+03  1.080655e+04  1.462819e+04  2.185743e+04 
 1.970558e-02  5.918509e+03  1.079060e+04  1.460617e+04  2.182330e+04 
 1.998026e-02  5.908754e+03  1.077238e+04  1.458108e+04  2.178459e+04 
 2.025878e-02  5.897719e+03  1.075182e+04  1.455281e+04  2.174109e+04 
 2.054117e-02  5.885414e+03  1.072896e+04  1.452139e+04  2.169286e+04 
 2.082751e-02  5.871860e+03  1.070381e+04  1.448687e+04  2.163987e+04 
 2.111783e-02  5.857041e+03  1.067635e+04  1.444921e+04  2.158208e+04 
 2.141220e-02  5.841020e+03  1.064664e+04  1.440850e+04  2.151961e+04 
 2.171068e-02  5.824244e+03  1.061529e+04  1.436532e+04  2.145278e+04 
 2.201331e-02  5.806186e+03  1.058160e+04  1.431895e+04  2.138128e+04 
 2.232016e-02  5.786857e+03  1.054559e+04  1.426942e+04  2.130515e+04 
 2.263130e-02  5.766265e+03  1.050728e+04  1.421674e+04  2.122437e+04 
 2.294676e-02  5.744401e+03  1.046664e+04  1.416090e+04  2.113878e+04 
 2.326663e-02  5.721264e+03  1.042368e+04  1.410192e+04  2.104828e+04 
 2.359095e-02  5.696867e+03  1.037839e+04  1.403983e+04  2.095303e+04 
 2.391980e-02  5.671228e+03  1.033085e+04  1.397464e+04  2.085323e+04 
 2.425323e-02  5.644353e+03  1.028104e+04  1.390638e+04  2.074891e+04 
 2.459130e-02  5.616252e+03  1.022899e+04  1.383511e+04  2.064007e+04 
 2.493409e-02  5.586939e+03  1.017473e+04  1.376085e+04  2.052673e+04 
 2.528166e-02  5.556425e+03  1.011829e+04  1.368363e+04  2.040893e+04 
 2.563407e-02  5.524733e+03  1.005971e+04  1.360350e+04  2.028680e+04 
 2.599140e-02  5.491886e+03  9.999041e+03  1.352053e+04  2.016040e+04 
 2.635371e-02  5.457920e+03  9.936311e+03  1.343477e+04  2.002983e+04 
 2.672106e-02  5.422859e+03  9.871568e+03  1.334629e+04  1.989520e+04 
 2.709354e-02  5.386721e+03  9.804870e+03  1.325515e+04  1.975661e+04 
 2.747121e-02  5.349532e+03  9.736260e+03  1.316142e+04  1.961414e+04 
 2.785414e-02  5.311267e+03  9.665706e+03  1.306508e+04  1.946780e+04 
 2.824241e-02  5.271682e+03  9.592839e+03  1.296573e+04  1.931719e+04 
 2.863610e-02  5.231162e+03  9.518264e+03  1.286408e+04  1.916313e+04 
 2.903527e-02  5.189735e+03  9.442045e+03  1.276019e+04  1.900576e+04 
 2.944000e-02  5.147436e+03  9.364252e+03  1.265415e+04  1.884521e+04 
 2.985038e-02  5.104317e+03  9.284974e+03  1.254610e+04  1.868166e+04 
 3.026648e-02  5.060440e+03  9.204311e+03  1.243620e+04  1.851530e+04 
 3.068838e-02  5.015850e+03  9.122343e+03  1.232455e+04  1.834631e+04 
 3.111616e-02  4.970586e+03  9.039148e+03  1.221124e+04  1.817488e+04 
 3.154990e-02  4.924698e+03  8.954820e+03  1.209639e+04  1.800116e+04 
 3.198969e-02  4.878236e+03  8.869458e+03  1.198013e+04  1.782539e+04 
 3.243561e-02  4.831265e+03  8.783164e+03  1.186262e+04  1.764775e+04 
 3.288774e-02  4.783849e+03  8.696043e+03  1.174399e+04  1.746846e+04 
 3.334618e-02  4.736041e+03  8.608215e+03  1.162443e+04  1.728776e+04 
 3.381101e-02  4.687899e+03  8.519781e+03  1.150405e+04  1.710586e+04 
 3.428231e-02  4.639476e+03  8.430844e+03  1.138299e+04  1.692296e+04 
 3.476019e-02  4.590731e+03  8.341647e+03  1.126191e+04  1.674110e+04 
 3.524473e-02  4.541822e+03  8.252170e+03  1.114046e+04  1.655874e+04 
 3.573602e-02  4.492822e+03  8.162517e+03  1.101878e+04  1.637605e+04 
 3.623416e-02  4.443792e+03  8.072806e+03  1.089703e+04  1.619325e+04 
 3.673925e-02  4.394797e+03  7.983156e+03  1.077539e+04  1.601060e+04 
 3.725137e-02  4.345898e+03  7.893690e+03  1.065398e+04  1.582831e+04 
 3.777064e-02  4.297158e+03  7.804520e+03  1.053296e+04  1.564660e+04 
 3.829714e-02  4.248646e+03  7.715759e+03  1.041249e+04  1.546575e+04 
 3.883098e-02  4.200413e+03  7.627506e+03  1.029271e+04  1.528593e+04 
 3.937226e-02  4.152514e+03  7.539869e+03  1.017376e+04  1.510737e+04 
 3.992109e-02  4.105008e+03  7.452946e+03  1.005578e+04  1.493025e+04 
 4.047757e-02  4.057932e+03  7.366781e+03  9.938778e+03  1.475453e+04 
 4.104181e-02  4.011091e+03  7.280407e+03  9.820808e+03  1.457541e+04 
 4.161391e-02  3.964808e+03  7.195057e+03  9.704215e+03  1.439837e+04 
 4.219398e-02  3.919133e+03  7.110818e+03  9.589139e+03  1.422363e+04 
 4.278214e-02  3.874111e+03  7.027769e+03  9.475677e+03  1.405132e+04 
 4.337850e-02  3.829784e+03  6.945990e+03  9.363943e+03  1.388163e+04 
 4.398317e-02  3.786189e+03  6.865543e+03  9.254028e+03  1.371471e+04 
 4.459628e-02  3.743357e+03  6.786489e+03  9.146004e+03  1.355065e+04 
 4.521792e-02  3.701321e+03  6.708888e+03  9.039945e+03  1.338953e+04 
 4.584824e-02  3.660101e+03  6.632778e+03  8.935912e+03  1.323145e+04 
 4.648734e-02  3.619719e+03  6.558191e+03  8.833959e+03  1.307651e+04 
 4.713535e-02  3.580399e+03  6.486378e+03  8.736641e+03  1.293090e+04 
 4.779239e-02  3.542065e+03  6.416864e+03  8.642955e+03  1.279216e+04 
 4.845859e-02  3.504590e+03  6.348912e+03  8.551364e+03  1.265658e+04 
 4.913407e-02  3.467972e+03  6.282514e+03  8.461868e+03  1.252411e+04 
 4.981898e-02  3.432209e+03  6.217655e+03  8.374463e+03  1.239474e+04 
 5.051342e-02  3.397281e+03  6.154305e+03  8.289105e+03  1.226842e+04 
 5.121755e-02  3.363157e+03  6.092425e+03  8.205720e+03  1.214506e+04 
 5.193150e-02  3.329806e+03  6.031959e+03  8.124235e+03  1.202455e+04 
 5.265540e-02  3.297194e+03  5.972833e+03  8.044559e+03  1.190674e+04 
 5.338938e-02  3.265019e+03  5.913977e+03  7.964725e+03  1.178731e+04 
 5.413360e-02  3.233193e+03  5.855131e+03  7.884287e+03  1.166533e+04 
 5.488820e-02  3.201986e+03  5.797424e+03  7.805393e+03  1.154570e+04 
 5.565331e-02  3.171296e+03  5.740675e+03  7.727794e+03  1.142806e+04 
 5.642908e-02  3.140973e+03  5.684597e+03  7.651123e+03  1.131182e+04 
 5.721568e-02  3.110958e+03  5.629077e+03  7.575228e+03  1.119673e+04 
 5.801323e-02  3.081479e+03  5.574530e+03  7.500655e+03  1.108364e+04 
 5.882190e-02  3.052770e+03  5.521380e+03  7.427975e+03  1.097343e+04 
 5.964185e-02  3.024734e+03  5.469838e+03  7.357858e+03  1.086818e+04 
 6.047322e-02  2.997106e+03  5.420111e+03  7.291291e+03  1.077125e+04 
 6.131619e-02  2.968867e+03  5.369294e+03  7.223257e+03  1.067216e+04 
 6.217090e-02  2.940122e+03  5.317556e+03  7.153992e+03  1.057127e+04 
 6.303753e-02  2.911026e+03  5.265168e+03  7.083869e+03  1.046914e+04 
 6.391624e-02  2.881675e+03  5.212296e+03  7.013121e+03  1.036611e+04 
 6.480720e-02  2.851943e+03  5.158720e+03  6.941445e+03  1.026174e+04 
 6.571058e-02  2.821645e+03  5.104128e+03  6.868405e+03  1.015537e+04 
 6.662655e-02  2.789330e+03  5.043825e+03  6.785458e+03  1.002819e+04 
 6.755528e-02  2.756184e+03  4.981989e+03  6.700390e+03  9.897766e+03 
 6.849697e-02  2.722200e+03  4.918650e+03  6.613330e+03  9.764487e+03 
 6.945178e-02  2.687326e+03  4.853712e+03  6.524151e+03  9.628167e+03 
 7.041990e-02  2.651508e+03  4.787086e+03  6.432741e+03  9.488638e+03 
 7.140151e-02  2.614692e+03  4.718677e+03  6.338984e+03  9.345748e+03 
 7.239681e-02  2.577093e+03  4.649166e+03  6.244134e+03  9.202538e+03 
 7.340598e-02  2.538757e+03  4.578683e+03  6.148424e+03  9.059585e+03 
 7.442922e-02  2.499369e+03  4.506320e+03  6.050212e+03  8.913030e+03 
 7.546673e-02  2.458947e+03  4.432115e+03  5.949545e+03  8.762943e+03 
 7.651869e-02  2.417530e+03  4.356142e+03  5.846536e+03  8.609481e+03 
 7.758532e-02  2.375169e+03  4.278488e+03  5.741322e+03  8.452836e+03 
 7.866682e-02  2.332891e+03  4.202300e+03  5.639377e+03  8.304196e+03 
 7.976339e-02  2.291371e+03  4.129591e+03  5.544163e+03  8.170580e+03 
 8.087525e-02  2.249121e+03  4.055522e+03  5.447070e+03  8.034061e+03 
 8.200261e-02  2.206268e+03  3.980318e+03  5.348397e+03  7.895075e+03 
 8.314568e-02  2.162951e+03  3.904220e+03  5.248479e+03  7.754116e+03 
 8.430468e-02  2.119321e+03  3.827498e+03  5.147680e+03  7.611707e+03 
 8.547985e-02  2.074542e+03  3.747217e+03  5.040694e+03  7.456840e+03 
 8.667139e-02  2.029347e+03  3.665508e+03  4.931130e+03  7.296604e+03 
 8.787954e-02  1.984410e+03  3.584272e+03  4.822202e+03  7.137277e+03 
 8.910453e-02  1.939925e+03  3.503855e+03  4.714365e+03  6.979532e+03 
 9.034660e-02  1.896066e+03  3.424584e+03  4.608058e+03  6.824030e+03 
 9.160598e-02  1.853765e+03  3.349146e+03  4.507817e+03  6.679509e+03 
 9.288292e-02  1.813107e+03  3.277583e+03  4.413596e+03  6.545632e+03 
 9.417766e-02  1.773557e+03  3.207981e+03  4.321956e+03  6.415364e+03 
 9.549045e-02  1.735265e+03  3.140606e+03  4.233267e+03  6.289283e+03 
 9.682153e-02  1.698374e+03  3.075710e+03  4.147870e+03  6.167960e+03 
 9.817117e-02  1.663301e+03  3.014503e+03  4.067828e+03  6.055515e+03 
 9.953962e-02  1.629953e+03  2.956532e+03  3.992235e+03  5.949884e+03 
 1.009272e-01  1.598284e+03  2.901558e+03  3.920608e+03  5.849945e+03 
 1.023340e-01  1.568337e+03  2.849676e+03  3.853094e+03  5.755945e+03 
 1.037605e-01  1.539388e+03  2.798698e+03  3.785956e+03  5.660604e+03 
 1.052069e-01  1.509415e+03  2.742536e+03  3.708824e+03  5.543699e+03 
 1.066734e-01  1.481200e+03  2.689615e+03  3.636107e+03  5.433417e+03 
 1.081604e-01  1.454657e+03  2.639799e+03  3.567635e+03  5.329449e+03 
 1.096681e-01  1.429687e+03  2.592888e+03  3.503124e+03  5.231410e+03 
 1.111968e-01  1.406631e+03  2.549985e+03  3.444306e+03  5.141865e+03 
 1.127468e-01  1.384847e+03  2.509447e+03  3.388694e+03  5.057126e+03 
 1.143184e-01  1.364112e+03  2.470855e+03  3.335711e+03  4.976293e+03 
 1.159120e-01  1.344237e+03  2.433844e+03  3.284894e+03  4.898720e+03 
 1.175277e-01  1.326151e+03  2.401315e+03  3.241231e+03  4.834043e+03 
 1.191660e-01  1.308527e+03  2.369742e+03  3.198948e+03  4.771585e+03 
 1.208271e-01  1.291037e+03  2.338422e+03  3.157002e+03  4.709625e+03 
 1.225114e-01  1.273433e+03  2.306876e+03  3.114754e+03  4.647369e+03 
 1.242191e-01  1.255180e+03  2.274058e+03  3.070941e+03  4.583869e+03 
 1.259506e-01  1.236385e+03  2.240268e+03  3.025822e+03  4.518376e+03 
 1.277063e-01  1.216897e+03  2.205220e+03  2.978982e+03  4.450322e+03 
 1.294865e-01  1.196889e+03  2.169385e+03  2.931038e+03  4.380096e+03 
 1.312915e-01  1.176299e+03  2.132662e+03  2.881865e+03  4.307410e+03 
 1.331216e-01  1.154680e+03  2.094051e+03  2.830157e+03  4.230918e+03 
 1.349772e-01  1.132032e+03  2.053603e+03  2.776007e+03  4.150924e+03 
 1.368587e-01  1.109657e+03  2.015844e+03  2.727960e+03  4.087297e+03 
 1.387665e-01  1.086325e+03  1.976248e+03  2.677364e+03  4.019648e+03 
 1.407008e-01  1.062154e+03  1.935042e+03  2.624462e+03  3.948301e+03 
 1.426621e-01  1.038132e+03  1.894151e+03  2.571499e+03  3.874441e+03 
 1.446507e-01  1.013920e+03  1.852823e+03  2.517785e+03  3.798519e+03 
 1.466671e-01  9.894698e+02  1.810944e+03  2.463224e+03  3.721131e+03 
 1.487115e-01  9.627227e+02  1.762733e+03  2.398650e+03  3.626681e+03 
 1.507845e-01  9.348049e+02  1.710970e+03  2.328330e+03  3.522239e+03 
 1.528864e-01  9.076245e+02  1.660608e+03  2.259861e+03  3.420473e+03 
 1.550175e-01  8.835885e+02  1.618200e+03  2.203880e+03  3.340530e+03 
 1.571784e-01  8.621786e+02  1.582056e+03  2.157538e+03  3.277149e+03 
 1.593694e-01  8.419835e+02  1.548004e+03  2.113922e+03  3.217634e+03 
 1.615909e-01  8.237456e+02  1.517828e+03  2.075660e+03  3.166081e+03 
 1.638434e-01  8.071751e+02  1.490782e+03  2.041613e+03  3.120791e+03 
 1.661273e-01  7.920286e+02  1.466226e+03  2.010901e+03  3.080362e+03 
 1.684430e-01  7.746156e+02  1.434463e+03  1.968368e+03  3.018952e+03 
 1.707910e-01  7.581463e+02  1.404081e+03  1.927438e+03  2.959551e+03 
 1.731717e-01  7.435402e+02  1.377584e+03  1.892022e+03  2.908564e+03 
 1.755856e-01  7.325034e+02  1.359517e+03  1.869059e+03  2.876723e+03 
 1.780332e-01  7.221889e+02  1.342747e+03  1.847825e+03  2.847499e+03 
 1.805149e-01  7.103753e+02  1.320731e+03  1.817336e+03  2.800050e+03 
 1.830312e-01  6.975895e+02  1.295460e+03  1.781136e+03  2.741479e+03 
 1.855825e-01  6.849153e+02  1.270757e+03  1.746112e+03  2.685671e+03 
 1.881694e-01  6.726910e+02  1.248964e+03  1.717442e+03  2.645091e+03 
 1.907924e-01  6.600007e+02  1.226292e+03  1.687539e+03  2.602537e+03 
 1.934520e-01  6.460518e+02  1.200945e+03  1.653960e+03  2.555429e+03 
 1.961486e-01  6.312087e+02  1.173813e+03  1.617909e+03  2.504822e+03 
 1.988828e-01  6.170958e+02  1.148850e+03  1.585075e+03  2.458672e+03 
 2.016551e-01  6.043756e+02  1.127629e+03  1.557740e+03  2.420309e+03 
 2.044661e-01  5.908499e+02  1.104520e+03  1.527495e+03  2.376974e+03 
 2.073162e-01  5.756467e+02  1.076364e+03  1.488784e+03  2.318297e+03 
 2.102061e-01  5.603016e+02  1.047920e+03  1.449669e+03  2.258914e+03 
 2.131362e-01  5.495301e+02  1.032801e+03  1.432181e+03  2.236611e+03 
 2.161073e-01  5.391997e+02  1.018587e+03  1.415999e+03  2.216312e+03 
 2.191197e-01  5.256414e+02  9.956724e+02  1.386936e+03  2.178390e+03 
 2.221741e-01  5.119655e+02  9.718660e+02  1.356364e+03  2.138445e+03 
 2.252711e-01  4.997974e+02  9.513998e+02  1.330596e+03  2.104916e+03 
 2.284112e-01  4.887858e+02  9.332203e+02  1.307993e+03  2.075820e+03 
 2.315951e-01  4.792943e+02  9.168085e+02  1.286023e+03  2.042250e+03 
 2.348235e-01  4.708675e+02  9.020022e+02  1.265644e+03  2.009291e+03 
 2.380968e-01  4.607496e+02  8.825683e+02  1.238582e+03  1.968077e+03 
 2.414157e-01  4.506078e+02  8.627403e+02  1.210913e+03  1.926461e+03 
 2.447809e-01  4.403730e+02  8.434052e+02  1.184612e+03  1.887134e+03 
 2.481930e-01  4.304215e+02  8.247426e+02  1.159317e+03  1.849321e+03 
 2.516527e-01  4.244892e+02  8.152721e+02  1.146923e+03  1.830773e+03 
 2.551606e-01  4.172186e+02  8.027294e+02  1.130195e+03  1.806077e+03 
 2.587174e-01  4.061717e+02  7.814449e+02  1.101185e+03  1.764323e+03 
 2.623238e-01  3.968348e+02  7.647114e+02  1.078992e+03  1.732919e+03 
 2.659804e-01  3.893579e+02  7.529049e+02  1.064175e+03  1.712711e+03 
 2.696881e-01  3.794579e+02  7.352770e+02  1.040712e+03  1.677815e+03 
 2.734474e-01  3.689287e+02  7.161135e+02  1.014970e+03  1.639100e+03 
 2.772591e-01  3.611997e+02  7.038762e+02  1.000115e+03  1.620923e+03 
 2.811239e-01  3.530273e+02  6.900474e+02  9.829461e+02  1.600658e+03 
 2.850426e-01  3.443609e+02  6.743017e+02  9.630256e+02  1.578342e+03 
 2.890160e-01  3.367827e+02  6.617453e+02  9.470257e+02  1.555428e+03 
 2.930447e-01  3.297894e+02  6.498872e+02  9.311147e+02  1.530107e+03 
 2.971296e-01  3.231154e+02  6.366359e+02  9.109813e+02  1.495304e+03 
 3.012714e-01  3.170763e+02  6.264123e+02  8.974661e+02  1.475137e+03 
 3.054710e-01  3.110455e+02  6.166990e+02  8.855775e+02  1.459589e+03 
 3.097291e-01  3.036127e+02  6.034678e+02  8.686639e+02  1.437645e+03 
 3.140465e-01  2.968144e+02  5.899011e+02  8.491057e+02  1.405304e+03 
 3.184242e-01  2.907847e+02  5.780133e+02  8.318785e+02  1.376483e+03 
 3.228628e-01  2.860920e+02  5.706587e+02  8.229888e+02  1.366286e+03 
 3.273634e-01  2.790979e+02  5.568776e+02  8.033592e+02  1.335055e+03 
 3.319266e-01  2.719020e+02  5.432593e+02  7.847784e+02  1.307469e+03 
 3.365535e-01  2.651659e+02  5.316638e+02  7.702077e+02  1.288682e+03 
 3.412449e-01  2.606335e+02  5.257795e+02  7.631208e+02  1.277063e+03 
 3.460016e-01  2.556304e+02  5.177569e+02  7.527789e+02  1.262375e+03 
 3.508247e-01  2.507576e+02  5.091807e+02  7.413977e+02  1.245991e+03 
 3.557150e-01  2.460528e+02  5.005166e+02  7.297520e+02  1.228587e+03 
 3.606735e-01  2.406088e+02  4.909288e+02  7.172035e+02  1.210699e+03 
 3.657011e-01  2.339684e+02  4.785962e+02  7.005999e+02  1.188265e+03 
 3.707988e-01  2.287431e+02  4.688132e+02  6.874254e+02  1.168827e+03 
 3.759675e-01  2.239681e+02  4.598870e+02  6.753137e+02  1.150940e+03 
 3.812083e-01  2.189424e+02  4.509366e+02  6.632823e+02  1.133736e+03 
 3.865221e-01  2.146324e+02  4.445824e+02  6.555617e+02  1.119833e+03 
 3.919100e-01  2.103272e+02  4.346946e+02  6.407522e+02  1.100537e+03 
 3.973730e-01  2.053277e+02  4.267660e+02  6.309623e+02  1.084830e+03 
 4.029122e-01  2.014678e+02  4.207986e+02  6.225805e+02  1.068977e+03 
 4.085286e-01  1.974944e+02  4.122903e+02  6.105410e+02  1.051991e+03 
 4.142232e-01  1.926203e+02  4.025238e+02  5.979140e+02  1.036903e+03 
 4.199973e-01  1.879452e+02  3.946681e+02  5.880559e+02  1.022369e+03 
 4.258518e-01  1.842939e+02  3.878899e+02  5.783130e+02  1.005071e+03 
 4.317880e-01  1.804365e+02  3.802452e+02  5.670380e+02  9.882611e+02 
 4.378069e-01  1.770883e+02  3.737749e+02  5.579346e+02  9.730643e+02 
 4.439097e-01  1.742925e+02  3.695152e+02  5.529543e+02  9.693147e+02 
 4.500975e-01  1.697162e+02  3.611118e+02  5.414062e+02  9.519339e+02 
 4.563716e-01  1.658662e+02  3.533630e+02  5.301278e+02  9.314724e+02 
 4.627332e-01  1.634292e+02  3.500409e+02  5.266040e+02  9.281315e+02 
 4.691835e-01  1.593913e+02  3.420496e+02  5.149615e+02  9.081087e+02 
 4.757236e-01  1.564627e+02  3.365126e+02  5.076515e+02  8.973586e+02 
 4.823549e-01  1.525126e+02  3.284537e+02  4.965645e+02  8.832787e+02 
 4.890787e-01  1.494277e+02  3.225540e+02  4.884813e+02  8.702067e+02 
 4.958962e-01  1.471518e+02  3.181079e+02  4.814845e+02  8.572217e+02 
 5.028087e-01  1.440827e+02  3.127964e+02  4.743172e+02  8.469552e+02 
 5.098176e-01  1.415705e+02  3.082329e+02  4.674508e+02  8.328559e+02 
 5.169242e-01  1.392857e+02  3.039875e+02  4.618910e+02  8.254170e+02 
 5.241298e-01  1.348842e+02  2.966305e+02  4.529539e+02  8.146668e+02 
 5.314359e-01  1.326179e+02  2.930272e+02  4.478710e+02  8.065343e+02 
 5.388438e-01  1.299800e+02  2.871733e+02  4.391868e+02  7.936028e+02 
 5.463550e-01  1.277939e+02  2.827894e+02  4.325489e+02  7.826760e+02 
 5.539709e-01  1.245613e+02  2.773335e+02  4.255803e+02  7.713674e+02 
 5.616930e-01  1.224805e+02  2.732448e+02  4.197077e+02  7.621405e+02 
 5.695227e-01  1.201728e+02  2.696563e+02  4.152300e+02  7.518664e+02 
 5.774615e-01  1.175453e+02  2.635971e+02  4.064510e+02  7.397110e+02 
 5.855110e-01  1.155340e+02  2.597222e+02  4.002601e+02  7.296244e+02 
 5.936727e-01  1.130111e+02  2.539058e+02  3.925278e+02  7.181587e+02 
 6.019482e-01  1.112415e+02  2.512786e+02  3.879726e+02  7.096874e+02 
 6.103390e-01  1.087292e+02  2.470617e+02  3.823308e+02  6.990838e+02 
 6.188468e-01  1.063697e+02  2.433902e+02  3.793219e+02  6.964954e+02 
 6.274732e-01  1.047423e+02  2.391348e+02  3.720566e+02  6.851938e+02 
 6.362198e-01  1.027760e+02  2.355013e+02  3.663496e+02  6.741189e+02 
 6.450884e-01  1.004786e+02  2.315657e+02  3.609911e+02  6.646769e+02 
 6.540806e-01  9.848133e+01  2.268141e+02  3.538489e+02  6.547453e+02 
 6.631981e-01  9.643179e+01  2.238472e+02  3.506252e+02  6.478991e+02 
 6.724427e-01  9.470491e+01  2.200568e+02  3.455131e+02  6.420619e+02 
 6.818162e-01  9.279782e+01  2.162228e+02  3.385378e+02  6.293775e+02 
 6.913204e-01  9.090071e+01  2.124932e+02  3.337810e+02  6.210700e+02 
 7.009570e-01  8.968521e+01  2.094612e+02  3.294116e+02  6.131355e+02 
 7.107280e-01  8.750899e+01  2.060916e+02  3.244595e+02  6.035996e+02 
 7.206351e-01  8.625527e+01  2.031408e+02  3.205728e+02  5.987122e+02 
 7.306804e-01  8.459262e+01  2.001097e+02  3.155161e+02  5.882595e+02 
 7.408657e-01  8.280303e+01  1.963501e+02  3.100626e+02  5.806746e+02 
 7.511929e-01  8.113325e+01  1.929751e+02  3.057632e+02  5.727219e+02 
 7.616642e-01  7.961804e+01  1.896769e+02  3.011405e+02  5.658243e+02 
 7.722814e-01  7.865377e+01  1.876856e+02  2.975405e+02  5.570756e+02 
 7.830465e-01  7.706803e+01  1.843055e+02  2.928557e+02  5.496578e+02 
 7.939618e-01  7.570289e+01  1.819609e+02  2.891075e+02  5.447397e+02 
 8.050292e-01  7.413027e+01  1.788051e+02  2.853582e+02  5.374072e+02 
 8.162509e-01  7.294685e+01  1.762322e+02  2.804621e+02  5.281536e+02 
 8.276289e-01  7.124815e+01  1.729832e+02  2.763297e+02  5.216284e+02 
 8.391656e-01  7.047236e+01  1.710658e+02  2.727053e+02  5.162819e+02 
 8.508632e-01  6.923180e+01  1.681783e+02  2.689709e+02  5.091415e+02 
 8.627237e-01  6.781556e+01  1.656914e+02  2.650787e+02  5.011570e+02 
 8.747496e-01  6.663450e+01  1.630825e+02  2.613502e+02  4.946818e+02 
 8.869432e-01  6.554879e+01  1.607607e+02  2.577398e+02  4.878725e+02 
 8.993067e-01  6.432801e+01  1.582897e+02  2.539330e+02  4.810525e+02 
 9.118425e-01  6.334241e+01  1.556862e+02  2.497788e+02  4.725920e+02 
 9.245531e-01  6.202875e+01  1.530900e+02  2.458725e+02  4.672689e+02 
 9.374409e-01  6.093681e+01  1.508843e+02  2.428089e+02  4.608675e+02 
 9.505083e-01  5.998513e+01  1.485988e+02  2.393137e+02  4.540542e+02 
 9.637579e-01  5.875357e+01  1.457904e+02  2.352084e+02  4.477620e+02 
 9.771921e-01  5.808058e+01  1.449224e+02  2.327303e+02  4.413559e+02 
 9.908137e-01  5.701133e+01  1.423297e+02  2.292455e+02  4.357793e+02 
 1.004625e+00  5.597511e+01  1.397271e+02  2.251744e+02  4.280696e+02 
 1.018629e+00  5.506031e+01  1.378404e+02  2.220461e+02  4.217668e+02 
 1.032828e+00  5.408827e+01  1.358004e+02  2.192925e+02  4.174991e+02 
 1.047225e+00  5.312403e+01  1.339307e+02  2.157595e+02  4.102640e+02 
 1.061823e+00  5.234907e+01  1.321081e+02  2.127694e+02  4.039342e+02 
 1.076624e+00  5.143061e+01  1.300511e+02  2.095807e+02  3.978161e+02 
 1.091632e+00  5.057517e+01  1.280627e+02  2.065991e+02  3.915154e+02 
 1.106848e+00  4.967234e+01  1.259119e+02  2.035033e+02  3.861353e+02 
 1.122277e+00  4.885660e+01  1.241927e+02  2.002432e+02  3.798723e+02 
 1.137921e+00  4.801856e+01  1.221174e+02  1.972308e+02  3.740215e+02 
 1.153783e+00  4.731031e+01  1.202389e+02  1.941883e+02  3.684632e+02 
 1.169866e+00  4.645751e+01  1.184344e+02  1.911181e+02  3.629408e+02 
 1.186174e+00  4.566202e+01  1.167539e+02  1.883603e+02  3.571685e+02 
 1.202708e+00  4.498005e+01  1.149598e+02  1.854416e+02  3.513004e+02 
 1.219473e+00  4.423942e+01  1.132490e+02  1.827041e+02  3.453326e+02 
 1.236472e+00  4.349266e+01  1.115821e+02  1.800288e+02  3.398973e+02 
 1.253708e+00  4.282218e+01  1.098039e+02  1.771421e+02  3.349594e+02 
 1.271184e+00  4.212683e+01  1.085654e+02  1.748098e+02  3.292907e+02 
 1.288904e+00  4.145183e+01  1.064909e+02  1.718144e+02  3.245356e+02 
 1.306870e+00  4.072489e+01  1.049132e+02  1.691238e+02  3.189593e+02 
 1.325087e+00  4.014014e+01  1.033644e+02  1.665029e+02  3.134508e+02 
 1.343558e+00  3.950491e+01  1.017422e+02  1.638368e+02  3.082316e+02 
 1.362287e+00  3.892392e+01  1.001021e+02  1.610407e+02  3.031924e+02 
 1.381276e+00  3.829505e+01  9.855469e+01  1.582918e+02  2.981496e+02 
 1.400531e+00  3.769282e+01  9.702249e+01  1.557971e+02  2.925949e+02 
 1.420053e+00  3.705850e+01  9.544212e+01  1.533296e+02  2.873819e+02 
 1.439848e+00  3.648381e+01  9.398256e+01  1.506500e+02  2.824744e+02 
 1.459919e+00  3.584564e+01  9.243058e+01  1.480733e+02  2.771498e+02 
 1.480269e+00  3.534544e+01  9.082803e+01  1.455263e+02  2.718134e+02 
 1.500903e+00  3.476001e+01  8.938422e+01  1.429728e+02  2.674930e+02 
 1.521825e+00  3.420327e+01  8.806992e+01  1.406939e+02  2.623597e+02 
 1.543038e+00  3.363953e+01  8.660547e+01  1.383562e+02  2.577524e+02 
 1.564548e+00  3.315386e+01  8.516644e+01  1.358989e+02  2.528991e+02 
 1.586357e+00  3.263431e+01  8.388374e+01  1.335897e+02  2.481861e+02 
 1.608469e+00  3.209893e+01  8.255866e+01  1.312834e+02  2.438353e+02 
 1.630891e+00  3.168979e+01  8.106489e+01  1.288303e+02  2.390063e+02 
 1.653624e+00  3.114791e+01  7.971617e+01  1.267125e+02  2.348502e+02 
 1.676675e+00  3.066544e+01  7.854268e+01  1.245264e+02  2.301356e+02 
 1.700047e+00  3.016338e+01  7.719751e+01  1.222495e+02  2.258097e+02 
 1.723745e+00  2.968802e+01  7.586655e+01  1.200086e+02  2.211331e+02 
 1.747773e+00  2.919736e+01  7.453502e+01  1.178031e+02  2.167807e+02 
 1.772136e+00  2.873926e+01  7.322090e+01  1.155424e+02  2.126684e+02 
 1.796838e+00  2.830038e+01  7.196532e+01  1.134439e+02  2.083128e+02 
 1.821885e+00  2.785448e+01  7.068616e+01  1.112640e+02  2.041947e+02 
 1.847281e+00  2.742534e+01  6.955090e+01  1.092459e+02  2.000870e+02 
 1.873032e+00  2.698740e+01  6.821821e+01  1.070050e+02  1.961365e+02 
 1.899141e+00  2.653628e+01  6.697781e+01  1.050263e+02  1.920871e+02 
 1.925614e+00  2.613080e+01  6.582062e+01  1.030373e+02  1.880826e+02 
 1.952456e+00  2.578978e+01  6.467958e+01  1.010479e+02  1.841808e+02 
 1.979672e+00  2.532379e+01  6.356049e+01  9.909761e+01  1.803875e+02 
 2.007267e+00  2.495879e+01  6.236706e+01  9.704441e+01  1.768126e+02 
 2.035248e+00  2.452379e+01  6.122056e+01  9.513998e+01  1.730161e+02 
 2.063618e+00  2.413789e+01  6.008216e+01  9.332057e+01  1.693537e+02 
 2.092383e+00  2.375648e+01  5.899067e+01  9.142510e+01  1.658331e+02 
 2.121550e+00  2.336247e+01  5.785111e+01  8.954284e+01  1.621891e+02 
 2.151123e+00  2.298884e+01  5.675655e+01  8.767765e+01  1.586226e+02 
 2.181109e+00  2.261111e+01  5.566406e+01  8.590972e+01  1.552379e+02 
 2.211512e+00  2.223770e+01  5.456124e+01  8.407638e+01  1.517396e+02 
 2.242340e+00  2.187923e+01  5.351621e+01  8.232165e+01  1.484108e+02 
 2.273597e+00  2.149171e+01  5.245134e+01  8.050913e+01  1.450893e+02 
 2.305289e+00  2.115715e+01  5.141176e+01  7.884359e+01  1.418741e+02 
 2.337424e+00  2.079579e+01  5.037543e+01  7.713008e+01  1.386723e+02 
 2.370006e+00  2.044604e+01  4.937477e+01  7.550617e+01  1.356999e+02 
 2.403043e+00  2.009003e+01  4.837985e+01  7.383863e+01  1.325908e+02 
 2.436540e+00  1.976004e+01  4.741046e+01  7.224278e+01  1.295807e+02 
 2.470504e+00  1.942697e+01  4.647370e+01  7.066878e+01  1.266587e+02 
 2.504942e+00  1.909788e+01  4.554511e+01  6.914060e+01  1.238223e+02 
 2.539859e+00  1.878763e+01  4.460468e+01  6.761946e+01  1.209857e+02 
 2.575263e+00  1.845691e+01  4.368344e+01  6.619094e+01  1.182603e+02 
 2.611161e+00  1.815057e+01  4.277307e+01  6.466748e+01  1.155372e+02 
 2.647559e+00  1.783521e+01  4.186417e+01  6.320037e+01  1.128479e+02 
 2.684465e+00  1.752622e+01  4.100541e+01  6.174865e+01  1.102033e+02 
 2.721885e+00  1.720218e+01  4.009603e+01  6.035945e+01  1.076102e+02 
 2.759826e+00  1.689447e+01  3.920699e+01  5.896150e+01  1.050602e+02 
 2.798297e+00  1.659029e+01  3.838091e+01  5.760113e+01  1.026242e+02 
 2.837304e+00  1.629035e+01  3.752640e+01  5.625807e+01  1.001705e+02 
 2.876854e+00  1.599247e+01  3.668512e+01  5.495062e+01  9.779756e+01 
 2.916956e+00  1.570160e+01  3.588800e+01  5.366153e+01  9.545656e+01 
 2.957617e+00  1.541847e+01  3.509975e+01  5.241905e+01  9.320375e+01 
 2.998844e+00  1.513122e+01  3.432685e+01  5.118658e+01  9.096466e+01 
 3.040646e+00  1.485431e+01  3.356037e+01  4.999539e+01  8.884496e+01 
 3.083031e+00  1.457938e+01  3.281539e+01  4.882355e+01  8.672906e+01 
 3.126007e+00  1.431559e+01  3.208513e+01  4.767181e+01  8.467031e+01 
 3.169582e+00  1.404724e+01  3.135186e+01  4.654355e+01  8.265874e+01 
 3.213764e+00  1.378482e+01  3.064789e+01  4.543844e+01  8.068277e+01 
 3.258562e+00  1.351900e+01  2.996288e+01  4.435271e+01  7.874226e+01 
 3.303985e+00  1.325877e+01  2.925995e+01  4.329218e+01  7.684629e+01 
 3.350041e+00  1.300629e+01  2.857349e+01  4.222663e+01  7.495289e+01 
 3.396739e+00  1.274209e+01  2.790913e+01  4.120644e+01  7.312868e+01 
 3.444087e+00  1.249388e+01  2.723837e+01  4.019206e+01  7.132054e+01 
 3.492096e+00  1.224552e+01  2.659809e+01  3.921107e+01  6.957836e+01 
 3.540774e+00  1.199791e+01  2.597452e+01  3.825377e+01  6.786601e+01 
 3.590130e+00  1.175697e+01  2.535022e+01  3.730011e+01  6.620627e+01 
 3.640175e+00  1.152302e+01  2.474523e+01  3.638944e+01  6.456772e+01 
 3.690917e+00  1.128372e+01  2.416314e+01  3.548739e+01  6.298793e+01 
 3.742366e+00  1.105353e+01  2.357363e+01  3.461396e+01  6.145767e+01 
 3.794533e+00  1.083029e+01  2.301952e+01  3.376450e+01  5.993860e+01 
 3.847427e+00  1.060864e+01  2.245964e+01  3.293687e+01  5.848777e+01 
 3.901058e+00  1.038618e+01  2.192759e+01  3.212827e+01  5.705147e+01 
 3.955436e+00  1.017635e+01  2.139966e+01  3.133258e+01  5.565490e+01 
 4.010573e+00  9.961741e+00  2.087936e+01  3.056059e+01  5.428894e+01 
 4.066478e+00  9.751313e+00  2.037275e+01  2.979633e+01  5.293707e+01 
 4.123163e+00  9.542203e+00  1.987482e+01  2.904674e+01  5.161889e+01 
 4.180637e+00  9.338690e+00  1.938499e+01  2.831384e+01  5.031903e+01 
 4.238913e+00  9.134394e+00  1.889882e+01  2.759708e+01  4.906539e+01 
 4.298001e+00  8.931085e+00  1.842933e+01  2.689941e+01  4.782280e+01 
 4.357913e+00  8.739544e+00  1.797030e+01  2.622060e+01  4.662570e+01 
 4.418660e+00  8.544519e+00  1.752194e+01  2.554999e+01  4.545358e+01 
 4.480254e+00  8.353645e+00  1.708253e+01  2.489942e+01  4.430452e+01 
 4.542706e+00  8.168226e+00  1.665086e+01  2.426288e+01  4.318295e+01 
 4.606029e+00  7.986027e+00  1.623929e+01  2.364948e+01  4.210320e+01 
 4.670234e+00  7.807109e+00  1.583182e+01  2.305514e+01  4.105146e+01 
 4.735335e+00  7.633118e+00  1.543669e+01  2.247152e+01  4.002010e+01 
 4.801343e+00  7.463564e+00  1.505582e+01  2.190600e+01  3.901161e+01 
 4.868271e+00  7.295976e+00  1.468011e+01  2.135157e+01  3.803308e+01 
 4.936132e+00  7.131828e+00  1.431197e+01  2.081376e+01  3.708072e+01 
 5.004939e+00  6.969996e+00  1.395471e+01  2.028555e+01  3.614451e+01 
 5.074705e+00  6.809486e+00  1.360125e+01  1.976670e+01  3.522932e+01 
 5.145444e+00  6.652294e+00  1.325807e+01  1.926001e+01  3.433367e+01 
 5.217169e+00  6.496817e+00  1.291788e+01  1.876390e+01  3.345114e+01 
 5.289893e+00  6.346065e+00  1.258830e+01  1.828028e+01  3.258955e+01 
 5.363631e+00  6.195937e+00  1.226540e+01  1.780369e+01  3.175192e+01 
 5.438397e+00  6.050367e+00  1.195054e+01  1.734282e+01  3.093038e+01 
 5.514206e+00  5.907036e+00  1.164336e+01  1.689343e+01  3.013094e+01 
 5.591071e+00  5.765686e+00  1.134643e+01  1.645436e+01  2.935504e+01 
 5.669007e+00  5.630486e+00  1.105455e+01  1.603056e+01  2.859729e+01 
 5.748030e+00  5.496849e+00  1.077274e+01  1.561633e+01  2.785967e+01 
 5.828155e+00  5.367243e+00  1.049798e+01  1.521483e+01  2.714400e+01 
 5.909396e+00  5.240254e+00  1.023052e+01  1.482336e+01  2.644971e+01 
 5.991770e+00  5.116247e+00  9.969722e+00  1.444271e+01  2.577247e+01 
 6.075292e+00  4.995648e+00  9.717783e+00  1.407314e+01  2.511264e+01 
 6.159978e+00  4.876978e+00  9.471931e+00  1.371312e+01  2.447046e+01 
 6.245845e+00  4.761192e+00  9.230925e+00  1.336138e+01  2.383916e+01 
 6.332908e+00  4.646605e+00  8.993401e+00  1.301395e+01  2.322168e+01 
 6.421186e+00  4.535338e+00  8.762364e+00  1.267479e+01  2.261551e+01 
 6.510694e+00  4.425104e+00  8.535598e+00  1.234537e+01  2.202446e+01 
 6.601449e+00  4.317753e+00  8.315144e+00  1.202212e+01  2.144821e+01 
 6.693470e+00  4.212518e+00  8.098873e+00  1.170565e+01  2.088331e+01 
 6.786773e+00  4.109434e+00  7.889232e+00  1.139792e+01  2.033364e+01 
 6.881377e+00  4.009436e+00  7.684636e+00  1.109925e+01  1.979700e+01 
 6.977300e+00  3.912007e+00  7.486235e+00  1.080944e+01  1.927747e+01 
 7.074559e+00  3.816896e+00  7.292550e+00  1.052586e+01  1.877041e+01 
 7.173175e+00  3.724179e+00  7.105088e+00  1.025201e+01  1.827941e+01 
 7.273165e+00  3.634376e+00  6.923322e+00  9.985646e+00  1.780061e+01 
 7.374549e+00  3.546838e+00  6.745960e+00  9.726096e+00  1.733636e+01 
 7.477346e+00  3.461365e+00  6.574472e+00  9.476119e+00  1.688603e+01 
 7.581576e+00  3.378793e+00  6.406688e+00  9.231102e+00  1.644667e+01 
 7.687260e+00  3.297867e+00  6.243842e+00  8.992867e+00  1.601903e+01 
 7.794416e+00  3.218575e+00  6.084593e+00  8.758869e+00  1.560086e+01 
 7.903066e+00  3.141106e+00  5.928384e+00  8.530582e+00  1.518994e+01 
 8.013230e+00  3.065196e+00  5.776227e+00  8.308702e+00  1.478949e+01 
 8.124930e+00  2.990570e+00  5.627260e+00  8.090444e+00  1.439654e+01 
 8.238187e+00  2.917929e+00  5.481338e+00  7.877259e+00  1.401425e+01 
 8.353023e+00  2.846804e+00  5.339520e+00  7.669882e+00  1.364083e+01 
 8.469460e+00  2.777710e+00  5.201295e+00  7.467904e+00  1.327726e+01 
 8.587519e+00  2.710204e+00  5.066769e+00  7.271693e+00  1.292364e+01 
 8.707225e+00  2.644634e+00  4.935702e+00  7.080888e+00  1.258002e+01 
 8.828599e+00  2.580973e+00  4.809257e+00  6.895373e+00  1.224541e+01 
 8.951665e+00  2.518962e+00  4.686082e+00  6.715310e+00  1.192132e+01 
 9.076446e+00  2.458877e+00  4.566666e+00  6.541197e+00  1.160684e+01 
 9.202967e+00  2.400565e+00  4.450541e+00  6.371693e+00  1.130095e+01 
 9.331251e+00  2.343811e+00  4.337788e+00  6.207101e+00  1.100432e+01 
 9.461324e+00  0.000000e+00  0.000000e+00  0.000000e+00  0.000000e+00 
 9.593209e+00  0.000000e+00  0.000000e+00  0.000000e+00  0.000000e+00 
 9.726934e+00  0.000000e+00  0.000000e+00  0.000000e+00  0.000000e+00 
 9.862522e+00  0.000000e+00  0.000000e+00  0.000000e+00  0.000000e+00 
 1.000000e+01  0.000000e+00  0.000000e+00  0.000000e+00  0.000000e+00 
