 1.000000e-02  5.823881e+03  1.056823e+04  1.423328e+04  2.104915e+04 
 1.013939e-02  5.853754e+03  1.062226e+04  1.430585e+04  2.115597e+04 
 1.028073e-02  5.883091e+03  1.067532e+04  1.437713e+04  2.126091e+04 
 1.042404e-02  5.911895e+03  1.072741e+04  1.444703e+04  2.136382e+04 
 1.056935e-02  5.940139e+03  1.077844e+04  1.451547e+04  2.146462e+04 
 1.071668e-02  5.967761e+03  1.082831e+04  1.458244e+04  2.156314e+04 
 1.086606e-02  5.994737e+03  1.087702e+04  1.464788e+04  2.165931e+04 
 1.101753e-02  6.021080e+03  1.092458e+04  1.471171e+04  2.175316e+04 
 1.117111e-02  6.046792e+03  1.097101e+04  1.477392e+04  2.184479e+04 
 1.132683e-02  6.071856e+03  1.101628e+04  1.483451e+04  2.193404e+04 
 1.148472e-02  6.096203e+03  1.106024e+04  1.489338e+04  2.202059e+04 
 1.164481e-02  6.119811e+03  1.110283e+04  1.495058e+04  2.210437e+04 
 1.180713e-02  6.142679e+03  1.114405e+04  1.500594e+04  2.218548e+04 
 1.197171e-02  6.164753e+03  1.118386e+04  1.505921e+04  2.226385e+04 
 1.213859e-02  6.186027e+03  1.122222e+04  1.511049e+04  2.233937e+04 
 1.230780e-02  6.206500e+03  1.125912e+04  1.515990e+04  2.241189e+04 
 1.247936e-02  6.226143e+03  1.129450e+04  1.520730e+04  2.248121e+04 
 1.265332e-02  6.244918e+03  1.132829e+04  1.525260e+04  2.254740e+04 
 1.282970e-02  6.262820e+03  1.136051e+04  1.529571e+04  2.261047e+04 
 1.300854e-02  6.279820e+03  1.139108e+04  1.533655e+04  2.267025e+04 
 1.318987e-02  6.295883e+03  1.141994e+04  1.537511e+04  2.272660e+04 
 1.337373e-02  6.310990e+03  1.144708e+04  1.541132e+04  2.277944e+04 
 1.356015e-02  6.325134e+03  1.147245e+04  1.544511e+04  2.282873e+04 
 1.374917e-02  6.338291e+03  1.149604e+04  1.547645e+04  2.287450e+04 
 1.394083e-02  6.350438e+03  1.151777e+04  1.550535e+04  2.291665e+04 
 1.413516e-02  6.361545e+03  1.153763e+04  1.553177e+04  2.295508e+04 
 1.433219e-02  6.371580e+03  1.155555e+04  1.555559e+04  2.298963e+04 
 1.453198e-02  6.380532e+03  1.157149e+04  1.557668e+04  2.302015e+04 
 1.473454e-02  6.388383e+03  1.158541e+04  1.559497e+04  2.304655e+04 
 1.493993e-02  6.395102e+03  1.159730e+04  1.561053e+04  2.306887e+04 
 1.514819e-02  6.400677e+03  1.160712e+04  1.562341e+04  2.308723e+04 
 1.535935e-02  6.405083e+03  1.161482e+04  1.563349e+04  2.310144e+04 
 1.557345e-02  6.408303e+03  1.162037e+04  1.564067e+04  2.311134e+04 
 1.579053e-02  6.410316e+03  1.162372e+04  1.564484e+04  2.311679e+04 
 1.601064e-02  6.411098e+03  1.162484e+04  1.564598e+04  2.311776e+04 
 1.623382e-02  6.410619e+03  1.162368e+04  1.564404e+04  2.311415e+04 
 1.646012e-02  6.408872e+03  1.162021e+04  1.563900e+04  2.310591e+04 
 1.668956e-02  6.405831e+03  1.161440e+04  1.563084e+04  2.309301e+04 
 1.692220e-02  6.401479e+03  1.160622e+04  1.561951e+04  2.307540e+04 
 1.715809e-02  6.395808e+03  1.159563e+04  1.560489e+04  2.305307e+04 
 1.739726e-02  6.388794e+03  1.158259e+04  1.558694e+04  2.302592e+04 
 1.763977e-02  6.380420e+03  1.156708e+04  1.556566e+04  2.299384e+04 
 1.788566e-02  6.370675e+03  1.154910e+04  1.554106e+04  2.295676e+04 
 1.813498e-02  6.359543e+03  1.152860e+04  1.551309e+04  2.291458e+04 
 1.838777e-02  6.347009e+03  1.150554e+04  1.548168e+04  2.286729e+04 
 1.864409e-02  6.333061e+03  1.147994e+04  1.544682e+04  2.281484e+04 
 1.890397e-02  6.317701e+03  1.145176e+04  1.540849e+04  2.275727e+04 
 1.916748e-02  6.300924e+03  1.142100e+04  1.536669e+04  2.269464e+04 
 1.943467e-02  6.282707e+03  1.138764e+04  1.532138e+04  2.262688e+04 
 1.970558e-02  6.263050e+03  1.135169e+04  1.527258e+04  2.255395e+04 
 1.998026e-02  6.241947e+03  1.131310e+04  1.522025e+04  2.247581e+04 
 2.025878e-02  6.219388e+03  1.127187e+04  1.516433e+04  2.239233e+04 
 2.054117e-02  6.195369e+03  1.122797e+04  1.510484e+04  2.230352e+04 
 2.082751e-02  6.169898e+03  1.118143e+04  1.504178e+04  2.220952e+04 
 2.111783e-02  6.142954e+03  1.113226e+04  1.497519e+04  2.211041e+04 
 2.141220e-02  6.114663e+03  1.108060e+04  1.490522e+04  2.200623e+04 
 2.171068e-02  6.085547e+03  1.102720e+04  1.483269e+04  2.189760e+04 
 2.201331e-02  6.055006e+03  1.097121e+04  1.475665e+04  2.178369e+04 
 2.232016e-02  6.023027e+03  1.091261e+04  1.467711e+04  2.166450e+04 
 2.263130e-02  5.989608e+03  1.085143e+04  1.459408e+04  2.154014e+04 
 2.294676e-02  5.954776e+03  1.078771e+04  1.450762e+04  2.141078e+04 
 2.326663e-02  5.918576e+03  1.072148e+04  1.441781e+04  2.127649e+04 
 2.359095e-02  5.881013e+03  1.065279e+04  1.432466e+04  2.113735e+04 
 2.391980e-02  5.842098e+03  1.058163e+04  1.422822e+04  2.099336e+04 
 2.425323e-02  5.801841e+03  1.050803e+04  1.412851e+04  2.084449e+04 
 2.459130e-02  5.760281e+03  1.043207e+04  1.402562e+04  2.069089e+04 
 2.493409e-02  5.717434e+03  1.035381e+04  1.391960e+04  2.053268e+04 
 2.528166e-02  5.673338e+03  1.027327e+04  1.381053e+04  2.036999e+04 
 2.563407e-02  5.628029e+03  1.019054e+04  1.369853e+04  2.020295e+04 
 2.599140e-02  5.581532e+03  1.010565e+04  1.358364e+04  2.003166e+04 
 2.635371e-02  5.533869e+03  1.001867e+04  1.346594e+04  1.985623e+04 
 2.672106e-02  5.485096e+03  9.929687e+03  1.334554e+04  1.967682e+04 
 2.709354e-02  5.435245e+03  9.838792e+03  1.322253e+04  1.949358e+04 
 2.747121e-02  5.384396e+03  9.746036e+03  1.309707e+04  1.930671e+04 
 2.785414e-02  5.332519e+03  9.651440e+03  1.296916e+04  1.911627e+04 
 2.824241e-02  5.279381e+03  9.554690e+03  1.283847e+04  1.892205e+04 
 2.863610e-02  5.225372e+03  9.456372e+03  1.270568e+04  1.872473e+04 
 2.903527e-02  5.170547e+03  9.356591e+03  1.257092e+04  1.852450e+04 
 2.944000e-02  5.114975e+03  9.255466e+03  1.243435e+04  1.832159e+04 
 2.985038e-02  5.058708e+03  9.153082e+03  1.229610e+04  1.811622e+04 
 3.026648e-02  5.001814e+03  9.049573e+03  1.215634e+04  1.790865e+04 
 3.068838e-02  4.944357e+03  8.945030e+03  1.201521e+04  1.769908e+04 
 3.111616e-02  4.886399e+03  8.839582e+03  1.187286e+04  1.748772e+04 
 3.154990e-02  4.828007e+03  8.733368e+03  1.172950e+04  1.727483e+04 
 3.198969e-02  4.769258e+03  8.626519e+03  1.158527e+04  1.706066e+04 
 3.243561e-02  4.710224e+03  8.519145e+03  1.144036e+04  1.684553e+04 
 3.288774e-02  4.650980e+03  8.411382e+03  1.129495e+04  1.662966e+04 
 3.334618e-02  4.591578e+03  8.303369e+03  1.114919e+04  1.641329e+04 
 3.381101e-02  4.532104e+03  8.195238e+03  1.100328e+04  1.619670e+04 
 3.428231e-02  4.472638e+03  8.087136e+03  1.085740e+04  1.598018e+04 
 3.476019e-02  4.413068e+03  7.979174e+03  1.071207e+04  1.576550e+04 
 3.524473e-02  4.353666e+03  7.871521e+03  1.056716e+04  1.555148e+04 
 3.573602e-02  4.294511e+03  7.764292e+03  1.042284e+04  1.533833e+04 
 3.623416e-02  4.235675e+03  7.657638e+03  1.027929e+04  1.512631e+04 
 3.673925e-02  4.177227e+03  7.551705e+03  1.013672e+04  1.491569e+04 
 3.725137e-02  4.119243e+03  7.446619e+03  9.995298e+03  1.470677e+04 
 3.777064e-02  4.061803e+03  7.342521e+03  9.855199e+03  1.449980e+04 
 3.829714e-02  4.004995e+03  7.239550e+03  9.716600e+03  1.429505e+04 
 3.883098e-02  3.948877e+03  7.137824e+03  9.579670e+03  1.409276e+04 
 3.937226e-02  3.893508e+03  7.037447e+03  9.444553e+03  1.389316e+04 
 3.992109e-02  3.838942e+03  6.938552e+03  9.311427e+03  1.369648e+04 
 4.047757e-02  3.785246e+03  6.841200e+03  9.180340e+03  1.350269e+04 
 4.104181e-02  3.732291e+03  6.744563e+03  9.049572e+03  1.330756e+04 
 4.161391e-02  3.680339e+03  6.649747e+03  8.921257e+03  1.311606e+04 
 4.219398e-02  3.629438e+03  6.556842e+03  8.795511e+03  1.292838e+04 
 4.278214e-02  3.579638e+03  6.465937e+03  8.672448e+03  1.274468e+04 
 4.337850e-02  3.530980e+03  6.377118e+03  8.552181e+03  1.256511e+04 
 4.398317e-02  3.483506e+03  6.290426e+03  8.434808e+03  1.238983e+04 
 4.459628e-02  3.437239e+03  6.205920e+03  8.320393e+03  1.221892e+04 
 4.521792e-02  3.392216e+03  6.123664e+03  8.208996e+03  1.205247e+04 
 4.584824e-02  3.348441e+03  6.043676e+03  8.100663e+03  1.189055e+04 
 4.648734e-02  3.305940e+03  5.966004e+03  7.995430e+03  1.173322e+04 
 4.713535e-02  3.264843e+03  5.891661e+03  7.895444e+03  1.158573e+04 
 4.779239e-02  3.225106e+03  5.820222e+03  7.799834e+03  1.144594e+04 
 4.845859e-02  3.186647e+03  5.751085e+03  7.707291e+03  1.131064e+04 
 4.913407e-02  3.149452e+03  5.684207e+03  7.617782e+03  1.117979e+04 
 4.981898e-02  3.113486e+03  5.619563e+03  7.531264e+03  1.105333e+04 
 5.051342e-02  3.078723e+03  5.557097e+03  7.447670e+03  1.093115e+04 
 5.121755e-02  3.045127e+03  5.496731e+03  7.366899e+03  1.081313e+04 
 5.193150e-02  3.012653e+03  5.438370e+03  7.288831e+03  1.069907e+04 
 5.265540e-02  2.981248e+03  5.381936e+03  7.213335e+03  1.058879e+04 
 5.338938e-02  2.950609e+03  5.326416e+03  7.138592e+03  1.047840e+04 
 5.413360e-02  2.920621e+03  5.271526e+03  7.064125e+03  1.036698e+04 
 5.488820e-02  2.891504e+03  5.218218e+03  6.991789e+03  1.025872e+04 
 5.565331e-02  2.863170e+03  5.166328e+03  6.921358e+03  1.015327e+04 
 5.642908e-02  2.835473e+03  5.115584e+03  6.852471e+03  1.005011e+04 
 5.721568e-02  2.808262e+03  5.065723e+03  6.784766e+03  9.948711e+03 
 5.801323e-02  2.781587e+03  5.016832e+03  6.718361e+03  9.849278e+03 
 5.882190e-02  2.755587e+03  4.969153e+03  6.653599e+03  9.752276e+03 
 5.964185e-02  2.730386e+03  4.923250e+03  6.591567e+03  9.660215e+03 
 6.047322e-02  2.705960e+03  4.879670e+03  6.533593e+03  9.576599e+03 
 6.131619e-02  2.681317e+03  4.835700e+03  6.475097e+03  9.492238e+03 
 6.217090e-02  2.656092e+03  4.790680e+03  6.415197e+03  9.405809e+03 
 6.303753e-02  2.630267e+03  4.744577e+03  6.353842e+03  9.317268e+03 
 6.391624e-02  2.603904e+03  4.697497e+03  6.291178e+03  9.226822e+03 
 6.480720e-02  2.577045e+03  4.649519e+03  6.227300e+03  9.134616e+03 
 6.571058e-02  2.549577e+03  4.600425e+03  6.161938e+03  9.040244e+03 
 6.662655e-02  2.520143e+03  4.545888e+03  6.087315e+03  8.926949e+03 
 6.755528e-02  2.489709e+03  4.489497e+03  6.010176e+03  8.809868e+03 
 6.849697e-02  2.458212e+03  4.431211e+03  5.930522e+03  8.689168e+03 
 6.945178e-02  2.425599e+03  4.370917e+03  5.848203e+03  8.564634e+03 
 7.041990e-02  2.391806e+03  4.308504e+03  5.763076e+03  8.436054e+03 
 7.140151e-02  2.356780e+03  4.243885e+03  5.675024e+03  8.303263e+03 
 7.239681e-02  2.320770e+03  4.177833e+03  5.585449e+03  8.169469e+03 
 7.340598e-02  2.283794e+03  4.110436e+03  5.494551e+03  8.035179e+03 
 7.442922e-02  2.245494e+03  4.040675e+03  5.400509e+03  7.896348e+03 
 7.546673e-02  2.205903e+03  3.968590e+03  5.303390e+03  7.753073e+03 
 7.651869e-02  2.165067e+03  3.894275e+03  5.203309e+03  7.605518e+03 
 7.758532e-02  2.123055e+03  3.817861e+03  5.100449e+03  7.453949e+03 
 7.866682e-02  2.080819e+03  3.742224e+03  4.999757e+03  7.308367e+03 
 7.976339e-02  2.039006e+03  3.669210e+03  4.904393e+03  7.175058e+03 
 8.087525e-02  1.996289e+03  3.594497e+03  4.806724e+03  7.038212e+03 
 8.200261e-02  1.952825e+03  3.518359e+03  4.707110e+03  6.898345e+03 
 8.314568e-02  1.908794e+03  3.441115e+03  4.605951e+03  6.756047e+03 
 8.430468e-02  1.864384e+03  3.363119e+03  4.503695e+03  6.611964e+03 
 8.547985e-02  1.818993e+03  3.282109e+03  4.396203e+03  6.457367e+03 
 8.667139e-02  1.773297e+03  3.199974e+03  4.286651e+03  6.298399e+03 
 8.787954e-02  1.727916e+03  3.118401e+03  4.177854e+03  6.140462e+03 
 8.910453e-02  1.683077e+03  3.037798e+03  4.070358e+03  5.984369e+03 
 9.034660e-02  1.639012e+03  2.958573e+03  3.964712e+03  5.830952e+03 
 9.160598e-02  1.596593e+03  2.883200e+03  3.865031e+03  5.688129e+03 
 9.288292e-02  1.555946e+03  2.811821e+03  3.771380e+03  5.555737e+03 
 9.417766e-02  1.516651e+03  2.742810e+03  3.680831e+03  5.427698e+03 
 9.549045e-02  1.478898e+03  2.676513e+03  3.593871e+03  5.304739e+03 
 9.682153e-02  1.442845e+03  2.613219e+03  3.510883e+03  5.187441e+03 
 9.817117e-02  1.408842e+03  2.553918e+03  3.433475e+03  5.078880e+03 
 9.953962e-02  1.376856e+03  2.498330e+03  3.361086e+03  4.977796e+03 
 1.009272e-01  1.346884e+03  2.446341e+03  3.293475e+03  4.883570e+03 
 1.023340e-01  1.318979e+03  2.398054e+03  3.230784e+03  4.796431e+03 
 1.037605e-01  1.292506e+03  2.351525e+03  3.169700e+03  4.709979e+03 
 1.052069e-01  1.265637e+03  2.301310e+03  3.101018e+03  4.606358e+03 
 1.066734e-01  1.240865e+03  2.254959e+03  3.037581e+03  4.510541e+03 
 1.081604e-01  1.218070e+03  2.212258e+03  2.979096e+03  4.422086e+03 
 1.096681e-01  1.197108e+03  2.172945e+03  2.925190e+03  4.340449e+03 
 1.111968e-01  1.178068e+03  2.137455e+03  2.876560e+03  4.266467e+03 
 1.127468e-01  1.160523e+03  2.104705e+03  2.831648e+03  4.198057e+03 
 1.143184e-01  1.144208e+03  2.074222e+03  2.789820e+03  4.134232e+03 
 1.159120e-01  1.128868e+03  2.045545e+03  2.750439e+03  4.074029e+03 
 1.175277e-01  1.115162e+03  2.020769e+03  2.717038e+03  4.024176e+03 
 1.191660e-01  1.101950e+03  1.996972e+03  2.685009e+03  3.976512e+03 
 1.208271e-01  1.088829e+03  1.973370e+03  2.653268e+03  3.929276e+03 
 1.225114e-01  1.075500e+03  1.949386e+03  2.621034e+03  3.881411e+03 
 1.242191e-01  1.061426e+03  1.923889e+03  2.586850e+03  3.831444e+03 
 1.259506e-01  1.046637e+03  1.897102e+03  2.550942e+03  3.778941e+03 
 1.277063e-01  1.030911e+03  1.868616e+03  2.512748e+03  3.723061e+03 
 1.294865e-01  1.014454e+03  1.839082e+03  2.473259e+03  3.665172e+03 
 1.312915e-01  9.971852e+02  1.808391e+03  2.432351e+03  3.605101e+03 
 1.331216e-01  9.785490e+02  1.775211e+03  2.388086e+03  3.540088e+03 
 1.349772e-01  9.585614e+02  1.739601e+03  2.340571e+03  3.470430e+03 
 1.368587e-01  9.384669e+02  1.705736e+03  2.297567e+03  3.413386e+03 
 1.387665e-01  9.170947e+02  1.669456e+03  2.251243e+03  3.351184e+03 
 1.407008e-01  8.946094e+02  1.631047e+03  2.201966e+03  3.284374e+03 
 1.426621e-01  8.721440e+02  1.593025e+03  2.153126e+03  3.217064e+03 
 1.446507e-01  8.493109e+02  1.554344e+03  2.103274e+03  3.147727e+03 
 1.466671e-01  8.261140e+02  1.514849e+03  2.052192e+03  3.076340e+03 
 1.487115e-01  8.008924e+02  1.469743e+03  1.992277e+03  2.989813e+03 
 1.507845e-01  7.747202e+02  1.421651e+03  1.927474e+03  2.894676e+03 
 1.528864e-01  7.493242e+02  1.374982e+03  1.864572e+03  2.802274e+03 
 1.550175e-01  7.267233e+02  1.335207e+03  1.812350e+03  2.728279e+03 
 1.571784e-01  7.065954e+02  1.301126e+03  1.768694e+03  2.668703e+03 
 1.593694e-01  6.878768e+02  1.269491e+03  1.728225e+03  2.613627e+03 
 1.615909e-01  6.711182e+02  1.241533e+03  1.692642e+03  2.565246e+03 
 1.638434e-01  6.561822e+02  1.216905e+03  1.661485e+03  2.523153e+03 
 1.661273e-01  6.429203e+02  1.195261e+03  1.634295e+03  2.486918e+03 
 1.684430e-01  6.280958e+02  1.167969e+03  1.597619e+03  2.433652e+03 
 1.707910e-01  6.144836e+02  1.142590e+03  1.563301e+03  2.383569e+03 
 1.731717e-01  6.027843e+02  1.121109e+03  1.534458e+03  2.341751e+03 
 1.755856e-01  5.942115e+02  1.106828e+03  1.516075e+03  2.315684e+03 
 1.780332e-01  5.864892e+02  1.094110e+03  1.499813e+03  2.292780e+03 
 1.805149e-01  5.776739e+02  1.077386e+03  1.476456e+03  2.256044e+03 
 1.830312e-01  5.680997e+02  1.058085e+03  1.448611e+03  2.210734e+03 
 1.855825e-01  5.585398e+02  1.039098e+03  1.421522e+03  2.167264e+03 
 1.881694e-01  5.491856e+02  1.022103e+03  1.398939e+03  2.134807e+03 
 1.907924e-01  5.391864e+02  1.003895e+03  1.374696e+03  2.099853e+03 
 1.934520e-01  5.280571e+02  9.836091e+02  1.347866e+03  2.062290e+03 
 1.961486e-01  5.159061e+02  9.614201e+02  1.318504e+03  2.021316e+03 
 1.988828e-01  5.039857e+02  9.403719e+02  1.290928e+03  1.982679e+03 
 2.016551e-01  4.929036e+02  9.218941e+02  1.267187e+03  1.949482e+03 
 2.044661e-01  4.808764e+02  9.013556e+02  1.240396e+03  1.911220e+03 
 2.073162e-01  4.674694e+02  8.768364e+02  1.207075e+03  1.861261e+03 
 2.102061e-01  4.537785e+02  8.517560e+02  1.172961e+03  1.810009e+03 
 2.131362e-01  4.436388e+02  8.372969e+02  1.156233e+03  1.789204e+03 
 2.161073e-01  4.338792e+02  8.235641e+02  1.140513e+03  1.769927e+03 
 2.191197e-01  4.216478e+02  8.028017e+02  1.114123e+03  1.734972e+03 
 2.221741e-01  4.095824e+02  7.817409e+02  1.087021e+03  1.698868e+03 
 2.252711e-01  3.988500e+02  7.635458e+02  1.064035e+03  1.668651e+03 
 2.284112e-01  3.893361e+02  7.477168e+02  1.044315e+03  1.643201e+03 
 2.315951e-01  3.811568e+02  7.333950e+02  1.025208e+03  1.614529e+03 
 2.348235e-01  3.740639e+02  7.207686e+02  1.007935e+03  1.587271e+03 
 2.380968e-01  3.658654e+02  7.047665e+02  9.855900e+02  1.553153e+03 
 2.414157e-01  3.578541e+02  6.888220e+02  9.632398e+02  1.519301e+03 
 2.447809e-01  3.499671e+02  6.736699e+02  9.425309e+02  1.488123e+03 
 2.481930e-01  3.423253e+02  6.591007e+02  9.226950e+02  1.458277e+03 
 2.516527e-01  3.377784e+02  6.517013e+02  9.129459e+02  1.443537e+03 
 2.551606e-01  3.320574e+02  6.416756e+02  8.995216e+02  1.423578e+03 
 2.587174e-01  3.231569e+02  6.243854e+02  8.759344e+02  1.389436e+03 
 2.623238e-01  3.155190e+02  6.106504e+02  8.577379e+02  1.363635e+03 
 2.659804e-01  3.093133e+02  6.008723e+02  8.455196e+02  1.347081e+03 
 2.696881e-01  3.010601e+02  5.862356e+02  8.261798e+02  1.318758e+03 
 2.734474e-01  2.921772e+02  5.701235e+02  8.046864e+02  1.286925e+03 
 2.772591e-01  2.854078e+02  5.593388e+02  7.915696e+02  1.270625e+03 
 2.811239e-01  2.783695e+02  5.474544e+02  7.767420e+02  1.252454e+03 
 2.850426e-01  2.711069e+02  5.343797e+02  7.600524e+02  1.232582e+03 
 2.890160e-01  2.645274e+02  5.233812e+02  7.460679e+02  1.212962e+03 
 2.930447e-01  2.585212e+02  5.131337e+02  7.324766e+02  1.192041e+03 
 2.971296e-01  2.528647e+02  5.019909e+02  7.158028e+02  1.163313e+03 
 3.012714e-01  2.478466e+02  4.933737e+02  7.044955e+02  1.146835e+03 
 3.054710e-01  2.429858e+02  4.853504e+02  6.946416e+02  1.134188e+03 
 3.097291e-01  2.371170e+02  4.745298e+02  6.804700e+02  1.114877e+03 
 3.140465e-01  2.317206e+02  4.637813e+02  6.651391e+02  1.089928e+03 
 3.184242e-01  2.268578e+02  4.542667e+02  6.515778e+02  1.067827e+03 
 3.228628e-01  2.229500e+02  4.478955e+02  6.437122e+02  1.058461e+03 
 3.273634e-01  2.174347e+02  4.370508e+02  6.283245e+02  1.034165e+03 
 3.319266e-01  2.116678e+02  4.261106e+02  6.134043e+02  1.012077e+03 
 3.365535e-01  2.061548e+02  4.165074e+02  6.012478e+02  9.962046e+02 
 3.412449e-01  2.022989e+02  4.115338e+02  5.954636e+02  9.870881e+02 
 3.460016e-01  1.980838e+02  4.047881e+02  5.869130e+02  9.752934e+02 
 3.508247e-01  1.939846e+02  3.975939e+02  5.774170e+02  9.615763e+02 
 3.557150e-01  1.900606e+02  3.904089e+02  5.677546e+02  9.468254e+02 
 3.606735e-01  1.855402e+02  3.824268e+02  5.574093e+02  9.325447e+02 
 3.657011e-01  1.801997e+02  3.723546e+02  5.437638e+02  9.138809e+02 
 3.707988e-01  1.759368e+02  3.642332e+02  5.327807e+02  8.977915e+02 
 3.759675e-01  1.720458e+02  3.568413e+02  5.227192e+02  8.828851e+02 
 3.812083e-01  1.680342e+02  3.496275e+02  5.130359e+02  8.688580e+02 
 3.865221e-01  1.646585e+02  3.447638e+02  5.074261e+02  8.595401e+02 
 3.919100e-01  1.611383e+02  3.367148e+02  4.954011e+02  8.433854e+02 
 3.973730e-01  1.572052e+02  3.302345e+02  4.873199e+02  8.305793e+02 
 4.029122e-01  1.539949e+02  3.252306e+02  4.804233e+02  8.180476e+02 
 4.085286e-01  1.507623e+02  3.184442e+02  4.708206e+02  8.044783e+02 
 4.142232e-01  1.469298e+02  3.107550e+02  4.607631e+02  7.920948e+02 
 4.199973e-01  1.432211e+02  3.044412e+02  4.528269e+02  7.805454e+02 
 4.258518e-01  1.402430e+02  2.989800e+02  4.451392e+02  7.673987e+02 
 4.317880e-01  1.370980e+02  2.928817e+02  4.362226e+02  7.538738e+02 
 4.378069e-01  1.343238e+02  2.873860e+02  4.284059e+02  7.410438e+02 
 4.439097e-01  1.320041e+02  2.838632e+02  4.242888e+02  7.373326e+02 
 4.500975e-01  1.284024e+02  2.772059e+02  4.152652e+02  7.241976e+02 
 4.563716e-01  1.253504e+02  2.709628e+02  4.062505e+02  7.082988e+02 
 4.627332e-01  1.233987e+02  2.683580e+02  4.035527e+02  7.058500e+02 
 4.691835e-01  1.201896e+02  2.620503e+02  3.945605e+02  6.909668e+02 
 4.757236e-01  1.178755e+02  2.575498e+02  3.884076e+02  6.815874e+02 
 4.823549e-01  1.147690e+02  2.512741e+02  3.796513e+02  6.697875e+02 
 4.890787e-01  1.123062e+02  2.465450e+02  3.733154e+02  6.599499e+02 
 4.958962e-01  1.104508e+02  2.429748e+02  3.678064e+02  6.499225e+02 
 5.028087e-01  1.079623e+02  2.387140e+02  3.621184e+02  6.417054e+02 
 5.098176e-01  1.059362e+02  2.350216e+02  3.567972e+02  6.313911e+02 
 5.169242e-01  1.040551e+02  2.315162e+02  3.521342e+02  6.251104e+02 
 5.241298e-01  1.006327e+02  2.256987e+02  3.450376e+02  6.164317e+02 
 5.314359e-01  9.885056e+01  2.230090e+02  3.413937e+02  6.105770e+02 
 5.388438e-01  9.673990e+01  2.182472e+02  3.343308e+02  5.999464e+02 
 5.463550e-01  9.498245e+01  2.148481e+02  3.293112e+02  5.916599e+02 
 5.539709e-01  9.242077e+01  2.103385e+02  3.235913e+02  5.829117e+02 
 5.616930e-01  9.075748e+01  2.071429e+02  3.191148e+02  5.762364e+02 
 5.695227e-01  8.895974e+01  2.042385e+02  3.155177e+02  5.687024e+02 
 5.774615e-01  8.692927e+01  1.995832e+02  3.086477e+02  5.589636e+02 
 5.855110e-01  8.535368e+01  1.967024e+02  3.042786e+02  5.515900e+02 
 5.936727e-01  8.334894e+01  1.920970e+02  2.978746e+02  5.420236e+02 
 6.019482e-01  8.190388e+01  1.898623e+02  2.943094e+02  5.355141e+02 
 6.103390e-01  7.994282e+01  1.865293e+02  2.900134e+02  5.279415e+02 
 6.188468e-01  7.816616e+01  1.836191e+02  2.874180e+02  5.261607e+02 
 6.274732e-01  7.683429e+01  1.802125e+02  2.816217e+02  5.168393e+02 
 6.362198e-01  7.527795e+01  1.775591e+02  2.777844e+02  5.094477e+02 
 6.450884e-01  7.350363e+01  1.743689e+02  2.733740e+02  5.018505e+02 
 6.540806e-01  7.196931e+01  1.707133e+02  2.678825e+02  4.939722e+02 
 6.631981e-01  7.036829e+01  1.681960e+02  2.651467e+02  4.892801e+02 
 6.724427e-01  6.901644e+01  1.653330e+02  2.612074e+02  4.844058e+02 
 6.818162e-01  6.751461e+01  1.623913e+02  2.561020e+02  4.751572e+02 
 6.913204e-01  6.606294e+01  1.594696e+02  2.523427e+02  4.688008e+02 
 7.009570e-01  6.511149e+01  1.571410e+02  2.489314e+02  4.630010e+02 
 7.107280e-01  6.343762e+01  1.545464e+02  2.453069e+02  4.559658e+02 
 7.206351e-01  6.244019e+01  1.522180e+02  2.422331e+02  4.522350e+02 
 7.306804e-01  6.116727e+01  1.499380e+02  2.384569e+02  4.444501e+02 
 7.408657e-01  5.980180e+01  1.470347e+02  2.343481e+02  4.389360e+02 
 7.511929e-01  5.852450e+01  1.444019e+02  2.309530e+02  4.330771e+02 
 7.616642e-01  5.738159e+01  1.418515e+02  2.273478e+02  4.277365e+02 
 7.722814e-01  5.660605e+01  1.404370e+02  2.249050e+02  4.218851e+02 
 7.830465e-01  5.540957e+01  1.377796e+02  2.211764e+02  4.165000e+02 
 7.939618e-01  5.437311e+01  1.360135e+02  2.183818e+02  4.123200e+02 
 8.050292e-01  5.315873e+01  1.335470e+02  2.154977e+02  4.071682e+02 
 8.162509e-01  5.221751e+01  1.316235e+02  2.120266e+02  4.003185e+02 
 8.276289e-01  5.094348e+01  1.290482e+02  2.086460e+02  3.953551e+02 
 8.391656e-01  5.028643e+01  1.275330e+02  2.058065e+02  3.910544e+02 
 8.508632e-01  4.935949e+01  1.254231e+02  2.030667e+02  3.859824e+02 
 8.627237e-01  4.826532e+01  1.234236e+02  2.000869e+02  3.801051e+02 
 8.747496e-01  4.737209e+01  1.213674e+02  1.971974e+02  3.751941e+02 
 8.869432e-01  4.654316e+01  1.196779e+02  1.946254e+02  3.707354e+02 
 8.993067e-01  4.559307e+01  1.178119e+02  1.917609e+02  3.655296e+02 
 9.118425e-01  4.488011e+01  1.158457e+02  1.886404e+02  3.593145e+02 
 9.245531e-01  4.390074e+01  1.139676e+02  1.858095e+02  3.555223e+02 
 9.374409e-01  4.305155e+01  1.122455e+02  1.834849e+02  3.509431e+02 
 9.505083e-01  4.233031e+01  1.105209e+02  1.809046e+02  3.463094e+02 
 9.637579e-01  4.143031e+01  1.084681e+02  1.778512e+02  3.413745e+02 
 9.771921e-01  4.087610e+01  1.078297e+02  1.762425e+02  3.371524e+02 
 9.908137e-01  4.008825e+01  1.058637e+02  1.734996e+02  3.328974e+02 
 1.004625e+00  3.930834e+01  1.039795e+02  1.706361e+02  3.276043e+02 
 1.018629e+00  3.865978e+01  1.025885e+02  1.683510e+02  3.231182e+02 
 1.032828e+00  3.790943e+01  1.010036e+02  1.662394e+02  3.198451e+02 
 1.047225e+00  3.716762e+01  9.957558e+01  1.637103e+02  3.145487e+02 
 1.061823e+00  3.658905e+01  9.828009e+01  1.615866e+02  3.103718e+02 
 1.076624e+00  3.590169e+01  9.676113e+01  1.592854e+02  3.059354e+02 
 1.091632e+00  3.529110e+01  9.524183e+01  1.570808e+02  3.015568e+02 
 1.106848e+00  3.461171e+01  9.364858e+01  1.547570e+02  2.976448e+02 
 1.122277e+00  3.399306e+01  9.236875e+01  1.523386e+02  2.929096e+02 
 1.137921e+00  3.337315e+01  9.083492e+01  1.501108e+02  2.888156e+02 
 1.153783e+00  3.282214e+01  8.947976e+01  1.479494e+02  2.849029e+02 
 1.169866e+00  3.225043e+01  8.818920e+01  1.458459e+02  2.811370e+02 
 1.186174e+00  3.165512e+01  8.693608e+01  1.437504e+02  2.768295e+02 
 1.202708e+00  3.113484e+01  8.562748e+01  1.417327e+02  2.728935e+02 
 1.219473e+00  3.061244e+01  8.440557e+01  1.397966e+02  2.686250e+02 
 1.236472e+00  3.006354e+01  8.317350e+01  1.378740e+02  2.649981e+02 
 1.253708e+00  2.956519e+01  8.186842e+01  1.356431e+02  2.612550e+02 
 1.271184e+00  2.906859e+01  8.093764e+01  1.340929e+02  2.573868e+02 
 1.288904e+00  2.856333e+01  7.944008e+01  1.318311e+02  2.538591e+02 
 1.306870e+00  2.804310e+01  7.825004e+01  1.298747e+02  2.497900e+02 
 1.325087e+00  2.761216e+01  7.714384e+01  1.280376e+02  2.458476e+02 
 1.343558e+00  2.714096e+01  7.596371e+01  1.261243e+02  2.420842e+02 
 1.362287e+00  2.670955e+01  7.477349e+01  1.240867e+02  2.383612e+02 
 1.381276e+00  2.624971e+01  7.366060e+01  1.220154e+02  2.346220e+02 
 1.400531e+00  2.581953e+01  7.256260e+01  1.202718e+02  2.307431e+02 
 1.420053e+00  2.536486e+01  7.138300e+01  1.185014e+02  2.270646e+02 
 1.439848e+00  2.495426e+01  7.036797e+01  1.165907e+02  2.235470e+02 
 1.459919e+00  2.450739e+01  6.927034e+01  1.147768e+02  2.197522e+02 
 1.480269e+00  2.415440e+01  6.810271e+01  1.128747e+02  2.158857e+02 
 1.500903e+00  2.374595e+01  6.709944e+01  1.110814e+02  2.127251e+02 
 1.521825e+00  2.334605e+01  6.614982e+01  1.094525e+02  2.092211e+02 
 1.543038e+00  2.294896e+01  6.511551e+01  1.078294e+02  2.059734e+02 
 1.564548e+00  2.260558e+01  6.412134e+01  1.060885e+02  2.023873e+02 
 1.586357e+00  2.223834e+01  6.318645e+01  1.044357e+02  1.989705e+02 
 1.608469e+00  2.185267e+01  6.221244e+01  1.027794e+02  1.958250e+02 
 1.630891e+00  2.155786e+01  6.113753e+01  1.009137e+02  1.921599e+02 
 1.653624e+00  2.117734e+01  6.017667e+01  9.939445e+01  1.891837e+02 
 1.676675e+00  2.082975e+01  5.931772e+01  9.784126e+01  1.857374e+02 
 1.700047e+00  2.048466e+01  5.838581e+01  9.619777e+01  1.825653e+02 
 1.723745e+00  2.016702e+01  5.741926e+01  9.458298e+01  1.791133e+02 
 1.747773e+00  1.981504e+01  5.646530e+01  9.294724e+01  1.758902e+02 
 1.772136e+00  1.949753e+01  5.556081e+01  9.135152e+01  1.728875e+02 
 1.796838e+00  1.919007e+01  5.464765e+01  8.980316e+01  1.697085e+02 
 1.821885e+00  1.890149e+01  5.374316e+01  8.822041e+01  1.666946e+02 
 1.847281e+00  1.858598e+01  5.294360e+01  8.679998e+01  1.636419e+02 
 1.873032e+00  1.829230e+01  5.202514e+01  8.516157e+01  1.606660e+02 
 1.899141e+00  1.799014e+01  5.112374e+01  8.371287e+01  1.577282e+02 
 1.925614e+00  1.771498e+01  5.030705e+01  8.226646e+01  1.547161e+02 
 1.952456e+00  1.747623e+01  4.951996e+01  8.085163e+01  1.518110e+02 
 1.979672e+00  1.716067e+01  4.871841e+01  7.943976e+01  1.489803e+02 
 2.007267e+00  1.690787e+01  4.788549e+01  7.792954e+01  1.462132e+02 
 2.035248e+00  1.661844e+01  4.703394e+01  7.649177e+01  1.433217e+02 
 2.063618e+00  1.634926e+01  4.620376e+01  7.508571e+01  1.405018e+02 
 2.092383e+00  1.609152e+01  4.540006e+01  7.367323e+01  1.377720e+02 
 2.121550e+00  1.582256e+01  4.458764e+01  7.229043e+01  1.350137e+02 
 2.151123e+00  1.557163e+01  4.380859e+01  7.089396e+01  1.322638e+02 
 2.181109e+00  1.531561e+01  4.300603e+01  6.956000e+01  1.296820e+02 
 2.211512e+00  1.506803e+01  4.220939e+01  6.817550e+01  1.269376e+02 
 2.242340e+00  1.482588e+01  4.148375e+01  6.688904e+01  1.243988e+02 
 2.273597e+00  1.456990e+01  4.072302e+01  6.552823e+01  1.218305e+02 
 2.305289e+00  1.434953e+01  3.997165e+01  6.427344e+01  1.193507e+02 
 2.337424e+00  1.411700e+01  3.922010e+01  6.299034e+01  1.169152e+02 
 2.370006e+00  1.388223e+01  3.849736e+01  6.176468e+01  1.145482e+02 
 2.403043e+00  1.364398e+01  3.779016e+01  6.050070e+01  1.121333e+02 
 2.436540e+00  1.343187e+01  3.709721e+01  5.930293e+01  1.097754e+02 
 2.470504e+00  1.321090e+01  3.640429e+01  5.808315e+01  1.074462e+02 
 2.504942e+00  1.299396e+01  3.572991e+01  5.692591e+01  1.051929e+02 
 2.539859e+00  1.278684e+01  3.503112e+01  5.572791e+01  1.028978e+02 
 2.575263e+00  1.256141e+01  3.433679e+01  5.461245e+01  1.007270e+02 
 2.611161e+00  1.235900e+01  3.366730e+01  5.343096e+01  9.853869e+01 
 2.647559e+00  1.215083e+01  3.299695e+01  5.227391e+01  9.633216e+01 
 2.684465e+00  1.194486e+01  3.236165e+01  5.115959e+01  9.420190e+01 
 2.721885e+00  1.173344e+01  3.168294e+01  5.006508e+01  9.211906e+01 
 2.759826e+00  1.153406e+01  3.103017e+01  4.896365e+01  9.006134e+01 
 2.798297e+00  1.133514e+01  3.040955e+01  4.791133e+01  8.809101e+01 
 2.837304e+00  1.114197e+01  2.978416e+01  4.686067e+01  8.611223e+01 
 2.876854e+00  1.094773e+01  2.916336e+01  4.582749e+01  8.418107e+01 
 2.916956e+00  1.075954e+01  2.856997e+01  4.481795e+01  8.224504e+01 
 2.957617e+00  1.057676e+01  2.798337e+01  4.384324e+01  8.040497e+01 
 2.998844e+00  1.039189e+01  2.740601e+01  4.286741e+01  7.857402e+01 
 3.040646e+00  1.021069e+01  2.682653e+01  4.190716e+01  7.683422e+01 
 3.083031e+00  1.003237e+01  2.625507e+01  4.097030e+01  7.508511e+01 
 3.126007e+00  9.858776e+00  2.570780e+01  4.004825e+01  7.334064e+01 
 3.169582e+00  9.681521e+00  2.514063e+01  3.911749e+01  7.165345e+01 
 3.213764e+00  9.507199e+00  2.459652e+01  3.821944e+01  6.998817e+01 
 3.258562e+00  9.331234e+00  2.406522e+01  3.733565e+01  6.834786e+01 
 3.303985e+00  9.160039e+00  2.352270e+01  3.646142e+01  6.674135e+01 
 3.350041e+00  8.992275e+00  2.299171e+01  3.559868e+01  6.515284e+01 
 3.396739e+00  8.822360e+00  2.247853e+01  3.476671e+01  6.359006e+01 
 3.444087e+00  8.660177e+00  2.196399e+01  3.392423e+01  6.206965e+01 
 3.492096e+00  8.498714e+00  2.147064e+01  3.312937e+01  6.060678e+01 
 3.540774e+00  8.334263e+00  2.098654e+01  3.234433e+01  5.915602e+01 
 3.590130e+00  8.179271e+00  2.050266e+01  3.156474e+01  5.774984e+01 
 3.640175e+00  8.026820e+00  2.003608e+01  3.082013e+01  5.636675e+01 
 3.690917e+00  7.872186e+00  1.958426e+01  3.007244e+01  5.501305e+01 
 3.742366e+00  7.721974e+00  1.912418e+01  2.935340e+01  5.371349e+01 
 3.794533e+00  7.575982e+00  1.868855e+01  2.865080e+01  5.242021e+01 
 3.847427e+00  7.429512e+00  1.825044e+01  2.795678e+01  5.117017e+01 
 3.901058e+00  7.281962e+00  1.782630e+01  2.728174e+01  4.992509e+01 
 3.955436e+00  7.142212e+00  1.740368e+01  2.660315e+01  4.870016e+01 
 4.010573e+00  6.997323e+00  1.698795e+01  2.595400e+01  4.751604e+01 
 4.066478e+00  6.856447e+00  1.657614e+01  2.530500e+01  4.633295e+01 
 4.123163e+00  6.715997e+00  1.617961e+01  2.467206e+01  4.518474e+01 
 4.180637e+00  6.579934e+00  1.578788e+01  2.405671e+01  4.405594e+01 
 4.238913e+00  6.444473e+00  1.539953e+01  2.344894e+01  4.296434e+01 
 4.298001e+00  6.308780e+00  1.502289e+01  2.286090e+01  4.188791e+01 
 4.357913e+00  6.181026e+00  1.465339e+01  2.228633e+01  4.085015e+01 
 4.418660e+00  6.051700e+00  1.429796e+01  2.172363e+01  3.983633e+01 
 4.480254e+00  5.924237e+00  1.394538e+01  2.117660e+01  3.884405e+01 
 4.542706e+00  5.801762e+00  1.360052e+01  2.064150e+01  3.787488e+01 
 4.606029e+00  5.679493e+00  1.326926e+01  2.012503e+01  3.694168e+01 
 4.670234e+00  5.559541e+00  1.294292e+01  1.962354e+01  3.602756e+01 
 4.735335e+00  5.442126e+00  1.262539e+01  1.912915e+01  3.512942e+01 
 4.801343e+00  5.328083e+00  1.231585e+01  1.864818e+01  3.425144e+01 
 4.868271e+00  5.213594e+00  1.200899e+01  1.817408e+01  3.339113e+01 
 4.936132e+00  5.100575e+00  1.170735e+01  1.771016e+01  3.254924e+01 
 5.004939e+00  4.988755e+00  1.141322e+01  1.725555e+01  3.172128e+01 
 5.074705e+00  4.877664e+00  1.112351e+01  1.680863e+01  3.091434e+01 
 5.145444e+00  4.770146e+00  1.084072e+01  1.637439e+01  3.012581e+01 
 5.217169e+00  4.662620e+00  1.056333e+01  1.594773e+01  2.934601e+01 
 5.289893e+00  4.559437e+00  1.029452e+01  1.553815e+01  2.859747e+01 
 5.363631e+00  4.455787e+00  1.003165e+01  1.513182e+01  2.786183e+01 
 5.438397e+00  4.355954e+00  9.774858e+00  1.474002e+01  2.714442e+01 
 5.514206e+00  4.257697e+00  9.525693e+00  1.435896e+01  2.644995e+01 
 5.591071e+00  4.160591e+00  9.283691e+00  1.398708e+01  2.577307e+01 
 5.669007e+00  4.067783e+00  9.047194e+00  1.362794e+01  2.511754e+01 
 5.748030e+00  3.975769e+00  8.818272e+00  1.327633e+01  2.447399e+01 
 5.828155e+00  3.885763e+00  8.595119e+00  1.293626e+01  2.385045e+01 
 5.909396e+00  3.797756e+00  8.377241e+00  1.260410e+01  2.324412e+01 
 5.991770e+00  3.711044e+00  8.163908e+00  1.227885e+01  2.265071e+01 
 6.075292e+00  3.626161e+00  7.956509e+00  1.196231e+01  2.206815e+01 
 6.159978e+00  3.542332e+00  7.752462e+00  1.165206e+01  2.149994e+01 
 6.245845e+00  3.459839e+00  7.552968e+00  1.134851e+01  2.094120e+01 
 6.332908e+00  3.378563e+00  7.357006e+00  1.105082e+01  2.039378e+01 
 6.421186e+00  3.299385e+00  7.166540e+00  1.076019e+01  1.986015e+01 
 6.510694e+00  3.221267e+00  6.980360e+00  1.047780e+01  1.934012e+01 
 6.601449e+00  3.145448e+00  6.799670e+00  1.020273e+01  1.883338e+01 
 6.693470e+00  3.070764e+00  6.622820e+00  9.933938e+00  1.833864e+01 
 6.786773e+00  2.998134e+00  6.451534e+00  9.673070e+00  1.785867e+01 
 6.881377e+00  2.927648e+00  6.285218e+00  9.420126e+00  1.739051e+01 
 6.977300e+00  2.858645e+00  6.123957e+00  9.175680e+00  1.693708e+01 
 7.074559e+00  2.791823e+00  5.966854e+00  8.936341e+00  1.649538e+01 
 7.173175e+00  2.726220e+00  5.814608e+00  8.704766e+00  1.606730e+01 
 7.273165e+00  2.662633e+00  5.666666e+00  8.480433e+00  1.565007e+01 
 7.374549e+00  2.600296e+00  5.522262e+00  8.260996e+00  1.524475e+01 
 7.477346e+00  2.539179e+00  5.382058e+00  8.048346e+00  1.484872e+01 
 7.581576e+00  2.479700e+00  5.244128e+00  7.839230e+00  1.446048e+01 
 7.687260e+00  2.420986e+00  5.109876e+00  7.634985e+00  1.408222e+01 
 7.794416e+00  2.363485e+00  4.978661e+00  7.434583e+00  1.371078e+01 
 7.903066e+00  2.307204e+00  4.849637e+00  7.238627e+00  1.334708e+01 
 8.013230e+00  2.252112e+00  4.724609e+00  7.049106e+00  1.299330e+01 
 8.124930e+00  2.198136e+00  4.602483e+00  6.863381e+00  1.264792e+01 
 8.238187e+00  2.145756e+00  4.483348e+00  6.682213e+00  1.231163e+01 
 8.353023e+00  2.094541e+00  4.367736e+00  6.506649e+00  1.198435e+01 
 8.469460e+00  2.044829e+00  4.255550e+00  6.336255e+00  1.166635e+01 
 8.587519e+00  1.996490e+00  4.146390e+00  6.170192e+00  1.135751e+01 
 8.707225e+00  1.949478e+00  4.040280e+00  6.009520e+00  1.105759e+01 
 8.828599e+00  1.903835e+00  3.937916e+00  5.853413e+00  1.076595e+01 
 8.951665e+00  1.859027e+00  3.838357e+00  5.701820e+00  1.048358e+01 
 9.076446e+00  1.816127e+00  3.741657e+00  5.554976e+00  1.020925e+01 
 9.202967e+00  1.774039e+00  3.647240e+00  5.412069e+00  9.942146e+00 
 9.331251e+00  1.732914e+00  3.555354e+00  5.272276e+00  9.681504e+00 
 9.461324e+00  0.000000e+00  0.000000e+00  0.000000e+00  0.000000e+00 
 9.593209e+00  0.000000e+00  0.000000e+00  0.000000e+00  0.000000e+00 
 9.726934e+00  0.000000e+00  0.000000e+00  0.000000e+00  0.000000e+00 
 9.862522e+00  0.000000e+00  0.000000e+00  0.000000e+00  0.000000e+00 
 1.000000e+01  0.000000e+00  0.000000e+00  0.000000e+00  0.000000e+00 
