 1.000000e-02  5.910357e+03  1.072875e+04  1.446458e+04  2.142626e+04 
 1.013939e-02  5.940877e+03  1.078394e+04  1.453885e+04  2.153591e+04 
 1.028073e-02  5.970728e+03  1.083792e+04  1.461146e+04  2.164316e+04 
 1.042404e-02  5.999893e+03  1.089065e+04  1.468228e+04  2.174778e+04 
 1.056935e-02  6.028398e+03  1.094216e+04  1.475144e+04  2.184989e+04 
 1.071668e-02  6.056261e+03  1.099247e+04  1.481906e+04  2.194972e+04 
 1.086606e-02  6.083544e+03  1.104171e+04  1.488531e+04  2.204749e+04 
 1.101753e-02  6.110212e+03  1.108984e+04  1.495007e+04  2.214293e+04 
 1.117111e-02  6.136210e+03  1.113677e+04  1.501316e+04  2.223584e+04 
 1.132683e-02  6.161503e+03  1.118242e+04  1.507454e+04  2.232620e+04 
 1.148472e-02  6.186091e+03  1.122677e+04  1.513420e+04  2.241405e+04 
 1.164481e-02  6.209954e+03  1.126981e+04  1.519208e+04  2.249925e+04 
 1.180713e-02  6.233075e+03  1.131148e+04  1.524810e+04  2.258172e+04 
 1.197171e-02  6.255443e+03  1.135177e+04  1.530223e+04  2.266138e+04 
 1.213859e-02  6.277067e+03  1.139070e+04  1.535447e+04  2.273830e+04 
 1.230780e-02  6.297864e+03  1.142815e+04  1.540471e+04  2.281232e+04 
 1.247936e-02  6.317740e+03  1.146391e+04  1.545273e+04  2.288298e+04 
 1.265332e-02  6.336702e+03  1.149801e+04  1.549856e+04  2.295016e+04 
 1.282970e-02  6.354749e+03  1.153044e+04  1.554215e+04  2.301389e+04 
 1.300854e-02  6.371891e+03  1.156123e+04  1.558345e+04  2.307446e+04 
 1.318987e-02  6.388215e+03  1.159052e+04  1.562262e+04  2.313217e+04 
 1.337373e-02  6.403676e+03  1.161824e+04  1.565964e+04  2.318668e+04 
 1.356015e-02  6.418170e+03  1.164418e+04  1.569437e+04  2.323750e+04 
 1.374917e-02  6.431656e+03  1.166832e+04  1.572673e+04  2.328459e+04 
 1.394083e-02  6.444136e+03  1.169060e+04  1.575663e+04  2.332801e+04 
 1.413516e-02  6.455574e+03  1.171102e+04  1.578400e+04  2.336777e+04 
 1.433219e-02  6.465972e+03  1.172953e+04  1.580877e+04  2.340379e+04 
 1.453198e-02  6.475295e+03  1.174608e+04  1.583080e+04  2.343590e+04 
 1.473454e-02  6.483529e+03  1.176064e+04  1.585012e+04  2.346403e+04 
 1.493993e-02  6.490678e+03  1.177324e+04  1.586680e+04  2.348819e+04 
 1.514819e-02  6.496717e+03  1.178384e+04  1.588079e+04  2.350834e+04 
 1.535935e-02  6.501585e+03  1.179232e+04  1.589197e+04  2.352423e+04 
 1.557345e-02  6.505264e+03  1.179865e+04  1.590025e+04  2.353575e+04 
 1.579053e-02  6.507778e+03  1.180284e+04  1.590566e+04  2.354308e+04 
 1.601064e-02  6.509147e+03  1.180495e+04  1.590832e+04  2.354642e+04 
 1.623382e-02  6.509327e+03  1.180489e+04  1.590807e+04  2.354545e+04 
 1.646012e-02  6.508204e+03  1.180250e+04  1.590463e+04  2.353969e+04 
 1.668956e-02  6.505763e+03  1.179773e+04  1.589796e+04  2.352900e+04 
 1.692220e-02  6.502035e+03  1.179060e+04  1.588809e+04  2.351356e+04 
 1.715809e-02  6.497019e+03  1.178111e+04  1.587507e+04  2.349347e+04 
 1.739726e-02  6.490706e+03  1.176925e+04  1.585884e+04  2.346873e+04 
 1.763977e-02  6.483048e+03  1.175497e+04  1.583935e+04  2.343924e+04 
 1.788566e-02  6.474029e+03  1.173824e+04  1.581656e+04  2.340490e+04 
 1.813498e-02  6.463669e+03  1.171907e+04  1.579046e+04  2.336562e+04 
 1.838777e-02  6.451961e+03  1.169744e+04  1.576105e+04  2.332133e+04 
 1.864409e-02  6.438871e+03  1.167331e+04  1.572826e+04  2.327196e+04 
 1.890397e-02  6.424363e+03  1.164660e+04  1.569199e+04  2.321745e+04 
 1.916748e-02  6.408441e+03  1.161732e+04  1.565226e+04  2.315782e+04 
 1.943467e-02  6.391110e+03  1.158549e+04  1.560912e+04  2.309317e+04 
 1.970558e-02  6.372379e+03  1.155111e+04  1.556254e+04  2.302347e+04 
 1.998026e-02  6.352236e+03  1.151418e+04  1.551254e+04  2.294864e+04 
 2.025878e-02  6.330696e+03  1.147472e+04  1.545908e+04  2.286866e+04 
 2.054117e-02  6.307729e+03  1.143267e+04  1.540214e+04  2.278356e+04 
 2.082751e-02  6.283319e+03  1.138800e+04  1.534168e+04  2.269333e+04 
 2.111783e-02  6.257479e+03  1.134073e+04  1.527773e+04  2.259802e+04 
 2.141220e-02  6.230330e+03  1.129105e+04  1.521048e+04  2.249763e+04 
 2.171068e-02  6.202382e+03  1.123967e+04  1.514067e+04  2.239263e+04 
 2.201331e-02  6.173039e+03  1.118575e+04  1.506745e+04  2.228257e+04 
 2.232016e-02  6.142284e+03  1.112926e+04  1.499079e+04  2.216753e+04 
 2.263130e-02  6.110117e+03  1.107024e+04  1.491071e+04  2.204752e+04 
 2.294676e-02  6.076581e+03  1.100873e+04  1.482727e+04  2.192250e+04 
 2.326663e-02  6.041688e+03  1.094478e+04  1.474053e+04  2.179246e+04 
 2.359095e-02  6.005463e+03  1.087842e+04  1.465053e+04  2.165756e+04 
 2.391980e-02  5.967937e+03  1.080967e+04  1.455735e+04  2.151803e+04 
 2.425323e-02  5.929101e+03  1.073857e+04  1.446100e+04  2.137384e+04 
 2.459130e-02  5.888978e+03  1.066514e+04  1.436152e+04  2.122500e+04 
 2.493409e-02  5.847593e+03  1.058944e+04  1.425896e+04  2.107161e+04 
 2.528166e-02  5.804982e+03  1.051153e+04  1.415341e+04  2.091382e+04 
 2.563407e-02  5.761186e+03  1.043146e+04  1.404497e+04  2.075179e+04 
 2.599140e-02  5.716241e+03  1.034931e+04  1.393376e+04  2.058563e+04 
 2.635371e-02  5.670179e+03  1.026515e+04  1.381982e+04  2.041544e+04 
 2.672106e-02  5.623039e+03  1.017904e+04  1.370326e+04  2.024138e+04 
 2.709354e-02  5.574857e+03  1.009105e+04  1.358418e+04  2.006359e+04 
 2.747121e-02  5.525667e+03  1.000124e+04  1.346264e+04  1.988219e+04 
 2.785414e-02  5.475460e+03  9.909596e+03  1.333867e+04  1.969726e+04 
 2.824241e-02  5.423993e+03  9.815804e+03  1.321190e+04  1.950849e+04 
 2.863610e-02  5.371664e+03  9.720491e+03  1.308307e+04  1.931666e+04 
 2.903527e-02  5.318547e+03  9.623717e+03  1.295233e+04  1.912199e+04 
 2.944000e-02  5.264686e+03  9.525600e+03  1.281980e+04  1.892470e+04 
 2.985038e-02  5.210139e+03  9.426245e+03  1.268560e+04  1.872496e+04 
 3.026648e-02  5.154961e+03  9.325767e+03  1.254987e+04  1.852297e+04 
 3.068838e-02  5.099211e+03  9.224273e+03  1.241276e+04  1.831899e+04 
 3.111616e-02  5.042964e+03  9.121879e+03  1.227447e+04  1.811325e+04 
 3.154990e-02  4.986274e+03  9.018704e+03  1.213514e+04  1.790600e+04 
 3.198969e-02  4.929221e+03  8.914878e+03  1.199494e+04  1.769747e+04 
 3.243561e-02  4.871874e+03  8.810520e+03  1.185403e+04  1.748791e+04 
 3.288774e-02  4.814285e+03  8.705737e+03  1.171254e+04  1.727753e+04 
 3.334618e-02  4.756534e+03  8.600654e+03  1.157066e+04  1.706658e+04 
 3.381101e-02  4.698684e+03  8.495402e+03  1.142855e+04  1.685532e+04 
 3.428231e-02  4.640812e+03  8.390123e+03  1.128642e+04  1.664405e+04 
 3.476019e-02  4.582805e+03  8.284970e+03  1.114486e+04  1.643470e+04 
 3.524473e-02  4.524929e+03  8.180056e+03  1.100363e+04  1.622589e+04 
 3.573602e-02  4.467259e+03  8.075508e+03  1.086290e+04  1.601781e+04 
 3.623416e-02  4.409862e+03  7.971448e+03  1.072282e+04  1.581071e+04 
 3.673925e-02  4.352788e+03  7.868000e+03  1.058355e+04  1.560486e+04 
 3.725137e-02  4.296116e+03  7.765297e+03  1.044528e+04  1.540048e+04 
 3.777064e-02  4.239930e+03  7.663483e+03  1.030815e+04  1.519775e+04 
 3.829714e-02  4.184308e+03  7.562675e+03  1.017236e+04  1.499693e+04 
 3.883098e-02  4.129292e+03  7.462976e+03  1.003806e+04  1.479828e+04 
 3.937226e-02  4.074958e+03  7.364492e+03  9.905377e+03  1.460208e+04 
 3.992109e-02  4.021356e+03  7.267325e+03  9.774474e+03  1.440856e+04 
 4.047757e-02  3.968531e+03  7.171537e+03  9.645388e+03  1.421762e+04 
 4.104181e-02  3.916295e+03  7.076135e+03  9.516079e+03  1.402435e+04 
 4.161391e-02  3.864963e+03  6.982362e+03  9.388983e+03  1.383440e+04 
 4.219398e-02  3.814582e+03  6.890297e+03  9.264235e+03  1.364796e+04 
 4.278214e-02  3.765194e+03  6.800033e+03  9.141932e+03  1.346519e+04 
 4.337850e-02  3.716851e+03  6.711662e+03  9.022173e+03  1.328620e+04 
 4.398317e-02  3.669578e+03  6.625242e+03  8.905039e+03  1.311112e+04 
 4.459628e-02  3.623402e+03  6.540807e+03  8.790591e+03  1.294006e+04 
 4.521792e-02  3.578332e+03  6.458384e+03  8.678875e+03  1.277309e+04 
 4.584824e-02  3.534390e+03  6.378011e+03  8.569943e+03  1.261029e+04 
 4.648734e-02  3.491604e+03  6.299736e+03  8.463842e+03  1.245171e+04 
 4.713535e-02  3.450178e+03  6.224779e+03  8.363092e+03  1.230337e+04 
 4.779239e-02  3.410003e+03  6.152632e+03  8.266649e+03  1.216281e+04 
 4.845859e-02  3.370956e+03  6.082538e+03  8.172958e+03  1.202630e+04 
 4.913407e-02  3.333028e+03  6.014466e+03  8.081987e+03  1.189383e+04 
 4.981898e-02  3.296204e+03  5.948368e+03  7.993677e+03  1.176530e+04 
 5.051342e-02  3.260443e+03  5.884186e+03  7.907951e+03  1.164061e+04 
 5.121755e-02  3.225702e+03  5.821850e+03  7.824714e+03  1.151957e+04 
 5.193150e-02  3.191928e+03  5.761278e+03  7.743849e+03  1.140205e+04 
 5.265540e-02  3.159062e+03  5.702366e+03  7.665215e+03  1.128784e+04 
 5.338938e-02  3.126781e+03  5.644013e+03  7.586820e+03  1.117266e+04 
 5.413360e-02  3.094973e+03  5.585927e+03  7.508170e+03  1.105554e+04 
 5.488820e-02  3.063904e+03  5.529187e+03  7.431329e+03  1.094113e+04 
 5.565331e-02  3.033451e+03  5.473563e+03  7.355999e+03  1.082898e+04 
 5.642908e-02  3.003454e+03  5.418759e+03  7.281803e+03  1.071852e+04 
 5.721568e-02  2.973871e+03  5.364694e+03  7.208634e+03  1.060960e+04 
 5.801323e-02  2.944832e+03  5.311621e+03  7.136815e+03  1.050271e+04 
 5.882190e-02  2.916419e+03  5.259698e+03  7.066545e+03  1.039815e+04 
 5.964185e-02  2.888591e+03  5.209233e+03  6.998630e+03  1.029819e+04 
 6.047322e-02  2.861370e+03  5.160931e+03  6.934712e+03  1.020702e+04 
 6.131619e-02  2.833665e+03  5.111750e+03  6.869620e+03  1.011415e+04 
 6.217090e-02  2.805324e+03  5.061423e+03  6.802992e+03  1.001905e+04 
 6.303753e-02  2.776411e+03  5.010064e+03  6.734977e+03  9.921930e+03 
 6.391624e-02  2.746996e+03  4.957808e+03  6.665753e+03  9.823043e+03 
 6.480720e-02  2.717047e+03  4.904597e+03  6.595246e+03  9.722283e+03 
 6.571058e-02  2.686416e+03  4.850153e+03  6.523092e+03  9.619109e+03 
 6.662655e-02  2.653661e+03  4.789805e+03  6.440858e+03  9.495167e+03 
 6.755528e-02  2.619908e+03  4.727598e+03  6.356101e+03  9.367388e+03 
 6.849697e-02  2.585135e+03  4.663572e+03  6.268925e+03  9.236121e+03 
 6.945178e-02  2.549294e+03  4.597631e+03  6.179192e+03  9.101176e+03 
 7.041990e-02  2.512331e+03  4.529695e+03  6.086793e+03  8.962402e+03 
 7.140151e-02  2.474212e+03  4.459699e+03  5.991651e+03  8.819684e+03 
 7.239681e-02  2.435202e+03  4.388450e+03  5.895267e+03  8.676475e+03 
 7.340598e-02  2.395366e+03  4.316118e+03  5.797934e+03  8.533435e+03 
 7.442922e-02  2.354353e+03  4.241695e+03  5.697803e+03  8.386311e+03 
 7.546673e-02  2.312202e+03  4.165250e+03  5.594959e+03  8.235223e+03 
 7.651869e-02  2.268985e+03  4.086901e+03  5.489569e+03  8.080422e+03 
 7.758532e-02  2.224778e+03  4.006782e+03  5.381835e+03  7.922207e+03 
 7.866682e-02  2.180632e+03  3.928037e+03  5.277211e+03  7.771625e+03 
 7.976339e-02  2.137248e+03  3.852699e+03  5.179156e+03  7.635591e+03 
 8.087525e-02  2.093169e+03  3.776058e+03  5.079268e+03  7.496654e+03 
 8.200261e-02  2.048562e+03  3.698394e+03  4.977925e+03  7.355356e+03 
 8.314568e-02  2.003609e+03  3.620028e+03  4.875538e+03  7.212305e+03 
 8.430468e-02  1.958496e+03  3.541289e+03  4.772557e+03  7.068152e+03 
 8.547985e-02  1.912433e+03  3.459370e+03  4.663915e+03  6.912317e+03 
 8.667139e-02  1.866182e+03  3.376431e+03  4.553258e+03  6.751907e+03 
 8.787954e-02  1.820439e+03  3.294396e+03  4.443790e+03  6.593140e+03 
 8.910453e-02  1.775425e+03  3.213665e+03  4.336037e+03  6.436787e+03 
 9.034660e-02  1.731341e+03  3.134602e+03  4.230489e+03  6.283577e+03 
 9.160598e-02  1.689061e+03  3.059720e+03  4.131364e+03  6.141628e+03 
 9.288292e-02  1.648688e+03  2.989083e+03  4.038666e+03  6.010730e+03 
 9.417766e-02  1.609748e+03  2.920965e+03  3.949300e+03  5.884528e+03 
 9.549045e-02  1.572395e+03  2.855661e+03  3.863657e+03  5.763602e+03 
 9.682153e-02  1.536768e+03  2.793424e+03  3.782052e+03  5.648455e+03 
 9.817117e-02  1.503193e+03  2.735192e+03  3.706072e+03  5.542184e+03 
 9.953962e-02  1.471611e+03  2.680632e+03  3.635095e+03  5.443387e+03 
 1.009272e-01  1.441986e+03  2.629560e+03  3.568770e+03  5.351284e+03 
 1.023340e-01  1.414322e+03  2.581999e+03  3.507114e+03  5.265972e+03 
 1.037605e-01  1.387879e+03  2.535767e+03  3.446410e+03  5.180236e+03 
 1.052069e-01  1.360642e+03  2.484877e+03  3.376482e+03  5.074154e+03 
 1.066734e-01  1.335317e+03  2.437531e+03  3.311391e+03  4.975256e+03 
 1.081604e-01  1.311775e+03  2.393457e+03  3.250772e+03  4.883066e+03 
 1.096681e-01  1.289848e+03  2.352355e+03  3.194186e+03  4.796950e+03 
 1.111968e-01  1.269779e+03  2.315129e+03  3.143071e+03  4.719040e+03 
 1.127468e-01  1.250941e+03  2.280188e+03  3.095070e+03  4.645774e+03 
 1.143184e-01  1.233073e+03  2.247034e+03  3.049547e+03  4.576188e+03 
 1.159120e-01  1.215921e+03  2.215220e+03  3.005841e+03  4.509338e+03 
 1.175277e-01  1.200390e+03  2.187631e+03  2.968875e+03  4.454721e+03 
 1.191660e-01  1.185125e+03  2.160637e+03  2.932792e+03  4.401599e+03 
 1.208271e-01  1.169752e+03  2.133436e+03  2.896433e+03  4.348038e+03 
 1.225114e-01  1.153977e+03  2.105492e+03  2.859123e+03  4.293154e+03 
 1.242191e-01  1.137374e+03  2.076010e+03  2.819959e+03  4.236790e+03 
 1.259506e-01  1.119963e+03  2.045057e+03  2.778760e+03  4.177399e+03 
 1.277063e-01  1.101558e+03  2.012273e+03  2.735093e+03  4.114244e+03 
 1.294865e-01  1.082448e+03  1.978465e+03  2.690101e+03  4.048858e+03 
 1.312915e-01  1.062614e+03  1.943645e+03  2.643777e+03  3.981243e+03 
 1.331216e-01  1.041541e+03  1.906495e+03  2.594309e+03  3.908843e+03 
 1.349772e-01  1.019292e+03  1.867184e+03  2.541962e+03  3.832192e+03 
 1.368587e-01  9.972127e+02  1.830319e+03  2.495279e+03  3.770837e+03 
 1.387665e-01  9.741186e+02  1.791468e+03  2.445754e+03  3.704929e+03 
 1.407008e-01  9.502041e+02  1.750965e+03  2.393839e+03  3.635088e+03 
 1.426621e-01  9.265461e+02  1.711026e+03  2.342320e+03  3.563762e+03 
 1.446507e-01  9.028333e+02  1.670893e+03  2.290344e+03  3.490896e+03 
 1.466671e-01  8.790842e+02  1.630520e+03  2.237902e+03  3.417028e+03 
 1.487115e-01  8.532915e+02  1.584174e+03  2.175795e+03  3.326224e+03 
 1.507845e-01  8.266037e+02  1.534725e+03  2.108449e+03  3.225916e+03 
 1.528864e-01  8.009591e+02  1.487204e+03  2.043704e+03  3.129340e+03 
 1.550175e-01  7.784561e+02  1.447354e+03  1.990825e+03  3.053270e+03 
 1.571784e-01  7.586500e+02  1.413716e+03  1.947360e+03  2.993177e+03 
 1.593694e-01  7.403199e+02  1.382667e+03  1.907337e+03  2.938029e+03 
 1.615909e-01  7.239838e+02  1.355397e+03  1.872392e+03  2.889941e+03 
 1.638434e-01  7.094386e+02  1.331432e+03  1.841866e+03  2.848323e+03 
 1.661273e-01  6.964580e+02  1.310284e+03  1.815152e+03  2.812318e+03 
 1.684430e-01  6.814563e+02  1.282472e+03  1.777386e+03  2.756703e+03 
 1.707910e-01  6.674022e+02  1.256077e+03  1.741296e+03  2.703348e+03 
 1.731717e-01  6.551132e+02  1.233411e+03  1.710564e+03  2.658132e+03 
 1.755856e-01  6.461004e+02  1.218618e+03  1.691547e+03  2.631024e+03 
 1.780332e-01  6.376361e+02  1.204826e+03  1.673873e+03  2.606016e+03 
 1.805149e-01  6.276875e+02  1.186138e+03  1.647703e+03  2.564642e+03 
 1.830312e-01  6.166692e+02  1.164190e+03  1.615999e+03  2.512807e+03 
 1.855825e-01  6.054938e+02  1.142304e+03  1.584761e+03  2.462585e+03 
 1.881694e-01  5.945783e+02  1.122919e+03  1.559196e+03  2.426241e+03 
 1.907924e-01  5.829382e+02  1.102147e+03  1.531683e+03  2.386844e+03 
 1.934520e-01  5.701122e+02  1.079104e+03  1.501278e+03  2.344498e+03 
 1.961486e-01  5.563187e+02  1.054198e+03  1.468343e+03  2.298607e+03 
 1.988828e-01  5.430119e+02  1.030882e+03  1.437752e+03  2.255741e+03 
 2.016551e-01  5.308693e+02  1.010726e+03  1.411759e+03  2.219185e+03 
 2.044661e-01  5.179854e+02  9.887683e+02  1.382961e+03  2.177733e+03 
 2.073162e-01  5.036658e+02  9.622605e+02  1.346425e+03  2.122030e+03 
 2.102061e-01  4.893701e+02  9.357397e+02  1.309829e+03  2.066117e+03 
 2.131362e-01  4.791953e+02  9.212872e+02  1.292923e+03  2.044220e+03 
 2.161073e-01  4.696476e+02  9.080486e+02  1.277719e+03  2.024953e+03 
 2.191197e-01  4.573143e+02  8.868419e+02  1.250405e+03  1.988266e+03 
 2.221741e-01  4.451446e+02  8.652790e+02  1.222293e+03  1.950459e+03 
 2.252711e-01  4.344109e+02  8.468554e+02  1.198712e+03  1.918903e+03 
 2.284112e-01  4.248570e+02  8.307659e+02  1.178389e+03  1.892063e+03 
 2.315951e-01  4.166741e+02  8.161775e+02  1.158464e+03  1.860966e+03 
 2.348235e-01  4.094524e+02  8.030382e+02  1.139979e+03  1.830467e+03 
 2.380968e-01  4.007809e+02  7.858979e+02  1.115689e+03  1.792765e+03 
 2.414157e-01  3.920213e+02  7.682993e+02  1.090717e+03  1.754490e+03 
 2.447809e-01  3.832931e+02  7.515648e+02  1.067669e+03  1.719341e+03 
 2.481930e-01  3.746584e+02  7.351536e+02  1.045152e+03  1.684983e+03 
 2.516527e-01  3.694961e+02  7.269106e+02  1.034261e+03  1.668393e+03 
 2.551606e-01  3.629782e+02  7.156100e+02  1.019064e+03  1.645639e+03 
 2.587174e-01  3.529755e+02  6.962626e+02  9.925676e+02  1.607166e+03 
 2.623238e-01  3.444666e+02  6.809894e+02  9.722074e+02  1.578062e+03 
 2.659804e-01  3.376978e+02  6.703525e+02  9.588022e+02  1.559605e+03 
 2.696881e-01  3.287321e+02  6.543024e+02  9.372792e+02  1.527285e+03 
 2.734474e-01  3.192350e+02  6.368756e+02  9.136776e+02  1.491439e+03 
 2.772591e-01  3.121847e+02  6.255301e+02  8.997172e+02  1.473781e+03 
 2.811239e-01  3.049164e+02  6.130719e+02  8.840611e+02  1.454697e+03 
 2.850426e-01  2.973562e+02  5.991538e+02  8.662227e+02  1.434022e+03 
 2.890160e-01  2.906366e+02  5.877034e+02  8.513540e+02  1.412281e+03 
 2.930447e-01  2.844989e+02  5.769629e+02  8.366773e+02  1.388582e+03 
 2.971296e-01  2.786351e+02  5.648883e+02  8.180210e+02  1.355784e+03 
 3.012714e-01  2.734099e+02  5.557663e+02  8.057702e+02  1.337289e+03 
 3.054710e-01  2.682141e+02  5.471598e+02  7.950621e+02  1.323066e+03 
 3.097291e-01  2.617847e+02  5.353196e+02  7.795181e+02  1.301892e+03 
 3.140465e-01  2.557974e+02  5.232112e+02  7.619332e+02  1.272556e+03 
 3.184242e-01  2.503775e+02  5.124298e+02  7.462609e+02  1.246301e+03 
 3.228628e-01  2.461210e+02  5.055528e+02  7.377783e+02  1.236244e+03 
 3.273634e-01  2.399865e+02  4.933004e+02  7.201279e+02  1.207847e+03 
 3.319266e-01  2.336249e+02  4.810758e+02  7.032424e+02  1.182405e+03 
 3.365535e-01  2.276519e+02  4.706052e+02  6.898877e+02  1.164745e+03 
 3.412449e-01  2.236706e+02  4.654459e+02  6.836161e+02  1.154026e+03 
 3.460016e-01  2.192844e+02  4.582820e+02  6.743179e+02  1.140774e+03 
 3.508247e-01  2.150021e+02  4.505693e+02  6.639283e+02  1.125422e+03 
 3.557150e-01  2.108846e+02  4.428145e+02  6.532829e+02  1.108765e+03 
 3.606735e-01  2.061155e+02  4.341955e+02  6.419180e+02  1.092554e+03 
 3.657011e-01  2.003552e+02  4.231158e+02  6.267695e+02  1.071847e+03 
 3.707988e-01  1.957466e+02  4.141941e+02  6.145515e+02  1.053532e+03 
 3.759675e-01  1.915094e+02  4.060155e+02  6.032554e+02  1.036481e+03 
 3.812083e-01  1.871023e+02  3.979552e+02  5.922387e+02  1.020337e+03 
 3.865221e-01  1.833816e+02  3.925398e+02  5.856807e+02  1.008252e+03 
 3.919100e-01  1.794966e+02  3.833478e+02  5.718905e+02  9.902685e+02 
 3.973730e-01  1.751835e+02  3.762636e+02  5.628702e+02  9.751798e+02 
 4.029122e-01  1.717896e+02  3.708346e+02  5.550585e+02  9.602489e+02 
 4.085286e-01  1.682806e+02  3.632028e+02  5.441703e+02  9.448171e+02 
 4.142232e-01  1.640758e+02  3.546227e+02  5.329717e+02  9.311423e+02 
 4.199973e-01  1.600825e+02  3.477623e+02  5.242274e+02  9.178673e+02 
 4.258518e-01  1.569113e+02  3.417375e+02  5.154858e+02  9.022867e+02 
 4.317880e-01  1.535314e+02  3.348682e+02  5.052652e+02  8.868188e+02 
 4.378069e-01  1.505296e+02  3.287884e+02  4.964650e+02  8.719110e+02 
 4.439097e-01  1.480464e+02  3.249308e+02  4.919071e+02  8.680455e+02 
 4.500975e-01  1.440651e+02  3.174240e+02  4.815112e+02  8.525550e+02 
 4.563716e-01  1.406658e+02  3.103168e+02  4.710266e+02  8.334659e+02 
 4.627332e-01  1.385772e+02  3.074616e+02  4.680050e+02  8.304359e+02 
 4.691835e-01  1.350637e+02  3.003651e+02  4.576398e+02  8.127772e+02 
 4.757236e-01  1.325324e+02  2.953427e+02  4.507325e+02  8.021033e+02 
 4.823549e-01  1.291181e+02  2.882283e+02  4.408051e+02  7.889530e+02 
 4.890787e-01  1.264302e+02  2.829753e+02  4.336114e+02  7.773422e+02 
 4.958962e-01  1.244474e+02  2.789546e+02  4.271996e+02  7.654414e+02 
 5.028087e-01  1.217700e+02  2.742064e+02  4.207366e+02  7.559541e+02 
 5.098176e-01  1.195524e+02  2.700280e+02  4.144203e+02  7.431838e+02 
 5.169242e-01  1.175034e+02  2.660725e+02  4.091330e+02  7.358079e+02 
 5.241298e-01  1.137177e+02  2.596164e+02  4.012308e+02  7.260042e+02 
 5.314359e-01  1.117849e+02  2.565320e+02  3.968102e+02  7.187859e+02 
 5.388438e-01  1.094565e+02  2.511094e+02  3.887220e+02  7.066791e+02 
 5.463550e-01  1.075485e+02  2.472371e+02  3.828435e+02  6.969308e+02 
 5.539709e-01  1.047501e+02  2.423167e+02  3.764794e+02  6.867182e+02 
 5.616930e-01  1.029323e+02  2.386750e+02  3.712859e+02  6.787044e+02 
 5.695227e-01  1.009560e+02  2.354854e+02  3.671623e+02  6.691498e+02 
 5.774615e-01  9.866789e+01  2.300813e+02  3.592187e+02  6.580499e+02 
 5.855110e-01  9.693153e+01  2.267076e+02  3.538937e+02  6.491835e+02 
 5.936727e-01  9.470855e+01  2.214214e+02  3.466547e+02  6.381730e+02 
 6.019482e-01  9.315394e+01  2.189243e+02  3.423977e+02  6.303820e+02 
 6.103390e-01  9.099126e+01  2.152023e+02  3.374217e+02  6.209871e+02 
 6.188468e-01  8.899895e+01  2.120492e+02  3.347785e+02  6.187646e+02 
 6.274732e-01  8.754175e+01  2.080718e+02  3.279836e+02  6.082263e+02 
 6.362198e-01  8.584928e+01  2.049850e+02  3.232835e+02  5.990063e+02 
 6.450884e-01  8.387249e+01  2.014091e+02  3.182333e+02  5.899411e+02 
 6.540806e-01  8.212976e+01  1.971500e+02  3.118179e+02  5.809845e+02 
 6.631981e-01  8.036375e+01  1.944261e+02  3.087684e+02  5.749574e+02 
 6.724427e-01  7.885239e+01  1.910975e+02  3.042510e+02  5.694130e+02 
 6.818162e-01  7.719356e+01  1.876278e+02  2.980188e+02  5.583657e+02 
 6.913204e-01  7.556827e+01  1.843231e+02  2.937201e+02  5.506850e+02 
 7.009570e-01  7.450035e+01  1.815809e+02  2.897248e+02  5.436130e+02 
 7.107280e-01  7.264506e+01  1.786706e+02  2.854153e+02  5.350540e+02 
 7.206351e-01  7.153329e+01  1.759890e+02  2.819276e+02  5.307004e+02 
 7.306804e-01  7.012790e+01  1.733289e+02  2.773437e+02  5.212416e+02 
 7.408657e-01  6.858579e+01  1.699920e+02  2.725742e+02  5.148585e+02 
 7.511929e-01  6.715739e+01  1.670072e+02  2.687260e+02  5.076261e+02 
 7.616642e-01  6.584875e+01  1.640754e+02  2.645694e+02  5.015043e+02 
 7.722814e-01  6.502407e+01  1.623606e+02  2.614896e+02  4.939811e+02 
 7.830465e-01  6.366119e+01  1.593269e+02  2.572293e+02  4.875260e+02 
 7.939618e-01  6.251247e+01  1.572837e+02  2.538889e+02  4.828880e+02 
 8.050292e-01  6.114493e+01  1.545252e+02  2.506450e+02  4.765013e+02 
 8.162509e-01  6.011847e+01  1.522396e+02  2.463719e+02  4.683612e+02 
 8.276289e-01  5.867233e+01  1.493349e+02  2.425750e+02  4.624784e+02 
 8.391656e-01  5.796994e+01  1.475107e+02  2.391873e+02  4.575248e+02 
 8.508632e-01  5.689109e+01  1.450741e+02  2.359728e+02  4.512435e+02 
 8.627237e-01  5.568109e+01  1.427901e+02  2.324524e+02  4.441454e+02 
 8.747496e-01  5.466104e+01  1.404349e+02  2.291037e+02  4.381960e+02 
 8.869432e-01  5.373531e+01  1.384407e+02  2.260010e+02  4.326149e+02 
 8.993067e-01  5.267126e+01  1.362705e+02  2.225990e+02  4.264103e+02 
 9.118425e-01  5.184335e+01  1.339455e+02  2.188924e+02  4.188464e+02 
 9.245531e-01  5.073924e+01  1.317514e+02  2.155443e+02  4.144295e+02 
 9.374409e-01  4.978458e+01  1.297879e+02  2.128380e+02  4.086799e+02 
 9.505083e-01  4.897885e+01  1.277665e+02  2.097521e+02  4.030433e+02 
 9.637579e-01  4.793735e+01  1.253554e+02  2.061847e+02  3.971876e+02 
 9.771921e-01  4.734993e+01  1.245655e+02  2.040347e+02  3.918313e+02 
 9.908137e-01  4.645262e+01  1.222770e+02  2.008951e+02  3.867496e+02 
 1.004625e+00  4.554988e+01  1.200549e+02  1.974606e+02  3.802903e+02 
 1.018629e+00  4.480140e+01  1.184174e+02  1.946752e+02  3.748059e+02 
 1.032828e+00  4.395500e+01  1.166088e+02  1.922501e+02  3.708585e+02 
 1.047225e+00  4.312046e+01  1.149286e+02  1.891503e+02  3.644427e+02 
 1.061823e+00  4.247140e+01  1.133676e+02  1.865612e+02  3.591701e+02 
 1.076624e+00  4.168143e+01  1.115922e+02  1.838139e+02  3.537294e+02 
 1.091632e+00  4.096602e+01  1.098445e+02  1.811517e+02  3.483358e+02 
 1.106848e+00  4.019740e+01  1.079679e+02  1.784683e+02  3.436277e+02 
 1.122277e+00  3.950205e+01  1.064442e+02  1.755315e+02  3.379289e+02 
 1.137921e+00  3.879692e+01  1.046559e+02  1.729259e+02  3.329286e+02 
 1.153783e+00  3.817620e+01  1.030455e+02  1.703194e+02  3.281387e+02 
 1.169866e+00  3.749448e+01  1.015102e+02  1.677564e+02  3.235060e+02 
 1.186174e+00  3.682067e+01  1.000509e+02  1.652612e+02  3.182638e+02 
 1.202708e+00  3.623846e+01  9.851346e+01  1.628115e+02  3.133909e+02 
 1.219473e+00  3.563142e+01  9.706750e+01  1.604634e+02  3.081673e+02 
 1.236472e+00  3.500021e+01  9.563843e+01  1.581619e+02  3.036322e+02 
 1.253708e+00  3.443832e+01  9.407246e+01  1.555395e+02  2.992192e+02 
 1.271184e+00  3.386636e+01  9.301086e+01  1.535759e+02  2.943598e+02 
 1.288904e+00  3.328991e+01  9.122548e+01  1.509734e+02  2.901522e+02 
 1.306870e+00  3.267946e+01  8.984926e+01  1.485978e+02  2.851834e+02 
 1.325087e+00  3.218471e+01  8.852616e+01  1.463607e+02  2.803819e+02 
 1.343558e+00  3.164725e+01  8.712825e+01  1.440645e+02  2.757577e+02 
 1.362287e+00  3.115717e+01  8.570511e+01  1.416094e+02  2.713385e+02 
 1.381276e+00  3.063739e+01  8.436334e+01  1.391414e+02  2.668640e+02 
 1.400531e+00  3.013402e+01  8.307735e+01  1.370218e+02  2.620562e+02 
 1.420053e+00  2.960788e+01  8.170503e+01  1.348928e+02  2.575474e+02 
 1.439848e+00  2.913488e+01  8.046424e+01  1.325956e+02  2.532828e+02 
 1.459919e+00  2.861401e+01  7.916918e+01  1.303840e+02  2.486562e+02 
 1.480269e+00  2.820086e+01  7.777990e+01  1.281337e+02  2.439459e+02 
 1.500903e+00  2.772546e+01  7.657624e+01  1.259516e+02  2.401394e+02 
 1.521825e+00  2.726960e+01  7.545357e+01  1.239710e+02  2.358263e+02 
 1.543038e+00  2.681155e+01  7.422812e+01  1.220182e+02  2.318144e+02 
 1.564548e+00  2.640999e+01  7.303301e+01  1.199040e+02  2.274853e+02 
 1.586357e+00  2.598110e+01  7.191769e+01  1.179006e+02  2.233449e+02 
 1.608469e+00  2.553761e+01  7.077513e+01  1.159041e+02  2.195381e+02 
 1.630891e+00  2.519210e+01  6.948983e+01  1.136919e+02  2.151524e+02 
 1.653624e+00  2.475282e+01  6.834852e+01  1.118732e+02  2.115181e+02 
 1.676675e+00  2.435483e+01  6.732495e+01  1.099747e+02  2.073352e+02 
 1.700047e+00  2.394839e+01  6.621055e+01  1.079996e+02  2.035157e+02 
 1.723745e+00  2.356905e+01  6.507247e+01  1.060457e+02  1.993592e+02 
 1.747773e+00  2.316389e+01  6.394461e+01  1.041060e+02  1.954641e+02 
 1.772136e+00  2.279726e+01  6.284559e+01  1.021810e+02  1.918632e+02 
 1.796838e+00  2.244090e+01  6.177164e+01  1.003325e+02  1.880223e+02 
 1.821885e+00  2.208980e+01  6.069343e+01  9.844107e+01  1.844164e+02 
 1.847281e+00  2.173362e+01  5.973860e+01  9.671091e+01  1.807546e+02 
 1.873032e+00  2.138848e+01  5.862128e+01  9.478340e+01  1.772133e+02 
 1.899141e+00  2.103146e+01  5.757267e+01  9.305144e+01  1.736821e+02 
 1.925614e+00  2.070944e+01  5.660210e+01  9.131120e+01  1.701038e+02 
 1.952456e+00  2.043448e+01  5.564960e+01  8.959689e+01  1.666459e+02 
 1.979672e+00  2.006470e+01  5.469526e+01  8.790937e+01  1.632624e+02 
 2.007267e+00  1.976796e+01  5.369132e+01  8.612893e+01  1.600153e+02 
 2.035248e+00  1.942691e+01  5.270229e+01  8.442222e+01  1.565853e+02 
 2.063618e+00  1.911123e+01  5.172401e+01  8.277377e+01  1.532592e+02 
 2.092383e+00  1.880567e+01  5.077537e+01  8.110133e+01  1.500626e+02 
 2.121550e+00  1.849182e+01  4.981331e+01  7.945685e+01  1.467999e+02 
 2.151123e+00  1.819502e+01  4.888831e+01  7.780467e+01  1.435807e+02 
 2.181109e+00  1.789500e+01  4.794805e+01  7.624078e+01  1.405326e+02 
 2.211512e+00  1.760045e+01  4.701059e+01  7.461937e+01  1.373388e+02 
 2.242340e+00  1.731890e+01  4.613711e+01  7.309064e+01  1.343587e+02 
 2.273597e+00  1.701527e+01  4.524013e+01  7.149361e+01  1.313602e+02 
 2.305289e+00  1.675320e+01  4.435710e+01  7.002301e+01  1.284609e+02 
 2.337424e+00  1.647604e+01  4.347097e+01  6.852323e+01  1.256092e+02 
 2.370006e+00  1.620240e+01  4.262445e+01  6.708885e+01  1.228812e+02 
 2.403043e+00  1.592431e+01  4.178831e+01  6.561278e+01  1.200737e+02 
 2.436540e+00  1.567013e+01  4.096951e+01  6.420986e+01  1.173535e+02 
 2.470504e+00  1.540954e+01  4.016134e+01  6.279903e+01  1.146713e+02 
 2.504942e+00  1.515119e+01  3.937326e+01  6.145027e+01  1.120852e+02 
 2.539859e+00  1.490674e+01  3.855803e+01  6.006691e+01  1.094623e+02 
 2.575263e+00  1.464120e+01  3.775576e+01  5.878463e+01  1.069611e+02 
 2.611161e+00  1.440145e+01  3.696993e+01  5.742021e+01  1.044653e+02 
 2.647559e+00  1.415579e+01  3.618780e+01  5.609240e+01  1.019662e+02 
 2.684465e+00  1.391102e+01  3.544787e+01  5.480341e+01  9.954836e+01 
 2.721885e+00  1.366068e+01  3.466492e+01  5.355792e+01  9.717899e+01 
 2.759826e+00  1.342188e+01  3.390736e+01  5.230194e+01  9.484473e+01 
 2.798297e+00  1.318766e+01  3.318828e+01  5.109783e+01  9.262184e+01 
 2.837304e+00  1.295753e+01  3.246360e+01  4.990150e+01  9.038939e+01 
 2.876854e+00  1.272752e+01  3.174723e+01  4.872832e+01  8.822126e+01 
 2.916956e+00  1.250373e+01  3.106357e+01  4.757901e+01  8.606249e+01 
 2.957617e+00  1.228603e+01  3.038923e+01  4.647255e+01  8.401083e+01 
 2.998844e+00  1.206590e+01  2.972629e+01  4.537006e+01  8.196476e+01 
 3.040646e+00  1.185135e+01  2.906266e+01  4.429482e+01  8.002856e+01 
 3.083031e+00  1.163896e+01  2.841323e+01  4.324249e+01  7.809521e+01 
 3.126007e+00  1.143398e+01  2.778641e+01  4.220584e+01  7.617307e+01 
 3.169582e+00  1.122436e+01  2.714148e+01  4.117612e+01  7.431831e+01 
 3.213764e+00  1.101813e+01  2.652432e+01  4.017352e+01  7.249061e+01 
 3.258562e+00  1.080977e+01  2.592353e+01  3.918718e+01  7.069779e+01 
 3.303985e+00  1.060625e+01  2.531073e+01  3.822411e+01  6.894531e+01 
 3.350041e+00  1.040771e+01  2.471190e+01  3.726885e+01  6.720951e+01 
 3.396739e+00  1.020495e+01  2.413495e+01  3.634859e+01  6.552018e+01 
 3.444087e+00  1.001392e+01  2.355267e+01  3.542690e+01  6.386776e+01 
 3.492096e+00  9.821596e+00  2.299829e+01  3.455188e+01  6.228477e+01 
 3.540774e+00  9.628268e+00  2.245700e+01  3.369019e+01  6.071755e+01 
 3.590130e+00  9.444090e+00  2.191580e+01  3.283784e+01  5.920971e+01 
 3.640175e+00  9.263773e+00  2.139294e+01  3.202447e+01  5.772200e+01 
 3.690917e+00  9.080203e+00  2.088724e+01  3.121136e+01  5.627924e+01 
 3.742366e+00  8.902898e+00  2.037743e+01  3.043118e+01  5.489187e+01 
 3.794533e+00  8.729840e+00  1.989490e+01  2.967071e+01  5.351334e+01 
 3.847427e+00  8.558002e+00  1.940784e+01  2.892377e+01  5.219240e+01 
 3.901058e+00  8.383214e+00  1.894172e+01  2.819555e+01  5.087729e+01 
 3.955436e+00  8.218943e+00  1.847533e+01  2.747018e+01  4.959069e+01 
 4.010573e+00  8.048181e+00  1.801742e+01  2.677388e+01  4.834522e+01 
 4.066478e+00  7.882831e+00  1.756809e+01  2.608052e+01  4.710796e+01 
 4.123163e+00  7.717891e+00  1.713217e+01  2.540601e+01  4.590584e+01 
 4.180637e+00  7.557629e+00  1.670319e+01  2.474953e+01  4.472601e+01 
 4.238913e+00  7.398472e+00  1.627858e+01  2.410572e+01  4.358993e+01 
 4.298001e+00  7.239013e+00  1.586808e+01  2.348144e+01  4.247022e+01 
 4.357913e+00  7.089150e+00  1.546691e+01  2.287354e+01  4.139323e+01 
 4.418660e+00  6.937079e+00  1.507857e+01  2.228087e+01  4.034328e+01 
 4.480254e+00  6.787470e+00  1.469662e+01  2.170384e+01  3.931721e+01 
 4.542706e+00  6.643600e+00  1.432205e+01  2.114103e+01  3.831667e+01 
 4.606029e+00  6.500442e+00  1.396414e+01  2.059919e+01  3.735449e+01 
 4.670234e+00  6.360315e+00  1.361154e+01  2.007357e+01  3.641710e+01 
 4.735335e+00  6.222795e+00  1.326884e+01  1.955709e+01  3.549621e+01 
 4.801343e+00  6.089569e+00  1.293550e+01  1.905538e+01  3.459777e+01 
 4.868271e+00  5.956371e+00  1.260594e+01  1.856217e+01  3.371979e+01 
 4.936132e+00  5.824774e+00  1.228249e+01  1.808189e+01  3.286161e+01 
 5.004939e+00  5.694798e+00  1.196759e+01  1.761030e+01  3.201918e+01 
 5.074705e+00  5.565641e+00  1.165735e+01  1.714827e+01  3.119871e+01 
 5.145444e+00  5.440241e+00  1.135551e+01  1.669838e+01  3.039844e+01 
 5.217169e+00  5.315328e+00  1.105903e+01  1.625846e+01  2.960722e+01 
 5.289893e+00  5.195113e+00  1.077213e+01  1.583547e+01  2.884539e+01 
 5.363631e+00  5.074925e+00  1.049173e+01  1.541649e+01  2.810110e+01 
 5.438397e+00  4.958607e+00  1.021828e+01  1.501289e+01  2.737451e+01 
 5.514206e+00  4.844608e+00  9.952713e+00  1.462086e+01  2.667037e+01 
 5.591071e+00  4.731754e+00  9.695615e+00  1.423825e+01  2.598667e+01 
 5.669007e+00  4.624019e+00  9.443880e+00  1.386998e+01  2.532187e+01 
 5.748030e+00  4.517295e+00  9.200757e+00  1.350975e+01  2.467233e+01 
 5.828155e+00  4.413081e+00  8.964006e+00  1.316111e+01  2.404240e+01 
 5.909396e+00  4.311258e+00  8.733022e+00  1.282072e+01  2.343143e+01 
 5.991770e+00  4.210953e+00  8.507185e+00  1.248886e+01  2.283261e+01 
 6.075292e+00  4.113006e+00  8.288143e+00  1.216581e+01  2.224781e+01 
 6.159978e+00  4.016203e+00  8.073091e+00  1.184983e+01  2.167502e+01 
 6.245845e+00  3.920956e+00  7.862701e+00  1.154049e+01  2.111271e+01 
 6.332908e+00  3.827051e+00  7.655694e+00  1.123715e+01  2.056252e+01 
 6.421186e+00  3.735739e+00  7.454868e+00  1.094078e+01  2.002475e+01 
 6.510694e+00  3.645525e+00  7.258353e+00  1.065338e+01  1.950055e+01 
 6.601449e+00  3.557921e+00  7.067852e+00  1.037252e+01  1.899058e+01 
 6.693470e+00  3.472047e+00  6.881286e+00  1.009894e+01  1.849197e+01 
 6.786773e+00  3.387983e+00  6.701047e+00  9.833250e+00  1.800772e+01 
 6.881377e+00  3.306364e+00  6.525482e+00  9.575421e+00  1.753529e+01 
 6.977300e+00  3.226956e+00  6.355648e+00  9.326007e+00  1.707810e+01 
 7.074559e+00  3.149626e+00  6.190084e+00  9.082367e+00  1.663234e+01 
 7.173175e+00  3.073845e+00  6.029760e+00  8.846713e+00  1.620038e+01 
 7.273165e+00  3.000353e+00  5.874294e+00  8.618177e+00  1.577903e+01 
 7.374549e+00  2.928460e+00  5.722435e+00  8.394460e+00  1.536942e+01 
 7.477346e+00  2.857984e+00  5.575430e+00  8.178429e+00  1.497068e+01 
 7.581576e+00  2.789534e+00  5.430713e+00  7.965978e+00  1.457997e+01 
 7.687260e+00  2.721972e+00  5.289914e+00  7.758469e+00  1.419841e+01 
 7.794416e+00  2.655669e+00  5.152086e+00  7.554646e+00  1.382375e+01 
 7.903066e+00  2.590758e+00  5.017049e+00  7.355555e+00  1.345631e+01 
 8.013230e+00  2.527304e+00  4.886061e+00  7.162778e+00  1.309854e+01 
 8.124930e+00  2.465049e+00  4.758170e+00  6.973648e+00  1.274901e+01 
 8.238187e+00  2.404566e+00  4.633226e+00  6.789604e+00  1.240896e+01 
 8.353023e+00  2.345387e+00  4.512014e+00  6.610925e+00  1.207735e+01 
 8.469460e+00  2.288029e+00  4.394647e+00  6.437070e+00  1.175518e+01 
 8.587519e+00  2.232155e+00  4.280299e+00  6.267648e+00  1.144236e+01 
 8.707225e+00  2.177762e+00  4.169186e+00  6.103861e+00  1.113817e+01 
 8.828599e+00  2.124963e+00  4.062128e+00  5.944661e+00  1.084246e+01 
 8.951665e+00  2.073594e+00  3.957821e+00  5.790357e+00  1.055594e+01 
 9.076446e+00  2.023645e+00  3.856851e+00  5.641139e+00  1.027804e+01 
 9.202967e+00  1.975044e+00  3.758519e+00  5.495568e+00  1.000685e+01 
 9.331251e+00  1.927607e+00  3.662684e+00  5.353470e+00  9.742948e+00 
 9.461324e+00  0.000000e+00  0.000000e+00  0.000000e+00  0.000000e+00 
 9.593209e+00  0.000000e+00  0.000000e+00  0.000000e+00  0.000000e+00 
 9.726934e+00  0.000000e+00  0.000000e+00  0.000000e+00  0.000000e+00 
 9.862522e+00  0.000000e+00  0.000000e+00  0.000000e+00  0.000000e+00 
 1.000000e+01  0.000000e+00  0.000000e+00  0.000000e+00  0.000000e+00 
