 1.000000e-02  5.761682e+03  1.047712e+04  1.413504e+04  2.099129e+04 
 1.013939e-02  5.790636e+03  1.052971e+04  1.420559e+04  2.109574e+04 
 1.028073e-02  5.819049e+03  1.058125e+04  1.427480e+04  2.119823e+04 
 1.042404e-02  5.846887e+03  1.063169e+04  1.434265e+04  2.129870e+04 
 1.056935e-02  5.874157e+03  1.068107e+04  1.440912e+04  2.139708e+04 
 1.071668e-02  5.900855e+03  1.072941e+04  1.447418e+04  2.149330e+04 
 1.086606e-02  5.926915e+03  1.077663e+04  1.453762e+04  2.158711e+04 
 1.101753e-02  5.952317e+03  1.082266e+04  1.459940e+04  2.167844e+04 
 1.117111e-02  5.977066e+03  1.086750e+04  1.465954e+04  2.176740e+04 
 1.132683e-02  6.001208e+03  1.091121e+04  1.471820e+04  2.185414e+04 
 1.148472e-02  6.024900e+03  1.095410e+04  1.477579e+04  2.193923e+04 
 1.164481e-02  6.047985e+03  1.099586e+04  1.483190e+04  2.202208e+04 
 1.180713e-02  6.070110e+03  1.103590e+04  1.488569e+04  2.210136e+04 
 1.197171e-02  6.091289e+03  1.107420e+04  1.493710e+04  2.217712e+04 
 1.213859e-02  6.111623e+03  1.111095e+04  1.498638e+04  2.224984e+04 
 1.230780e-02  6.131133e+03  1.114621e+04  1.503360e+04  2.231957e+04 
 1.247936e-02  6.149839e+03  1.118001e+04  1.507882e+04  2.238640e+04 
 1.265332e-02  6.167715e+03  1.121228e+04  1.512203e+04  2.245012e+04 
 1.282970e-02  6.184700e+03  1.124294e+04  1.516309e+04  2.251051e+04 
 1.300854e-02  6.200785e+03  1.127194e+04  1.520192e+04  2.256753e+04 
 1.318987e-02  6.215975e+03  1.129929e+04  1.523848e+04  2.262119e+04 
 1.337373e-02  6.230223e+03  1.132493e+04  1.527272e+04  2.267142e+04 
 1.356015e-02  6.243486e+03  1.134879e+04  1.530456e+04  2.271814e+04 
 1.374917e-02  6.255758e+03  1.137085e+04  1.533396e+04  2.276127e+04 
 1.394083e-02  6.267022e+03  1.139108e+04  1.536089e+04  2.280070e+04 
 1.413516e-02  6.277282e+03  1.140946e+04  1.538532e+04  2.283637e+04 
 1.433219e-02  6.286540e+03  1.142602e+04  1.540727e+04  2.286832e+04 
 1.453198e-02  6.294694e+03  1.144058e+04  1.542655e+04  2.289628e+04 
 1.473454e-02  6.301649e+03  1.145294e+04  1.544284e+04  2.291986e+04 
 1.493993e-02  6.307408e+03  1.146313e+04  1.545625e+04  2.293913e+04 
 1.514819e-02  6.311972e+03  1.147115e+04  1.546678e+04  2.295418e+04 
 1.535935e-02  6.315380e+03  1.147709e+04  1.547441e+04  2.296503e+04 
 1.557345e-02  6.317763e+03  1.148114e+04  1.547945e+04  2.297204e+04 
 1.579053e-02  6.319049e+03  1.148322e+04  1.548182e+04  2.297499e+04 
 1.601064e-02  6.319094e+03  1.148302e+04  1.548119e+04  2.297339e+04 
 1.623382e-02  6.317890e+03  1.148055e+04  1.547749e+04  2.296720e+04 
 1.646012e-02  6.315430e+03  1.147578e+04  1.547072e+04  2.295645e+04 
 1.668956e-02  6.311713e+03  1.146873e+04  1.546081e+04  2.294111e+04 
 1.692220e-02  6.306718e+03  1.145935e+04  1.544774e+04  2.292109e+04 
 1.715809e-02  6.300419e+03  1.144760e+04  1.543150e+04  2.289639e+04 
 1.739726e-02  6.292771e+03  1.143342e+04  1.541197e+04  2.286681e+04 
 1.763977e-02  6.283794e+03  1.141681e+04  1.538917e+04  2.283222e+04 
 1.788566e-02  6.273500e+03  1.139780e+04  1.536312e+04  2.279273e+04 
 1.813498e-02  6.261864e+03  1.137636e+04  1.533378e+04  2.274845e+04 
 1.838777e-02  6.248922e+03  1.135252e+04  1.530121e+04  2.269946e+04 
 1.864409e-02  6.234618e+03  1.132619e+04  1.526531e+04  2.264555e+04 
 1.890397e-02  6.218854e+03  1.129723e+04  1.522583e+04  2.258634e+04 
 1.916748e-02  6.201637e+03  1.126562e+04  1.518279e+04  2.252177e+04 
 1.943467e-02  6.183001e+03  1.123143e+04  1.513626e+04  2.245189e+04 
 1.970558e-02  6.162948e+03  1.119465e+04  1.508625e+04  2.237675e+04 
 1.998026e-02  6.141481e+03  1.115531e+04  1.503276e+04  2.229650e+04 
 2.025878e-02  6.118596e+03  1.111338e+04  1.497580e+04  2.221130e+04 
 2.054117e-02  6.094293e+03  1.106888e+04  1.491536e+04  2.212102e+04 
 2.082751e-02  6.068559e+03  1.102177e+04  1.485142e+04  2.202545e+04 
 2.111783e-02  6.041400e+03  1.097207e+04  1.478397e+04  2.192458e+04 
 2.141220e-02  6.012881e+03  1.091989e+04  1.471312e+04  2.181852e+04 
 2.171068e-02  5.983505e+03  1.086589e+04  1.463962e+04  2.170792e+04 
 2.201331e-02  5.952709e+03  1.080933e+04  1.456266e+04  2.159222e+04 
 2.232016e-02  5.920535e+03  1.075027e+04  1.448232e+04  2.147153e+04 
 2.263130e-02  5.886990e+03  1.068870e+04  1.439860e+04  2.134586e+04 
 2.294676e-02  5.852064e+03  1.062463e+04  1.431152e+04  2.121519e+04 
 2.326663e-02  5.815752e+03  1.055802e+04  1.422103e+04  2.107942e+04 
 2.359095e-02  5.778069e+03  1.048893e+04  1.412719e+04  2.093867e+04 
 2.391980e-02  5.739077e+03  1.041747e+04  1.403014e+04  2.079317e+04 
 2.425323e-02  5.698782e+03  1.034366e+04  1.392992e+04  2.064296e+04 
 2.459130e-02  5.657196e+03  1.026748e+04  1.382653e+04  2.048805e+04 
 2.493409e-02  5.614353e+03  1.018900e+04  1.372007e+04  2.032858e+04 
 2.528166e-02  5.570282e+03  1.010832e+04  1.361062e+04  2.016470e+04 
 2.563407e-02  5.525021e+03  1.002547e+04  1.349823e+04  1.999646e+04 
 2.599140e-02  5.478577e+03  9.940485e+03  1.338296e+04  1.982398e+04 
 2.635371e-02  5.430982e+03  9.853429e+03  1.326492e+04  1.964738e+04 
 2.672106e-02  5.382283e+03  9.764364e+03  1.314420e+04  1.946680e+04 
 2.709354e-02  5.332548e+03  9.673411e+03  1.302093e+04  1.928244e+04 
 2.747121e-02  5.281825e+03  9.580664e+03  1.289524e+04  1.909448e+04 
 2.785414e-02  5.230062e+03  9.486057e+03  1.276708e+04  1.890294e+04 
 2.824241e-02  5.177040e+03  9.389285e+03  1.263613e+04  1.870755e+04 
 2.863610e-02  5.123151e+03  9.290948e+03  1.250309e+04  1.850904e+04 
 2.903527e-02  5.068460e+03  9.191164e+03  1.236809e+04  1.830763e+04 
 2.944000e-02  5.013033e+03  9.090037e+03  1.223128e+04  1.810356e+04 
 2.985038e-02  4.956918e+03  8.987668e+03  1.209281e+04  1.789702e+04 
 3.026648e-02  4.900165e+03  8.884159e+03  1.195279e+04  1.768821e+04 
 3.068838e-02  4.842835e+03  8.779610e+03  1.181138e+04  1.747736e+04 
 3.111616e-02  4.785012e+03  8.674143e+03  1.166876e+04  1.726472e+04 
 3.154990e-02  4.726760e+03  8.567888e+03  1.152509e+04  1.705050e+04 
 3.198969e-02  4.668138e+03  8.460985e+03  1.138055e+04  1.683499e+04 
 3.243561e-02  4.609220e+03  8.353557e+03  1.123530e+04  1.661846e+04 
 3.288774e-02  4.550076e+03  8.245730e+03  1.108952e+04  1.640115e+04 
 3.334618e-02  4.490777e+03  8.137644e+03  1.094340e+04  1.618331e+04 
 3.381101e-02  4.431395e+03  8.029414e+03  1.079709e+04  1.596520e+04 
 3.428231e-02  4.372008e+03  7.921174e+03  1.065078e+04  1.574709e+04 
 3.476019e-02  4.312553e+03  7.813126e+03  1.050508e+04  1.553098e+04 
 3.524473e-02  4.253242e+03  7.705339e+03  1.035977e+04  1.531544e+04 
 3.573602e-02  4.194162e+03  7.597975e+03  1.021502e+04  1.510068e+04 
 3.623416e-02  4.135378e+03  7.491148e+03  1.007100e+04  1.488700e+04 
 3.673925e-02  4.076955e+03  7.385004e+03  9.927877e+03  1.467466e+04 
 3.725137e-02  4.018977e+03  7.279656e+03  9.785846e+03  1.446394e+04 
 3.777064e-02  3.961518e+03  7.175258e+03  9.645077e+03  1.425508e+04 
 3.829714e-02  3.904657e+03  7.071932e+03  9.505754e+03  1.404836e+04 
 3.883098e-02  3.848460e+03  6.969795e+03  9.368061e+03  1.384402e+04 
 3.937226e-02  3.792987e+03  6.868979e+03  9.232132e+03  1.364230e+04 
 3.992109e-02  3.738306e+03  6.769595e+03  9.098134e+03  1.344342e+04 
 4.047757e-02  3.684466e+03  6.671720e+03  8.966122e+03  1.324737e+04 
 4.104181e-02  3.631345e+03  6.574580e+03  8.834452e+03  1.305007e+04 
 4.161391e-02  3.579194e+03  6.479206e+03  8.705163e+03  1.285631e+04 
 4.219398e-02  3.528081e+03  6.385687e+03  8.578398e+03  1.266632e+04 
 4.278214e-02  3.478044e+03  6.294125e+03  8.454288e+03  1.248028e+04 
 4.337850e-02  3.429128e+03  6.204625e+03  8.332952e+03  1.229835e+04 
 4.398317e-02  3.381371e+03  6.117255e+03  8.214486e+03  1.212068e+04 
 4.459628e-02  3.334818e+03  6.032058e+03  8.098949e+03  1.194738e+04 
 4.521792e-02  3.289489e+03  5.949076e+03  7.986397e+03  1.177855e+04 
 4.584824e-02  3.245404e+03  5.868354e+03  7.876902e+03  1.161428e+04 
 4.648734e-02  3.202598e+03  5.789928e+03  7.770535e+03  1.145462e+04 
 4.713535e-02  3.161213e+03  5.714837e+03  7.669434e+03  1.130481e+04 
 4.779239e-02  3.121183e+03  5.642680e+03  7.572726e+03  1.116276e+04 
 4.845859e-02  3.082425e+03  5.572848e+03  7.479108e+03  1.102526e+04 
 4.913407e-02  3.044940e+03  5.505317e+03  7.388568e+03  1.089232e+04 
 4.981898e-02  3.008715e+03  5.440043e+03  7.301089e+03  1.076389e+04 
 5.051342e-02  2.973728e+03  5.376990e+03  7.216605e+03  1.063988e+04 
 5.121755e-02  2.939938e+03  5.316104e+03  7.135029e+03  1.052016e+04 
 5.193150e-02  2.907307e+03  5.257324e+03  7.056264e+03  1.040458e+04 
 5.265540e-02  2.875784e+03  5.200547e+03  6.980193e+03  1.029297e+04 
 5.338938e-02  2.845086e+03  5.144808e+03  6.905067e+03  1.018158e+04 
 5.413360e-02  2.815112e+03  5.089853e+03  6.830457e+03  1.006952e+04 
 5.488820e-02  2.786083e+03  5.036624e+03  6.758163e+03  9.960908e+03 
 5.565331e-02  2.757884e+03  4.984900e+03  6.687903e+03  9.855338e+03 
 5.642908e-02  2.730371e+03  4.934426e+03  6.619332e+03  9.752300e+03 
 5.721568e-02  2.703488e+03  4.885095e+03  6.552315e+03  9.651592e+03 
 5.801323e-02  2.677353e+03  4.837117e+03  6.487124e+03  9.553614e+03 
 5.882190e-02  2.652041e+03  4.790632e+03  6.423947e+03  9.458627e+03 
 5.964185e-02  2.627480e+03  4.745827e+03  6.363347e+03  9.368326e+03 
 6.047322e-02  2.603605e+03  4.703137e+03  6.306478e+03  9.285952e+03 
 6.131619e-02  2.579524e+03  4.660065e+03  6.249100e+03  9.202839e+03 
 6.217090e-02  2.555063e+03  4.616305e+03  6.190794e+03  9.118404e+03 
 6.303753e-02  2.530252e+03  4.571908e+03  6.131638e+03  9.032731e+03 
 6.391624e-02  2.505136e+03  4.526941e+03  6.071735e+03  8.945975e+03 
 6.480720e-02  2.479663e+03  4.481322e+03  6.010973e+03  8.857971e+03 
 6.571058e-02  2.453679e+03  4.434766e+03  5.948963e+03  8.768139e+03 
 6.662655e-02  2.425828e+03  4.382987e+03  5.877989e+03  8.659770e+03 
 6.755528e-02  2.397098e+03  4.329592e+03  5.804792e+03  8.548015e+03 
 6.849697e-02  2.367446e+03  4.274531e+03  5.729390e+03  8.433080e+03 
 6.945178e-02  2.336785e+03  4.217663e+03  5.651582e+03  8.314678e+03 
 7.041990e-02  2.305036e+03  4.158836e+03  5.571183e+03  8.192545e+03 
 7.140151e-02  2.272136e+03  4.097930e+03  5.488034e+03  8.066449e+03 
 7.239681e-02  2.238285e+03  4.035606e+03  5.403337e+03  7.939208e+03 
 7.340598e-02  2.203505e+03  3.971949e+03  5.317268e+03  7.811274e+03 
 7.442922e-02  2.167455e+03  3.906006e+03  5.228157e+03  7.678914e+03 
 7.546673e-02  2.130132e+03  3.837773e+03  5.136011e+03  7.542134e+03 
 7.651869e-02  2.091568e+03  3.767316e+03  5.040907e+03  7.401059e+03 
 7.758532e-02  2.051804e+03  3.694701e+03  4.942951e+03  7.255859e+03 
 7.866682e-02  2.011733e+03  3.622645e+03  4.846853e+03  7.116137e+03 
 7.976339e-02  1.971959e+03  3.552909e+03  4.755614e+03  6.987912e+03 
 8.087525e-02  1.931206e+03  3.481347e+03  4.661871e+03  6.855834e+03 
 8.200261e-02  1.889609e+03  3.408202e+03  4.565943e+03  6.720371e+03 
 8.314568e-02  1.847331e+03  3.333755e+03  4.468206e+03  6.582087e+03 
 8.430468e-02  1.804540e+03  3.258311e+03  4.369065e+03  6.441581e+03 
 8.547985e-02  1.760687e+03  3.179757e+03  4.264630e+03  6.290574e+03 
 8.667139e-02  1.716391e+03  3.099855e+03  4.157874e+03  6.134860e+03 
 8.787954e-02  1.672232e+03  3.020186e+03  4.051438e+03  5.979554e+03 
 8.910453e-02  1.628431e+03  2.941163e+03  3.945868e+03  5.825462e+03 
 9.034660e-02  1.585208e+03  2.863183e+03  3.841690e+03  5.673366e+03 
 9.160598e-02  1.543455e+03  2.788778e+03  3.743116e+03  5.531429e+03 
 9.288292e-02  1.503298e+03  2.718054e+03  3.650187e+03  5.399460e+03 
 9.417766e-02  1.464311e+03  2.649368e+03  3.559922e+03  5.271205e+03 
 9.549045e-02  1.426685e+03  2.583067e+03  3.472814e+03  5.147389e+03 
 9.682153e-02  1.390589e+03  2.519480e+03  3.389290e+03  5.028674e+03 
 9.817117e-02  1.356450e+03  2.459804e+03  3.311320e+03  4.918872e+03 
 9.953962e-02  1.324215e+03  2.403667e+03  3.238171e+03  4.816305e+03 
 1.009272e-01  1.293895e+03  2.350926e+03  3.169509e+03  4.720153e+03 
 1.023340e-01  1.265558e+03  2.301737e+03  3.105556e+03  4.630811e+03 
 1.037605e-01  1.238629e+03  2.254347e+03  3.043314e+03  4.542393e+03 
 1.052069e-01  1.211431e+03  2.203713e+03  2.974226e+03  4.438166e+03 
 1.066734e-01  1.186320e+03  2.156919e+03  2.910340e+03  4.341704e+03 
 1.081604e-01  1.163233e+03  2.113862e+03  2.851519e+03  4.252825e+03 
 1.096681e-01  1.142063e+03  2.074346e+03  2.797496e+03  4.171134e+03 
 1.111968e-01  1.122859e+03  2.038735e+03  2.748857e+03  4.097203e+03 
 1.127468e-01  1.105258e+03  2.006085e+03  2.704240e+03  4.029251e+03 
 1.143184e-01  1.089061e+03  1.976010e+03  2.663122e+03  3.966513e+03 
 1.159120e-01  1.074025e+03  1.948080e+03  2.624904e+03  3.908141e+03 
 1.175277e-01  1.060659e+03  1.923982e+03  2.592463e+03  3.859571e+03 
 1.191660e-01  1.047997e+03  1.901257e+03  2.561930e+03  3.813921e+03 
 1.208271e-01  1.035691e+03  1.879193e+03  2.532302e+03  3.769619e+03 
 1.225114e-01  1.023406e+03  1.857133e+03  2.502688e+03  3.725460e+03 
 1.242191e-01  1.010504e+03  1.833704e+03  2.471172e+03  3.678926e+03 
 1.259506e-01  9.971200e+02  1.809427e+03  2.438504e+03  3.630643e+03 
 1.277063e-01  9.829934e+02  1.783788e+03  2.404016e+03  3.579718e+03 
 1.294865e-01  9.682379e+02  1.757174e+03  2.368276e+03  3.526728e+03 
 1.312915e-01  9.527280e+02  1.729426e+03  2.331053e+03  3.471216e+03 
 1.331216e-01  9.359438e+02  1.699353e+03  2.290678e+03  3.411064e+03 
 1.349772e-01  9.178426e+02  1.666898e+03  2.247144e+03  3.346381e+03 
 1.368587e-01  8.995388e+02  1.635868e+03  2.207593e+03  3.293363e+03 
 1.387665e-01  8.798897e+02  1.602321e+03  2.164558e+03  3.235001e+03 
 1.407008e-01  8.590189e+02  1.566474e+03  2.118301e+03  3.171665e+03 
 1.426621e-01  8.380063e+02  1.530711e+03  2.072079e+03  3.107347e+03 
 1.446507e-01  8.164019e+02  1.493865e+03  2.024361e+03  3.040275e+03 
 1.466671e-01  7.941957e+02  1.455773e+03  1.974872e+03  2.970328e+03 
 1.487115e-01  7.698975e+02  1.412139e+03  1.916703e+03  2.885738e+03 
 1.507845e-01  7.444807e+02  1.365335e+03  1.853459e+03  2.792448e+03 
 1.528864e-01  7.195586e+02  1.319414e+03  1.791410e+03  2.700828e+03 
 1.550175e-01  6.972049e+02  1.280011e+03  1.739603e+03  2.627166e+03 
 1.571784e-01  6.770881e+02  1.245898e+03  1.695857e+03  2.567307e+03 
 1.593694e-01  6.581595e+02  1.213812e+03  1.654705e+03  2.511067e+03 
 1.615909e-01  6.411075e+02  1.185347e+03  1.618480e+03  2.461829e+03 
 1.638434e-01  6.257896e+02  1.160076e+03  1.586534e+03  2.418776e+03 
 1.661273e-01  6.120880e+02  1.137667e+03  1.558369e+03  2.381225e+03 
 1.684430e-01  5.970415e+02  1.110204e+03  1.521626e+03  2.328107e+03 
 1.707910e-01  5.832954e+02  1.084839e+03  1.487533e+03  2.278619e+03 
 1.731717e-01  5.715484e+02  1.063497e+03  1.459044e+03  2.237544e+03 
 1.755856e-01  5.628996e+02  1.049149e+03  1.440654e+03  2.211605e+03 
 1.780332e-01  5.553202e+02  1.036773e+03  1.424951e+03  2.189708e+03 
 1.805149e-01  5.468691e+02  1.020773e+03  1.402604e+03  2.154436e+03 
 1.830312e-01  5.379097e+02  1.002651e+03  1.376372e+03  2.111350e+03 
 1.855825e-01  5.291920e+02  9.852430e+02  1.351405e+03  2.070866e+03 
 1.881694e-01  5.207526e+02  9.697250e+02  1.330624e+03  2.040542e+03 
 1.907924e-01  5.118705e+02  9.533986e+02  1.308741e+03  2.008563e+03 
 1.934520e-01  5.018992e+02  9.349322e+02  1.284066e+03  1.973431e+03 
 1.961486e-01  4.909556e+02  9.146199e+02  1.256899e+03  1.934824e+03 
 1.988828e-01  4.802115e+02  8.953610e+02  1.231396e+03  1.898499e+03 
 2.016551e-01  4.701473e+02  8.783283e+02  1.209264e+03  1.866889e+03 
 2.044661e-01  4.590388e+02  8.590887e+02  1.183905e+03  1.830015e+03 
 2.073162e-01  4.464596e+02  8.358412e+02  1.152071e+03  1.781739e+03 
 2.102061e-01  4.333797e+02  8.116254e+02  1.118896e+03  1.731350e+03 
 2.131362e-01  4.235819e+02  7.974801e+02  1.102369e+03  1.710438e+03 
 2.161073e-01  4.139044e+02  7.835708e+02  1.086183e+03  1.690032e+03 
 2.191197e-01  4.018233e+02  7.630338e+02  1.060036e+03  1.655267e+03 
 2.221741e-01  3.897411e+02  7.419308e+02  1.032823e+03  1.618827e+03 
 2.252711e-01  3.789423e+02  7.236651e+02  1.009748e+03  1.588460e+03 
 2.284112e-01  3.693262e+02  7.076969e+02  9.898484e+02  1.562731e+03 
 2.315951e-01  3.610200e+02  6.932500e+02  9.706463e+02  1.534023e+03 
 2.348235e-01  3.538520e+02  6.806132e+02  9.534584e+02  1.507045e+03 
 2.380968e-01  3.457787e+02  6.650146e+02  9.317478e+02  1.473933e+03 
 2.414157e-01  3.380758e+02  6.498265e+02  9.105134e+02  1.441794e+03 
 2.447809e-01  3.305457e+02  6.353441e+02  8.906647e+02  1.411741e+03 
 2.481930e-01  3.234565e+02  6.218013e+02  8.721753e+02  1.383774e+03 
 2.516527e-01  3.193492e+02  6.150121e+02  8.631007e+02  1.369716e+03 
 2.551606e-01  3.142301e+02  6.059174e+02  8.507832e+02  1.351073e+03 
 2.587174e-01  3.061054e+02  5.898979e+02  8.287152e+02  1.318719e+03 
 2.623238e-01  2.991728e+02  5.772180e+02  8.117212e+02  1.294246e+03 
 2.659804e-01  2.934787e+02  5.680399e+02  8.000527e+02  1.278024e+03 
 2.696881e-01  2.857631e+02  5.541711e+02  7.815476e+02  1.250536e+03 
 2.734474e-01  2.773277e+02  5.386981e+02  7.607349e+02  1.219332e+03 
 2.772591e-01  2.708203e+02  5.281972e+02  7.478212e+02  1.202992e+03 
 2.811239e-01  2.639136e+02  5.164064e+02  7.329587e+02  1.184409e+03 
 2.850426e-01  2.567211e+02  5.034015e+02  7.162433e+02  1.164142e+03 
 2.890160e-01  2.502005e+02  4.924850e+02  7.023121e+02  1.144464e+03 
 2.930447e-01  2.441898e+02  4.822169e+02  6.886601e+02  1.123377e+03 
 2.971296e-01  2.385744e+02  4.712406e+02  6.722808e+02  1.095194e+03 
 3.012714e-01  2.336365e+02  4.627587e+02  6.611087e+02  1.078786e+03 
 3.054710e-01  2.289276e+02  4.549721e+02  6.514845e+02  1.066267e+03 
 3.097291e-01  2.233469e+02  4.446904e+02  6.379873e+02  1.047816e+03 
 3.140465e-01  2.183184e+02  4.346040e+02  6.235057e+02  1.024065e+03 
 3.184242e-01  2.138702e+02  4.257889e+02  6.108213e+02  1.003175e+03 
 3.228628e-01  2.102965e+02  4.198514e+02  6.033841e+02  9.941387e+02 
 3.273634e-01  2.051820e+02  4.096505e+02  5.887778e+02  9.708463e+02 
 3.319266e-01  1.998151e+02  3.993478e+02  5.746142e+02  9.496712e+02 
 3.365535e-01  1.946112e+02  3.901645e+02  5.628717e+02  9.340889e+02 
 3.412449e-01  1.909007e+02  3.851986e+02  5.569140e+02  9.244924e+02 
 3.460016e-01  1.868005e+02  3.785152e+02  5.483100e+02  9.123682e+02 
 3.508247e-01  1.827697e+02  3.713634e+02  5.387835e+02  8.984462e+02 
 3.557150e-01  1.788720e+02  3.641745e+02  5.290538e+02  8.835125e+02 
 3.606735e-01  1.744487e+02  3.563191e+02  5.187740e+02  8.690959e+02 
 3.657011e-01  1.693029e+02  3.466133e+02  5.055578e+02  8.508270e+02 
 3.707988e-01  1.652062e+02  3.387799e+02  4.948969e+02  8.350676e+02 
 3.759675e-01  1.615079e+02  3.317116e+02  4.852114e+02  8.206018e+02 
 3.812083e-01  1.577585e+02  3.249241e+02  4.760386e+02  8.072106e+02 
 3.865221e-01  1.546277e+02  3.203441e+02  4.706818e+02  7.981997e+02 
 3.919100e-01  1.513508e+02  3.127453e+02  4.592348e+02  7.827063e+02 
 3.973730e-01  1.476407e+02  3.065604e+02  4.514386e+02  7.702418e+02 
 4.029122e-01  1.446064e+02  3.017357e+02  4.447016e+02  7.579053e+02 
 4.085286e-01  1.415228e+02  2.951929e+02  4.353784e+02  7.445822e+02 
 4.142232e-01  1.378198e+02  2.877225e+02  4.255294e+02  7.322608e+02 
 4.199973e-01  1.342111e+02  2.815016e+02  4.176046e+02  7.205564e+02 
 4.258518e-01  1.313120e+02  2.761097e+02  4.099447e+02  7.073694e+02 
 4.317880e-01  1.282746e+02  2.701658e+02  4.012071e+02  6.940276e+02 
 4.378069e-01  1.256121e+02  2.648555e+02  3.936213e+02  6.814965e+02 
 4.439097e-01  1.234117e+02  2.614169e+02  3.894845e+02  6.775312e+02 
 4.500975e-01  1.200310e+02  2.551310e+02  3.809040e+02  6.649456e+02 
 4.563716e-01  1.171686e+02  2.492347e+02  3.723440e+02  6.497631e+02 
 4.627332e-01  1.153112e+02  2.466447e+02  3.695405e+02  6.470094e+02 
 4.691835e-01  1.122785e+02  2.406301e+02  3.609098e+02  6.326261e+02 
 4.757236e-01  1.100694e+02  2.362922e+02  3.549395e+02  6.234387e+02 
 4.823549e-01  1.070940e+02  2.302409e+02  3.464487e+02  6.119012e+02 
 4.890787e-01  1.047079e+02  2.255979e+02  3.401469e+02  6.020207e+02 
 4.958962e-01  1.028958e+02  2.220370e+02  3.346242e+02  5.919639e+02 
 5.028087e-01  1.005201e+02  2.179009e+02  3.290350e+02  5.837876e+02 
 5.098176e-01  9.858910e+01  2.143227e+02  3.238317e+02  5.737151e+02 
 5.169242e-01  9.680344e+01  2.109271e+02  3.192631e+02  5.674970e+02 
 5.241298e-01  9.358791e+01  2.054402e+02  3.125043e+02  5.591061e+02 
 5.314359e-01  9.189120e+01  2.027928e+02  3.088622e+02  5.532242e+02 
 5.388438e-01  8.988860e+01  1.982537e+02  3.021036e+02  5.430105e+02 
 5.463550e-01  8.819818e+01  1.949153e+02  2.971333e+02  5.347782e+02 
 5.539709e-01  8.575566e+01  1.905822e+02  2.915636e+02  5.261183e+02 
 5.616930e-01  8.415619e+01  1.874451e+02  2.871294e+02  5.194404e+02 
 5.695227e-01  8.243070e+01  1.845872e+02  2.835202e+02  5.119280e+02 
 5.774615e-01  8.049698e+01  1.801460e+02  2.769551e+02  5.025579e+02 
 5.855110e-01  7.899175e+01  1.773277e+02  2.726495e+02  4.953427e+02 
 5.936727e-01  7.709877e+01  1.729839e+02  2.666197e+02  4.862288e+02 
 6.019482e-01  7.572670e+01  1.707893e+02  2.630825e+02  4.798496e+02 
 6.103390e-01  7.386490e+01  1.675780e+02  2.588810e+02  4.724590e+02 
 6.188468e-01  7.215978e+01  1.647324e+02  2.562241e+02  4.702831e+02 
 6.274732e-01  7.088550e+01  1.614639e+02  2.506737e+02  4.613592e+02 
 6.362198e-01  6.939947e+01  1.588645e+02  2.468819e+02  4.541173e+02 
 6.450884e-01  6.771723e+01  1.558134e+02  2.426370e+02  4.467614e+02 
 6.540806e-01  6.625199e+01  1.523329e+02  2.374056e+02  4.392484e+02 
 6.631981e-01  6.472697e+01  1.498926e+02  2.346764e+02  4.344824e+02 
 6.724427e-01  6.343513e+01  1.471162e+02  2.308233e+02  4.296407e+02 
 6.818162e-01  6.200795e+01  1.443003e+02  2.259553e+02  4.208650e+02 
 6.913204e-01  6.062709e+01  1.415145e+02  2.223406e+02  4.147171e+02 
 7.009570e-01  5.971181e+01  1.392573e+02  2.190252e+02  4.090175e+02 
 7.107280e-01  5.812565e+01  1.367606e+02  2.155225e+02  4.022832e+02 
 7.206351e-01  5.717064e+01  1.345101e+02  2.125055e+02  3.985638e+02 
 7.306804e-01  5.596224e+01  1.323251e+02  2.089097e+02  3.911922e+02 
 7.408657e-01  5.466996e+01  1.295761e+02  2.049998e+02  3.858685e+02 
 7.511929e-01  5.346093e+01  1.270798e+02  2.017603e+02  3.802866e+02 
 7.616642e-01  5.237482e+01  1.246619e+02  1.983388e+02  3.751127e+02 
 7.722814e-01  5.162850e+01  1.232514e+02  1.959215e+02  3.694892e+02 
 7.830465e-01  5.049509e+01  1.207518e+02  1.924063e+02  3.643542e+02 
 7.939618e-01  4.950906e+01  1.190377e+02  1.897017e+02  3.603231e+02 
 8.050292e-01  4.835841e+01  1.167070e+02  1.869338e+02  3.553452e+02 
 8.162509e-01  4.746271e+01  1.148515e+02  1.836147e+02  3.488880e+02 
 8.276289e-01  4.625892e+01  1.124348e+02  1.804347e+02  3.441102e+02 
 8.391656e-01  4.562327e+01  1.109541e+02  1.777066e+02  3.399865e+02 
 8.508632e-01  4.473829e+01  1.089524e+02  1.751072e+02  3.351476e+02 
 8.627237e-01  4.370588e+01  1.070690e+02  1.722862e+02  3.296016e+02 
 8.747496e-01  4.285856e+01  1.051287e+02  1.695434e+02  3.249701e+02 
 8.869432e-01  4.206824e+01  1.035127e+02  1.670891e+02  3.206691e+02 
 8.993067e-01  4.117162e+01  1.017505e+02  1.644052e+02  3.157959e+02 
 9.118425e-01  4.048898e+01  9.990457e+01  1.614856e+02  3.100099e+02 
 9.245531e-01  3.956722e+01  9.814579e+01  1.588392e+02  3.064098e+02 
 9.374409e-01  3.876599e+01  9.652886e+01  1.566441e+02  3.021017e+02 
 9.505083e-01  3.808186e+01  9.491116e+01  1.542241e+02  2.977221e+02 
 9.637579e-01  3.723329e+01  9.300465e+01  1.514017e+02  2.931648e+02 
 9.771921e-01  3.670191e+01  9.233473e+01  1.498242e+02  2.891382e+02 
 9.908137e-01  3.595880e+01  9.052146e+01  1.472840e+02  2.851745e+02 
 1.004625e+00  3.522250e+01  8.877214e+01  1.446514e+02  2.802601e+02 
 1.018629e+00  3.460183e+01  8.745883e+01  1.425057e+02  2.760607e+02 
 1.032828e+00  3.389464e+01  8.597829e+01  1.405178e+02  2.729444e+02 
 1.047225e+00  3.319697e+01  8.463627e+01  1.381716e+02  2.680816e+02 
 1.061823e+00  3.264621e+01  8.341752e+01  1.361811e+02  2.641406e+02 
 1.076624e+00  3.199767e+01  8.200794e+01  1.340554e+02  2.600407e+02 
 1.091632e+00  3.142152e+01  8.061918e+01  1.320302e+02  2.560039e+02 
 1.106848e+00  3.078354e+01  7.915075e+01  1.299105e+02  2.523629e+02 
 1.122277e+00  3.020420e+01  7.796085e+01  1.277019e+02  2.480450e+02 
 1.137921e+00  2.962245e+01  7.656293e+01  1.256712e+02  2.442744e+02 
 1.153783e+00  2.910760e+01  7.531797e+01  1.237065e+02  2.407088e+02 
 1.169866e+00  2.856847e+01  7.413818e+01  1.217809e+02  2.372506e+02 
 1.186174e+00  2.801309e+01  7.299689e+01  1.198879e+02  2.333050e+02 
 1.202708e+00  2.752621e+01  7.180006e+01  1.180448e+02  2.297234e+02 
 1.219473e+00  2.703591e+01  7.068732e+01  1.162934e+02  2.258413e+02 
 1.236472e+00  2.652365e+01  6.956437e+01  1.145539e+02  2.225219e+02 
 1.253708e+00  2.605698e+01  6.838155e+01  1.125606e+02  2.190936e+02 
 1.271184e+00  2.559185e+01  6.752981e+01  1.111196e+02  2.155618e+02 
 1.288904e+00  2.512009e+01  6.618253e+01  1.091068e+02  2.123612e+02 
 1.306870e+00  2.463549e+01  6.510507e+01  1.073460e+02  2.086902e+02 
 1.325087e+00  2.423025e+01  6.410229e+01  1.056939e+02  2.051198e+02 
 1.343558e+00  2.379259e+01  6.303945e+01  1.039830e+02  2.017294e+02 
 1.362287e+00  2.339141e+01  6.197728e+01  1.021695e+02  1.983716e+02 
 1.381276e+00  2.296530e+01  6.098573e+01  1.003476e+02  1.950255e+02 
 1.400531e+00  2.256691e+01  6.000760e+01  9.879827e+01  1.915350e+02 
 1.420053e+00  2.214774e+01  5.895903e+01  9.722552e+01  1.882591e+02 
 1.439848e+00  2.176797e+01  5.805749e+01  9.553836e+01  1.851310e+02 
 1.459919e+00  2.135735e+01  5.708673e+01  9.395651e+01  1.817547e+02 
 1.480269e+00  2.102973e+01  5.606197e+01  9.228597e+01  1.783054e+02 
 1.500903e+00  2.065423e+01  5.517832e+01  9.071612e+01  1.755166e+02 
 1.521825e+00  2.028705e+01  5.433907e+01  8.928415e+01  1.723566e+02 
 1.543038e+00  1.992356e+01  5.342749e+01  8.786461e+01  1.694899e+02 
 1.564548e+00  1.960629e+01  5.255383e+01  8.634371e+01  1.663180e+02 
 1.586357e+00  1.926817e+01  5.172862e+01  8.489695e+01  1.632778e+02 
 1.608469e+00  1.891545e+01  5.087822e+01  8.345205e+01  1.604973e+02 
 1.630891e+00  1.864210e+01  4.994400e+01  8.184586e+01  1.572532e+02 
 1.653624e+00  1.829491e+01  4.910209e+01  8.052021e+01  1.546154e+02 
 1.676675e+00  1.797923e+01  4.835589e+01  7.916613e+01  1.515944e+02 
 1.700047e+00  1.766420e+01  4.754695e+01  7.775999e+01  1.487996e+02 
 1.723745e+00  1.737515e+01  4.671594e+01  7.636333e+01  1.457829e+02 
 1.747773e+00  1.705688e+01  4.589663e+01  7.496600e+01  1.429758e+02 
 1.772136e+00  1.677080e+01  4.512019e+01  7.360090e+01  1.403617e+02 
 1.796838e+00  1.649222e+01  4.433506e+01  7.228088e+01  1.375929e+02 
 1.821885e+00  1.621314e+01  4.356292e+01  7.093469e+01  1.349658e+02 
 1.847281e+00  1.594827e+01  4.287810e+01  6.971760e+01  1.323247e+02 
 1.873032e+00  1.568300e+01  4.209592e+01  6.833710e+01  1.297530e+02 
 1.899141e+00  1.542947e+01  4.133276e+01  6.710718e+01  1.272104e+02 
 1.925614e+00  1.516495e+01  4.063671e+01  6.588153e+01  1.246034e+02 
 1.952456e+00  1.494978e+01  3.996814e+01  6.468060e+01  1.220919e+02 
 1.979672e+00  1.466682e+01  3.928824e+01  6.348665e+01  1.196600e+02 
 2.007267e+00  1.443928e+01  3.857853e+01  6.221126e+01  1.172828e+02 
 2.035248e+00  1.418034e+01  3.786153e+01  6.099856e+01  1.147938e+02 
 2.063618e+00  1.394010e+01  3.716279e+01  5.981951e+01  1.123701e+02 
 2.092383e+00  1.371067e+01  3.648689e+01  5.862905e+01  1.100291e+02 
 2.121550e+00  1.347151e+01  3.580615e+01  5.748031e+01  1.076841e+02 
 2.151123e+00  1.324930e+01  3.515746e+01  5.631649e+01  1.053517e+02 
 2.181109e+00  1.302209e+01  3.448485e+01  5.520683e+01  1.031532e+02 
 2.211512e+00  1.280434e+01  3.382348e+01  5.406184e+01  1.008244e+02 
 2.242340e+00  1.259108e+01  3.321839e+01  5.299432e+01  9.868160e+01 
 2.273597e+00  1.236561e+01  3.258993e+01  5.187202e+01  9.652008e+01 
 2.305289e+00  1.217211e+01  3.196888e+01  5.083682e+01  9.443480e+01 
 2.337424e+00  1.196810e+01  3.134836e+01  4.977333e+01  9.239835e+01 
 2.370006e+00  1.176223e+01  3.075101e+01  4.876816e+01  9.040442e+01 
 2.403043e+00  1.155389e+01  3.016634e+01  4.773069e+01  8.837410e+01 
 2.436540e+00  1.136793e+01  2.959728e+01  4.674700e+01  8.640874e+01 
 2.470504e+00  1.117452e+01  2.902460e+01  4.574637e+01  8.445586e+01 
 2.504942e+00  1.098446e+01  2.846922e+01  4.479755e+01  8.257772e+01 
 2.539859e+00  1.080362e+01  2.789569e+01  4.381817e+01  8.066800e+01 
 2.575263e+00  1.060754e+01  2.732735e+01  4.290394e+01  7.886252e+01 
 2.611161e+00  1.043064e+01  2.677959e+01  4.194129e+01  7.705464e+01 
 2.647559e+00  1.025021e+01  2.623268e+01  4.100455e+01  7.523334e+01 
 2.684465e+00  1.007172e+01  2.571294e+01  4.010098e+01  7.348439e+01 
 2.721885e+00  9.889084e+00  2.516210e+01  3.921653e+01  7.177024e+01 
 2.759826e+00  9.717276e+00  2.463361e+01  3.832849e+01  7.008863e+01 
 2.798297e+00  9.545233e+00  2.412872e+01  3.747680e+01  6.848088e+01 
 2.837304e+00  9.378663e+00  2.362299e+01  3.663579e+01  6.686346e+01 
 2.876854e+00  9.212020e+00  2.312393e+01  3.580347e+01  6.529605e+01 
 2.916956e+00  9.050488e+00  2.264322e+01  3.499485e+01  6.372913e+01 
 2.957617e+00  8.893172e+00  2.217250e+01  3.421387e+01  6.223515e+01 
 2.998844e+00  8.734970e+00  2.170667e+01  3.343279e+01  6.075461e+01 
 3.040646e+00  8.579411e+00  2.124023e+01  3.266344e+01  5.935057e+01 
 3.083031e+00  8.426456e+00  2.077949e+01  3.191491e+01  5.794005e+01 
 3.126007e+00  8.277715e+00  2.034009e+01  3.117851e+01  5.653623e+01 
 3.169582e+00  8.125793e+00  1.988380e+01  3.043850e+01  5.517899e+01 
 3.213764e+00  7.976687e+00  1.944721e+01  2.972383e+01  5.384583e+01 
 3.258562e+00  7.826552e+00  1.902176e+01  2.902011e+01  5.253495e+01 
 3.303985e+00  7.680503e+00  1.858791e+01  2.832966e+01  5.125354e+01 
 3.350041e+00  7.537266e+00  1.816370e+01  2.764511e+01  4.999285e+01 
 3.396739e+00  7.393034e+00  1.775369e+01  2.698893e+01  4.875282e+01 
 3.444087e+00  7.255482e+00  1.734457e+01  2.632492e+01  4.754811e+01 
 3.492096e+00  7.118413e+00  1.695251e+01  2.569891e+01  4.639394e+01 
 3.540774e+00  6.979440e+00  1.656763e+01  2.508163e+01  4.525089e+01 
 3.590130e+00  6.848063e+00  1.618408e+01  2.446941e+01  4.414674e+01 
 3.640175e+00  6.719017e+00  1.581317e+01  2.388618e+01  4.306079e+01 
 3.690917e+00  6.588258e+00  1.545459e+01  2.329809e+01  4.199825e+01 
 3.742366e+00  6.461415e+00  1.509054e+01  2.273681e+01  4.097959e+01 
 3.794533e+00  6.337956e+00  1.474538e+01  2.218644e+01  3.996778e+01 
 3.847427e+00  6.214271e+00  1.439787e+01  2.164314e+01  3.899099e+01 
 3.901058e+00  6.089113e+00  1.406125e+01  2.111463e+01  3.801722e+01 
 3.955436e+00  5.971371e+00  1.372709e+01  2.058239e+01  3.706102e+01 
 4.010573e+00  5.848461e+00  1.339733e+01  2.007633e+01  3.614170e+01 
 4.066478e+00  5.729580e+00  1.307161e+01  1.956891e+01  3.522467e+01 
 4.123163e+00  5.611528e+00  1.275779e+01  1.907653e+01  3.433161e+01 
 4.180637e+00  5.496765e+00  1.244926e+01  1.859725e+01  3.345718e+01 
 4.238913e+00  5.382970e+00  1.214238e+01  1.812486e+01  3.261321e+01 
 4.298001e+00  5.268841e+00  1.184522e+01  1.766733e+01  3.178190e+01 
 4.357913e+00  5.161747e+00  1.155474e+01  1.722191e+01  3.098276e+01 
 4.418660e+00  5.053008e+00  1.127445e+01  1.678541e+01  3.020380e+01 
 4.480254e+00  4.945994e+00  1.099660e+01  1.636140e+01  2.944020e+01 
 4.542706e+00  4.843258e+00  1.072560e+01  1.594671e+01  2.869579e+01 
 4.606029e+00  4.740675e+00  1.046486e+01  1.554632e+01  2.797865e+01 
 4.670234e+00  4.639969e+00  1.020842e+01  1.515768e+01  2.727788e+01 
 4.735335e+00  4.541377e+00  9.957877e+00  1.477425e+01  2.658801e+01 
 4.801343e+00  4.445753e+00  9.713233e+00  1.440102e+01  2.591216e+01 
 4.868271e+00  4.349359e+00  9.470700e+00  1.403239e+01  2.525214e+01 
 4.936132e+00  4.254294e+00  9.232610e+00  1.367243e+01  2.460491e+01 
 5.004939e+00  4.160220e+00  9.000376e+00  1.331954e+01  2.397110e+01 
 5.074705e+00  4.067096e+00  8.771919e+00  1.297319e+01  2.335234e+01 
 5.145444e+00  3.976811e+00  8.548961e+00  1.263618e+01  2.274889e+01 
 5.217169e+00  3.886632e+00  8.330013e+00  1.230557e+01  2.215195e+01 
 5.289893e+00  3.800099e+00  8.118089e+00  1.198851e+01  2.158090e+01 
 5.363631e+00  3.713219e+00  7.910896e+00  1.167403e+01  2.101941e+01 
 5.438397e+00  3.629561e+00  7.708298e+00  1.137067e+01  2.047227e+01 
 5.514206e+00  3.547217e+00  7.511895e+00  1.107564e+01  1.994350e+01 
 5.591071e+00  3.465859e+00  7.321151e+00  1.078797e+01  1.942810e+01 
 5.669007e+00  3.388070e+00  7.134676e+00  1.050988e+01  1.892854e+01 
 5.748030e+00  3.311036e+00  6.953874e+00  1.023747e+01  1.843871e+01 
 5.828155e+00  3.235534e+00  6.777698e+00  9.973930e+00  1.796356e+01 
 5.909396e+00  3.161683e+00  6.605283e+00  9.716442e+00  1.750204e+01 
 5.991770e+00  3.088773e+00  6.436423e+00  9.463743e+00  1.704923e+01 
 6.075292e+00  3.017317e+00  6.271994e+00  9.217691e+00  1.660474e+01 
 6.159978e+00  2.946780e+00  6.109963e+00  8.976272e+00  1.617088e+01 
 6.245845e+00  2.877431e+00  5.951887e+00  8.740321e+00  1.574557e+01 
 6.332908e+00  2.809092e+00  5.796309e+00  8.509112e+00  1.532880e+01 
 6.421186e+00  2.742496e+00  5.645325e+00  8.283302e+00  1.492267e+01 
 6.510694e+00  2.676816e+00  5.497699e+00  8.064031e+00  1.452733e+01 
 6.601449e+00  2.613150e+00  5.354359e+00  7.850415e+00  1.414243e+01 
 6.693470e+00  2.550374e+00  5.214079e+00  7.641863e+00  1.376735e+01 
 6.786773e+00  2.489354e+00  5.078242e+00  7.439565e+00  1.340358e+01 
 6.881377e+00  2.430185e+00  4.946281e+00  7.243383e+00  1.304866e+01 
 6.977300e+00  2.372207e+00  4.818372e+00  7.053662e+00  1.270509e+01 
 7.074559e+00  2.316085e+00  4.693584e+00  6.868142e+00  1.237058e+01 
 7.173175e+00  2.260902e+00  4.572724e+00  6.688359e+00  1.204638e+01 
 7.273165e+00  2.207382e+00  4.455116e+00  6.514318e+00  1.173070e+01 
 7.374549e+00  2.154852e+00  4.340109e+00  6.343596e+00  1.142387e+01 
 7.477346e+00  2.103339e+00  4.228479e+00  6.178234e+00  1.112332e+01 
 7.581576e+00  2.053100e+00  4.118358e+00  6.015343e+00  1.082937e+01 
 7.687260e+00  2.003503e+00  4.011093e+00  5.855760e+00  1.054265e+01 
 7.794416e+00  1.954992e+00  3.906202e+00  5.700460e+00  1.026136e+01 
 7.903066e+00  1.907460e+00  3.803345e+00  5.548063e+00  9.986013e+00 
 8.013230e+00  1.860968e+00  3.703722e+00  5.400770e+00  9.718524e+00 
 8.124930e+00  1.815465e+00  3.606345e+00  5.256534e+00  9.457499e+00 
 8.238187e+00  1.771294e+00  3.511343e+00  5.115960e+00  9.203676e+00 
 8.353023e+00  1.728096e+00  3.419189e+00  4.979841e+00  8.956708e+00 
 8.469460e+00  1.686189e+00  3.329808e+00  4.847631e+00  8.717179e+00 
 8.587519e+00  1.645457e+00  3.242867e+00  4.719045e+00  8.484539e+00 
 8.707225e+00  1.605830e+00  3.158369e+00  4.594513e+00  8.258870e+00 
 8.828599e+00  1.567320e+00  3.076798e+00  4.473674e+00  8.039437e+00 
 8.951665e+00  1.529362e+00  2.997506e+00  4.356278e+00  7.826958e+00 
 9.076446e+00  1.493316e+00  2.920383e+00  4.242547e+00  7.620599e+00 
 9.202967e+00  1.457740e+00  2.845307e+00  4.131844e+00  7.419252e+00 
 9.331251e+00  1.422961e+00  2.771928e+00  4.023428e+00  7.222871e+00 
 9.461324e+00  0.000000e+00  0.000000e+00  0.000000e+00  0.000000e+00 
 9.593209e+00  0.000000e+00  0.000000e+00  0.000000e+00  0.000000e+00 
 9.726934e+00  0.000000e+00  0.000000e+00  0.000000e+00  0.000000e+00 
 9.862522e+00  0.000000e+00  0.000000e+00  0.000000e+00  0.000000e+00 
 1.000000e+01  0.000000e+00  0.000000e+00  0.000000e+00  0.000000e+00 
