 1.000000e-02  5.517099e+03  1.004352e+04  1.356980e+04  2.018827e+04 
 1.013939e-02  5.545624e+03  1.009521e+04  1.363951e+04  2.029180e+04 
 1.028073e-02  5.573628e+03  1.014595e+04  1.370798e+04  2.039347e+04 
 1.042404e-02  5.601092e+03  1.019580e+04  1.377522e+04  2.049305e+04 
 1.056935e-02  5.628004e+03  1.024470e+04  1.384118e+04  2.059057e+04 
 1.071668e-02  5.654355e+03  1.029253e+04  1.390564e+04  2.068605e+04 
 1.086606e-02  5.680099e+03  1.033920e+04  1.396853e+04  2.077933e+04 
 1.101753e-02  5.705215e+03  1.038469e+04  1.402985e+04  2.087030e+04 
 1.117111e-02  5.729654e+03  1.042898e+04  1.408949e+04  2.095876e+04 
 1.132683e-02  5.753480e+03  1.047217e+04  1.414765e+04  2.104492e+04 
 1.148472e-02  5.776888e+03  1.051458e+04  1.420483e+04  2.112947e+04 
 1.164481e-02  5.799747e+03  1.055598e+04  1.426065e+04  2.121192e+04 
 1.180713e-02  5.821751e+03  1.059582e+04  1.431430e+04  2.129122e+04 
 1.197171e-02  5.842853e+03  1.063402e+04  1.436568e+04  2.136735e+04 
 1.213859e-02  5.863065e+03  1.067059e+04  1.441483e+04  2.144022e+04 
 1.230780e-02  5.882400e+03  1.070558e+04  1.446194e+04  2.150988e+04 
 1.247936e-02  5.900972e+03  1.073916e+04  1.450723e+04  2.157667e+04 
 1.265332e-02  5.918770e+03  1.077133e+04  1.455055e+04  2.164061e+04 
 1.282970e-02  5.935707e+03  1.080195e+04  1.459160e+04  2.170137e+04 
 1.300854e-02  5.951755e+03  1.083091e+04  1.463042e+04  2.175878e+04 
 1.318987e-02  5.966886e+03  1.085822e+04  1.466706e+04  2.181284e+04 
 1.337373e-02  5.981096e+03  1.088383e+04  1.470149e+04  2.186351e+04 
 1.356015e-02  5.994368e+03  1.090774e+04  1.473362e+04  2.191071e+04 
 1.374917e-02  6.006689e+03  1.092991e+04  1.476338e+04  2.195442e+04 
 1.394083e-02  6.018021e+03  1.095027e+04  1.479072e+04  2.199450e+04 
 1.413516e-02  6.028312e+03  1.096873e+04  1.481549e+04  2.203081e+04 
 1.433219e-02  6.037587e+03  1.098535e+04  1.483777e+04  2.206344e+04 
 1.453198e-02  6.045828e+03  1.100007e+04  1.485744e+04  2.209215e+04 
 1.473454e-02  6.052942e+03  1.101276e+04  1.487431e+04  2.211665e+04 
 1.493993e-02  6.058882e+03  1.102330e+04  1.488829e+04  2.213691e+04 
 1.514819e-02  6.063596e+03  1.103161e+04  1.489933e+04  2.215283e+04 
 1.535935e-02  6.067127e+03  1.103780e+04  1.490752e+04  2.216451e+04 
 1.557345e-02  6.069651e+03  1.104213e+04  1.491320e+04  2.217245e+04 
 1.579053e-02  6.071098e+03  1.104452e+04  1.491623e+04  2.217646e+04 
 1.601064e-02  6.071338e+03  1.104470e+04  1.491623e+04  2.217606e+04 
 1.623382e-02  6.070342e+03  1.104262e+04  1.491316e+04  2.217117e+04 
 1.646012e-02  6.068101e+03  1.103828e+04  1.490703e+04  2.216167e+04 
 1.668956e-02  6.064601e+03  1.103162e+04  1.489780e+04  2.214749e+04 
 1.692220e-02  6.059829e+03  1.102266e+04  1.488546e+04  2.212858e+04 
 1.715809e-02  6.053763e+03  1.101133e+04  1.486995e+04  2.210494e+04 
 1.739726e-02  6.046353e+03  1.099759e+04  1.485117e+04  2.207642e+04 
 1.763977e-02  6.037609e+03  1.098140e+04  1.482906e+04  2.204303e+04 
 1.788566e-02  6.027525e+03  1.096278e+04  1.480368e+04  2.200477e+04 
 1.813498e-02  6.016105e+03  1.094173e+04  1.477500e+04  2.196162e+04 
 1.838777e-02  6.003365e+03  1.091826e+04  1.474308e+04  2.191366e+04 
 1.864409e-02  5.989264e+03  1.089232e+04  1.470779e+04  2.186068e+04 
 1.890397e-02  5.973731e+03  1.086377e+04  1.466898e+04  2.180245e+04 
 1.916748e-02  5.956739e+03  1.083257e+04  1.462662e+04  2.173890e+04 
 1.943467e-02  5.938314e+03  1.079875e+04  1.458072e+04  2.167012e+04 
 1.970558e-02  5.918475e+03  1.076235e+04  1.453130e+04  2.159611e+04 
 1.998026e-02  5.897214e+03  1.072337e+04  1.447843e+04  2.151689e+04 
 2.025878e-02  5.874513e+03  1.068176e+04  1.442200e+04  2.143244e+04 
 2.054117e-02  5.850355e+03  1.063751e+04  1.436201e+04  2.134275e+04 
 2.082751e-02  5.824764e+03  1.059066e+04  1.429849e+04  2.124776e+04 
 2.111783e-02  5.797734e+03  1.054118e+04  1.423141e+04  2.114753e+04 
 2.141220e-02  5.769340e+03  1.048920e+04  1.416093e+04  2.104216e+04 
 2.171068e-02  5.740123e+03  1.043551e+04  1.408795e+04  2.093245e+04 
 2.201331e-02  5.709457e+03  1.037922e+04  1.401144e+04  2.081743e+04 
 2.232016e-02  5.677379e+03  1.032034e+04  1.393143e+04  2.069729e+04 
 2.263130e-02  5.643915e+03  1.025890e+04  1.384799e+04  2.057210e+04 
 2.294676e-02  5.609053e+03  1.019493e+04  1.376111e+04  2.044183e+04 
 2.326663e-02  5.572778e+03  1.012839e+04  1.367077e+04  2.030643e+04 
 2.359095e-02  5.535112e+03  1.005935e+04  1.357706e+04  2.016596e+04 
 2.391980e-02  5.496090e+03  9.987839e+03  1.348000e+04  2.002053e+04 
 2.425323e-02  5.455738e+03  9.913909e+03  1.337970e+04  1.987026e+04 
 2.459130e-02  5.414078e+03  9.837599e+03  1.327618e+04  1.971520e+04 
 2.493409e-02  5.371124e+03  9.758964e+03  1.316949e+04  1.955548e+04 
 2.528166e-02  5.326912e+03  9.678009e+03  1.305970e+04  1.939117e+04 
 2.563407e-02  5.281464e+03  9.594816e+03  1.294689e+04  1.922233e+04 
 2.599140e-02  5.234808e+03  9.509409e+03  1.283112e+04  1.904912e+04 
 2.635371e-02  5.186989e+03  9.421891e+03  1.271251e+04  1.887169e+04 
 2.672106e-02  5.138037e+03  9.332353e+03  1.259114e+04  1.869020e+04 
 2.709354e-02  5.087990e+03  9.240839e+03  1.246712e+04  1.850475e+04 
 2.747121e-02  5.036897e+03  9.147427e+03  1.234053e+04  1.831548e+04 
 2.785414e-02  4.984752e+03  9.052117e+03  1.221141e+04  1.812254e+04 
 2.824241e-02  4.931358e+03  8.954668e+03  1.207953e+04  1.792582e+04 
 2.863610e-02  4.877078e+03  8.855593e+03  1.194545e+04  1.772584e+04 
 2.903527e-02  4.821953e+03  8.754996e+03  1.180933e+04  1.752284e+04 
 2.944000e-02  4.766048e+03  8.652988e+03  1.167130e+04  1.731697e+04 
 2.985038e-02  4.709416e+03  8.549678e+03  1.153150e+04  1.710850e+04 
 3.026648e-02  4.652131e+03  8.445168e+03  1.139012e+04  1.689770e+04 
 3.068838e-02  4.594254e+03  8.339596e+03  1.124729e+04  1.668475e+04 
 3.111616e-02  4.535840e+03  8.233061e+03  1.110318e+04  1.646988e+04 
 3.154990e-02  4.476964e+03  8.125683e+03  1.095793e+04  1.625333e+04 
 3.198969e-02  4.417695e+03  8.017587e+03  1.081171e+04  1.603537e+04 
 3.243561e-02  4.358101e+03  7.908912e+03  1.066473e+04  1.581625e+04 
 3.288774e-02  4.298261e+03  7.799790e+03  1.051714e+04  1.559625e+04 
 3.334618e-02  4.238258e+03  7.690373e+03  1.036915e+04  1.537567e+04 
 3.381101e-02  4.178157e+03  7.580806e+03  1.022095e+04  1.515478e+04 
 3.428231e-02  4.118040e+03  7.471202e+03  1.007269e+04  1.493384e+04 
 3.476019e-02  4.057828e+03  7.361740e+03  9.924980e+03  1.471466e+04 
 3.524473e-02  3.997747e+03  7.252518e+03  9.777626e+03  1.449601e+04 
 3.573602e-02  3.937882e+03  7.143704e+03  9.630817e+03  1.427815e+04 
 3.623416e-02  3.878316e+03  7.035447e+03  9.484748e+03  1.406138e+04 
 3.673925e-02  3.819129e+03  6.927862e+03  9.339584e+03  1.384596e+04 
 3.725137e-02  3.760406e+03  6.821101e+03  9.195536e+03  1.363219e+04 
 3.777064e-02  3.702216e+03  6.715294e+03  9.052780e+03  1.342031e+04 
 3.829714e-02  3.644627e+03  6.610612e+03  8.911504e+03  1.321064e+04 
 3.883098e-02  3.587709e+03  6.507167e+03  8.771886e+03  1.300341e+04 
 3.937226e-02  3.531547e+03  6.405084e+03  8.634127e+03  1.279889e+04 
 3.992109e-02  3.476207e+03  6.304494e+03  8.498373e+03  1.259731e+04 
 4.047757e-02  3.421759e+03  6.205483e+03  8.364711e+03  1.239875e+04 
 4.104181e-02  3.368139e+03  6.107451e+03  8.231811e+03  1.219972e+04 
 4.161391e-02  3.315543e+03  6.011290e+03  8.101440e+03  1.200447e+04 
 4.219398e-02  3.264020e+03  5.917098e+03  7.973738e+03  1.181319e+04 
 4.278214e-02  3.213631e+03  5.824971e+03  7.848833e+03  1.162607e+04 
 4.337850e-02  3.164429e+03  5.735019e+03  7.726857e+03  1.144330e+04 
 4.398317e-02  3.116478e+03  5.647329e+03  7.607905e+03  1.126506e+04 
 4.459628e-02  3.069802e+03  5.561957e+03  7.492106e+03  1.109149e+04 
 4.521792e-02  3.024434e+03  5.478969e+03  7.379548e+03  1.092273e+04 
 4.584824e-02  2.980409e+03  5.398434e+03  7.270306e+03  1.075890e+04 
 4.648734e-02  2.937766e+03  5.320396e+03  7.164441e+03  1.060008e+04 
 4.713535e-02  2.896575e+03  5.245645e+03  7.063664e+03  1.045067e+04 
 4.779239e-02  2.856824e+03  5.173888e+03  6.967328e+03  1.030893e+04 
 4.845859e-02  2.818470e+03  5.104679e+03  6.874414e+03  1.017224e+04 
 4.913407e-02  2.781521e+03  5.038022e+03  6.784925e+03  1.004059e+04 
 4.981898e-02  2.745982e+03  4.973894e+03  6.698851e+03  9.913980e+03 
 5.051342e-02  2.711837e+03  4.912275e+03  6.616157e+03  9.792337e+03 
 5.121755e-02  2.679051e+03  4.853125e+03  6.536774e+03  9.675606e+03 
 5.193150e-02  2.647594e+03  4.796399e+03  6.460638e+03  9.563681e+03 
 5.265540e-02  2.617434e+03  4.742016e+03  6.387658e+03  9.456432e+03 
 5.338938e-02  2.588319e+03  4.689102e+03  6.316235e+03  9.350377e+03 
 5.413360e-02  2.560158e+03  4.637421e+03  6.245975e+03  9.244694e+03 
 5.488820e-02  2.533140e+03  4.587829e+03  6.178540e+03  9.143201e+03 
 5.565331e-02  2.507184e+03  4.540180e+03  6.113725e+03  9.045588e+03 
 5.642908e-02  2.482165e+03  4.494246e+03  6.051220e+03  8.951402e+03 
 5.721568e-02  2.457977e+03  4.449812e+03  5.990731e+03  8.860254e+03 
 5.801323e-02  2.434670e+03  4.406976e+03  5.932393e+03  8.772315e+03 
 5.882190e-02  2.412348e+03  4.365907e+03  5.876439e+03  8.687948e+03 
 5.964185e-02  2.391015e+03  4.326894e+03  5.823526e+03  8.608809e+03 
 6.047322e-02  2.370566e+03  4.290181e+03  5.774460e+03  8.537344e+03 
 6.131619e-02  2.350270e+03  4.253754e+03  5.725774e+03  8.466469e+03 
 6.217090e-02  2.329833e+03  4.217074e+03  5.676751e+03  8.395098e+03 
 6.303753e-02  2.309228e+03  4.180093e+03  5.627328e+03  8.323148e+03 
 6.391624e-02  2.288469e+03  4.142833e+03  5.577532e+03  8.250653e+03 
 6.480720e-02  2.267541e+03  4.105259e+03  5.527298e+03  8.177546e+03 
 6.571058e-02  2.246300e+03  4.067115e+03  5.476292e+03  8.103313e+03 
 6.662655e-02  2.223529e+03  4.024508e+03  5.417506e+03  8.012649e+03 
 6.755528e-02  2.200050e+03  3.980566e+03  5.356871e+03  7.919147e+03 
 6.849697e-02  2.175767e+03  3.935175e+03  5.294302e+03  7.822824e+03 
 6.945178e-02  2.150569e+03  3.888140e+03  5.229534e+03  7.723303e+03 
 7.041990e-02  2.124343e+03  3.839252e+03  5.162306e+03  7.620188e+03 
 7.140151e-02  2.096995e+03  3.788347e+03  5.092376e+03  7.513150e+03 
 7.239681e-02  2.068701e+03  3.735997e+03  5.020833e+03  7.404771e+03 
 7.340598e-02  2.039431e+03  3.682204e+03  4.947721e+03  7.295331e+03 
 7.442922e-02  2.008809e+03  3.625971e+03  4.871343e+03  7.181105e+03 
 7.546673e-02  1.976790e+03  3.567237e+03  4.791611e+03  7.061957e+03 
 7.651869e-02  1.943366e+03  3.505979e+03  4.708499e+03  6.937853e+03 
 7.758532e-02  1.908549e+03  3.442214e+03  4.622050e+03  6.808866e+03 
 7.866682e-02  1.873113e+03  3.378316e+03  4.536440e+03  6.683664e+03 
 7.976339e-02  1.837578e+03  3.315831e+03  4.454335e+03  6.567700e+03 
 8.087525e-02  1.800772e+03  3.251002e+03  4.369013e+03  6.446877e+03 
 8.200261e-02  1.762797e+03  3.184006e+03  4.280710e+03  6.321516e+03 
 8.314568e-02  1.723786e+03  3.115068e+03  4.189734e+03  6.192069e+03 
 8.430468e-02  1.683890e+03  3.044444e+03  4.096457e+03  6.059041e+03 
 8.547985e-02  1.642751e+03  2.970620e+03  3.997972e+03  5.916072e+03 
 8.667139e-02  1.600859e+03  2.895012e+03  3.896639e+03  5.767828e+03 
 8.787954e-02  1.558685e+03  2.818891e+03  3.794586e+03  5.618476e+03 
 8.910453e-02  1.516458e+03  2.742653e+03  3.692364e+03  5.468811e+03 
 9.034660e-02  1.474412e+03  2.666709e+03  3.590542e+03  5.319648e+03 
 9.160598e-02  1.433450e+03  2.593624e+03  3.493433e+03  5.179484e+03 
 9.288292e-02  1.393715e+03  2.523564e+03  3.401132e+03  5.048199e+03 
 9.417766e-02  1.354804e+03  2.454918e+03  3.310636e+03  4.919353e+03 
 9.549045e-02  1.316952e+03  2.388107e+03  3.222511e+03  4.793798e+03 
 9.682153e-02  1.280364e+03  2.323511e+03  3.137292e+03  4.672317e+03 
 9.817117e-02  1.245524e+03  2.262453e+03  3.057185e+03  4.559146e+03 
 9.953962e-02  1.212417e+03  2.204614e+03  2.981494e+03  4.452619e+03 
 1.009272e-01  1.181106e+03  2.149933e+03  2.909962e+03  4.352036e+03 
 1.023340e-01  1.151711e+03  2.098656e+03  2.842930e+03  4.257926e+03 
 1.037605e-01  1.123774e+03  2.049326e+03  2.777858e+03  4.165120e+03 
 1.052069e-01  1.095885e+03  1.997604e+03  2.707273e+03  4.058771e+03 
 1.066734e-01  1.070209e+03  1.949959e+03  2.642247e+03  3.960766e+03 
 1.081604e-01  1.046731e+03  1.906355e+03  2.582725e+03  3.871010e+03 
 1.096681e-01  1.025401e+03  1.866702e+03  2.528568e+03  3.789284e+03 
 1.111968e-01  1.006126e+03  1.830924e+03  2.479603e+03  3.714750e+03 
 1.127468e-01  9.887855e+02  1.798731e+03  2.435492e+03  3.647523e+03 
 1.143184e-01  9.732348e+02  1.769840e+03  2.395877e+03  3.587021e+03 
 1.159120e-01  9.592869e+02  1.743893e+03  2.360272e+03  3.532504e+03 
 1.175277e-01  9.471384e+02  1.721630e+03  2.329927e+03  3.486255e+03 
 1.191660e-01  9.361423e+02  1.701520e+03  2.302527e+03  3.444481e+03 
 1.208271e-01  9.259922e+02  1.682980e+03  2.277266e+03  3.405926e+03 
 1.225114e-01  9.163510e+02  1.665337e+03  2.253191e+03  3.369133e+03 
 1.242191e-01  9.064445e+02  1.646762e+03  2.227590e+03  3.329888e+03 
 1.259506e-01  8.964832e+02  1.628108e+03  2.201900e+03  3.290560e+03 
 1.277063e-01  8.861668e+02  1.608820e+03  2.175371e+03  3.250024e+03 
 1.294865e-01  8.754747e+02  1.589011e+03  2.148197e+03  3.208352e+03 
 1.312915e-01  8.641863e+02  1.568307e+03  2.119867e+03  3.164777e+03 
 1.331216e-01  8.517636e+02  1.545564e+03  2.088754e+03  3.117104e+03 
 1.349772e-01  8.380461e+02  1.520521e+03  2.054554e+03  3.064990e+03 
 1.368587e-01  8.239359e+02  1.496367e+03  2.023476e+03  3.022732e+03 
 1.387665e-01  8.083010e+02  1.469395e+03  1.988560e+03  2.974669e+03 
 1.407008e-01  7.911406e+02  1.439625e+03  1.949753e+03  2.920723e+03 
 1.426621e-01  7.735112e+02  1.409598e+03  1.910849e+03  2.866447e+03 
 1.446507e-01  7.548554e+02  1.377819e+03  1.869609e+03  2.808503e+03 
 1.466671e-01  7.350461e+02  1.343835e+03  1.825289e+03  2.745781e+03 
 1.487115e-01  7.129139e+02  1.304209e+03  1.772383e+03  2.668934e+03 
 1.507845e-01  6.892914e+02  1.260928e+03  1.713935e+03  2.582875e+03 
 1.528864e-01  6.655290e+02  1.217379e+03  1.655100e+03  2.496158e+03 
 1.550175e-01  6.436707e+02  1.179137e+03  1.604904e+03  2.425353e+03 
 1.571784e-01  6.234693e+02  1.145095e+03  1.561349e+03  2.366294e+03 
 1.593694e-01  6.040020e+02  1.112211e+03  1.519230e+03  2.308981e+03 
 1.615909e-01  5.860921e+02  1.082406e+03  1.481316e+03  2.257763e+03 
 1.638434e-01  5.696870e+02  1.055356e+03  1.447066e+03  2.211759e+03 
 1.661273e-01  5.547550e+02  1.030853e+03  1.416162e+03  2.170451e+03 
 1.684430e-01  5.388040e+02  1.002022e+03  1.377659e+03  2.114983e+03 
 1.707910e-01  5.243373e+02  9.756282e+02  1.342254e+03  2.063828e+03 
 1.731717e-01  5.119900e+02  9.533670e+02  1.312565e+03  2.021145e+03 
 1.755856e-01  5.026257e+02  9.375167e+02  1.291967e+03  1.991697e+03 
 1.780332e-01  4.947880e+02  9.244777e+02  1.275205e+03  1.968079e+03 
 1.805149e-01  4.866445e+02  9.089004e+02  1.253268e+03  1.933177e+03 
 1.830312e-01  4.786019e+02  8.923624e+02  1.229029e+03  1.892764e+03 
 1.855825e-01  4.713274e+02  8.774306e+02  1.207210e+03  1.856586e+03 
 1.881694e-01  4.645534e+02  8.643018e+02  1.189010e+03  1.828818e+03 
 1.907924e-01  4.578194e+02  8.512726e+02  1.170967e+03  1.801283e+03 
 1.934520e-01  4.503478e+02  8.367246e+02  1.150922e+03  1.771636e+03 
 1.961486e-01  4.421308e+02  8.207561e+02  1.128964e+03  1.739411e+03 
 1.988828e-01  4.340966e+02  8.058274e+02  1.108717e+03  1.709723e+03 
 2.016551e-01  4.265429e+02  7.927901e+02  1.091468e+03  1.684491e+03 
 2.044661e-01  4.178028e+02  7.773927e+02  1.070871e+03  1.653957e+03 
 2.073162e-01  4.075999e+02  7.584465e+02  1.044748e+03  1.613930e+03 
 2.102061e-01  3.964106e+02  7.376544e+02  1.016095e+03  1.570017e+03 
 2.131362e-01  3.878027e+02  7.255593e+02  1.002324e+03  1.553625e+03 
 2.161073e-01  3.787366e+02  7.126311e+02  9.874365e+02  1.535559e+03 
 2.191197e-01  3.672773e+02  6.934576e+02  9.631958e+02  1.503749e+03 
 2.221741e-01  3.554293e+02  6.730475e+02  9.369737e+02  1.468744e+03 
 2.252711e-01  3.445397e+02  6.549095e+02  9.141945e+02  1.439103e+03 
 2.284112e-01  3.345367e+02  6.384873e+02  8.937880e+02  1.412918e+03 
 2.315951e-01  3.255992e+02  6.232169e+02  8.737195e+02  1.383559e+03 
 2.348235e-01  3.178218e+02  6.098034e+02  8.557724e+02  1.356212e+03 
 2.380968e-01  3.093873e+02  5.937583e+02  8.335325e+02  1.322341e+03 
 2.414157e-01  3.016502e+02  5.787045e+02  8.125189e+02  1.290421e+03 
 2.447809e-01  2.943067e+02  5.644706e+02  7.928516e+02  1.260355e+03 
 2.481930e-01  2.878377e+02  5.519582e+02  7.756097e+02  1.234031e+03 
 2.516527e-01  2.841221e+02  5.454412e+02  7.666186e+02  1.219649e+03 
 2.551606e-01  2.799211e+02  5.376443e+02  7.557864e+02  1.202760e+03 
 2.587174e-01  2.733118e+02  5.240790e+02  7.366937e+02  1.174070e+03 
 2.623238e-01  2.678549e+02  5.137153e+02  7.225132e+02  1.153211e+03 
 2.659804e-01  2.634501e+02  5.064477e+02  7.131298e+02  1.139995e+03 
 2.696881e-01  2.573173e+02  4.952951e+02  6.981935e+02  1.117865e+03 
 2.734474e-01  2.503138e+02  4.823528e+02  6.807528e+02  1.091827e+03 
 2.772591e-01  2.447963e+02  4.735555e+02  6.700319e+02  1.078677e+03 
 2.811239e-01  2.386680e+02  4.632024e+02  6.569898e+02  1.062473e+03 
 2.850426e-01  2.321042e+02  4.515148e+02  6.419046e+02  1.043945e+03 
 2.890160e-01  2.258216e+02  4.412258e+02  6.289440e+02  1.026133e+03 
 2.930447e-01  2.197891e+02  4.311570e+02  6.157595e+02  1.006251e+03 
 2.971296e-01  2.141143e+02  4.205429e+02  6.002105e+02  9.795247e+02 
 3.012714e-01  2.089653e+02  4.117890e+02  5.887490e+02  9.628139e+02 
 3.054710e-01  2.041136e+02  4.036925e+02  5.786405e+02  9.495460e+02 
 3.097291e-01  1.986921e+02  3.935989e+02  5.651974e+02  9.307030e+02 
 3.140465e-01  1.939852e+02  3.841696e+02  5.516595e+02  9.084813e+02 
 3.184242e-01  1.899828e+02  3.761888e+02  5.401487e+02  8.894970e+02 
 3.228628e-01  1.868380e+02  3.707426e+02  5.331324e+02  8.807088e+02 
 3.273634e-01  1.826011e+02  3.621476e+02  5.207197e+02  8.607635e+02 
 3.319266e-01  1.781936e+02  3.535567e+02  5.088318e+02  8.429526e+02 
 3.365535e-01  1.738390e+02  3.457799e+02  4.988580e+02  8.298344e+02 
 3.412449e-01  1.706956e+02  3.417329e+02  4.942493e+02  8.227079e+02 
 3.460016e-01  1.671545e+02  3.361044e+02  4.871216e+02  8.129350e+02 
 3.508247e-01  1.635146e+02  3.297716e+02  4.787552e+02  8.008032e+02 
 3.557150e-01  1.598556e+02  3.231579e+02  4.698771e+02  7.872260e+02 
 3.606735e-01  1.556290e+02  3.157824e+02  4.602657e+02  7.738961e+02 
 3.657011e-01  1.507095e+02  3.065949e+02  4.476702e+02  7.561922e+02 
 3.707988e-01  1.466947e+02  2.989566e+02  4.372249e+02  7.406665e+02 
 3.759675e-01  1.431326e+02  2.921665e+02  4.278902e+02  7.265643e+02 
 3.812083e-01  1.396648e+02  2.858878e+02  4.193936e+02  7.139475e+02 
 3.865221e-01  1.368255e+02  2.816756e+02  4.145890e+02  7.063811e+02 
 3.919100e-01  1.339441e+02  2.750279e+02  4.043940e+02  6.920299e+02 
 3.973730e-01  1.307646e+02  2.696633e+02  3.977346e+02  6.816000e+02 
 4.029122e-01  1.281621e+02  2.656438e+02  3.922607e+02  6.716228e+02 
 4.085286e-01  1.255492e+02  2.601450e+02  3.843702e+02  6.603600e+02 
 4.142232e-01  1.223452e+02  2.536623e+02  3.757370e+02  6.495994e+02 
 4.199973e-01  1.190965e+02  2.480728e+02  3.686648e+02  6.393843e+02 
 4.258518e-01  1.163829e+02  2.431490e+02  3.617741e+02  6.276795e+02 
 4.317880e-01  1.134896e+02  2.376592e+02  3.536773e+02  6.150804e+02 
 4.378069e-01  1.109424e+02  2.326233e+02  3.464942e+02  6.032847e+02 
 4.439097e-01  1.088394e+02  2.293363e+02  3.424705e+02  5.990762e+02 
 4.500975e-01  1.057565e+02  2.236224e+02  3.347040e+02  5.875741e+02 
 4.563716e-01  1.032047e+02  2.183934e+02  3.271772e+02  5.742986e+02 
 4.627332e-01  1.015549e+02  2.161226e+02  3.247411e+02  5.721407e+02 
 4.691835e-01  9.892643e+01  2.109773e+02  3.174494e+02  5.600530e+02 
 4.757236e-01  9.702714e+01  2.072650e+02  3.123535e+02  5.522640e+02 
 4.823549e-01  9.440165e+01  2.020130e+02  3.048794e+02  5.419801e+02 
 4.890787e-01  9.224280e+01  1.978291e+02  2.992591e+02  5.332499e+02 
 4.958962e-01  9.055449e+01  1.946160e+02  2.943469e+02  5.242898e+02 
 5.028087e-01  8.831964e+01  1.907808e+02  2.891666e+02  5.166750e+02 
 5.098176e-01  8.651492e+01  1.874826e+02  2.845026e+02  5.076807e+02 
 5.169242e-01  8.487739e+01  1.844238e+02  2.803406e+02  5.021433e+02 
 5.241298e-01  8.200815e+01  1.794918e+02  2.742223e+02  4.946156e+02 
 5.314359e-01  8.048458e+01  1.772483e+02  2.712536e+02  4.896956e+02 
 5.388438e-01  7.872403e+01  1.732892e+02  2.653219e+02  4.806525e+02 
 5.463550e-01  7.722159e+01  1.704111e+02  2.610750e+02  4.735106e+02 
 5.539709e-01  7.503580e+01  1.665158e+02  2.561637e+02  4.659997e+02 
 5.616930e-01  7.358337e+01  1.637286e+02  2.522100e+02  4.600956e+02 
 5.695227e-01  7.198987e+01  1.610599e+02  2.489753e+02  4.537692e+02 
 5.774615e-01  7.026130e+01  1.571202e+02  2.430386e+02  4.450905e+02 
 5.855110e-01  6.889377e+01  1.546773e+02  2.393692e+02  4.387110e+02 
 5.936727e-01  6.723502e+01  1.508928e+02  2.340222e+02  4.306836e+02 
 6.019482e-01  6.597295e+01  1.489590e+02  2.309844e+02  4.251257e+02 
 6.103390e-01  6.431683e+01  1.461308e+02  2.274043e+02  4.190258e+02 
 6.188468e-01  6.281848e+01  1.435307e+02  2.249215e+02  4.173059e+02 
 6.274732e-01  6.167497e+01  1.407141e+02  2.200641e+02  4.092946e+02 
 6.362198e-01  6.030729e+01  1.384173e+02  2.168226e+02  4.030248e+02 
 6.450884e-01  5.878617e+01  1.356746e+02  2.130301e+02  3.965416e+02 
 6.540806e-01  5.748503e+01  1.326086e+02  2.083643e+02  3.895510e+02 
 6.631981e-01  5.609149e+01  1.303006e+02  2.058590e+02  3.854497e+02 
 6.724427e-01  5.493142e+01  1.278540e+02  2.023814e+02  3.811080e+02 
 6.818162e-01  5.363558e+01  1.254421e+02  1.982076e+02  3.732908e+02 
 6.913204e-01  5.239547e+01  1.229096e+02  1.949656e+02  3.678868e+02 
 7.009570e-01  5.158652e+01  1.209434e+02  1.920727e+02  3.630002e+02 
 7.107280e-01  5.015647e+01  1.187325e+02  1.890578e+02  3.571463e+02 
 7.206351e-01  4.931620e+01  1.167532e+02  1.863652e+02  3.538568e+02 
 7.306804e-01  4.823151e+01  1.148861e+02  1.833576e+02  3.475589e+02 
 7.408657e-01  4.709962e+01  1.125127e+02  1.799475e+02  3.429213e+02 
 7.511929e-01  4.604125e+01  1.103163e+02  1.771400e+02  3.382876e+02 
 7.616642e-01  4.510818e+01  1.082134e+02  1.741270e+02  3.337193e+02 
 7.722814e-01  4.442455e+01  1.070476e+02  1.721896e+02  3.292013e+02 
 7.830465e-01  4.344787e+01  1.048895e+02  1.691192e+02  3.248931e+02 
 7.939618e-01  4.256723e+01  1.034416e+02  1.668387e+02  3.212272e+02 
 8.050292e-01  4.157453e+01  1.013550e+02  1.644195e+02  3.170845e+02 
 8.162509e-01  4.076622e+01  9.980635e+01  1.616912e+02  3.114469e+02 
 8.276289e-01  3.971951e+01  9.769107e+01  1.588962e+02  3.074208e+02 
 8.391656e-01  3.913791e+01  9.646707e+01  1.565234e+02  3.037397e+02 
 8.508632e-01  3.838264e+01  9.470799e+01  1.542993e+02  2.997044e+02 
 8.627237e-01  3.746367e+01  9.306877e+01  1.518720e+02  2.948296e+02 
 8.747496e-01  3.672318e+01  9.136816e+01  1.495036e+02  2.909347e+02 
 8.869432e-01  3.602081e+01  8.997795e+01  1.473828e+02  2.873383e+02 
 8.993067e-01  3.522555e+01  8.845260e+01  1.450668e+02  2.830724e+02 
 9.118425e-01  3.463487e+01  8.686249e+01  1.425674e+02  2.781157e+02 
 9.245531e-01  3.381473e+01  8.533065e+01  1.402231e+02  2.748012e+02 
 9.374409e-01  3.310532e+01  8.389163e+01  1.382909e+02  2.712613e+02 
 9.505083e-01  3.249425e+01  8.245816e+01  1.362012e+02  2.672970e+02 
 9.637579e-01  3.175425e+01  8.082349e+01  1.337164e+02  2.633552e+02 
 9.771921e-01  3.124544e+01  8.026282e+01  1.324132e+02  2.598842e+02 
 9.908137e-01  3.059000e+01  7.865660e+01  1.301439e+02  2.563889e+02 
 1.004625e+00  2.995053e+01  7.712545e+01  1.278277e+02  2.520810e+02 
 1.018629e+00  2.940150e+01  7.598231e+01  1.259953e+02  2.483868e+02 
 1.032828e+00  2.877317e+01  7.466803e+01  1.242332e+02  2.456122e+02 
 1.047225e+00  2.815250e+01  7.351709e+01  1.221981e+02  2.413862e+02 
 1.061823e+00  2.765618e+01  7.245765e+01  1.204980e+02  2.380750e+02 
 1.076624e+00  2.709171e+01  7.124024e+01  1.186505e+02  2.345750e+02 
 1.091632e+00  2.660141e+01  7.000692e+01  1.169562e+02  2.310157e+02 
 1.106848e+00  2.603888e+01  6.873392e+01  1.150639e+02  2.278064e+02 
 1.122277e+00  2.552465e+01  6.774715e+01  1.131723e+02  2.241273e+02 
 1.137921e+00  2.501591e+01  6.650570e+01  1.113855e+02  2.208363e+02 
 1.153783e+00  2.456433e+01  6.545113e+01  1.097225e+02  2.177509e+02 
 1.169866e+00  2.410698e+01  6.445560e+01  1.080483e+02  2.148195e+02 
 1.186174e+00  2.362452e+01  6.347522e+01  1.064169e+02  2.115088e+02 
 1.202708e+00  2.319634e+01  6.243618e+01  1.048779e+02  2.084386e+02 
 1.219473e+00  2.277448e+01  6.147159e+01  1.034021e+02  2.050444e+02 
 1.236472e+00  2.233166e+01  6.050613e+01  1.019012e+02  2.022048e+02 
 1.253708e+00  2.192369e+01  5.951140e+01  1.001501e+02  1.991537e+02 
 1.271184e+00  2.152032e+01  5.875492e+01  9.896701e+01  1.962081e+02 
 1.288904e+00  2.111290e+01  5.759593e+01  9.718490e+01  1.934272e+02 
 1.306870e+00  2.070109e+01  5.667561e+01  9.566163e+01  1.902246e+02 
 1.325087e+00  2.035035e+01  5.581067e+01  9.427302e+01  1.870818e+02 
 1.343558e+00  1.997329e+01  5.489808e+01  9.277349e+01  1.842189e+02 
 1.362287e+00  1.962257e+01  5.399347e+01  9.122777e+01  1.812152e+02 
 1.381276e+00  1.924593e+01  5.315256e+01  8.963374e+01  1.782800e+02 
 1.400531e+00  1.890495e+01  5.229969e+01  8.830123e+01  1.752633e+02 
 1.420053e+00  1.854562e+01  5.137687e+01  8.697067e+01  1.723410e+02 
 1.439848e+00  1.821316e+01  5.062540e+01  8.548381e+01  1.696096e+02 
 1.459919e+00  1.786287e+01  4.978810e+01  8.411444e+01  1.666568e+02 
 1.480269e+00  1.758416e+01  4.890163e+01  8.267048e+01  1.636252e+02 
 1.500903e+00  1.726079e+01  4.815592e+01  8.129576e+01  1.612033e+02 
 1.521825e+00  1.693865e+01  4.741597e+01  8.007644e+01  1.584047e+02 
 1.543038e+00  1.662501e+01  4.662501e+01  7.881799e+01  1.558865e+02 
 1.564548e+00  1.635311e+01  4.587180e+01  7.749518e+01  1.530900e+02 
 1.586357e+00  1.606138e+01  4.516894e+01  7.623084e+01  1.503914e+02 
 1.608469e+00  1.575647e+01  4.442695e+01  7.495005e+01  1.478990e+02 
 1.630891e+00  1.552588e+01  4.362483e+01  7.354202e+01  1.450380e+02 
 1.653624e+00  1.522553e+01  4.288691e+01  7.238320e+01  1.426815e+02 
 1.676675e+00  1.494959e+01  4.224614e+01  7.121335e+01  1.400059e+02 
 1.700047e+00  1.468131e+01  4.155140e+01  6.997012e+01  1.375506e+02 
 1.723745e+00  1.444324e+01  4.083032e+01  6.878025e+01  1.348984e+02 
 1.747773e+00  1.416946e+01  4.012216e+01  6.754981e+01  1.323986e+02 
 1.772136e+00  1.392032e+01  3.945764e+01  6.634851e+01  1.300616e+02 
 1.796838e+00  1.368702e+01  3.877940e+01  6.519860e+01  1.276016e+02 
 1.821885e+00  1.347350e+01  3.812480e+01  6.401378e+01  1.252676e+02 
 1.847281e+00  1.322659e+01  3.753234e+01  6.296519e+01  1.229336e+02 
 1.873032e+00  1.300267e+01  3.688107e+01  6.171703e+01  1.206454e+02 
 1.899141e+00  1.277820e+01  3.620825e+01  6.065460e+01  1.183457e+02 
 1.925614e+00  1.256803e+01  3.560620e+01  5.959420e+01  1.159942e+02 
 1.952456e+00  1.238654e+01  3.503118e+01  5.855517e+01  1.137541e+02 
 1.979672e+00  1.214483e+01  3.445157e+01  5.748707e+01  1.115373e+02 
 2.007267e+00  1.195251e+01  3.384922e+01  5.633462e+01  1.094063e+02 
 2.035248e+00  1.173561e+01  3.321937e+01  5.528339e+01  1.071553e+02 
 2.063618e+00  1.153287e+01  3.260728e+01  5.423766e+01  1.049619e+02 
 2.092383e+00  1.134406e+01  3.203249e+01  5.318291e+01  1.028234e+02 
 2.121550e+00  1.114245e+01  3.143931e+01  5.216214e+01  1.007121e+02 
 2.151123e+00  1.095604e+01  3.088202e+01  5.112829e+01  9.856324e+01 
 2.181109e+00  1.076656e+01  3.029525e+01  5.013871e+01  9.657090e+01 
 2.211512e+00  1.058651e+01  2.972368e+01  4.911238e+01  9.445042e+01 
 2.242340e+00  1.040538e+01  2.920520e+01  4.816740e+01  9.249409e+01 
 2.273597e+00  1.021788e+01  2.866118e+01  4.716559e+01  9.052792e+01 
 2.305289e+00  1.005697e+01  2.811998e+01  4.623665e+01  8.861119e+01 
 2.337424e+00  9.887343e+00  2.758056e+01  4.529334e+01  8.673009e+01 
 2.370006e+00  9.715098e+00  2.706176e+01  4.438041e+01  8.489592e+01 
 2.403043e+00  9.539169e+00  2.655430e+01  4.344972e+01  8.303028e+01 
 2.436540e+00  9.384454e+00  2.605712e+01  4.256511e+01  8.119675e+01 
 2.470504e+00  9.224057e+00  2.555982e+01  4.165931e+01  7.940920e+01 
 2.504942e+00  9.066857e+00  2.507434e+01  4.079441e+01  7.765614e+01 
 2.539859e+00  8.916240e+00  2.457009e+01  3.991523e+01  7.587196e+01 
 2.575263e+00  8.752996e+00  2.406689e+01  3.908880e+01  7.419947e+01 
 2.611161e+00  8.607148e+00  2.359577e+01  3.821454e+01  7.250287e+01 
 2.647559e+00  8.457255e+00  2.311830e+01  3.736749e+01  7.081090e+01 
 2.684465e+00  8.310442e+00  2.266900e+01  3.654695e+01  6.917445e+01 
 2.721885e+00  8.158941e+00  2.218290e+01  3.574361e+01  6.757806e+01 
 2.759826e+00  8.018069e+00  2.171786e+01  3.494179e+01  6.600803e+01 
 2.798297e+00  7.875761e+00  2.128401e+01  3.416062e+01  6.449538e+01 
 2.837304e+00  7.739238e+00  2.083854e+01  3.339349e+01  6.298875e+01 
 2.876854e+00  7.602382e+00  2.039815e+01  3.264420e+01  6.152404e+01 
 2.916956e+00  7.470498e+00  1.998255e+01  3.190995e+01  6.005218e+01 
 2.957617e+00  7.342031e+00  1.956473e+01  3.120079e+01  5.864288e+01 
 2.998844e+00  7.212464e+00  1.915876e+01  3.048910e+01  5.725263e+01 
 3.040646e+00  7.084898e+00  1.874820e+01  2.978481e+01  5.592504e+01 
 3.083031e+00  6.959609e+00  1.834253e+01  2.909885e+01  5.458125e+01 
 3.126007e+00  6.836935e+00  1.795364e+01  2.842424e+01  5.325891e+01 
 3.169582e+00  6.712523e+00  1.755284e+01  2.774006e+01  5.196676e+01 
 3.213764e+00  6.589775e+00  1.716711e+01  2.708505e+01  5.070261e+01 
 3.258562e+00  6.467098e+00  1.679318e+01  2.644377e+01  4.945842e+01 
 3.303985e+00  6.348045e+00  1.640960e+01  2.580365e+01  4.824199e+01 
 3.350041e+00  6.232509e+00  1.603546e+01  2.518069e+01  4.704557e+01 
 3.396739e+00  6.114307e+00  1.567255e+01  2.457700e+01  4.586759e+01 
 3.444087e+00  6.000787e+00  1.531301e+01  2.396704e+01  4.473205e+01 
 3.492096e+00  5.890200e+00  1.496707e+01  2.339128e+01  4.363060e+01 
 3.540774e+00  5.776232e+00  1.462550e+01  2.282670e+01  4.254902e+01 
 3.590130e+00  5.669544e+00  1.428785e+01  2.226503e+01  4.149747e+01 
 3.640175e+00  5.564194e+00  1.396020e+01  2.173066e+01  4.046732e+01 
 3.690917e+00  5.457477e+00  1.364742e+01  2.118724e+01  3.945902e+01 
 3.742366e+00  5.353700e+00  1.332277e+01  2.067221e+01  3.848692e+01 
 3.794533e+00  5.253370e+00  1.301617e+01  2.016500e+01  3.752152e+01 
 3.847427e+00  5.151214e+00  1.270852e+01  1.966297e+01  3.658770e+01 
 3.901058e+00  5.049787e+00  1.240854e+01  1.917523e+01  3.565868e+01 
 3.955436e+00  4.953497e+00  1.211280e+01  1.868817e+01  3.474899e+01 
 4.010573e+00  4.853569e+00  1.182119e+01  1.822121e+01  3.387275e+01 
 4.066478e+00  4.755932e+00  1.153185e+01  1.775769e+01  3.300150e+01 
 4.123163e+00  4.658996e+00  1.125483e+01  1.730398e+01  3.215130e+01 
 4.180637e+00  4.566447e+00  1.098266e+01  1.686590e+01  3.132299e+01 
 4.238913e+00  4.473102e+00  1.071159e+01  1.643243e+01  3.052364e+01 
 4.298001e+00  4.379899e+00  1.044909e+01  1.601649e+01  2.973711e+01 
 4.357913e+00  4.292875e+00  1.019177e+01  1.561048e+01  2.898195e+01 
 4.418660e+00  4.204389e+00  9.945519e+00  1.520946e+01  2.824556e+01 
 4.480254e+00  4.117548e+00  9.701256e+00  1.482308e+01  2.752227e+01 
 4.542706e+00  4.033683e+00  9.462261e+00  1.444527e+01  2.682048e+01 
 4.606029e+00  3.950115e+00  9.232943e+00  1.407842e+01  2.614221e+01 
 4.670234e+00  3.867811e+00  9.005382e+00  1.372596e+01  2.547990e+01 
 4.735335e+00  3.787694e+00  8.784655e+00  1.337643e+01  2.483045e+01 
 4.801343e+00  3.709039e+00  8.569917e+00  1.303613e+01  2.419219e+01 
 4.868271e+00  3.629858e+00  8.355857e+00  1.270096e+01  2.356878e+01 
 4.936132e+00  3.552405e+00  8.145815e+00  1.237228e+01  2.296023e+01 
 5.004939e+00  3.475145e+00  7.940886e+00  1.205246e+01  2.236243e+01 
 5.074705e+00  3.398864e+00  7.740290e+00  1.173780e+01  2.178231e+01 
 5.145444e+00  3.325069e+00  7.544168e+00  1.143361e+01  2.121375e+01 
 5.217169e+00  3.251130e+00  7.351882e+00  1.113489e+01  2.065905e+01 
 5.289893e+00  3.180463e+00  7.165807e+00  1.084787e+01  2.012331e+01 
 5.363631e+00  3.109283e+00  6.983959e+00  1.056406e+01  1.959959e+01 
 5.438397e+00  3.040892e+00  6.806593e+00  1.029143e+01  1.908839e+01 
 5.514206e+00  2.973630e+00  6.634727e+00  1.002525e+01  1.859386e+01 
 5.591071e+00  2.906928e+00  6.467939e+00  9.766939e+00  1.811249e+01 
 5.669007e+00  2.843249e+00  6.305469e+00  9.516248e+00  1.764905e+01 
 5.748030e+00  2.779948e+00  6.146773e+00  9.271521e+00  1.719198e+01 
 5.828155e+00  2.718060e+00  5.992423e+00  9.034463e+00  1.674939e+01 
 5.909396e+00  2.657208e+00  5.841750e+00  8.802640e+00  1.631911e+01 
 5.991770e+00  2.597190e+00  5.693899e+00  8.574821e+00  1.589867e+01 
 6.075292e+00  2.538172e+00  5.549556e+00  8.353378e+00  1.548170e+01 
 6.159978e+00  2.479846e+00  5.407431e+00  8.136549e+00  1.507819e+01 
 6.245845e+00  2.422845e+00  5.268724e+00  7.924963e+00  1.468261e+01 
 6.332908e+00  2.366416e+00  5.133091e+00  7.716911e+00  1.429448e+01 
 6.421186e+00  2.311456e+00  5.001144e+00  7.514401e+00  1.391745e+01 
 6.510694e+00  2.257393e+00  4.872265e+00  7.317948e+00  1.355107e+01 
 6.601449e+00  2.204866e+00  4.747222e+00  7.126655e+00  1.319328e+01 
 6.693470e+00  2.153023e+00  4.625178e+00  6.940045e+00  1.284486e+01 
 6.786773e+00  2.102850e+00  4.506479e+00  6.758676e+00  1.250816e+01 
 6.881377e+00  2.053940e+00  4.391639e+00  6.583024e+00  1.217933e+01 
 6.977300e+00  2.006106e+00  4.280067e+00  6.413688e+00  1.186022e+01 
 7.074559e+00  1.959705e+00  4.171496e+00  6.247290e+00  1.154975e+01 
 7.173175e+00  1.914133e+00  4.066047e+00  6.086103e+00  1.124872e+01 
 7.273165e+00  1.869920e+00  3.963308e+00  5.929627e+00  1.095562e+01 
 7.374549e+00  1.826283e+00  3.862928e+00  5.776679e+00  1.067008e+01 
 7.477346e+00  1.783417e+00  3.764877e+00  5.627778e+00  1.038966e+01 
 7.581576e+00  1.741574e+00  3.668525e+00  5.481078e+00  1.011560e+01 
 7.687260e+00  1.700323e+00  3.574656e+00  5.337976e+00  9.847693e+00 
 7.794416e+00  1.659872e+00  3.483018e+00  5.197429e+00  9.585126e+00 
 7.903066e+00  1.620401e+00  3.392713e+00  5.060400e+00  9.328494e+00 
 8.013230e+00  1.581660e+00  3.305483e+00  4.927619e+00  9.079151e+00 
 8.124930e+00  1.543809e+00  3.220139e+00  4.797925e+00  8.835640e+00 
 8.238187e+00  1.507065e+00  3.137182e+00  4.671376e+00  8.598526e+00 
 8.353023e+00  1.471108e+00  3.056484e+00  4.548360e+00  8.368004e+00 
 8.469460e+00  1.436233e+00  2.978207e+00  4.429325e+00  8.144406e+00 
 8.587519e+00  1.402319e+00  2.902041e+00  4.313463e+00  7.927012e+00 
 8.707225e+00  1.369276e+00  2.828095e+00  4.201160e+00  7.716246e+00 
 8.828599e+00  1.337201e+00  2.756571e+00  4.092238e+00  7.511134e+00 
 8.951665e+00  1.305833e+00  2.687052e+00  3.985997e+00  7.312668e+00 
 9.076446e+00  1.275437e+00  2.619249e+00  3.882998e+00  7.119063e+00 
 9.202967e+00  1.245635e+00  2.553132e+00  3.782731e+00  6.930321e+00 
 9.331251e+00  1.216406e+00  2.488495e+00  3.684356e+00  6.746055e+00 
 9.461324e+00  0.000000e+00  0.000000e+00  0.000000e+00  0.000000e+00 
 9.593209e+00  0.000000e+00  0.000000e+00  0.000000e+00  0.000000e+00 
 9.726934e+00  0.000000e+00  0.000000e+00  0.000000e+00  0.000000e+00 
 9.862522e+00  0.000000e+00  0.000000e+00  0.000000e+00  0.000000e+00 
 1.000000e+01  0.000000e+00  0.000000e+00  0.000000e+00  0.000000e+00 
