 1.000000e-02  6.229238e+03  1.129153e+04  1.519835e+04  2.244056e+04 
 1.013939e-02  6.257237e+03  1.134210e+04  1.526627e+04  2.254040e+04 
 1.028073e-02  6.284625e+03  1.139155e+04  1.533266e+04  2.263799e+04 
 1.042404e-02  6.311355e+03  1.143980e+04  1.539744e+04  2.273323e+04 
 1.056935e-02  6.337344e+03  1.148671e+04  1.546040e+04  2.282579e+04 
 1.071668e-02  6.362608e+03  1.153226e+04  1.552160e+04  2.291580e+04 
 1.086606e-02  6.387284e+03  1.157676e+04  1.558137e+04  2.300363e+04 
 1.101753e-02  6.411340e+03  1.162019e+04  1.563960e+04  2.308927e+04 
 1.117111e-02  6.434764e+03  1.166250e+04  1.569624e+04  2.317252e+04 
 1.132683e-02  6.457418e+03  1.170336e+04  1.575097e+04  2.325290e+04 
 1.148472e-02  6.479019e+03  1.174227e+04  1.580314e+04  2.332944e+04 
 1.164481e-02  6.499603e+03  1.177929e+04  1.585280e+04  2.340227e+04 
 1.180713e-02  6.519334e+03  1.181480e+04  1.590043e+04  2.347205e+04 
 1.197171e-02  6.538203e+03  1.184877e+04  1.594597e+04  2.353877e+04 
 1.213859e-02  6.556167e+03  1.188109e+04  1.598923e+04  2.360218e+04 
 1.230780e-02  6.573213e+03  1.191172e+04  1.603021e+04  2.366225e+04 
 1.247936e-02  6.589317e+03  1.194064e+04  1.606888e+04  2.371887e+04 
 1.265332e-02  6.604435e+03  1.196777e+04  1.610526e+04  2.377193e+04 
 1.282970e-02  6.618553e+03  1.199311e+04  1.613921e+04  2.382141e+04 
 1.300854e-02  6.631645e+03  1.201657e+04  1.617060e+04  2.386721e+04 
 1.318987e-02  6.643704e+03  1.203815e+04  1.619934e+04  2.390931e+04 
 1.337373e-02  6.654698e+03  1.205779e+04  1.622549e+04  2.394754e+04 
 1.356015e-02  6.664603e+03  1.207546e+04  1.624899e+04  2.398176e+04 
 1.374917e-02  6.673368e+03  1.209103e+04  1.626970e+04  2.401177e+04 
 1.394083e-02  6.680832e+03  1.210427e+04  1.628722e+04  2.403707e+04 
 1.413516e-02  6.687058e+03  1.211526e+04  1.630171e+04  2.405792e+04 
 1.433219e-02  6.692213e+03  1.212430e+04  1.631368e+04  2.407489e+04 
 1.453198e-02  6.696252e+03  1.213130e+04  1.632298e+04  2.408784e+04 
 1.473454e-02  6.699104e+03  1.213615e+04  1.632936e+04  2.409652e+04 
 1.493993e-02  6.700742e+03  1.213880e+04  1.633262e+04  2.410083e+04 
 1.514819e-02  6.700977e+03  1.213897e+04  1.633247e+04  2.410028e+04 
 1.535935e-02  6.699859e+03  1.213666e+04  1.632909e+04  2.409489e+04 
 1.557345e-02  6.697449e+03  1.213205e+04  1.632269e+04  2.408486e+04 
 1.579053e-02  6.693733e+03  1.212502e+04  1.631309e+04  2.407009e+04 
 1.601064e-02  6.688650e+03  1.211551e+04  1.630010e+04  2.405042e+04 
 1.623382e-02  6.682192e+03  1.210351e+04  1.628367e+04  2.402573e+04 
 1.646012e-02  6.674341e+03  1.208898e+04  1.626388e+04  2.399604e+04 
 1.668956e-02  6.665104e+03  1.207195e+04  1.624071e+04  2.396132e+04 
 1.692220e-02  6.654505e+03  1.205245e+04  1.621422e+04  2.392165e+04 
 1.715809e-02  6.642518e+03  1.203042e+04  1.618435e+04  2.387688e+04 
 1.739726e-02  6.629065e+03  1.200574e+04  1.615093e+04  2.382688e+04 
 1.763977e-02  6.614126e+03  1.197838e+04  1.611386e+04  2.377169e+04 
 1.788566e-02  6.597670e+03  1.194827e+04  1.607309e+04  2.371115e+04 
 1.813498e-02  6.579711e+03  1.191543e+04  1.602864e+04  2.364509e+04 
 1.838777e-02  6.560275e+03  1.187992e+04  1.598058e+04  2.357361e+04 
 1.864409e-02  6.539342e+03  1.184168e+04  1.592888e+04  2.349671e+04 
 1.890397e-02  6.516882e+03  1.180068e+04  1.587349e+04  2.341430e+04 
 1.916748e-02  6.492903e+03  1.175693e+04  1.581438e+04  2.332648e+04 
 1.943467e-02  6.467396e+03  1.171038e+04  1.575154e+04  2.323312e+04 
 1.970558e-02  6.440369e+03  1.166111e+04  1.568496e+04  2.313430e+04 
 1.998026e-02  6.411800e+03  1.160905e+04  1.561465e+04  2.303007e+04 
 2.025878e-02  6.381680e+03  1.155416e+04  1.554055e+04  2.292034e+04 
 2.054117e-02  6.350014e+03  1.149650e+04  1.546270e+04  2.280507e+04 
 2.082751e-02  6.316837e+03  1.143607e+04  1.538114e+04  2.268415e+04 
 2.111783e-02  6.282143e+03  1.137290e+04  1.529592e+04  2.255770e+04 
 2.141220e-02  6.246046e+03  1.130716e+04  1.520718e+04  2.242599e+04 
 2.171068e-02  6.209083e+03  1.123962e+04  1.511579e+04  2.228992e+04 
 2.201331e-02  6.170624e+03  1.116937e+04  1.502077e+04  2.214858e+04 
 2.232016e-02  6.130673e+03  1.109645e+04  1.492213e+04  2.200193e+04 
 2.263130e-02  6.089252e+03  1.102083e+04  1.481993e+04  2.184997e+04 
 2.294676e-02  6.046376e+03  1.094261e+04  1.471419e+04  2.169278e+04 
 2.326663e-02  6.002075e+03  1.086181e+04  1.460498e+04  2.153043e+04 
 2.359095e-02  5.956379e+03  1.077850e+04  1.449239e+04  2.136310e+04 
 2.391980e-02  5.909335e+03  1.069270e+04  1.437648e+04  2.119094e+04 
 2.425323e-02  5.860950e+03  1.060451e+04  1.425732e+04  2.101399e+04 
 2.459130e-02  5.811222e+03  1.051385e+04  1.413489e+04  2.083222e+04 
 2.493409e-02  5.760194e+03  1.042086e+04  1.400931e+04  2.064579e+04 
 2.528166e-02  5.707916e+03  1.032562e+04  1.388073e+04  2.045493e+04 
 2.563407e-02  5.654433e+03  1.022821e+04  1.374920e+04  2.025978e+04 
 2.599140e-02  5.599788e+03  1.012872e+04  1.361486e+04  2.006046e+04 
 2.635371e-02  5.544023e+03  1.002720e+04  1.347781e+04  1.985717e+04 
 2.672106e-02  5.487185e+03  9.923727e+03  1.333816e+04  1.965003e+04 
 2.709354e-02  5.429312e+03  9.818383e+03  1.319600e+04  1.943919e+04 
 2.747121e-02  5.370459e+03  9.711279e+03  1.305146e+04  1.922485e+04 
 2.785414e-02  5.310612e+03  9.602424e+03  1.290459e+04  1.900716e+04 
 2.824241e-02  5.249600e+03  9.491570e+03  1.275516e+04  1.878602e+04 
 2.863610e-02  5.187786e+03  9.379290e+03  1.260380e+04  1.856205e+04 
 2.903527e-02  5.125249e+03  9.265683e+03  1.245070e+04  1.833551e+04 
 2.944000e-02  5.062046e+03  9.150875e+03  1.229597e+04  1.810659e+04 
 2.985038e-02  4.998244e+03  9.034987e+03  1.213980e+04  1.787553e+04 
 3.026648e-02  4.933909e+03  8.918160e+03  1.198234e+04  1.764260e+04 
 3.068838e-02  4.869117e+03  8.800502e+03  1.182379e+04  1.740803e+04 
 3.111616e-02  4.803944e+03  8.682169e+03  1.166433e+04  1.717217e+04 
 3.154990e-02  4.738467e+03  8.563287e+03  1.150414e+04  1.693524e+04 
 3.198969e-02  4.672757e+03  8.443987e+03  1.134341e+04  1.669748e+04 
 3.243561e-02  4.606896e+03  8.324416e+03  1.118232e+04  1.645919e+04 
 3.288774e-02  4.540957e+03  8.204722e+03  1.102105e+04  1.622066e+04 
 3.334618e-02  4.475033e+03  8.085058e+03  1.085982e+04  1.598218e+04 
 3.381101e-02  4.409207e+03  7.965559e+03  1.069884e+04  1.574409e+04 
 3.428231e-02  4.343557e+03  7.846387e+03  1.053830e+04  1.550664e+04 
 3.476019e-02  4.277954e+03  7.727655e+03  1.037871e+04  1.527168e+04 
 3.524473e-02  4.212696e+03  7.609549e+03  1.021998e+04  1.503799e+04 
 3.573602e-02  4.147856e+03  7.492213e+03  1.006229e+04  1.480578e+04 
 3.623416e-02  4.083518e+03  7.375784e+03  9.905799e+03  1.457533e+04 
 3.673925e-02  4.019764e+03  7.260420e+03  9.750743e+03  1.434698e+04 
 3.725137e-02  3.956676e+03  7.146260e+03  9.597298e+03  1.412100e+04 
 3.777064e-02  3.894331e+03  7.033444e+03  9.445641e+03  1.389765e+04 
 3.829714e-02  3.832803e+03  6.922106e+03  9.295992e+03  1.367721e+04 
 3.883098e-02  3.772170e+03  6.812387e+03  9.148494e+03  1.345994e+04 
 3.937226e-02  3.712514e+03  6.704397e+03  9.003343e+03  1.324610e+04 
 3.992109e-02  3.653892e+03  6.598273e+03  8.860689e+03  1.303592e+04 
 4.047757e-02  3.596338e+03  6.494087e+03  8.720578e+03  1.282939e+04 
 4.104181e-02  3.539760e+03  6.391101e+03  8.581438e+03  1.262255e+04 
 4.161391e-02  3.484410e+03  6.290332e+03  8.445271e+03  1.242014e+04 
 4.219398e-02  3.430346e+03  6.191868e+03  8.312238e+03  1.222231e+04 
 4.278214e-02  3.377601e+03  6.095786e+03  8.182426e+03  1.202923e+04 
 4.337850e-02  3.326215e+03  6.002174e+03  8.055940e+03  1.184105e+04 
 4.398317e-02  3.276222e+03  5.911087e+03  7.932864e+03  1.165792e+04 
 4.459628e-02  3.227655e+03  5.822601e+03  7.813271e+03  1.147992e+04 
 4.521792e-02  3.180546e+03  5.736762e+03  7.697221e+03  1.130718e+04 
 4.584824e-02  3.134907e+03  5.653588e+03  7.584763e+03  1.113973e+04 
 4.648734e-02  3.090757e+03  5.573101e+03  7.475923e+03  1.097763e+04 
 4.713535e-02  3.048217e+03  5.496263e+03  7.372753e+03  1.082589e+04 
 4.779239e-02  3.007250e+03  5.422707e+03  7.274440e+03  1.068244e+04 
 4.845859e-02  2.967773e+03  5.351831e+03  7.179718e+03  1.054425e+04 
 4.913407e-02  2.929765e+03  5.283598e+03  7.088532e+03  1.041122e+04 
 4.981898e-02  2.893198e+03  5.217956e+03  7.000810e+03  1.028328e+04 
 5.051342e-02  2.858039e+03  5.154844e+03  6.916471e+03  1.016032e+04 
 5.121755e-02  2.824244e+03  5.094195e+03  6.835438e+03  1.004220e+04 
 5.193150e-02  2.791761e+03  5.035924e+03  6.757585e+03  9.928764e+03 
 5.265540e-02  2.760548e+03  4.979932e+03  6.682784e+03  9.819785e+03 
 5.338938e-02  2.730306e+03  4.925255e+03  6.609308e+03  9.711576e+03 
 5.413360e-02  2.700926e+03  4.871615e+03  6.536695e+03  9.603270e+03 
 5.488820e-02  2.672598e+03  4.819883e+03  6.466653e+03  9.498762e+03 
 5.565331e-02  2.645189e+03  4.769813e+03  6.398837e+03  9.397583e+03 
 5.642908e-02  2.618542e+03  4.721135e+03  6.332895e+03  9.299174e+03 
 5.721568e-02  2.592641e+03  4.673813e+03  6.268778e+03  9.203461e+03 
 5.801323e-02  2.567603e+03  4.628051e+03  6.206747e+03  9.110842e+03 
 5.882190e-02  2.543446e+03  4.583868e+03  6.146838e+03  9.021349e+03 
 5.964185e-02  2.520022e+03  4.541301e+03  6.089419e+03  8.936350e+03 
 6.047322e-02  2.497232e+03  4.500711e+03  6.035515e+03  8.858753e+03 
 6.131619e-02  2.474177e+03  4.459642e+03  5.980977e+03  8.780237e+03 
 6.217090e-02  2.450744e+03  4.417890e+03  5.925527e+03  8.700381e+03 
 6.303753e-02  2.426959e+03  4.375503e+03  5.869214e+03  8.619282e+03 
 6.391624e-02  2.402853e+03  4.332527e+03  5.812111e+03  8.537038e+03 
 6.480720e-02  2.378333e+03  4.288809e+03  5.753991e+03  8.453303e+03 
 6.571058e-02  2.353215e+03  4.244001e+03  5.694404e+03  8.367428e+03 
 6.662655e-02  2.326180e+03  4.193911e+03  5.625836e+03  8.263270e+03 
 6.755528e-02  2.298183e+03  4.142028e+03  5.554827e+03  8.155402e+03 
 6.849697e-02  2.269161e+03  4.088314e+03  5.481370e+03  8.043987e+03 
 6.945178e-02  2.239021e+03  4.032597e+03  5.405231e+03  7.928713e+03 
 7.041990e-02  2.207676e+03  3.974723e+03  5.326220e+03  7.809285e+03 
 7.140151e-02  2.175056e+03  3.914555e+03  5.244161e+03  7.685454e+03 
 7.239681e-02  2.141381e+03  3.852798e+03  5.160356e+03  7.560165e+03 
 7.340598e-02  2.106679e+03  3.789558e+03  5.074994e+03  7.433899e+03 
 7.442922e-02  2.070581e+03  3.723808e+03  4.986281e+03  7.302773e+03 
 7.546673e-02  2.033096e+03  3.655572e+03  4.894236e+03  7.166814e+03 
 7.651869e-02  1.994263e+03  3.584917e+03  4.798961e+03  7.026166e+03 
 7.758532e-02  1.954136e+03  3.511933e+03  4.700597e+03  6.881018e+03 
 7.866682e-02  1.913600e+03  3.439275e+03  4.603723e+03  6.740645e+03 
 7.976339e-02  1.873251e+03  3.368660e+03  4.511251e+03  6.610871e+03 
 8.087525e-02  1.831875e+03  3.296123e+03  4.416128e+03  6.477034e+03 
 8.200261e-02  1.789628e+03  3.221938e+03  4.318719e+03  6.339669e+03 
 8.314568e-02  1.746677e+03  3.146408e+03  4.219439e+03  6.199367e+03 
 8.430468e-02  1.703222e+03  3.069879e+03  4.118747e+03  6.056786e+03 
 8.547985e-02  1.658778e+03  2.990438e+03  4.013089e+03  5.904300e+03 
 8.667139e-02  1.613971e+03  2.909809e+03  3.905345e+03  5.747525e+03 
 8.787954e-02  1.569368e+03  2.829544e+03  3.798070e+03  5.591368e+03 
 8.910453e-02  1.525219e+03  2.750086e+03  3.691861e+03  5.436714e+03 
 9.034660e-02  1.481756e+03  2.671861e+03  3.587287e+03  5.284406e+03 
 9.160598e-02  1.439845e+03  2.597295e+03  3.488389e+03  5.142234e+03 
 9.288292e-02  1.399627e+03  2.526522e+03  3.395252e+03  5.010072e+03 
 9.417766e-02  1.360728e+03  2.458042e+03  3.305127e+03  4.882109e+03 
 9.549045e-02  1.323347e+03  2.392218e+03  3.218505e+03  4.759087e+03 
 9.682153e-02  1.287666e+03  2.329393e+03  3.135831e+03  4.641693e+03 
 9.817117e-02  1.254070e+03  2.270642e+03  3.058883e+03  4.533314e+03 
 9.953962e-02  1.222526e+03  2.215676e+03  2.987084e+03  4.432587e+03 
 1.009272e-01  1.193046e+03  2.164388e+03  2.920182e+03  4.338863e+03 
 1.023340e-01  1.165716e+03  2.116937e+03  2.858369e+03  4.252496e+03 
 1.037605e-01  1.139980e+03  2.071637e+03  2.798761e+03  4.167863e+03 
 1.052069e-01  1.114231e+03  2.023702e+03  2.733284e+03  4.069221e+03 
 1.066734e-01  1.090694e+03  1.979840e+03  2.673356e+03  3.978851e+03 
 1.081604e-01  1.069294e+03  1.939908e+03  2.618746e+03  3.896429e+03 
 1.096681e-01  1.049894e+03  1.903658e+03  2.569114e+03  3.821453e+03 
 1.111968e-01  1.032490e+03  1.871326e+03  2.524894e+03  3.754295e+03 
 1.127468e-01  1.016743e+03  1.842054e+03  2.484824e+03  3.693337e+03 
 1.143184e-01  1.002435e+03  1.815439e+03  2.448329e+03  3.637754e+03 
 1.159120e-01  9.893021e+02  1.790985e+03  2.414766e+03  3.586545e+03 
 1.175277e-01  9.777800e+02  1.770164e+03  2.386660e+03  3.544370e+03 
 1.191660e-01  9.669185e+02  1.750615e+03  2.360327e+03  3.504916e+03 
 1.208271e-01  9.563526e+02  1.731625e+03  2.334750e+03  3.466612e+03 
 1.225114e-01  9.457414e+02  1.712547e+03  2.309040e+03  3.428185e+03 
 1.242191e-01  9.344172e+02  1.691902e+03  2.281140e+03  3.386865e+03 
 1.259506e-01  9.224910e+02  1.670165e+03  2.251794e+03  3.343406e+03 
 1.277063e-01  9.096970e+02  1.646850e+03  2.220371e+03  3.296851e+03 
 1.294865e-01  8.961480e+02  1.622393e+03  2.187462e+03  3.248048e+03 
 1.312915e-01  8.817154e+02  1.596597e+03  2.152790e+03  3.196585e+03 
 1.331216e-01  8.658700e+02  1.568229e+03  2.114690e+03  3.140017e+03 
 1.349772e-01  8.485771e+02  1.537257e+03  2.073131e+03  3.078414e+03 
 1.368587e-01  8.308784e+02  1.507222e+03  2.034670e+03  3.026603e+03 
 1.387665e-01  8.117329e+02  1.474480e+03  1.992479e+03  2.969098e+03 
 1.407008e-01  7.912809e+02  1.439275e+03  1.946884e+03  2.906327e+03 
 1.426621e-01  7.706282e+02  1.404121e+03  1.901396e+03  2.843006e+03 
 1.446507e-01  7.493785e+02  1.367919e+03  1.854419e+03  2.777114e+03 
 1.466671e-01  7.275177e+02  1.330458e+03  1.805647e+03  2.708267e+03 
 1.487115e-01  7.036561e+02  1.287668e+03  1.748526e+03  2.625265e+03 
 1.507845e-01  6.788009e+02  1.241968e+03  1.686698e+03  2.534135e+03 
 1.528864e-01  6.545343e+02  1.197342e+03  1.626317e+03  2.445033e+03 
 1.550175e-01  6.327706e+02  1.158948e+03  1.575662e+03  2.372900e+03 
 1.571784e-01  6.132255e+02  1.125683e+03  1.532780e+03  2.313927e+03 
 1.593694e-01  5.949853e+02  1.094662e+03  1.492813e+03  2.259004e+03 
 1.615909e-01  5.786999e+02  1.067357e+03  1.457859e+03  2.211172e+03 
 1.638434e-01  5.642415e+02  1.043405e+03  1.427377e+03  2.169741e+03 
 1.661273e-01  5.514906e+02  1.022485e+03  1.400932e+03  2.134187e+03 
 1.684430e-01  5.377400e+02  9.973626e+02  1.367221e+03  2.085443e+03 
 1.707910e-01  5.253907e+02  9.745512e+02  1.336465e+03  2.040832e+03 
 1.731717e-01  5.150293e+02  9.557073e+02  1.311249e+03  2.004500e+03 
 1.755856e-01  5.076340e+02  9.435008e+02  1.295603e+03  1.982462e+03 
 1.780332e-01  5.012868e+02  9.332314e+02  1.282596e+03  1.964421e+03 
 1.805149e-01  4.941935e+02  9.197923e+02  1.263774e+03  1.934767e+03 
 1.830312e-01  4.866213e+02  9.044113e+02  1.241422e+03  1.898099e+03 
 1.855825e-01  4.791902e+02  8.895161e+02  1.219985e+03  1.863392e+03 
 1.881694e-01  4.718616e+02  8.759628e+02  1.201736e+03  1.836716e+03 
 1.907924e-01  4.639825e+02  8.614058e+02  1.182119e+03  1.807978e+03 
 1.934520e-01  4.549869e+02  8.447562e+02  1.159841e+03  1.776371e+03 
 1.961486e-01  4.449334e+02  8.261441e+02  1.134939e+03  1.741138e+03 
 1.988828e-01  4.348447e+02  8.080600e+02  1.110931e+03  1.706903e+03 
 2.016551e-01  4.251710e+02  7.915724e+02  1.089349e+03  1.675850e+03 
 2.044661e-01  4.144112e+02  7.728281e+02  1.064505e+03  1.639542e+03 
 2.073162e-01  4.022739e+02  7.503990e+02  1.033737e+03  1.592859e+03 
 2.102061e-01  3.896431e+02  7.270204e+02  1.001658e+03  1.544129e+03 
 2.131362e-01  3.799088e+02  7.126120e+02  9.844909e+02  1.521987e+03 
 2.161073e-01  3.703411e+02  6.985084e+02  9.677413e+02  1.500467e+03 
 2.191197e-01  3.587143e+02  6.785916e+02  9.421503e+02  1.465907e+03 
 2.221741e-01  3.472419e+02  6.584446e+02  9.159687e+02  1.430325e+03 
 2.252711e-01  3.371630e+02  6.413468e+02  8.942531e+02  1.401563e+03 
 2.284112e-01  3.282916e+02  6.265952e+02  8.757974e+02  1.377654e+03 
 2.315951e-01  3.207155e+02  6.134381e+02  8.583315e+02  1.351819e+03 
 2.348235e-01  3.143362e+02  6.022360e+02  8.431494e+02  1.328336e+03 
 2.380968e-01  3.072986e+02  5.886861e+02  8.243211e+02  1.299847e+03 
 2.414157e-01  3.006807e+02  5.756752e+02  8.061537e+02  1.272563e+03 
 2.447809e-01  2.943078e+02  5.634935e+02  7.895137e+02  1.247567e+03 
 2.481930e-01  2.883159e+02  5.521295e+02  7.740604e+02  1.224390e+03 
 2.516527e-01  2.848393e+02  5.464250e+02  7.664497e+02  1.212672e+03 
 2.551606e-01  2.803512e+02  5.384583e+02  7.556609e+02  1.196412e+03 
 2.587174e-01  2.730196e+02  5.239922e+02  7.357165e+02  1.167169e+03 
 2.623238e-01  2.666034e+02  5.122242e+02  7.198922e+02  1.144300e+03 
 2.659804e-01  2.612076e+02  5.034169e+02  7.085747e+02  1.128385e+03 
 2.696881e-01  2.539312e+02  4.902740e+02  6.909645e+02  1.102245e+03 
 2.734474e-01  2.459270e+02  4.755366e+02  6.710684e+02  1.072460e+03 
 2.772591e-01  2.395815e+02  4.650643e+02  6.579470e+02  1.055341e+03 
 2.811239e-01  2.329792e+02  4.536807e+02  6.434067e+02  1.036578e+03 
 2.850426e-01  2.262885e+02  4.415983e+02  6.277317e+02  1.016926e+03 
 2.890160e-01  2.201801e+02  4.313245e+02  6.145673e+02  9.984020e+02 
 2.930447e-01  2.146334e+02  4.218476e+02  6.019932e+02  9.792234e+02 
 2.971296e-01  2.096125e+02  4.121405e+02  5.875838e+02  9.544670e+02 
 3.012714e-01  2.052911e+02  4.048205e+02  5.780462e+02  9.408182e+02 
 3.054710e-01  2.012527e+02  3.982472e+02  5.700393e+02  9.308614e+02 
 3.097291e-01  1.965050e+02  3.895155e+02  5.585616e+02  9.151357e+02 
 3.140465e-01  1.921834e+02  3.809729e+02  5.463968e+02  8.954406e+02 
 3.184242e-01  1.882609e+02  3.733131e+02  5.354882e+02  8.777947e+02 
 3.228628e-01  1.849925e+02  3.677900e+02  5.285141e+02  8.692510e+02 
 3.273634e-01  1.804030e+02  3.586792e+02  5.154756e+02  8.485117e+02 
 3.319266e-01  1.754634e+02  3.491977e+02  5.024029e+02  8.289175e+02 
 3.365535e-01  1.705676e+02  3.404627e+02  4.911056e+02  8.136494e+02 
 3.412449e-01  1.669747e+02  3.354961e+02  4.850829e+02  8.040566e+02 
 3.460016e-01  1.630908e+02  3.290899e+02  4.768087e+02  7.924316e+02 
 3.508247e-01  1.593052e+02  3.223511e+02  4.678096e+02  7.792118e+02 
 3.557150e-01  1.557089e+02  3.157466e+02  4.588627e+02  7.653574e+02 
 3.606735e-01  1.517481e+02  3.087749e+02  4.498099e+02  7.529419e+02 
 3.657011e-01  1.472476e+02  3.003307e+02  4.383134e+02  7.371460e+02 
 3.707988e-01  1.436631e+02  2.935254e+02  4.290809e+02  7.236571e+02 
 3.759675e-01  1.404577e+02  2.874535e+02  4.207990e+02  7.113876e+02 
 3.812083e-01  1.372281e+02  2.816847e+02  4.130602e+02  7.001668e+02 
 3.865221e-01  1.344994e+02  2.778238e+02  4.087327e+02  6.932774e+02 
 3.919100e-01  1.314892e+02  2.708937e+02  3.982992e+02  6.789760e+02 
 3.973730e-01  1.281504e+02  2.652358e+02  3.911032e+02  6.674750e+02 
 4.029122e-01  1.253065e+02  2.606697e+02  3.847436e+02  6.559953e+02 
 4.085286e-01  1.224242e+02  2.546363e+02  3.761425e+02  6.436290e+02 
 4.142232e-01  1.190655e+02  2.478877e+02  3.671866e+02  6.322223e+02 
 4.199973e-01  1.158351e+02  2.423173e+02  3.600813e+02  6.217876e+02 
 4.258518e-01  1.132366e+02  2.375608e+02  3.534057e+02  6.105420e+02 
 4.317880e-01  1.105381e+02  2.323948e+02  3.458558e+02  5.989949e+02 
 4.378069e-01  1.081892e+02  2.277219e+02  3.391508e+02  5.879552e+02 
 4.439097e-01  1.062632e+02  2.248052e+02  3.357262e+02  5.847355e+02 
 4.500975e-01  1.033155e+02  2.193871e+02  3.283968e+02  5.741617e+02 
 4.563716e-01  1.007633e+02  2.141342e+02  3.208052e+02  5.609163e+02 
 4.627332e-01  9.908781e+01  2.118229e+02  3.183050e+02  5.584617e+02 
 4.691835e-01  9.636319e+01  2.064848e+02  3.107506e+02  5.461194e+02 
 4.757236e-01  9.435957e+01  2.025207e+02  3.052131e+02  5.374248e+02 
 4.823549e-01  9.169211e+01  1.971796e+02  2.976822e+02  5.269114e+02 
 4.890787e-01  8.954460e+01  1.930214e+02  2.920911e+02  5.183408e+02 
 4.958962e-01  8.793289e+01  1.899056e+02  2.873080e+02  5.096910e+02 
 5.028087e-01  8.583355e+01  1.863195e+02  2.825206e+02  5.027474e+02 
 5.098176e-01  8.413286e+01  1.832015e+02  2.780696e+02  4.943501e+02 
 5.169242e-01  8.254160e+01  1.802171e+02  2.740495e+02  4.888869e+02 
 5.241298e-01  7.974033e+01  1.754702e+02  2.682477e+02  4.817125e+02 
 5.314359e-01  7.822851e+01  1.732069e+02  2.651918e+02  4.767094e+02 
 5.388438e-01  7.642144e+01  1.690942e+02  2.590714e+02  4.674418e+02 
 5.463550e-01  7.489266e+01  1.661551e+02  2.547540e+02  4.602840e+02 
 5.539709e-01  7.273343e+01  1.622995e+02  2.498221e+02  4.528492e+02 
 5.616930e-01  7.131253e+01  1.595603e+02  2.459973e+02  4.471943e+02 
 5.695227e-01  6.980279e+01  1.570718e+02  2.428937e+02  4.409943e+02 
 5.774615e-01  6.811477e+01  1.532519e+02  2.372127e+02  4.327578e+02 
 5.855110e-01  6.679806e+01  1.508749e+02  2.337072e+02  4.268206e+02 
 5.936727e-01  6.513430e+01  1.471080e+02  2.283637e+02  4.187567e+02 
 6.019482e-01  6.389596e+01  1.450993e+02  2.252357e+02  4.131121e+02 
 6.103390e-01  6.225899e+01  1.422964e+02  2.216561e+02  4.069606e+02 
 6.188468e-01  6.078892e+01  1.398392e+02  2.192903e+02  4.052165e+02 
 6.274732e-01  5.964430e+01  1.369480e+02  2.143842e+02  3.972432e+02 
 6.362198e-01  5.832653e+01  1.347347e+02  2.113231e+02  3.915468e+02 
 6.450884e-01  5.685719e+01  1.320670e+02  2.075845e+02  3.849781e+02 
 6.540806e-01  5.557224e+01  1.290502e+02  2.030501e+02  3.783677e+02 
 6.631981e-01  5.423496e+01  1.268374e+02  2.005606e+02  3.743404e+02 
 6.724427e-01  5.309545e+01  1.244779e+02  1.972870e+02  3.701572e+02 
 6.818162e-01  5.183893e+01  1.220343e+02  1.931541e+02  3.626377e+02 
 6.913204e-01  5.063747e+01  1.196231e+02  1.900015e+02  3.574019e+02 
 7.009570e-01  4.983279e+01  1.176691e+02  1.871284e+02  3.525961e+02 
 7.107280e-01  4.845757e+01  1.155518e+02  1.842331e+02  3.469842e+02 
 7.206351e-01  4.761818e+01  1.135850e+02  1.816103e+02  3.438089e+02 
 7.306804e-01  4.657463e+01  1.117552e+02  1.785885e+02  3.374954e+02 
 7.408657e-01  4.546125e+01  1.094050e+02  1.752775e+02  3.331531e+02 
 7.511929e-01  4.442430e+01  1.072673e+02  1.725248e+02  3.284328e+02 
 7.616642e-01  4.349101e+01  1.051843e+02  1.695434e+02  3.240812e+02 
 7.722814e-01  4.282772e+01  1.040201e+02  1.676052e+02  3.195961e+02 
 7.830465e-01  4.185845e+01  1.018783e+02  1.645394e+02  3.152791e+02 
 7.939618e-01  4.101176e+01  1.004405e+02  1.622939e+02  3.115591e+02 
 8.050292e-01  4.001819e+01  9.841761e+01  1.599341e+02  3.075787e+02 
 8.162509e-01  3.922939e+01  9.684770e+01  1.572064e+02  3.021289e+02 
 8.276289e-01  3.820783e+01  9.477771e+01  1.544336e+02  2.980959e+02 
 8.391656e-01  3.763723e+01  9.350197e+01  1.520579e+02  2.943290e+02 
 8.508632e-01  3.687764e+01  9.183016e+01  1.499221e+02  2.904314e+02 
 8.627237e-01  3.599213e+01  9.019510e+01  1.474926e+02  2.857607e+02 
 8.747496e-01  3.526602e+01  8.852207e+01  1.451489e+02  2.818480e+02 
 8.869432e-01  3.458584e+01  8.718030e+01  1.431127e+02  2.784763e+02 
 8.993067e-01  3.380698e+01  8.567921e+01  1.408474e+02  2.742653e+02 
 9.118425e-01  3.323570e+01  8.411678e+01  1.383695e+02  2.694298e+02 
 9.245531e-01  3.244622e+01  8.266569e+01  1.361696e+02  2.663585e+02 
 9.374409e-01  3.175023e+01  8.126335e+01  1.342904e+02  2.628336e+02 
 9.505083e-01  3.116276e+01  7.987242e+01  1.322156e+02  2.591779e+02 
 9.637579e-01  3.044517e+01  7.829809e+01  1.298482e+02  2.552536e+02 
 9.771921e-01  2.996502e+01  7.771393e+01  1.285660e+02  2.519636e+02 
 9.908137e-01  2.933408e+01  7.616211e+01  1.263434e+02  2.484695e+02 
 1.004625e+00  2.869894e+01  7.467240e+01  1.241330e+02  2.444813e+02 
 1.018629e+00  2.817831e+01  7.357720e+01  1.223191e+02  2.408905e+02 
 1.032828e+00  2.756286e+01  7.229813e+01  1.206348e+02  2.381575e+02 
 1.047225e+00  2.696775e+01  7.114145e+01  1.186530e+02  2.340626e+02 
 1.061823e+00  2.649509e+01  7.012603e+01  1.170032e+02  2.309521e+02 
 1.076624e+00  2.594234e+01  6.895115e+01  1.152493e+02  2.275500e+02 
 1.091632e+00  2.546583e+01  6.775577e+01  1.135369e+02  2.241270e+02 
 1.106848e+00  2.492224e+01  6.652266e+01  1.117200e+02  2.211197e+02 
 1.122277e+00  2.442959e+01  6.553653e+01  1.098532e+02  2.174250e+02 
 1.137921e+00  2.393559e+01  6.434658e+01  1.081286e+02  2.143033e+02 
 1.153783e+00  2.348997e+01  6.331725e+01  1.065221e+02  2.113018e+02 
 1.169866e+00  2.305777e+01  6.234181e+01  1.049302e+02  2.085475e+02 
 1.186174e+00  2.258726e+01  6.138773e+01  1.033160e+02  2.051811e+02 
 1.202708e+00  2.217146e+01  6.038583e+01  1.018036e+02  2.023373e+02 
 1.219473e+00  2.176348e+01  5.944855e+01  1.003598e+02  1.990129e+02 
 1.236472e+00  2.133152e+01  5.851055e+01  9.890255e+01  1.963065e+02 
 1.253708e+00  2.093826e+01  5.751980e+01  9.713353e+01  1.932716e+02 
 1.271184e+00  2.054701e+01  5.678249e+01  9.597627e+01  1.904399e+02 
 1.288904e+00  2.014874e+01  5.565028e+01  9.427422e+01  1.876955e+02 
 1.306870e+00  1.974879e+01  5.474665e+01  9.276380e+01  1.845250e+02 
 1.325087e+00  1.940700e+01  5.391043e+01  9.142349e+01  1.816008e+02 
 1.343558e+00  1.904101e+01  5.301175e+01  8.999154e+01  1.787702e+02 
 1.362287e+00  1.869939e+01  5.212504e+01  8.846642e+01  1.758715e+02 
 1.381276e+00  1.834290e+01  5.131590e+01  8.690717e+01  1.729780e+02 
 1.400531e+00  1.801013e+01  5.049832e+01  8.562776e+01  1.701165e+02 
 1.420053e+00  1.766663e+01  4.960429e+01  8.430428e+01  1.673157e+02 
 1.439848e+00  1.734954e+01  4.886576e+01  8.289818e+01  1.647107e+02 
 1.459919e+00  1.701293e+01  4.806200e+01  8.157476e+01  1.618665e+02 
 1.480269e+00  1.674004e+01  4.720595e+01  8.013451e+01  1.589223e+02 
 1.500903e+00  1.643204e+01  4.648728e+01  7.883822e+01  1.565586e+02 
 1.521825e+00  1.612640e+01  4.577159e+01  7.763819e+01  1.538839e+02 
 1.543038e+00  1.582512e+01  4.501285e+01  7.643884e+01  1.515024e+02 
 1.564548e+00  1.555979e+01  4.429110e+01  7.516959e+01  1.487677e+02 
 1.586357e+00  1.527907e+01  4.358805e+01  7.392958e+01  1.462013e+02 
 1.608469e+00  1.498529e+01  4.286811e+01  7.269088e+01  1.438177e+02 
 1.630891e+00  1.475422e+01  4.209754e+01  7.130334e+01  1.409632e+02 
 1.653624e+00  1.447112e+01  4.138884e+01  7.018760e+01  1.387511e+02 
 1.676675e+00  1.420842e+01  4.075396e+01  6.904479e+01  1.361654e+02 
 1.700047e+00  1.395172e+01  4.009101e+01  6.787238e+01  1.338140e+02 
 1.723745e+00  1.372299e+01  3.939263e+01  6.670432e+01  1.312372e+02 
 1.747773e+00  1.345831e+01  3.871148e+01  6.552169e+01  1.287773e+02 
 1.772136e+00  1.322510e+01  3.808205e+01  6.435967e+01  1.265467e+02 
 1.796838e+00  1.299799e+01  3.742728e+01  6.323042e+01  1.241663e+02 
 1.821885e+00  1.279294e+01  3.678814e+01  6.209397e+01  1.219395e+02 
 1.847281e+00  1.255340e+01  3.621033e+01  6.108196e+01  1.196748e+02 
 1.873032e+00  1.234082e+01  3.557902e+01  5.990269e+01  1.174563e+02 
 1.899141e+00  1.212477e+01  3.493449e+01  5.885211e+01  1.152398e+02 
 1.925614e+00  1.192487e+01  3.435407e+01  5.781269e+01  1.129577e+02 
 1.952456e+00  1.174726e+01  3.379969e+01  5.680156e+01  1.107814e+02 
 1.979672e+00  1.151778e+01  3.323086e+01  5.576457e+01  1.086488e+02 
 2.007267e+00  1.132964e+01  3.263917e+01  5.468597e+01  1.065844e+02 
 2.035248e+00  1.112589e+01  3.204016e+01  5.364292e+01  1.043652e+02 
 2.063618e+00  1.093008e+01  3.145366e+01  5.260653e+01  1.022425e+02 
 2.092383e+00  1.074734e+01  3.088328e+01  5.158363e+01  1.001573e+02 
 2.121550e+00  1.055357e+01  3.031784e+01  5.059567e+01  9.814411e+01 
 2.151123e+00  1.037514e+01  2.978452e+01  4.959750e+01  9.606138e+01 
 2.181109e+00  1.019299e+01  2.921201e+01  4.863700e+01  9.410871e+01 
 2.211512e+00  1.002142e+01  2.866512e+01  4.765111e+01  9.208608e+01 
 2.242340e+00  9.850324e+00  2.816132e+01  4.674212e+01  9.017699e+01 
 2.273597e+00  9.671796e+00  2.764464e+01  4.578132e+01  8.824169e+01 
 2.305289e+00  9.516458e+00  2.711942e+01  4.488365e+01  8.639007e+01 
 2.337424e+00  9.358318e+00  2.660277e+01  4.396245e+01  8.458044e+01 
 2.370006e+00  9.193149e+00  2.610151e+01  4.308093e+01  8.280318e+01 
 2.403043e+00  9.025902e+00  2.561362e+01  4.218060e+01  8.098067e+01 
 2.436540e+00  8.878401e+00  2.513701e+01  4.132264e+01  7.920430e+01 
 2.470504e+00  8.724441e+00  2.464783e+01  4.044787e+01  7.743318e+01 
 2.504942e+00  8.574131e+00  2.417941e+01  3.961834e+01  7.574966e+01 
 2.539859e+00  8.430859e+00  2.369297e+01  3.875664e+01  7.399254e+01 
 2.575263e+00  8.275267e+00  2.320714e+01  3.795075e+01  7.236480e+01 
 2.611161e+00  8.134859e+00  2.275478e+01  3.710420e+01  7.071998e+01 
 2.647559e+00  7.992950e+00  2.229365e+01  3.628378e+01  6.906213e+01 
 2.684465e+00  7.850890e+00  2.185527e+01  3.549439e+01  6.747472e+01 
 2.721885e+00  7.709024e+00  2.138933e+01  3.471527e+01  6.592618e+01 
 2.759826e+00  7.575427e+00  2.094982e+01  3.393373e+01  6.438461e+01 
 2.798297e+00  7.441148e+00  2.051960e+01  3.318318e+01  6.292492e+01 
 2.837304e+00  7.311835e+00  2.009532e+01  3.244359e+01  6.146572e+01 
 2.876854e+00  7.182463e+00  1.967382e+01  3.171446e+01  6.003747e+01 
 2.916956e+00  7.057155e+00  1.926924e+01  3.100375e+01  5.859038e+01 
 2.957617e+00  6.934079e+00  1.887052e+01  3.031315e+01  5.722363e+01 
 2.998844e+00  6.811653e+00  1.847619e+01  2.962443e+01  5.586069e+01 
 3.040646e+00  6.690061e+00  1.808021e+01  2.893052e+01  5.456061e+01 
 3.083031e+00  6.570585e+00  1.768419e+01  2.826284e+01  5.325316e+01 
 3.126007e+00  6.453313e+00  1.731374e+01  2.760681e+01  5.195085e+01 
 3.169582e+00  6.335679e+00  1.692273e+01  2.693973e+01  5.068987e+01 
 3.213764e+00  6.219067e+00  1.654953e+01  2.630314e+01  4.945179e+01 
 3.258562e+00  6.102593e+00  1.618757e+01  2.567583e+01  4.823612e+01 
 3.303985e+00  5.989516e+00  1.581767e+01  2.505644e+01  4.704800e+01 
 3.350041e+00  5.878382e+00  1.545655e+01  2.445118e+01  4.588242e+01 
 3.396739e+00  5.767636e+00  1.510694e+01  2.386604e+01  4.473875e+01 
 3.444087e+00  5.661345e+00  1.476094e+01  2.327095e+01  4.361766e+01 
 3.492096e+00  5.556075e+00  1.442665e+01  2.271691e+01  4.255126e+01 
 3.540774e+00  5.448464e+00  1.409839e+01  2.216519e+01  4.148800e+01 
 3.590130e+00  5.348341e+00  1.377427e+01  2.161918e+01  4.046779e+01 
 3.640175e+00  5.247984e+00  1.345858e+01  2.109974e+01  3.946675e+01 
 3.690917e+00  5.147667e+00  1.315254e+01  2.057109e+01  3.847156e+01 
 3.742366e+00  5.050494e+00  1.284082e+01  2.006973e+01  3.752040e+01 
 3.794533e+00  4.954215e+00  1.254432e+01  1.957617e+01  3.657404e+01 
 3.847427e+00  4.858030e+00  1.224634e+01  1.908517e+01  3.566036e+01 
 3.901058e+00  4.761333e+00  1.195598e+01  1.860882e+01  3.474661e+01 
 3.955436e+00  4.670827e+00  1.167016e+01  1.813108e+01  3.385204e+01 
 4.010573e+00  4.574632e+00  1.138654e+01  1.767694e+01  3.299783e+01 
 4.066478e+00  4.482799e+00  1.110710e+01  1.722165e+01  3.214129e+01 
 4.123163e+00  4.391979e+00  1.083872e+01  1.678149e+01  3.131156e+01 
 4.180637e+00  4.303910e+00  1.057584e+01  1.635455e+01  3.050161e+01 
 4.238913e+00  4.216539e+00  1.031386e+01  1.593347e+01  2.971927e+01 
 4.298001e+00  4.129116e+00  1.006027e+01  1.552671e+01  2.895018e+01 
 4.357913e+00  4.046612e+00  9.812727e+00  1.512821e+01  2.820984e+01 
 4.418660e+00  3.963853e+00  9.573967e+00  1.474169e+01  2.749135e+01 
 4.480254e+00  3.881351e+00  9.338281e+00  1.436414e+01  2.678632e+01 
 4.542706e+00  3.802661e+00  9.107120e+00  1.399591e+01  2.610078e+01 
 4.606029e+00  3.723445e+00  8.884665e+00  1.363925e+01  2.543749e+01 
 4.670234e+00  3.645740e+00  8.665590e+00  1.329539e+01  2.479177e+01 
 4.735335e+00  3.569535e+00  8.451614e+00  1.295407e+01  2.415299e+01 
 4.801343e+00  3.495562e+00  8.242221e+00  1.262073e+01  2.352598e+01 
 4.868271e+00  3.420509e+00  8.033831e+00  1.229180e+01  2.291473e+01 
 4.936132e+00  3.347116e+00  7.829975e+00  1.197162e+01  2.231715e+01 
 5.004939e+00  3.274066e+00  7.631493e+00  1.165860e+01  2.173176e+01 
 5.074705e+00  3.201815e+00  7.437384e+00  1.135206e+01  2.116477e+01 
 5.145444e+00  3.132427e+00  7.247584e+00  1.105334e+01  2.061069e+01 
 5.217169e+00  3.062582e+00  7.061285e+00  1.076371e+01  2.006368e+01 
 5.289893e+00  2.995833e+00  6.881435e+00  1.048436e+01  1.954317e+01 
 5.363631e+00  2.929065e+00  6.706022e+00  1.020878e+01  1.903014e+01 
 5.438397e+00  2.864496e+00  6.534680e+00  9.943078e+00  1.853250e+01 
 5.514206e+00  2.799077e+00  6.368583e+00  9.684630e+00  1.805209e+01 
 5.591071e+00  2.738278e+00  6.207547e+00  9.432873e+00  1.758285e+01 
 5.669007e+00  2.678270e+00  6.050226e+00  9.190086e+00  1.713008e+01 
 5.748030e+00  2.618601e+00  5.896886e+00  8.952043e+00  1.668473e+01 
 5.828155e+00  2.560057e+00  5.747883e+00  8.721261e+00  1.625324e+01 
 5.909396e+00  2.502562e+00  5.601383e+00  8.495334e+00  1.583214e+01 
 5.991770e+00  2.445518e+00  5.457846e+00  8.273600e+00  1.541816e+01 
 6.075292e+00  2.389526e+00  5.317975e+00  8.057789e+00  1.501199e+01 
 6.159978e+00  2.334473e+00  5.180274e+00  7.845460e+00  1.461698e+01 
 6.245845e+00  2.280406e+00  5.046517e+00  7.639174e+00  1.423074e+01 
 6.332908e+00  2.227109e+00  4.914942e+00  7.437731e+00  1.385308e+01 
 6.421186e+00  2.175084e+00  4.787633e+00  7.240878e+00  1.348517e+01 
 6.510694e+00  2.124008e+00  4.663266e+00  7.050125e+00  1.312729e+01 
 6.601449e+00  2.074514e+00  4.542643e+00  6.864461e+00  1.277948e+01 
 6.693470e+00  2.025663e+00  4.424904e+00  6.683649e+00  1.244105e+01 
 6.786773e+00  1.978272e+00  4.310812e+00  6.508127e+00  1.211295e+01 
 6.881377e+00  1.932155e+00  4.199891e+00  6.338350e+00  1.179349e+01 
 6.977300e+00  1.886922e+00  4.092631e+00  6.174027e+00  1.148361e+01 
 7.074559e+00  1.843248e+00  3.988000e+00  6.013533e+00  1.118175e+01 
 7.173175e+00  1.800167e+00  3.886525e+00  5.857276e+00  1.088924e+01 
 7.273165e+00  1.758303e+00  3.787564e+00  5.705758e+00  1.075286e+01 
 7.374549e+00  1.716945e+00  3.690310e+00  5.557149e+00  1.032537e+01 
 7.477346e+00  1.676319e+00  3.595758e+00  5.412489e+00  1.005173e+01 
 7.581576e+00  1.636668e+00  3.502515e+00  5.269898e+00  9.784044e+00 
 7.687260e+00  1.597542e+00  3.411924e+00  5.131153e+00  9.523434e+00 
 7.794416e+00  1.559260e+00  3.323585e+00  4.995193e+00  9.268061e+00 
 7.903066e+00  1.521877e+00  3.236777e+00  4.862224e+00  9.018256e+00 
 8.013230e+00  1.485336e+00  3.152732e+00  4.733929e+00  8.775737e+00 
 8.124930e+00  1.449530e+00  3.070899e+00  4.608480e+00  8.539536e+00 
 8.238187e+00  1.414893e+00  2.991137e+00  4.486396e+00  8.309736e+00 
 8.353023e+00  1.380957e+00  2.913758e+00  4.367969e+00  8.086257e+00 
 8.469460e+00  1.348035e+00  2.838766e+00  4.253223e+00  7.869869e+00 
 8.587519e+00  1.316117e+00  2.765702e+00  4.141438e+00  7.659513e+00 
 8.707225e+00  1.285010e+00  2.694813e+00  4.033318e+00  7.455087e+00 
 8.828599e+00  1.254731e+00  2.626282e+00  3.928216e+00  7.256660e+00 
 8.951665e+00  1.225081e+00  2.559658e+00  3.825853e+00  7.064145e+00 
 9.076446e+00  1.196349e+00  2.494580e+00  3.726525e+00  6.876649e+00 
 9.202967e+00  1.168154e+00  2.431065e+00  3.629541e+00  6.692742e+00 
 9.331251e+00  1.140494e+00  2.368788e+00  3.534363e+00  6.513265e+00 
 9.461324e+00  0.000000e+00  0.000000e+00  0.000000e+00  0.000000e+00 
 9.593209e+00  0.000000e+00  0.000000e+00  0.000000e+00  0.000000e+00 
 9.726934e+00  0.000000e+00  0.000000e+00  0.000000e+00  0.000000e+00 
 9.862522e+00  0.000000e+00  0.000000e+00  0.000000e+00  0.000000e+00 
 1.000000e+01  0.000000e+00  0.000000e+00  0.000000e+00  0.000000e+00 
