 1.000000e-02  5.463417e+03  9.962818e+03  1.347702e+04  2.011497e+04 
 1.013939e-02  5.493046e+03  1.001670e+04  1.354970e+04  2.022280e+04 
 1.028073e-02  5.522230e+03  1.006976e+04  1.362129e+04  2.032892e+04 
 1.042404e-02  5.550973e+03  1.012198e+04  1.369171e+04  2.043354e+04 
 1.056935e-02  5.579235e+03  1.017324e+04  1.376085e+04  2.053645e+04 
 1.071668e-02  5.606976e+03  1.022357e+04  1.382866e+04  2.063738e+04 
 1.086606e-02  5.634177e+03  1.027297e+04  1.389522e+04  2.073623e+04 
 1.101753e-02  5.660848e+03  1.032145e+04  1.396047e+04  2.083300e+04 
 1.117111e-02  5.686959e+03  1.036888e+04  1.402432e+04  2.092771e+04 
 1.132683e-02  5.712507e+03  1.041524e+04  1.408676e+04  2.102034e+04 
 1.148472e-02  5.737473e+03  1.046054e+04  1.414778e+04  2.111085e+04 
 1.164481e-02  5.761792e+03  1.050467e+04  1.420725e+04  2.119906e+04 
 1.180713e-02  5.785393e+03  1.054747e+04  1.426490e+04  2.128456e+04 
 1.197171e-02  5.808280e+03  1.058897e+04  1.432068e+04  2.136726e+04 
 1.213859e-02  5.830482e+03  1.062921e+04  1.437471e+04  2.144732e+04 
 1.230780e-02  5.852028e+03  1.066824e+04  1.442715e+04  2.152499e+04 
 1.247936e-02  5.872947e+03  1.070611e+04  1.447807e+04  2.160039e+04 
 1.265332e-02  5.893163e+03  1.074270e+04  1.452726e+04  2.167316e+04 
 1.282970e-02  5.912581e+03  1.077787e+04  1.457445e+04  2.174296e+04 
 1.300854e-02  5.931208e+03  1.081157e+04  1.461968e+04  2.180986e+04 
 1.318987e-02  5.949052e+03  1.084384e+04  1.466305e+04  2.187387e+04 
 1.337373e-02  5.966100e+03  1.087465e+04  1.470447e+04  2.193492e+04 
 1.356015e-02  5.982308e+03  1.090390e+04  1.474376e+04  2.199286e+04 
 1.374917e-02  5.997655e+03  1.093160e+04  1.478083e+04  2.204752e+04 
 1.394083e-02  6.012121e+03  1.095768e+04  1.481570e+04  2.209885e+04 
 1.413516e-02  6.025693e+03  1.098212e+04  1.484838e+04  2.214682e+04 
 1.433219e-02  6.038364e+03  1.100492e+04  1.487888e+04  2.219148e+04 
 1.453198e-02  6.050134e+03  1.102606e+04  1.490708e+04  2.223289e+04 
 1.473454e-02  6.060964e+03  1.104550e+04  1.493296e+04  2.227090e+04 
 1.493993e-02  6.070828e+03  1.106315e+04  1.495644e+04  2.230526e+04 
 1.514819e-02  6.079733e+03  1.107907e+04  1.497765e+04  2.233605e+04 
 1.535935e-02  6.087637e+03  1.109319e+04  1.499636e+04  2.236309e+04 
 1.557345e-02  6.094513e+03  1.110543e+04  1.501244e+04  2.238636e+04 
 1.579053e-02  6.100338e+03  1.111574e+04  1.502588e+04  2.240583e+04 
 1.601064e-02  6.105105e+03  1.112411e+04  1.503672e+04  2.242136e+04 
 1.623382e-02  6.108803e+03  1.113053e+04  1.504503e+04  2.243295e+04 
 1.646012e-02  6.111405e+03  1.113493e+04  1.505065e+04  2.244050e+04 
 1.668956e-02  6.112862e+03  1.113724e+04  1.505341e+04  2.244384e+04 
 1.692220e-02  6.113152e+03  1.113746e+04  1.505327e+04  2.244291e+04 
 1.715809e-02  6.112304e+03  1.113557e+04  1.505028e+04  2.243764e+04 
 1.739726e-02  6.110293e+03  1.113157e+04  1.504444e+04  2.242796e+04 
 1.763977e-02  6.107088e+03  1.112538e+04  1.503566e+04  2.241392e+04 
 1.788566e-02  6.102688e+03  1.111702e+04  1.502393e+04  2.239557e+04 
 1.813498e-02  6.097088e+03  1.110647e+04  1.500923e+04  2.237285e+04 
 1.838777e-02  6.090269e+03  1.109369e+04  1.499151e+04  2.234565e+04 
 1.864409e-02  6.082224e+03  1.107867e+04  1.497074e+04  2.231389e+04 
 1.890397e-02  6.072939e+03  1.106138e+04  1.494692e+04  2.227753e+04 
 1.916748e-02  6.062376e+03  1.104176e+04  1.491995e+04  2.223646e+04 
 1.943467e-02  6.050541e+03  1.101983e+04  1.488983e+04  2.219064e+04 
 1.970558e-02  6.037447e+03  1.099560e+04  1.485662e+04  2.214007e+04 
 1.998026e-02  6.023081e+03  1.096904e+04  1.482027e+04  2.208480e+04 
 2.025878e-02  6.007414e+03  1.094011e+04  1.478072e+04  2.202485e+04 
 2.054117e-02  5.990443e+03  1.090883e+04  1.473797e+04  2.196021e+04 
 2.082751e-02  5.972191e+03  1.087519e+04  1.469201e+04  2.189089e+04 
 2.111783e-02  5.952648e+03  1.083918e+04  1.464287e+04  2.181676e+04 
 2.141220e-02  5.931887e+03  1.080092e+04  1.459064e+04  2.173783e+04 
 2.171068e-02  5.910383e+03  1.076105e+04  1.453596e+04  2.165456e+04 
 2.201331e-02  5.887581e+03  1.071884e+04  1.447810e+04  2.156653e+04 
 2.232016e-02  5.863491e+03  1.067425e+04  1.441706e+04  2.147367e+04 
 2.263130e-02  5.838122e+03  1.062734e+04  1.435286e+04  2.137623e+04 
 2.294676e-02  5.811498e+03  1.057811e+04  1.428554e+04  2.127418e+04 
 2.326663e-02  5.783600e+03  1.052659e+04  1.421510e+04  2.116737e+04 
 2.359095e-02  5.754460e+03  1.047279e+04  1.414160e+04  2.105597e+04 
 2.391980e-02  5.724085e+03  1.041675e+04  1.406507e+04  2.094010e+04 
 2.425323e-02  5.692489e+03  1.035848e+04  1.398554e+04  2.081974e+04 
 2.459130e-02  5.659678e+03  1.029801e+04  1.390303e+04  2.069493e+04 
 2.493409e-02  5.625681e+03  1.023538e+04  1.381758e+04  2.056575e+04 
 2.528166e-02  5.590531e+03  1.017062e+04  1.372927e+04  2.043230e+04 
 2.563407e-02  5.554232e+03  1.010381e+04  1.363817e+04  2.029470e+04 
 2.599140e-02  5.516818e+03  1.003497e+04  1.354435e+04  2.015304e+04 
 2.635371e-02  5.478336e+03  9.964179e+03  1.344788e+04  2.000744e+04 
 2.672106e-02  5.438795e+03  9.891435e+03  1.334881e+04  1.985794e+04 
 2.709354e-02  5.398226e+03  9.816822e+03  1.324722e+04  1.970470e+04 
 2.747121e-02  5.356671e+03  9.740431e+03  1.314319e+04  1.954783e+04 
 2.785414e-02  5.314091e+03  9.662185e+03  1.303669e+04  1.938736e+04 
 2.824241e-02  5.270249e+03  9.581770e+03  1.292736e+04  1.922290e+04 
 2.863610e-02  5.225541e+03  9.499783e+03  1.281593e+04  1.905527e+04 
 2.903527e-02  5.180013e+03  9.416302e+03  1.270246e+04  1.888462e+04 
 2.944000e-02  5.133694e+03  9.331379e+03  1.258706e+04  1.871109e+04 
 2.985038e-02  5.086632e+03  9.245115e+03  1.246985e+04  1.853487e+04 
 3.026648e-02  5.038882e+03  9.157592e+03  1.235096e+04  1.835617e+04 
 3.068838e-02  4.990498e+03  9.068928e+03  1.223052e+04  1.817518e+04 
 3.111616e-02  4.941540e+03  8.979203e+03  1.210867e+04  1.799208e+04 
 3.154990e-02  4.892068e+03  8.888558e+03  1.198558e+04  1.780712e+04 
 3.198969e-02  4.842122e+03  8.797058e+03  1.186134e+04  1.762045e+04 
 3.243561e-02  4.791756e+03  8.704804e+03  1.173606e+04  1.743226e+04 
 3.288774e-02  4.741028e+03  8.611911e+03  1.160990e+04  1.724276e+04 
 3.334618e-02  4.690015e+03  8.518479e+03  1.148305e+04  1.705223e+04 
 3.381101e-02  4.638773e+03  8.424628e+03  1.135566e+04  1.686085e+04 
 3.428231e-02  4.587360e+03  8.330469e+03  1.122786e+04  1.666890e+04 
 3.476019e-02  4.535730e+03  8.236247e+03  1.110032e+04  1.647840e+04 
 3.524473e-02  4.484048e+03  8.141945e+03  1.097267e+04  1.628783e+04 
 3.573602e-02  4.432389e+03  8.047684e+03  1.084509e+04  1.609730e+04 
 3.623416e-02  4.380814e+03  7.953570e+03  1.071773e+04  1.590708e+04 
 3.673925e-02  4.329389e+03  7.859725e+03  1.059073e+04  1.571737e+04 
 3.725137e-02  4.278170e+03  7.766268e+03  1.046424e+04  1.552843e+04 
 3.777064e-02  4.227221e+03  7.673319e+03  1.033842e+04  1.534047e+04 
 3.829714e-02  4.176602e+03  7.580960e+03  1.021341e+04  1.515371e+04 
 3.883098e-02  4.126377e+03  7.489306e+03  1.008934e+04  1.496835e+04 
 3.937226e-02  4.076596e+03  7.398479e+03  9.966392e+03  1.478463e+04 
 3.992109e-02  4.027328e+03  7.308577e+03  9.844691e+03  1.460275e+04 
 4.047757e-02  3.978610e+03  7.219635e+03  9.724240e+03  1.442262e+04 
 4.104181e-02  3.930230e+03  7.130657e+03  9.603048e+03  1.423944e+04 
 4.161391e-02  3.882514e+03  7.042896e+03  9.483499e+03  1.405873e+04 
 4.219398e-02  3.835504e+03  6.956431e+03  9.365698e+03  1.388062e+04 
 4.278214e-02  3.789239e+03  6.871345e+03  9.249761e+03  1.370528e+04 
 4.337850e-02  3.743761e+03  6.787696e+03  9.135770e+03  1.353286e+04 
 4.398317e-02  3.699122e+03  6.705531e+03  9.023807e+03  1.336349e+04 
 4.459628e-02  3.655333e+03  6.624910e+03  8.913936e+03  1.319724e+04 
 4.521792e-02  3.612411e+03  6.545892e+03  8.806225e+03  1.303424e+04 
 4.584824e-02  3.570378e+03  6.468518e+03  8.700725e+03  1.287453e+04 
 4.648734e-02  3.529262e+03  6.392799e+03  8.597470e+03  1.271818e+04 
 4.713535e-02  3.489300e+03  6.320026e+03  8.499064e+03  1.257142e+04 
 4.779239e-02  3.450403e+03  6.249685e+03  8.404469e+03  1.243175e+04 
 4.845859e-02  3.412422e+03  6.181011e+03  8.312110e+03  1.229539e+04 
 4.913407e-02  3.375343e+03  6.113977e+03  8.221960e+03  1.216231e+04 
 4.981898e-02  3.339159e+03  6.048554e+03  8.133980e+03  1.203245e+04 
 5.051342e-02  3.303847e+03  5.984698e+03  8.048116e+03  1.190573e+04 
 5.121755e-02  3.269385e+03  5.922373e+03  7.964311e+03  1.178208e+04 
 5.193150e-02  3.235731e+03  5.861531e+03  7.882494e+03  1.166136e+04 
 5.265540e-02  3.202842e+03  5.802075e+03  7.802531e+03  1.154338e+04 
 5.338938e-02  3.170394e+03  5.742907e+03  7.722447e+03  1.142389e+04 
 5.413360e-02  3.138288e+03  5.683750e+03  7.641786e+03  1.130194e+04 
 5.488820e-02  3.106811e+03  5.625748e+03  7.562674e+03  1.118233e+04 
 5.565331e-02  3.075886e+03  5.568771e+03  7.484946e+03  1.106479e+04 
 5.642908e-02  3.045362e+03  5.512512e+03  7.408202e+03  1.094874e+04 
 5.721568e-02  3.015083e+03  5.456706e+03  7.332062e+03  1.083362e+04 
 5.801323e-02  2.985200e+03  5.401602e+03  7.256881e+03  1.071996e+04 
 5.882190e-02  2.955998e+03  5.347736e+03  7.183396e+03  1.060885e+04 
 5.964185e-02  2.927625e+03  5.295767e+03  7.112877e+03  1.050324e+04 
 6.047322e-02  2.899855e+03  5.245950e+03  7.046351e+03  1.040651e+04 
 6.131619e-02  2.871460e+03  5.194990e+03  6.978268e+03  1.030752e+04 
 6.217090e-02  2.842414e+03  5.142845e+03  6.908587e+03  1.020618e+04 
 6.303753e-02  2.812884e+03  5.089813e+03  6.837719e+03  1.010311e+04 
 6.391624e-02  2.783021e+03  5.036177e+03  6.766061e+03  9.998876e+03 
 6.480720e-02  2.752774e+03  4.981836e+03  6.693486e+03  9.893298e+03 
 6.571058e-02  2.721973e+03  4.926491e+03  6.619563e+03  9.785733e+03 
 6.662655e-02  2.689162e+03  4.865459e+03  6.535799e+03  9.657609e+03 
 6.755528e-02  2.655498e+03  4.802828e+03  6.449839e+03  9.526125e+03 
 6.849697e-02  2.620977e+03  4.738662e+03  6.361846e+03  9.391712e+03 
 6.945178e-02  2.585560e+03  4.672892e+03  6.271728e+03  9.254247e+03 
 7.041990e-02  2.549205e+03  4.605441e+03  6.179395e+03  9.113594e+03 
 7.140151e-02  2.511866e+03  4.536236e+03  6.084752e+03  8.969618e+03 
 7.239681e-02  2.473773e+03  4.465954e+03  5.989061e+03  8.825347e+03 
 7.340598e-02  2.434972e+03  4.394747e+03  5.892577e+03  8.681381e+03 
 7.442922e-02  2.395161e+03  4.321737e+03  5.793702e+03  8.533943e+03 
 7.546673e-02  2.354368e+03  4.246989e+03  5.692506e+03  8.383138e+03 
 7.651869e-02  2.312646e+03  4.170581e+03  5.589121e+03  8.229162e+03 
 7.758532e-02  2.270057e+03  4.092636e+03  5.483706e+03  8.072249e+03 
 7.866682e-02  2.227607e+03  4.016218e+03  5.381594e+03  7.923269e+03 
 7.976339e-02  2.185973e+03  3.943307e+03  5.286170e+03  7.789050e+03 
 8.087525e-02  2.143718e+03  3.869217e+03  5.189110e+03  7.652261e+03 
 8.200261e-02  2.100975e+03  3.794180e+03  5.090724e+03  7.513352e+03 
 8.314568e-02  2.057890e+03  3.718448e+03  4.991357e+03  7.372833e+03 
 8.430468e-02  2.014620e+03  3.642312e+03  4.891395e+03  7.231257e+03 
 8.547985e-02  1.970329e+03  3.562874e+03  4.785604e+03  7.077775e+03 
 8.667139e-02  1.925756e+03  3.482273e+03  4.677586e+03  6.919454e+03 
 8.787954e-02  1.881577e+03  3.402387e+03  4.570530e+03  6.762504e+03 
 8.910453e-02  1.837991e+03  3.323545e+03  4.464903e+03  6.607604e+03 
 9.034660e-02  1.795166e+03  3.246068e+03  4.361126e+03  6.455392e+03 
 9.160598e-02  1.753973e+03  3.172527e+03  4.263463e+03  6.314103e+03 
 9.288292e-02  1.714495e+03  3.102956e+03  4.171865e+03  6.183440e+03 
 9.417766e-02  1.676229e+03  3.035535e+03  4.083094e+03  6.056793e+03 
 9.549045e-02  1.639329e+03  2.970522e+03  3.997512e+03  5.934688e+03 
 9.682153e-02  1.603907e+03  2.908127e+03  3.915407e+03  5.817588e+03 
 9.817117e-02  1.570337e+03  2.849479e+03  3.838685e+03  5.709299e+03 
 9.953962e-02  1.538513e+03  2.794125e+03  3.766478e+03  5.607896e+03 
 1.009272e-01  1.508401e+03  2.741827e+03  3.698314e+03  5.512315e+03 
 1.023340e-01  1.480021e+03  2.692615e+03  3.634266e+03  5.422682e+03 
 1.037605e-01  1.452659e+03  2.644359e+03  3.570735e+03  5.332001e+03 
 1.052069e-01  1.424350e+03  2.591207e+03  3.497752e+03  5.220941e+03 
 1.066734e-01  1.397763e+03  2.541253e+03  3.429086e+03  5.116400e+03 
 1.081604e-01  1.372772e+03  2.494265e+03  3.364460e+03  5.017917e+03 
 1.096681e-01  1.349251e+03  2.449995e+03  3.303547e+03  4.924992e+03 
 1.111968e-01  1.327548e+03  2.409617e+03  3.248183e+03  4.840457e+03 
 1.127468e-01  1.307013e+03  2.371420e+03  3.195783e+03  4.760388e+03 
 1.143184e-01  1.287416e+03  2.334940e+03  3.145743e+03  4.683862e+03 
 1.159120e-01  1.268547e+03  2.299800e+03  3.097524e+03  4.610082e+03 
 1.175277e-01  1.251331e+03  2.268935e+03  3.056111e+03  4.548609e+03 
 1.191660e-01  1.234454e+03  2.238782e+03  3.015792e+03  4.488953e+03 
 1.208271e-01  1.217583e+03  2.208638e+03  2.975509e+03  4.429363e+03 
 1.225114e-01  1.200484e+03  2.178085e+03  2.934626e+03  4.369037e+03 
 1.242191e-01  1.182670e+03  2.146155e+03  2.892047e+03  4.307325e+03 
 1.259506e-01  1.164221e+03  2.113055e+03  2.847954e+03  4.243329e+03 
 1.277063e-01  1.144988e+03  2.078542e+03  2.801939e+03  4.176446e+03 
 1.294865e-01  1.125213e+03  2.043203e+03  2.754746e+03  4.107357e+03 
 1.312915e-01  1.104859e+03  2.006982e+03  2.706341e+03  4.035961e+03 
 1.331216e-01  1.083475e+03  1.968844e+03  2.655387e+03  3.960744e+03 
 1.349772e-01  1.061099e+03  1.928919e+03  2.602087e+03  3.882138e+03 
 1.368587e-01  1.038994e+03  1.891576e+03  2.554538e+03  3.818847e+03 
 1.387665e-01  1.016017e+03  1.852522e+03  2.504622e+03  3.751760e+03 
 1.407008e-01  9.923268e+02  1.812051e+03  2.452714e+03  3.681416e+03 
 1.426621e-01  9.688956e+02  1.772070e+03  2.400948e+03  3.609012e+03 
 1.446507e-01  9.453813e+02  1.731844e+03  2.348635e+03  3.534938e+03 
 1.466671e-01  9.217858e+02  1.691338e+03  2.295864e+03  3.459968e+03 
 1.487115e-01  8.960968e+02  1.644894e+03  2.233662e+03  3.368767e+03 
 1.507845e-01  8.694078e+02  1.595218e+03  2.166179e+03  3.268275e+03 
 1.528864e-01  8.435850e+02  1.547173e+03  2.100855e+03  3.171028e+03 
 1.550175e-01  8.208594e+02  1.506838e+03  2.047520e+03  3.094555e+03 
 1.571784e-01  8.007502e+02  1.472637e+03  2.003569e+03  3.033970e+03 
 1.593694e-01  7.819247e+02  1.440691e+03  1.962540e+03  2.977602e+03 
 1.615909e-01  7.650195e+02  1.412527e+03  1.926704e+03  2.928912e+03 
 1.638434e-01  7.497574e+02  1.387441e+03  1.895043e+03  2.886321e+03 
 1.661273e-01  7.358783e+02  1.364808e+03  1.866641e+03  2.848479e+03 
 1.684430e-01  7.198765e+02  1.335465e+03  1.827308e+03  2.791601e+03 
 1.707910e-01  7.047274e+02  1.307357e+03  1.789450e+03  2.736607e+03 
 1.731717e-01  6.912980e+02  1.282878e+03  1.756750e+03  2.689430e+03 
 1.755856e-01  6.812172e+02  1.266408e+03  1.735868e+03  2.660406e+03 
 1.780332e-01  6.717152e+02  1.250970e+03  1.716365e+03  2.633493e+03 
 1.805149e-01  6.606862e+02  1.230440e+03  1.688003e+03  2.589548e+03 
 1.830312e-01  6.486310e+02  1.206680e+03  1.654145e+03  2.535083e+03 
 1.855825e-01  6.365492e+02  1.183221e+03  1.621108e+03  2.482767e+03 
 1.881694e-01  6.248047e+02  1.162358e+03  1.593786e+03  2.444300e+03 
 1.907924e-01  6.125277e+02  1.140487e+03  1.565074e+03  2.403626e+03 
 1.934520e-01  5.990431e+02  1.116107e+03  1.532977e+03  2.358877e+03 
 1.961486e-01  5.847112e+02  1.090048e+03  1.498566e+03  2.310887e+03 
 1.988828e-01  5.710212e+02  1.065875e+03  1.466903e+03  2.266476e+03 
 2.016551e-01  5.586252e+02  1.045105e+03  1.440140e+03  2.228773e+03 
 2.044661e-01  5.455438e+02  1.022671e+03  1.410799e+03  2.186640e+03 
 2.073162e-01  5.309421e+02  9.955133e+02  1.373517e+03  2.130137e+03 
 2.102061e-01  5.163496e+02  9.683581e+02  1.336219e+03  2.073568e+03 
 2.131362e-01  5.060469e+02  9.536297e+02  1.318981e+03  2.051073e+03 
 2.161073e-01  4.962995e+02  9.400014e+02  1.303312e+03  2.031011e+03 
 2.191197e-01  4.836071e+02  9.183380e+02  1.275743e+03  1.994687e+03 
 2.221741e-01  4.709128e+02  8.960443e+02  1.247048e+03  1.956869e+03 
 2.252711e-01  4.597145e+02  8.770784e+02  1.223163e+03  1.925677e+03 
 2.284112e-01  4.496199e+02  8.603095e+02  1.202325e+03  1.898807e+03 
 2.315951e-01  4.409345e+02  8.451807e+02  1.182086e+03  1.867960e+03 
 2.348235e-01  4.332169e+02  8.315160e+02  1.163293e+03  1.837673e+03 
 2.380968e-01  4.239479e+02  8.136880e+02  1.138575e+03  1.800275e+03 
 2.414157e-01  4.145873e+02  7.953903e+02  1.113172e+03  1.762338e+03 
 2.447809e-01  4.051329e+02  7.776107e+02  1.089143e+03  1.726630e+03 
 2.481930e-01  3.958687e+02  7.603271e+02  1.065871e+03  1.692043e+03 
 2.516527e-01  3.902720e+02  7.514398e+02  1.054327e+03  1.674870e+03 
 2.551606e-01  3.833388e+02  7.395253e+02  1.038537e+03  1.651686e+03 
 2.587174e-01  3.728384e+02  7.193790e+02  1.011241e+03  1.612603e+03 
 2.623238e-01  3.639287e+02  7.034316e+02  9.901742e+02  1.582857e+03 
 2.659804e-01  3.567815e+02  6.920893e+02  9.759295e+02  1.563347e+03 
 2.696881e-01  3.473861e+02  6.752941e+02  9.535959e+02  1.530151e+03 
 2.734474e-01  3.374605e+02  6.571571e+02  9.292639e+02  1.493611e+03 
 2.772591e-01  3.301331e+02  6.454015e+02  9.149238e+02  1.475769e+03 
 2.811239e-01  3.224880e+02  6.323624e+02  8.987108e+02  1.456401e+03 
 2.850426e-01  3.144827e+02  6.177555e+02  8.802468e+02  1.435573e+03 
 2.890160e-01  3.074772e+02  6.060635e+02  8.653613e+02  1.414313e+03 
 2.930447e-01  3.010239e+02  5.950427e+02  8.506038e+02  1.390961e+03 
 2.971296e-01  2.948855e+02  5.827827e+02  8.320390e+02  1.359037e+03 
 3.012714e-01  2.893718e+02  5.734600e+02  8.198085e+02  1.341013e+03 
 3.054710e-01  2.838516e+02  5.646042e+02  8.090715e+02  1.327196e+03 
 3.097291e-01  2.770179e+02  5.524470e+02  7.935846e+02  1.307112e+03 
 3.140465e-01  2.707053e+02  5.399338e+02  7.756860e+02  1.277785e+03 
 3.184242e-01  2.650406e+02  5.288460e+02  7.597680e+02  1.251474e+03 
 3.228628e-01  2.605665e+02  5.217799e+02  7.512425e+02  1.241671e+03 
 3.273634e-01  2.540255e+02  5.089024e+02  7.329678e+02  1.212751e+03 
 3.319266e-01  2.472860e+02  4.961324e+02  7.155851e+02  1.187015e+03 
 3.365535e-01  2.409633e+02  4.851903e+02  7.018275e+02  1.169190e+03 
 3.412449e-01  2.367062e+02  4.795964e+02  6.950583e+02  1.157993e+03 
 3.460016e-01  2.320492e+02  4.720744e+02  6.854054e+02  1.144403e+03 
 3.508247e-01  2.275282e+02  4.640831e+02  6.748408e+02  1.129237e+03 
 3.557150e-01  2.231739e+02  4.560546e+02  6.640755e+02  1.113072e+03 
 3.606735e-01  2.181714e+02  4.472492e+02  6.526504e+02  1.097044e+03 
 3.657011e-01  2.121093e+02  4.359703e+02  6.375385e+02  1.076892e+03 
 3.707988e-01  2.072995e+02  4.269686e+02  6.254834e+02  1.059285e+03 
 3.759675e-01  2.028780e+02  4.187138e+02  6.143410e+02  1.042952e+03 
 3.812083e-01  1.982443e+02  4.104843e+02  6.033366e+02  1.027315e+03 
 3.865221e-01  1.942780e+02  4.047337e+02  5.964534e+02  1.014958e+03 
 3.919100e-01  1.902159e+02  3.953805e+02  5.825571e+02  9.970607e+02 
 3.973730e-01  1.855892e+02  3.879804e+02  5.733768e+02  9.822385e+02 
 4.029122e-01  1.819901e+02  3.823574e+02  5.654705e+02  9.673989e+02 
 4.085286e-01  1.782868e+02  3.744455e+02  5.543436e+02  9.518698e+02 
 4.142232e-01  1.737985e+02  3.654691e+02  5.428082e+02  9.381745e+02 
 4.199973e-01  1.695258e+02  3.582952e+02  5.338451e+02  9.249828e+02 
 4.258518e-01  1.661812e+02  3.520978e+02  5.249956e+02  9.094272e+02 
 4.317880e-01  1.626420e+02  3.450961e+02  5.147379e+02  8.942939e+02 
 4.378069e-01  1.595395e+02  3.390775e+02  5.062700e+02  8.802549e+02 
 4.439097e-01  1.569549e+02  3.351731e+02  5.017684e+02  8.769105e+02 
 4.500975e-01  1.527605e+02  3.274847e+02  4.912684e+02  8.613787e+02 
 4.563716e-01  1.491883e+02  3.202642e+02  4.807953e+02  8.425309e+02 
 4.627332e-01  1.469378e+02  3.172198e+02  4.776121e+02  8.395613e+02 
 4.691835e-01  1.432239e+02  3.098841e+02  4.670022e+02  8.215543e+02 
 4.757236e-01  1.405305e+02  3.047528e+02  4.601913e+02  8.114682e+02 
 4.823549e-01  1.369128e+02  2.973807e+02  4.500770e+02  7.986154e+02 
 4.890787e-01  1.340742e+02  2.919699e+02  4.427394e+02  7.869141e+02 
 4.958962e-01  1.319806e+02  2.878775e+02  4.363322e+02  7.751366e+02 
 5.028087e-01  1.291763e+02  2.830445e+02  4.298633e+02  7.659445e+02 
 5.098176e-01  1.268636e+02  2.788444e+02  4.235981e+02  7.532583e+02 
 5.169242e-01  1.247393e+02  2.748902e+02  4.184419e+02  7.464072e+02 
 5.241298e-01  1.207392e+02  2.682300e+02  4.104103e+02  7.367911e+02 
 5.314359e-01  1.186712e+02  2.649722e+02  4.058289e+02  7.295086e+02 
 5.388438e-01  1.162331e+02  2.595208e+02  3.977983e+02  7.176832e+02 
 5.463550e-01  1.142198e+02  2.555194e+02  3.917879e+02  7.078856e+02 
 5.539709e-01  1.112726e+02  2.505297e+02  3.854439e+02  6.977352e+02 
 5.616930e-01  1.093646e+02  2.468053e+02  3.801699e+02  6.896385e+02 
 5.695227e-01  1.072715e+02  2.435578e+02  3.761164e+02  6.803029e+02 
 5.774615e-01  1.048665e+02  2.380219e+02  3.681179e+02  6.693550e+02 
 5.855110e-01  1.030303e+02  2.345181e+02  3.625911e+02  6.603841e+02 
 5.936727e-01  1.007130e+02  2.291653e+02  3.554617e+02  6.498502e+02 
 6.019482e-01  9.908907e+01  2.267195e+02  3.512735e+02  6.421956e+02 
 6.103390e-01  9.680576e+01  2.228975e+02  3.462094e+02  6.327115e+02 
 6.188468e-01  9.467255e+01  2.196084e+02  3.435561e+02  6.306070e+02 
 6.274732e-01  9.316892e+01  2.156497e+02  3.368331e+02  6.202977e+02 
 6.362198e-01  9.138347e+01  2.124086e+02  3.318462e+02  6.106515e+02 
 6.450884e-01  8.930190e+01  2.088138e+02  3.269100e+02  6.019193e+02 
 6.540806e-01  8.747557e+01  2.044769e+02  3.204346e+02  5.930635e+02 
 6.631981e-01  8.561822e+01  2.017615e+02  3.175061e+02  5.870082e+02 
 6.724427e-01  8.403784e+01  1.983318e+02  3.129094e+02  5.817474e+02 
 6.818162e-01  8.229969e+01  1.948194e+02  3.065707e+02  5.704376e+02 
 6.913204e-01  8.058392e+01  1.914480e+02  3.022782e+02  5.629142e+02 
 7.009570e-01  7.946829e+01  1.886681e+02  2.982989e+02  5.558036e+02 
 7.107280e-01  7.750490e+01  1.856570e+02  2.938866e+02  5.472487e+02 
 7.206351e-01  7.635209e+01  1.829492e+02  2.903820e+02  5.429888e+02 
 7.306804e-01  7.485897e+01  1.802237e+02  2.857832e+02  5.335063e+02 
 7.408657e-01  7.323801e+01  1.768119e+02  2.808942e+02  5.269260e+02 
 7.511929e-01  7.173133e+01  1.737594e+02  2.770328e+02  5.197506e+02 
 7.616642e-01  7.035497e+01  1.707631e+02  2.728499e+02  5.136426e+02 
 7.722814e-01  6.948645e+01  1.689895e+02  2.696619e+02  5.058941e+02 
 7.830465e-01  6.805286e+01  1.659139e+02  2.654007e+02  4.993681e+02 
 7.939618e-01  6.683358e+01  1.638205e+02  2.620354e+02  4.949166e+02 
 8.050292e-01  6.540676e+01  1.609839e+02  2.587374e+02  4.884561e+02 
 8.162509e-01  6.433864e+01  1.586618e+02  2.543467e+02  4.801633e+02 
 8.276289e-01  6.281489e+01  1.557173e+02  2.505942e+02  4.743433e+02 
 8.391656e-01  6.210335e+01  1.539441e+02  2.472647e+02  4.695427e+02 
 8.508632e-01  6.097745e+01  1.513864e+02  2.439748e+02  4.632160e+02 
 8.627237e-01  5.970534e+01  1.491125e+02  2.404529e+02  4.560602e+02 
 8.747496e-01  5.863913e+01  1.467376e+02  2.370834e+02  4.502029e+02 
 8.869432e-01  5.766498e+01  1.446676e+02  2.338835e+02  4.443196e+02 
 8.993067e-01  5.655794e+01  1.424410e+02  2.304513e+02  4.381699e+02 
 9.118425e-01  5.567796e+01  1.400746e+02  2.266909e+02  4.305309e+02 
 9.245531e-01  5.450646e+01  1.377805e+02  2.232253e+02  4.259406e+02 
 9.374409e-01  5.351526e+01  1.357848e+02  2.204912e+02  4.201926e+02 
 9.505083e-01  5.266638e+01  1.337167e+02  2.173491e+02  4.142418e+02 
 9.637579e-01  5.156254e+01  1.312039e+02  2.136676e+02  4.085311e+02 
 9.771921e-01  5.095399e+01  1.304339e+02  2.114659e+02  4.028881e+02 
 9.908137e-01  5.000303e+01  1.280850e+02  2.083072e+02  3.978638e+02 
 1.004625e+00  4.906350e+01  1.257617e+02  2.047093e+02  3.911060e+02 
 1.018629e+00  4.825838e+01  1.240793e+02  2.018917e+02  3.854832e+02 
 1.032828e+00  4.738085e+01  1.222416e+02  1.994372e+02  3.816451e+02 
 1.047225e+00  4.651347e+01  1.205470e+02  1.962627e+02  3.751524e+02 
 1.061823e+00  4.582674e+01  1.189264e+02  1.935995e+02  3.696105e+02 
 1.076624e+00  4.500011e+01  1.170894e+02  1.907675e+02  3.641216e+02 
 1.091632e+00  4.424172e+01  1.152975e+02  1.880829e+02  3.585209e+02 
 1.106848e+00  4.343372e+01  1.133630e+02  1.853188e+02  3.537510e+02 
 1.122277e+00  4.270442e+01  1.118107e+02  1.823404e+02  3.480601e+02 
 1.137921e+00  4.195845e+01  1.099533e+02  1.796665e+02  3.428739e+02 
 1.153783e+00  4.131874e+01  1.082751e+02  1.769581e+02  3.379458e+02 
 1.169866e+00  4.057476e+01  1.066752e+02  1.742431e+02  3.331352e+02 
 1.186174e+00  3.986587e+01  1.051745e+02  1.717382e+02  3.278687e+02 
 1.202708e+00  3.925698e+01  1.035693e+02  1.691653e+02  3.227387e+02 
 1.219473e+00  3.860574e+01  1.020546e+02  1.667393e+02  3.173634e+02 
 1.236472e+00  3.794088e+01  1.005723e+02  1.643573e+02  3.125964e+02 
 1.253708e+00  3.734816e+01  9.896477e+01  1.617105e+02  3.081618e+02 
 1.271184e+00  3.673779e+01  9.787717e+01  1.596668e+02  3.031267e+02 
 1.288904e+00  3.613627e+01  9.601420e+01  1.569938e+02  2.988819e+02 
 1.306870e+00  3.549209e+01  9.460081e+01  1.545613e+02  2.938494e+02 
 1.325087e+00  3.497251e+01  9.322388e+01  1.522422e+02  2.889209e+02 
 1.343558e+00  3.440869e+01  9.176991e+01  1.498644e+02  2.842278e+02 
 1.362287e+00  3.389343e+01  9.029557e+01  1.473357e+02  2.796997e+02 
 1.381276e+00  3.333933e+01  8.891293e+01  1.448337e+02  2.751646e+02 
 1.400531e+00  3.280681e+01  8.755733e+01  1.426224e+02  2.701712e+02 
 1.420053e+00  3.224659e+01  8.612985e+01  1.404143e+02  2.654917e+02 
 1.439848e+00  3.174166e+01  8.483353e+01  1.380149e+02  2.611061e+02 
 1.459919e+00  3.118253e+01  8.345998e+01  1.357111e+02  2.563232e+02 
 1.480269e+00  3.074217e+01  8.201381e+01  1.333960e+02  2.514695e+02 
 1.500903e+00  3.022970e+01  8.074011e+01  1.311105e+02  2.476127e+02 
 1.521825e+00  2.974180e+01  7.956633e+01  1.290687e+02  2.430155e+02 
 1.543038e+00  2.924965e+01  7.826895e+01  1.269966e+02  2.388979e+02 
 1.564548e+00  2.882170e+01  7.699615e+01  1.247961e+02  2.344846e+02 
 1.586357e+00  2.836500e+01  7.584310e+01  1.227126e+02  2.302396e+02 
 1.608469e+00  2.789392e+01  7.465891e+01  1.206440e+02  2.263293e+02 
 1.630891e+00  2.753149e+01  7.331929e+01  1.183944e+02  2.218991e+02 
 1.653624e+00  2.705894e+01  7.211412e+01  1.165002e+02  2.181641e+02 
 1.676675e+00  2.663509e+01  7.105794e+01  1.145292e+02  2.138705e+02 
 1.700047e+00  2.619672e+01  6.987028e+01  1.124817e+02  2.099627e+02 
 1.723745e+00  2.578523e+01  6.867618e+01  1.104541e+02  2.056976e+02 
 1.747773e+00  2.535254e+01  6.748733e+01  1.084543e+02  2.017155e+02 
 1.772136e+00  2.495559e+01  6.632035e+01  1.064225e+02  1.979938e+02 
 1.796838e+00  2.457202e+01  6.519295e+01  1.045110e+02  1.940279e+02 
 1.821885e+00  2.418738e+01  6.405198e+01  1.025368e+02  1.903044e+02 
 1.847281e+00  2.380789e+01  6.303852e+01  1.007239e+02  1.865536e+02 
 1.873032e+00  2.342979e+01  6.185123e+01  9.869992e+01  1.829479e+02 
 1.899141e+00  2.303996e+01  6.074062e+01  9.690431e+01  1.792601e+02 
 1.925614e+00  2.268973e+01  5.970951e+01  9.509787e+01  1.755864e+02 
 1.952456e+00  2.239394e+01  5.869484e+01  9.330272e+01  1.720262e+02 
 1.979672e+00  2.198998e+01  5.769461e+01  9.153497e+01  1.685609e+02 
 2.007267e+00  2.167184e+01  5.662772e+01  8.968034e+01  1.652889e+02 
 2.035248e+00  2.129821e+01  5.559793e+01  8.793272e+01  1.617756e+02 
 2.063618e+00  2.096019e+01  5.457096e+01  8.625443e+01  1.583992e+02 
 2.092383e+00  2.062994e+01  5.358352e+01  8.451919e+01  1.551449e+02 
 2.121550e+00  2.028766e+01  5.256297e+01  8.280906e+01  1.518002e+02 
 2.151123e+00  1.996410e+01  5.158433e+01  8.109797e+01  1.485035e+02 
 2.181109e+00  1.963660e+01  5.059459e+01  7.947908e+01  1.453751e+02 
 2.211512e+00  1.931441e+01  4.960440e+01  7.779826e+01  1.421303e+02 
 2.242340e+00  1.900534e+01  4.866810e+01  7.619837e+01  1.390569e+02 
 2.273597e+00  1.867067e+01  4.771619e+01  7.453829e+01  1.359780e+02 
 2.305289e+00  1.838215e+01  4.677778e+01  7.300904e+01  1.330013e+02 
 2.337424e+00  1.807368e+01  4.584241e+01  7.144100e+01  1.300428e+02 
 2.370006e+00  1.777080e+01  4.494172e+01  6.994669e+01  1.272796e+02 
 2.403043e+00  1.746391e+01  4.404917e+01  6.841268e+01  1.243939e+02 
 2.436540e+00  1.718135e+01  4.318052e+01  6.695211e+01  1.216026e+02 
 2.470504e+00  1.689581e+01  4.233237e+01  6.550001e+01  1.188714e+02 
 2.504942e+00  1.661261e+01  4.149720e+01  6.409900e+01  1.162376e+02 
 2.539859e+00  1.634583e+01  4.064297e+01  6.268581e+01  1.135758e+02 
 2.575263e+00  1.605785e+01  3.980259e+01  6.136472e+01  1.110281e+02 
 2.611161e+00  1.579316e+01  3.897796e+01  5.995061e+01  1.084777e+02 
 2.647559e+00  1.552174e+01  3.815289e+01  5.858660e+01  1.059441e+02 
 2.684465e+00  1.525321e+01  3.737310e+01  5.724522e+01  1.034684e+02 
 2.721885e+00  1.497485e+01  3.654624e+01  5.595824e+01  1.010375e+02 
 2.759826e+00  1.470994e+01  3.574280e+01  5.465903e+01  9.864343e+01 
 2.798297e+00  1.444924e+01  3.498874e+01  5.340210e+01  9.636605e+01 
 2.837304e+00  1.419215e+01  3.421707e+01  5.215933e+01  9.406954e+01 
 2.876854e+00  1.393659e+01  3.345545e+01  5.094589e+01  9.184699e+01 
 2.916956e+00  1.368747e+01  3.273203e+01  4.975203e+01  8.963474e+01 
 2.957617e+00  1.344454e+01  3.201851e+01  4.860209e+01  8.752521e+01 
 2.998844e+00  1.319912e+01  3.131752e+01  4.745878e+01  8.542238e+01 
 3.040646e+00  1.296143e+01  3.061989e+01  4.634874e+01  8.343360e+01 
 3.083031e+00  1.272571e+01  2.993990e+01  4.526063e+01  8.144815e+01 
 3.126007e+00  1.249927e+01  2.927931e+01  4.419129e+01  7.950042e+01 
 3.169582e+00  1.226855e+01  2.860785e+01  4.313644e+01  7.760298e+01 
 3.213764e+00  1.204157e+01  2.796307e+01  4.210525e+01  7.573487e+01 
 3.258562e+00  1.181172e+01  2.733560e+01  4.108909e+01  7.390084e+01 
 3.303985e+00  1.158659e+01  2.669265e+01  4.009871e+01  7.210544e+01 
 3.350041e+00  1.136765e+01  2.606461e+01  3.910487e+01  7.032059e+01 
 3.396739e+00  1.114088e+01  2.545741e+01  3.815473e+01  6.859412e+01 
 3.444087e+00  1.092769e+01  2.484453e+01  3.720504e+01  6.688289e+01 
 3.492096e+00  1.071375e+01  2.426044e+01  3.629498e+01  6.524681e+01 
 3.540774e+00  1.049962e+01  2.369130e+01  3.540288e+01  6.362774e+01 
 3.590130e+00  1.029333e+01  2.312211e+01  3.451618e+01  6.206735e+01 
 3.640175e+00  1.009207e+01  2.257053e+01  3.367116e+01  6.052413e+01 
 3.690917e+00  9.886610e+00  2.203893e+01  3.282875e+01  5.903197e+01 
 3.742366e+00  9.689135e+00  2.150198e+01  3.201865e+01  5.759253e+01 
 3.794533e+00  9.496741e+00  2.099688e+01  3.123009e+01  5.616282e+01 
 3.847427e+00  9.306278e+00  2.048587e+01  3.046021e+01  5.479629e+01 
 3.901058e+00  9.113769e+00  2.000017e+01  2.970774e+01  5.343975e+01 
 3.955436e+00  8.933105e+00  1.951622e+01  2.896373e+01  5.211726e+01 
 4.010573e+00  8.745683e+00  1.903899e+01  2.824547e+01  5.083047e+01 
 4.066478e+00  8.563264e+00  1.857302e+01  2.753095e+01  4.955073e+01 
 4.123163e+00  8.381712e+00  1.811723e+01  2.683328e+01  4.830507e+01 
 4.180637e+00  8.205089e+00  1.766918e+01  2.615201e+01  4.707919e+01 
 4.238913e+00  8.028554e+00  1.722440e+01  2.548482e+01  4.589761e+01 
 4.298001e+00  7.852184e+00  1.679514e+01  2.483696e+01  4.472892e+01 
 4.357913e+00  7.686275e+00  1.637577e+01  2.420544e+01  4.360324e+01 
 4.418660e+00  7.517702e+00  1.596716e+01  2.358596e+01  4.250413e+01 
 4.480254e+00  7.352127e+00  1.556684e+01  2.298322e+01  4.142727e+01 
 4.542706e+00  7.192101e+00  1.517363e+01  2.239477e+01  4.037676e+01 
 4.606029e+00  7.034081e+00  1.479879e+01  2.182815e+01  3.936598e+01 
 4.670234e+00  6.879234e+00  1.442858e+01  2.127984e+01  3.838223e+01 
 4.735335e+00  6.728073e+00  1.407082e+01  2.074062e+01  3.741684e+01 
 4.801343e+00  6.581568e+00  1.372225e+01  2.021792e+01  3.647273e+01 
 4.868271e+00  6.435741e+00  1.337927e+01  1.970560e+01  3.555671e+01 
 4.936132e+00  6.292715e+00  1.304347e+01  1.920783e+01  3.466232e+01 
 5.004939e+00  6.151160e+00  1.271669e+01  1.871823e+01  3.378349e+01 
 5.074705e+00  6.010598e+00  1.239407e+01  1.823763e+01  3.292542e+01 
 5.145444e+00  5.873439e+00  1.208022e+01  1.776775e+01  3.208617e+01 
 5.217169e+00  5.737209e+00  1.177006e+01  1.730940e+01  3.125718e+01 
 5.289893e+00  5.605662e+00  1.146985e+01  1.686443e+01  3.045299e+01 
 5.363631e+00  5.474476e+00  1.117622e+01  1.642433e+01  2.966953e+01 
 5.438397e+00  5.347308e+00  1.088966e+01  1.599966e+01  2.890212e+01 
 5.514206e+00  5.222267e+00  1.061065e+01  1.558626e+01  2.815783e+01 
 5.591071e+00  5.098791e+00  1.034105e+01  1.518243e+01  2.743474e+01 
 5.669007e+00  4.980856e+00  1.007623e+01  1.479339e+01  2.672925e+01 
 5.748030e+00  4.864192e+00  9.820568e+00  1.441295e+01  2.604211e+01 
 5.828155e+00  4.750830e+00  9.571699e+00  1.404422e+01  2.537535e+01 
 5.909396e+00  4.639931e+00  9.329087e+00  1.368490e+01  2.472944e+01 
 5.991770e+00  4.531273e+00  9.092567e+00  1.333522e+01  2.409756e+01 
 6.075292e+00  4.425531e+00  8.863772e+00  1.299540e+01  2.348205e+01 
 6.159978e+00  4.321340e+00  8.639866e+00  1.266345e+01  2.288185e+01 
 6.245845e+00  4.219175e+00  8.420399e+00  1.233868e+01  2.229109e+01 
 6.332908e+00  4.117999e+00  8.203834e+00  1.201866e+01  2.171306e+01 
 6.421186e+00  4.019769e+00  7.993504e+00  1.170562e+01  2.114634e+01 
 6.510694e+00  3.922570e+00  7.787046e+00  1.140183e+01  2.059305e+01 
 6.601449e+00  3.828076e+00  7.586490e+00  1.110411e+01  2.005440e+01 
 6.693470e+00  3.735456e+00  7.389880e+00  1.081289e+01  1.952696e+01 
 6.786773e+00  3.644679e+00  7.199667e+00  1.052999e+01  1.901365e+01 
 6.881377e+00  3.556717e+00  7.013807e+00  1.025542e+01  1.851282e+01 
 6.977300e+00  3.470886e+00  6.833857e+00  9.989084e+00  1.802798e+01 
 7.074559e+00  3.387307e+00  6.658253e+00  9.728705e+00  1.755500e+01 
 7.173175e+00  3.305678e+00  6.488319e+00  9.477031e+00  1.709685e+01 
 7.273165e+00  3.226603e+00  6.323520e+00  9.232503e+00  1.665020e+01 
 7.374549e+00  3.149439e+00  6.162497e+00  8.993770e+00  1.621686e+01 
 7.477346e+00  3.074062e+00  6.006941e+00  8.763786e+00  1.579582e+01 
 7.581576e+00  3.001156e+00  5.854260e+00  8.537972e+00  1.538467e+01 
 7.687260e+00  2.929539e+00  5.705962e+00  8.318111e+00  1.498413e+01 
 7.794416e+00  2.859139e+00  5.560717e+00  8.101759e+00  1.459135e+01 
 7.903066e+00  2.790279e+00  5.418129e+00  7.890205e+00  1.420533e+01 
 8.013230e+00  2.722812e+00  5.279224e+00  7.684981e+00  1.382897e+01 
 8.124930e+00  2.656546e+00  5.143413e+00  7.483201e+00  1.346023e+01 
 8.238187e+00  2.592124e+00  5.010381e+00  7.286195e+00  1.310155e+01 
 8.353023e+00  2.529056e+00  4.881256e+00  7.094680e+00  1.275115e+01 
 8.469460e+00  2.467805e+00  4.755547e+00  6.908223e+00  1.241051e+01 
 8.587519e+00  2.408127e+00  4.633094e+00  6.727074e+00  1.207930e+01 
 8.707225e+00  2.350104e+00  4.513921e+00  6.551066e+00  1.175719e+01 
 8.828599e+00  2.293719e+00  4.399045e+00  6.379868e+00  1.144391e+01 
 8.951665e+00  2.238796e+00  4.287117e+00  6.213907e+00  1.114060e+01 
 9.076446e+00  2.185615e+00  4.178729e+00  6.053452e+00  1.084640e+01 
 9.202967e+00  2.133956e+00  4.073201e+00  5.897100e+00  1.055982e+01 
 9.331251e+00  2.083665e+00  3.970477e+00  5.745035e+00  1.028155e+01 
 9.461324e+00  0.000000e+00  0.000000e+00  0.000000e+00  0.000000e+00 
 9.593209e+00  0.000000e+00  0.000000e+00  0.000000e+00  0.000000e+00 
 9.726934e+00  0.000000e+00  0.000000e+00  0.000000e+00  0.000000e+00 
 9.862522e+00  0.000000e+00  0.000000e+00  0.000000e+00  0.000000e+00 
 1.000000e+01  0.000000e+00  0.000000e+00  0.000000e+00  0.000000e+00 
