 1.000000e-02  5.402406e+03  9.851856e+03  1.333292e+04  1.990142e+04 
 1.013939e-02  5.432060e+03  9.905780e+03  1.340569e+04  2.000965e+04 
 1.028073e-02  5.461265e+03  9.958899e+03  1.347730e+04  2.011622e+04 
 1.042404e-02  5.489996e+03  1.001116e+04  1.354773e+04  2.022107e+04 
 1.056935e-02  5.518254e+03  1.006255e+04  1.361701e+04  2.032413e+04 
 1.071668e-02  5.546011e+03  1.011301e+04  1.368510e+04  2.042536e+04 
 1.086606e-02  5.573245e+03  1.016247e+04  1.375188e+04  2.052461e+04 
 1.101753e-02  5.599942e+03  1.021087e+04  1.381732e+04  2.062182e+04 
 1.117111e-02  5.626080e+03  1.025825e+04  1.388138e+04  2.071689e+04 
 1.132683e-02  5.651637e+03  1.030462e+04  1.394399e+04  2.080976e+04 
 1.148472e-02  5.676593e+03  1.034998e+04  1.400511e+04  2.090043e+04 
 1.164481e-02  5.700958e+03  1.039421e+04  1.406475e+04  2.098890e+04 
 1.180713e-02  5.724701e+03  1.043727e+04  1.412283e+04  2.107511e+04 
 1.197171e-02  5.747782e+03  1.047912e+04  1.417925e+04  2.115893e+04 
 1.213859e-02  5.770168e+03  1.051972e+04  1.423393e+04  2.124015e+04 
 1.230780e-02  5.791854e+03  1.055904e+04  1.428690e+04  2.131871e+04 
 1.247936e-02  5.812839e+03  1.059706e+04  1.433810e+04  2.139463e+04 
 1.265332e-02  5.833096e+03  1.063376e+04  1.438752e+04  2.146784e+04 
 1.282970e-02  5.852609e+03  1.066906e+04  1.443510e+04  2.153820e+04 
 1.300854e-02  5.871318e+03  1.070294e+04  1.448072e+04  2.160568e+04 
 1.318987e-02  5.889226e+03  1.073533e+04  1.452431e+04  2.167022e+04 
 1.337373e-02  5.906343e+03  1.076629e+04  1.456595e+04  2.173180e+04 
 1.356015e-02  5.922641e+03  1.079572e+04  1.460554e+04  2.179033e+04 
 1.374917e-02  5.938050e+03  1.082356e+04  1.464295e+04  2.184560e+04 
 1.394083e-02  5.952571e+03  1.084975e+04  1.467820e+04  2.189750e+04 
 1.413516e-02  5.966184e+03  1.087431e+04  1.471124e+04  2.194603e+04 
 1.433219e-02  5.978879e+03  1.089718e+04  1.474199e+04  2.199108e+04 
 1.453198e-02  5.990639e+03  1.091832e+04  1.477037e+04  2.203268e+04 
 1.473454e-02  6.001450e+03  1.093773e+04  1.479632e+04  2.207079e+04 
 1.493993e-02  6.011283e+03  1.095536e+04  1.481981e+04  2.210535e+04 
 1.514819e-02  6.020151e+03  1.097126e+04  1.484100e+04  2.213642e+04 
 1.535935e-02  6.028004e+03  1.098529e+04  1.485973e+04  2.216378e+04 
 1.557345e-02  6.034812e+03  1.099741e+04  1.487587e+04  2.218724e+04 
 1.579053e-02  6.040558e+03  1.100761e+04  1.488946e+04  2.220671e+04 
 1.601064e-02  6.045208e+03  1.101583e+04  1.490038e+04  2.222216e+04 
 1.623382e-02  6.048772e+03  1.102205e+04  1.490848e+04  2.223358e+04 
 1.646012e-02  6.051226e+03  1.102620e+04  1.491378e+04  2.224091e+04 
 1.668956e-02  6.052527e+03  1.102828e+04  1.491629e+04  2.224408e+04 
 1.692220e-02  6.052678e+03  1.102826e+04  1.491601e+04  2.224305e+04 
 1.715809e-02  6.051659e+03  1.102612e+04  1.491287e+04  2.223769e+04 
 1.739726e-02  6.049442e+03  1.102179e+04  1.490676e+04  2.222781e+04 
 1.763977e-02  6.046029e+03  1.101525e+04  1.489764e+04  2.221341e+04 
 1.788566e-02  6.041408e+03  1.100650e+04  1.488552e+04  2.219453e+04 
 1.813498e-02  6.035525e+03  1.099546e+04  1.487032e+04  2.217103e+04 
 1.838777e-02  6.028381e+03  1.098214e+04  1.485200e+04  2.214291e+04 
 1.864409e-02  6.020009e+03  1.096657e+04  1.483065e+04  2.211035e+04 
 1.890397e-02  6.010366e+03  1.094870e+04  1.480614e+04  2.207312e+04 
 1.916748e-02  5.999420e+03  1.092844e+04  1.477843e+04  2.203110e+04 
 1.943467e-02  5.987175e+03  1.090580e+04  1.474751e+04  2.198423e+04 
 1.970558e-02  5.973634e+03  1.088079e+04  1.471339e+04  2.193253e+04 
 1.998026e-02  5.958788e+03  1.085340e+04  1.467604e+04  2.187595e+04 
 2.025878e-02  5.942631e+03  1.082362e+04  1.463545e+04  2.181454e+04 
 2.054117e-02  5.925157e+03  1.079142e+04  1.459159e+04  2.174843e+04 
 2.082751e-02  5.906346e+03  1.075682e+04  1.454445e+04  2.167751e+04 
 2.111783e-02  5.886206e+03  1.071979e+04  1.449403e+04  2.160165e+04 
 2.141220e-02  5.864811e+03  1.068042e+04  1.444046e+04  2.152075e+04 
 2.171068e-02  5.842630e+03  1.063937e+04  1.438437e+04  2.143546e+04 
 2.201331e-02  5.819141e+03  1.059597e+04  1.432507e+04  2.134544e+04 
 2.232016e-02  5.794332e+03  1.055017e+04  1.426251e+04  2.125065e+04 
 2.263130e-02  5.768199e+03  1.050195e+04  1.419667e+04  2.115096e+04 
 2.294676e-02  5.740759e+03  1.045134e+04  1.412760e+04  2.104635e+04 
 2.326663e-02  5.712011e+03  1.039834e+04  1.405530e+04  2.093692e+04 
 2.359095e-02  5.681978e+03  1.034297e+04  1.397983e+04  2.082281e+04 
 2.391980e-02  5.650672e+03  1.028529e+04  1.390121e+04  2.070404e+04 
 2.425323e-02  5.618099e+03  1.022533e+04  1.381949e+04  2.058065e+04 
 2.459130e-02  5.584283e+03  1.016311e+04  1.373471e+04  2.045268e+04 
 2.493409e-02  5.549239e+03  1.009865e+04  1.364693e+04  2.032018e+04 
 2.528166e-02  5.512997e+03  1.003201e+04  1.355621e+04  2.018334e+04 
 2.563407e-02  5.475586e+03  9.963223e+03  1.346259e+04  2.004218e+04 
 2.599140e-02  5.437012e+03  9.892330e+03  1.336610e+04  1.989674e+04 
 2.635371e-02  5.397310e+03  9.819356e+03  1.326683e+04  1.974719e+04 
 2.672106e-02  5.356507e+03  9.744409e+03  1.316485e+04  1.959361e+04 
 2.709354e-02  5.314634e+03  9.667525e+03  1.306027e+04  1.943615e+04 
 2.747121e-02  5.271738e+03  9.588799e+03  1.295320e+04  1.927495e+04 
 2.785414e-02  5.227793e+03  9.508174e+03  1.284359e+04  1.911004e+04 
 2.824241e-02  5.182564e+03  9.425309e+03  1.273106e+04  1.894107e+04 
 2.863610e-02  5.136439e+03  9.340804e+03  1.261632e+04  1.876877e+04 
 2.903527e-02  5.089448e+03  9.254730e+03  1.249945e+04  1.859333e+04 
 2.944000e-02  5.041643e+03  9.167170e+03  1.238059e+04  1.841489e+04 
 2.985038e-02  4.993062e+03  9.078208e+03  1.225986e+04  1.823368e+04 
 3.026648e-02  4.943762e+03  8.987961e+03  1.213738e+04  1.804990e+04 
 3.068838e-02  4.893809e+03  8.896533e+03  1.201330e+04  1.786373e+04 
 3.111616e-02  4.843262e+03  8.804022e+03  1.188774e+04  1.767536e+04 
 3.154990e-02  4.792178e+03  8.710516e+03  1.176086e+04  1.748505e+04 
 3.198969e-02  4.740605e+03  8.616120e+03  1.163279e+04  1.729299e+04 
 3.243561e-02  4.688596e+03  8.520953e+03  1.150368e+04  1.709940e+04 
 3.288774e-02  4.636226e+03  8.425129e+03  1.137369e+04  1.690446e+04 
 3.334618e-02  4.583546e+03  8.328769e+03  1.124295e+04  1.670844e+04 
 3.381101e-02  4.530632e+03  8.231986e+03  1.111167e+04  1.651160e+04 
 3.428231e-02  4.477562e+03  8.134905e+03  1.097999e+04  1.631421e+04 
 3.476019e-02  4.424279e+03  8.037742e+03  1.084856e+04  1.611818e+04 
 3.524473e-02  4.370946e+03  7.940519e+03  1.071703e+04  1.592209e+04 
 3.573602e-02  4.317642e+03  7.843364e+03  1.058558e+04  1.572607e+04 
 3.623416e-02  4.264445e+03  7.746383e+03  1.045438e+04  1.553044e+04 
 3.673925e-02  4.211424e+03  7.649709e+03  1.032362e+04  1.533544e+04 
 3.725137e-02  4.158634e+03  7.553456e+03  1.019343e+04  1.514131e+04 
 3.777064e-02  4.106137e+03  7.457764e+03  1.006398e+04  1.494827e+04 
 3.829714e-02  4.054004e+03  7.362743e+03  9.935418e+03  1.475656e+04 
 3.883098e-02  4.002314e+03  7.268512e+03  9.807938e+03  1.456644e+04 
 3.937226e-02  3.951126e+03  7.175186e+03  9.681667e+03  1.437814e+04 
 3.992109e-02  3.900492e+03  7.082868e+03  9.556772e+03  1.419186e+04 
 4.047757e-02  3.850452e+03  6.991617e+03  9.433280e+03  1.400758e+04 
 4.104181e-02  3.800860e+03  6.900609e+03  9.309484e+03  1.382102e+04 
 4.161391e-02  3.752001e+03  6.810920e+03  9.187471e+03  1.363715e+04 
 4.219398e-02  3.703924e+03  6.722653e+03  9.067394e+03  1.345615e+04 
 4.278214e-02  3.656675e+03  6.635904e+03  8.949357e+03  1.327824e+04 
 4.337850e-02  3.610296e+03  6.550750e+03  8.833492e+03  1.310355e+04 
 4.398317e-02  3.564826e+03  6.467261e+03  8.719864e+03  1.293223e+04 
 4.459628e-02  3.520295e+03  6.385486e+03  8.608569e+03  1.276439e+04 
 4.521792e-02  3.476740e+03  6.305488e+03  8.499673e+03  1.260014e+04 
 4.584824e-02  3.434191e+03  6.227309e+03  8.393244e+03  1.243958e+04 
 4.648734e-02  3.392663e+03  6.150998e+03  8.289327e+03  1.228277e+04 
 4.713535e-02  3.352344e+03  6.077653e+03  8.190250e+03  1.213537e+04 
 4.779239e-02  3.313161e+03  6.006853e+03  8.095112e+03  1.199513e+04 
 4.845859e-02  3.275019e+03  5.937940e+03  8.002520e+03  1.185863e+04 
 4.913407e-02  3.237929e+03  5.870919e+03  7.912443e+03  1.172591e+04 
 4.981898e-02  3.201870e+03  5.805773e+03  7.824860e+03  1.159690e+04 
 5.051342e-02  3.166819e+03  5.742453e+03  7.739759e+03  1.147158e+04 
 5.121755e-02  3.132750e+03  5.680917e+03  7.657070e+03  1.134981e+04 
 5.193150e-02  3.099637e+03  5.621108e+03  7.576714e+03  1.123150e+04 
 5.265540e-02  3.067452e+03  5.562974e+03  7.498613e+03  1.111649e+04 
 5.338938e-02  3.035899e+03  5.505526e+03  7.420944e+03  1.100083e+04 
 5.413360e-02  3.004872e+03  5.448466e+03  7.343241e+03  1.088363e+04 
 5.488820e-02  2.974600e+03  5.392786e+03  7.267397e+03  1.076923e+04 
 5.565331e-02  2.945036e+03  5.338398e+03  7.193305e+03  1.065745e+04 
 5.642908e-02  2.916100e+03  5.285176e+03  7.120780e+03  1.054800e+04 
 5.721568e-02  2.887655e+03  5.232848e+03  7.049467e+03  1.044037e+04 
 5.801323e-02  2.859582e+03  5.181176e+03  6.979044e+03  1.033407e+04 
 5.882190e-02  2.831932e+03  5.130260e+03  6.909657e+03  1.022933e+04 
 5.964185e-02  2.805036e+03  5.081050e+03  6.842914e+03  1.012951e+04 
 6.047322e-02  2.779171e+03  5.034658e+03  6.780943e+03  1.003942e+04 
 6.131619e-02  2.753456e+03  4.988545e+03  6.719347e+03  9.949874e+03 
 6.217090e-02  2.727490e+03  4.941973e+03  6.657124e+03  9.859416e+03 
 6.303753e-02  2.700951e+03  4.894343e+03  6.593468e+03  9.766843e+03 
 6.391624e-02  2.673823e+03  4.845646e+03  6.528384e+03  9.672138e+03 
 6.480720e-02  2.646180e+03  4.795997e+03  6.462026e+03  9.575563e+03 
 6.571058e-02  2.618075e+03  4.745500e+03  6.394538e+03  9.477300e+03 
 6.662655e-02  2.588195e+03  4.689863e+03  6.318071e+03  9.360041e+03 
 6.755528e-02  2.557572e+03  4.632839e+03  6.239684e+03  9.239813e+03 
 6.849697e-02  2.526093e+03  4.574291e+03  6.159242e+03  9.116597e+03 
 6.945178e-02  2.493683e+03  4.514070e+03  6.076562e+03  8.990130e+03 
 7.041990e-02  2.460288e+03  4.452082e+03  5.991522e+03  8.860243e+03 
 7.140151e-02  2.425864e+03  4.388226e+03  5.904022e+03  8.726767e+03 
 7.239681e-02  2.390629e+03  4.323174e+03  5.815267e+03  8.592573e+03 
 7.340598e-02  2.354598e+03  4.257014e+03  5.725426e+03  8.458118e+03 
 7.442922e-02  2.317429e+03  4.188821e+03  5.632850e+03  8.319663e+03 
 7.546673e-02  2.279138e+03  4.118615e+03  5.537578e+03  8.177273e+03 
 7.651869e-02  2.239752e+03  4.046446e+03  5.439693e+03  8.031049e+03 
 7.758532e-02  2.199318e+03  3.972401e+03  5.339305e+03  7.881156e+03 
 7.866682e-02  2.158766e+03  3.899309e+03  5.241379e+03  7.737838e+03 
 7.976339e-02  2.118699e+03  3.828988e+03  5.149050e+03  7.607473e+03 
 8.087525e-02  2.077783e+03  3.757073e+03  5.054516e+03  7.473729e+03 
 8.200261e-02  2.036141e+03  3.683787e+03  4.958083e+03  7.336998e+03 
 8.314568e-02  1.993916e+03  3.609386e+03  4.860084e+03  7.197752e+03 
 8.430468e-02  1.951259e+03  3.534141e+03  4.760881e+03  7.056550e+03 
 8.547985e-02  1.907502e+03  3.455593e+03  4.655970e+03  6.903913e+03 
 8.667139e-02  1.863298e+03  3.375621e+03  4.548558e+03  6.746157e+03 
 8.787954e-02  1.819250e+03  3.295934e+03  4.441527e+03  6.588889e+03 
 8.910453e-02  1.775556e+03  3.216883e+03  4.335362e+03  6.432821e+03 
 9.034660e-02  1.732411e+03  3.138825e+03  4.230506e+03  6.278672e+03 
 9.160598e-02  1.690710e+03  3.064343e+03  4.131325e+03  6.134965e+03 
 9.288292e-02  1.650562e+03  2.993514e+03  4.037830e+03  6.001423e+03 
 9.417766e-02  1.611490e+03  2.924574e+03  3.946836e+03  5.871355e+03 
 9.549045e-02  1.573667e+03  2.857821e+03  3.858739e+03  5.745399e+03 
 9.682153e-02  1.537258e+03  2.793558e+03  3.773918e+03  5.624169e+03 
 9.817117e-02  1.502688e+03  2.733025e+03  3.694482e+03  5.511793e+03 
 9.953962e-02  1.469872e+03  2.675785e+03  3.619586e+03  5.406345e+03 
 1.009272e-01  1.438787e+03  2.621642e+03  3.548802e+03  5.306813e+03 
 1.023340e-01  1.409517e+03  2.570744e+03  3.482317e+03  5.213514e+03 
 1.037605e-01  1.381437e+03  2.521162e+03  3.416835e+03  5.119956e+03 
 1.052069e-01  1.352749e+03  2.467488e+03  3.343162e+03  5.008050e+03 
 1.066734e-01  1.325955e+03  2.417317e+03  3.274265e+03  4.903342e+03 
 1.081604e-01  1.300990e+03  2.370554e+03  3.209988e+03  4.805577e+03 
 1.096681e-01  1.277753e+03  2.326985e+03  3.150054e+03  4.714348e+03 
 1.111968e-01  1.256448e+03  2.287320e+03  3.095636e+03  4.631291e+03 
 1.127468e-01  1.236598e+03  2.250343e+03  3.044877e+03  4.553747e+03 
 1.143184e-01  1.217988e+03  2.215682e+03  2.997247e+03  4.480913e+03 
 1.159120e-01  1.200417e+03  2.182940e+03  2.952232e+03  4.411983e+03 
 1.175277e-01  1.184578e+03  2.154307e+03  2.913583e+03  4.354156e+03 
 1.191660e-01  1.169365e+03  2.126903e+03  2.876676e+03  4.299087e+03 
 1.208271e-01  1.154447e+03  2.100040e+03  2.840511e+03  4.245143e+03 
 1.225114e-01  1.139547e+03  2.073163e+03  2.804328e+03  4.191254e+03 
 1.242191e-01  1.124054e+03  2.044992e+03  2.766374e+03  4.135329e+03 
 1.259506e-01  1.108115e+03  2.016049e+03  2.727343e+03  4.077784e+03 
 1.277063e-01  1.091538e+03  1.985907e+03  2.686710e+03  4.017856e+03 
 1.294865e-01  1.074437e+03  1.954950e+03  2.645002e+03  3.955932e+03 
 1.312915e-01  1.056690e+03  1.923024e+03  2.601989e+03  3.891585e+03 
 1.331216e-01  1.037849e+03  1.889087e+03  2.556219e+03  3.823156e+03 
 1.349772e-01  1.017886e+03  1.853123e+03  2.507745e+03  3.750842e+03 
 1.368587e-01  9.979308e+02  1.819114e+03  2.464123e+03  3.692001e+03 
 1.387665e-01  9.768436e+02  1.782968e+03  2.417538e+03  3.628525e+03 
 1.407008e-01  9.547355e+02  1.744864e+03  2.368213e+03  3.560769e+03 
 1.426621e-01  9.326105e+02  1.706962e+03  2.318943e+03  3.491580e+03 
 1.446507e-01  9.100716e+02  1.668313e+03  2.268504e+03  3.420002e+03 
 1.466671e-01  8.870750e+02  1.628705e+03  2.216684e+03  3.346133e+03 
 1.487115e-01  8.618818e+02  1.583159e+03  2.155548e+03  3.256380e+03 
 1.507845e-01  8.355180e+02  1.534234e+03  2.088969e+03  3.157163e+03 
 1.528864e-01  8.096931e+02  1.486311e+03  2.023748e+03  3.059947e+03 
 1.550175e-01  7.866169e+02  1.445452e+03  1.969697e+03  2.982557e+03 
 1.571784e-01  7.658873e+02  1.410249e+03  1.924371e+03  2.920261e+03 
 1.593694e-01  7.462950e+02  1.376986e+03  1.881598e+03  2.861503e+03 
 1.615909e-01  7.285549e+02  1.347413e+03  1.843899e+03  2.810285e+03 
 1.638434e-01  7.124701e+02  1.320938e+03  1.810393e+03  2.765219e+03 
 1.661273e-01  6.978625e+02  1.297064e+03  1.780349e+03  2.725185e+03 
 1.684430e-01  6.814965e+02  1.267175e+03  1.740251e+03  2.667138e+03 
 1.707910e-01  6.662541e+02  1.239029e+03  1.702308e+03  2.611960e+03 
 1.731717e-01  6.529226e+02  1.214803e+03  1.669903e+03  2.565181e+03 
 1.755856e-01  6.428848e+02  1.198206e+03  1.648657e+03  2.535479e+03 
 1.780332e-01  6.337775e+02  1.183297e+03  1.629704e+03  2.509216e+03 
 1.805149e-01  6.235400e+02  1.164061e+03  1.602928e+03  2.467245e+03 
 1.830312e-01  6.126416e+02  1.142281e+03  1.571542e+03  2.416062e+03 
 1.855825e-01  6.019720e+02  1.121213e+03  1.541462e+03  2.367683e+03 
 1.881694e-01  5.916702e+02  1.102441e+03  1.516408e+03  2.331477e+03 
 1.907924e-01  5.809946e+02  1.082959e+03  1.490373e+03  2.293666e+03 
 1.934520e-01  5.692067e+02  1.061162e+03  1.461181e+03  2.252066e+03 
 1.961486e-01  5.565305e+02  1.037627e+03  1.429598e+03  2.207009e+03 
 1.988828e-01  5.443259e+02  1.015711e+03  1.400478e+03  2.165413e+03 
 2.016551e-01  5.331316e+02  9.967361e+02  1.375744e+03  2.130042e+03 
 2.044661e-01  5.210268e+02  9.757575e+02  1.348020e+03  2.089705e+03 
 2.073162e-01  5.073933e+02  9.503835e+02  1.313041e+03  2.036275e+03 
 2.102061e-01  4.934136e+02  9.243523e+02  1.277150e+03  1.981431e+03 
 2.131362e-01  4.832189e+02  9.097620e+02  1.260119e+03  1.959745e+03 
 2.161073e-01  4.732581e+02  8.956552e+02  1.243802e+03  1.939222e+03 
 2.191197e-01  4.605157e+02  8.739888e+02  1.216162e+03  1.902597e+03 
 2.221741e-01  4.476940e+02  8.515708e+02  1.187205e+03  1.864018e+03 
 2.252711e-01  4.362197e+02  8.321935e+02  1.162724e+03  1.831953e+03 
 2.284112e-01  4.258627e+02  8.150279e+02  1.141331e+03  1.804389e+03 
 2.315951e-01  4.168670e+02  7.994677e+02  1.120619e+03  1.773296e+03 
 2.348235e-01  4.089606e+02  7.856150e+02  1.101740e+03  1.743479e+03 
 2.380968e-01  3.997982e+02  7.680226e+02  1.077273e+03  1.706224e+03 
 2.414157e-01  3.908339e+02  7.504765e+02  1.052780e+03  1.669252e+03 
 2.447809e-01  3.819109e+02  7.334508e+02  1.029509e+03  1.634265e+03 
 2.481930e-01  3.733970e+02  7.173077e+02  1.007524e+03  1.601249e+03 
 2.516527e-01  3.683182e+02  7.090151e+02  9.965505e+02  1.584546e+03 
 2.551606e-01  3.621227e+02  6.981266e+02  9.818886e+02  1.562573e+03 
 2.587174e-01  3.526327e+02  6.795288e+02  9.562959e+02  1.525153e+03 
 2.623238e-01  3.445917e+02  6.648711e+02  9.366657e+02  1.496961e+03 
 2.659804e-01  3.380746e+02  6.543801e+02  9.233449e+02  1.478526e+03 
 2.696881e-01  3.294095e+02  6.387725e+02  9.024715e+02  1.447435e+03 
 2.734474e-01  3.200742e+02  6.216125e+02  8.793294e+02  1.412628e+03 
 2.772591e-01  3.130408e+02  6.103251e+02  8.654920e+02  1.395340e+03 
 2.811239e-01  3.055906e+02  5.973192e+02  8.495395e+02  1.375786e+03 
 2.850426e-01  2.977706e+02  5.834303e+02  8.313378e+02  1.354271e+03 
 2.890160e-01  2.907534e+02  5.717572e+02  8.164855e+02  1.333355e+03 
 2.930447e-01  2.842378e+02  5.607114e+02  8.018080e+02  1.310586e+03 
 2.971296e-01  2.780838e+02  5.487156e+02  7.838444e+02  1.279601e+03 
 3.012714e-01  2.725527e+02  5.393210e+02  7.715066e+02  1.261488e+03 
 3.054710e-01  2.671327e+02  5.304657e+02  7.606212e+02  1.247401e+03 
 3.097291e-01  2.606119e+02  5.186319e+02  7.452542e+02  1.226857e+03 
 3.140465e-01  2.546979e+02  5.068378e+02  7.283233e+02  1.199084e+03 
 3.184242e-01  2.494524e+02  4.965044e+02  7.134407e+02  1.174482e+03 
 3.228628e-01  2.452718e+02  4.897196e+02  7.050543e+02  1.164454e+03 
 3.273634e-01  2.392839e+02  4.778383e+02  6.880801e+02  1.137404e+03 
 3.319266e-01  2.330843e+02  4.659843e+02  6.718153e+02  1.113153e+03 
 3.365535e-01  2.271750e+02  4.556285e+02  6.586413e+02  1.095888e+03 
 3.412449e-01  2.230769e+02  4.502428e+02  6.522513e+02  1.085677e+03 
 3.460016e-01  2.185733e+02  4.429970e+02  6.429781e+02  1.072678e+03 
 3.508247e-01  2.141676e+02  4.352498e+02  6.327191e+02  1.057873e+03 
 3.557150e-01  2.099029e+02  4.274292e+02  6.222027e+02  1.042014e+03 
 3.606735e-01  2.049985e+02  4.187996e+02  6.109505e+02  1.026276e+03 
 3.657011e-01  1.991400e+02  4.078647e+02  5.961461e+02  1.005982e+03 
 3.707988e-01  1.944726e+02  3.993776e+02  5.842311e+02  9.884732e+02 
 3.759675e-01  1.902200e+02  3.910380e+02  5.733221e+02  9.723206e+02 
 3.812083e-01  1.858317e+02  3.831827e+02  5.627664e+02  9.570629e+02 
 3.865221e-01  1.821128e+02  3.777084e+02  5.563151e+02  9.461738e+02 
 3.919100e-01  1.783271e+02  3.690492e+02  5.432583e+02  9.284772e+02 
 3.973730e-01  1.740065e+02  3.619772e+02  5.344794e+02  9.146695e+02 
 4.029122e-01  1.705649e+02  3.566235e+02  5.270856e+02  9.010908e+02 
 4.085286e-01  1.670922e+02  3.492642e+02  5.166187e+02  8.862019e+02 
 4.142232e-01  1.628840e+02  3.408037e+02  5.055362e+02  8.726360e+02 
 4.199973e-01  1.587930e+02  3.338527e+02  4.967941e+02  8.599472e+02 
 4.258518e-01  1.555454e+02  3.278811e+02  4.883239e+02  8.452767e+02 
 4.317880e-01  1.521028e+02  3.211962e+02  4.785066e+02  8.303919e+02 
 4.378069e-01  1.490982e+02  3.153337e+02  4.702271e+02  8.167862e+02 
 4.439097e-01  1.465837e+02  3.114907e+02  4.656936e+02  8.128381e+02 
 4.500975e-01  1.426260e+02  3.041965e+02  4.557498e+02  7.981457e+02 
 4.563716e-01  1.392883e+02  2.974237e+02  4.459472e+02  7.806638e+02 
 4.627332e-01  1.371311e+02  2.944928e+02  4.428693e+02  7.778966e+02 
 4.691835e-01  1.336387e+02  2.876097e+02  4.329636e+02  7.612015e+02 
 4.757236e-01  1.311090e+02  2.827668e+02  4.264494e+02  7.514529e+02 
 4.823549e-01  1.276911e+02  2.758419e+02  4.167940e+02  7.386948e+02 
 4.890787e-01  1.249934e+02  2.706628e+02  4.097835e+02  7.276681e+02 
 4.958962e-01  1.229578e+02  2.667609e+02  4.037448e+02  7.165614e+02 
 5.028087e-01  1.202349e+02  2.620979e+02  3.974864e+02  7.075431e+02 
 5.098176e-01  1.180172e+02  2.580788e+02  3.916492e+02  6.960054e+02 
 5.169242e-01  1.159768e+02  2.542950e+02  3.866312e+02  6.893603e+02 
 5.241298e-01  1.122034e+02  2.479105e+02  3.788181e+02  6.798708e+02 
 5.314359e-01  1.102296e+02  2.448591e+02  3.746566e+02  6.732356e+02 
 5.388438e-01  1.079304e+02  2.397626e+02  3.670821e+02  6.617937e+02 
 5.463550e-01  1.060106e+02  2.360103e+02  3.614970e+02  6.525550e+02 
 5.539709e-01  1.032003e+02  2.311414e+02  3.553117e+02  6.429092e+02 
 5.616930e-01  1.013784e+02  2.276367e+02  3.503568e+02  6.354134e+02 
 5.695227e-01  9.938008e+01  2.244356e+02  3.464106e+02  6.270392e+02 
 5.774615e-01  9.713371e+01  2.193035e+02  3.388677e+02  6.163856e+02 
 5.855110e-01  9.539032e+01  2.160676e+02  3.338642e+02  6.079966e+02 
 5.936727e-01  9.319671e+01  2.110686e+02  3.270227e+02  5.978714e+02 
 6.019482e-01  9.162774e+01  2.087140e+02  3.231905e+02  5.907767e+02 
 6.103390e-01  8.946088e+01  2.050426e+02  3.183982e+02  5.822350e+02 
 6.188468e-01  8.746449e+01  2.017917e+02  3.155440e+02  5.802477e+02 
 6.274732e-01  8.602776e+01  1.981572e+02  3.093347e+02  5.702084e+02 
 6.362198e-01  8.430815e+01  1.951578e+02  3.048574e+02  5.615227e+02 
 6.450884e-01  8.234132e+01  1.916856e+02  3.001109e+02  5.533751e+02 
 6.540806e-01  8.064323e+01  1.876736e+02  2.940769e+02  5.447706e+02 
 6.631981e-01  7.887315e+01  1.849781e+02  2.911919e+02  5.394981e+02 
 6.724427e-01  7.738571e+01  1.817877e+02  2.867873e+02  5.342375e+02 
 6.818162e-01  7.573255e+01  1.785801e+02  2.811423e+02  5.238517e+02 
 6.913204e-01  7.412190e+01  1.753817e+02  2.770510e+02  5.169151e+02 
 7.009570e-01  7.307127e+01  1.728327e+02  2.733290e+02  5.104124e+02 
 7.107280e-01  7.120782e+01  1.699312e+02  2.692516e+02  5.025804e+02 
 7.206351e-01  7.011232e+01  1.673963e+02  2.658750e+02  4.985047e+02 
 7.306804e-01  6.868806e+01  1.648591e+02  2.617166e+02  4.898772e+02 
 7.408657e-01  6.717193e+01  1.616607e+02  2.571345e+02  4.835484e+02 
 7.511929e-01  6.574558e+01  1.587618e+02  2.533960e+02  4.770989e+02 
 7.616642e-01  6.447253e+01  1.559587e+02  2.494630e+02  4.711650e+02 
 7.722814e-01  6.361338e+01  1.543575e+02  2.466574e+02  4.644276e+02 
 7.830465e-01  6.228063e+01  1.514543e+02  2.426066e+02  4.584303e+02 
 7.939618e-01  6.112018e+01  1.494875e+02  2.395120e+02  4.540004e+02 
 8.050292e-01  5.977734e+01  1.467786e+02  2.363244e+02  4.481807e+02 
 8.162509e-01  5.874650e+01  1.446651e+02  2.324233e+02  4.404963e+02 
 8.276289e-01  5.732795e+01  1.418636e+02  2.287980e+02  4.350745e+02 
 8.391656e-01  5.662594e+01  1.402678e+02  2.257781e+02  4.305501e+02 
 8.508632e-01  5.560333e+01  1.379005e+02  2.227245e+02  4.248764e+02 
 8.627237e-01  5.438766e+01  1.357597e+02  2.194960e+02  4.183805e+02 
 8.747496e-01  5.339852e+01  1.335294e+02  2.163272e+02  4.130176e+02 
 8.869432e-01  5.247414e+01  1.316310e+02  2.134362e+02  4.077807e+02 
 8.993067e-01  5.142616e+01  1.295686e+02  2.102864e+02  4.020937e+02 
 9.118425e-01  5.061559e+01  1.274022e+02  2.068293e+02  3.951421e+02 
 9.245531e-01  4.951695e+01  1.252810e+02  2.036359e+02  3.908173e+02 
 9.374409e-01  4.857771e+01  1.233938e+02  2.010697e+02  3.856838e+02 
 9.505083e-01  4.776752e+01  1.214887e+02  1.981994e+02  3.802960e+02 
 9.637579e-01  4.675094e+01  1.191696e+02  1.947597e+02  3.749361e+02 
 9.771921e-01  4.614155e+01  1.184707e+02  1.929240e+02  3.699687e+02 
 9.908137e-01  4.525158e+01  1.162968e+02  1.899191e+02  3.653192e+02 
 1.004625e+00  4.438616e+01  1.141879e+02  1.866729e+02  3.591911e+02 
 1.018629e+00  4.364309e+01  1.126285e+02  1.841370e+02  3.541148e+02 
 1.032828e+00  4.281918e+01  1.108987e+02  1.817990e+02  3.505890e+02 
 1.047225e+00  4.199952e+01  1.093479e+02  1.789996e+02  3.446919e+02 
 1.061823e+00  4.135202e+01  1.079006e+02  1.766149e+02  3.398033e+02 
 1.076624e+00  4.058760e+01  1.062062e+02  1.740305e+02  3.348432e+02 
 1.091632e+00  3.989596e+01  1.045383e+02  1.716111e+02  3.298673e+02 
 1.106848e+00  3.913804e+01  1.027766e+02  1.690213e+02  3.254755e+02 
 1.122277e+00  3.844717e+01  1.013538e+02  1.663472e+02  3.202493e+02 
 1.137921e+00  3.775046e+01  9.965424e+01  1.638715e+02  3.155578e+02 
 1.153783e+00  3.714515e+01  9.812744e+01  1.614125e+02  3.111172e+02 
 1.169866e+00  3.647777e+01  9.667369e+01  1.589951e+02  3.067603e+02 
 1.186174e+00  3.581095e+01  9.527985e+01  1.566980e+02  3.019564e+02 
 1.202708e+00  3.522970e+01  9.380803e+01  1.543820e+02  2.973453e+02 
 1.219473e+00  3.463368e+01  9.243639e+01  1.521956e+02  2.925199e+02 
 1.236472e+00  3.401804e+01  9.105563e+01  1.500250e+02  2.883021e+02 
 1.253708e+00  3.345771e+01  8.961270e+01  1.476004e+02  2.841817e+02 
 1.271184e+00  3.289707e+01  8.858796e+01  1.458254e+02  2.797122e+02 
 1.288904e+00  3.233619e+01  8.692605e+01  1.433165e+02  2.757941e+02 
 1.306870e+00  3.175387e+01  8.561205e+01  1.411614e+02  2.713049e+02 
 1.325087e+00  3.127387e+01  8.438238e+01  1.390847e+02  2.668355e+02 
 1.343558e+00  3.074862e+01  8.307328e+01  1.369462e+02  2.626195e+02 
 1.362287e+00  3.026853e+01  8.175091e+01  1.346700e+02  2.584409e+02 
 1.381276e+00  2.974918e+01  8.051581e+01  1.323975e+02  2.542845e+02 
 1.400531e+00  2.926623e+01  7.927807e+01  1.304182e+02  2.498261e+02 
 1.420053e+00  2.874918e+01  7.796475e+01  1.284179e+02  2.456411e+02 
 1.439848e+00  2.828469e+01  7.682149e+01  1.262489e+02  2.416387e+02 
 1.459919e+00  2.777446e+01  7.557192e+01  1.241995e+02  2.373156e+02 
 1.480269e+00  2.737241e+01  7.426502e+01  1.220704e+02  2.329290e+02 
 1.500903e+00  2.690356e+01  7.311700e+01  1.200250e+02  2.293730e+02 
 1.521825e+00  2.644904e+01  7.205283e+01  1.181870e+02  2.252569e+02 
 1.543038e+00  2.599623e+01  7.087884e+01  1.163200e+02  2.215653e+02 
 1.564548e+00  2.560648e+01  6.974048e+01  1.143477e+02  2.175387e+02 
 1.586357e+00  2.519217e+01  6.870354e+01  1.124868e+02  2.136769e+02 
 1.608469e+00  2.475938e+01  6.762751e+01  1.106404e+02  2.101357e+02 
 1.630891e+00  2.443194e+01  6.642934e+01  1.085961e+02  2.061040e+02 
 1.653624e+00  2.400038e+01  6.535239e+01  1.068837e+02  2.027373e+02 
 1.676675e+00  2.361064e+01  6.440699e+01  1.051405e+02  1.988673e+02 
 1.700047e+00  2.321830e+01  6.334677e+01  1.032988e+02  1.952951e+02 
 1.723745e+00  2.285142e+01  6.226442e+01  1.014800e+02  1.914103e+02 
 1.747773e+00  2.245524e+01  6.119194e+01  9.965452e+01  1.878232e+02 
 1.772136e+00  2.209265e+01  6.016416e+01  9.784276e+01  1.844169e+02 
 1.796838e+00  2.174147e+01  5.913768e+01  9.610808e+01  1.808279e+02 
 1.821885e+00  2.140472e+01  5.811420e+01  9.432064e+01  1.774053e+02 
 1.847281e+00  2.105101e+01  5.720763e+01  9.270409e+01  1.739691e+02 
 1.873032e+00  2.071049e+01  5.616091e+01  9.085637e+01  1.706501e+02 
 1.899141e+00  2.036084e+01  5.514608e+01  8.922863e+01  1.673065e+02 
 1.925614e+00  2.004475e+01  5.421858e+01  8.760219e+01  1.639325e+02 
 1.952456e+00  1.977263e+01  5.332334e+01  8.599927e+01  1.606596e+02 
 1.979672e+00  1.941130e+01  5.242798e+01  8.441429e+01  1.575163e+02 
 2.007267e+00  1.912773e+01  5.149004e+01  8.272936e+01  1.544741e+02 
 2.035248e+00  1.879434e+01  5.054896e+01  8.114653e+01  1.512803e+02 
 2.063618e+00  1.849295e+01  4.962900e+01  7.961750e+01  1.481837e+02 
 2.092383e+00  1.820021e+01  4.874166e+01  7.804949e+01  1.451808e+02 
 2.121550e+00  1.789288e+01  4.783042e+01  7.651459e+01  1.421142e+02 
 2.151123e+00  1.760595e+01  4.695420e+01  7.496534e+01  1.390835e+02 
 2.181109e+00  1.731242e+01  4.606173e+01  7.348757e+01  1.362184e+02 
 2.211512e+00  1.702698e+01  4.516857e+01  7.195086e+01  1.331942e+02 
 2.242340e+00  1.674835e+01  4.434399e+01  7.050842e+01  1.303695e+02 
 2.273597e+00  1.645177e+01  4.348682e+01  6.899424e+01  1.275303e+02 
 2.305289e+00  1.619690e+01  4.264156e+01  6.759841e+01  1.247841e+02 
 2.337424e+00  1.592422e+01  4.180098e+01  6.616463e+01  1.220660e+02 
 2.370006e+00  1.565151e+01  4.098187e+01  6.479979e+01  1.194771e+02 
 2.403043e+00  1.537672e+01  4.018150e+01  6.339677e+01  1.168022e+02 
 2.436540e+00  1.512938e+01  3.940575e+01  6.207119e+01  1.142148e+02 
 2.470504e+00  1.487636e+01  3.863953e+01  6.073679e+01  1.116739e+02 
 2.504942e+00  1.462795e+01  3.789070e+01  5.946592e+01  1.092242e+02 
 2.539859e+00  1.439260e+01  3.712391e+01  5.817256e+01  1.067588e+02 
 2.575263e+00  1.413789e+01  3.636471e+01  5.696085e+01  1.044109e+02 
 2.611161e+00  1.390526e+01  3.562484e+01  5.567163e+01  1.020480e+02 
 2.647559e+00  1.366613e+01  3.488504e+01  5.441887e+01  9.967575e+01 
 2.684465e+00  1.343082e+01  3.418319e+01  5.319983e+01  9.737065e+01 
 2.721885e+00  1.318551e+01  3.343418e+01  5.200940e+01  9.510782e+01 
 2.759826e+00  1.295485e+01  3.270985e+01  5.081080e+01  9.288621e+01 
 2.798297e+00  1.272378e+01  3.202601e+01  4.965899e+01  9.075518e+01 
 2.837304e+00  1.249849e+01  3.133107e+01  4.851474e+01  8.860801e+01 
 2.876854e+00  1.227280e+01  3.064282e+01  4.739106e+01  8.652424e+01 
 2.916956e+00  1.205422e+01  2.998529e+01  4.629168e+01  8.444152e+01 
 2.957617e+00  1.184170e+01  2.933964e+01  4.523256e+01  8.245761e+01 
 2.998844e+00  1.162694e+01  2.870275e+01  4.417475e+01  8.049082e+01 
 3.040646e+00  1.141806e+01  2.806930e+01  4.314382e+01  7.862859e+01 
 3.083031e+00  1.121278e+01  2.744866e+01  4.213782e+01  7.676237e+01 
 3.126007e+00  1.101465e+01  2.685221e+01  4.115404e+01  7.492975e+01 
 3.169582e+00  1.081275e+01  2.624389e+01  4.017220e+01  7.315140e+01 
 3.213764e+00  1.061489e+01  2.565865e+01  3.922084e+01  7.140123e+01 
 3.258562e+00  1.041425e+01  2.508638e+01  3.828317e+01  6.967628e+01 
 3.303985e+00  1.021835e+01  2.450174e+01  3.736124e+01  6.798592e+01 
 3.350041e+00  1.002665e+01  2.392957e+01  3.644059e+01  6.631362e+01 
 3.396739e+00  9.830430e+00  2.337447e+01  3.555887e+01  6.467456e+01 
 3.444087e+00  9.643340e+00  2.281805e+01  3.466957e+01  6.306688e+01 
 3.492096e+00  9.457063e+00  2.228493e+01  3.382337e+01  6.152345e+01 
 3.540774e+00  9.268368e+00  2.176350e+01  3.299262e+01  5.999815e+01 
 3.590130e+00  9.088412e+00  2.124121e+01  3.216578e+01  5.851844e+01 
 3.640175e+00  8.912737e+00  2.073749e+01  3.137725e+01  5.706052e+01 
 3.690917e+00  8.733790e+00  2.025116e+01  3.059042e+01  5.564594e+01 
 3.742366e+00  8.560629e+00  1.975816e+01  2.983312e+01  5.428516e+01 
 3.794533e+00  8.393341e+00  1.929408e+01  2.909638e+01  5.293721e+01 
 3.847427e+00  8.226379e+00  1.882747e+01  2.837466e+01  5.164132e+01 
 3.901058e+00  8.059061e+00  1.838064e+01  2.767424e+01  5.035993e+01 
 3.955436e+00  7.901397e+00  1.793745e+01  2.697669e+01  4.910601e+01 
 4.010573e+00  7.738431e+00  1.750133e+01  2.630777e+01  4.789249e+01 
 4.066478e+00  7.579261e+00  1.707070e+01  2.564040e+01  4.668461e+01 
 4.123163e+00  7.420581e+00  1.665388e+01  2.498840e+01  4.550434e+01 
 4.180637e+00  7.266341e+00  1.624217e+01  2.435274e+01  4.434548e+01 
 4.238913e+00  7.112268e+00  1.583361e+01  2.372684e+01  4.322544e+01 
 4.298001e+00  6.957805e+00  1.543808e+01  2.312015e+01  4.211946e+01 
 4.357913e+00  6.812544e+00  1.505011e+01  2.252862e+01  4.105339e+01 
 4.418660e+00  6.665022e+00  1.467552e+01  2.194757e+01  4.001158e+01 
 4.480254e+00  6.519975e+00  1.430518e+01  2.138342e+01  3.899196e+01 
 4.542706e+00  6.380063e+00  1.394315e+01  2.083183e+01  3.799683e+01 
 4.606029e+00  6.241450e+00  1.359652e+01  2.030105e+01  3.704005e+01 
 4.670234e+00  6.105405e+00  1.325530e+01  1.978653e+01  3.610631e+01 
 4.735335e+00  5.972885e+00  1.292444e+01  1.928108e+01  3.519192e+01 
 4.801343e+00  5.844651e+00  1.260373e+01  1.879184e+01  3.429958e+01 
 4.868271e+00  5.716800e+00  1.228774e+01  1.831316e+01  3.343346e+01 
 4.936132e+00  5.591263e+00  1.197878e+01  1.784684e+01  3.258877e+01 
 5.004939e+00  5.467178e+00  1.167794e+01  1.739006e+01  3.175979e+01 
 5.074705e+00  5.343852e+00  1.138106e+01  1.694085e+01  3.094946e+01 
 5.145444e+00  5.223792e+00  1.109132e+01  1.650337e+01  3.015720e+01 
 5.217169e+00  5.104185e+00  1.080607e+01  1.607339e+01  2.937291e+01 
 5.289893e+00  4.988717e+00  1.052941e+01  1.565888e+01  2.861708e+01 
 5.363631e+00  4.872822e+00  1.025888e+01  1.524803e+01  2.787597e+01 
 5.438397e+00  4.760987e+00  9.994224e+00  1.485117e+01  2.715073e+01 
 5.514206e+00  4.650808e+00  9.737182e+00  1.446530e+01  2.644897e+01 
 5.591071e+00  4.542029e+00  9.488139e+00  1.408874e+01  2.576590e+01 
 5.669007e+00  4.437932e+00  9.244004e+00  1.372488e+01  2.510174e+01 
 5.748030e+00  4.335003e+00  9.008514e+00  1.336922e+01  2.445292e+01 
 5.828155e+00  4.234713e+00  8.779243e+00  1.302534e+01  2.382434e+01 
 5.909396e+00  4.136772e+00  8.555942e+00  1.269094e+01  2.321559e+01 
 5.991770e+00  4.040814e+00  8.338181e+00  1.236466e+01  2.262133e+01 
 6.075292e+00  3.947494e+00  8.127745e+00  1.204869e+01  2.204152e+01 
 6.159978e+00  3.855652e+00  7.922054e+00  1.174049e+01  2.147795e+01 
 6.245845e+00  3.765449e+00  7.720545e+00  1.143883e+01  2.092407e+01 
 6.332908e+00  3.676307e+00  7.522084e+00  1.114197e+01  2.038039e+01 
 6.421186e+00  3.589460e+00  7.328863e+00  1.085167e+01  1.984882e+01 
 6.510694e+00  3.503458e+00  7.139507e+00  1.056922e+01  1.932993e+01 
 6.601449e+00  3.419868e+00  6.955361e+00  1.029324e+01  1.882360e+01 
 6.693470e+00  3.337456e+00  6.774760e+00  1.002286e+01  1.832837e+01 
 6.786773e+00  3.257099e+00  6.599794e+00  9.760273e+00  1.784669e+01 
 6.881377e+00  3.179072e+00  6.429416e+00  9.505271e+00  1.737626e+01 
 6.977300e+00  3.102779e+00  6.264069e+00  9.258386e+00  1.692070e+01 
 7.074559e+00  3.028673e+00  6.102805e+00  9.016584e+00  1.647655e+01 
 7.173175e+00  2.956075e+00  5.946811e+00  8.782933e+00  1.604618e+01 
 7.273165e+00  2.885791e+00  5.795355e+00  8.556573e+00  1.562723e+01 
 7.374549e+00  2.817158e+00  5.647739e+00  8.335230e+00  1.522079e+01 
 7.477346e+00  2.750143e+00  5.505002e+00  8.122027e+00  1.482538e+01 
 7.581576e+00  2.685292e+00  5.365191e+00  7.913101e+00  1.444022e+01 
 7.687260e+00  2.621622e+00  5.229575e+00  7.709787e+00  1.406532e+01 
 7.794416e+00  2.559233e+00  5.096764e+00  7.510051e+00  1.369755e+01 
 7.903066e+00  2.498051e+00  4.966206e+00  7.314575e+00  1.333635e+01 
 8.013230e+00  2.437972e+00  4.839235e+00  7.124927e+00  1.298419e+01 
 8.124930e+00  2.379042e+00  4.714553e+00  6.938481e+00  1.263906e+01 
 8.238187e+00  2.321657e+00  4.592847e+00  6.756050e+00  1.230275e+01 
 8.353023e+00  2.265446e+00  4.474550e+00  6.578886e+00  1.197438e+01 
 8.469460e+00  2.210814e+00  4.359424e+00  6.406405e+00  1.165489e+01 
 8.587519e+00  2.157561e+00  4.247243e+00  6.238484e+00  1.134408e+01 
 8.707225e+00  2.105753e+00  4.138327e+00  6.075344e+00  1.104194e+01 
 8.828599e+00  2.055414e+00  4.032904e+00  5.916894e+00  1.074777e+01 
 8.951665e+00  2.006323e+00  3.930132e+00  5.763055e+00  1.046298e+01 
 9.076446e+00  1.958797e+00  3.830688e+00  5.614211e+00  1.018662e+01 
 9.202967e+00  1.912594e+00  3.734260e+00  5.469474e+00  9.917712e+00 
 9.331251e+00  1.867626e+00  3.640297e+00  5.328606e+00  9.656437e+00 
 9.461324e+00  0.000000e+00  0.000000e+00  0.000000e+00  0.000000e+00 
 9.593209e+00  0.000000e+00  0.000000e+00  0.000000e+00  0.000000e+00 
 9.726934e+00  0.000000e+00  0.000000e+00  0.000000e+00  0.000000e+00 
 9.862522e+00  0.000000e+00  0.000000e+00  0.000000e+00  0.000000e+00 
 1.000000e+01  0.000000e+00  0.000000e+00  0.000000e+00  0.000000e+00 
