 1.000000e-02  5.668992e+03  1.030243e+04  1.389968e+04  2.061108e+04 
 1.013939e-02  5.698615e+03  1.035609e+04  1.397196e+04  2.071765e+04 
 1.028073e-02  5.727724e+03  1.040882e+04  1.404296e+04  2.082238e+04 
 1.042404e-02  5.756308e+03  1.046061e+04  1.411264e+04  2.092521e+04 
 1.056935e-02  5.784352e+03  1.051138e+04  1.418091e+04  2.102598e+04 
 1.071668e-02  5.811847e+03  1.056115e+04  1.424784e+04  2.112473e+04 
 1.086606e-02  5.838784e+03  1.060992e+04  1.431343e+04  2.122150e+04 
 1.101753e-02  5.865122e+03  1.065759e+04  1.437763e+04  2.131601e+04 
 1.117111e-02  5.890786e+03  1.070403e+04  1.444018e+04  2.140800e+04 
 1.132683e-02  5.915789e+03  1.074927e+04  1.450104e+04  2.149758e+04 
 1.148472e-02  5.940233e+03  1.079348e+04  1.456045e+04  2.158504e+04 
 1.164481e-02  5.964125e+03  1.083669e+04  1.461851e+04  2.167048e+04 
 1.180713e-02  5.987502e+03  1.087893e+04  1.467532e+04  2.175404e+04 
 1.197171e-02  6.010192e+03  1.091993e+04  1.473048e+04  2.183516e+04 
 1.213859e-02  6.031895e+03  1.095913e+04  1.478318e+04  2.191265e+04 
 1.230780e-02  6.052650e+03  1.099659e+04  1.483351e+04  2.198662e+04 
 1.247936e-02  6.072629e+03  1.103264e+04  1.488194e+04  2.205772e+04 
 1.265332e-02  6.091834e+03  1.106728e+04  1.492846e+04  2.212592e+04 
 1.282970e-02  6.110224e+03  1.110045e+04  1.497301e+04  2.219111e+04 
 1.300854e-02  6.127766e+03  1.113207e+04  1.501548e+04  2.225328e+04 
 1.318987e-02  6.144438e+03  1.116209e+04  1.505576e+04  2.231231e+04 
 1.337373e-02  6.160207e+03  1.119048e+04  1.509375e+04  2.236807e+04 
 1.356015e-02  6.175068e+03  1.121721e+04  1.512950e+04  2.242050e+04 
 1.374917e-02  6.189014e+03  1.124226e+04  1.516303e+04  2.246950e+04 
 1.394083e-02  6.202004e+03  1.126557e+04  1.519429e+04  2.251489e+04 
 1.413516e-02  6.214021e+03  1.128710e+04  1.522319e+04  2.255667e+04 
 1.433219e-02  6.225042e+03  1.130683e+04  1.524959e+04  2.259487e+04 
 1.453198e-02  6.235056e+03  1.132473e+04  1.527348e+04  2.262949e+04 
 1.473454e-02  6.244081e+03  1.134082e+04  1.529493e+04  2.266051e+04 
 1.493993e-02  6.252053e+03  1.135498e+04  1.531378e+04  2.268770e+04 
 1.514819e-02  6.258871e+03  1.136707e+04  1.532981e+04  2.271076e+04 
 1.535935e-02  6.264510e+03  1.137702e+04  1.534298e+04  2.272941e+04 
 1.557345e-02  6.269036e+03  1.138494e+04  1.535343e+04  2.274396e+04 
 1.579053e-02  6.272501e+03  1.139094e+04  1.536123e+04  2.275481e+04 
 1.601064e-02  6.274946e+03  1.139508e+04  1.536652e+04  2.276201e+04 
 1.623382e-02  6.276287e+03  1.139720e+04  1.536915e+04  2.276503e+04 
 1.646012e-02  6.276416e+03  1.139711e+04  1.536878e+04  2.276347e+04 
 1.668956e-02  6.275322e+03  1.139479e+04  1.536541e+04  2.275748e+04 
 1.692220e-02  6.273026e+03  1.139031e+04  1.535907e+04  2.274727e+04 
 1.715809e-02  6.269524e+03  1.138361e+04  1.534974e+04  2.273272e+04 
 1.739726e-02  6.264771e+03  1.137463e+04  1.533738e+04  2.271354e+04 
 1.763977e-02  6.258759e+03  1.136338e+04  1.532194e+04  2.268963e+04 
 1.788566e-02  6.251469e+03  1.134982e+04  1.530336e+04  2.266107e+04 
 1.813498e-02  6.242887e+03  1.133389e+04  1.528161e+04  2.262791e+04 
 1.838777e-02  6.233039e+03  1.131568e+04  1.525675e+04  2.259025e+04 
 1.864409e-02  6.221931e+03  1.129518e+04  1.522881e+04  2.254805e+04 
 1.890397e-02  6.209554e+03  1.127232e+04  1.519773e+04  2.250114e+04 
 1.916748e-02  6.195848e+03  1.124706e+04  1.516338e+04  2.244931e+04 
 1.943467e-02  6.180761e+03  1.121930e+04  1.512565e+04  2.239234e+04 
 1.970558e-02  6.164304e+03  1.118905e+04  1.508457e+04  2.233039e+04 
 1.998026e-02  6.146507e+03  1.115638e+04  1.504022e+04  2.226366e+04 
 2.025878e-02  6.127372e+03  1.112127e+04  1.499259e+04  2.219214e+04 
 2.054117e-02  6.106899e+03  1.108372e+04  1.494166e+04  2.211577e+04 
 2.082751e-02  6.085073e+03  1.104370e+04  1.488740e+04  2.203447e+04 
 2.111783e-02  6.061899e+03  1.100124e+04  1.482983e+04  2.194833e+04 
 2.141220e-02  6.037465e+03  1.095647e+04  1.476912e+04  2.185745e+04 
 2.171068e-02  6.012229e+03  1.091000e+04  1.470587e+04  2.176217e+04 
 2.201331e-02  5.985662e+03  1.086109e+04  1.463933e+04  2.166189e+04 
 2.232016e-02  5.957772e+03  1.080976e+04  1.456952e+04  2.155669e+04 
 2.263130e-02  5.928572e+03  1.075606e+04  1.449650e+04  2.144672e+04 
 2.294676e-02  5.898071e+03  1.070001e+04  1.442031e+04  2.133213e+04 
 2.326663e-02  5.866292e+03  1.064163e+04  1.434100e+04  2.121293e+04 
 2.359095e-02  5.833247e+03  1.058095e+04  1.425857e+04  2.108914e+04 
 2.391980e-02  5.798956e+03  1.051799e+04  1.417308e+04  2.096081e+04 
 2.425323e-02  5.763426e+03  1.045278e+04  1.408456e+04  2.082797e+04 
 2.459130e-02  5.726670e+03  1.038537e+04  1.399304e+04  2.069073e+04 
 2.493409e-02  5.688728e+03  1.031582e+04  1.389866e+04  2.054920e+04 
 2.528166e-02  5.649615e+03  1.024413e+04  1.380141e+04  2.040346e+04 
 2.563407e-02  5.609366e+03  1.017040e+04  1.370139e+04  2.025360e+04 
 2.599140e-02  5.568015e+03  1.009464e+04  1.359866e+04  2.009974e+04 
 2.635371e-02  5.525580e+03  1.001692e+04  1.349329e+04  1.994198e+04 
 2.672106e-02  5.482104e+03  9.937311e+03  1.338539e+04  1.978045e+04 
 2.709354e-02  5.437627e+03  9.855917e+03  1.327501e+04  1.961534e+04 
 2.747121e-02  5.392197e+03  9.772785e+03  1.316233e+04  1.944679e+04 
 2.785414e-02  5.345787e+03  9.687896e+03  1.304732e+04  1.927483e+04 
 2.824241e-02  5.298161e+03  9.600909e+03  1.292959e+04  1.909909e+04 
 2.863610e-02  5.249701e+03  9.512401e+03  1.280982e+04  1.892035e+04 
 2.903527e-02  5.200460e+03  9.422481e+03  1.268814e+04  1.873880e+04 
 2.944000e-02  5.150498e+03  9.331235e+03  1.256470e+04  1.855464e+04 
 2.985038e-02  5.099868e+03  9.238813e+03  1.243963e+04  1.836808e+04 
 3.026648e-02  5.048616e+03  9.145288e+03  1.231306e+04  1.817931e+04 
 3.068838e-02  4.996808e+03  9.050731e+03  1.218513e+04  1.798852e+04 
 3.111616e-02  4.944495e+03  8.955246e+03  1.205598e+04  1.779594e+04 
 3.154990e-02  4.891741e+03  8.858977e+03  1.192576e+04  1.760178e+04 
 3.198969e-02  4.838618e+03  8.762054e+03  1.179465e+04  1.740631e+04 
 3.243561e-02  4.785177e+03  8.664588e+03  1.166279e+04  1.720974e+04 
 3.288774e-02  4.731490e+03  8.566657e+03  1.153032e+04  1.701226e+04 
 3.334618e-02  4.677609e+03  8.468372e+03  1.139742e+04  1.681409e+04 
 3.381101e-02  4.623606e+03  8.369858e+03  1.126418e+04  1.661549e+04 
 3.428231e-02  4.569541e+03  8.271230e+03  1.113081e+04  1.641668e+04 
 3.476019e-02  4.515302e+03  8.172630e+03  1.099782e+04  1.621953e+04 
 3.524473e-02  4.461152e+03  8.074210e+03  1.086507e+04  1.602272e+04 
 3.573602e-02  4.407151e+03  7.976064e+03  1.073272e+04  1.582644e+04 
 3.623416e-02  4.353360e+03  7.878313e+03  1.060087e+04  1.563093e+04 
 3.673925e-02  4.299847e+03  7.781060e+03  1.046970e+04  1.543640e+04 
 3.725137e-02  4.246679e+03  7.684425e+03  1.033935e+04  1.524310e+04 
 3.777064e-02  4.193928e+03  7.588528e+03  1.020999e+04  1.505125e+04 
 3.829714e-02  4.141642e+03  7.493482e+03  1.008176e+04  1.486109e+04 
 3.883098e-02  4.089888e+03  7.399409e+03  9.954853e+03  1.467283e+04 
 3.937226e-02  4.038720e+03  7.306414e+03  9.829396e+03  1.448669e+04 
 3.992109e-02  3.988196e+03  7.214581e+03  9.705480e+03  1.430285e+04 
 4.047757e-02  3.938355e+03  7.123938e+03  9.583126e+03  1.412119e+04 
 4.104181e-02  3.888982e+03  7.033449e+03  9.460270e+03  1.393679e+04 
 4.161391e-02  3.840409e+03  6.944417e+03  9.339379e+03  1.375526e+04 
 4.219398e-02  3.792678e+03  6.856907e+03  9.220547e+03  1.357679e+04 
 4.278214e-02  3.745819e+03  6.771001e+03  9.103862e+03  1.340152e+04 
 4.337850e-02  3.699869e+03  6.686772e+03  8.989427e+03  1.322959e+04 
 4.398317e-02  3.654864e+03  6.604252e+03  8.877301e+03  1.306109e+04 
 4.459628e-02  3.610835e+03  6.523492e+03  8.767559e+03  1.289611e+04 
 4.521792e-02  3.567794e+03  6.444512e+03  8.660225e+03  1.273471e+04 
 4.584824e-02  3.525752e+03  6.367347e+03  8.555334e+03  1.257693e+04 
 4.648734e-02  3.484710e+03  6.292015e+03  8.452889e+03  1.242279e+04 
 4.713535e-02  3.444893e+03  6.219752e+03  8.355461e+03  1.227836e+04 
 4.779239e-02  3.406203e+03  6.150058e+03  8.262010e+03  1.214117e+04 
 4.845859e-02  3.368508e+03  6.082152e+03  8.170963e+03  1.200750e+04 
 4.913407e-02  3.331801e+03  6.015986e+03  8.082260e+03  1.187730e+04 
 4.981898e-02  3.296048e+03  5.951528e+03  7.995843e+03  1.175049e+04 
 5.051342e-02  3.261211e+03  5.888745e+03  7.911655e+03  1.162695e+04 
 5.121755e-02  3.227243e+03  5.827553e+03  7.829593e+03  1.150656e+04 
 5.193150e-02  3.194104e+03  5.767852e+03  7.749539e+03  1.138911e+04 
 5.265540e-02  3.161744e+03  5.709524e+03  7.671348e+03  1.127438e+04 
 5.338938e-02  3.129844e+03  5.651519e+03  7.593096e+03  1.115826e+04 
 5.413360e-02  3.098305e+03  5.593574e+03  7.514320e+03  1.103978e+04 
 5.488820e-02  3.067334e+03  5.536684e+03  7.436939e+03  1.092343e+04 
 5.565331e-02  3.036754e+03  5.480514e+03  7.360519e+03  1.080853e+04 
 5.642908e-02  3.006499e+03  5.424934e+03  7.284918e+03  1.069487e+04 
 5.721568e-02  2.976822e+03  5.370396e+03  7.210715e+03  1.058330e+04 
 5.801323e-02  2.947937e+03  5.317292e+03  7.138446e+03  1.047465e+04 
 5.882190e-02  2.919498e+03  5.264995e+03  7.067272e+03  1.036764e+04 
 5.964185e-02  2.891069e+03  5.213093e+03  6.997040e+03  1.026311e+04 
 6.047322e-02  2.862673e+03  5.162334e+03  6.929453e+03  1.016540e+04 
 6.131619e-02  2.833722e+03  5.110561e+03  6.860508e+03  1.006570e+04 
 6.217090e-02  2.804382e+03  5.058075e+03  6.790593e+03  9.964595e+03 
 6.303753e-02  2.774742e+03  5.005042e+03  6.719921e+03  9.862428e+03 
 6.391624e-02  2.744666e+03  4.951212e+03  6.648191e+03  9.758719e+03 
 6.480720e-02  2.713970e+03  4.896258e+03  6.574952e+03  9.652808e+03 
 6.571058e-02  2.682481e+03  4.839860e+03  6.499787e+03  9.544069e+03 
 6.662655e-02  2.648887e+03  4.777632e+03  6.414671e+03  9.414939e+03 
 6.755528e-02  2.614353e+03  4.713666e+03  6.327172e+03  9.282200e+03 
 6.849697e-02  2.578875e+03  4.648000e+03  6.237406e+03  9.146208e+03 
 6.945178e-02  2.542403e+03  4.580545e+03  6.145277e+03  9.006815e+03 
 7.041990e-02  2.504880e+03  4.511231e+03  6.050667e+03  8.863876e+03 
 7.140151e-02  2.466273e+03  4.439990e+03  5.953517e+03  8.717302e+03 
 7.239681e-02  2.426876e+03  4.367653e+03  5.855316e+03  8.570507e+03 
 7.340598e-02  2.386754e+03  4.294398e+03  5.756364e+03  8.424141e+03 
 7.442922e-02  2.345586e+03  4.219264e+03  5.654911e+03  8.274168e+03 
 7.546673e-02  2.303430e+03  4.142363e+03  5.551099e+03  8.120800e+03 
 7.651869e-02  2.260355e+03  4.063831e+03  5.445106e+03  7.964291e+03 
 7.758532e-02  2.216453e+03  3.983830e+03  5.337153e+03  7.804964e+03 
 7.866682e-02  2.172756e+03  3.905467e+03  5.232650e+03  7.653663e+03 
 7.976339e-02  2.129956e+03  3.830741e+03  5.135010e+03  7.517160e+03 
 8.087525e-02  2.086631e+03  3.754996e+03  5.035939e+03  7.378383e+03 
 8.200261e-02  2.042934e+03  3.678497e+03  4.935797e+03  7.237870e+03 
 8.314568e-02  1.999039e+03  3.601566e+03  4.834989e+03  7.096210e+03 
 8.430468e-02  1.955128e+03  3.524541e+03  4.733967e+03  6.954031e+03 
 8.547985e-02  1.910345e+03  3.444476e+03  4.627454e+03  6.800508e+03 
 8.667139e-02  1.865464e+03  3.363562e+03  4.519146e+03  6.642799e+03 
 8.787954e-02  1.821186e+03  3.283729e+03  4.412299e+03  6.487174e+03 
 8.910453e-02  1.777700e+03  3.205319e+03  4.307368e+03  6.334313e+03 
 9.034660e-02  1.735198e+03  3.128695e+03  4.204822e+03  6.184909e+03 
 9.160598e-02  1.694507e+03  3.056227e+03  4.108618e+03  6.046472e+03 
 9.288292e-02  1.655720e+03  2.987969e+03  4.018747e+03  5.918795e+03 
 9.417766e-02  1.618356e+03  2.922237e+03  3.932218e+03  5.795873e+03 
 9.549045e-02  1.582550e+03  2.859282e+03  3.849359e+03  5.678191e+03 
 9.682153e-02  1.548405e+03  2.799298e+03  3.770436e+03  5.566156e+03 
 9.817117e-02  1.516199e+03  2.743110e+03  3.696858e+03  5.462508e+03 
 9.953962e-02  1.485865e+03  2.690379e+03  3.627993e+03  5.365904e+03 
 1.009272e-01  1.457360e+03  2.640895e+03  3.563452e+03  5.275563e+03 
 1.023340e-01  1.430679e+03  2.594667e+03  3.503260e+03  5.191519e+03 
 1.037605e-01  1.405063e+03  2.549531e+03  3.443732e+03  5.106702e+03 
 1.052069e-01  1.378471e+03  2.499475e+03  3.374728e+03  5.001664e+03 
 1.066734e-01  1.353570e+03  2.452552e+03  3.309990e+03  4.902992e+03 
 1.081604e-01  1.330228e+03  2.408500e+03  3.249157e+03  4.810176e+03 
 1.096681e-01  1.308289e+03  2.367025e+03  3.191853e+03  4.722637e+03 
 1.111968e-01  1.288078e+03  2.329270e+03  3.139916e+03  4.643233e+03 
 1.127468e-01  1.268876e+03  2.293432e+03  3.090584e+03  4.567731e+03 
 1.143184e-01  1.250421e+03  2.258984e+03  3.043129e+03  4.495078e+03 
 1.159120e-01  1.232475e+03  2.225477e+03  2.996959e+03  4.424390e+03 
 1.175277e-01  1.216061e+03  2.196099e+03  2.957549e+03  4.366054e+03 
 1.191660e-01  1.199760e+03  2.167055e+03  2.918680e+03  4.308735e+03 
 1.208271e-01  1.183222e+03  2.137594e+03  2.879202e+03  4.250561e+03 
 1.225114e-01  1.166196e+03  2.107245e+03  2.838589e+03  4.190884e+03 
 1.242191e-01  1.148335e+03  2.075449e+03  2.796367e+03  4.130292e+03 
 1.259506e-01  1.129637e+03  2.042136e+03  2.752088e+03  4.066655e+03 
 1.277063e-01  1.109969e+03  2.007059e+03  2.705407e+03  3.999461e+03 
 1.294865e-01  1.089661e+03  1.971059e+03  2.657523e+03  3.930255e+03 
 1.312915e-01  1.068738e+03  1.934212e+03  2.608567e+03  3.859189e+03 
 1.331216e-01  1.046715e+03  1.895323e+03  2.556869e+03  3.784042e+03 
 1.349772e-01  1.023684e+03  1.854605e+03  2.502747e+03  3.705421e+03 
 1.368587e-01  1.000993e+03  1.816556e+03  2.454478e+03  3.641925e+03 
 1.387665e-01  9.775137e+02  1.776953e+03  2.403973e+03  3.574860e+03 
 1.407008e-01  9.534564e+02  1.736163e+03  2.351750e+03  3.504947e+03 
 1.426621e-01  9.298105e+02  1.696084e+03  2.300004e+03  3.433443e+03 
 1.446507e-01  9.062997e+02  1.656140e+03  2.248206e+03  3.360983e+03 
 1.466671e-01  8.829637e+02  1.616364e+03  2.196519e+03  3.288479e+03 
 1.487115e-01  8.577203e+02  1.570918e+03  2.135673e+03  3.200113e+03 
 1.507845e-01  8.316912e+02  1.522604e+03  2.069993e+03  3.103034e+03 
 1.528864e-01  8.068096e+02  1.476398e+03  2.007169e+03  3.010202e+03 
 1.550175e-01  7.850949e+02  1.437789e+03  1.955969e+03  2.936987e+03 
 1.571784e-01  7.660697e+02  1.405316e+03  1.913970e+03  2.878972e+03 
 1.593694e-01  7.484980e+02  1.375410e+03  1.875368e+03  2.825856e+03 
 1.615909e-01  7.328455e+02  1.349132e+03  1.841641e+03  2.779554e+03 
 1.638434e-01  7.188479e+02  1.325893e+03  1.811981e+03  2.739089e+03 
 1.661273e-01  7.062449e+02  1.305148e+03  1.785634e+03  2.703523e+03 
 1.684430e-01  6.914726e+02  1.277687e+03  1.748433e+03  2.649278e+03 
 1.707910e-01  6.774272e+02  1.251247e+03  1.712437e+03  2.596497e+03 
 1.731717e-01  6.649375e+02  1.228145e+03  1.681200e+03  2.551012e+03 
 1.755856e-01  6.556395e+02  1.212773e+03  1.661452e+03  2.523132e+03 
 1.780332e-01  6.466598e+02  1.197971e+03  1.642459e+03  2.496364e+03 
 1.805149e-01  6.360763e+02  1.178209e+03  1.615072e+03  2.454060e+03 
 1.830312e-01  6.243049e+02  1.155080e+03  1.582136e+03  2.401638e+03 
 1.855825e-01  6.122827e+02  1.131865e+03  1.549479e+03  2.350529e+03 
 1.881694e-01  6.005463e+02  1.111245e+03  1.522609e+03  2.313234e+03 
 1.907924e-01  5.880995e+02  1.089297e+03  1.493892e+03  2.273108e+03 
 1.934520e-01  5.745064e+02  1.065149e+03  1.462368e+03  2.230098e+03 
 1.961486e-01  5.600746e+02  1.039392e+03  1.428671e+03  2.184093e+03 
 1.988828e-01  5.462829e+02  1.015451e+03  1.397569e+03  2.141408e+03 
 2.016551e-01  5.338003e+02  9.948281e+02  1.371193e+03  2.105069e+03 
 2.044661e-01  5.207769e+02  9.727911e+02  1.342559e+03  2.064766e+03 
 2.073162e-01  5.063983e+02  9.463180e+02  1.306372e+03  2.010722e+03 
 2.102061e-01  4.922449e+02  9.202359e+02  1.270702e+03  1.957385e+03 
 2.131362e-01  4.822881e+02  9.059979e+02  1.253963e+03  1.935662e+03 
 2.161073e-01  4.730819e+02  8.932045e+02  1.239241e+03  1.916993e+03 
 2.191197e-01  4.610651e+02  8.725742e+02  1.212801e+03  1.882011e+03 
 2.221741e-01  4.491949e+02  8.515856e+02  1.185599e+03  1.846046e+03 
 2.252711e-01  4.387286e+02  8.336297e+02  1.162712e+03  1.815785e+03 
 2.284112e-01  4.293405e+02  8.177967e+02  1.142756e+03  1.789629e+03 
 2.315951e-01  4.212774e+02  8.034439e+02  1.123257e+03  1.759629e+03 
 2.348235e-01  4.140396e+02  7.902898e+02  1.104867e+03  1.729785e+03 
 2.380968e-01  4.052311e+02  7.731097e+02  1.080830e+03  1.693358e+03 
 2.414157e-01  3.961791e+02  7.552224e+02  1.055807e+03  1.655956e+03 
 2.447809e-01  3.870889e+02  7.381442e+02  1.032661e+03  1.621669e+03 
 2.481930e-01  3.779961e+02  7.212239e+02  1.009820e+03  1.587830e+03 
 2.516527e-01  3.724273e+02  7.124295e+02  9.984120e+02  1.571116e+03 
 2.551606e-01  3.655076e+02  7.006491e+02  9.828514e+02  1.548602e+03 
 2.587174e-01  3.551526e+02  6.811147e+02  9.565587e+02  1.511548e+03 
 2.623238e-01  3.463593e+02  6.656414e+02  9.362547e+02  1.483367e+03 
 2.659804e-01  3.393858e+02  6.547881e+02  9.227391e+02  1.465278e+03 
 2.696881e-01  3.302848e+02  6.387388e+02  9.014888e+02  1.434189e+03 
 2.734474e-01  3.207673e+02  6.215550e+02  8.785159e+02  1.400189e+03 
 2.772591e-01  3.137545e+02  6.103390e+02  8.648100e+02  1.383203e+03 
 2.811239e-01  3.065613e+02  5.981088e+02  8.495889e+02  1.365126e+03 
 2.850426e-01  2.990441e+02  5.843847e+02  8.321937e+02  1.345524e+03 
 2.890160e-01  2.924146e+02  5.731844e+02  8.177657e+02  1.324823e+03 
 2.930447e-01  2.863313e+02  5.626265e+02  8.034552e+02  1.302166e+03 
 2.971296e-01  2.804726e+02  5.507104e+02  7.852842e+02  1.271112e+03 
 3.012714e-01  2.751952e+02  5.416297e+02  7.732236e+02  1.253310e+03 
 3.054710e-01  2.698659e+02  5.329460e+02  7.625297e+02  1.239366e+03 
 3.097291e-01  2.632608e+02  5.211251e+02  7.473148e+02  1.219377e+03 
 3.140465e-01  2.570819e+02  5.089506e+02  7.299222e+02  1.191188e+03 
 3.184242e-01  2.514846e+02  4.980996e+02  7.144032e+02  1.165922e+03 
 3.228628e-01  2.470983e+02  4.911908e+02  7.060419e+02  1.156344e+03 
 3.273634e-01  2.407948e+02  4.789377e+02  6.887060e+02  1.129284e+03 
 3.319266e-01  2.343158e+02  4.668038e+02  6.722240e+02  1.105172e+03 
 3.365535e-01  2.282830e+02  4.564712e+02  6.592450e+02  1.088518e+03 
 3.412449e-01  2.242781e+02  4.516079e+02  6.529434e+02  1.078145e+03 
 3.460016e-01  2.198856e+02  4.441826e+02  6.438307e+02  1.065471e+03 
 3.508247e-01  2.156107e+02  4.365932e+02  6.337377e+02  1.051004e+03 
 3.557150e-01  2.114943e+02  4.289524e+02  6.233925e+02  1.035367e+03 
 3.606735e-01  2.067090e+02  4.204676e+02  6.123275e+02  1.019904e+03 
 3.657011e-01  2.008970e+02  4.096029e+02  5.977223e+02  1.000520e+03 
 3.707988e-01  1.962410e+02  4.008533e+02  5.859443e+02  9.833679e+02 
 3.759675e-01  1.919453e+02  3.928062e+02  5.750238e+02  9.673912e+02 
 3.812083e-01  1.874479e+02  3.848025e+02  5.642612e+02  9.521209e+02 
 3.865221e-01  1.836164e+02  3.792712e+02  5.575663e+02  9.401776e+02 
 3.919100e-01  1.796776e+02  3.702743e+02  5.443073e+02  9.233687e+02 
 3.973730e-01  1.752889e+02  3.632787e+02  5.355530e+02  9.092246e+02 
 4.029122e-01  1.718722e+02  3.579315e+02  5.279824e+02  8.952279e+02 
 4.085286e-01  1.683395e+02  3.504297e+02  5.174552e+02  8.807235e+02 
 4.142232e-01  1.640961e+02  3.419952e+02  5.066201e+02  8.678765e+02 
 4.199973e-01  1.600687e+02  3.352454e+02  4.981349e+02  8.553807e+02 
 4.258518e-01  1.568782e+02  3.293215e+02  4.896578e+02  8.406881e+02 
 4.317880e-01  1.534828e+02  3.225936e+02  4.798040e+02  8.262452e+02 
 4.378069e-01  1.504685e+02  3.166993e+02  4.714352e+02  8.124981e+02 
 4.439097e-01  1.479529e+02  3.128603e+02  4.669438e+02  8.088388e+02 
 4.500975e-01  1.439262e+02  3.055033e+02  4.568895e+02  7.941320e+02 
 4.563716e-01  1.404901e+02  2.985687e+02  4.468342e+02  7.763111e+02 
 4.627332e-01  1.383611e+02  2.956695e+02  4.437395e+02  7.732396e+02 
 4.691835e-01  1.348324e+02  2.887604e+02  4.337849e+02  7.566336e+02 
 4.757236e-01  1.322701e+02  2.838438e+02  4.271831e+02  7.468598e+02 
 4.823549e-01  1.288398e+02  2.769087e+02  4.176698e+02  7.347143e+02 
 4.890787e-01  1.261362e+02  2.717818e+02  4.107268e+02  7.237523e+02 
 4.958962e-01  1.241360e+02  2.678411e+02  4.045563e+02  7.126343e+02 
 5.028087e-01  1.214522e+02  2.632078e+02  3.983344e+02  7.037954e+02 
 5.098176e-01  1.192195e+02  2.591215e+02  3.922297e+02  6.917368e+02 
 5.169242e-01  1.171625e+02  2.552747e+02  3.871715e+02  6.849076e+02 
 5.241298e-01  1.133630e+02  2.490070e+02  3.796013e+02  6.757672e+02 
 5.314359e-01  1.114072e+02  2.459172e+02  3.752071e+02  6.688308e+02 
 5.388438e-01  1.090734e+02  2.406956e+02  3.675566e+02  6.576843e+02 
 5.463550e-01  1.071577e+02  2.369073e+02  3.618802e+02  6.485508e+02 
 5.539709e-01  1.043643e+02  2.321832e+02  3.558562e+02  6.390655e+02 
 5.616930e-01  1.025359e+02  2.286205e+02  3.508210e+02  6.314151e+02 
 5.695227e-01  1.005443e+02  2.255117e+02  3.468631e+02  6.224953e+02 
 5.774615e-01  9.824330e+01  2.202633e+02  3.392939e+02  6.121955e+02 
 5.855110e-01  9.649128e+01  2.169362e+02  3.340883e+02  6.037770e+02 
 5.936727e-01  9.427814e+01  2.118438e+02  3.272587e+02  5.937414e+02 
 6.019482e-01  9.272109e+01  2.094437e+02  3.232007e+02  5.864795e+02 
 6.103390e-01  9.055842e+01  2.058407e+02  3.184267e+02  5.775970e+02 
 6.188468e-01  8.855102e+01  2.027680e+02  3.158701e+02  5.754552e+02 
 6.274732e-01  8.710004e+01  1.989489e+02  3.094652e+02  5.658032e+02 
 6.362198e-01  8.540717e+01  1.959082e+02  3.048393e+02  5.569696e+02 
 6.450884e-01  8.342806e+01  1.924828e+02  3.000830e+02  5.486313e+02 
 6.540806e-01  8.168240e+01  1.883722e+02  2.939804e+02  5.403060e+02 
 6.631981e-01  7.991826e+01  1.857549e+02  2.910812e+02  5.345564e+02 
 6.724427e-01  7.840537e+01  1.825280e+02  2.867667e+02  5.294659e+02 
 6.818162e-01  7.674963e+01  1.791733e+02  2.807909e+02  5.190528e+02 
 6.913204e-01  7.512244e+01  1.759825e+02  2.766982e+02  5.119211e+02 
 7.009570e-01  7.404999e+01  1.733193e+02  2.728981e+02  5.052995e+02 
 7.107280e-01  7.220483e+01  1.705194e+02  2.687635e+02  4.973331e+02 
 7.206351e-01  7.109953e+01  1.679440e+02  2.654653e+02  4.932477e+02 
 7.306804e-01  6.969561e+01  1.653668e+02  2.610968e+02  4.844603e+02 
 7.408657e-01  6.816194e+01  1.621745e+02  2.565677e+02  4.784805e+02 
 7.511929e-01  6.674088e+01  1.593166e+02  2.529475e+02  4.717189e+02 
 7.616642e-01  6.543444e+01  1.565004e+02  2.490129e+02  4.661239e+02 
 7.722814e-01  6.461496e+01  1.548152e+02  2.460250e+02  4.590031e+02 
 7.830465e-01  6.325727e+01  1.519233e+02  2.420185e+02  4.529689e+02 
 7.939618e-01  6.210979e+01  1.499529e+02  2.388415e+02  4.487068e+02 
 8.050292e-01  6.075817e+01  1.473050e+02  2.357699e+02  4.427376e+02 
 8.162509e-01  5.973981e+01  1.451084e+02  2.316924e+02  4.351107e+02 
 8.276289e-01  5.829926e+01  1.423385e+02  2.281310e+02  4.296596e+02 
 8.391656e-01  5.760670e+01  1.406000e+02  2.249371e+02  4.250609e+02 
 8.508632e-01  5.653015e+01  1.382237e+02  2.218396e+02  4.191744e+02 
 8.627237e-01  5.532900e+01  1.360513e+02  2.185181e+02  4.125551e+02 
 8.747496e-01  5.431299e+01  1.338133e+02  2.153698e+02  4.070282e+02 
 8.869432e-01  5.339427e+01  1.318777e+02  2.123866e+02  4.017227e+02 
 8.993067e-01  5.234411e+01  1.297961e+02  2.091651e+02  3.959989e+02 
 9.118425e-01  5.151467e+01  1.275754e+02  2.056823e+02  3.889946e+02 
 9.245531e-01  5.041740e+01  1.254590e+02  2.024872e+02  3.847922e+02 
 9.374409e-01  4.947869e+01  1.235925e+02  1.999369e+02  3.794674e+02 
 9.505083e-01  4.868144e+01  1.216566e+02  1.970252e+02  3.741315e+02 
 9.637579e-01  4.764572e+01  1.193505e+02  1.936483e+02  3.687756e+02 
 9.771921e-01  4.706828e+01  1.185990e+02  1.915765e+02  3.637123e+02 
 9.908137e-01  4.617758e+01  1.164118e+02  1.886495e+02  3.590206e+02 
 1.004625e+00  4.528512e+01  1.142742e+02  1.853561e+02  3.529504e+02 
 1.018629e+00  4.453436e+01  1.127010e+02  1.827241e+02  3.478035e+02 
 1.032828e+00  4.369979e+01  1.109877e+02  1.804437e+02  3.441367e+02 
 1.047225e+00  4.287590e+01  1.093920e+02  1.774977e+02  3.381774e+02 
 1.061823e+00  4.222947e+01  1.078751e+02  1.750354e+02  3.331909e+02 
 1.076624e+00  4.144881e+01  1.061795e+02  1.724311e+02  3.281341e+02 
 1.091632e+00  4.073525e+01  1.045036e+02  1.699258e+02  3.230352e+02 
 1.106848e+00  3.997766e+01  1.027207e+02  1.673937e+02  3.186879e+02 
 1.122277e+00  3.929164e+01  1.012836e+02  1.646363e+02  3.134691e+02 
 1.137921e+00  3.859460e+01  9.957175e+01  1.621990e+02  3.087873e+02 
 1.153783e+00  3.798813e+01  9.803758e+01  1.597299e+02  3.042905e+02 
 1.169866e+00  3.730193e+01  9.656763e+01  1.572774e+02  2.999704e+02 
 1.186174e+00  3.664028e+01  9.518362e+01  1.549582e+02  2.951861e+02 
 1.202708e+00  3.606951e+01  9.372024e+01  1.526440e+02  2.905961e+02 
 1.219473e+00  3.546533e+01  9.233125e+01  1.504332e+02  2.857218e+02 
 1.236472e+00  3.484324e+01  9.098054e+01  1.482607e+02  2.814340e+02 
 1.253708e+00  3.429015e+01  8.949245e+01  1.458081e+02  2.774073e+02 
 1.271184e+00  3.372034e+01  8.847907e+01  1.439506e+02  2.728576e+02 
 1.288904e+00  3.315242e+01  8.677217e+01  1.415188e+02  2.689474e+02 
 1.306870e+00  3.254593e+01  8.546939e+01  1.392639e+02  2.643224e+02 
 1.325087e+00  3.205745e+01  8.420128e+01  1.371563e+02  2.598498e+02 
 1.343558e+00  3.152862e+01  8.286655e+01  1.349897e+02  2.555648e+02 
 1.362287e+00  3.104469e+01  8.151038e+01  1.326869e+02  2.514642e+02 
 1.381276e+00  3.052975e+01  8.023738e+01  1.303885e+02  2.473490e+02 
 1.400531e+00  3.003209e+01  7.900804e+01  1.283882e+02  2.428587e+02 
 1.420053e+00  2.951185e+01  7.770997e+01  1.263981e+02  2.386274e+02 
 1.439848e+00  2.904423e+01  7.652761e+01  1.242484e+02  2.346624e+02 
 1.459919e+00  2.852864e+01  7.529254e+01  1.221533e+02  2.303784e+02 
 1.480269e+00  2.812084e+01  7.397546e+01  1.200692e+02  2.260202e+02 
 1.500903e+00  2.764868e+01  7.282925e+01  1.180087e+02  2.225172e+02 
 1.521825e+00  2.719918e+01  7.176398e+01  1.161710e+02  2.184651e+02 
 1.543038e+00  2.674551e+01  7.060129e+01  1.143147e+02  2.147339e+02 
 1.564548e+00  2.634799e+01  6.945410e+01  1.123333e+02  2.107415e+02 
 1.586357e+00  2.592365e+01  6.840219e+01  1.104482e+02  2.069202e+02 
 1.608469e+00  2.548472e+01  6.731924e+01  1.085697e+02  2.033645e+02 
 1.630891e+00  2.514343e+01  6.609810e+01  1.065054e+02  1.993436e+02 
 1.653624e+00  2.470691e+01  6.500694e+01  1.047987e+02  1.959575e+02 
 1.676675e+00  2.431234e+01  6.403689e+01  1.030227e+02  1.920727e+02 
 1.700047e+00  2.390816e+01  6.297268e+01  1.011673e+02  1.885594e+02 
 1.723745e+00  2.352970e+01  6.189088e+01  9.934786e+01  1.847255e+02 
 1.747773e+00  2.313038e+01  6.082189e+01  9.754572e+01  1.811131e+02 
 1.772136e+00  2.276544e+01  5.977260e+01  9.572966e+01  1.777704e+02 
 1.796838e+00  2.241497e+01  5.876239e+01  9.400936e+01  1.742197e+02 
 1.821885e+00  2.206431e+01  5.774002e+01  9.224357e+01  1.709057e+02 
 1.847281e+00  2.171325e+01  5.683272e+01  9.063066e+01  1.675368e+02 
 1.873032e+00  2.137051e+01  5.577237e+01  8.882428e+01  1.642907e+02 
 1.899141e+00  2.101511e+01  5.477675e+01  8.721594e+01  1.609959e+02 
 1.925614e+00  2.069526e+01  5.385705e+01  8.559580e+01  1.577052e+02 
 1.952456e+00  2.042372e+01  5.294573e+01  8.399292e+01  1.545209e+02 
 1.979672e+00  2.005419e+01  5.204375e+01  8.240548e+01  1.513820e+02 
 2.007267e+00  1.975903e+01  5.108579e+01  8.074271e+01  1.484103e+02 
 2.035248e+00  1.941711e+01  5.015330e+01  7.916076e+01  1.452285e+02 
 2.063618e+00  1.910345e+01  4.922355e+01  7.763286e+01  1.421822e+02 
 2.092383e+00  1.879971e+01  4.833106e+01  7.607818e+01  1.392453e+02 
 2.121550e+00  1.848659e+01  4.741490e+01  7.453595e+01  1.362361e+02 
 2.151123e+00  1.818985e+01  4.653675e+01  7.299766e+01  1.332654e+02 
 2.181109e+00  1.789200e+01  4.565092e+01  7.154763e+01  1.304594e+02 
 2.211512e+00  1.759769e+01  4.476589e+01  7.004157e+01  1.275521e+02 
 2.242340e+00  1.731725e+01  4.393179e+01  6.861606e+01  1.248009e+02 
 2.273597e+00  1.701437e+01  4.308361e+01  6.713460e+01  1.220409e+02 
 2.305289e+00  1.675198e+01  4.224629e+01  6.576778e+01  1.193767e+02 
 2.337424e+00  1.647394e+01  4.140956e+01  6.438143e+01  1.167276e+02 
 2.370006e+00  1.619976e+01  4.060867e+01  6.303964e+01  1.142573e+02 
 2.403043e+00  1.592144e+01  3.981457e+01  6.166809e+01  1.116790e+02 
 2.436540e+00  1.566504e+01  3.903674e+01  6.036321e+01  1.091749e+02 
 2.470504e+00  1.540566e+01  3.827730e+01  5.906050e+01  1.067238e+02 
 2.504942e+00  1.514691e+01  3.752881e+01  5.780138e+01  1.043518e+02 
 2.539859e+00  1.490236e+01  3.675688e+01  5.652252e+01  1.019434e+02 
 2.575263e+00  1.463768e+01  3.599732e+01  5.533537e+01  9.964515e+01 
 2.611161e+00  1.439705e+01  3.525623e+01  5.406488e+01  9.734340e+01 
 2.647559e+00  1.415019e+01  3.451573e+01  5.283529e+01  9.506214e+01 
 2.684465e+00  1.390489e+01  3.381851e+01  5.163379e+01  9.283810e+01 
 2.721885e+00  1.365300e+01  3.307712e+01  5.048196e+01  9.066697e+01 
 2.759826e+00  1.341230e+01  3.235888e+01  4.931774e+01  8.851856e+01 
 2.798297e+00  1.317796e+01  3.168426e+01  4.819899e+01  8.648093e+01 
 2.837304e+00  1.294637e+01  3.099673e+01  4.708594e+01  8.443615e+01 
 2.876854e+00  1.271553e+01  3.031562e+01  4.600463e+01  8.245228e+01 
 2.916956e+00  1.249120e+01  2.967260e+01  4.493939e+01  8.047232e+01 
 2.957617e+00  1.227224e+01  2.903346e+01  4.391306e+01  7.859538e+01 
 2.998844e+00  1.205054e+01  2.840868e+01  4.289205e+01  7.671668e+01 
 3.040646e+00  1.183572e+01  2.778275e+01  4.189839e+01  7.493651e+01 
 3.083031e+00  1.162182e+01  2.717197e+01  4.092201e+01  7.316019e+01 
 3.126007e+00  1.141521e+01  2.657704e+01  3.995792e+01  7.140203e+01 
 3.169582e+00  1.120489e+01  2.596912e+01  3.900353e+01  6.969351e+01 
 3.213764e+00  1.099728e+01  2.538614e+01  3.807265e+01  6.800948e+01 
 3.258562e+00  1.078767e+01  2.481955e+01  3.715765e+01  6.636131e+01 
 3.303985e+00  1.058276e+01  2.424019e+01  3.626323e+01  6.475002e+01 
 3.350041e+00  1.038406e+01  2.367464e+01  3.537500e+01  6.314778e+01 
 3.396739e+00  1.017857e+01  2.312908e+01  3.451917e+01  6.160268e+01 
 3.444087e+00  9.985799e+00  2.257773e+01  3.366575e+01  6.007530e+01 
 3.492096e+00  9.792451e+00  2.205309e+01  3.285238e+01  5.861690e+01 
 3.540774e+00  9.598193e+00  2.154247e+01  3.205243e+01  5.717036e+01 
 3.590130e+00  9.412660e+00  2.103169e+01  3.125888e+01  5.578029e+01 
 3.640175e+00  9.230982e+00  2.053737e+01  3.050260e+01  5.440680e+01 
 3.690917e+00  9.045541e+00  2.006009e+01  2.974815e+01  5.307625e+01 
 3.742366e+00  8.867138e+00  1.957743e+01  2.902063e+01  5.179235e+01 
 3.794533e+00  8.692463e+00  1.912218e+01  2.831269e+01  5.051365e+01 
 3.847427e+00  8.519370e+00  1.866038e+01  2.761915e+01  4.929076e+01 
 3.901058e+00  8.343491e+00  1.822000e+01  2.693800e+01  4.807060e+01 
 3.955436e+00  8.177868e+00  1.777821e+01  2.626349e+01  4.687732e+01 
 4.010573e+00  8.006167e+00  1.734433e+01  2.561194e+01  4.571737e+01 
 4.066478e+00  7.839523e+00  1.692048e+01  2.496485e+01  4.456523e+01 
 4.123163e+00  7.673279e+00  1.650725e+01  2.433331e+01  4.344536e+01 
 4.180637e+00  7.512540e+00  1.610046e+01  2.371867e+01  4.234578e+01 
 4.238913e+00  7.351919e+00  1.569766e+01  2.311614e+01  4.128688e+01 
 4.298001e+00  7.191484e+00  1.530906e+01  2.253268e+01  4.024128e+01 
 4.357913e+00  7.040529e+00  1.492949e+01  2.196264e+01  3.923451e+01 
 4.418660e+00  6.887850e+00  1.456062e+01  2.140558e+01  3.825145e+01 
 4.480254e+00  6.737510e+00  1.419877e+01  2.086272e+01  3.729013e+01 
 4.542706e+00  6.592458e+00  1.384298e+01  2.033323e+01  3.635160e+01 
 4.606029e+00  6.448776e+00  1.350379e+01  1.982323e+01  3.544819e+01 
 4.670234e+00  6.308069e+00  1.316821e+01  1.932880e+01  3.456779e+01 
 4.735335e+00  6.170105e+00  1.284228e+01  1.884169e+01  3.370204e+01 
 4.801343e+00  6.036108e+00  1.252641e+01  1.836762e+01  3.285518e+01 
 4.868271e+00  5.902303e+00  1.221276e+01  1.790148e+01  3.202730e+01 
 4.936132e+00  5.770568e+00  1.190445e+01  1.744680e+01  3.121832e+01 
 5.004939e+00  5.640190e+00  1.160465e+01  1.699995e+01  3.042142e+01 
 5.074705e+00  5.510645e+00  1.130920e+01  1.656157e+01  2.964678e+01 
 5.145444e+00  5.384907e+00  1.102175e+01  1.613390e+01  2.888944e+01 
 5.217169e+00  5.259840e+00  1.073868e+01  1.571693e+01  2.814262e+01 
 5.289893e+00  5.139384e+00  1.046480e+01  1.531317e+01  2.741865e+01 
 5.363631e+00  5.019415e+00  1.019712e+01  1.491402e+01  2.671415e+01 
 5.438397e+00  4.903153e+00  9.936212e+00  1.452923e+01  2.602519e+01 
 5.514206e+00  4.789034e+00  9.682225e+00  1.415481e+01  2.535700e+01 
 5.591071e+00  4.676261e+00  9.436862e+00  1.378889e+01  2.470792e+01 
 5.669007e+00  4.568705e+00  9.196099e+00  1.343687e+01  2.407583e+01 
 5.748030e+00  4.462025e+00  8.963189e+00  1.309237e+01  2.345863e+01 
 5.828155e+00  4.358291e+00  8.736371e+00  1.275799e+01  2.285964e+01 
 5.909396e+00  4.256740e+00  8.515014e+00  1.243133e+01  2.227808e+01 
 5.991770e+00  4.156851e+00  8.298322e+00  1.211289e+01  2.170786e+01 
 6.075292e+00  4.059239e+00  8.088100e+00  1.180212e+01  2.115026e+01 
 6.159978e+00  3.962787e+00  7.881680e+00  1.149767e+01  2.060507e+01 
 6.245845e+00  3.868108e+00  7.679350e+00  1.119988e+01  2.006849e+01 
 6.332908e+00  3.774705e+00  7.480182e+00  1.090715e+01  1.954462e+01 
 6.421186e+00  3.684019e+00  7.286968e+00  1.062113e+01  1.903179e+01 
 6.510694e+00  3.594525e+00  7.097563e+00  1.034402e+01  1.853187e+01 
 6.601449e+00  3.507564e+00  6.914069e+00  1.007287e+01  1.804598e+01 
 6.693470e+00  3.422375e+00  6.734337e+00  9.808253e+00  1.757047e+01 
 6.786773e+00  3.339065e+00  6.560642e+00  9.551124e+00  1.710850e+01 
 6.881377e+00  3.258376e+00  6.390995e+00  9.301999e+00  1.665854e+01 
 6.977300e+00  3.179667e+00  6.226883e+00  9.060588e+00  1.622304e+01 
 7.074559e+00  3.103055e+00  6.066949e+00  8.824249e+00  1.579829e+01 
 7.173175e+00  3.028213e+00  5.911932e+00  8.596136e+00  1.538685e+01 
 7.273165e+00  2.955657e+00  5.761545e+00  8.374187e+00  1.498533e+01 
 7.374549e+00  2.884719e+00  5.614395e+00  8.157412e+00  1.459514e+01 
 7.477346e+00  2.815196e+00  5.471873e+00  7.947930e+00  1.421557e+01 
 7.581576e+00  2.747741e+00  5.331456e+00  7.741604e+00  1.384335e+01 
 7.687260e+00  2.681223e+00  5.194677e+00  7.540090e+00  1.347978e+01 
 7.794416e+00  2.615823e+00  5.060817e+00  7.341931e+00  1.312329e+01 
 7.903066e+00  2.552022e+00  4.929605e+00  7.148422e+00  1.277377e+01 
 8.013230e+00  2.489666e+00  4.802044e+00  6.961454e+00  1.243350e+01 
 8.124930e+00  2.428476e+00  4.677583e+00  6.777657e+00  1.210108e+01 
 8.238187e+00  2.369114e+00  4.556239e+00  6.598467e+00  1.177805e+01 
 8.353023e+00  2.311097e+00  4.438273e+00  6.424669e+00  1.146316e+01 
 8.469460e+00  2.254830e+00  4.323606e+00  6.255628e+00  1.115725e+01 
 8.587519e+00  2.200062e+00  4.212002e+00  6.091484e+00  1.086035e+01 
 8.707225e+00  2.146862e+00  4.103514e+00  5.932291e+00  1.057158e+01 
 8.828599e+00  2.095164e+00  3.998972e+00  5.777326e+00  1.029108e+01 
 8.951665e+00  2.044843e+00  3.897093e+00  5.627242e+00  1.001931e+01 
 9.076446e+00  1.996000e+00  3.798064e+00  5.481828e+00  9.755659e+00 
 9.202967e+00  1.948518e+00  3.701781e+00  5.340006e+00  9.498300e+00 
 9.331251e+00  1.902158e+00  3.607938e+00  5.201746e+00  9.247885e+00 
 9.461324e+00  0.000000e+00  0.000000e+00  0.000000e+00  0.000000e+00 
 9.593209e+00  0.000000e+00  0.000000e+00  0.000000e+00  0.000000e+00 
 9.726934e+00  0.000000e+00  0.000000e+00  0.000000e+00  0.000000e+00 
 9.862522e+00  0.000000e+00  0.000000e+00  0.000000e+00  0.000000e+00 
 1.000000e+01  0.000000e+00  0.000000e+00  0.000000e+00  0.000000e+00 
