 1.000000e-02  5.578391e+03  1.017019e+04  1.374969e+04  2.050038e+04 
 1.013939e-02  5.607359e+03  1.022285e+04  1.382071e+04  2.060583e+04 
 1.028073e-02  5.635962e+03  1.027489e+04  1.389087e+04  2.070989e+04 
 1.042404e-02  5.664140e+03  1.032617e+04  1.395987e+04  2.081242e+04 
 1.056935e-02  5.691855e+03  1.037659e+04  1.402761e+04  2.091320e+04 
 1.071668e-02  5.719004e+03  1.042593e+04  1.409400e+04  2.101190e+04 
 1.086606e-02  5.745398e+03  1.047387e+04  1.415859e+04  2.110777e+04 
 1.101753e-02  5.771059e+03  1.052046e+04  1.422135e+04  2.120090e+04 
 1.117111e-02  5.796126e+03  1.056599e+04  1.428262e+04  2.129184e+04 
 1.132683e-02  5.820594e+03  1.061042e+04  1.434240e+04  2.138058e+04 
 1.148472e-02  5.844407e+03  1.065366e+04  1.440059e+04  2.146693e+04 
 1.164481e-02  5.867547e+03  1.069568e+04  1.445720e+04  2.155083e+04 
 1.180713e-02  5.889989e+03  1.073642e+04  1.451207e+04  2.163211e+04 
 1.197171e-02  5.911680e+03  1.077579e+04  1.456496e+04  2.171053e+04 
 1.213859e-02  5.932634e+03  1.081379e+04  1.461594e+04  2.178615e+04 
 1.230780e-02  5.952844e+03  1.085043e+04  1.466512e+04  2.185913e+04 
 1.247936e-02  5.972268e+03  1.088564e+04  1.471239e+04  2.192928e+04 
 1.265332e-02  5.990879e+03  1.091938e+04  1.475765e+04  2.199634e+04 
 1.282970e-02  6.008663e+03  1.095162e+04  1.480088e+04  2.206024e+04 
 1.300854e-02  6.025605e+03  1.098231e+04  1.484206e+04  2.212103e+04 
 1.318987e-02  6.041715e+03  1.101147e+04  1.488123e+04  2.217875e+04 
 1.337373e-02  6.056924e+03  1.103898e+04  1.491817e+04  2.223316e+04 
 1.356015e-02  6.071079e+03  1.106457e+04  1.495248e+04  2.228377e+04 
 1.374917e-02  6.084215e+03  1.108831e+04  1.498418e+04  2.233060e+04 
 1.394083e-02  6.096439e+03  1.111039e+04  1.501360e+04  2.237406e+04 
 1.413516e-02  6.107753e+03  1.113079e+04  1.504078e+04  2.241422e+04 
 1.433219e-02  6.118141e+03  1.114952e+04  1.506571e+04  2.245100e+04 
 1.453198e-02  6.127553e+03  1.116643e+04  1.508828e+04  2.248402e+04 
 1.473454e-02  6.135885e+03  1.118140e+04  1.510825e+04  2.251304e+04 
 1.493993e-02  6.143146e+03  1.119439e+04  1.512554e+04  2.253815e+04 
 1.514819e-02  6.149350e+03  1.120550e+04  1.514018e+04  2.255952e+04 
 1.535935e-02  6.154467e+03  1.121464e+04  1.515213e+04  2.257686e+04 
 1.557345e-02  6.158460e+03  1.122172e+04  1.516131e+04  2.259003e+04 
 1.579053e-02  6.161311e+03  1.122671e+04  1.516769e+04  2.259894e+04 
 1.601064e-02  6.162989e+03  1.122956e+04  1.517119e+04  2.260354e+04 
 1.623382e-02  6.163492e+03  1.123026e+04  1.517178e+04  2.260395e+04 
 1.646012e-02  6.162842e+03  1.122887e+04  1.516951e+04  2.260015e+04 
 1.668956e-02  6.160992e+03  1.122530e+04  1.516432e+04  2.259185e+04 
 1.692220e-02  6.157906e+03  1.121947e+04  1.515608e+04  2.257895e+04 
 1.715809e-02  6.153565e+03  1.121135e+04  1.514474e+04  2.256142e+04 
 1.739726e-02  6.147922e+03  1.120086e+04  1.513019e+04  2.253910e+04 
 1.763977e-02  6.140963e+03  1.118797e+04  1.511241e+04  2.251199e+04 
 1.788566e-02  6.132716e+03  1.117273e+04  1.509144e+04  2.248022e+04 
 1.813498e-02  6.123174e+03  1.115512e+04  1.506727e+04  2.244365e+04 
 1.838777e-02  6.112307e+03  1.113510e+04  1.503984e+04  2.240212e+04 
 1.864409e-02  6.100103e+03  1.111265e+04  1.500912e+04  2.235562e+04 
 1.890397e-02  6.086538e+03  1.108772e+04  1.497504e+04  2.230425e+04 
 1.916748e-02  6.071597e+03  1.106030e+04  1.493760e+04  2.224797e+04 
 1.943467e-02  6.055275e+03  1.103036e+04  1.489676e+04  2.218660e+04 
 1.970558e-02  6.037568e+03  1.099787e+04  1.485251e+04  2.212004e+04 
 1.998026e-02  6.018484e+03  1.096286e+04  1.480483e+04  2.204828e+04 
 2.025878e-02  5.998003e+03  1.092531e+04  1.475374e+04  2.197149e+04 
 2.054117e-02  5.976120e+03  1.088524e+04  1.469922e+04  2.188972e+04 
 2.082751e-02  5.952867e+03  1.084266e+04  1.464130e+04  2.180285e+04 
 2.111783e-02  5.928230e+03  1.079756e+04  1.457997e+04  2.171081e+04 
 2.141220e-02  5.902279e+03  1.075003e+04  1.451532e+04  2.161372e+04 
 2.171068e-02  5.875505e+03  1.070078e+04  1.444813e+04  2.151220e+04 
 2.201331e-02  5.847329e+03  1.064898e+04  1.437750e+04  2.140555e+04 
 2.232016e-02  5.817767e+03  1.059465e+04  1.430347e+04  2.129390e+04 
 2.263130e-02  5.786860e+03  1.053785e+04  1.422611e+04  2.117729e+04 
 2.294676e-02  5.754605e+03  1.047859e+04  1.414542e+04  2.105573e+04 
 2.326663e-02  5.720974e+03  1.041685e+04  1.406137e+04  2.092920e+04 
 2.359095e-02  5.685986e+03  1.035265e+04  1.397401e+04  2.079772e+04 
 2.391980e-02  5.649687e+03  1.028607e+04  1.388341e+04  2.066140e+04 
 2.425323e-02  5.612090e+03  1.021712e+04  1.378962e+04  2.052032e+04 
 2.459130e-02  5.573201e+03  1.014581e+04  1.369266e+04  2.037455e+04 
 2.493409e-02  5.533050e+03  1.007221e+04  1.359261e+04  2.022416e+04 
 2.528166e-02  5.491662e+03  9.996355e+03  1.348953e+04  2.006928e+04 
 2.563407e-02  5.449071e+03  9.918308e+03  1.338351e+04  1.991001e+04 
 2.599140e-02  5.405294e+03  9.838145e+03  1.327462e+04  1.974644e+04 
 2.635371e-02  5.360367e+03  9.755886e+03  1.316290e+04  1.957871e+04 
 2.672106e-02  5.314329e+03  9.671588e+03  1.304845e+04  1.940690e+04 
 2.709354e-02  5.267216e+03  9.585330e+03  1.293135e+04  1.923119e+04 
 2.747121e-02  5.219080e+03  9.497211e+03  1.281174e+04  1.905175e+04 
 2.785414e-02  5.169896e+03  9.407210e+03  1.268963e+04  1.886864e+04 
 2.824241e-02  5.119434e+03  9.315018e+03  1.256468e+04  1.868159e+04 
 2.863610e-02  5.068079e+03  9.221208e+03  1.243754e+04  1.849129e+04 
 2.903527e-02  5.015877e+03  9.125867e+03  1.230835e+04  1.829794e+04 
 2.944000e-02  4.962895e+03  9.029090e+03  1.217724e+04  1.810174e+04 
 2.985038e-02  4.909181e+03  8.930968e+03  1.204435e+04  1.790287e+04 
 3.026648e-02  4.854787e+03  8.831621e+03  1.190978e+04  1.770157e+04 
 3.068838e-02  4.799764e+03  8.731150e+03  1.177370e+04  1.749805e+04 
 3.111616e-02  4.744178e+03  8.629671e+03  1.163627e+04  1.729251e+04 
 3.154990e-02  4.688101e+03  8.527302e+03  1.149766e+04  1.708522e+04 
 3.198969e-02  4.631594e+03  8.424161e+03  1.135801e+04  1.687639e+04 
 3.243561e-02  4.574715e+03  8.320348e+03  1.121747e+04  1.666629e+04 
 3.288774e-02  4.517541e+03  8.216005e+03  1.107621e+04  1.645516e+04 
 3.334618e-02  4.460151e+03  8.111267e+03  1.093444e+04  1.624324e+04 
 3.381101e-02  4.402614e+03  8.006271e+03  1.079231e+04  1.603082e+04 
 3.428231e-02  4.345001e+03  7.901134e+03  1.065003e+04  1.581813e+04 
 3.476019e-02  4.287256e+03  7.796077e+03  1.050822e+04  1.560723e+04 
 3.524473e-02  4.229567e+03  7.691158e+03  1.036660e+04  1.539664e+04 
 3.573602e-02  4.172026e+03  7.586486e+03  1.022533e+04  1.518657e+04 
 3.623416e-02  4.114702e+03  7.482220e+03  1.008459e+04  1.497728e+04 
 3.673925e-02  4.057669e+03  7.378478e+03  9.944559e+03  1.476905e+04 
 3.725137e-02  4.001006e+03  7.275400e+03  9.805429e+03  1.456216e+04 
 3.777064e-02  3.944775e+03  7.173104e+03  9.667351e+03  1.435686e+04 
 3.829714e-02  3.889039e+03  7.071724e+03  9.530525e+03  1.415339e+04 
 3.883098e-02  3.833875e+03  6.971388e+03  9.395081e+03  1.395199e+04 
 3.937226e-02  3.779352e+03  6.872226e+03  9.261179e+03  1.375285e+04 
 3.992109e-02  3.725534e+03  6.774340e+03  9.128987e+03  1.355625e+04 
 4.047757e-02  3.672475e+03  6.677796e+03  8.998567e+03  1.336218e+04 
 4.104181e-02  3.620055e+03  6.581846e+03  8.868346e+03  1.316669e+04 
 4.161391e-02  3.568531e+03  6.487519e+03  8.740340e+03  1.297455e+04 
 4.219398e-02  3.517965e+03  6.394940e+03  8.614687e+03  1.278594e+04 
 4.278214e-02  3.468413e+03  6.304189e+03  8.491517e+03  1.260108e+04 
 4.337850e-02  3.419908e+03  6.215341e+03  8.370941e+03  1.242009e+04 
 4.398317e-02  3.372481e+03  6.128476e+03  8.253051e+03  1.224315e+04 
 4.459628e-02  3.326179e+03  6.043657e+03  8.137945e+03  1.207039e+04 
 4.521792e-02  3.281045e+03  5.960953e+03  8.025719e+03  1.190192e+04 
 4.584824e-02  3.237110e+03  5.880433e+03  7.916438e+03  1.173787e+04 
 4.648734e-02  3.194389e+03  5.802137e+03  7.810162e+03  1.157833e+04 
 4.713535e-02  3.153036e+03  5.727078e+03  7.709025e+03  1.142856e+04 
 4.779239e-02  3.113004e+03  5.654864e+03  7.612195e+03  1.128646e+04 
 4.845859e-02  3.074211e+03  5.584911e+03  7.518406e+03  1.114887e+04 
 4.913407e-02  3.036654e+03  5.517204e+03  7.427651e+03  1.101580e+04 
 4.981898e-02  3.000330e+03  5.451726e+03  7.339918e+03  1.088722e+04 
 5.051342e-02  2.965219e+03  5.388461e+03  7.255161e+03  1.076307e+04 
 5.121755e-02  2.931299e+03  5.327362e+03  7.173314e+03  1.064324e+04 
 5.193150e-02  2.898534e+03  5.268376e+03  7.094285e+03  1.052761e+04 
 5.265540e-02  2.866886e+03  5.211422e+03  7.017994e+03  1.041605e+04 
 5.338938e-02  2.836073e+03  5.155539e+03  6.942737e+03  1.030479e+04 
 5.413360e-02  2.806006e+03  5.100487e+03  6.868080e+03  1.019296e+04 
 5.488820e-02  2.776913e+03  5.047219e+03  6.795822e+03  1.008474e+04 
 5.565331e-02  2.748716e+03  4.995594e+03  6.725759e+03  9.979821e+03 
 5.642908e-02  2.721279e+03  4.945373e+03  6.657580e+03  9.877733e+03 
 5.721568e-02  2.694489e+03  4.896317e+03  6.590993e+03  9.778050e+03 
 5.801323e-02  2.668397e+03  4.848528e+03  6.526130e+03  9.680968e+03 
 5.882190e-02  2.643122e+03  4.802223e+03  6.463292e+03  9.586908e+03 
 5.964185e-02  2.618748e+03  4.757863e+03  6.403405e+03  9.498111e+03 
 6.047322e-02  2.595228e+03  4.715913e+03  6.347659e+03  9.417873e+03 
 6.131619e-02  2.571714e+03  4.673988e+03  6.291950e+03  9.337704e+03 
 6.217090e-02  2.547895e+03  4.631521e+03  6.235519e+03  9.256505e+03 
 6.303753e-02  2.523755e+03  4.588479e+03  6.178314e+03  9.174170e+03 
 6.391624e-02  2.499336e+03  4.544918e+03  6.120419e+03  9.090842e+03 
 6.480720e-02  2.474646e+03  4.500854e+03  6.061852e+03  9.006537e+03 
 6.571058e-02  2.449562e+03  4.456062e+03  6.002315e+03  8.920814e+03 
 6.662655e-02  2.422750e+03  4.406269e+03  5.934084e+03  8.816730e+03 
 6.755528e-02  2.395168e+03  4.355039e+03  5.863865e+03  8.709597e+03 
 6.849697e-02  2.366746e+03  4.302294e+03  5.791636e+03  8.599546e+03 
 6.945178e-02  2.337393e+03  4.247892e+03  5.717192e+03  8.486268e+03 
 7.041990e-02  2.307021e+03  4.191660e+03  5.640328e+03  8.369455e+03 
 7.140151e-02  2.275562e+03  4.133469e+03  5.560863e+03  8.248847e+03 
 7.239681e-02  2.243210e+03  4.073925e+03  5.479935e+03  8.127180e+03 
 7.340598e-02  2.209960e+03  4.013057e+03  5.397645e+03  8.004812e+03 
 7.442922e-02  2.175462e+03  3.949928e+03  5.312343e+03  7.878029e+03 
 7.546673e-02  2.139702e+03  3.884530e+03  5.223999e+03  7.746782e+03 
 7.651869e-02  2.102678e+03  3.816873e+03  5.132633e+03  7.611109e+03 
 7.758532e-02  2.064437e+03  3.747022e+03  5.038338e+03  7.471145e+03 
 7.866682e-02  2.025849e+03  3.677641e+03  4.945792e+03  7.336567e+03 
 7.976339e-02  1.987485e+03  3.610440e+03  4.857956e+03  7.213453e+03 
 8.087525e-02  1.948055e+03  3.541261e+03  4.767403e+03  7.086169e+03 
 8.200261e-02  1.907676e+03  3.470312e+03  4.674401e+03  6.955088e+03 
 8.314568e-02  1.866503e+03  3.397834e+03  4.579301e+03  6.820704e+03 
 8.430468e-02  1.824699e+03  3.324108e+03  4.482481e+03  6.683566e+03 
 8.547985e-02  1.781722e+03  3.247057e+03  4.380064e+03  6.535326e+03 
 8.667139e-02  1.738156e+03  3.168396e+03  4.274928e+03  6.381702e+03 
 8.787954e-02  1.694542e+03  3.089655e+03  4.169648e+03  6.227779e+03 
 8.910453e-02  1.651105e+03  3.011223e+03  4.064755e+03  6.074340e+03 
 9.034660e-02  1.608073e+03  2.933485e+03  3.960795e+03  5.922192e+03 
 9.160598e-02  1.566352e+03  2.859063e+03  3.862167e+03  5.780004e+03 
 9.288292e-02  1.526061e+03  2.788086e+03  3.768923e+03  5.647577e+03 
 9.417766e-02  1.486753e+03  2.718817e+03  3.677892e+03  5.518179e+03 
 9.549045e-02  1.448638e+03  2.651637e+03  3.589581e+03  5.392584e+03 
 9.682153e-02  1.411897e+03  2.586874e+03  3.504452e+03  5.271489e+03 
 9.817117e-02  1.377009e+03  2.525867e+03  3.424759e+03  5.159302e+03 
 9.953962e-02  1.343910e+03  2.468209e+03  3.349667e+03  5.054107e+03 
 1.009272e-01  1.312609e+03  2.413766e+03  3.278808e+03  4.954979e+03 
 1.023340e-01  1.283196e+03  2.362715e+03  3.212420e+03  4.862318e+03 
 1.037605e-01  1.255133e+03  2.313314e+03  3.147527e+03  4.770123e+03 
 1.052069e-01  1.226810e+03  2.260638e+03  3.075630e+03  4.661433e+03 
 1.066734e-01  1.200591e+03  2.211867e+03  3.009023e+03  4.560713e+03 
 1.081604e-01  1.176407e+03  2.166877e+03  2.947557e+03  4.467722e+03 
 1.096681e-01  1.154164e+03  2.125489e+03  2.891017e+03  4.382107e+03 
 1.111968e-01  1.133961e+03  2.088124e+03  2.840028e+03  4.304517e+03 
 1.127468e-01  1.115495e+03  2.053966e+03  2.793378e+03  4.233482e+03 
 1.143184e-01  1.098549e+03  2.022635e+03  2.750551e+03  4.168205e+03 
 1.159120e-01  1.082907e+03  1.993745e+03  2.711035e+03  4.107900e+03 
 1.175277e-01  1.069058e+03  1.968855e+03  2.677547e+03  4.057729e+03 
 1.191660e-01  1.056109e+03  1.945670e+03  2.646424e+03  4.011215e+03 
 1.208271e-01  1.043715e+03  1.923514e+03  2.616664e+03  3.966776e+03 
 1.225114e-01  1.031547e+03  1.901763e+03  2.587431e+03  3.923164e+03 
 1.242191e-01  1.018918e+03  1.878823e+03  2.556467e+03  3.877165e+03 
 1.259506e-01  1.006017e+03  1.855374e+03  2.524835e+03  3.830136e+03 
 1.277063e-01  9.925703e+02  1.830928e+03  2.491846e+03  3.781055e+03 
 1.294865e-01  9.786203e+02  1.805718e+03  2.457799e+03  3.730059e+03 
 1.312915e-01  9.640210e+02  1.779476e+03  2.422385e+03  3.676614e+03 
 1.331216e-01  9.482646e+02  1.751089e+03  2.384068e+03  3.618798e+03 
 1.349772e-01  9.312423e+02  1.720398e+03  2.342649e+03  3.556450e+03 
 1.368587e-01  9.139960e+02  1.691108e+03  2.305251e+03  3.506223e+03 
 1.387665e-01  8.953968e+02  1.659253e+03  2.264300e+03  3.450453e+03 
 1.407008e-01  8.755045e+02  1.624948e+03  2.219903e+03  3.389299e+03 
 1.426621e-01  8.553361e+02  1.590500e+03  2.175361e+03  3.326818e+03 
 1.446507e-01  8.344428e+02  1.554756e+03  2.128923e+03  3.261031e+03 
 1.466671e-01  8.127552e+02  1.517421e+03  2.080137e+03  3.191513e+03 
 1.487115e-01  7.887680e+02  1.474024e+03  2.022040e+03  3.105953e+03 
 1.507845e-01  7.634631e+02  1.427029e+03  1.958245e+03  3.010517e+03 
 1.528864e-01  7.384063e+02  1.380494e+03  1.894968e+03  2.915790e+03 
 1.550175e-01  7.157381e+02  1.340361e+03  1.841983e+03  2.839841e+03 
 1.571784e-01  6.951346e+02  1.305337e+03  1.797045e+03  2.778104e+03 
 1.593694e-01  6.755260e+02  1.271982e+03  1.754220e+03  2.719237e+03 
 1.615909e-01  6.576937e+02  1.242187e+03  1.716310e+03  2.667636e+03 
 1.638434e-01  6.415030e+02  1.215469e+03  1.682565e+03  2.622136e+03 
 1.661273e-01  6.268436e+02  1.191460e+03  1.652416e+03  2.581918e+03 
 1.684430e-01  6.108202e+02  1.162194e+03  1.613204e+03  2.524816e+03 
 1.707910e-01  5.961405e+02  1.135106e+03  1.576711e+03  2.471461e+03 
 1.731717e-01  5.835325e+02  1.112217e+03  1.546125e+03  2.427105e+03 
 1.755856e-01  5.741226e+02  1.096629e+03  1.526158e+03  2.398917e+03 
 1.780332e-01  5.659575e+02  1.083359e+03  1.509365e+03  2.375602e+03 
 1.805149e-01  5.570577e+02  1.066497e+03  1.485719e+03  2.337794e+03 
 1.830312e-01  5.478347e+02  1.047730e+03  1.458326e+03  2.291905e+03 
 1.855825e-01  5.390897e+02  1.030113e+03  1.432800e+03  2.249634e+03 
 1.881694e-01  5.307569e+02  1.014581e+03  1.411757e+03  2.218310e+03 
 1.907924e-01  5.221939e+02  9.986122e+02  1.390116e+03  2.185979e+03 
 1.934520e-01  5.126444e+02  9.805529e+02  1.365624e+03  2.150257e+03 
 1.961486e-01  5.021957e+02  9.607088e+02  1.338671e+03  2.110991e+03 
 1.988828e-01  4.920274e+02  9.421281e+02  1.313736e+03  2.074617e+03 
 2.016551e-01  4.825598e+02  9.259233e+02  1.292469e+03  2.043569e+03 
 2.044661e-01  4.719846e+02  9.073563e+02  1.267725e+03  2.006743e+03 
 2.073162e-01  4.598544e+02  8.845382e+02  1.236077e+03  1.957527e+03 
 2.102061e-01  4.470369e+02  8.603714e+02  1.202542e+03  1.905253e+03 
 2.131362e-01  4.374629e+02  8.467010e+02  1.186762e+03  1.885505e+03 
 2.161073e-01  4.277871e+02  8.328640e+02  1.170777e+03  1.865438e+03 
 2.191197e-01  4.155214e+02  8.118755e+02  1.143974e+03  1.829524e+03 
 2.221741e-01  4.030783e+02  7.899426e+02  1.115548e+03  1.791021e+03 
 2.252711e-01  3.918368e+02  7.708321e+02  1.091361e+03  1.758978e+03 
 2.284112e-01  3.816669e+02  7.538634e+02  1.070175e+03  1.731402e+03 
 2.315951e-01  3.728141e+02  7.384689e+02  1.049694e+03  1.700438e+03 
 2.348235e-01  3.651121e+02  7.249360e+02  1.031290e+03  1.671214e+03 
 2.380968e-01  3.564848e+02  7.081775e+02  1.007827e+03  1.634789e+03 
 2.414157e-01  3.483554e+02  6.920402e+02  9.851105e+02  1.599797e+03 
 2.447809e-01  3.404407e+02  6.765878e+02  9.637198e+02  1.566755e+03 
 2.481930e-01  3.331444e+02  6.624264e+02  9.441911e+02  1.536634e+03 
 2.516527e-01  3.289772e+02  6.554855e+02  9.348237e+02  1.521741e+03 
 2.551606e-01  3.239620e+02  6.464448e+02  9.224297e+02  1.502495e+03 
 2.587174e-01  3.159463e+02  6.301236e+02  8.995495e+02  1.468019e+03 
 2.623238e-01  3.092044e+02  6.174469e+02  8.822928e+02  1.442522e+03 
 2.659804e-01  3.037613e+02  6.085553e+02  8.708936e+02  1.426362e+03 
 2.696881e-01  2.962454e+02  5.947084e+02  8.521795e+02  1.397868e+03 
 2.734474e-01  2.879120e+02  5.790167e+02  8.307885e+02  1.364976e+03 
 2.772591e-01  2.815192e+02  5.686193e+02  8.179968e+02  1.348781e+03 
 2.811239e-01  2.745980e+02  5.566363e+02  8.028072e+02  1.329660e+03 
 2.850426e-01  2.672656e+02  5.431455e+02  7.853166e+02  1.308230e+03 
 2.890160e-01  2.605441e+02  5.318067e+02  7.708146e+02  1.287486e+03 
 2.930447e-01  2.542780e+02  5.210375e+02  7.564467e+02  1.264886e+03 
 2.971296e-01  2.483820e+02  5.094514e+02  7.390117e+02  1.234075e+03 
 3.012714e-01  2.431292e+02  5.003672e+02  7.269956e+02  1.216084e+03 
 3.054710e-01  2.381487e+02  4.920564e+02  7.166968e+02  1.202529e+03 
 3.097291e-01  2.323103e+02  4.811019e+02  7.022014e+02  1.182407e+03 
 3.140465e-01  2.271155e+02  4.704380e+02  6.866810e+02  1.156260e+03 
 3.184242e-01  2.226056e+02  4.612782e+02  6.732975e+02  1.133549e+03 
 3.228628e-01  2.190587e+02  4.553175e+02  6.658060e+02  1.124419e+03 
 3.273634e-01  2.139467e+02  4.447880e+02  6.504810e+02  1.099271e+03 
 3.319266e-01  2.085954e+02  4.341867e+02  6.356973e+02  1.076631e+03 
 3.365535e-01  2.034198e+02  4.248159e+02  6.236195e+02  1.060424e+03 
 3.412449e-01  1.997504e+02  4.199616e+02  6.178947e+02  1.050970e+03 
 3.460016e-01  1.956391e+02  4.132050e+02  6.091771e+02  1.038479e+03 
 3.508247e-01  1.915457e+02  4.058435e+02  5.993149e+02  1.023794e+03 
 3.557150e-01  1.875518e+02  3.983692e+02  5.891430e+02  1.007885e+03 
 3.606735e-01  1.829652e+02  3.900897e+02  5.782244e+02  9.922700e+02 
 3.657011e-01  1.775726e+02  3.796765e+02  5.638674e+02  9.719477e+02 
 3.707988e-01  1.732949e+02  3.713174e+02  5.523727e+02  9.545612e+02 
 3.759675e-01  1.694571e+02  3.638262e+02  5.420087e+02  9.387167e+02 
 3.812083e-01  1.655856e+02  3.566659e+02  5.322465e+02  9.241409e+02 
 3.865221e-01  1.623730e+02  3.518951e+02  5.267122e+02  9.146223e+02 
 3.919100e-01  1.590727e+02  3.439932e+02  5.145419e+02  8.977008e+02 
 3.973730e-01  1.553102e+02  3.375869e+02  5.064848e+02  8.845902e+02 
 4.029122e-01  1.522566e+02  3.327047e+02  4.996474e+02  8.715790e+02 
 4.085286e-01  1.491682e+02  3.259473e+02  4.898698e+02  8.573133e+02 
 4.142232e-01  1.453973e+02  3.180853e+02  4.793841e+02  8.440902e+02 
 4.199973e-01  1.416729e+02  3.115098e+02  4.709750e+02  8.314935e+02 
 4.258518e-01  1.386647e+02  3.058057e+02  4.627892e+02  8.169753e+02 
 4.317880e-01  1.355060e+02  2.994910e+02  4.533584e+02  8.021696e+02 
 4.378069e-01  1.327554e+02  2.938905e+02  4.452837e+02  7.884865e+02 
 4.439097e-01  1.304838e+02  2.903197e+02  4.410084e+02  7.844977e+02 
 4.500975e-01  1.269721e+02  2.835927e+02  4.317218e+02  7.705061e+02 
 4.563716e-01  1.240370e+02  2.773673e+02  4.225703e+02  7.537814e+02 
 4.627332e-01  1.221602e+02  2.747929e+02  4.198944e+02  7.514330e+02 
 4.691835e-01  1.190538e+02  2.684300e+02  4.106382e+02  7.355431e+02 
 4.757236e-01  1.168129e+02  2.639377e+02  4.044391e+02  7.258464e+02 
 4.823549e-01  1.137472e+02  2.574925e+02  3.952572e+02  7.132193e+02 
 4.890787e-01  1.112897e+02  2.525678e+02  3.885125e+02  7.023839e+02 
 4.958962e-01  1.094166e+02  2.488326e+02  3.826393e+02  6.912887e+02 
 5.028087e-01  1.069360e+02  2.444207e+02  3.766226e+02  6.823058e+02 
 5.098176e-01  1.049426e+02  2.406640e+02  3.711175e+02  6.711843e+02 
 5.169242e-01  1.031160e+02  2.371382e+02  3.663421e+02  6.646658e+02 
 5.241298e-01  9.975924e+01  2.312052e+02  3.589726e+02  6.554781e+02 
 5.314359e-01  9.801357e+01  2.284837e+02  3.552437e+02  6.492504e+02 
 5.388438e-01  9.596526e+01  2.236882e+02  3.479796e+02  6.380176e+02 
 5.463550e-01  9.423614e+01  2.201920e+02  3.427017e+02  6.289931e+02 
 5.539709e-01  9.169304e+01  2.155427e+02  3.367118e+02  6.194818e+02 
 5.616930e-01  9.004195e+01  2.122327e+02  3.319661e+02  6.121612e+02 
 5.695227e-01  8.824498e+01  2.092034e+02  3.281914e+02  6.040289e+02 
 5.774615e-01  8.623867e+01  2.044054e+02  3.209622e+02  5.934848e+02 
 5.855110e-01  8.468062e+01  2.014354e+02  3.163441e+02  5.854532e+02 
 5.936727e-01  8.272515e+01  1.967647e+02  3.097740e+02  5.754180e+02 
 6.019482e-01  8.131279e+01  1.945332e+02  3.061123e+02  5.684854e+02 
 6.103390e-01  7.937642e+01  1.911057e+02  3.016241e+02  5.603735e+02 
 6.188468e-01  7.759801e+01  1.880428e+02  2.988473e+02  5.583939e+02 
 6.274732e-01  7.628993e+01  1.845769e+02  2.927953e+02  5.483534e+02 
 6.362198e-01  7.473501e+01  1.817956e+02  2.886728e+02  5.401617e+02 
 6.450884e-01  7.297615e+01  1.785238e+02  2.840956e+02  5.320570e+02 
 6.540806e-01  7.146076e+01  1.747664e+02  2.783357e+02  5.235959e+02 
 6.631981e-01  6.986697e+01  1.721640e+02  2.755043e+02  5.184858e+02 
 6.724427e-01  6.852887e+01  1.691784e+02  2.712879e+02  5.132426e+02 
 6.818162e-01  6.703773e+01  1.661753e+02  2.659431e+02  5.031920e+02 
 6.913204e-01  6.559377e+01  1.631473e+02  2.620044e+02  4.963846e+02 
 7.009570e-01  6.465802e+01  1.607548e+02  2.584359e+02  4.900789e+02 
 7.107280e-01  6.298203e+01  1.580456e+02  2.546115e+02  4.824878e+02 
 7.206351e-01  6.200222e+01  1.556434e+02  2.513535e+02  4.784928e+02 
 7.306804e-01  6.073182e+01  1.533042e+02  2.474453e+02  4.701388e+02 
 7.408657e-01  5.937895e+01  1.503107e+02  2.431019e+02  4.641170e+02 
 7.511929e-01  5.811147e+01  1.475872e+02  2.395528e+02  4.579131e+02 
 7.616642e-01  5.698255e+01  1.449579e+02  2.357772e+02  4.521110e+02 
 7.722814e-01  5.620836e+01  1.434954e+02  2.332005e+02  4.457886e+02 
 7.830465e-01  5.502404e+01  1.407683e+02  2.293067e+02  4.400497e+02 
 7.939618e-01  5.398709e+01  1.389447e+02  2.263848e+02  4.355609e+02 
 8.050292e-01  5.278370e+01  1.363739e+02  2.233417e+02  4.299928e+02 
 8.162509e-01  5.184754e+01  1.343914e+02  2.196759e+02  4.225582e+02 
 8.276289e-01  5.057665e+01  1.317312e+02  2.161492e+02  4.172412e+02 
 8.391656e-01  4.992413e+01  1.301936e+02  2.131706e+02  4.126261e+02 
 8.508632e-01  4.900482e+01  1.279779e+02  2.102927e+02  4.071607e+02 
 8.627237e-01  4.791045e+01  1.259324e+02  2.071698e+02  4.008104e+02 
 8.747496e-01  4.702357e+01  1.238050e+02  2.041261e+02  3.956024e+02 
 8.869432e-01  4.619301e+01  1.220421e+02  2.013932e+02  3.906917e+02 
 8.993067e-01  4.524775e+01  1.201120e+02  1.984066e+02  3.851233e+02 
 9.118425e-01  4.453441e+01  1.180799e+02  1.951202e+02  3.784456e+02 
 9.245531e-01  4.355380e+01  1.161262e+02  1.921162e+02  3.742915e+02 
 9.374409e-01  4.271034e+01  1.143471e+02  1.896788e+02  3.694316e+02 
 9.505083e-01  4.198926e+01  1.125569e+02  1.869624e+02  3.643003e+02 
 9.637579e-01  4.108875e+01  1.104254e+02  1.837363e+02  3.591156e+02 
 9.771921e-01  4.053091e+01  1.097745e+02  1.820392e+02  3.544487e+02 
 9.908137e-01  3.974181e+01  1.077396e+02  1.791583e+02  3.499230e+02 
 1.004625e+00  3.896786e+01  1.057776e+02  1.761279e+02  3.441605e+02 
 1.018629e+00  3.831076e+01  1.043305e+02  1.737267e+02  3.392834e+02 
 1.032828e+00  3.756335e+01  1.026845e+02  1.714948e+02  3.357792e+02 
 1.047225e+00  3.682224e+01  1.012119e+02  1.688229e+02  3.300903e+02 
 1.061823e+00  3.623818e+01  9.986216e+01  1.665691e+02  3.255022e+02 
 1.076624e+00  3.555115e+01  9.828196e+01  1.641333e+02  3.207486e+02 
 1.091632e+00  3.494223e+01  9.671269e+01  1.618540e+02  3.159928e+02 
 1.106848e+00  3.426165e+01  9.506226e+01  1.593922e+02  3.117567e+02 
 1.122277e+00  3.364275e+01  9.374830e+01  1.568593e+02  3.067253e+02 
 1.137921e+00  3.302140e+01  9.215570e+01  1.545103e+02  3.022804e+02 
 1.153783e+00  3.247700e+01  9.075296e+01  1.522415e+02  2.980759e+02 
 1.169866e+00  3.189926e+01  8.942381e+01  1.499998e+02  2.940124e+02 
 1.186174e+00  3.130599e+01  8.813890e+01  1.478259e+02  2.894169e+02 
 1.202708e+00  3.078632e+01  8.677642e+01  1.456889e+02  2.851466e+02 
 1.219473e+00  3.026259e+01  8.551170e+01  1.436696e+02  2.805373e+02 
 1.236472e+00  2.971485e+01  8.423549e+01  1.416451e+02  2.766057e+02 
 1.253708e+00  2.921568e+01  8.290311e+01  1.393236e+02  2.725691e+02 
 1.271184e+00  2.871839e+01  8.194130e+01  1.376849e+02  2.684053e+02 
 1.288904e+00  2.821407e+01  8.038869e+01  1.353040e+02  2.646252e+02 
 1.306870e+00  2.769533e+01  7.916013e+01  1.332505e+02  2.602682e+02 
 1.325087e+00  2.726280e+01  7.801159e+01  1.313133e+02  2.559885e+02 
 1.343558e+00  2.679346e+01  7.678970e+01  1.292939e+02  2.519767e+02 
 1.362287e+00  2.636231e+01  7.556572e+01  1.271570e+02  2.479378e+02 
 1.381276e+00  2.589920e+01  7.443098e+01  1.249983e+02  2.439317e+02 
 1.400531e+00  2.547111e+01  7.329225e+01  1.231605e+02  2.397411e+02 
 1.420053e+00  2.501672e+01  7.206826e+01  1.213016e+02  2.357618e+02 
 1.439848e+00  2.460552e+01  7.103310e+01  1.192735e+02  2.319945e+02 
 1.459919e+00  2.415955e+01  6.989667e+01  1.173847e+02  2.279128e+02 
 1.480269e+00  2.380775e+01  6.869747e+01  1.153858e+02  2.237472e+02 
 1.500903e+00  2.339863e+01  6.766562e+01  1.135026e+02  2.203976e+02 
 1.521825e+00  2.299777e+01  6.668469e+01  1.117996e+02  2.165303e+02 
 1.543038e+00  2.260151e+01  6.561330e+01  1.100789e+02  2.130647e+02 
 1.564548e+00  2.225860e+01  6.458141e+01  1.082485e+02  2.092315e+02 
 1.586357e+00  2.189223e+01  6.362500e+01  1.065097e+02  2.055499e+02 
 1.608469e+00  2.150760e+01  6.262706e+01  1.047639e+02  2.021725e+02 
 1.630891e+00  2.121489e+01  6.151987e+01  1.028250e+02  1.982455e+02 
 1.653624e+00  2.083273e+01  6.052094e+01  1.012182e+02  1.950302e+02 
 1.676675e+00  2.048606e+01  5.964585e+01  9.958041e+01  1.913274e+02 
 1.700047e+00  2.014108e+01  5.868013e+01  9.786180e+01  1.879263e+02 
 1.723745e+00  1.982537e+01  5.768487e+01  9.617031e+01  1.842217e+02 
 1.747773e+00  1.947495e+01  5.670451e+01  9.446077e+01  1.807886e+02 
 1.772136e+00  1.915785e+01  5.577658e+01  9.277693e+01  1.775660e+02 
 1.796838e+00  1.885274e+01  5.483625e+01  9.115844e+01  1.741573e+02 
 1.821885e+00  1.856633e+01  5.391069e+01  8.949848e+01  1.709173e+02 
 1.847281e+00  1.825309e+01  5.308693e+01  8.800801e+01  1.676611e+02 
 1.873032e+00  1.795962e+01  5.214938e+01  8.628400e+01  1.645052e+02 
 1.899141e+00  1.766019e+01  5.122209e+01  8.477214e+01  1.613393e+02 
 1.925614e+00  1.738668e+01  5.037929e+01  8.326457e+01  1.581116e+02 
 1.952456e+00  1.715082e+01  4.956966e+01  8.178243e+01  1.549952e+02 
 1.979672e+00  1.683515e+01  4.875337e+01  8.029534e+01  1.519835e+02 
 2.007267e+00  1.658530e+01  4.789558e+01  7.870394e+01  1.490553e+02 
 2.035248e+00  1.629589e+01  4.702130e+01  7.720645e+01  1.459641e+02 
 2.063618e+00  1.603010e+01  4.617052e+01  7.574656e+01  1.429561e+02 
 2.092383e+00  1.577633e+01  4.535217e+01  7.426343e+01  1.400377e+02 
 2.121550e+00  1.550844e+01  4.451661e+01  7.282174e+01  1.371145e+02 
 2.151123e+00  1.526005e+01  4.372093e+01  7.136417e+01  1.341853e+02 
 2.181109e+00  1.500607e+01  4.289611e+01  6.997277e+01  1.314327e+02 
 2.211512e+00  1.476236e+01  4.208237e+01  6.852801e+01  1.285274e+02 
 2.242340e+00  1.452240e+01  4.133732e+01  6.718568e+01  1.258272e+02 
 2.273597e+00  1.426850e+01  4.056083e+01  6.576802e+01  1.231106e+02 
 2.305289e+00  1.405105e+01  3.979037e+01  6.446116e+01  1.204826e+02 
 2.337424e+00  1.382064e+01  3.902483e+01  6.311488e+01  1.179012e+02 
 2.370006e+00  1.358961e+01  3.828529e+01  6.184115e+01  1.154040e+02 
 2.403043e+00  1.335470e+01  3.756052e+01  6.052731e+01  1.128402e+02 
 2.436540e+00  1.314428e+01  3.685334e+01  5.927965e+01  1.103483e+02 
 2.470504e+00  1.292701e+01  3.614587e+01  5.801321e+01  1.078921e+02 
 2.504942e+00  1.271304e+01  3.545526e+01  5.680506e+01  1.055141e+02 
 2.539859e+00  1.250899e+01  3.474125e+01  5.556642e+01  1.030979e+02 
 2.575263e+00  1.228735e+01  3.403252e+01  5.440577e+01  1.008129e+02 
 2.611161e+00  1.208674e+01  3.335133e+01  5.317436e+01  9.851407e+01 
 2.647559e+00  1.188152e+01  3.266696e+01  5.198039e+01  9.620269e+01 
 2.684465e+00  1.167911e+01  3.201901e+01  5.082298e+01  9.397258e+01 
 2.721885e+00  1.146992e+01  3.132605e+01  4.968953e+01  9.178458e+01 
 2.759826e+00  1.127415e+01  3.066083e+01  4.855290e+01  8.963800e+01 
 2.798297e+00  1.107721e+01  3.002962e+01  4.745648e+01  8.757887e+01 
 2.837304e+00  1.088663e+01  2.939076e+01  4.637390e+01  8.551340e+01 
 2.876854e+00  1.069555e+01  2.875892e+01  4.530851e+01  8.350420e+01 
 2.916956e+00  1.051080e+01  2.815478e+01  4.426677e+01  8.149499e+01 
 2.957617e+00  1.033094e+01  2.755917e+01  4.326264e+01  7.957710e+01 
 2.998844e+00  1.014938e+01  2.697177e+01  4.225701e+01  7.767766e+01 
 3.040646e+00  9.971413e+00  2.638461e+01  4.126740e+01  7.587548e+01 
 3.083031e+00  9.796532e+00  2.580405e+01  4.030423e+01  7.406456e+01 
 3.126007e+00  9.626078e+00  2.524858e+01  3.935718e+01  7.227115e+01 
 3.169582e+00  9.451926e+00  2.467450e+01  3.840331e+01  7.052727e+01 
 3.213764e+00  9.280809e+00  2.412276e+01  3.748282e+01  6.881180e+01 
 3.258562e+00  9.108230e+00  2.358521e+01  3.657699e+01  6.712441e+01 
 3.303985e+00  8.940230e+00  2.303576e+01  3.568468e+01  6.547395e+01 
 3.350041e+00  8.776063e+00  2.249890e+01  3.480136e+01  6.384745e+01 
 3.396739e+00  8.609116e+00  2.197829e+01  3.395295e+01  6.225020e+01 
 3.444087e+00  8.449562e+00  2.145936e+01  3.309572e+01  6.069579e+01 
 3.492096e+00  8.291454e+00  2.096116e+01  3.228496e+01  5.920093e+01 
 3.540774e+00  8.130622e+00  2.047267e+01  3.148748e+01  5.772654e+01 
 3.590130e+00  7.978379e+00  1.998560e+01  3.069549e+01  5.629394e+01 
 3.640175e+00  7.828934e+00  1.951435e+01  2.994046e+01  5.488938e+01 
 3.690917e+00  7.677297e+00  1.906038e+01  2.918105e+01  5.351947e+01 
 3.742366e+00  7.530093e+00  1.859725e+01  2.845573e+01  5.220699e+01 
 3.794533e+00  7.387416e+00  1.815969e+01  2.774560e+01  5.090087e+01 
 3.847427e+00  7.243901e+00  1.771971e+01  2.704582e+01  4.964143e+01 
 3.901058e+00  7.099705e+00  1.729380e+01  2.636560e+01  4.838900e+01 
 3.955436e+00  6.963420e+00  1.687158e+01  2.568347e+01  4.716029e+01 
 4.010573e+00  6.821397e+00  1.645479e+01  2.503136e+01  4.597531e+01 
 4.066478e+00  6.683348e+00  1.604301e+01  2.438101e+01  4.479616e+01 
 4.123163e+00  6.546134e+00  1.564638e+01  2.374731e+01  4.364661e+01 
 4.180637e+00  6.413230e+00  1.525599e+01  2.313164e+01  4.252206e+01 
 4.238913e+00  6.280578e+00  1.486810e+01  2.252560e+01  4.143716e+01 
 4.298001e+00  6.147619e+00  1.449273e+01  2.193989e+01  4.036822e+01 
 4.357913e+00  6.023032e+00  1.412511e+01  2.136910e+01  3.934103e+01 
 4.418660e+00  5.896470e+00  1.377113e+01  2.080910e+01  3.833917e+01 
 4.480254e+00  5.771857e+00  1.342077e+01  2.026661e+01  3.735805e+01 
 4.542706e+00  5.651969e+00  1.307894e+01  1.973655e+01  3.640347e+01 
 4.606029e+00  5.532595e+00  1.275069e+01  1.922509e+01  3.548375e+01 
 4.670234e+00  5.415238e+00  1.242723e+01  1.873068e+01  3.458390e+01 
 4.735335e+00  5.300810e+00  1.211300e+01  1.824338e+01  3.370614e+01 
 4.801343e+00  5.189505e+00  1.180712e+01  1.777027e+01  3.284397e+01 
 4.868271e+00  5.077629e+00  1.150408e+01  1.730480e+01  3.200288e+01 
 4.936132e+00  4.967345e+00  1.120675e+01  1.685016e+01  3.118075e+01 
 5.004939e+00  4.857969e+00  1.091695e+01  1.640538e+01  3.037445e+01 
 5.074705e+00  4.749628e+00  1.063222e+01  1.596891e+01  2.958877e+01 
 5.145444e+00  4.644536e+00  1.035459e+01  1.554535e+01  2.882156e+01 
 5.217169e+00  4.539583e+00  1.008193e+01  1.513041e+01  2.806550e+01 
 5.289893e+00  4.438778e+00  9.818215e+00  1.473178e+01  2.733977e+01 
 5.363631e+00  4.337479e+00  9.560678e+00  1.433767e+01  2.662824e+01 
 5.438397e+00  4.239939e+00  9.309279e+00  1.395796e+01  2.593441e+01 
 5.514206e+00  4.143927e+00  9.065645e+00  1.358903e+01  2.526377e+01 
 5.591071e+00  4.049000e+00  8.829671e+00  1.323022e+01  2.461062e+01 
 5.669007e+00  3.958251e+00  8.598979e+00  1.288336e+01  2.397847e+01 
 5.748030e+00  3.868349e+00  8.375727e+00  1.254483e+01  2.335918e+01 
 5.828155e+00  3.780496e+00  8.158635e+00  1.221754e+01  2.275941e+01 
 5.909396e+00  3.694472e+00  7.946767e+00  1.189886e+01  2.217748e+01 
 5.991770e+00  3.609756e+00  7.739770e+00  1.158695e+01  2.160817e+01 
 6.075292e+00  3.526848e+00  7.538558e+00  1.128401e+01  2.104871e+01 
 6.159978e+00  3.444828e+00  7.340805e+00  1.098734e+01  2.050377e+01 
 6.245845e+00  3.364299e+00  7.147761e+00  1.069750e+01  1.996821e+01 
 6.332908e+00  3.284756e+00  6.958373e+00  1.041333e+01  1.944469e+01 
 6.421186e+00  3.207300e+00  6.774417e+00  1.013634e+01  1.893371e+01 
 6.510694e+00  3.130837e+00  6.594824e+00  9.867617e+00  1.843631e+01 
 6.601449e+00  3.056642e+00  6.420556e+00  9.606126e+00  1.795154e+01 
 6.693470e+00  2.983463e+00  6.250289e+00  9.350629e+00  1.747876e+01 
 6.786773e+00  2.912359e+00  6.085410e+00  9.103066e+00  1.702043e+01 
 6.881377e+00  2.843278e+00  5.925509e+00  8.863330e+00  1.657313e+01 
 6.977300e+00  2.775702e+00  5.770609e+00  8.631779e+00  1.613995e+01 
 7.074559e+00  2.710174e+00  5.619746e+00  8.405245e+00  1.571817e+01 
 7.173175e+00  2.645839e+00  5.473882e+00  8.186129e+00  1.530957e+01 
 7.273165e+00  2.583484e+00  5.332136e+00  7.974132e+00  1.491171e+01 
 7.374549e+00  2.522436e+00  5.193868e+00  7.766741e+00  1.452508e+01 
 7.477346e+00  2.462501e+00  5.059818e+00  7.566155e+00  1.414690e+01 
 7.581576e+00  2.404116e+00  4.928062e+00  7.368137e+00  1.377732e+01 
 7.687260e+00  2.346478e+00  4.799862e+00  7.175592e+00  1.341617e+01 
 7.794416e+00  2.289981e+00  4.674503e+00  6.986499e+00  1.306172e+01 
 7.903066e+00  2.234669e+00  4.551484e+00  6.801951e+00  1.271444e+01 
 8.013230e+00  2.180447e+00  4.432351e+00  6.623340e+00  1.237683e+01 
 8.124930e+00  2.127380e+00  4.315936e+00  6.448414e+00  1.204671e+01 
 8.238187e+00  2.075812e+00  4.202574e+00  6.277791e+00  1.172538e+01 
 8.353023e+00  2.025348e+00  4.092586e+00  6.112334e+00  1.141235e+01 
 8.469460e+00  1.976368e+00  3.985838e+00  5.951774e+00  1.110860e+01 
 8.587519e+00  1.928603e+00  3.882228e+00  5.795593e+00  1.081327e+01 
 8.707225e+00  1.882221e+00  3.781508e+00  5.644216e+00  1.052670e+01 
 8.828599e+00  1.837289e+00  3.684445e+00  5.497382e+00  1.024786e+01 
 8.951665e+00  1.793304e+00  3.590104e+00  5.354631e+00  9.977300e+00 
 9.076446e+00  1.750691e+00  3.498425e+00  5.216424e+00  9.714842e+00 
 9.202967e+00  1.709092e+00  3.409196e+00  5.081952e+00  9.459701e+00 
 9.331251e+00  1.668453e+00  3.322254e+00  4.950454e+00  9.210481e+00 
 9.461324e+00  0.000000e+00  0.000000e+00  0.000000e+00  0.000000e+00 
 9.593209e+00  0.000000e+00  0.000000e+00  0.000000e+00  0.000000e+00 
 9.726934e+00  0.000000e+00  0.000000e+00  0.000000e+00  0.000000e+00 
 9.862522e+00  0.000000e+00  0.000000e+00  0.000000e+00  0.000000e+00 
 1.000000e+01  0.000000e+00  0.000000e+00  0.000000e+00  0.000000e+00 
