 1.000000e-02  5.913188e+03  1.074295e+04  1.449048e+04  2.148677e+04 
 1.013939e-02  5.944313e+03  1.079935e+04  1.456630e+04  2.159885e+04 
 1.028073e-02  5.974909e+03  1.085470e+04  1.464075e+04  2.170890e+04 
 1.042404e-02  6.004954e+03  1.090898e+04  1.471385e+04  2.181682e+04 
 1.056935e-02  6.034447e+03  1.096227e+04  1.478569e+04  2.192270e+04 
 1.071668e-02  6.063377e+03  1.101468e+04  1.485619e+04  2.202656e+04 
 1.086606e-02  6.091712e+03  1.106603e+04  1.492519e+04  2.212830e+04 
 1.101753e-02  6.119430e+03  1.111618e+04  1.499259e+04  2.222776e+04 
 1.117111e-02  6.146506e+03  1.116509e+04  1.505830e+04  2.232484e+04 
 1.132683e-02  6.172905e+03  1.121277e+04  1.512236e+04  2.241948e+04 
 1.148472e-02  6.198614e+03  1.125923e+04  1.518486e+04  2.251161e+04 
 1.164481e-02  6.223621e+03  1.130442e+04  1.524568e+04  2.260108e+04 
 1.180713e-02  6.247905e+03  1.134828e+04  1.530469e+04  2.268781e+04 
 1.197171e-02  6.271443e+03  1.139079e+04  1.536181e+04  2.277175e+04 
 1.213859e-02  6.294207e+03  1.143188e+04  1.541693e+04  2.285289e+04 
 1.230780e-02  6.316173e+03  1.147153e+04  1.547006e+04  2.293119e+04 
 1.247936e-02  6.337312e+03  1.150966e+04  1.552125e+04  2.300648e+04 
 1.265332e-02  6.357617e+03  1.154627e+04  1.557044e+04  2.307864e+04 
 1.282970e-02  6.377064e+03  1.158132e+04  1.561753e+04  2.314765e+04 
 1.300854e-02  6.395605e+03  1.161472e+04  1.566230e+04  2.321334e+04 
 1.318987e-02  6.413224e+03  1.164645e+04  1.570472e+04  2.327567e+04 
 1.337373e-02  6.429934e+03  1.167652e+04  1.574490e+04  2.333473e+04 
 1.356015e-02  6.445705e+03  1.170487e+04  1.578287e+04  2.339040e+04 
 1.374917e-02  6.460492e+03  1.173143e+04  1.581844e+04  2.344241e+04 
 1.394083e-02  6.474275e+03  1.175615e+04  1.585151e+04  2.349059e+04 
 1.413516e-02  6.487031e+03  1.177901e+04  1.588204e+04  2.353494e+04 
 1.433219e-02  6.498736e+03  1.179993e+04  1.590997e+04  2.357549e+04 
 1.453198e-02  6.509375e+03  1.181893e+04  1.593532e+04  2.361224e+04 
 1.473454e-02  6.518918e+03  1.183592e+04  1.595803e+04  2.364502e+04 
 1.493993e-02  6.527331e+03  1.185086e+04  1.597793e+04  2.367364e+04 
 1.514819e-02  6.534600e+03  1.186375e+04  1.599501e+04  2.369819e+04 
 1.535935e-02  6.540719e+03  1.187456e+04  1.600930e+04  2.371856e+04 
 1.557345e-02  6.545665e+03  1.188324e+04  1.602068e+04  2.373464e+04 
 1.579053e-02  6.549411e+03  1.188974e+04  1.602908e+04  2.374632e+04 
 1.601064e-02  6.551933e+03  1.189400e+04  1.603452e+04  2.375353e+04 
 1.623382e-02  6.553210e+03  1.189599e+04  1.603694e+04  2.375620e+04 
 1.646012e-02  6.553213e+03  1.189568e+04  1.603622e+04  2.375430e+04 
 1.668956e-02  6.551926e+03  1.189302e+04  1.603233e+04  2.374775e+04 
 1.692220e-02  6.549351e+03  1.188800e+04  1.602527e+04  2.373643e+04 
 1.715809e-02  6.545457e+03  1.188060e+04  1.601497e+04  2.372028e+04 
 1.739726e-02  6.540217e+03  1.187076e+04  1.600138e+04  2.369921e+04 
 1.763977e-02  6.533630e+03  1.185847e+04  1.598449e+04  2.367320e+04 
 1.788566e-02  6.525675e+03  1.184369e+04  1.596426e+04  2.364219e+04 
 1.813498e-02  6.516336e+03  1.182638e+04  1.594061e+04  2.360619e+04 
 1.838777e-02  6.505602e+03  1.180653e+04  1.591351e+04  2.356513e+04 
 1.864409e-02  6.493460e+03  1.178413e+04  1.588296e+04  2.351886e+04 
 1.890397e-02  6.479886e+03  1.175914e+04  1.584893e+04  2.346733e+04 
 1.916748e-02  6.464869e+03  1.173154e+04  1.581135e+04  2.341057e+04 
 1.943467e-02  6.448418e+03  1.170130e+04  1.577024e+04  2.334864e+04 
 1.970558e-02  6.430522e+03  1.166842e+04  1.572559e+04  2.328147e+04 
 1.998026e-02  6.411153e+03  1.163289e+04  1.567733e+04  2.320891e+04 
 2.025878e-02  6.390323e+03  1.159474e+04  1.562553e+04  2.313097e+04 
 2.054117e-02  6.368038e+03  1.155393e+04  1.557015e+04  2.304776e+04 
 2.082751e-02  6.344286e+03  1.151044e+04  1.551116e+04  2.295930e+04 
 2.111783e-02  6.319068e+03  1.146427e+04  1.544858e+04  2.286552e+04 
 2.141220e-02  6.292469e+03  1.141557e+04  1.538250e+04  2.276639e+04 
 2.171068e-02  6.264989e+03  1.136502e+04  1.531370e+04  2.266244e+04 
 2.201331e-02  6.236046e+03  1.131183e+04  1.524132e+04  2.255323e+04 
 2.232016e-02  6.205662e+03  1.125601e+04  1.516540e+04  2.243892e+04 
 2.263130e-02  6.173841e+03  1.119758e+04  1.508596e+04  2.231945e+04 
 2.294676e-02  6.140587e+03  1.113654e+04  1.500304e+04  2.219474e+04 
 2.326663e-02  6.105908e+03  1.107293e+04  1.491664e+04  2.206481e+04 
 2.359095e-02  6.069835e+03  1.100679e+04  1.482683e+04  2.192980e+04 
 2.391980e-02  6.032368e+03  1.093812e+04  1.473358e+04  2.178973e+04 
 2.425323e-02  5.993530e+03  1.086696e+04  1.463696e+04  2.164470e+04 
 2.459130e-02  5.953372e+03  1.079341e+04  1.453714e+04  2.149490e+04 
 2.493409e-02  5.911900e+03  1.071747e+04  1.443411e+04  2.134034e+04 
 2.528166e-02  5.869116e+03  1.063916e+04  1.432788e+04  2.118106e+04 
 2.563407e-02  5.825061e+03  1.055854e+04  1.421856e+04  2.101720e+04 
 2.599140e-02  5.779783e+03  1.047572e+04  1.410626e+04  2.084891e+04 
 2.635371e-02  5.733329e+03  1.039076e+04  1.399108e+04  2.067633e+04 
 2.672106e-02  5.685732e+03  1.030372e+04  1.387311e+04  2.049965e+04 
 2.709354e-02  5.637032e+03  1.021469e+04  1.375244e+04  2.031898e+04 
 2.747121e-02  5.587263e+03  1.012372e+04  1.362917e+04  2.013448e+04 
 2.785414e-02  5.536389e+03  1.003078e+04  1.350327e+04  1.994616e+04 
 2.824241e-02  5.484177e+03  9.935543e+03  1.337438e+04  1.975369e+04 
 2.863610e-02  5.431048e+03  9.838641e+03  1.324326e+04  1.955793e+04 
 2.903527e-02  5.377061e+03  9.740189e+03  1.311006e+04  1.935911e+04 
 2.944000e-02  5.322272e+03  9.640292e+03  1.297490e+04  1.915742e+04 
 2.985038e-02  5.266734e+03  9.539030e+03  1.283793e+04  1.895305e+04 
 3.026648e-02  5.210501e+03  9.436511e+03  1.269929e+04  1.874619e+04 
 3.068838e-02  5.153633e+03  9.332846e+03  1.255910e+04  1.853708e+04 
 3.111616e-02  5.096200e+03  9.228159e+03  1.241753e+04  1.832594e+04 
 3.154990e-02  5.038273e+03  9.122582e+03  1.227477e+04  1.811305e+04 
 3.198969e-02  4.979931e+03  9.016248e+03  1.213101e+04  1.789871e+04 
 3.243561e-02  4.921240e+03  8.909291e+03  1.198639e+04  1.768315e+04 
 3.288774e-02  4.862257e+03  8.801832e+03  1.184111e+04  1.746660e+04 
 3.334618e-02  4.803052e+03  8.694000e+03  1.169531e+04  1.724931e+04 
 3.381101e-02  4.743712e+03  8.585929e+03  1.154918e+04  1.703158e+04 
 3.428231e-02  4.684328e+03  8.477759e+03  1.140297e+04  1.681367e+04 
 3.476019e-02  4.624800e+03  8.369660e+03  1.125726e+04  1.659763e+04 
 3.524473e-02  4.565355e+03  8.261735e+03  1.111179e+04  1.638200e+04 
 3.573602e-02  4.506069e+03  8.154121e+03  1.096672e+04  1.616699e+04 
 3.623416e-02  4.447026e+03  8.046949e+03  1.082225e+04  1.595287e+04 
 3.673925e-02  4.388308e+03  7.940362e+03  1.067857e+04  1.573991e+04 
 3.725137e-02  4.329988e+03  7.834497e+03  1.053585e+04  1.552840e+04 
 3.777064e-02  4.272149e+03  7.729500e+03  1.039429e+04  1.531862e+04 
 3.829714e-02  4.214857e+03  7.625495e+03  1.025405e+04  1.511084e+04 
 3.883098e-02  4.158170e+03  7.522588e+03  1.011530e+04  1.490526e+04 
 3.937226e-02  4.102156e+03  7.420900e+03  9.978213e+03  1.470213e+04 
 3.992109e-02  4.046888e+03  7.320563e+03  9.842956e+03  1.450170e+04 
 4.047757e-02  3.992427e+03  7.221654e+03  9.709561e+03  1.430397e+04 
 4.104181e-02  3.938606e+03  7.123253e+03  9.576135e+03  1.410428e+04 
 4.161391e-02  3.885719e+03  7.026553e+03  9.445012e+03  1.390803e+04 
 4.219398e-02  3.833817e+03  6.931641e+03  9.316319e+03  1.371540e+04 
 4.278214e-02  3.782947e+03  6.838599e+03  9.190163e+03  1.352656e+04 
 4.337850e-02  3.733150e+03  6.747506e+03  9.066655e+03  1.334167e+04 
 4.398317e-02  3.684468e+03  6.658437e+03  8.945881e+03  1.316086e+04 
 4.459628e-02  3.636940e+03  6.571468e+03  8.827924e+03  1.298430e+04 
 4.521792e-02  3.590592e+03  6.486649e+03  8.712857e+03  1.281205e+04 
 4.584824e-02  3.545442e+03  6.404010e+03  8.600750e+03  1.264421e+04 
 4.648734e-02  3.501510e+03  6.323580e+03  8.491647e+03  1.248082e+04 
 4.713535e-02  3.458997e+03  6.246565e+03  8.388013e+03  1.232781e+04 
 4.779239e-02  3.417832e+03  6.172496e+03  8.288858e+03  1.218283e+04 
 4.845859e-02  3.377893e+03  6.100639e+03  8.192663e+03  1.204223e+04 
 4.913407e-02  3.339162e+03  6.030957e+03  8.099391e+03  1.190593e+04 
 4.981898e-02  3.301618e+03  5.963410e+03  8.009004e+03  1.177388e+04 
 5.051342e-02  3.265232e+03  5.897966e+03  7.921445e+03  1.164601e+04 
 5.121755e-02  3.229972e+03  5.834579e+03  7.836641e+03  1.152222e+04 
 5.193150e-02  3.195793e+03  5.773160e+03  7.754472e+03  1.140231e+04 
 5.265540e-02  3.162648e+03  5.713593e+03  7.674790e+03  1.128610e+04 
 5.338938e-02  3.130216e+03  5.654803e+03  7.595658e+03  1.116939e+04 
 5.413360e-02  3.098391e+03  5.596515e+03  7.516611e+03  1.105126e+04 
 5.488820e-02  3.067411e+03  5.539766e+03  7.439652e+03  1.093624e+04 
 5.565331e-02  3.037139e+03  5.484305e+03  7.364437e+03  1.082382e+04 
 5.642908e-02  3.007440e+03  5.429884e+03  7.290621e+03  1.071349e+04 
 5.721568e-02  2.978345e+03  5.376561e+03  7.218286e+03  1.060537e+04 
 5.801323e-02  2.949987e+03  5.324582e+03  7.147769e+03  1.049997e+04 
 5.882190e-02  2.922330e+03  5.273886e+03  7.078988e+03  1.039717e+04 
 5.964185e-02  2.895248e+03  5.224604e+03  7.012496e+03  1.029878e+04 
 6.047322e-02  2.868729e+03  5.177353e+03  6.949774e+03  1.020873e+04 
 6.131619e-02  2.841789e+03  5.129330e+03  6.886019e+03  1.011720e+04 
 6.217090e-02  2.814382e+03  5.080463e+03  6.821131e+03  1.002402e+04 
 6.303753e-02  2.786557e+03  5.030841e+03  6.755236e+03  9.929385e+03 
 6.391624e-02  2.758348e+03  4.980529e+03  6.688418e+03  9.833426e+03 
 6.480720e-02  2.729653e+03  4.929341e+03  6.620430e+03  9.735786e+03 
 6.571058e-02  2.700297e+03  4.876965e+03  6.550851e+03  9.635827e+03 
 6.662655e-02  2.668817e+03  4.818683e+03  6.471203e+03  9.515197e+03 
 6.755528e-02  2.636360e+03  4.758579e+03  6.389077e+03  9.390823e+03 
 6.849697e-02  2.602887e+03  4.696659e+03  6.304544e+03  9.262988e+03 
 6.945178e-02  2.568318e+03  4.632780e+03  6.217415e+03  9.131420e+03 
 7.041990e-02  2.532589e+03  4.566834e+03  6.127542e+03  8.995911e+03 
 7.140151e-02  2.495642e+03  4.498722e+03  6.034785e+03  8.856272e+03 
 7.239681e-02  2.457729e+03  4.429202e+03  5.940554e+03  8.715773e+03 
 7.340598e-02  2.418894e+03  4.358418e+03  5.845109e+03  8.575029e+03 
 7.442922e-02  2.378762e+03  4.285331e+03  5.746593e+03  8.429864e+03 
 7.546673e-02  2.337355e+03  4.209975e+03  5.645061e+03  8.280352e+03 
 7.651869e-02  2.294730e+03  4.132444e+03  5.540647e+03  8.126670e+03 
 7.758532e-02  2.250953e+03  4.052858e+03  5.433513e+03  7.969036e+03 
 7.866682e-02  2.207050e+03  3.974301e+03  5.329003e+03  7.818280e+03 
 7.976339e-02  2.163694e+03  3.898759e+03  5.230498e+03  7.681195e+03 
 8.087525e-02  2.119454e+03  3.821567e+03  5.129700e+03  7.540599e+03 
 8.200261e-02  2.074489e+03  3.742992e+03  5.026980e+03  7.397021e+03 
 8.314568e-02  2.028980e+03  3.663343e+03  4.922752e+03  7.251058e+03 
 8.430468e-02  1.983109e+03  3.582955e+03  4.817467e+03  7.103353e+03 
 8.547985e-02  1.936155e+03  3.499223e+03  4.706373e+03  6.943901e+03 
 8.667139e-02  1.888845e+03  3.414222e+03  4.592958e+03  6.779501e+03 
 8.787954e-02  1.841860e+03  3.329809e+03  4.480302e+03  6.616149e+03 
 8.910453e-02  1.795433e+03  3.246395e+03  4.368952e+03  6.454657e+03 
 9.034660e-02  1.749778e+03  3.164363e+03  4.259446e+03  6.295817e+03 
 9.160598e-02  1.705830e+03  3.086358e+03  4.156228e+03  6.148168e+03 
 9.288292e-02  1.663709e+03  3.012488e+03  4.059321e+03  6.011487e+03 
 9.417766e-02  1.622947e+03  2.941014e+03  3.965535e+03  5.879177e+03 
 9.549045e-02  1.583719e+03  2.872245e+03  3.875303e+03  5.751892e+03 
 9.682153e-02  1.546181e+03  2.806464e+03  3.789037e+03  5.630262e+03 
 9.817117e-02  1.510730e+03  2.744796e+03  3.708610e+03  5.517908e+03 
 9.953962e-02  1.477313e+03  2.686907e+03  3.633303e+03  5.413239e+03 
 1.009272e-01  1.445914e+03  2.632621e+03  3.562762e+03  5.315418e+03 
 1.023340e-01  1.416584e+03  2.582026e+03  3.497159e+03  5.224719e+03 
 1.037605e-01  1.388626e+03  2.533019e+03  3.432906e+03  5.134170e+03 
 1.052069e-01  1.360088e+03  2.479775e+03  3.360057e+03  5.024458e+03 
 1.066734e-01  1.333634e+03  2.430378e+03  3.292427e+03  4.922541e+03 
 1.081604e-01  1.309171e+03  2.384672e+03  3.229832e+03  4.828105e+03 
 1.096681e-01  1.286554e+03  2.342361e+03  3.171843e+03  4.740539e+03 
 1.111968e-01  1.265955e+03  2.304132e+03  3.119555e+03  4.661411e+03 
 1.127468e-01  1.246848e+03  2.268661e+03  3.071017e+03  4.587897e+03 
 1.143184e-01  1.228985e+03  2.235489e+03  3.025606e+03  4.519056e+03 
 1.159120e-01  1.212082e+03  2.204081e+03  2.982622e+03  4.453796e+03 
 1.175277e-01  1.196911e+03  2.176916e+03  2.946275e+03  4.400150e+03 
 1.191660e-01  1.182261e+03  2.150806e+03  2.911390e+03  4.348851e+03 
 1.208271e-01  1.167744e+03  2.124936e+03  2.876827e+03  4.298044e+03 
 1.225114e-01  1.153019e+03  2.098668e+03  2.841765e+03  4.246577e+03 
 1.242191e-01  1.137504e+03  2.070818e+03  2.804649e+03  4.192958e+03 
 1.259506e-01  1.121293e+03  2.041713e+03  2.765810e+03  4.136758e+03 
 1.277063e-01  1.104173e+03  2.010972e+03  2.724749e+03  4.077220e+03 
 1.294865e-01  1.086335e+03  1.979127e+03  2.682294e+03  4.015346e+03 
 1.312915e-01  1.067706e+03  1.946093e+03  2.638322e+03  3.950904e+03 
 1.331216e-01  1.047757e+03  1.910682e+03  2.591079e+03  3.881529e+03 
 1.349772e-01  1.026474e+03  1.873120e+03  2.540589e+03  3.807498e+03 
 1.368587e-01  1.005151e+03  1.837278e+03  2.495122e+03  3.747605e+03 
 1.387665e-01  9.825972e+02  1.799096e+03  2.446419e+03  3.682508e+03 
 1.407008e-01  9.589690e+02  1.758583e+03  2.394773e+03  3.612759e+03 
 1.426621e-01  9.353803e+02  1.718646e+03  2.343296e+03  3.541633e+03 
 1.446507e-01  9.114443e+02  1.678055e+03  2.290771e+03  3.468185e+03 
 1.466671e-01  8.871799e+02  1.636699e+03  2.237084e+03  3.392756e+03 
 1.487115e-01  8.607062e+02  1.589186e+03  2.173618e+03  3.300434e+03 
 1.507845e-01  8.331677e+02  1.538050e+03  2.104692e+03  3.198374e+03 
 1.528864e-01  8.064516e+02  1.488739e+03  2.037804e+03  3.099237e+03 
 1.550175e-01  7.827412e+02  1.446917e+03  1.982570e+03  3.020461e+03 
 1.571784e-01  7.616628e+02  1.411500e+03  1.936657e+03  2.957554e+03 
 1.593694e-01  7.420213e+02  1.378291e+03  1.894067e+03  2.899326e+03 
 1.615909e-01  7.244280e+02  1.349022e+03  1.856800e+03  2.848662e+03 
 1.638434e-01  7.086929e+02  1.323182e+03  1.824099e+03  2.804678e+03 
 1.661273e-01  6.946643e+02  1.300393e+03  1.795495e+03  2.766698e+03 
 1.684430e-01  6.788530e+02  1.271395e+03  1.756481e+03  2.710048e+03 
 1.707910e-01  6.642384e+02  1.244269e+03  1.719797e+03  2.656596e+03 
 1.731717e-01  6.516131e+02  1.221241e+03  1.688903e+03  2.611981e+03 
 1.755856e-01  6.423855e+02  1.206147e+03  1.669672e+03  2.585113e+03 
 1.780332e-01  6.339982e+02  1.192593e+03  1.652560e+03  2.561429e+03 
 1.805149e-01  6.243577e+02  1.174503e+03  1.627352e+03  2.521922e+03 
 1.830312e-01  6.138600e+02  1.153516e+03  1.597066e+03  2.472515e+03 
 1.855825e-01  6.033884e+02  1.132892e+03  1.567627e+03  2.425252e+03 
 1.881694e-01  5.931694e+02  1.114530e+03  1.543328e+03  2.390626e+03 
 1.907924e-01  5.823167e+02  1.094967e+03  1.517352e+03  2.353324e+03 
 1.934520e-01  5.702453e+02  1.073039e+03  1.488302e+03  2.312714e+03 
 1.961486e-01  5.571067e+02  1.049066e+03  1.456464e+03  2.268114e+03 
 1.988828e-01  5.443217e+02  1.026470e+03  1.426718e+03  2.226195e+03 
 2.016551e-01  5.324812e+02  1.006668e+03  1.401107e+03  2.190039e+03 
 2.044661e-01  5.196967e+02  9.847449e+02  1.372279e+03  2.148345e+03 
 2.073162e-01  5.053536e+02  9.582185e+02  1.335789e+03  2.092824e+03 
 2.102061e-01  4.907758e+02  9.312158e+02  1.298605e+03  2.036101e+03 
 2.131362e-01  4.801220e+02  9.159738e+02  1.280795e+03  2.013356e+03 
 2.161073e-01  4.698872e+02  9.015501e+02  1.264143e+03  1.992391e+03 
 2.191197e-01  4.569209e+02  8.794030e+02  1.235759e+03  1.954463e+03 
 2.221741e-01  4.440475e+02  8.567778e+02  1.206398e+03  1.915069e+03 
 2.252711e-01  4.326686e+02  8.374415e+02  1.181831e+03  1.882595e+03 
 2.284112e-01  4.225833e+02  8.206585e+02  1.160835e+03  1.855393e+03 
 2.315951e-01  4.139166e+02  8.054858e+02  1.140441e+03  1.824378e+03 
 2.348235e-01  4.063881e+02  7.920940e+02  1.121966e+03  1.794749e+03 
 2.380968e-01  3.976334e+02  7.750438e+02  1.098046e+03  1.758083e+03 
 2.414157e-01  3.890213e+02  7.579480e+02  1.073987e+03  1.721583e+03 
 2.447809e-01  3.804976e+02  7.416445e+02  1.051631e+03  1.687783e+03 
 2.481930e-01  3.722403e+02  7.259749e+02  1.030227e+03  1.655425e+03 
 2.516527e-01  3.674075e+02  7.182542e+02  1.020079e+03  1.640066e+03 
 2.551606e-01  3.612486e+02  7.075240e+02  1.005660e+03  1.618527e+03 
 2.587174e-01  3.516105e+02  6.887275e+02  9.798272e+02  1.580878e+03 
 2.623238e-01  3.433878e+02  6.738619e+02  9.599579e+02  1.552427e+03 
 2.659804e-01  3.367086e+02  6.632590e+02  9.465496e+02  1.533936e+03 
 2.696881e-01  3.277679e+02  6.472075e+02  9.250238e+02  1.501717e+03 
 2.734474e-01  3.181704e+02  6.295727e+02  9.011455e+02  1.465572e+03 
 2.772591e-01  3.109091e+02  6.178585e+02  8.867070e+02  1.447284e+03 
 2.811239e-01  3.033225e+02  6.048679e+02  8.703170e+02  1.427002e+03 
 2.850426e-01  2.954693e+02  5.905359e+02  8.518838e+02  1.405136e+03 
 2.890160e-01  2.884611e+02  5.787261e+02  8.366880e+02  1.383343e+03 
 2.930447e-01  2.820406e+02  5.676625e+02  8.217837e+02  1.359814e+03 
 2.971296e-01  2.760144e+02  5.555932e+02  8.034067e+02  1.327732e+03 
 3.012714e-01  2.707178e+02  5.465033e+02  7.913723e+02  1.309953e+03 
 3.054710e-01  2.655537e+02  5.380533e+02  7.809921e+02  1.296589e+03 
 3.097291e-01  2.592492e+02  5.264872e+02  7.658443e+02  1.276081e+03 
 3.140465e-01  2.534640e+02  5.148663e+02  7.490487e+02  1.248279e+03 
 3.184242e-01  2.482714e+02  5.045934e+02  7.341846e+02  1.223576e+03 
 3.228628e-01  2.441071e+02  4.978237e+02  7.258244e+02  1.213713e+03 
 3.273634e-01  2.381013e+02  4.858391e+02  7.085685e+02  1.185995e+03 
 3.319266e-01  2.318284e+02  4.737803e+02  6.919030e+02  1.160914e+03 
 3.365535e-01  2.258284e+02  4.632088e+02  6.783631e+02  1.142940e+03 
 3.412449e-01  2.216864e+02  4.577565e+02  6.717898e+02  1.132030e+03 
 3.460016e-01  2.171388e+02  4.503402e+02  6.621980e+02  1.118443e+03 
 3.508247e-01  2.127204e+02  4.424562e+02  6.516297e+02  1.102916e+03 
 3.557150e-01  2.084694e+02  4.345495e+02  6.408420e+02  1.086172e+03 
 3.606735e-01  2.036146e+02  4.258753e+02  6.294552e+02  1.070131e+03 
 3.657011e-01  1.978715e+02  4.149414e+02  6.145156e+02  1.049654e+03 
 3.707988e-01  1.933028e+02  4.061749e+02  6.025495e+02  1.031885e+03 
 3.759675e-01  1.891302e+02  3.981859e+02  5.915611e+02  1.015419e+03 
 3.812083e-01  1.848252e+02  3.903831e+02  5.809625e+02  9.999598e+02 
 3.865221e-01  1.812116e+02  3.851848e+02  5.748511e+02  9.891705e+02 
 3.919100e-01  1.773906e+02  3.762207e+02  5.613181e+02  9.711612e+02 
 3.973730e-01  1.730926e+02  3.691054e+02  5.522914e+02  9.563562e+02 
 4.029122e-01  1.696453e+02  3.636221e+02  5.445071e+02  9.417034e+02 
 4.085286e-01  1.661193e+02  3.560391e+02  5.336501e+02  9.262048e+02 
 4.142232e-01  1.618931e+02  3.474444e+02  5.223365e+02  9.122135e+02 
 4.199973e-01  1.578422e+02  3.404776e+02  5.134523e+02  8.989050e+02 
 4.258518e-01  1.546420e+02  3.344819e+02  5.048273e+02  8.837195e+02 
 4.317880e-01  1.512597e+02  3.277477e+02  4.948337e+02  8.684965e+02 
 4.378069e-01  1.482777e+02  3.217651e+02  4.862066e+02  8.539960e+02 
 4.439097e-01  1.458137e+02  3.179888e+02  4.817705e+02  8.502289e+02 
 4.500975e-01  1.419084e+02  3.106792e+02  4.716973e+02  8.353355e+02 
 4.563716e-01  1.385758e+02  3.037491e+02  4.615071e+02  8.169011e+02 
 4.627332e-01  1.364698e+02  3.008927e+02  4.585066e+02  8.140660e+02 
 4.691835e-01  1.329642e+02  2.938615e+02  4.482798e+02  7.967373e+02 
 4.757236e-01  1.304377e+02  2.888764e+02  4.413982e+02  7.860708e+02 
 4.823549e-01  1.270288e+02  2.818361e+02  4.314993e+02  7.727462e+02 
 4.890787e-01  1.243309e+02  2.765727e+02  4.243098e+02  7.612869e+02 
 4.958962e-01  1.223305e+02  2.726003e+02  4.180278e+02  7.496173e+02 
 5.028087e-01  1.196573e+02  2.679311e+02  4.116969e+02  7.403502e+02 
 5.098176e-01  1.174691e+02  2.638652e+02  4.056495e+02  7.282571e+02 
 5.169242e-01  1.154346e+02  2.599858e+02  4.004455e+02  7.211027e+02 
 5.241298e-01  1.116899e+02  2.535865e+02  3.925795e+02  7.113576e+02 
 5.314359e-01  1.097603e+02  2.505766e+02  3.883528e+02  7.044597e+02 
 5.388438e-01  1.074483e+02  2.452418e+02  3.803521e+02  6.923609e+02 
 5.463550e-01  1.055306e+02  2.414151e+02  3.745711e+02  6.827121e+02 
 5.539709e-01  1.027294e+02  2.364612e+02  3.681696e+02  6.725837e+02 
 5.616930e-01  1.009204e+02  2.328899e+02  3.630923e+02  6.648350e+02 
 5.695227e-01  9.896138e+01  2.297153e+02  3.590512e+02  6.558028e+02 
 5.774615e-01  9.671684e+01  2.244610e+02  3.512556e+02  6.447492e+02 
 5.855110e-01  9.499684e+01  2.211948e+02  3.461596e+02  6.361613e+02 
 5.936727e-01  9.279849e+01  2.160309e+02  3.389862e+02  6.252470e+02 
 6.019482e-01  9.124238e+01  2.135628e+02  3.348701e+02  6.176627e+02 
 6.103390e-01  8.909068e+01  2.098598e+02  3.299674e+02  6.086401e+02 
 6.188468e-01  8.711797e+01  2.066688e+02  3.271815e+02  6.065114e+02 
 6.274732e-01  8.566849e+01  2.028066e+02  3.205297e+02  5.959101e+02 
 6.362198e-01  8.397677e+01  1.998068e+02  3.160449e+02  5.871285e+02 
 6.450884e-01  8.202619e+01  1.962714e+02  3.110612e+02  5.782345e+02 
 6.540806e-01  8.031595e+01  1.921225e+02  3.047693e+02  5.692959e+02 
 6.631981e-01  7.855841e+01  1.893696e+02  3.017081e+02  5.635760e+02 
 6.724427e-01  7.706447e+01  1.861162e+02  2.972197e+02  5.580081e+02 
 6.818162e-01  7.541630e+01  1.827568e+02  2.912385e+02  5.471974e+02 
 6.913204e-01  7.381423e+01  1.795059e+02  2.869955e+02  5.397573e+02 
 7.009570e-01  7.276559e+01  1.768553e+02  2.830882e+02  5.328814e+02 
 7.107280e-01  7.092416e+01  1.739710e+02  2.789169e+02  5.246243e+02 
 7.206351e-01  6.982870e+01  1.713478e+02  2.754450e+02  5.203602e+02 
 7.306804e-01  6.843615e+01  1.687798e+02  2.710618e+02  5.111937e+02 
 7.408657e-01  6.692369e+01  1.655127e+02  2.663770e+02  5.048793e+02 
 7.511929e-01  6.551593e+01  1.625761e+02  2.625651e+02  4.979490e+02 
 7.616642e-01  6.424001e+01  1.597076e+02  2.584753e+02  4.918436e+02 
 7.722814e-01  6.340785e+01  1.580783e+02  2.555696e+02  4.847458e+02 
 7.830465e-01  6.207311e+01  1.550955e+02  2.513421e+02  4.784517e+02 
 7.939618e-01  6.093282e+01  1.530963e+02  2.481005e+02  4.737197e+02 
 8.050292e-01  5.957812e+01  1.503403e+02  2.448421e+02  4.675562e+02 
 8.162509e-01  5.854531e+01  1.481151e+02  2.407140e+02  4.594965e+02 
 8.276289e-01  5.711776e+01  1.452193e+02  2.368849e+02  4.536350e+02 
 8.391656e-01  5.640304e+01  1.434561e+02  2.335646e+02  4.486374e+02 
 8.508632e-01  5.535145e+01  1.410614e+02  2.304153e+02  4.425723e+02 
 8.627237e-01  5.414433e+01  1.388099e+02  2.269635e+02  4.356413e+02 
 8.747496e-01  5.314597e+01  1.364886e+02  2.236437e+02  4.298431e+02 
 8.869432e-01  5.222866e+01  1.345562e+02  2.206444e+02  4.244822e+02 
 8.993067e-01  5.117652e+01  1.324387e+02  2.173424e+02  4.184049e+02 
 9.118425e-01  5.037503e+01  1.301913e+02  2.137267e+02  4.110638e+02 
 9.245531e-01  4.928859e+01  1.280678e+02  2.104765e+02  4.067051e+02 
 9.374409e-01  4.834821e+01  1.261392e+02  2.078256e+02  4.012279e+02 
 9.505083e-01  4.755375e+01  1.241804e+02  2.048327e+02  3.957652e+02 
 9.637579e-01  4.654094e+01  1.218414e+02  2.013335e+02  3.900340e+02 
 9.771921e-01  4.594515e+01  1.210960e+02  1.993619e+02  3.849189e+02 
 9.908137e-01  4.506542e+01  1.188647e+02  1.962366e+02  3.799341e+02 
 1.004625e+00  4.418347e+01  1.167016e+02  1.929071e+02  3.736660e+02 
 1.018629e+00  4.344939e+01  1.151037e+02  1.902025e+02  3.682993e+02 
 1.032828e+00  4.260963e+01  1.133055e+02  1.877735e+02  3.643956e+02 
 1.047225e+00  4.178262e+01  1.116586e+02  1.847814e+02  3.581292e+02 
 1.061823e+00  4.113851e+01  1.101563e+02  1.822718e+02  3.530555e+02 
 1.076624e+00  4.036343e+01  1.084206e+02  1.795959e+02  3.477750e+02 
 1.091632e+00  3.967138e+01  1.067059e+02  1.770180e+02  3.425591e+02 
 1.106848e+00  3.891319e+01  1.048817e+02  1.743640e+02  3.379572e+02 
 1.122277e+00  3.822733e+01  1.034085e+02  1.715289e+02  3.323870e+02 
 1.137921e+00  3.753438e+01  1.016684e+02  1.689744e+02  3.275433e+02 
 1.153783e+00  3.692407e+01  1.001141e+02  1.664610e+02  3.229235e+02 
 1.169866e+00  3.627120e+01  9.863633e+01  1.639949e+02  3.184723e+02 
 1.186174e+00  3.560818e+01  9.721837e+01  1.615738e+02  3.133569e+02 
 1.202708e+00  3.503180e+01  9.572297e+01  1.592033e+02  3.086921e+02 
 1.219473e+00  3.444145e+01  9.432325e+01  1.569426e+02  3.036180e+02 
 1.236472e+00  3.382319e+01  9.292038e+01  1.547026e+02  2.992651e+02 
 1.253708e+00  3.326580e+01  9.140557e+01  1.521124e+02  2.948641e+02 
 1.271184e+00  3.270275e+01  9.034862e+01  1.502301e+02  2.901824e+02 
 1.288904e+00  3.213154e+01  8.860845e+01  1.476355e+02  2.860072e+02 
 1.306870e+00  3.153704e+01  8.724433e+01  1.453178e+02  2.811546e+02 
 1.325087e+00  3.104851e+01  8.596005e+01  1.431508e+02  2.764736e+02 
 1.343558e+00  3.051876e+01  8.459462e+01  1.409145e+02  2.719856e+02 
 1.362287e+00  3.003460e+01  8.321943e+01  1.385236e+02  2.676137e+02 
 1.381276e+00  2.952078e+01  8.193613e+01  1.361227e+02  2.632267e+02 
 1.400531e+00  2.903296e+01  8.068267e+01  1.340800e+02  2.585971e+02 
 1.420053e+00  2.852051e+01  7.933739e+01  1.320084e+02  2.542460e+02 
 1.439848e+00  2.805926e+01  7.815822e+01  1.297855e+02  2.501173e+02 
 1.459919e+00  2.755449e+01  7.690258e+01  1.276703e+02  2.456445e+02 
 1.480269e+00  2.715418e+01  7.556366e+01  1.254634e+02  2.410699e+02 
 1.500903e+00  2.669264e+01  7.440865e+01  1.233701e+02  2.373819e+02 
 1.521825e+00  2.624486e+01  7.331838e+01  1.214603e+02  2.331858e+02 
 1.543038e+00  2.579719e+01  7.212820e+01  1.195648e+02  2.293458e+02 
 1.564548e+00  2.540494e+01  7.097332e+01  1.175205e+02  2.251148e+02 
 1.586357e+00  2.498525e+01  6.988330e+01  1.155678e+02  2.210665e+02 
 1.608469e+00  2.454754e+01  6.876203e+01  1.136200e+02  2.173454e+02 
 1.630891e+00  2.420796e+01  6.751669e+01  1.114508e+02  2.130139e+02 
 1.653624e+00  2.377678e+01  6.640243e+01  1.096705e+02  2.094864e+02 
 1.676675e+00  2.338550e+01  6.540866e+01  1.078342e+02  2.054193e+02 
 1.700047e+00  2.299117e+01  6.433123e+01  1.059290e+02  2.016939e+02 
 1.723745e+00  2.262683e+01  6.322382e+01  1.040355e+02  1.976429e+02 
 1.747773e+00  2.222987e+01  6.213185e+01  1.021499e+02  1.938606e+02 
 1.772136e+00  2.187341e+01  6.108590e+01  1.002905e+02  1.903605e+02 
 1.796838e+00  2.152577e+01  6.004155e+01  9.849695e+01  1.866371e+02 
 1.821885e+00  2.119271e+01  5.900277e+01  9.666827e+01  1.831285e+02 
 1.847281e+00  2.084095e+01  5.808160e+01  9.500735e+01  1.795732e+02 
 1.873032e+00  2.050716e+01  5.701771e+01  9.313359e+01  1.761246e+02 
 1.899141e+00  2.016289e+01  5.599447e+01  9.145237e+01  1.726897e+02 
 1.925614e+00  1.985045e+01  5.505400e+01  8.976882e+01  1.691837e+02 
 1.952456e+00  1.957955e+01  5.413885e+01  8.811245e+01  1.657920e+02 
 1.979672e+00  1.921819e+01  5.321117e+01  8.646541e+01  1.624884e+02 
 2.007267e+00  1.892718e+01  5.223710e+01  8.472257e+01  1.592830e+02 
 2.035248e+00  1.859535e+01  5.126705e+01  8.305101e+01  1.559012e+02 
 2.063618e+00  1.828750e+01  5.031500e+01  8.143098e+01  1.526294e+02 
 2.092383e+00  1.799208e+01  4.939154e+01  7.979653e+01  1.494712e+02 
 2.121550e+00  1.768568e+01  4.846073e+01  7.820500e+01  1.462903e+02 
 2.151123e+00  1.739925e+01  4.757077e+01  7.660051e+01  1.431298e+02 
 2.181109e+00  1.710783e+01  4.665473e+01  7.507562e+01  1.401457e+02 
 2.211512e+00  1.682581e+01  4.575061e+01  7.350036e+01  1.370118e+02 
 2.242340e+00  1.655275e+01  4.491441e+01  7.202466e+01  1.340976e+02 
 2.273597e+00  1.626103e+01  4.405292e+01  7.047798e+01  1.311587e+02 
 2.305289e+00  1.600968e+01  4.319960e+01  6.905039e+01  1.283261e+02 
 2.337424e+00  1.574491e+01  4.234726e+01  6.758673e+01  1.255450e+02 
 2.370006e+00  1.547927e+01  4.152753e+01  6.619414e+01  1.228541e+02 
 2.403043e+00  1.520952e+01  4.072072e+01  6.475787e+01  1.200971e+02 
 2.436540e+00  1.496512e+01  3.993175e+01  6.339189e+01  1.174153e+02 
 2.470504e+00  1.471228e+01  3.914166e+01  6.200831e+01  1.147501e+02 
 2.504942e+00  1.446236e+01  3.837279e+01  6.068912e+01  1.121876e+02 
 2.539859e+00  1.422540e+01  3.757959e+01  5.933142e+01  1.095794e+02 
 2.575263e+00  1.396845e+01  3.679662e+01  5.806858e+01  1.071080e+02 
 2.611161e+00  1.373617e+01  3.603827e+01  5.673376e+01  1.046366e+02 
 2.647559e+00  1.349937e+01  3.528170e+01  5.543674e+01  1.021543e+02 
 2.684465e+00  1.326400e+01  3.456421e+01  5.418286e+01  9.976398e+01 
 2.721885e+00  1.302396e+01  3.380559e+01  5.296244e+01  9.742280e+01 
 2.759826e+00  1.279658e+01  3.307654e+01  5.173453e+01  9.511779e+01 
 2.798297e+00  1.257120e+01  3.237950e+01  5.055884e+01  9.292230e+01 
 2.837304e+00  1.235140e+01  3.168146e+01  4.939413e+01  9.071557e+01 
 2.876854e+00  1.213154e+01  3.099147e+01  4.824659e+01  8.857065e+01 
 2.916956e+00  1.191799e+01  3.032918e+01  4.712661e+01  8.642567e+01 
 2.957617e+00  1.170963e+01  2.967876e+01  4.604548e+01  8.438554e+01 
 2.998844e+00  1.149954e+01  2.903589e+01  4.496549e+01  8.235253e+01 
 3.040646e+00  1.129333e+01  2.839209e+01  4.390314e+01  8.042281e+01 
 3.083031e+00  1.108941e+01  2.775676e+01  4.286610e+01  7.848637e+01 
 3.126007e+00  1.089131e+01  2.714816e+01  4.184441e+01  7.655694e+01 
 3.169582e+00  1.068954e+01  2.651897e+01  4.082382e+01  7.469405e+01 
 3.213764e+00  1.049129e+01  2.591761e+01  3.983606e+01  7.286132e+01 
 3.258562e+00  1.029162e+01  2.533253e+01  3.886418e+01  7.106364e+01 
 3.303985e+00  1.009720e+01  2.473681e+01  3.791435e+01  6.930764e+01 
 3.350041e+00  9.907047e+00  2.415529e+01  3.697319e+01  6.757550e+01 
 3.396739e+00  9.714771e+00  2.359429e+01  3.607000e+01  6.588293e+01 
 3.444087e+00  9.532495e+00  2.303239e+01  3.516029e+01  6.422858e+01 
 3.492096e+00  9.350047e+00  2.249546e+01  3.430143e+01  6.264877e+01 
 3.540774e+00  9.165861e+00  2.197061e+01  3.345434e+01  6.108138e+01 
 3.590130e+00  8.991324e+00  2.144703e+01  3.261543e+01  5.957194e+01 
 3.640175e+00  8.819794e+00  2.094069e+01  3.181564e+01  5.808447e+01 
 3.690917e+00  8.645769e+00  2.045039e+01  3.101261e+01  5.663107e+01 
 3.742366e+00  8.477222e+00  1.995482e+01  3.024323e+01  5.523273e+01 
 3.794533e+00  8.312309e+00  1.948470e+01  2.949056e+01  5.384514e+01 
 3.847427e+00  8.147750e+00  1.901006e+01  2.874812e+01  5.251140e+01 
 3.901058e+00  7.980694e+00  1.855271e+01  2.802394e+01  5.117745e+01 
 3.955436e+00  7.823858e+00  1.809781e+01  2.729964e+01  4.987117e+01 
 4.010573e+00  7.660347e+00  1.765029e+01  2.660934e+01  4.861342e+01 
 4.066478e+00  7.502644e+00  1.721065e+01  2.591967e+01  4.736180e+01 
 4.123163e+00  7.345960e+00  1.678611e+01  2.525101e+01  4.614574e+01 
 4.180637e+00  7.193765e+00  1.636916e+01  2.460080e+01  4.495537e+01 
 4.238913e+00  7.043019e+00  1.595606e+01  2.396233e+01  4.380839e+01 
 4.298001e+00  6.892056e+00  1.555673e+01  2.334425e+01  4.267961e+01 
 4.357913e+00  6.750256e+00  1.516672e+01  2.274221e+01  4.159462e+01 
 4.418660e+00  6.606715e+00  1.479004e+01  2.215498e+01  4.053816e+01 
 4.480254e+00  6.465236e+00  1.441871e+01  2.158368e+01  3.950476e+01 
 4.542706e+00  6.329473e+00  1.405510e+01  2.102602e+01  3.849717e+01 
 4.606029e+00  6.194020e+00  1.370662e+01  2.048840e+01  3.752720e+01 
 4.670234e+00  6.061178e+00  1.336362e+01  1.996662e+01  3.658046e+01 
 4.735335e+00  5.930804e+00  1.302921e+01  1.945218e+01  3.564602e+01 
 4.801343e+00  5.804308e+00  1.270259e+01  1.895117e+01  3.473463e+01 
 4.868271e+00  5.677086e+00  1.237892e+01  1.845728e+01  3.384272e+01 
 4.936132e+00  5.551752e+00  1.206177e+01  1.797649e+01  3.297030e+01 
 5.004939e+00  5.427953e+00  1.175324e+01  1.750536e+01  3.211615e+01 
 5.074705e+00  5.305362e+00  1.145006e+01  1.704403e+01  3.128501e+01 
 5.145444e+00  5.186737e+00  1.115495e+01  1.659561e+01  3.047550e+01 
 5.217169e+00  5.068468e+00  1.086543e+01  1.615762e+01  2.967523e+01 
 5.289893e+00  4.954948e+00  1.058567e+01  1.573710e+01  2.890925e+01 
 5.363631e+00  4.841430e+00  1.031257e+01  1.532107e+01  2.815867e+01 
 5.438397e+00  4.731957e+00  1.004607e+01  1.492024e+01  2.742782e+01 
 5.514206e+00  4.624387e+00  9.787650e+00  1.453110e+01  2.672174e+01 
 5.591071e+00  4.518119e+00  9.537300e+00  1.415159e+01  2.603447e+01 
 5.669007e+00  4.416624e+00  9.292285e+00  1.378582e+01  2.536750e+01 
 5.748030e+00  4.316055e+00  9.055176e+00  1.342773e+01  2.471466e+01 
 5.828155e+00  4.217625e+00  8.824182e+00  1.308103e+01  2.408121e+01 
 5.909396e+00  4.121277e+00  8.597962e+00  1.274221e+01  2.346560e+01 
 5.991770e+00  4.026056e+00  8.376899e+00  1.241024e+01  2.286060e+01 
 6.075292e+00  3.932825e+00  8.161358e+00  1.208668e+01  2.226807e+01 
 6.159978e+00  3.840867e+00  7.949536e+00  1.176979e+01  2.168956e+01 
 6.245845e+00  3.750517e+00  7.742957e+00  1.146051e+01  2.112147e+01 
 6.332908e+00  3.661595e+00  7.539799e+00  1.115792e+01  2.056839e+01 
 6.421186e+00  3.575125e+00  7.342985e+00  1.086259e+01  2.002799e+01 
 6.510694e+00  3.489888e+00  7.150655e+00  1.057636e+01  1.950203e+01 
 6.601449e+00  3.407304e+00  6.964206e+00  1.029755e+01  1.899090e+01 
 6.693470e+00  3.326098e+00  6.781877e+00  1.002556e+01  1.849242e+01 
 6.786773e+00  3.247014e+00  6.605667e+00  9.762105e+00  1.800882e+01 
 6.881377e+00  3.170434e+00  6.434216e+00  9.506746e+00  1.753746e+01 
 6.977300e+00  3.095459e+00  6.268302e+00  9.259627e+00  1.708127e+01 
 7.074559e+00  3.022811e+00  6.106399e+00  9.018186e+00  1.663676e+01 
 7.173175e+00  2.951437e+00  5.949651e+00  8.784286e+00  1.620579e+01 
 7.273165e+00  2.882151e+00  5.797200e+00  8.557503e+00  1.578531e+01 
 7.374549e+00  2.814151e+00  5.647564e+00  8.334975e+00  1.537614e+01 
 7.477346e+00  2.747347e+00  5.502647e+00  8.119324e+00  1.497539e+01 
 7.581576e+00  2.682232e+00  5.359561e+00  7.906761e+00  1.458259e+01 
 7.687260e+00  2.617994e+00  5.220483e+00  7.699406e+00  1.419952e+01 
 7.794416e+00  2.555105e+00  5.084479e+00  7.496120e+00  1.382434e+01 
 7.903066e+00  2.493599e+00  4.951307e+00  7.297551e+00  1.345649e+01 
 8.013230e+00  2.433511e+00  4.822191e+00  7.105779e+00  1.309900e+01 
 8.124930e+00  2.374672e+00  4.696733e+00  6.917974e+00  1.275023e+01 
 8.238187e+00  2.317584e+00  4.573797e+00  6.735022e+00  1.241117e+01 
 8.353023e+00  2.261794e+00  4.454829e+00  6.558006e+00  1.208103e+01 
 8.469460e+00  2.207670e+00  4.339589e+00  6.385995e+00  1.176064e+01 
 8.587519e+00  2.155062e+00  4.227339e+00  6.218820e+00  1.144951e+01 
 8.707225e+00  2.103891e+00  4.118289e+00  6.056855e+00  1.114673e+01 
 8.828599e+00  2.054134e+00  4.013101e+00  5.899502e+00  1.085252e+01 
 8.951665e+00  2.005587e+00  3.910574e+00  5.746778e+00  1.056760e+01 
 9.076446e+00  1.958428e+00  3.810900e+00  5.598689e+00  1.028983e+01 
 9.202967e+00  1.912370e+00  3.713877e+00  5.454264e+00  1.001944e+01 
 9.331251e+00  1.867268e+00  3.619349e+00  5.312737e+00  9.754832e+00 
 9.461324e+00  0.000000e+00  0.000000e+00  0.000000e+00  0.000000e+00 
 9.593209e+00  0.000000e+00  0.000000e+00  0.000000e+00  0.000000e+00 
 9.726934e+00  0.000000e+00  0.000000e+00  0.000000e+00  0.000000e+00 
 9.862522e+00  0.000000e+00  0.000000e+00  0.000000e+00  0.000000e+00 
 1.000000e+01  0.000000e+00  0.000000e+00  0.000000e+00  0.000000e+00 
