 1.000000e-02  5.689662e+03  1.034946e+04  1.397555e+04  2.077069e+04 
 1.013939e-02  5.719930e+03  1.040436e+04  1.404946e+04  2.087999e+04 
 1.028073e-02  5.749700e+03  1.045830e+04  1.412216e+04  2.098744e+04 
 1.042404e-02  5.778945e+03  1.051124e+04  1.419351e+04  2.109298e+04 
 1.056935e-02  5.807634e+03  1.056318e+04  1.426347e+04  2.119650e+04 
 1.071668e-02  5.835773e+03  1.061413e+04  1.433208e+04  2.129796e+04 
 1.086606e-02  5.863334e+03  1.066407e+04  1.439931e+04  2.139733e+04 
 1.101753e-02  5.890302e+03  1.071294e+04  1.446503e+04  2.149450e+04 
 1.117111e-02  5.916664e+03  1.076065e+04  1.452925e+04  2.158942e+04 
 1.132683e-02  5.942390e+03  1.080720e+04  1.459191e+04  2.168208e+04 
 1.148472e-02  5.967455e+03  1.085253e+04  1.465286e+04  2.177233e+04 
 1.164481e-02  5.991849e+03  1.089662e+04  1.471214e+04  2.185999e+04 
 1.180713e-02  6.015528e+03  1.093943e+04  1.476975e+04  2.194496e+04 
 1.197171e-02  6.038492e+03  1.098093e+04  1.482564e+04  2.202714e+04 
 1.213859e-02  6.060721e+03  1.102109e+04  1.487972e+04  2.210664e+04 
 1.230780e-02  6.082196e+03  1.105987e+04  1.493182e+04  2.218359e+04 
 1.247936e-02  6.102881e+03  1.109722e+04  1.498191e+04  2.225771e+04 
 1.265332e-02  6.122757e+03  1.113307e+04  1.503007e+04  2.232868e+04 
 1.282970e-02  6.141791e+03  1.116738e+04  1.507621e+04  2.239646e+04 
 1.300854e-02  6.159963e+03  1.120014e+04  1.512021e+04  2.246113e+04 
 1.318987e-02  6.177270e+03  1.123132e+04  1.516202e+04  2.252267e+04 
 1.337373e-02  6.193695e+03  1.126090e+04  1.520166e+04  2.258097e+04 
 1.356015e-02  6.209208e+03  1.128881e+04  1.523903e+04  2.263587e+04 
 1.374917e-02  6.223786e+03  1.131499e+04  1.527407e+04  2.268726e+04 
 1.394083e-02  6.237379e+03  1.133940e+04  1.530674e+04  2.273506e+04 
 1.413516e-02  6.249983e+03  1.136198e+04  1.533693e+04  2.277920e+04 
 1.433219e-02  6.261585e+03  1.138274e+04  1.536466e+04  2.281963e+04 
 1.453198e-02  6.272159e+03  1.140163e+04  1.538988e+04  2.285635e+04 
 1.473454e-02  6.281688e+03  1.141861e+04  1.541255e+04  2.288922e+04 
 1.493993e-02  6.290146e+03  1.143364e+04  1.543257e+04  2.291812e+04 
 1.514819e-02  6.297502e+03  1.144670e+04  1.544995e+04  2.294313e+04 
 1.535935e-02  6.303742e+03  1.145772e+04  1.546459e+04  2.296409e+04 
 1.557345e-02  6.308840e+03  1.146666e+04  1.547640e+04  2.298086e+04 
 1.579053e-02  6.312785e+03  1.147348e+04  1.548531e+04  2.299343e+04 
 1.601064e-02  6.315549e+03  1.147817e+04  1.549131e+04  2.300171e+04 
 1.623382e-02  6.317123e+03  1.148067e+04  1.549438e+04  2.300558e+04 
 1.646012e-02  6.317467e+03  1.148097e+04  1.549443e+04  2.300491e+04 
 1.668956e-02  6.316577e+03  1.147899e+04  1.549145e+04  2.299957e+04 
 1.692220e-02  6.314417e+03  1.147472e+04  1.548538e+04  2.298962e+04 
 1.715809e-02  6.310991e+03  1.146815e+04  1.547619e+04  2.297511e+04 
 1.739726e-02  6.306284e+03  1.145922e+04  1.546382e+04  2.295593e+04 
 1.763977e-02  6.300244e+03  1.144790e+04  1.544820e+04  2.293197e+04 
 1.788566e-02  6.292876e+03  1.143413e+04  1.542930e+04  2.290310e+04 
 1.813498e-02  6.284173e+03  1.141795e+04  1.540712e+04  2.286934e+04 
 1.838777e-02  6.274127e+03  1.139931e+04  1.538163e+04  2.283063e+04 
 1.864409e-02  6.262701e+03  1.137817e+04  1.535277e+04  2.278687e+04 
 1.890397e-02  6.249907e+03  1.135453e+04  1.532054e+04  2.273808e+04 
 1.916748e-02  6.235725e+03  1.132837e+04  1.528488e+04  2.268420e+04 
 1.943467e-02  6.220125e+03  1.129963e+04  1.524575e+04  2.262512e+04 
 1.970558e-02  6.203118e+03  1.126833e+04  1.520317e+04  2.256091e+04 
 1.998026e-02  6.184702e+03  1.123447e+04  1.515710e+04  2.249158e+04 
 2.025878e-02  6.164884e+03  1.119805e+04  1.510758e+04  2.241716e+04 
 2.054117e-02  6.143655e+03  1.115906e+04  1.505460e+04  2.233760e+04 
 2.082751e-02  6.120973e+03  1.111744e+04  1.499806e+04  2.225268e+04 
 2.111783e-02  6.096839e+03  1.107318e+04  1.493795e+04  2.216240e+04 
 2.141220e-02  6.071385e+03  1.102649e+04  1.487455e+04  2.206707e+04 
 2.171068e-02  6.045112e+03  1.097808e+04  1.480859e+04  2.196738e+04 
 2.201331e-02  6.017416e+03  1.092707e+04  1.473911e+04  2.186252e+04 
 2.232016e-02  5.988299e+03  1.087347e+04  1.466613e+04  2.175249e+04 
 2.263130e-02  5.957775e+03  1.081730e+04  1.458967e+04  2.163732e+04 
 2.294676e-02  5.925847e+03  1.075859e+04  1.450978e+04  2.151702e+04 
 2.326663e-02  5.892551e+03  1.069741e+04  1.442657e+04  2.139178e+04 
 2.359095e-02  5.857901e+03  1.063376e+04  1.434004e+04  2.126160e+04 
 2.391980e-02  5.821865e+03  1.056758e+04  1.425009e+04  2.112631e+04 
 2.425323e-02  5.784487e+03  1.049895e+04  1.415683e+04  2.098609e+04 
 2.459130e-02  5.745815e+03  1.042799e+04  1.406043e+04  2.084121e+04 
 2.493409e-02  5.705856e+03  1.035473e+04  1.396089e+04  2.069168e+04 
 2.528166e-02  5.664626e+03  1.027915e+04  1.385822e+04  2.053753e+04 
 2.563407e-02  5.622156e+03  1.020129e+04  1.375250e+04  2.037888e+04 
 2.599140e-02  5.578474e+03  1.012123e+04  1.364380e+04  2.021581e+04 
 2.635371e-02  5.533609e+03  1.003903e+04  1.353224e+04  2.004846e+04 
 2.672106e-02  5.487601e+03  9.954759e+03  1.341791e+04  1.987696e+04 
 2.709354e-02  5.440499e+03  9.868511e+03  1.330091e+04  1.970154e+04 
 2.747121e-02  5.392349e+03  9.780382e+03  1.318134e+04  1.952234e+04 
 2.785414e-02  5.343118e+03  9.690315e+03  1.305920e+04  1.933939e+04 
 2.824241e-02  5.292574e+03  9.597980e+03  1.293410e+04  1.915231e+04 
 2.863610e-02  5.241122e+03  9.503978e+03  1.280675e+04  1.896190e+04 
 2.903527e-02  5.188800e+03  9.408412e+03  1.267732e+04  1.876840e+04 
 2.944000e-02  5.135667e+03  9.311385e+03  1.254592e+04  1.857200e+04 
 2.985038e-02  5.081784e+03  9.212996e+03  1.241269e+04  1.837291e+04 
 3.026648e-02  5.027207e+03  9.113351e+03  1.227777e+04  1.817129e+04 
 3.068838e-02  4.971999e+03  9.012558e+03  1.214130e+04  1.796737e+04 
 3.111616e-02  4.916224e+03  8.910743e+03  1.200345e+04  1.776144e+04 
 3.154990e-02  4.859954e+03  8.808024e+03  1.186438e+04  1.755372e+04 
 3.198969e-02  4.803228e+03  8.704515e+03  1.172425e+04  1.734444e+04 
 3.243561e-02  4.746131e+03  8.600344e+03  1.158323e+04  1.713384e+04 
 3.288774e-02  4.688724e+03  8.495624e+03  1.144148e+04  1.692218e+04 
 3.334618e-02  4.631098e+03  8.390481e+03  1.129919e+04  1.670972e+04 
 3.381101e-02  4.573323e+03  8.285055e+03  1.115653e+04  1.649672e+04 
 3.428231e-02  4.515464e+03  8.179500e+03  1.101367e+04  1.628347e+04 
 3.476019e-02  4.457454e+03  8.074012e+03  1.087125e+04  1.607191e+04 
 3.524473e-02  4.399495e+03  7.968640e+03  1.072900e+04  1.586062e+04 
 3.573602e-02  4.341664e+03  7.863503e+03  1.058710e+04  1.564983e+04 
 3.623416e-02  4.284048e+03  7.758751e+03  1.044571e+04  1.543983e+04 
 3.673925e-02  4.226734e+03  7.654548e+03  1.030506e+04  1.523092e+04 
 3.725137e-02  4.169801e+03  7.551028e+03  1.016531e+04  1.502336e+04 
 3.777064e-02  4.113308e+03  7.448313e+03  1.002665e+04  1.481739e+04 
 3.829714e-02  4.057323e+03  7.346519e+03  9.889247e+03  1.461326e+04 
 3.883098e-02  4.001912e+03  7.245763e+03  9.753245e+03  1.441119e+04 
 3.937226e-02  3.947142e+03  7.146173e+03  9.618795e+03  1.421146e+04 
 3.992109e-02  3.893083e+03  7.047880e+03  9.486091e+03  1.401433e+04 
 4.047757e-02  3.839799e+03  6.950961e+03  9.355200e+03  1.381980e+04 
 4.104181e-02  3.787147e+03  6.854606e+03  9.224417e+03  1.362359e+04 
 4.161391e-02  3.735398e+03  6.759894e+03  9.095854e+03  1.343070e+04 
 4.219398e-02  3.684601e+03  6.666910e+03  8.969626e+03  1.324129e+04 
 4.278214e-02  3.634800e+03  6.575741e+03  8.845859e+03  1.305557e+04 
 4.337850e-02  3.586056e+03  6.486479e+03  8.724687e+03  1.287370e+04 
 4.398317e-02  3.538407e+03  6.399199e+03  8.606210e+03  1.269583e+04 
 4.459628e-02  3.491879e+03  6.313969e+03  8.490502e+03  1.252209e+04 
 4.521792e-02  3.446510e+03  6.230858e+03  8.377634e+03  1.235256e+04 
 4.584824e-02  3.402334e+03  6.149912e+03  8.267663e+03  1.218735e+04 
 4.648734e-02  3.359364e+03  6.071154e+03  8.160638e+03  1.202657e+04 
 4.713535e-02  3.317761e+03  5.995659e+03  8.058826e+03  1.187569e+04 
 4.779239e-02  3.277474e+03  5.923010e+03  7.961342e+03  1.173250e+04 
 4.845859e-02  3.238395e+03  5.852555e+03  7.866830e+03  1.159365e+04 
 4.913407e-02  3.200535e+03  5.784288e+03  7.775265e+03  1.145915e+04 
 4.981898e-02  3.163885e+03  5.718201e+03  7.686600e+03  1.132895e+04 
 5.051342e-02  3.128417e+03  5.654243e+03  7.600781e+03  1.120297e+04 
 5.121755e-02  3.094082e+03  5.592338e+03  7.517747e+03  1.108110e+04 
 5.193150e-02  3.060846e+03  5.532423e+03  7.437404e+03  1.096320e+04 
 5.265540e-02  3.028672e+03  5.474433e+03  7.359639e+03  1.084909e+04 
 5.338938e-02  2.997278e+03  5.417377e+03  7.282646e+03  1.073487e+04 
 5.413360e-02  2.966553e+03  5.360983e+03  7.205962e+03  1.061962e+04 
 5.488820e-02  2.936717e+03  5.306217e+03  7.131469e+03  1.050763e+04 
 5.565331e-02  2.907660e+03  5.252864e+03  7.058891e+03  1.039850e+04 
 5.642908e-02  2.879241e+03  5.200665e+03  6.987875e+03  1.029172e+04 
 5.721568e-02  2.851415e+03  5.149531e+03  6.918300e+03  1.018711e+04 
 5.801323e-02  2.824302e+03  5.099684e+03  6.850467e+03  1.008509e+04 
 5.882190e-02  2.797982e+03  5.051270e+03  6.784572e+03  9.985948e+03 
 5.964185e-02  2.772388e+03  5.004506e+03  6.721243e+03  9.891531e+03 
 6.047322e-02  2.747474e+03  4.959893e+03  6.661754e+03  9.805338e+03 
 6.131619e-02  2.722295e+03  4.914810e+03  6.601626e+03  9.718238e+03 
 6.217090e-02  2.696693e+03  4.868953e+03  6.540456e+03  9.629629e+03 
 6.303753e-02  2.670701e+03  4.822392e+03  6.478339e+03  9.539651e+03 
 6.391624e-02  2.644367e+03  4.775210e+03  6.415395e+03  9.448471e+03 
 6.480720e-02  2.617646e+03  4.727328e+03  6.351517e+03  9.355926e+03 
 6.571058e-02  2.590377e+03  4.678456e+03  6.286313e+03  9.261431e+03 
 6.662655e-02  2.561172e+03  4.624143e+03  6.211769e+03  9.147597e+03 
 6.755528e-02  2.531065e+03  4.568163e+03  6.134943e+03  9.030284e+03 
 6.849697e-02  2.500015e+03  4.510490e+03  6.055862e+03  8.909726e+03 
 6.945178e-02  2.467933e+03  4.450968e+03  5.974321e+03  8.785639e+03 
 7.041990e-02  2.434746e+03  4.389463e+03  5.890143e+03  8.657775e+03 
 7.140151e-02  2.400393e+03  4.325867e+03  5.803186e+03  8.525923e+03 
 7.239681e-02  2.365090e+03  4.260858e+03  5.714716e+03  8.393027e+03 
 7.340598e-02  2.328859e+03  4.194537e+03  5.624926e+03  8.259579e+03 
 7.442922e-02  2.291344e+03  4.125924e+03  5.532085e+03  8.121699e+03 
 7.546673e-02  2.252546e+03  4.055028e+03  5.436202e+03  7.979396e+03 
 7.651869e-02  2.212503e+03  3.981913e+03  5.337368e+03  7.832814e+03 
 7.758532e-02  2.171266e+03  3.906671e+03  5.235704e+03  7.682148e+03 
 7.866682e-02  2.129778e+03  3.832154e+03  5.136174e+03  7.537515e+03 
 7.976339e-02  2.088670e+03  3.760196e+03  5.041932e+03  7.405260e+03 
 8.087525e-02  2.046587e+03  3.686419e+03  4.945205e+03  7.269213e+03 
 8.200261e-02  2.003666e+03  3.611074e+03  4.846324e+03  7.129845e+03 
 8.314568e-02  1.960078e+03  3.534467e+03  4.745672e+03  6.987706e+03 
 8.430468e-02  1.915994e+03  3.456910e+03  4.643668e+03  6.843400e+03 
 8.547985e-02  1.870796e+03  3.376070e+03  4.536057e+03  6.687939e+03 
 8.667139e-02  1.825148e+03  3.293812e+03  4.426004e+03  6.527514e+03 
 8.787954e-02  1.779655e+03  3.211834e+03  4.316322e+03  6.367585e+03 
 8.910453e-02  1.734537e+03  3.130555e+03  4.207550e+03  6.208952e+03 
 9.034660e-02  1.690020e+03  3.050370e+03  4.100228e+03  6.052404e+03 
 9.160598e-02  1.647028e+03  2.973869e+03  3.998727e+03  5.906400e+03 
 9.288292e-02  1.605692e+03  2.901158e+03  3.903087e+03  5.770740e+03 
 9.417766e-02  1.565542e+03  2.830533e+03  3.810170e+03  5.638895e+03 
 9.549045e-02  1.526771e+03  2.762355e+03  3.720455e+03  5.511576e+03 
 9.682153e-02  1.489550e+03  2.696926e+03  3.634375e+03  5.389430e+03 
 9.817117e-02  1.454322e+03  2.635436e+03  3.553933e+03  5.276346e+03 
 9.953962e-02  1.421017e+03  2.577517e+03  3.478358e+03  5.170616e+03 
 1.009272e-01  1.389632e+03  2.523020e+03  3.407307e+03  5.071388e+03 
 1.023340e-01  1.360247e+03  2.472085e+03  3.341000e+03  4.978988e+03 
 1.037605e-01  1.332244e+03  2.422829e+03  3.276215e+03  4.887082e+03 
 1.052069e-01  1.303835e+03  2.369886e+03  3.203802e+03  4.777860e+03 
 1.066734e-01  1.277525e+03  2.320799e+03  3.136608e+03  4.676486e+03 
 1.081604e-01  1.253231e+03  2.275439e+03  3.074472e+03  4.582639e+03 
 1.096681e-01  1.230840e+03  2.233595e+03  3.017120e+03  4.495893e+03 
 1.111968e-01  1.210465e+03  2.195766e+03  2.965353e+03  4.417303e+03 
 1.127468e-01  1.191686e+03  2.160861e+03  2.917552e+03  4.344672e+03 
 1.143184e-01  1.174286e+03  2.128480e+03  2.873154e+03  4.277136e+03 
 1.159120e-01  1.158010e+03  2.098184e+03  2.831583e+03  4.213812e+03 
 1.175277e-01  1.143467e+03  2.071951e+03  2.796242e+03  4.161130e+03 
 1.191660e-01  1.129614e+03  2.047035e+03  2.762731e+03  4.111313e+03 
 1.208271e-01  1.116083e+03  2.022700e+03  2.730001e+03  4.062681e+03 
 1.225114e-01  1.102516e+03  1.998295e+03  2.697220e+03  4.014008e+03 
 1.242191e-01  1.088301e+03  1.972479e+03  2.662522e+03  3.963083e+03 
 1.259506e-01  1.073568e+03  1.945732e+03  2.626521e+03  3.910272e+03 
 1.277063e-01  1.058065e+03  1.917595e+03  2.588676e+03  3.854673e+03 
 1.294865e-01  1.041931e+03  1.888508e+03  2.549619e+03  3.797004e+03 
 1.312915e-01  1.025048e+03  1.858292e+03  2.509060e+03  3.736878e+03 
 1.331216e-01  1.006879e+03  1.825754e+03  2.465358e+03  3.672071e+03 
 1.349772e-01  9.873931e+02  1.790858e+03  2.418536e+03  3.602742e+03 
 1.368587e-01  9.677733e+02  1.757635e+03  2.376147e+03  3.546154e+03 
 1.387665e-01  9.468335e+02  1.721951e+03  2.330350e+03  3.484275e+03 
 1.407008e-01  9.246975e+02  1.684004e+03  2.281413e+03  3.417521e+03 
 1.426621e-01  9.024662e+02  1.646200e+03  2.232561e+03  3.349686e+03 
 1.446507e-01  8.797094e+02  1.607478e+03  2.182335e+03  3.279202e+03 
 1.466671e-01  8.563951e+02  1.567608e+03  2.130450e+03  3.206025e+03 
 1.487115e-01  8.308737e+02  1.521815e+03  2.069313e+03  3.117146e+03 
 1.507845e-01  8.042024e+02  1.472694e+03  2.002855e+03  3.019000e+03 
 1.528864e-01  7.780891e+02  1.424635e+03  1.937769e+03  2.922833e+03 
 1.550175e-01  7.547093e+02  1.383496e+03  1.883564e+03  2.845827e+03 
 1.571784e-01  7.337075e+02  1.347959e+03  1.837963e+03  2.783525e+03 
 1.593694e-01  7.139568e+02  1.314583e+03  1.795159e+03  2.725078e+03 
 1.615909e-01  6.961553e+02  1.284974e+03  1.757476e+03  2.674042e+03 
 1.638434e-01  6.801324e+02  1.258641e+03  1.724172e+03  2.629322e+03 
 1.661273e-01  6.657584e+02  1.235226e+03  1.694744e+03  2.590282e+03 
 1.684430e-01  6.498316e+02  1.206195e+03  1.655865e+03  2.534148e+03 
 1.707910e-01  6.351815e+02  1.179188e+03  1.619530e+03  2.481431e+03 
 1.731717e-01  6.225633e+02  1.156290e+03  1.588911e+03  2.437437e+03 
 1.755856e-01  6.132411e+02  1.140900e+03  1.569216e+03  2.409913e+03 
 1.780332e-01  6.049487e+02  1.127392e+03  1.552085e+03  2.386200e+03 
 1.805149e-01  5.956486e+02  1.109877e+03  1.527666e+03  2.347941e+03 
 1.830312e-01  5.857312e+02  1.089964e+03  1.498907e+03  2.301009e+03 
 1.855825e-01  5.760299e+02  1.070723e+03  1.471381e+03  2.256712e+03 
 1.881694e-01  5.666355e+02  1.053589e+03  1.448516e+03  2.223749e+03 
 1.907924e-01  5.567555e+02  1.035555e+03  1.424409e+03  2.188838e+03 
 1.934520e-01  5.457416e+02  1.015279e+03  1.397360e+03  2.150591e+03 
 1.961486e-01  5.337275e+02  9.931013e+02  1.367731e+03  2.108720e+03 
 1.988828e-01  5.219917e+02  9.721720e+02  1.340045e+03  2.069495e+03 
 2.016551e-01  5.110858e+02  9.538266e+02  1.316246e+03  2.035741e+03 
 2.044661e-01  4.991427e+02  9.332544e+02  1.289159e+03  1.996549e+03 
 2.073162e-01  4.856554e+02  9.083812e+02  1.255052e+03  1.944860e+03 
 2.102061e-01  4.717249e+02  8.826674e+02  1.219774e+03  1.891291e+03 
 2.131362e-01  4.613842e+02  8.678701e+02  1.202539e+03  1.869615e+03 
 2.161073e-01  4.512414e+02  8.534698e+02  1.185873e+03  1.848824e+03 
 2.191197e-01  4.384758e+02  8.318391e+02  1.158310e+03  1.812290e+03 
 2.221741e-01  4.257081e+02  8.096001e+02  1.129616e+03  1.774000e+03 
 2.252711e-01  4.142995e+02  7.903699e+02  1.105319e+03  1.742146e+03 
 2.284112e-01  4.041218e+02  7.735426e+02  1.084361e+03  1.715199e+03 
 2.315951e-01  3.953312e+02  7.583325e+02  1.064136e+03  1.685002e+03 
 2.348235e-01  3.877037e+02  7.449574e+02  1.045933e+03  1.656449e+03 
 2.380968e-01  3.790105e+02  7.282320e+02  1.022657e+03  1.621062e+03 
 2.414157e-01  3.706262e+02  7.117735e+02  9.996559e+02  1.586381e+03 
 2.447809e-01  3.623813e+02  6.960229e+02  9.781168e+02  1.553991e+03 
 2.481930e-01  3.545487e+02  6.811628e+02  9.578738e+02  1.523586e+03 
 2.516527e-01  3.499778e+02  6.737348e+02  9.480553e+02  1.508685e+03 
 2.551606e-01  3.442877e+02  6.637467e+02  9.346152e+02  1.488606e+03 
 2.587174e-01  3.353441e+02  6.462408e+02  9.105478e+02  1.453507e+03 
 2.623238e-01  3.277263e+02  6.324156e+02  8.920718e+02  1.427090e+03 
 2.659804e-01  3.215055e+02  6.224911e+02  8.795247e+02  1.409868e+03 
 2.696881e-01  3.131192e+02  6.074904e+02  8.595198e+02  1.380237e+03 
 2.734474e-01  3.040058e+02  5.908422e+02  8.371200e+02  1.346698e+03 
 2.772591e-01  2.970365e+02  5.796791e+02  8.234389e+02  1.329574e+03 
 2.811239e-01  2.896628e+02  5.671593e+02  8.076980e+02  1.310120e+03 
 2.850426e-01  2.819752e+02  5.532931e+02  7.898999e+02  1.288806e+03 
 2.890160e-01  2.750362e+02  5.417472e+02  7.751934e+02  1.268129e+03 
 2.930447e-01  2.686424e+02  5.309040e+02  7.607932e+02  1.245914e+03 
 2.971296e-01  2.626471e+02  5.192315e+02  7.433381e+02  1.215833e+03 
 3.012714e-01  2.573503e+02  5.102283e+02  7.315271e+02  1.198611e+03 
 3.054710e-01  2.522523e+02  5.019018e+02  7.213154e+02  1.185549e+03 
 3.097291e-01  2.461572e+02  4.907817e+02  7.067980e+02  1.165968e+03 
 3.140465e-01  2.406403e+02  4.798025e+02  6.910581e+02  1.140211e+03 
 3.184242e-01  2.357465e+02  4.701959e+02  6.772618e+02  1.117532e+03 
 3.228628e-01  2.318251e+02  4.638121e+02  6.693698e+02  1.108208e+03 
 3.273634e-01  2.261932e+02  4.526683e+02  6.534418e+02  1.082858e+03 
 3.319266e-01  2.203028e+02  4.414378e+02  6.380270e+02  1.059887e+03 
 3.365535e-01  2.146289e+02  4.315065e+02  6.253754e+02  1.043266e+03 
 3.412449e-01  2.106260e+02  4.262548e+02  6.191618e+02  1.033361e+03 
 3.460016e-01  2.062116e+02  4.191464e+02  6.100646e+02  1.020657e+03 
 3.508247e-01  2.018924e+02  4.115557e+02  5.999940e+02  1.006057e+03 
 3.557150e-01  1.977247e+02  4.039312e+02  5.897115e+02  9.903870e+02 
 3.606735e-01  1.929651e+02  3.955527e+02  5.787866e+02  9.751695e+02 
 3.657011e-01  1.873794e+02  3.850908e+02  5.645742e+02  9.556506e+02 
 3.707988e-01  1.829423e+02  3.766907e+02  5.531884e+02  9.389232e+02 
 3.759675e-01  1.789216e+02  3.690947e+02  5.428282e+02  9.235590e+02 
 3.812083e-01  1.748070e+02  3.617316e+02  5.329255e+02  9.092200e+02 
 3.865221e-01  1.713562e+02  3.567556e+02  5.271679e+02  8.995825e+02 
 3.919100e-01  1.677690e+02  3.485193e+02  5.147542e+02  8.828308e+02 
 3.973730e-01  1.636914e+02  3.418107e+02  5.063715e+02  8.695297e+02 
 4.029122e-01  1.603816e+02  3.366427e+02  4.992058e+02  8.563857e+02 
 4.085286e-01  1.570299e+02  3.295762e+02  4.891446e+02  8.420654e+02 
 4.142232e-01  1.529996e+02  3.214864e+02  4.785086e+02  8.289174e+02 
 4.199973e-01  1.490784e+02  3.148042e+02  4.700592e+02  8.165526e+02 
 4.258518e-01  1.459488e+02  3.090554e+02  4.619118e+02  8.024913e+02 
 4.317880e-01  1.426592e+02  3.026788e+02  4.525396e+02  7.882218e+02 
 4.378069e-01  1.397810e+02  2.970169e+02  4.444840e+02  7.749326e+02 
 4.439097e-01  1.373915e+02  2.933838e+02  4.402108e+02  7.711659e+02 
 4.500975e-01  1.336734e+02  2.865310e+02  4.308742e+02  7.574710e+02 
 4.563716e-01  1.305303e+02  2.801205e+02  4.215749e+02  7.409007e+02 
 4.627332e-01  1.284998e+02  2.773877e+02  4.187226e+02  7.383609e+02 
 4.691835e-01  1.251725e+02  2.708343e+02  4.093079e+02  7.225878e+02 
 4.757236e-01  1.227605e+02  2.661694e+02  4.029404e+02  7.128829e+02 
 4.823549e-01  1.195067e+02  2.595850e+02  3.937100e+02  7.004605e+02 
 4.890787e-01  1.169177e+02  2.546041e+02  3.869738e+02  6.899026e+02 
 4.958962e-01  1.149632e+02  2.508399e+02  3.811379e+02  6.791853e+02 
 5.028087e-01  1.123742e+02  2.464042e+02  3.751805e+02  6.705436e+02 
 5.098176e-01  1.102734e+02  2.425832e+02  3.696394e+02  6.596706e+02 
 5.169242e-01  1.083308e+02  2.389638e+02  3.648131e+02  6.532068e+02 
 5.241298e-01  1.047780e+02  2.329415e+02  3.574288e+02  6.441606e+02 
 5.314359e-01  1.029203e+02  2.301092e+02  3.535668e+02  6.379495e+02 
 5.388438e-01  1.007289e+02  2.251931e+02  3.462388e+02  6.268560e+02 
 5.463550e-01  9.888985e+01  2.216147e+02  3.409149e+02  6.180087e+02 
 5.539709e-01  9.621170e+01  2.169214e+02  3.349228e+02  6.086993e+02 
 5.616930e-01  9.447308e+01  2.135703e+02  3.301954e+02  6.015843e+02 
 5.695227e-01  9.258913e+01  2.105265e+02  3.264114e+02  5.935767e+02 
 5.774615e-01  9.046951e+01  2.056740e+02  3.192278e+02  5.833496e+02 
 5.855110e-01  8.882401e+01  2.026430e+02  3.145800e+02  5.755047e+02 
 5.936727e-01  8.674407e+01  1.978841e+02  3.079790e+02  5.655929e+02 
 6.019482e-01  8.524730e+01  1.955842e+02  3.042619e+02  5.587603e+02 
 6.103390e-01  8.319891e+01  1.920990e+02  2.997254e+02  5.506931e+02 
 6.188468e-01  8.132352e+01  1.890248e+02  2.969673e+02  5.487257e+02 
 6.274732e-01  7.994073e+01  1.854998e+02  2.909311e+02  5.389467e+02 
 6.362198e-01  7.831302e+01  1.826943e+02  2.868148e+02  5.309655e+02 
 6.450884e-01  7.646062e+01  1.793831e+02  2.822290e+02  5.229944e+02 
 6.540806e-01  7.485342e+01  1.755709e+02  2.764748e+02  5.147242e+02 
 6.631981e-01  7.317671e+01  1.729527e+02  2.736207e+02  5.096679e+02 
 6.724427e-01  7.176123e+01  1.699328e+02  2.694331e+02  5.045099e+02 
 6.818162e-01  7.019210e+01  1.668663e+02  2.640656e+02  4.946783e+02 
 6.913204e-01  6.867284e+01  1.638252e+02  2.601392e+02  4.879836e+02 
 7.009570e-01  6.767717e+01  1.613923e+02  2.565638e+02  4.817810e+02 
 7.107280e-01  6.592512e+01  1.586682e+02  2.527383e+02  4.743440e+02 
 7.206351e-01  6.488576e+01  1.562420e+02  2.495023e+02  4.704190e+02 
 7.306804e-01  6.355394e+01  1.538656e+02  2.455644e+02  4.622085e+02 
 7.408657e-01  6.212973e+01  1.508439e+02  2.412475e+02  4.563257e+02 
 7.511929e-01  6.079563e+01  1.481064e+02  2.377057e+02  4.501741e+02 
 7.616642e-01  5.960116e+01  1.454550e+02  2.339520e+02  4.445233e+02 
 7.722814e-01  5.879049e+01  1.439605e+02  2.313484e+02  4.382629e+02 
 7.830465e-01  5.753971e+01  1.412047e+02  2.274667e+02  4.325793e+02 
 7.939618e-01  5.645252e+01  1.393501e+02  2.245258e+02  4.282091e+02 
 8.050292e-01  5.518170e+01  1.367737e+02  2.214891e+02  4.226992e+02 
 8.162509e-01  5.419707e+01  1.347511e+02  2.177986e+02  4.153877e+02 
 8.276289e-01  5.285870e+01  1.320647e+02  2.142674e+02  4.100953e+02 
 8.391656e-01  5.217050e+01  1.304823e+02  2.112859e+02  4.055609e+02 
 8.508632e-01  5.119595e+01  1.282544e+02  2.083920e+02  4.001404e+02 
 8.627237e-01  5.004872e+01  1.261816e+02  2.052675e+02  3.938991e+02 
 8.747496e-01  4.911334e+01  1.240397e+02  2.022244e+02  3.887140e+02 
 8.869432e-01  4.824217e+01  1.222578e+02  1.994984e+02  3.838717e+02 
 8.993067e-01  4.725066e+01  1.203073e+02  1.965037e+02  3.783940e+02 
 9.118425e-01  4.649813e+01  1.182577e+02  1.932266e+02  3.718083e+02 
 9.245531e-01  4.547292e+01  1.162917e+02  1.902469e+02  3.677629e+02 
 9.374409e-01  4.458800e+01  1.145031e+02  1.878138e+02  3.629163e+02 
 9.505083e-01  4.383261e+01  1.127068e+02  1.851056e+02  3.579354e+02 
 9.637579e-01  4.288808e+01  1.105567e+02  1.818943e+02  3.527814e+02 
 9.771921e-01  4.230888e+01  1.098800e+02  1.801796e+02  3.482061e+02 
 9.908137e-01  4.148183e+01  1.078350e+02  1.773122e+02  3.437309e+02 
 1.004625e+00  4.066533e+01  1.058592e+02  1.742926e+02  3.380548e+02 
 1.018629e+00  3.997554e+01  1.043924e+02  1.718750e+02  3.332436e+02 
 1.032828e+00  3.919016e+01  1.027330e+02  1.696352e+02  3.297564e+02 
 1.047225e+00  3.841293e+01  1.012361e+02  1.669632e+02  3.241324e+02 
 1.061823e+00  3.780205e+01  9.986896e+01  1.647032e+02  3.195864e+02 
 1.076624e+00  3.708038e+01  9.827401e+01  1.622701e+02  3.148656e+02 
 1.091632e+00  3.643745e+01  9.669524e+01  1.599628e+02  3.101880e+02 
 1.106848e+00  3.572594e+01  9.503208e+01  1.575224e+02  3.060193e+02 
 1.122277e+00  3.507943e+01  9.369371e+01  1.549881e+02  3.010308e+02 
 1.137921e+00  3.442979e+01  9.209900e+01  1.526562e+02  2.966592e+02 
 1.153783e+00  3.385858e+01  9.068157e+01  1.503819e+02  2.925129e+02 
 1.169866e+00  3.325264e+01  8.933528e+01  1.481525e+02  2.884968e+02 
 1.186174e+00  3.263150e+01  8.803511e+01  1.459762e+02  2.839362e+02 
 1.202708e+00  3.208844e+01  8.666638e+01  1.438374e+02  2.797289e+02 
 1.219473e+00  3.153894e+01  8.539079e+01  1.418063e+02  2.751931e+02 
 1.236472e+00  3.096472e+01  8.410279e+01  1.397823e+02  2.713027e+02 
 1.253708e+00  3.044155e+01  8.274314e+01  1.374576e+02  2.673333e+02 
 1.271184e+00  2.991822e+01  8.176871e+01  1.357941e+02  2.631756e+02 
 1.288904e+00  2.938761e+01  8.020057e+01  1.334203e+02  2.594171e+02 
 1.306870e+00  2.884059e+01  7.895210e+01  1.313552e+02  2.551014e+02 
 1.325087e+00  2.838615e+01  7.778991e+01  1.294085e+02  2.508848e+02 
 1.343558e+00  2.789269e+01  7.655330e+01  1.273922e+02  2.468871e+02 
 1.362287e+00  2.744087e+01  7.531304e+01  1.252487e+02  2.429217e+02 
 1.381276e+00  2.695828e+01  7.415854e+01  1.230953e+02  2.389743e+02 
 1.400531e+00  2.650872e+01  7.301130e+01  1.212585e+02  2.348326e+02 
 1.420053e+00  2.603266e+01  7.178310e+01  1.193947e+02  2.309322e+02 
 1.439848e+00  2.560335e+01  7.072739e+01  1.173874e+02  2.272116e+02 
 1.459919e+00  2.513612e+01  6.958152e+01  1.154957e+02  2.231957e+02 
 1.480269e+00  2.476615e+01  6.837229e+01  1.135057e+02  2.190963e+02 
 1.500903e+00  2.433814e+01  6.732593e+01  1.116258e+02  2.157792e+02 
 1.521825e+00  2.392013e+01  6.633734e+01  1.099195e+02  2.119979e+02 
 1.543038e+00  2.350490e+01  6.525680e+01  1.082069e+02  2.085729e+02 
 1.564548e+00  2.314402e+01  6.421378e+01  1.063783e+02  2.047841e+02 
 1.586357e+00  2.275862e+01  6.323734e+01  1.046364e+02  2.011524e+02 
 1.608469e+00  2.235442e+01  6.222373e+01  1.028949e+02  1.978123e+02 
 1.630891e+00  2.204385e+01  6.110427e+01  1.009532e+02  1.939373e+02 
 1.653624e+00  2.164426e+01  6.009664e+01  9.934819e+01  1.907693e+02 
 1.676675e+00  2.128149e+01  5.920506e+01  9.771282e+01  1.871267e+02 
 1.700047e+00  2.091951e+01  5.823024e+01  9.600156e+01  1.837710e+02 
 1.723745e+00  2.058589e+01  5.722764e+01  9.430864e+01  1.801305e+02 
 1.747773e+00  2.021957e+01  5.623948e+01  9.260984e+01  1.767493e+02 
 1.772136e+00  1.988889e+01  5.530137e+01  9.094116e+01  1.735860e+02 
 1.796838e+00  1.956799e+01  5.435513e+01  8.933177e+01  1.702421e+02 
 1.821885e+00  1.926534e+01  5.341934e+01  8.768637e+01  1.670689e+02 
 1.847281e+00  1.893900e+01  5.258926e+01  8.620198e+01  1.638706e+02 
 1.873032e+00  1.863166e+01  5.163893e+01  8.450501e+01  1.607651e+02 
 1.899141e+00  1.831636e+01  5.070876e+01  8.299926e+01  1.576696e+02 
 1.925614e+00  1.802929e+01  4.986057e+01  8.149583e+01  1.545098e+02 
 1.952456e+00  1.777969e+01  4.904226e+01  8.001854e+01  1.514527e+02 
 1.979672e+00  1.744912e+01  4.821228e+01  7.854458e+01  1.484915e+02 
 2.007267e+00  1.718455e+01  4.734329e+01  7.697272e+01  1.456001e+02 
 2.035248e+00  1.688035e+01  4.646468e+01  7.547922e+01  1.425621e+02 
 2.063618e+00  1.659998e+01  4.560760e+01  7.402751e+01  1.396146e+02 
 2.092383e+00  1.633133e+01  4.477973e+01  7.255973e+01  1.367601e+02 
 2.121550e+00  1.605037e+01  4.394124e+01  7.113382e+01  1.338881e+02 
 2.151123e+00  1.578920e+01  4.314026e+01  6.969359e+01  1.310312e+02 
 2.181109e+00  1.552245e+01  4.231479e+01  6.832045e+01  1.283408e+02 
 2.211512e+00  1.526565e+01  4.149922e+01  6.690003e+01  1.254994e+02 
 2.242340e+00  1.501443e+01  4.075072e+01  6.557471e+01  1.228649e+02 
 2.273597e+00  1.474844e+01  3.997342e+01  6.418149e+01  1.202089e+02 
 2.305289e+00  1.451976e+01  3.920426e+01  6.289532e+01  1.176470e+02 
 2.337424e+00  1.427793e+01  3.843790e+01  6.157525e+01  1.151288e+02 
 2.370006e+00  1.403409e+01  3.769752e+01  6.032212e+01  1.126926e+02 
 2.403043e+00  1.378722e+01  3.697209e+01  5.902999e+01  1.101915e+02 
 2.436540e+00  1.356581e+01  3.626447e+01  5.780354e+01  1.077629e+02 
 2.470504e+00  1.333641e+01  3.555557e+01  5.655851e+01  1.053557e+02 
 2.504942e+00  1.311040e+01  3.486448e+01  5.537254e+01  1.030335e+02 
 2.539859e+00  1.289519e+01  3.415205e+01  5.415313e+01  1.006747e+02 
 2.575263e+00  1.266208e+01  3.344610e+01  5.301337e+01  9.844096e+01 
 2.611161e+00  1.245105e+01  3.276533e+01  5.181044e+01  9.619887e+01 
 2.647559e+00  1.223547e+01  3.208497e+01  5.064230e+01  9.394513e+01 
 2.684465e+00  1.202259e+01  3.143950e+01  4.951240e+01  9.177213e+01 
 2.721885e+00  1.180386e+01  3.075407e+01  4.840708e+01  8.964463e+01 
 2.759826e+00  1.159820e+01  3.009569e+01  4.729696e+01  8.755361e+01 
 2.798297e+00  1.139244e+01  2.946900e+01  4.623317e+01  8.555400e+01 
 2.837304e+00  1.119282e+01  2.883874e+01  4.517930e+01  8.354442e+01 
 2.876854e+00  1.099288e+01  2.821547e+01  4.414103e+01  8.159161e+01 
 2.916956e+00  1.079923e+01  2.761768e+01  4.312883e+01  7.963687e+01 
 2.957617e+00  1.061055e+01  2.703060e+01  4.215166e+01  7.777513e+01 
 2.998844e+00  1.042029e+01  2.645060e+01  4.117441e+01  7.592658e+01 
 3.040646e+00  1.023364e+01  2.587061e+01  4.021329e+01  7.417093e+01 
 3.083031e+00  1.004971e+01  2.529795e+01  3.927618e+01  7.240729e+01 
 3.126007e+00  9.870624e+00  2.474944e+01  3.835442e+01  7.065411e+01 
 3.169582e+00  9.687983e+00  2.418325e+01  3.742880e+01  6.895501e+01 
 3.213764e+00  9.508691e+00  2.364049e+01  3.653533e+01  6.728462e+01 
 3.258562e+00  9.328046e+00  2.311169e+01  3.565643e+01  6.564243e+01 
 3.303985e+00  9.152330e+00  2.257306e+01  3.479336e+01  6.403733e+01 
 3.350041e+00  8.980377e+00  2.204701e+01  3.393831e+01  6.245566e+01 
 3.396739e+00  8.806422e+00  2.153843e+01  3.311873e+01  6.090411e+01 
 3.444087e+00  8.640596e+00  2.103084e+01  3.229103e+01  5.939082e+01 
 3.492096e+00  8.475703e+00  2.054455e+01  3.150963e+01  5.794153e+01 
 3.540774e+00  8.308479e+00  2.006849e+01  3.074033e+01  5.650696e+01 
 3.590130e+00  8.150242e+00  1.959369e+01  2.997685e+01  5.511979e+01 
 3.640175e+00  7.994937e+00  1.913522e+01  2.924933e+01  5.375328e+01 
 3.690917e+00  7.837391e+00  1.869192e+01  2.851904e+01  5.242099e+01 
 3.742366e+00  7.684584e+00  1.824210e+01  2.781901e+01  5.114139e+01 
 3.794533e+00  7.535919e+00  1.781635e+01  2.713450e+01  4.987056e+01 
 3.847427e+00  7.386945e+00  1.738762e+01  2.645944e+01  4.864308e+01 
 3.901058e+00  7.236549e+00  1.697317e+01  2.580242e+01  4.742032e+01 
 3.955436e+00  7.094687e+00  1.656177e+01  2.514358e+01  4.621961e+01 
 4.010573e+00  6.947255e+00  1.615667e+01  2.451510e+01  4.506346e+01 
 4.066478e+00  6.804403e+00  1.575725e+01  2.388748e+01  4.391281e+01 
 4.123163e+00  6.662507e+00  1.537252e+01  2.327774e+01  4.279226e+01 
 4.180637e+00  6.524874e+00  1.499409e+01  2.268510e+01  4.169561e+01 
 4.238913e+00  6.388171e+00  1.461894e+01  2.210176e+01  4.063774e+01 
 4.298001e+00  6.251300e+00  1.425603e+01  2.153763e+01  3.959595e+01 
 4.357913e+00  6.122781e+00  1.390100e+01  2.098832e+01  3.859409e+01 
 4.418660e+00  5.992630e+00  1.355911e+01  2.045069e+01  3.761758e+01 
 4.480254e+00  5.864498e+00  1.322108e+01  1.992874e+01  3.666190e+01 
 4.542706e+00  5.741381e+00  1.289072e+01  1.941881e+01  3.573014e+01 
 4.606029e+00  5.618744e+00  1.257383e+01  1.892717e+01  3.483300e+01 
 4.670234e+00  5.498335e+00  1.226199e+01  1.835480e+01  3.395673e+01 
 4.735335e+00  5.380560e+00  1.195839e+01  1.798019e+01  3.309520e+01 
 4.801343e+00  5.266225e+00  1.166227e+01  1.752295e+01  3.225137e+01 
 4.868271e+00  5.151190e+00  1.136878e+01  1.707231e+01  3.142722e+01 
 4.936132e+00  5.037874e+00  1.108095e+01  1.663239e+01  3.062058e+01 
 5.004939e+00  4.925813e+00  1.080068e+01  1.620171e+01  2.983024e+01 
 5.074705e+00  4.814859e+00  1.052521e+01  1.577920e+01  2.905998e+01 
 5.145444e+00  4.707408e+00  1.025673e+01  1.536881e+01  2.830895e+01 
 5.217169e+00  4.600299e+00  9.993323e+00  1.496684e+01  2.756683e+01 
 5.289893e+00  4.497404e+00  9.738601e+00  1.458090e+01  2.685595e+01 
 5.363631e+00  4.394298e+00  9.489901e+00  1.419886e+01  2.615844e+01 
 5.438397e+00  4.295029e+00  9.247021e+00  1.383062e+01  2.547864e+01 
 5.514206e+00  4.197412e+00  9.011613e+00  1.347289e+01  2.482187e+01 
 5.591071e+00  4.101027e+00  8.783454e+00  1.312414e+01  2.418228e+01 
 5.669007e+00  4.008906e+00  8.560248e+00  1.278742e+01  2.356220e+01 
 5.748030e+00  3.917689e+00  8.344284e+00  1.245791e+01  2.295475e+01 
 5.828155e+00  3.828482e+00  8.133908e+00  1.213901e+01  2.236572e+01 
 5.909396e+00  3.741185e+00  7.928206e+00  1.182769e+01  2.179343e+01 
 5.991770e+00  3.655096e+00  7.726776e+00  1.152247e+01  2.123218e+01 
 6.075292e+00  3.570790e+00  7.530823e+00  1.122525e+01  2.068143e+01 
 6.159978e+00  3.487437e+00  7.338037e+00  1.093392e+01  2.014398e+01 
 6.245845e+00  3.405822e+00  7.149842e+00  1.064920e+01  1.961684e+01 
 6.332908e+00  3.325302e+00  6.964845e+00  1.037015e+01  1.910076e+01 
 6.421186e+00  3.246946e+00  6.785334e+00  1.009781e+01  1.859770e+01 
 6.510694e+00  3.169684e+00  6.609898e+00  9.833445e+00  1.810793e+01 
 6.601449e+00  3.094807e+00  6.439661e+00  9.575917e+00  1.763122e+01 
 6.693470e+00  3.021077e+00  6.273114e+00  9.324383e+00  1.716633e+01 
 6.786773e+00  2.949394e+00  6.111929e+00  9.080462e+00  1.671536e+01 
 6.881377e+00  2.879892e+00  5.955268e+00  8.843962e+00  1.627550e+01 
 6.977300e+00  2.811883e+00  5.803481e+00  8.615213e+00  1.584970e+01 
 7.074559e+00  2.746004e+00  5.655437e+00  8.391377e+00  1.543492e+01 
 7.173175e+00  2.681308e+00  5.512062e+00  8.174605e+00  1.503283e+01 
 7.273165e+00  2.618567e+00  5.372564e+00  7.964519e+00  1.464093e+01 
 7.374549e+00  2.557023e+00  5.236120e+00  7.758476e+00  1.425980e+01 
 7.477346e+00  2.496653e+00  5.103628e+00  7.558853e+00  1.388677e+01 
 7.581576e+00  2.437679e+00  4.972931e+00  7.362087e+00  1.352154e+01 
 7.687260e+00  2.379622e+00  4.845723e+00  7.169959e+00  1.316507e+01 
 7.794416e+00  2.322795e+00  4.721190e+00  6.981393e+00  1.281534e+01 
 7.903066e+00  2.267188e+00  4.599067e+00  6.797126e+00  1.247279e+01 
 8.013230e+00  2.212784e+00  4.480626e+00  6.618934e+00  1.213995e+01 
 8.124930e+00  2.159542e+00  4.364951e+00  6.444356e+00  1.181496e+01 
 8.238187e+00  2.107994e+00  4.252082e+00  6.274066e+00  1.149899e+01 
 8.353023e+00  2.057474e+00  4.142613e+00  6.108927e+00  1.119132e+01 
 8.469460e+00  2.008467e+00  4.036359e+00  5.948655e+00  1.089263e+01 
 8.587519e+00  1.960826e+00  3.932909e+00  5.792910e+00  1.060273e+01 
 8.707225e+00  1.914377e+00  3.832364e+00  5.641786e+00  1.032110e+01 
 8.828599e+00  1.869361e+00  3.735350e+00  5.495051e+00  1.004724e+01 
 8.951665e+00  1.825435e+00  3.640937e+00  5.352460e+00  9.781954e+00 
 9.076446e+00  1.782835e+00  3.549083e+00  5.214253e+00  9.524024e+00 
 9.202967e+00  1.741248e+00  3.459578e+00  5.079608e+00  9.272345e+00 
 9.331251e+00  1.700571e+00  3.372097e+00  4.947771e+00  9.026892e+00 
 9.461324e+00  0.000000e+00  0.000000e+00  0.000000e+00  0.000000e+00 
 9.593209e+00  0.000000e+00  0.000000e+00  0.000000e+00  0.000000e+00 
 9.726934e+00  0.000000e+00  0.000000e+00  0.000000e+00  0.000000e+00 
 9.862522e+00  0.000000e+00  0.000000e+00  0.000000e+00  0.000000e+00 
 1.000000e+01  0.000000e+00  0.000000e+00  0.000000e+00  0.000000e+00 
